D3570.contig1	192610	199277	3321
D3570.contig2	182766	280269	4637
D3570.contig3	135498	194316	3157
D3570.contig4	122130	80712	1246
D3570.contig5	110659	121964	2015
D3570.contig6	105176	50097	781
D3570.contig7	100568	69040	1098
D3570.contig8	95626	155674	2530
D3570.contig9	93893	82799	1355
D3570.contig10	90030	50613	896
D3570.contig11	88386	38391	771
D3570.contig12	84748	83604	1292
D3570.contig13	84444	125583	1888
D3570.contig14	79421	58383	859
D3570.contig15	76385	61669	956
D3570.contig16	76172	39325	628
D3570.contig17	73724	43900	724
D3570.contig18	68746	108487	1879
D3570.contig19	66716	181086	3014
D3570.contig20	66169	80908	1378
D3570.contig21	62077	60557	1102
D3570.contig22	61172	39297	653
D3570.contig23	59657	45275	667
D3570.contig24	57437	116507	1914
D3570.contig25	55840	32376	527
D3570.contig26	52482	27840	458
D3570.contig27	51202	86464	1357
D3570.contig28	51178	125793	2512
D3570.contig29	51111	69072	1115
D3570.contig30	50165	28367	493
D3570.contig31	49941	78460	1272
D3570.contig32	49880	41635	667
D3570.contig33	48996	31032	562
D3570.contig34	48831	15793	259
D3570.contig35	48525	40232	631
D3570.contig36	48193	26707	417
D3570.contig37	48056	28910	402
D3570.contig38	46834	20627	287
D3570.contig39	44882	22735	368
D3570.contig40	44598	22538	325
D3570.contig41	41711	35370	660
D3570.contig42	40264	21043	315
D3570.contig43	38501	22604	250
D3570.contig44	38368	23060	365
D3570.contig45	37838	43939	754
D3570.contig46	37826	46428	745
D3570.contig47	37466	57778	902
D3570.contig48	36490	17619	296
D3570.contig49	36164	38947	727
D3570.contig50	35577	14388	198
D3570.contig51	35075	256589	5283
D3570.contig52	34841	57743	1146
D3570.contig53	34430	19499	322
D3570.contig54	34063	107037	1663
D3570.contig55	33911	11772	209
D3570.contig56	33157	21620	514
D3570.contig57	32898	15871	241
D3570.contig58	32858	66880	1097
D3570.contig59	31999	50787	872
D3570.contig60	31330	28037	413
D3570.contig61	31077	25511	398
D3570.contig62	30989	72611	1299
D3570.contig63	30781	20039	325
D3570.contig64	30697	218985	3631
D3570.contig65	29959	10241	158
D3570.contig66	28536	9682	134
D3570.contig67	28470	12269	185
D3570.contig68	27890	5323	89
D3570.contig69	27732	5838	89
D3570.contig70	27047	13353	228
D3570.contig71	25702	91230	1531
D3570.contig72	25428	25585	431
D3570.contig73	25162	7588	112
D3570.contig74	24771	7236	111
D3570.contig75	24223	6369	105
D3570.contig76	24185	19989	294
D3570.contig77	23960	178420	3271
D3570.contig78	23806	8101	131
D3570.contig79	23436	7141	129
D3570.contig80	22691	28757	465
D3570.contig81	21349	14791	235
D3570.contig82	20971	8028	140
D3570.contig83	20061	13319	217
D3570.contig84	19604	10979	231
D3570.contig85	19203	10074	160
D3570.contig86	18997	4014	78
D3570.contig87	18900	17268	315
D3570.contig88	18363	10322	201
D3570.contig89	17495	79647	1827
D3570.contig90	17416	7913	125
D3570.contig91	17288	3385	59
D3570.contig92	16303	3335	69
D3570.contig93	16294	9153	144
D3570.contig94	16220	9654	234
D3570.contig95	15612	4146	82
D3570.contig96	15259	5267	105
D3570.contig97	15156	5407	79
D3570.contig98	14772	3094	51
D3570.contig99	14531	100166	1997
D3570.contig100	14335	6645	107
D3570.contig101	14103	10252	183
D3570.contig102	14046	23371	415
D3570.contig103	13815	3500	52
D3570.contig104	13745	2540	40
D3570.contig105	13693	51241	944
D3570.contig106	13540	64118	1201
D3570.contig107	13446	7389	129
D3570.contig108	13306	2860	50
D3570.contig109	13210	10806	173
D3570.contig110	12921	4455	56
D3570.contig111	11990	2680	51
D3570.contig112	11940	67765	1275
D3570.contig113	11894	2122	39
D3570.contig114	11792	14373	182
D3570.contig115	11626	8582	147
D3570.contig116	11413	3291	65
D3570.contig117	11383	4136	76
D3570.contig118	11186	22199	321
D3570.contig119	11144	2748	55
D3570.contig120	10948	3383	51
D3570.contig121	10895	5317	93
D3570.contig122	10692	2501	48
D3570.contig123	10373	4211	76
D3570.contig124	10288	3015	51
D3570.contig125	10268	1662	31
D3570.contig126	10199	6667	93
D3570.contig127	10018	1757	34
D3570.contig128	9718	68444	1308
D3570.contig129	9453	2069	40
D3570.contig130	9336	1101	20
D3570.contig131	9319	61568	1130
D3570.contig132	9234	81312	1236
D3570.contig133	9030	1111	19
D3570.contig134	8906	44509	623
D3570.contig135	8716	1732	41
D3570.contig136	8672	6497	88
D3570.contig137	8625	1720	58
D3570.contig138	8264	1296	21
D3570.contig139	8222	2966	78
D3570.contig140	8212	5174	84
D3570.contig141	7973	7105	135
D3570.contig142	7874	31318	517
D3570.contig143	7845	2104	48
D3570.contig144	7710	1178	32
D3570.contig145	7655	16648	254
D3570.contig146	7602	2675	46
D3570.contig147	7575	4923	71
D3570.contig148	7530	1151	38
D3570.contig149	7482	3685	70
D3570.contig150	7146	1867	27
D3570.contig151	7137	72452	1443
D3570.contig152	7113	14158	219
D3570.contig153	7004	3789	50
D3570.contig154	6904	18835	402
D3570.contig155	6891	746	19
D3570.contig156	6805	1134	9
D3570.contig157	6746	3455	62
D3570.contig158	6650	786	14
D3570.contig159	6647	2483	36
D3570.contig160	6604	4280	76
D3570.contig161	6595	932	29
D3570.contig162	6499	2319	52
D3570.contig163	6484	1075	27
D3570.contig164	6351	741	22
D3570.contig165	6289	3074	48
D3570.contig166	6277	4818	74
D3570.contig167	6214	32609	943
D3570.contig168	6132	2048	60
D3570.contig169	6096	2189	27
D3570.contig170	6011	16733	273
D3570.contig171	5984	892	31
D3570.contig172	5869	2910	65
D3570.contig173	5647	641	18
D3570.contig174	5558	1456	31
D3570.contig175	5550	955	24
D3570.contig176	5548	50323	1009
D3570.contig177	5383	1045	19
D3570.contig178	5356	1282	23
D3570.contig179	5346	18318	313
D3570.contig180	5326	782	18
D3570.contig181	5263	26382	333
D3570.contig182	5252	10583	191
D3570.contig183	5220	1177	38
D3570.contig184	5093	850	17
D3570.contig185	5067	1084	13
D3570.contig186	5038	2374725	98547
D3570.contig187	4998	533	9
D3570.contig188	4943	1876	35
D3570.contig189	4884	575	13
D3570.contig190	4839	2059	26
D3570.contig191	4835	665	12
D3570.contig192	4817	636	20
D3570.contig193	4739	595	16
D3570.contig194	4736	52987	1038
D3570.contig195	4728	26660	502
D3570.contig196	4719	465	11
D3570.contig197	4707	858	18
D3570.contig198	4638	1172	29
D3570.contig199	4592	798	21
D3570.contig200	4584	11740	150
D3570.contig201	4525	474	9
D3570.contig202	4454	18576	467
D3570.contig203	4195	449	8
D3570.contig204	4167	416	18
D3570.contig205	4166	3548	41
D3570.contig206	4162	25284	525
D3570.contig207	4076	1624	55
D3570.contig208	3975	371	12
D3570.contig209	3957	849	23
D3570.contig210	3931	14410	280
D3570.contig211	3913	413	10
D3570.contig212	3862	1173	21
D3570.contig213	3832	847	16
D3570.contig214	3826	374	10
D3570.contig215	3814	426	9
D3570.contig216	3798	474	6
D3570.contig217	3742	833	12
D3570.contig218	3706	12855	274
D3570.contig219	3660	752	24
D3570.contig220	3655	24186	562
D3570.contig221	3543	37761	836
D3570.contig222	3518	1222	30
D3570.contig223	3503	63867	1029
D3570.contig224	3471	876	11
D3570.contig225	3464	416	10
D3570.contig226	3354	325	10
D3570.contig227	3276	309	14
D3570.contig228	3214	19804	345
D3570.contig229	3167	338	17
D3570.contig230	3137	1680	88
D3570.contig231	3067	232	6
D3570.contig232	3054	1158	17
D3570.contig233	3050	291	14
D3570.contig234	3009	273	10
D3570.contig235	2986	2204	42
D3570.contig236	2978	681	16
D3570.contig237	2976	317	10
D3570.contig238	2975	2601	64
D3570.contig239	2917	286	9
D3570.contig240	2872	1402	32
D3570.contig241	2793	271	9
D3570.contig242	2788	266	12
D3570.contig243	2750	184	12
D3570.contig244	2750	9895	100
D3570.contig245	2706	12520	209
D3570.contig246	2705	281	5
D3570.contig247	2652	341	6
D3570.contig248	2597	708	19
D3570.contig249	2549	475	14
D3570.contig250	2549	11230	226
D3570.contig251	2495	426	9
D3570.contig252	2491	220	13
D3570.contig253	2433	1779	34
D3570.contig254	2416	172	4
D3570.contig255	2376	248	14
D3570.contig256	2353	235	3
D3570.contig257	2322	360	7
D3570.contig258	2312	191	12
D3570.contig259	2288	17073	275
D3570.contig260	2266	41350	1100
D3570.contig261	2208	800	9
D3570.contig262	2168	5284	159
D3570.contig263	2166	574	6
D3570.contig264	2156	305	9
D3570.contig265	2099	179	7
D3570.contig266	2088	146	10
D3570.contig267	2055	876	28
D3570.contig268	2032	152	9
D3570.contig269	2008	1211	15
D3570.contig270	1986	244	10
D3570.contig271	1973	210	8
D3570.contig272	1956	10800	254
D3570.contig273	1940	140	7
D3570.contig274	1923	513	12
D3570.contig275	1922	8957	193
D3570.contig276	1899	154	7
D3570.contig277	1897	136	8
D3570.contig278	1878	126	4
D3570.contig279	1860	162	2
D3570.contig280	1858	6809	143
D3570.contig281	1857	281	5
D3570.contig282	1847	34130	632
D3570.contig283	1837	5630	119
D3570.contig284	1832	7758	180
D3570.contig285	1809	465	18
D3570.contig286	1789	12159	472
D3570.contig287	1766	138	5
D3570.contig288	1743	143	6
D3570.contig289	1729	15483	242
D3570.contig290	1726	189	4
D3570.contig291	1721	153	8
D3570.contig292	1713	124	8
D3570.contig293	1696	172	4
D3570.contig294	1696	428	10
D3570.contig295	1685	149	9
D3570.contig296	1678	109	7
D3570.contig297	1658	104	8
D3570.contig298	1623	178	14
D3570.contig299	1582	89	12
D3570.contig300	1574	12785	454
D3570.contig301	1567	102	13
D3570.contig302	1560	196	10
D3570.contig303	1529	123	6
D3570.contig304	1519	123	5
D3570.contig305	1514	134	11
D3570.contig306	1503	10314	244
D3570.contig307	1485	112	13
D3570.contig308	1459	153	3
D3570.contig309	1459	1080	13
D3570.contig310	1454	112	10
D3570.contig311	1438	139	10
D3570.contig312	1433	318	9
D3570.contig313	1422	210	6
D3570.contig314	1414	219	9
D3570.contig315	1411	6508	253
D3570.contig316	1407	6657	118
D3570.contig317	1393	111	4
D3570.contig318	1383	124	7
D3570.contig319	1355	118	9
D3570.contig320	1345	68	8
D3570.contig321	1342	90	5
D3570.contig322	1341	93	6
D3570.contig323	1336	111	3
D3570.contig324	1329	171	8
D3570.contig325	1327	3510	78
D3570.contig326	1319	75	5
D3570.contig327	1318	24447	447
D3570.contig328	1312	110	11
D3570.contig329	1312	71	7
D3570.contig330	1299	176	6
D3570.contig331	1281	141	14
D3570.contig332	1280	17921	529
D3570.contig333	1274	57	10
D3570.contig334	1271	486	22
D3570.contig335	1239	11855	421
D3570.contig336	1234	87	7
D3570.contig337	1221	70	7
D3570.contig338	1215	190	7
D3570.contig339	1172	75	10
D3570.contig340	1171	2771	56
D3570.contig341	1169	63	11
D3570.contig342	1154	67	11
D3570.contig343	1145	89	15
D3570.contig344	1144	75	5
D3570.contig345	1129	45	9
D3570.contig346	1115	120	8
D3570.contig347	1098	84	8
D3570.contig348	1055	60	2
D3570.contig349	1043	79	5
D3570.contig350	1035	47	4
D3570.contig351	1033	89	1
D3570.contig352	1032	71	8
D3570.contig353	1031	57	6
D3570.contig354	1027	62	7
D3570.contig355	1018	2199	43
D3570.contig356	1015	48	2
D3570.contig357	1014	1556	23
D3570.contig358	1009	77	5
D3570.contig359	1003	64	10
D3570.contig360	997	81	5
D3570.contig361	975	52	7
D3570.contig362	975	45	1
D3570.contig363	971	26	6
D3570.contig364	968	53	7
D3570.contig365	968	45	3
D3570.contig366	966	57	6
D3570.contig367	961	60	6
D3570.contig368	954	141	3
D3570.contig369	952	84	7
D3570.contig370	947	56	5
D3570.contig371	945	70	5
D3570.contig372	944	54	10
D3570.contig373	921	87	12
D3570.contig374	918	4676	222
D3570.contig375	911	42	6
D3570.contig376	909	3156	71
D3570.contig377	908	48	6
D3570.contig378	900	58	2
D3570.contig379	899	81	5
D3570.contig380	892	51	5
D3570.contig381	892	56	9
D3570.contig382	891	78	5
D3570.contig383	886	65	5
D3570.contig384	885	47	2
D3570.contig385	881	47	8
D3570.contig386	880	66	4
D3570.contig387	865	74	10
D3570.contig388	864	56	12
D3570.contig389	860	32	1
D3570.contig390	857	108	12
D3570.contig391	856	52	5
D3570.contig392	853	96	3
D3570.contig393	837	39	1
D3570.contig394	826	8320	217
D3570.contig395	821	33	5
D3570.contig396	820	9570	257
D3570.contig397	819	86	7
D3570.contig398	817	105	9
D3570.contig399	810	65	7
D3570.contig400	810	46	7
D3570.contig401	808	32	9
D3570.contig402	804	54	5
D3570.contig403	794	45	7
D3570.contig404	793	79	4
D3570.contig405	793	73	8
D3570.contig406	787	41	3
D3570.contig407	785	43	2
D3570.contig408	778	35	12
D3570.contig409	773	17435	940
D3570.contig410	773	35	4
D3570.contig411	772	30	8
D3570.contig412	771	30	4
D3570.contig413	768	35	13
D3570.contig414	767	2162	41
D3570.contig415	766	63	5
D3570.contig416	764	49	6
D3570.contig417	764	50	10
D3570.contig418	754	53	9
D3570.contig419	753	53	5
D3570.contig420	752	28	8
D3570.contig421	752	55	3
D3570.contig422	747	3586	137
D3570.contig423	746	37	3
D3570.contig424	740	6655	197
D3570.contig425	735	20	17
D3570.contig426	733	38	1
D3570.contig427	732	25	11
D3570.contig428	730	41	2
D3570.contig429	729	2377	80
D3570.contig430	726	64	6
D3570.contig431	713	40	0
D3570.contig432	712	47	5
D3570.contig433	706	31	2
D3570.contig434	699	408	4
D3570.contig435	697	35	7
D3570.contig436	696	30	13
D3570.contig437	694	97	8
D3570.contig438	693	46	2
D3570.contig439	692	6049	182
D3570.contig440	691	65	6
D3570.contig441	687	26	8
D3570.contig442	681	51	4
D3570.contig443	681	6441	105
D3570.contig444	677	31	11
D3570.contig445	676	57	4
D3570.contig446	675	50	5
D3570.contig447	674	28	4
D3570.contig448	674	22	6
D3570.contig449	668	46	1
D3570.contig450	668	226	41
D3570.contig451	668	44	15
D3570.contig452	665	40	7
D3570.contig453	663	45	10
D3570.contig454	663	35	3
D3570.contig455	650	39	6
D3570.contig456	650	29	6
D3570.contig457	638	43	5
D3570.contig458	637	29	8
D3570.contig459	634	45	3
D3570.contig460	631	19	5
D3570.contig461	630	52	5
D3570.contig462	623	21	5
D3570.contig463	623	42	4
D3570.contig464	620	24	9
D3570.contig465	618	21	10
D3570.contig466	614	36	6
D3570.contig467	614	3816	98
D3570.contig468	614	20	4
D3570.contig469	613	39	7
D3570.contig470	610	76	12
D3570.contig471	610	44	4
D3570.contig472	610	29	2
D3570.contig473	609	28	5
D3570.contig474	607	33	6
D3570.contig475	606	7008	234
D3570.contig476	599	32	5
D3570.contig477	598	27	3
D3570.contig478	596	1729	71
D3570.contig479	595	35	5
D3570.contig480	593	2796	50
D3570.contig481	591	49	9
D3570.contig482	587	19	5
D3570.contig483	580	20	8
D3570.contig484	580	3510	74
D3570.contig485	580	6002	341
D3570.contig486	578	22	1
D3570.contig487	574	25	7
D3570.contig488	573	35	4
D3570.contig489	571	24	6
D3570.contig490	569	18	6
D3570.contig491	569	21	7
D3570.contig492	567	18	6
D3570.contig493	563	27	5
D3570.contig494	559	21	20
D3570.contig495	557	18	10
D3570.contig496	557	9063	261
D3570.contig497	554	27	9
D3570.contig498	553	635	48
D3570.contig499	553	374	44
D3570.contig500	548	23	9
D3570.contig501	547	34	7
D3570.contig502	545	31	3
D3570.contig503	544	41	5
D3570.contig504	539	26	10
D3570.contig505	537	16	2
D3570.contig506	526	29	10
D3570.contig507	525	1274	25
D3570.contig508	525	30	6
D3570.contig509	522	25	6
D3570.contig510	521	29	4
D3570.contig511	516	31	5
D3570.contig512	513	3879	93
D3570.contig513	513	15	5
D3570.contig514	511	33	12
D3570.contig515	505	71	8
D3570.contig516	504	23	4
D3570.contig517	503	19	2
D3570.contig518	497	2798	59
D3570.contig519	495	15	4
D3570.contig520	492	17	0
D3570.contig521	490	14	10
D3570.contig522	488	31	7
D3570.contig523	487	42	14
D3570.contig524	486	16	5
D3570.contig525	486	46	4
D3570.contig526	486	15	7
D3570.contig527	484	33	1
D3570.contig528	484	14	6
D3570.contig529	484	20	8
D3570.contig530	481	19073	729
D3570.contig531	479	33	11
D3570.contig532	478	24	2
D3570.contig533	478	30	6
D3570.contig534	476	18	5
D3570.contig535	476	4	4
D3570.contig536	476	26	3
D3570.contig537	474	2417	10
D3570.contig538	474	24	5
D3570.contig539	473	20	5
D3570.contig540	473	17	6
D3570.contig541	472	27	7
D3570.contig542	471	19	4
D3570.contig543	469	12	4
D3570.contig544	469	15	3
D3570.contig545	464	18	10
D3570.contig546	463	39	4
D3570.contig547	459	16	6
D3570.contig548	458	6	2
D3570.contig549	458	15	3
D3570.contig550	457	15	5
D3570.contig551	456	29	13
D3570.contig552	455	9	7
D3570.contig553	455	20	5
D3570.contig554	454	26	5
D3570.contig555	452	16	6
D3570.contig556	451	25	5
D3570.contig557	449	6872	165
D3570.contig558	448	8	2
D3570.contig559	448	191	20
D3570.contig560	447	16	7
D3570.contig561	447	13	4
D3570.contig562	445	12	6
D3570.contig563	443	33	3
D3570.contig564	442	22	12
D3570.contig565	442	17	6
D3570.contig566	441	6314	118
D3570.contig567	441	5207	133
D3570.contig568	440	18	3
D3570.contig569	440	27	6
D3570.contig570	440	27	0
D3570.contig571	437	49	17
D3570.contig572	436	21	9
D3570.contig573	433	9	3
D3570.contig574	430	34	1
D3570.contig575	430	5919	117
D3570.contig576	429	21	6
D3570.contig577	429	13	6
D3570.contig578	427	23	10
D3570.contig579	427	25	7
D3570.contig580	425	1392	22
D3570.contig581	424	20	5
D3570.contig582	424	26	4
D3570.contig583	423	20	8
D3570.contig584	423	16	1
D3570.contig585	422	19	2
D3570.contig586	421	12	4
D3570.contig587	420	16	1
D3570.contig588	420	18	5
D3570.contig589	420	24	2
D3570.contig590	419	28	2
D3570.contig591	417	21	8
D3570.contig592	417	14	6
D3570.contig593	416	12	8
D3570.contig594	415	9	2
D3570.contig595	414	12	2
D3570.contig596	413	14	2
D3570.contig597	412	11	9
D3570.contig598	411	14	1
D3570.contig599	410	9	9
D3570.contig600	410	10	4
D3570.contig601	409	15	1
D3570.contig602	408	11	7
D3570.contig603	406	836	20
D3570.contig604	403	25	5
D3570.contig605	402	11	3
D3570.contig606	402	4652	172
D3570.contig607	400	12	4
D3570.contig608	398	4555	117
D3570.contig609	398	36	3
D3570.contig610	398	18	3
D3570.contig611	396	12	2
D3570.contig612	396	13	3
D3570.contig613	395	13	7
D3570.contig614	395	23	7
D3570.contig615	393	17	4
D3570.contig616	392	12	4
D3570.contig617	391	7	4
D3570.contig618	389	230	4
D3570.contig619	388	15	10
D3570.contig620	387	4072	157
D3570.contig621	384	8	3
D3570.contig622	382	21	5
D3570.contig623	381	13	6
D3570.contig624	380	2512	91
D3570.contig625	379	10	6
D3570.contig626	379	13	5
D3570.contig627	378	15	7
D3570.contig628	377	20	4
D3570.contig629	377	8	8
D3570.contig630	377	11	3
D3570.contig631	376	1689	61
D3570.contig632	376	21	4
D3570.contig633	375	14	6
D3570.contig634	375	15	7
D3570.contig635	374	12	6
D3570.contig636	373	6	6
D3570.contig637	372	7	3
D3570.contig638	372	22	3
D3570.contig639	371	12	1
D3570.contig640	371	7	3
D3570.contig641	369	19	10
D3570.contig642	368	24	6
D3570.contig643	368	14	9
D3570.contig644	368	9	2
D3570.contig645	367	10	6
D3570.contig646	366	21	6
D3570.contig647	364	9	2
D3570.contig648	363	12	1
D3570.contig649	363	4	2
D3570.contig650	362	10	4
D3570.contig651	360	22	7
D3570.contig652	360	9	6
D3570.contig653	359	11	3
D3570.contig654	359	12	0
D3570.contig655	357	15	3
D3570.contig656	356	8	7
D3570.contig657	356	14	5
D3570.contig658	355	12	2
D3570.contig659	355	8	6
D3570.contig660	354	15	4
D3570.contig661	353	61	3
D3570.contig662	353	6	4
D3570.contig663	351	10	4
D3570.contig664	350	576	67
D3570.contig665	349	13	6
D3570.contig666	349	15	5
D3570.contig667	348	2657	35
D3570.contig668	348	16	3
D3570.contig669	347	13	8
D3570.contig670	347	15	2
D3570.contig671	346	13	2
D3570.contig672	345	146	17
D3570.contig673	343	6	2
D3570.contig674	343	4840	132
D3570.contig675	341	13	5
D3570.contig676	341	11	3
D3570.contig677	341	12	4
D3570.contig678	341	11	7
D3570.contig679	341	180	2
D3570.contig680	341	11	5
D3570.contig681	340	860	86
D3570.contig682	338	8	6
D3570.contig683	338	7	5
D3570.contig684	338	14	6
D3570.contig685	337	8	4
D3570.contig686	337	13	4
D3570.contig687	337	11	7
D3570.contig688	336	7	5
D3570.contig689	336	2008	78
D3570.contig690	335	10	6
D3570.contig691	335	10	7
D3570.contig692	335	6	1
D3570.contig693	333	10	4
D3570.contig694	333	5	3
D3570.contig695	333	36	3
D3570.contig696	332	9	1
D3570.contig697	332	10	4
D3570.contig698	332	6	2
D3570.contig699	331	12	2
D3570.contig700	331	10	2
D3570.contig701	330	8	4
D3570.contig702	329	12	5
D3570.contig703	329	5	5
D3570.contig704	329	14	8
D3570.contig705	329	10	6
D3570.contig706	327	11	5
D3570.contig707	326	12	6
D3570.contig708	326	2504	207
D3570.contig709	325	12	6
D3570.contig710	325	11	7
D3570.contig711	325	15	2
D3570.contig712	324	7	3
D3570.contig713	323	9	7
D3570.contig714	323	12	6
D3570.contig715	322	7	2
D3570.contig716	322	17	11
D3570.contig717	321	14	6
D3570.contig718	321	14	3
D3570.contig719	320	16	2
D3570.contig720	320	11	2
D3570.contig721	320	5	5
D3570.contig722	320	3024	74
D3570.contig723	320	8	3
D3570.contig724	320	21	8
D3570.contig725	320	18	7
D3570.contig726	319	6	4
D3570.contig727	319	6	4
D3570.contig728	319	8	6
D3570.contig729	319	4	4
D3570.contig730	319	5	5
D3570.contig731	318	7	3
D3570.contig732	318	8	2
D3570.contig733	318	7	3
D3570.contig734	318	7	3
D3570.contig735	318	11	6
D3570.contig736	318	17	8
D3570.contig737	317	13	1
D3570.contig738	317	11	5
D3570.contig739	317	10	6
D3570.contig740	316	8	6
D3570.contig741	316	7	7
D3570.contig742	316	7	3
D3570.contig743	315	259	21
D3570.contig744	315	13	9
D3570.contig745	314	4	4
D3570.contig746	314	11	5
D3570.contig747	311	12	10
D3570.contig748	311	8	1
D3570.contig749	309	7	5
D3570.contig750	309	13	3
D3570.contig751	309	189	1
D3570.contig752	308	11	2
D3570.contig753	307	174	5
D3570.contig754	307	7	2
D3570.contig755	306	9	4
D3570.contig756	305	17	2
D3570.contig757	305	110	16
D3570.contig758	305	7	5
D3570.contig759	304	153	3
D3570.contig760	304	6	6
D3570.contig761	304	9	3
D3570.contig762	304	40	2
D3570.contig763	303	29	3
D3570.contig764	302	13	5
D3570.contig765	302	9	4
D3570.contig766	302	928	30
D3570.contig767	301	10	6
D3570.contig768	301	14	6
D3570.contig769	300	8	6
D3570.contig770	300	8	1
D3570.contig771	300	6	2
D3570.contig772	300	6	4
*	0	0	64318
