D3404.contig1	117266	164344	7846
D3404.contig2	94134	110811	5302
D3404.contig3	75114	82003	4163
D3404.contig4	72462	80	5
D3404.contig5	68677	81981	4126
D3404.contig6	66807	39917	1954
D3404.contig7	62888	86092	4340
D3404.contig8	60464	27548	1283
D3404.contig9	53763	93866	4418
D3404.contig10	53325	163117	8365
D3404.contig11	53204	37124	1743
D3404.contig12	51711	59749	2929
D3404.contig13	51378	127592	6856
D3404.contig14	46886	0	0
D3404.contig15	46690	35465	2012
D3404.contig16	45664	67377	3252
D3404.contig17	43958	5	2
D3404.contig18	42576	0	0
D3404.contig19	42520	49325	2973
D3404.contig20	42468	59242	3392
D3404.contig21	42418	30380	1595
D3404.contig22	42283	66495	3283
D3404.contig23	42213	20	6
D3404.contig24	41954	36212	1870
D3404.contig25	41828	52909	2852
D3404.contig26	40789	171022	7803
D3404.contig27	40735	48546	2428
D3404.contig28	39916	74271	3066
D3404.contig29	39160	1	1
D3404.contig30	38224	22377	1086
D3404.contig31	37603	79257	4100
D3404.contig32	37098	36897	2052
D3404.contig33	36533	1	1
D3404.contig34	35956	55845	2607
D3404.contig35	35867	18478	851
D3404.contig36	35683	178777	7188
D3404.contig37	34616	13157	698
D3404.contig38	34605	10	3
D3404.contig39	34074	106415	4928
D3404.contig40	33543	96328	4478
D3404.contig41	33472	10	1
D3404.contig42	31153	44755	2216
D3404.contig43	31144	27297	1383
D3404.contig44	31120	14026	815
D3404.contig45	30199	12944	901
D3404.contig46	29404	19116	1042
D3404.contig47	29363	23389	1177
D3404.contig48	28985	18913	936
D3404.contig49	28780	0	0
D3404.contig50	28685	13005	695
D3404.contig51	28496	21095	1066
D3404.contig52	28470	19543	957
D3404.contig53	28129	6	3
D3404.contig54	27704	30789	1663
D3404.contig55	27624	23052	1128
D3404.contig56	27618	15862	699
D3404.contig57	27612	15067	737
D3404.contig58	27595	49764	2138
D3404.contig59	26860	0	0
D3404.contig60	26286	2	0
D3404.contig61	25664	9	5
D3404.contig62	25348	27115	1710
D3404.contig63	25085	18454	1006
D3404.contig64	25023	7540	436
D3404.contig65	24929	0	0
D3404.contig66	24655	33243	1451
D3404.contig67	24509	26895	1302
D3404.contig68	24278	12309	654
D3404.contig69	24254	36135	1436
D3404.contig70	23901	16906	755
D3404.contig71	23861	43427	2113
D3404.contig72	23661	132113	6877
D3404.contig73	23495	13294	616
D3404.contig74	23117	12023	619
D3404.contig75	22847	22551	1092
D3404.contig76	22727	111016	4033
D3404.contig77	22594	34985	1786
D3404.contig78	22575	17725	885
D3404.contig79	22501	32073	1623
D3404.contig80	22445	8421	387
D3404.contig81	22317	21541	1250
D3404.contig82	22030	3	0
D3404.contig83	21962	43019	2109
D3404.contig84	21956	5294	262
D3404.contig85	21890	17662	964
D3404.contig86	21275	0	0
D3404.contig87	21220	13439	609
D3404.contig88	21199	0	0
D3404.contig89	21170	18967	866
D3404.contig90	21163	9786	496
D3404.contig91	21132	0	0
D3404.contig92	20862	73513	3479
D3404.contig93	20607	12710	637
D3404.contig94	20318	30417	1742
D3404.contig95	20312	27610	1162
D3404.contig96	19973	0	0
D3404.contig97	19569	0	0
D3404.contig98	19516	11630	537
D3404.contig99	19436	9	3
D3404.contig100	19344	7	3
D3404.contig101	19255	16711	868
D3404.contig102	19024	6636	347
D3404.contig103	18956	21015	949
D3404.contig104	18931	12362	454
D3404.contig105	18930	13062	665
D3404.contig106	18922	5	1
D3404.contig107	18850	22195	1175
D3404.contig108	18724	18727	864
D3404.contig109	18489	9	1
D3404.contig110	18177	8758	406
D3404.contig111	17815	14194	784
D3404.contig112	17610	11577	523
D3404.contig113	17593	18301	930
D3404.contig114	17328	6130	380
D3404.contig115	17157	0	0
D3404.contig116	16933	6883	276
D3404.contig117	16558	29726	1328
D3404.contig118	16517	10624	513
D3404.contig119	16483	8538	503
D3404.contig120	16427	0	0
D3404.contig121	16362	10693	512
D3404.contig122	16193	10760	500
D3404.contig123	16013	58447	3295
D3404.contig124	15803	5603	336
D3404.contig125	15800	0	0
D3404.contig126	15501	7540	353
D3404.contig127	15442	0	0
D3404.contig128	15196	9523	421
D3404.contig129	15070	14162	664
D3404.contig130	15065	0	0
D3404.contig131	15023	0	0
D3404.contig132	14963	0	0
D3404.contig133	14853	130509	6717
D3404.contig134	14456	7683	438
D3404.contig135	14424	32104	1653
D3404.contig136	14296	12709	624
D3404.contig137	14265	7137	365
D3404.contig138	14171	4330	186
D3404.contig139	14160	57458	2819
D3404.contig140	14001	17357	1101
D3404.contig141	13935	10317	866
D3404.contig142	13792	0	0
D3404.contig143	13684	0	0
D3404.contig144	13509	11768	652
D3404.contig145	13460	16503	705
D3404.contig146	13359	54402	3082
D3404.contig147	13159	44028	2322
D3404.contig148	13077	11818	561
D3404.contig149	12959	5596	263
D3404.contig150	12931	7005	362
D3404.contig151	12772	11299	567
D3404.contig152	12626	11449	553
D3404.contig153	12621	41	6
D3404.contig154	12498	4572	156
D3404.contig155	12289	7864	360
D3404.contig156	12282	8163	400
D3404.contig157	12208	4227	259
D3404.contig158	12022	0	0
D3404.contig159	11973	3565	160
D3404.contig160	11946	3762	175
D3404.contig161	11899	6851	287
D3404.contig162	11861	9349	414
D3404.contig163	11563	6133	288
D3404.contig164	11535	7153	377
D3404.contig165	11338	5726	339
D3404.contig166	11326	13216	735
D3404.contig167	11305	18	2
D3404.contig168	11284	3019	124
D3404.contig169	11204	89	4
D3404.contig170	11176	19809	1087
D3404.contig171	10829	4604	243
D3404.contig172	10826	2	0
D3404.contig173	10708	5892	274
D3404.contig174	10656	4522	229
D3404.contig175	10613	0	0
D3404.contig176	10462	0	0
D3404.contig177	10450	4786	195
D3404.contig178	10438	0	0
D3404.contig179	10390	5183	302
D3404.contig180	10321	2931	129
D3404.contig181	10315	273986	132860
D3404.contig182	10188	21354	1156
D3404.contig183	10126	0	0
D3404.contig184	10069	2031	132
D3404.contig185	10032	0	0
D3404.contig186	10013	2044	152
D3404.contig187	10002	15185	940
D3404.contig188	9992	5171	263
D3404.contig189	9842	5189	246
D3404.contig190	9768	2416	114
D3404.contig191	9689	8876	2443
D3404.contig192	9626	4326	181
D3404.contig193	9539	14	2
D3404.contig194	9527	4878	214
D3404.contig195	9503	0	0
D3404.contig196	9483	0	0
D3404.contig197	9428	0	0
D3404.contig198	9305	28430	1415
D3404.contig199	9197	9821	422
D3404.contig200	9129	2	0
D3404.contig201	9084	41107	2039
D3404.contig202	8989	3671	190
D3404.contig203	8840	1875	88
D3404.contig204	8819	0	0
D3404.contig205	8805	0	0
D3404.contig206	8749	6289	319
D3404.contig207	8689	0	0
D3404.contig208	8505	1051	37
D3404.contig209	8442	4699	203
D3404.contig210	8291	0	0
D3404.contig211	8286	8159	514
D3404.contig212	8211	2255	122
D3404.contig213	8188	2924	186
D3404.contig214	8173	0	0
D3404.contig215	8105	4918	298
D3404.contig216	8058	0	0
D3404.contig217	7992	0	0
D3404.contig218	7914	16	3
D3404.contig219	7911	0	0
D3404.contig220	7881	0	0
D3404.contig221	7868	0	0
D3404.contig222	7860	7753	459
D3404.contig223	7844	0	0
D3404.contig224	7791	5572	285
D3404.contig225	7768	1748	70
D3404.contig226	7708	8996	403
D3404.contig227	7707	0	0
D3404.contig228	7630	6481	273
D3404.contig229	7579	5500	262
D3404.contig230	7511	1448	80
D3404.contig231	7438	0	0
D3404.contig232	7363	8939	479
D3404.contig233	7319	43423	2283
D3404.contig234	7307	4005	238
D3404.contig235	7295	1382	86
D3404.contig236	7285	17	7
D3404.contig237	7280	51982	2759
D3404.contig238	7275	5379	197
D3404.contig239	7175	7715	396
D3404.contig240	7161	1461	86
D3404.contig241	7122	1776	115
D3404.contig242	7122	34307	1691
D3404.contig243	7070	4924	232
D3404.contig244	7016	6362	287
D3404.contig245	6982	1802	84
D3404.contig246	6973	2065	68
D3404.contig247	6944	4713	270
D3404.contig248	6937	333	17
D3404.contig249	6898	1662	91
D3404.contig250	6881	2039	102
D3404.contig251	6835	2194	103
D3404.contig252	6796	0	0
D3404.contig253	6786	2899	172
D3404.contig254	6768	0	0
D3404.contig255	6677	738	46
D3404.contig256	6606	977	40
D3404.contig257	6573	0	0
D3404.contig258	6482	0	0
D3404.contig259	6467	0	0
D3404.contig260	6462	1056	45
D3404.contig261	6428	25	8
D3404.contig262	6420	11	8
D3404.contig263	6333	986	49
D3404.contig264	6325	2105	131
D3404.contig265	6323	3120	139
D3404.contig266	6246	0	0
D3404.contig267	6185	4214	217
D3404.contig268	6169	0	0
D3404.contig269	6157	2	0
D3404.contig270	6113	47730	2334
D3404.contig271	6095	2043	72
D3404.contig272	6071	2056	106
D3404.contig273	6051	0	0
D3404.contig274	5966	2778	157
D3404.contig275	5939	0	0
D3404.contig276	5913	0	0
D3404.contig277	5868	1371	85
D3404.contig278	5784	964	63
D3404.contig279	5762	2312	108
D3404.contig280	5727	2	0
D3404.contig281	5718	542	30
D3404.contig282	5673	0	0
D3404.contig283	5663	1925	130
D3404.contig284	5651	1768	91
D3404.contig285	5622	32	20
D3404.contig286	5610	48482	2759
D3404.contig287	5520	2950	97
D3404.contig288	5502	9803	461
D3404.contig289	5501	0	0
D3404.contig290	5470	3303	134
D3404.contig291	5468	2077	167
D3404.contig292	5467	1798	58
D3404.contig293	5417	1	1
D3404.contig294	5403	3470	171
D3404.contig295	5398	448	23
D3404.contig296	5396	8	0
D3404.contig297	5365	17297	795
D3404.contig298	5334	1329	71
D3404.contig299	5332	0	0
D3404.contig300	5323	15900	884
D3404.contig301	5323	0	0
D3404.contig302	5287	0	0
D3404.contig303	5263	2123	123
D3404.contig304	5263	11796	378
D3404.contig305	5215	273184	9229
D3404.contig306	5210	0	0
D3404.contig307	5181	16418	731
D3404.contig308	5086	5121	164
D3404.contig309	5078	3505	158
D3404.contig310	5076	1378	60
D3404.contig311	5038	19210528	1012544
D3404.contig312	5014	13629	557
D3404.contig313	4999	1175	75
D3404.contig314	4986	764	25
D3404.contig315	4919	1	1
D3404.contig316	4910	0	0
D3404.contig317	4893	1480	45
D3404.contig318	4885	7	1
D3404.contig319	4865	0	0
D3404.contig320	4862	0	0
D3404.contig321	4851	1072	55
D3404.contig322	4824	0	0
D3404.contig323	4800	3975	242
D3404.contig324	4772	0	0
D3404.contig325	4750	25670	1243
D3404.contig326	4697	5042	261
D3404.contig327	4686	0	0
D3404.contig328	4638	1688	95
D3404.contig329	4614	0	0
D3404.contig330	4607	14100	527
D3404.contig331	4579	1116	52
D3404.contig332	4566	11880	543
D3404.contig333	4557	1289	49
D3404.contig334	4553	1344	60
D3404.contig335	4541	0	0
D3404.contig336	4500	938	50
D3404.contig337	4476	0	0
D3404.contig338	4472	1	1
D3404.contig339	4449	0	0
D3404.contig340	4414	6	0
D3404.contig341	4390	4	1
D3404.contig342	4389	7	1
D3404.contig343	4385	842	60
D3404.contig344	4382	2327	130
D3404.contig345	4349	1097	43
D3404.contig346	4347	2020	107
D3404.contig347	4347	4	0
D3404.contig348	4345	1203	82
D3404.contig349	4343	1641	69
D3404.contig350	4336	2673	150
D3404.contig351	4318	1691	77
D3404.contig352	4289	53	5
D3404.contig353	4282	970	31
D3404.contig354	4264	863	39
D3404.contig355	4264	0	0
D3404.contig356	4242	222	5
D3404.contig357	4221	856	45
D3404.contig358	4155	1524	86
D3404.contig359	4151	17981	898
D3404.contig360	4142	1746	75
D3404.contig361	4124	4649	194
D3404.contig362	4108	2588	110
D3404.contig363	4059	1096	70
D3404.contig364	4055	2	1
D3404.contig365	4053	1293	77
D3404.contig366	4052	1018	60
D3404.contig367	3968	2	0
D3404.contig368	3933	26666	1405
D3404.contig369	3932	19385	821
D3404.contig370	3907	0	0
D3404.contig371	3906	0	0
D3404.contig372	3906	535	37
D3404.contig373	3900	1177	57
D3404.contig374	3896	0	0
D3404.contig375	3885	1903	239
D3404.contig376	3853	1046	207
D3404.contig377	3850	1187	42
D3404.contig378	3848	0	0
D3404.contig379	3846	0	0
D3404.contig380	3843	0	0
D3404.contig381	3831	2265	110
D3404.contig382	3815	0	0
D3404.contig383	3804	299	11
D3404.contig384	3792	1836	83
D3404.contig385	3719	1121	64
D3404.contig386	3709	0	0
D3404.contig387	3706	0	0
D3404.contig388	3705	11594	440
D3404.contig389	3705	497	25
D3404.contig390	3693	0	0
D3404.contig391	3685	906	59
D3404.contig392	3679	1627	86
D3404.contig393	3672	621	35
D3404.contig394	3671	0	0
D3404.contig395	3660	1058	68
D3404.contig396	3625	0	0
D3404.contig397	3612	0	0
D3404.contig398	3607	0	0
D3404.contig399	3603	2085	97
D3404.contig400	3601	1407	99
D3404.contig401	3598	0	0
D3404.contig402	3597	0	0
D3404.contig403	3589	2204	151
D3404.contig404	3587	0	0
D3404.contig405	3550	835	48
D3404.contig406	3528	1000	59
D3404.contig407	3501	27912	1546
D3404.contig408	3436	28678	1203
D3404.contig409	3436	1940	117
D3404.contig410	3434	915	57
D3404.contig411	3430	1489	67
D3404.contig412	3419	0	0
D3404.contig413	3412	1414	78
D3404.contig414	3377	0	0
D3404.contig415	3367	918	37
D3404.contig416	3338	0	0
D3404.contig417	3324	0	0
D3404.contig418	3321	0	0
D3404.contig419	3318	0	0
D3404.contig420	3287	746	41
D3404.contig421	3279	912	46
D3404.contig422	3271	541	24
D3404.contig423	3238	186	2
D3404.contig424	3232	1082	53
D3404.contig425	3230	0	0
D3404.contig426	3216	503	21
D3404.contig427	3199	0	0
D3404.contig428	3198	7901	419
D3404.contig429	3180	1	1
D3404.contig430	3179	555	30
D3404.contig431	3150	0	0
D3404.contig432	3131	13428	561
D3404.contig433	3099	2427	130
D3404.contig434	3085	2	0
D3404.contig435	3076	759	55
D3404.contig436	3075	1792	113
D3404.contig437	3067	0	0
D3404.contig438	3067	1794	92
D3404.contig439	3061	515	23
D3404.contig440	3055	0	0
D3404.contig441	3048	499	30
D3404.contig442	3046	0	0
D3404.contig443	3040	2119	96
D3404.contig444	3034	755	30
D3404.contig445	3017	0	0
D3404.contig446	3011	9039	309
D3404.contig447	3006	4	2
D3404.contig448	3004	1040	60
D3404.contig449	2950	0	0
D3404.contig450	2944	0	0
D3404.contig451	2929	851	75
D3404.contig452	2918	0	0
D3404.contig453	2917	359	28
D3404.contig454	2913	320	11
D3404.contig455	2909	653	45
D3404.contig456	2904	282	19
D3404.contig457	2903	0	0
D3404.contig458	2897	824	37
D3404.contig459	2893	35	2
D3404.contig460	2881	430	28
D3404.contig461	2871	688	38
D3404.contig462	2862	622	55
D3404.contig463	2857	0	0
D3404.contig464	2856	1941	94
D3404.contig465	2854	576	28
D3404.contig466	2853	789	70
D3404.contig467	2826	0	0
D3404.contig468	2816	0	0
D3404.contig469	2816	1938	110
D3404.contig470	2814	546	24
D3404.contig471	2812	13697	699
D3404.contig472	2811	0	0
D3404.contig473	2811	292	10
D3404.contig474	2810	1	1
D3404.contig475	2808	350	16
D3404.contig476	2804	1788	81
D3404.contig477	2801	1060	61
D3404.contig478	2795	479	40
D3404.contig479	2788	982	53
D3404.contig480	2780	0	0
D3404.contig481	2768	1229	67
D3404.contig482	2761	4	1
D3404.contig483	2757	1294	74
D3404.contig484	2752	420	15
D3404.contig485	2741	0	0
D3404.contig486	2738	0	0
D3404.contig487	2729	16	2
D3404.contig488	2715	1104	71
D3404.contig489	2700	1231	63
D3404.contig490	2698	1	0
D3404.contig491	2698	378	22
D3404.contig492	2697	0	0
D3404.contig493	2678	0	0
D3404.contig494	2660	0	0
D3404.contig495	2658	1012	49
D3404.contig496	2656	6673	576
D3404.contig497	2647	0	0
D3404.contig498	2643	653	29
D3404.contig499	2641	0	0
D3404.contig500	2639	0	0
D3404.contig501	2637	0	0
D3404.contig502	2630	0	0
D3404.contig503	2625	876	48
D3404.contig504	2610	572	41
D3404.contig505	2607	513	33
D3404.contig506	2606	0	0
D3404.contig507	2606	1316	64
D3404.contig508	2601	899	87
D3404.contig509	2601	892	74
D3404.contig510	2595	0	0
D3404.contig511	2594	0	0
D3404.contig512	2584	0	0
D3404.contig513	2564	0	0
D3404.contig514	2555	9025	539
D3404.contig515	2550	433	18
D3404.contig516	2548	31963	1737
D3404.contig517	2548	2	0
D3404.contig518	2546	0	0
D3404.contig519	2539	9418	428
D3404.contig520	2537	1434	108
D3404.contig521	2534	662	38
D3404.contig522	2534	14198	734
D3404.contig523	2526	902	32
D3404.contig524	2523	0	0
D3404.contig525	2510	0	0
D3404.contig526	2507	0	0
D3404.contig527	2504	0	0
D3404.contig528	2496	569	26
D3404.contig529	2493	403	18
D3404.contig530	2492	1855	142
D3404.contig531	2476	130	6
D3404.contig532	2475	0	0
D3404.contig533	2472	598	18
D3404.contig534	2469	0	0
D3404.contig535	2458	0	0
D3404.contig536	2457	215	16
D3404.contig537	2452	1	0
D3404.contig538	2443	0	0
D3404.contig539	2440	171	8
D3404.contig540	2422	0	0
D3404.contig541	2421	0	0
D3404.contig542	2421	170	12
D3404.contig543	2418	0	0
D3404.contig544	2416	0	0
D3404.contig545	2387	587	36
D3404.contig546	2378	994	52
D3404.contig547	2368	304	14
D3404.contig548	2367	0	0
D3404.contig549	2363	3	1
D3404.contig550	2357	1001	41
D3404.contig551	2346	574	31
D3404.contig552	2335	0	0
D3404.contig553	2318	0	0
D3404.contig554	2306	517	21
D3404.contig555	2299	383	14
D3404.contig556	2297	8	2
D3404.contig557	2283	783	44
D3404.contig558	2278	0	0
D3404.contig559	2273	679	22
D3404.contig560	2261	2	0
D3404.contig561	2259	1037	56
D3404.contig562	2254	2	0
D3404.contig563	2244	0	0
D3404.contig564	2229	537	23
D3404.contig565	2225	4	2
D3404.contig566	2224	204	16
D3404.contig567	2224	208	4
D3404.contig568	2223	0	0
D3404.contig569	2216	657	33
D3404.contig570	2215	0	0
D3404.contig571	2207	0	0
D3404.contig572	2202	1329	82
D3404.contig573	2201	1	1
D3404.contig574	2197	359	20
D3404.contig575	2190	1464	127
D3404.contig576	2187	598	45
D3404.contig577	2185	0	0
D3404.contig578	2182	0	0
D3404.contig579	2177	0	0
D3404.contig580	2175	0	0
D3404.contig581	2173	0	0
D3404.contig582	2162	1190	57
D3404.contig583	2162	158	9
D3404.contig584	2150	767	48
D3404.contig585	2149	311	15
D3404.contig586	2146	0	0
D3404.contig587	2145	0	0
D3404.contig588	2134	441	25
D3404.contig589	2133	275	17
D3404.contig590	2126	286	24
D3404.contig591	2113	892	54
D3404.contig592	2109	0	0
D3404.contig593	2109	0	0
D3404.contig594	2101	630	45
D3404.contig595	2100	0	0
D3404.contig596	2094	0	0
D3404.contig597	2088	1441	47
D3404.contig598	2083	470	42
D3404.contig599	2082	0	0
D3404.contig600	2081	1	0
D3404.contig601	2061	0	0
D3404.contig602	2059	3315	174
D3404.contig603	2057	0	0
D3404.contig604	2056	3037	183
D3404.contig605	2043	0	0
D3404.contig606	2037	248	23
D3404.contig607	2031	1673	141
D3404.contig608	2026	0	0
D3404.contig609	2025	0	0
D3404.contig610	2019	0	0
D3404.contig611	2017	0	0
D3404.contig612	2016	469	37
D3404.contig613	2014	2139	110
D3404.contig614	2011	449	39
D3404.contig615	2008	0	0
D3404.contig616	2000	705	31
D3404.contig617	1997	0	0
D3404.contig618	1984	2010	106
D3404.contig619	1980	0	0
D3404.contig620	1976	664	32
D3404.contig621	1967	0	0
D3404.contig622	1961	0	0
D3404.contig623	1959	645	29
D3404.contig624	1959	176	13
D3404.contig625	1957	317	13
D3404.contig626	1957	180	15
D3404.contig627	1956	8172	304
D3404.contig628	1955	0	0
D3404.contig629	1935	0	0
D3404.contig630	1931	493	35
D3404.contig631	1929	0	0
D3404.contig632	1923	1405	70
D3404.contig633	1920	0	0
D3404.contig634	1920	0	0
D3404.contig635	1916	313	12
D3404.contig636	1915	0	0
D3404.contig637	1914	840	15
D3404.contig638	1908	0	0
D3404.contig639	1907	0	0
D3404.contig640	1906	0	0
D3404.contig641	1901	345	12
D3404.contig642	1897	241	9
D3404.contig643	1889	0	0
D3404.contig644	1886	0	0
D3404.contig645	1875	0	0
D3404.contig646	1874	343	13
D3404.contig647	1869	1081	39
D3404.contig648	1869	349	30
D3404.contig649	1868	2	0
D3404.contig650	1865	0	0
D3404.contig651	1862	1	1
D3404.contig652	1855	385	21
D3404.contig653	1851	0	0
D3404.contig654	1849	0	0
D3404.contig655	1847	9041	433
D3404.contig656	1846	228	12
D3404.contig657	1839	643	31
D3404.contig658	1834	6364	347
D3404.contig659	1830	226	13
D3404.contig660	1829	0	0
D3404.contig661	1826	221	10
D3404.contig662	1814	12345	604
D3404.contig663	1812	0	0
D3404.contig664	1811	0	0
D3404.contig665	1811	248	23
D3404.contig666	1807	282	21
D3404.contig667	1806	433	20
D3404.contig668	1806	668	36
D3404.contig669	1800	385	24
D3404.contig670	1798	693	44
D3404.contig671	1795	5239	314
D3404.contig672	1789	302	28
D3404.contig673	1776	0	0
D3404.contig674	1770	320	18
D3404.contig675	1768	0	0
D3404.contig676	1766	0	0
D3404.contig677	1764	0	0
D3404.contig678	1763	7458	533
D3404.contig679	1762	2775	62
D3404.contig680	1756	0	0
D3404.contig681	1756	0	0
D3404.contig682	1754	0	0
D3404.contig683	1751	1	0
D3404.contig684	1750	0	0
D3404.contig685	1749	191	6
D3404.contig686	1747	1000	62
D3404.contig687	1747	141	8
D3404.contig688	1741	0	0
D3404.contig689	1736	2	0
D3404.contig690	1734	0	0
D3404.contig691	1732	181	13
D3404.contig692	1727	555	43
D3404.contig693	1726	1934	101
D3404.contig694	1725	0	0
D3404.contig695	1725	1	1
D3404.contig696	1722	1814	138
D3404.contig697	1721	0	0
D3404.contig698	1716	396	32
D3404.contig699	1709	468	33
D3404.contig700	1709	0	0
D3404.contig701	1704	0	0
D3404.contig702	1695	0	0
D3404.contig703	1693	1981	75
D3404.contig704	1692	0	0
D3404.contig705	1690	675	24
D3404.contig706	1689	0	0
D3404.contig707	1687	0	0
D3404.contig708	1686	329	14
D3404.contig709	1672	0	0
D3404.contig710	1666	222	18
D3404.contig711	1665	0	0
D3404.contig712	1663	0	0
D3404.contig713	1661	282	10
D3404.contig714	1660	3837	205
D3404.contig715	1657	393	25
D3404.contig716	1655	1372	73
D3404.contig717	1651	324	24
D3404.contig718	1647	0	0
D3404.contig719	1644	3848	225
D3404.contig720	1633	0	0
D3404.contig721	1632	525	26
D3404.contig722	1627	0	0
D3404.contig723	1627	156	10
D3404.contig724	1625	218	23
D3404.contig725	1623	317	34
D3404.contig726	1619	1089	49
D3404.contig727	1617	228	16
D3404.contig728	1613	0	0
D3404.contig729	1612	0	0
D3404.contig730	1610	298	19
D3404.contig731	1609	425	37
D3404.contig732	1608	540	35
D3404.contig733	1607	229	15
D3404.contig734	1604	0	0
D3404.contig735	1604	364	23
D3404.contig736	1602	0	0
D3404.contig737	1599	377	23
D3404.contig738	1595	0	0
D3404.contig739	1593	5	3
D3404.contig740	1592	308	13
D3404.contig741	1592	188	8
D3404.contig742	1592	0	0
D3404.contig743	1585	647	33
D3404.contig744	1582	1577	133
D3404.contig745	1580	407	12
D3404.contig746	1577	337	20
D3404.contig747	1574	607	26
D3404.contig748	1574	224	6
D3404.contig749	1572	0	0
D3404.contig750	1563	332	17
D3404.contig751	1563	696	34
D3404.contig752	1557	0	0
D3404.contig753	1557	327	23
D3404.contig754	1556	0	0
D3404.contig755	1554	0	0
D3404.contig756	1549	0	0
D3404.contig757	1549	0	0
D3404.contig758	1548	0	0
D3404.contig759	1548	208	8
D3404.contig760	1546	1038	63
D3404.contig761	1545	0	0
D3404.contig762	1543	12553	862
D3404.contig763	1543	181	11
D3404.contig764	1541	0	0
D3404.contig765	1538	367	19
D3404.contig766	1537	0	0
D3404.contig767	1530	1128	60
D3404.contig768	1529	0	0
D3404.contig769	1528	41789	24235
D3404.contig770	1527	0	0
D3404.contig771	1526	0	0
D3404.contig772	1525	0	0
D3404.contig773	1524	427	31
D3404.contig774	1523	0	0
D3404.contig775	1520	217	7
D3404.contig776	1519	0	0
D3404.contig777	1519	1305	53
D3404.contig778	1516	210	9
D3404.contig779	1515	0	0
D3404.contig780	1514	0	0
D3404.contig781	1513	0	0
D3404.contig782	1511	0	0
D3404.contig783	1508	143	7
D3404.contig784	1504	0	0
D3404.contig785	1504	87	8
D3404.contig786	1503	158	9
D3404.contig787	1500	0	0
D3404.contig788	1498	0	0
D3404.contig789	1498	0	0
D3404.contig790	1493	0	0
D3404.contig791	1492	7	3
D3404.contig792	1491	23	1
D3404.contig793	1491	800	45
D3404.contig794	1490	0	0
D3404.contig795	1489	17049	626
D3404.contig796	1486	0	0
D3404.contig797	1485	0	0
D3404.contig798	1483	0	0
D3404.contig799	1480	244	18
D3404.contig800	1479	0	0
D3404.contig801	1476	0	0
D3404.contig802	1476	2	0
D3404.contig803	1476	98	5
D3404.contig804	1476	202	19
D3404.contig805	1475	0	0
D3404.contig806	1474	314	17
D3404.contig807	1470	0	0
D3404.contig808	1466	0	0
D3404.contig809	1462	162	21
D3404.contig810	1462	594	42
D3404.contig811	1462	0	0
D3404.contig812	1459	0	0
D3404.contig813	1456	449	52
D3404.contig814	1454	0	0
D3404.contig815	1447	0	0
D3404.contig816	1447	2	0
D3404.contig817	1441	320	23
D3404.contig818	1441	607	21
D3404.contig819	1440	0	0
D3404.contig820	1439	219	16
D3404.contig821	1435	204	8
D3404.contig822	1431	116	10
D3404.contig823	1430	119	10
D3404.contig824	1425	302	17
D3404.contig825	1423	0	0
D3404.contig826	1422	0	0
D3404.contig827	1414	0	0
D3404.contig828	1413	498	24
D3404.contig829	1412	59	8
D3404.contig830	1412	0	0
D3404.contig831	1410	0	0
D3404.contig832	1409	85	10
D3404.contig833	1408	0	0
D3404.contig834	1408	0	0
D3404.contig835	1407	3885	213
D3404.contig836	1407	899	40
D3404.contig837	1407	0	0
D3404.contig838	1406	0	0
D3404.contig839	1404	0	0
D3404.contig840	1403	6349	404
D3404.contig841	1403	13521	542
D3404.contig842	1402	255	20
D3404.contig843	1402	0	0
D3404.contig844	1401	0	0
D3404.contig845	1399	301	13
D3404.contig846	1393	825	40
D3404.contig847	1392	0	0
D3404.contig848	1390	0	0
D3404.contig849	1389	736	67
D3404.contig850	1386	0	0
D3404.contig851	1381	0	0
D3404.contig852	1381	285	13
D3404.contig853	1381	1	0
D3404.contig854	1379	0	0
D3404.contig855	1378	101	10
D3404.contig856	1376	456	32
D3404.contig857	1375	0	0
D3404.contig858	1375	0	0
D3404.contig859	1373	468	22
D3404.contig860	1372	3240	163
D3404.contig861	1371	299	10
D3404.contig862	1370	169	12
D3404.contig863	1364	0	0
D3404.contig864	1358	0	0
D3404.contig865	1356	557	34
D3404.contig866	1356	72	4
D3404.contig867	1354	0	0
D3404.contig868	1347	2	2
D3404.contig869	1346	0	0
D3404.contig870	1342	672	26
D3404.contig871	1341	0	0
D3404.contig872	1340	0	0
D3404.contig873	1340	0	0
D3404.contig874	1337	0	0
D3404.contig875	1330	0	0
D3404.contig876	1330	256	14
D3404.contig877	1328	50413	2689
D3404.contig878	1328	291	29
D3404.contig879	1327	517	23
D3404.contig880	1320	107	8
D3404.contig881	1317	0	0
D3404.contig882	1313	755	41
D3404.contig883	1311	272	21
D3404.contig884	1310	129	5
D3404.contig885	1309	965	55
D3404.contig886	1307	0	0
D3404.contig887	1303	0	0
D3404.contig888	1302	493	31
D3404.contig889	1302	1	1
D3404.contig890	1302	370	21
D3404.contig891	1301	0	0
D3404.contig892	1300	243	23
D3404.contig893	1299	0	0
D3404.contig894	1298	60	4
D3404.contig895	1296	0	0
D3404.contig896	1293	374	16
D3404.contig897	1289	0	0
D3404.contig898	1289	0	0
D3404.contig899	1289	184	9
D3404.contig900	1286	96	6
D3404.contig901	1284	179	16
D3404.contig902	1284	0	0
D3404.contig903	1284	0	0
D3404.contig904	1284	562	34
D3404.contig905	1281	0	0
D3404.contig906	1280	0	0
D3404.contig907	1277	0	0
D3404.contig908	1276	228	9
D3404.contig909	1275	0	0
D3404.contig910	1271	0	0
D3404.contig911	1270	206	10
D3404.contig912	1267	0	0
D3404.contig913	1266	0	0
D3404.contig914	1264	0	0
D3404.contig915	1263	0	0
D3404.contig916	1260	255	16
D3404.contig917	1258	402	22
D3404.contig918	1257	5199	261
D3404.contig919	1256	3	1
D3404.contig920	1256	239	34
D3404.contig921	1255	0	0
D3404.contig922	1254	187	12
D3404.contig923	1254	70	4
D3404.contig924	1251	0	0
D3404.contig925	1251	0	0
D3404.contig926	1250	262	24
D3404.contig927	1248	0	0
D3404.contig928	1248	1120	301
D3404.contig929	1247	0	0
D3404.contig930	1242	0	0
D3404.contig931	1241	136	9
D3404.contig932	1240	0	0
D3404.contig933	1236	767	41
D3404.contig934	1236	0	0
D3404.contig935	1236	666	57
D3404.contig936	1234	147	8
D3404.contig937	1228	120	3
D3404.contig938	1227	0	0
D3404.contig939	1227	0	0
D3404.contig940	1223	0	0
D3404.contig941	1223	0	0
D3404.contig942	1223	0	0
D3404.contig943	1222	0	0
D3404.contig944	1220	131	2
D3404.contig945	1216	63	4
D3404.contig946	1212	0	0
D3404.contig947	1212	99	5
D3404.contig948	1212	99	8
D3404.contig949	1209	0	0
D3404.contig950	1207	0	0
D3404.contig951	1206	84	6
D3404.contig952	1204	0	0
D3404.contig953	1202	60	6
D3404.contig954	1201	163	6
D3404.contig955	1201	0	0
D3404.contig956	1201	192	16
D3404.contig957	1200	194	16
D3404.contig958	1199	135	12
D3404.contig959	1198	196	7
D3404.contig960	1198	0	0
D3404.contig961	1196	0	0
D3404.contig962	1196	0	0
D3404.contig963	1196	1	1
D3404.contig964	1194	624	41
D3404.contig965	1193	295	21
D3404.contig966	1193	0	0
D3404.contig967	1193	5	3
D3404.contig968	1192	68	6
D3404.contig969	1190	0	0
D3404.contig970	1190	209	13
D3404.contig971	1188	0	0
D3404.contig972	1188	5791	374
D3404.contig973	1187	31	1
D3404.contig974	1185	0	0
D3404.contig975	1184	360	22
D3404.contig976	1183	193	9
D3404.contig977	1182	249	24
D3404.contig978	1179	685	31
D3404.contig979	1177	0	0
D3404.contig980	1175	98	6
D3404.contig981	1175	3	0
D3404.contig982	1175	271	15
D3404.contig983	1175	105	13
D3404.contig984	1173	96	5
D3404.contig985	1169	0	0
D3404.contig986	1166	0	0
D3404.contig987	1163	390	31
D3404.contig988	1162	0	0
D3404.contig989	1160	176	11
D3404.contig990	1157	155	9
D3404.contig991	1155	0	0
D3404.contig992	1154	0	0
D3404.contig993	1152	462	20
D3404.contig994	1151	327	17
D3404.contig995	1149	4243	295
D3404.contig996	1147	0	0
D3404.contig997	1146	0	0
D3404.contig998	1143	0	0
D3404.contig999	1143	0	0
D3404.contig1000	1141	270	14
D3404.contig1001	1137	214	16
D3404.contig1002	1136	69	8
D3404.contig1003	1136	0	0
D3404.contig1004	1133	230	9
D3404.contig1005	1131	0	0
D3404.contig1006	1130	0	0
D3404.contig1007	1129	0	0
D3404.contig1008	1128	0	0
D3404.contig1009	1127	0	0
D3404.contig1010	1125	123	6
D3404.contig1011	1125	0	0
D3404.contig1012	1124	271	33
D3404.contig1013	1123	0	0
D3404.contig1014	1122	0	0
D3404.contig1015	1118	0	0
D3404.contig1016	1118	0	0
D3404.contig1017	1117	0	0
D3404.contig1018	1114	0	0
D3404.contig1019	1113	0	0
D3404.contig1020	1110	2629	119
D3404.contig1021	1110	236	6
D3404.contig1022	1109	0	0
D3404.contig1023	1108	0	0
D3404.contig1024	1108	530	64
D3404.contig1025	1107	365	23
D3404.contig1026	1105	0	0
D3404.contig1027	1104	0	0
D3404.contig1028	1102	0	0
D3404.contig1029	1101	89	9
D3404.contig1030	1100	0	0
D3404.contig1031	1097	36525	2319
D3404.contig1032	1097	0	0
D3404.contig1033	1093	3917	151
D3404.contig1034	1092	348	12
D3404.contig1035	1091	0	0
D3404.contig1036	1090	232	12
D3404.contig1037	1088	0	0
D3404.contig1038	1088	0	0
D3404.contig1039	1087	0	0
D3404.contig1040	1086	0	0
D3404.contig1041	1085	0	0
D3404.contig1042	1083	0	0
D3404.contig1043	1083	0	0
D3404.contig1044	1083	0	0
D3404.contig1045	1081	0	0
D3404.contig1046	1081	0	0
D3404.contig1047	1078	0	0
D3404.contig1048	1078	0	0
D3404.contig1049	1078	57	1
D3404.contig1050	1077	47	8
D3404.contig1051	1077	225	14
D3404.contig1052	1074	0	0
D3404.contig1053	1069	0	0
D3404.contig1054	1069	0	0
D3404.contig1055	1066	0	0
D3404.contig1056	1065	0	0
D3404.contig1057	1063	229	18
D3404.contig1058	1062	134	10
D3404.contig1059	1060	0	0
D3404.contig1060	1057	0	0
D3404.contig1061	1056	57	6
D3404.contig1062	1053	0	0
D3404.contig1063	1052	0	0
D3404.contig1064	1049	171	9
D3404.contig1065	1046	0	0
D3404.contig1066	1045	0	0
D3404.contig1067	1044	0	0
D3404.contig1068	1043	49	1
D3404.contig1069	1040	0	0
D3404.contig1070	1036	367	18
D3404.contig1071	1035	1	1
D3404.contig1072	1035	0	0
D3404.contig1073	1031	0	0
D3404.contig1074	1029	0	0
D3404.contig1075	1028	0	0
D3404.contig1076	1028	0	0
D3404.contig1077	1027	162	8
D3404.contig1078	1027	67	5
D3404.contig1079	1025	0	0
D3404.contig1080	1024	0	0
D3404.contig1081	1023	0	0
D3404.contig1082	1023	0	0
D3404.contig1083	1021	111	9
D3404.contig1084	1021	0	0
D3404.contig1085	1021	13889	730
D3404.contig1086	1020	404	21
D3404.contig1087	1019	0	0
D3404.contig1088	1017	287	18
D3404.contig1089	1016	59	2
D3404.contig1090	1015	47	3
D3404.contig1091	1010	125	7
D3404.contig1092	1008	115	9
D3404.contig1093	1007	123	7
D3404.contig1094	1006	0	0
D3404.contig1095	1006	0	0
D3404.contig1096	1005	0	0
D3404.contig1097	1005	0	0
D3404.contig1098	1004	0	0
D3404.contig1099	1003	0	0
D3404.contig1100	1002	0	0
D3404.contig1101	1001	0	0
D3404.contig1102	1000	0	0
D3404.contig1103	997	632	35
D3404.contig1104	997	0	0
D3404.contig1105	996	0	0
D3404.contig1106	996	0	0
D3404.contig1107	995	493	15
D3404.contig1108	990	0	0
D3404.contig1109	989	0	0
D3404.contig1110	989	0	0
D3404.contig1111	988	78	10
D3404.contig1112	988	56	2
D3404.contig1113	987	0	0
D3404.contig1114	987	0	0
D3404.contig1115	986	1904	74
D3404.contig1116	986	0	0
D3404.contig1117	983	9435	546
D3404.contig1118	983	0	0
D3404.contig1119	982	141	9
D3404.contig1120	982	0	0
D3404.contig1121	981	0	0
D3404.contig1122	981	0	0
D3404.contig1123	980	4000	290
D3404.contig1124	979	0	0
D3404.contig1125	979	67	8
D3404.contig1126	977	0	0
D3404.contig1127	976	0	0
D3404.contig1128	975	522	32
D3404.contig1129	974	0	0
D3404.contig1130	973	0	0
D3404.contig1131	971	0	0
D3404.contig1132	969	0	0
D3404.contig1133	969	549	124
D3404.contig1134	966	222539	56139
D3404.contig1135	965	2	0
D3404.contig1136	963	196	15
D3404.contig1137	962	1	0
D3404.contig1138	962	0	0
D3404.contig1139	961	229	21
D3404.contig1140	961	202	16
D3404.contig1141	960	0	0
D3404.contig1142	958	0	0
D3404.contig1143	958	0	0
D3404.contig1144	957	0	0
D3404.contig1145	957	224	12
D3404.contig1146	957	245	19
D3404.contig1147	956	0	0
D3404.contig1148	954	0	0
D3404.contig1149	952	160	13
D3404.contig1150	949	0	0
D3404.contig1151	948	116	9
D3404.contig1152	948	0	0
D3404.contig1153	948	0	0
D3404.contig1154	948	193	11
D3404.contig1155	947	431	21
D3404.contig1156	946	0	0
D3404.contig1157	946	116	10
D3404.contig1158	945	0	0
D3404.contig1159	945	146	9
D3404.contig1160	944	133	11
D3404.contig1161	944	198	8
D3404.contig1162	943	101	5
D3404.contig1163	942	107	8
D3404.contig1164	942	332	14
D3404.contig1165	941	73	13
D3404.contig1166	941	0	0
D3404.contig1167	938	0	0
D3404.contig1168	937	242	10
D3404.contig1169	932	140	5
D3404.contig1170	931	0	0
D3404.contig1171	931	0	0
D3404.contig1172	929	0	0
D3404.contig1173	927	0	0
D3404.contig1174	927	183	15
D3404.contig1175	927	0	0
D3404.contig1176	926	92	4
D3404.contig1177	925	0	0
D3404.contig1178	925	0	0
D3404.contig1179	925	134	6
D3404.contig1180	923	0	0
D3404.contig1181	923	0	0
D3404.contig1182	922	0	0
D3404.contig1183	918	0	0
D3404.contig1184	918	0	0
D3404.contig1185	916	187	4
D3404.contig1186	915	108	11
D3404.contig1187	914	93	12
D3404.contig1188	914	121	13
D3404.contig1189	913	196	15
D3404.contig1190	913	2875	174
D3404.contig1191	913	56	5
D3404.contig1192	910	0	0
D3404.contig1193	910	0	0
D3404.contig1194	909	0	0
D3404.contig1195	908	0	0
D3404.contig1196	908	86	8
D3404.contig1197	906	79	6
D3404.contig1198	906	0	0
D3404.contig1199	905	0	0
D3404.contig1200	904	0	0
D3404.contig1201	903	0	0
D3404.contig1202	903	0	0
D3404.contig1203	901	0	0
D3404.contig1204	901	0	0
D3404.contig1205	900	0	0
D3404.contig1206	900	0	0
D3404.contig1207	900	0	0
D3404.contig1208	899	0	0
D3404.contig1209	899	0	0
D3404.contig1210	898	0	0
D3404.contig1211	898	146	5
D3404.contig1212	898	516	67
D3404.contig1213	898	31	3
D3404.contig1214	896	673	97
D3404.contig1215	896	0	0
D3404.contig1216	896	0	0
D3404.contig1217	895	149	13
D3404.contig1218	895	0	0
D3404.contig1219	894	105	4
D3404.contig1220	894	0	0
D3404.contig1221	893	181	14
D3404.contig1222	892	0	0
D3404.contig1223	891	97	9
D3404.contig1224	891	536	91
D3404.contig1225	891	0	0
D3404.contig1226	890	0	0
D3404.contig1227	890	225	13
D3404.contig1228	890	0	0
D3404.contig1229	888	0	0
D3404.contig1230	887	0	0
D3404.contig1231	885	127	16
D3404.contig1232	885	126	9
D3404.contig1233	883	0	0
D3404.contig1234	882	71	9
D3404.contig1235	881	140	14
D3404.contig1236	880	0	0
D3404.contig1237	879	0	0
D3404.contig1238	878	0	0
D3404.contig1239	878	0	0
D3404.contig1240	877	38	4
D3404.contig1241	876	80	3
D3404.contig1242	876	77	3
D3404.contig1243	875	0	0
D3404.contig1244	874	3323	185
D3404.contig1245	870	0	0
D3404.contig1246	870	0	0
D3404.contig1247	869	0	0
D3404.contig1248	867	0	0
D3404.contig1249	866	0	0
D3404.contig1250	865	0	0
D3404.contig1251	865	0	0
D3404.contig1252	863	0	0
D3404.contig1253	862	0	0
D3404.contig1254	862	78	7
D3404.contig1255	860	0	0
D3404.contig1256	859	126	6
D3404.contig1257	859	0	0
D3404.contig1258	858	0	0
D3404.contig1259	858	0	0
D3404.contig1260	857	59	2
D3404.contig1261	857	0	0
D3404.contig1262	857	0	0
D3404.contig1263	856	539	54
D3404.contig1264	856	0	0
D3404.contig1265	855	45	3
D3404.contig1266	855	0	0
D3404.contig1267	855	0	0
D3404.contig1268	854	3461	128
D3404.contig1269	854	0	0
D3404.contig1270	854	1	0
D3404.contig1271	853	63	5
D3404.contig1272	853	0	0
D3404.contig1273	853	204	16
D3404.contig1274	852	465	35
D3404.contig1275	850	0	0
D3404.contig1276	849	40	1
D3404.contig1277	848	28	5
D3404.contig1278	847	1	1
D3404.contig1279	847	85	7
D3404.contig1280	846	0	0
D3404.contig1281	846	205	15
D3404.contig1282	844	0	0
D3404.contig1283	844	0	0
D3404.contig1284	843	0	0
D3404.contig1285	842	63	9
D3404.contig1286	842	0	0
D3404.contig1287	840	0	0
D3404.contig1288	838	0	0
D3404.contig1289	836	64	8
D3404.contig1290	836	0	0
D3404.contig1291	835	0	0
D3404.contig1292	834	0	0
D3404.contig1293	833	0	0
D3404.contig1294	833	131	3
D3404.contig1295	832	0	0
D3404.contig1296	832	264	8
D3404.contig1297	832	0	0
D3404.contig1298	830	0	0
D3404.contig1299	829	148	6
D3404.contig1300	827	0	0
D3404.contig1301	827	62	5
D3404.contig1302	826	0	0
D3404.contig1303	826	0	0
D3404.contig1304	826	0	0
D3404.contig1305	826	0	0
D3404.contig1306	826	0	0
D3404.contig1307	824	0	0
D3404.contig1308	824	78	4
D3404.contig1309	824	192	16
D3404.contig1310	824	0	0
D3404.contig1311	823	231	20
D3404.contig1312	823	0	0
D3404.contig1313	822	0	0
D3404.contig1314	822	179	16
D3404.contig1315	820	124	21
D3404.contig1316	820	0	0
D3404.contig1317	820	10388	399
D3404.contig1318	819	72	5
D3404.contig1319	818	0	0
D3404.contig1320	818	57	3
D3404.contig1321	818	0	0
D3404.contig1322	816	0	0
D3404.contig1323	815	0	0
D3404.contig1324	814	239	31
D3404.contig1325	814	72	7
D3404.contig1326	814	0	0
D3404.contig1327	813	80	6
D3404.contig1328	813	0	0
D3404.contig1329	812	0	0
D3404.contig1330	810	0	0
D3404.contig1331	810	0	0
D3404.contig1332	810	0	0
D3404.contig1333	809	0	0
D3404.contig1334	809	0	0
D3404.contig1335	809	213	19
D3404.contig1336	808	195	12
D3404.contig1337	807	0	0
D3404.contig1338	806	0	0
D3404.contig1339	806	108	13
D3404.contig1340	806	0	0
D3404.contig1341	806	0	0
D3404.contig1342	805	42	2
D3404.contig1343	805	0	0
D3404.contig1344	805	1200	184
D3404.contig1345	804	0	0
D3404.contig1346	803	0	0
D3404.contig1347	803	190	15
D3404.contig1348	803	0	0
D3404.contig1349	803	0	0
D3404.contig1350	801	67	5
D3404.contig1351	800	0	0
D3404.contig1352	799	0	0
D3404.contig1353	799	0	0
D3404.contig1354	797	0	0
D3404.contig1355	797	0	0
D3404.contig1356	796	373	13
D3404.contig1357	796	126	13
D3404.contig1358	795	86	4
D3404.contig1359	795	0	0
D3404.contig1360	795	0	0
D3404.contig1361	795	72	4
D3404.contig1362	794	233	30
D3404.contig1363	794	118	9
D3404.contig1364	793	0	0
D3404.contig1365	793	240	10
D3404.contig1366	792	0	0
D3404.contig1367	790	0	0
D3404.contig1368	789	160	10
D3404.contig1369	789	0	0
D3404.contig1370	788	0	0
D3404.contig1371	787	0	0
D3404.contig1372	787	250	12
D3404.contig1373	786	0	0
D3404.contig1374	786	0	0
D3404.contig1375	786	0	0
D3404.contig1376	785	149	9
D3404.contig1377	785	0	0
D3404.contig1378	784	0	0
D3404.contig1379	782	0	0
D3404.contig1380	780	0	0
D3404.contig1381	779	315	18
D3404.contig1382	778	68	8
D3404.contig1383	778	966	35
D3404.contig1384	778	160	9
D3404.contig1385	778	0	0
D3404.contig1386	777	162	8
D3404.contig1387	776	0	0
D3404.contig1388	776	0	0
D3404.contig1389	776	0	0
D3404.contig1390	775	58	5
D3404.contig1391	774	0	0
D3404.contig1392	774	0	0
D3404.contig1393	773	1	1
D3404.contig1394	773	3	3
D3404.contig1395	773	0	0
D3404.contig1396	773	471	21
D3404.contig1397	772	0	0
D3404.contig1398	771	0	0
D3404.contig1399	770	0	0
D3404.contig1400	770	0	0
D3404.contig1401	769	0	0
D3404.contig1402	769	0	0
D3404.contig1403	767	0	0
D3404.contig1404	767	0	0
D3404.contig1405	766	215	17
D3404.contig1406	766	0	0
D3404.contig1407	766	21	1
D3404.contig1408	765	0	0
D3404.contig1409	765	0	0
D3404.contig1410	765	144	5
D3404.contig1411	763	0	0
D3404.contig1412	763	0	0
D3404.contig1413	763	0	0
D3404.contig1414	762	0	0
D3404.contig1415	762	0	0
D3404.contig1416	761	109	6
D3404.contig1417	761	0	0
D3404.contig1418	761	2	0
D3404.contig1419	760	0	0
D3404.contig1420	760	3	2
D3404.contig1421	760	0	0
D3404.contig1422	760	0	0
D3404.contig1423	759	0	0
D3404.contig1424	759	100	9
D3404.contig1425	758	0	0
D3404.contig1426	757	0	0
D3404.contig1427	756	51	5
D3404.contig1428	755	162	3
D3404.contig1429	755	0	0
D3404.contig1430	754	0	0
D3404.contig1431	752	93	8
D3404.contig1432	752	0	0
D3404.contig1433	751	0	0
D3404.contig1434	750	0	0
D3404.contig1435	750	255	19
D3404.contig1436	747	67406	36361
D3404.contig1437	745	0	0
D3404.contig1438	745	0	0
D3404.contig1439	744	0	0
D3404.contig1440	744	0	0
D3404.contig1441	743	0	0
D3404.contig1442	743	0	0
D3404.contig1443	743	0	0
D3404.contig1444	742	0	0
D3404.contig1445	740	103	6
D3404.contig1446	740	0	0
D3404.contig1447	740	0	0
D3404.contig1448	739	0	0
D3404.contig1449	737	285	13
D3404.contig1450	736	5097	288
D3404.contig1451	736	153	10
D3404.contig1452	735	113	5
D3404.contig1453	735	68	11
D3404.contig1454	732	0	0
D3404.contig1455	732	0	0
D3404.contig1456	731	0	0
D3404.contig1457	730	0	0
D3404.contig1458	726	0	0
D3404.contig1459	725	59	6
D3404.contig1460	725	0	0
D3404.contig1461	724	0	0
D3404.contig1462	724	0	0
D3404.contig1463	724	85	4
D3404.contig1464	724	0	0
D3404.contig1465	724	0	0
D3404.contig1466	724	0	0
D3404.contig1467	723	0	0
D3404.contig1468	723	161	15
D3404.contig1469	720	0	0
D3404.contig1470	720	0	0
D3404.contig1471	720	0	0
D3404.contig1472	720	0	0
D3404.contig1473	720	0	0
D3404.contig1474	719	0	0
D3404.contig1475	718	0	0
D3404.contig1476	718	0	0
D3404.contig1477	718	0	0
D3404.contig1478	718	0	0
D3404.contig1479	717	277	9
D3404.contig1480	716	0	0
D3404.contig1481	716	0	0
D3404.contig1482	714	84	3
D3404.contig1483	714	0	0
D3404.contig1484	713	0	0
D3404.contig1485	713	0	0
D3404.contig1486	713	86	6
D3404.contig1487	712	0	0
D3404.contig1488	711	0	0
D3404.contig1489	711	0	0
D3404.contig1490	711	501	133
D3404.contig1491	710	198	17
D3404.contig1492	710	124	5
D3404.contig1493	709	0	0
D3404.contig1494	708	0	0
D3404.contig1495	708	0	0
D3404.contig1496	708	46	5
D3404.contig1497	706	161	9
D3404.contig1498	706	80	2
D3404.contig1499	704	0	0
D3404.contig1500	703	341	51
D3404.contig1501	703	0	0
D3404.contig1502	703	0	0
D3404.contig1503	702	50	6
D3404.contig1504	702	0	0
D3404.contig1505	701	120	4
D3404.contig1506	699	45	3
D3404.contig1507	699	0	0
D3404.contig1508	698	50	6
D3404.contig1509	698	203	10
D3404.contig1510	696	0	0
D3404.contig1511	695	0	0
D3404.contig1512	695	0	0
D3404.contig1513	694	0	0
D3404.contig1514	694	461	47
D3404.contig1515	694	0	0
D3404.contig1516	693	120	11
D3404.contig1517	693	219	21
D3404.contig1518	693	161	10
D3404.contig1519	692	0	0
D3404.contig1520	692	41	1
D3404.contig1521	692	81	8
D3404.contig1522	692	0	0
D3404.contig1523	691	0	0
D3404.contig1524	690	380	21
D3404.contig1525	690	0	0
D3404.contig1526	689	0	0
D3404.contig1527	689	102	8
D3404.contig1528	689	0	0
D3404.contig1529	689	0	0
D3404.contig1530	689	0	0
D3404.contig1531	688	0	0
D3404.contig1532	687	827	34
D3404.contig1533	687	0	0
D3404.contig1534	686	127	4
D3404.contig1535	685	81	2
D3404.contig1536	685	170	21
D3404.contig1537	685	0	0
D3404.contig1538	684	0	0
D3404.contig1539	684	79	2
D3404.contig1540	684	0	0
D3404.contig1541	683	3	0
D3404.contig1542	682	0	0
D3404.contig1543	682	0	0
D3404.contig1544	682	0	0
D3404.contig1545	682	0	0
D3404.contig1546	681	165	10
D3404.contig1547	681	98	4
D3404.contig1548	681	0	0
D3404.contig1549	680	0	0
D3404.contig1550	678	638	171
D3404.contig1551	678	0	0
D3404.contig1552	678	0	0
D3404.contig1553	678	0	0
D3404.contig1554	678	0	0
D3404.contig1555	678	237	13
D3404.contig1556	678	101	10
D3404.contig1557	678	574	95
D3404.contig1558	678	0	0
D3404.contig1559	675	0	0
D3404.contig1560	675	0	0
D3404.contig1561	675	195	7
D3404.contig1562	674	75	4
D3404.contig1563	674	0	0
D3404.contig1564	674	0	0
D3404.contig1565	674	0	0
D3404.contig1566	673	0	0
D3404.contig1567	673	0	0
D3404.contig1568	673	0	0
D3404.contig1569	673	0	0
D3404.contig1570	672	0	0
D3404.contig1571	671	0	0
D3404.contig1572	671	76	8
D3404.contig1573	670	13	1
D3404.contig1574	670	36	9
D3404.contig1575	670	0	0
D3404.contig1576	669	125	7
D3404.contig1577	668	0	0
D3404.contig1578	667	90	9
D3404.contig1579	667	0	0
D3404.contig1580	667	0	0
D3404.contig1581	667	0	0
D3404.contig1582	666	136	9
D3404.contig1583	666	0	0
D3404.contig1584	666	0	0
D3404.contig1585	665	0	0
D3404.contig1586	665	0	0
D3404.contig1587	665	0	0
D3404.contig1588	664	0	0
D3404.contig1589	664	0	0
D3404.contig1590	663	0	0
D3404.contig1591	661	111	3
D3404.contig1592	659	0	0
D3404.contig1593	659	0	0
D3404.contig1594	659	320	229
D3404.contig1595	659	0	0
D3404.contig1596	659	0	0
D3404.contig1597	658	0	0
D3404.contig1598	658	0	0
D3404.contig1599	658	157	10
D3404.contig1600	657	0	0
D3404.contig1601	657	99	10
D3404.contig1602	656	0	0
D3404.contig1603	656	5863	382
D3404.contig1604	655	202	13
D3404.contig1605	655	352	26
D3404.contig1606	655	0	0
D3404.contig1607	655	0	0
D3404.contig1608	655	0	0
D3404.contig1609	654	46	3
D3404.contig1610	654	0	0
D3404.contig1611	654	0	0
D3404.contig1612	652	0	0
D3404.contig1613	650	0	0
D3404.contig1614	650	73	7
D3404.contig1615	650	0	0
D3404.contig1616	649	42	1
D3404.contig1617	649	234	20
D3404.contig1618	649	50	2
D3404.contig1619	648	0	0
D3404.contig1620	648	0	0
D3404.contig1621	647	0	0
D3404.contig1622	647	0	0
D3404.contig1623	646	0	0
D3404.contig1624	646	166	4
D3404.contig1625	646	0	0
D3404.contig1626	645	0	0
D3404.contig1627	645	119	5
D3404.contig1628	645	0	0
D3404.contig1629	644	0	0
D3404.contig1630	644	33	3
D3404.contig1631	644	0	0
D3404.contig1632	644	1	1
D3404.contig1633	642	144	12
D3404.contig1634	641	0	0
D3404.contig1635	641	0	0
D3404.contig1636	640	0	0
D3404.contig1637	640	0	0
D3404.contig1638	640	0	0
D3404.contig1639	640	124	9
D3404.contig1640	640	0	0
D3404.contig1641	638	0	0
D3404.contig1642	638	12	3
D3404.contig1643	637	0	0
D3404.contig1644	637	0	0
D3404.contig1645	636	0	0
D3404.contig1646	636	0	0
D3404.contig1647	636	0	0
D3404.contig1648	635	0	0
D3404.contig1649	635	0	0
D3404.contig1650	635	0	0
D3404.contig1651	635	0	0
D3404.contig1652	635	0	0
D3404.contig1653	634	158	9
D3404.contig1654	634	0	0
D3404.contig1655	634	0	0
D3404.contig1656	633	0	0
D3404.contig1657	633	0	0
D3404.contig1658	633	0	0
D3404.contig1659	632	0	0
D3404.contig1660	632	0	0
D3404.contig1661	631	0	0
D3404.contig1662	631	0	0
D3404.contig1663	631	63	10
D3404.contig1664	631	0	0
D3404.contig1665	630	0	0
D3404.contig1666	630	0	0
D3404.contig1667	629	0	0
D3404.contig1668	629	0	0
D3404.contig1669	629	0	0
D3404.contig1670	628	0	0
D3404.contig1671	626	0	0
D3404.contig1672	626	0	0
D3404.contig1673	626	0	0
D3404.contig1674	626	0	0
D3404.contig1675	626	0	0
D3404.contig1676	625	0	0
D3404.contig1677	625	0	0
D3404.contig1678	624	0	0
D3404.contig1679	624	143	15
D3404.contig1680	624	35	3
D3404.contig1681	623	0	0
D3404.contig1682	623	87	7
D3404.contig1683	622	0	0
D3404.contig1684	621	0	0
D3404.contig1685	621	0	0
D3404.contig1686	621	0	0
D3404.contig1687	620	0	0
D3404.contig1688	620	0	0
D3404.contig1689	619	0	0
D3404.contig1690	619	40	1
D3404.contig1691	619	0	0
D3404.contig1692	617	0	0
D3404.contig1693	617	0	0
D3404.contig1694	616	0	0
D3404.contig1695	616	0	0
D3404.contig1696	616	134	10
D3404.contig1697	615	0	0
D3404.contig1698	615	0	0
D3404.contig1699	614	0	0
D3404.contig1700	614	0	0
D3404.contig1701	614	0	0
D3404.contig1702	613	0	0
D3404.contig1703	612	88	4
D3404.contig1704	612	44	2
D3404.contig1705	612	95	4
D3404.contig1706	612	86	5
D3404.contig1707	612	0	0
D3404.contig1708	612	0	0
D3404.contig1709	611	0	0
D3404.contig1710	611	0	0
D3404.contig1711	611	0	0
D3404.contig1712	611	0	0
D3404.contig1713	610	0	0
D3404.contig1714	610	0	0
D3404.contig1715	610	0	0
D3404.contig1716	610	0	0
D3404.contig1717	610	0	0
D3404.contig1718	610	0	0
D3404.contig1719	610	105	7
D3404.contig1720	610	0	0
D3404.contig1721	609	0	0
D3404.contig1722	608	1	0
D3404.contig1723	608	0	0
D3404.contig1724	608	0	0
D3404.contig1725	608	0	0
D3404.contig1726	608	0	0
D3404.contig1727	608	0	0
D3404.contig1728	608	0	0
D3404.contig1729	606	0	0
D3404.contig1730	606	0	0
D3404.contig1731	606	73	4
D3404.contig1732	606	0	0
D3404.contig1733	606	0	0
D3404.contig1734	606	0	0
D3404.contig1735	605	0	0
D3404.contig1736	605	0	0
D3404.contig1737	605	0	0
D3404.contig1738	604	0	0
D3404.contig1739	604	750	160
D3404.contig1740	604	0	0
D3404.contig1741	604	0	0
D3404.contig1742	603	0	0
D3404.contig1743	602	192	12
D3404.contig1744	602	0	0
D3404.contig1745	601	0	0
D3404.contig1746	600	0	0
D3404.contig1747	600	66	6
D3404.contig1748	599	0	0
D3404.contig1749	599	0	0
D3404.contig1750	599	0	0
D3404.contig1751	599	0	0
D3404.contig1752	599	0	0
D3404.contig1753	599	0	0
D3404.contig1754	597	0	0
D3404.contig1755	597	15	2
D3404.contig1756	597	80	7
D3404.contig1757	597	0	0
D3404.contig1758	597	69	11
D3404.contig1759	597	0	0
D3404.contig1760	596	299	35
D3404.contig1761	596	0	0
D3404.contig1762	596	0	0
D3404.contig1763	596	125	22
D3404.contig1764	596	0	0
D3404.contig1765	596	0	0
D3404.contig1766	595	0	0
D3404.contig1767	595	0	0
D3404.contig1768	594	0	0
D3404.contig1769	594	0	0
D3404.contig1770	592	113	11
D3404.contig1771	592	51	4
D3404.contig1772	590	0	0
D3404.contig1773	590	0	0
D3404.contig1774	589	168	23
D3404.contig1775	589	0	0
D3404.contig1776	589	50	7
D3404.contig1777	587	8	0
D3404.contig1778	586	0	0
D3404.contig1779	585	0	0
D3404.contig1780	585	0	0
D3404.contig1781	585	0	0
D3404.contig1782	585	40	5
D3404.contig1783	584	0	0
D3404.contig1784	584	117470	28604
D3404.contig1785	584	0	0
D3404.contig1786	584	36	5
D3404.contig1787	584	0	0
D3404.contig1788	584	0	0
D3404.contig1789	583	0	0
D3404.contig1790	583	0	0
D3404.contig1791	583	0	0
D3404.contig1792	583	0	0
D3404.contig1793	582	0	0
D3404.contig1794	582	108	1
D3404.contig1795	582	126	10
D3404.contig1796	582	0	0
D3404.contig1797	581	0	0
D3404.contig1798	581	182	15
D3404.contig1799	580	0	0
D3404.contig1800	580	0	0
D3404.contig1801	580	31	7
D3404.contig1802	579	0	0
D3404.contig1803	578	0	0
D3404.contig1804	578	0	0
D3404.contig1805	577	0	0
D3404.contig1806	577	94	10
D3404.contig1807	577	17	1
D3404.contig1808	577	0	0
D3404.contig1809	577	0	0
D3404.contig1810	577	85	3
D3404.contig1811	577	0	0
D3404.contig1812	577	200	13
D3404.contig1813	576	0	0
D3404.contig1814	576	43	1
D3404.contig1815	576	159	9
D3404.contig1816	576	0	0
D3404.contig1817	576	70	20
D3404.contig1818	575	0	0
D3404.contig1819	574	0	0
D3404.contig1820	574	64	4
D3404.contig1821	574	0	0
D3404.contig1822	574	0	0
D3404.contig1823	573	0	0
D3404.contig1824	572	0	0
D3404.contig1825	571	176	11
D3404.contig1826	571	0	0
D3404.contig1827	571	287	10
D3404.contig1828	571	104	5
D3404.contig1829	570	0	0
D3404.contig1830	569	16	1
D3404.contig1831	569	172	25
D3404.contig1832	569	0	0
D3404.contig1833	568	0	0
D3404.contig1834	568	0	0
D3404.contig1835	568	0	0
D3404.contig1836	568	0	0
D3404.contig1837	568	121	19
D3404.contig1838	567	0	0
D3404.contig1839	567	0	0
D3404.contig1840	566	0	0
D3404.contig1841	566	0	0
D3404.contig1842	565	0	0
D3404.contig1843	565	0	0
D3404.contig1844	565	0	0
D3404.contig1845	564	0	0
D3404.contig1846	564	0	0
D3404.contig1847	563	0	0
D3404.contig1848	563	0	0
D3404.contig1849	563	0	0
D3404.contig1850	562	0	0
D3404.contig1851	561	0	0
D3404.contig1852	561	0	0
D3404.contig1853	560	0	0
D3404.contig1854	560	44	1
D3404.contig1855	560	0	0
D3404.contig1856	560	0	0
D3404.contig1857	560	0	0
D3404.contig1858	558	0	0
D3404.contig1859	556	0	0
D3404.contig1860	556	16	1
D3404.contig1861	556	0	0
D3404.contig1862	556	14	4
D3404.contig1863	555	18	0
D3404.contig1864	555	0	0
D3404.contig1865	555	0	0
D3404.contig1866	555	0	0
D3404.contig1867	554	0	0
D3404.contig1868	554	0	0
D3404.contig1869	554	0	0
D3404.contig1870	554	92	9
D3404.contig1871	554	104	11
D3404.contig1872	554	0	0
D3404.contig1873	553	0	0
D3404.contig1874	553	0	0
D3404.contig1875	553	0	0
D3404.contig1876	552	0	0
D3404.contig1877	552	49	6
D3404.contig1878	551	82	4
D3404.contig1879	550	0	0
D3404.contig1880	550	91	17
D3404.contig1881	550	0	0
D3404.contig1882	550	0	0
D3404.contig1883	549	0	0
D3404.contig1884	549	0	0
D3404.contig1885	549	0	0
D3404.contig1886	549	133	10
D3404.contig1887	549	0	0
D3404.contig1888	549	0	0
D3404.contig1889	548	0	0
D3404.contig1890	548	0	0
D3404.contig1891	548	0	0
D3404.contig1892	548	56	11
D3404.contig1893	548	0	0
D3404.contig1894	547	0	0
D3404.contig1895	547	33	7
D3404.contig1896	547	0	0
D3404.contig1897	547	0	0
D3404.contig1898	547	0	0
D3404.contig1899	547	0	0
D3404.contig1900	547	0	0
D3404.contig1901	546	0	0
D3404.contig1902	546	0	0
D3404.contig1903	546	0	0
D3404.contig1904	545	0	0
D3404.contig1905	545	0	0
D3404.contig1906	545	52	6
D3404.contig1907	545	0	0
D3404.contig1908	544	0	0
D3404.contig1909	543	0	0
D3404.contig1910	543	0	0
D3404.contig1911	543	0	0
D3404.contig1912	542	0	0
D3404.contig1913	542	0	0
D3404.contig1914	541	0	0
D3404.contig1915	541	0	0
D3404.contig1916	541	116	10
D3404.contig1917	540	0	0
D3404.contig1918	540	0	0
D3404.contig1919	539	0	0
D3404.contig1920	539	32	4
D3404.contig1921	539	178037	96310
D3404.contig1922	539	0	0
D3404.contig1923	539	0	0
D3404.contig1924	539	0	0
D3404.contig1925	539	0	0
D3404.contig1926	539	0	0
D3404.contig1927	538	0	0
D3404.contig1928	538	16	2
D3404.contig1929	538	0	0
D3404.contig1930	538	20	0
D3404.contig1931	537	45	2
D3404.contig1932	537	0	0
D3404.contig1933	537	35	7
D3404.contig1934	537	0	0
D3404.contig1935	537	111	7
D3404.contig1936	536	0	0
D3404.contig1937	536	0	0
D3404.contig1938	536	0	0
D3404.contig1939	536	0	0
D3404.contig1940	535	42	10
D3404.contig1941	535	51	1
D3404.contig1942	534	202	15
D3404.contig1943	534	0	0
D3404.contig1944	534	0	0
D3404.contig1945	533	0	0
D3404.contig1946	533	0	0
D3404.contig1947	533	227	9
D3404.contig1948	532	0	0
D3404.contig1949	532	14	1
D3404.contig1950	530	0	0
D3404.contig1951	530	71	9
D3404.contig1952	529	0	0
D3404.contig1953	529	0	0
D3404.contig1954	528	0	0
D3404.contig1955	528	0	0
D3404.contig1956	528	0	0
D3404.contig1957	528	0	0
D3404.contig1958	528	0	0
D3404.contig1959	527	0	0
D3404.contig1960	527	0	0
D3404.contig1961	527	0	0
D3404.contig1962	527	0	0
D3404.contig1963	527	0	0
D3404.contig1964	527	0	0
D3404.contig1965	527	0	0
D3404.contig1966	527	0	0
D3404.contig1967	527	0	0
D3404.contig1968	526	0	0
D3404.contig1969	526	0	0
D3404.contig1970	526	0	0
D3404.contig1971	526	0	0
D3404.contig1972	525	31	4
D3404.contig1973	525	102	7
D3404.contig1974	523	4	0
D3404.contig1975	523	1	0
D3404.contig1976	523	0	0
D3404.contig1977	523	0	0
D3404.contig1978	523	86	7
D3404.contig1979	522	81	6
D3404.contig1980	522	226	72
D3404.contig1981	522	0	0
D3404.contig1982	522	0	0
D3404.contig1983	522	25	3
D3404.contig1984	522	0	0
D3404.contig1985	521	0	0
D3404.contig1986	521	0	0
D3404.contig1987	520	91	16
D3404.contig1988	520	0	0
D3404.contig1989	520	0	0
D3404.contig1990	520	0	0
D3404.contig1991	520	94	19
D3404.contig1992	520	0	0
D3404.contig1993	520	313	10
D3404.contig1994	520	0	0
D3404.contig1995	520	0	0
D3404.contig1996	519	78	35
D3404.contig1997	519	86	9
D3404.contig1998	517	0	0
D3404.contig1999	516	0	0
D3404.contig2000	516	0	0
D3404.contig2001	516	0	0
D3404.contig2002	516	34	2
D3404.contig2003	516	0	0
D3404.contig2004	515	0	0
D3404.contig2005	515	9	2
D3404.contig2006	515	0	0
D3404.contig2007	515	0	0
D3404.contig2008	515	0	0
D3404.contig2009	515	0	0
D3404.contig2010	515	0	0
D3404.contig2011	515	0	0
D3404.contig2012	514	0	0
D3404.contig2013	514	37	0
D3404.contig2014	514	14	1
D3404.contig2015	514	82	3
D3404.contig2016	514	0	0
D3404.contig2017	514	0	0
D3404.contig2018	514	0	0
D3404.contig2019	513	0	0
D3404.contig2020	513	74	6
D3404.contig2021	513	27	2
D3404.contig2022	513	0	0
D3404.contig2023	512	0	0
D3404.contig2024	511	75	3
D3404.contig2025	510	0	0
D3404.contig2026	510	31	1
D3404.contig2027	510	80	5
D3404.contig2028	510	0	0
D3404.contig2029	510	110	9
D3404.contig2030	509	0	0
D3404.contig2031	509	154	28
D3404.contig2032	508	0	0
D3404.contig2033	508	0	0
D3404.contig2034	508	0	0
D3404.contig2035	507	0	0
D3404.contig2036	507	0	0
D3404.contig2037	507	55	5
D3404.contig2038	507	0	0
D3404.contig2039	507	0	0
D3404.contig2040	507	0	0
D3404.contig2041	507	1	1
D3404.contig2042	506	0	0
D3404.contig2043	506	0	0
D3404.contig2044	506	42	6
D3404.contig2045	506	0	0
D3404.contig2046	506	26	3
D3404.contig2047	505	0	0
D3404.contig2048	505	31	2
D3404.contig2049	505	0	0
D3404.contig2050	505	0	0
D3404.contig2051	504	0	0
D3404.contig2052	504	0	0
D3404.contig2053	504	0	0
D3404.contig2054	504	0	0
D3404.contig2055	504	0	0
D3404.contig2056	503	1	0
D3404.contig2057	503	0	0
D3404.contig2058	503	0	0
D3404.contig2059	502	995	241
D3404.contig2060	502	106	16
D3404.contig2061	500	0	0
D3404.contig2062	500	0	0
D3404.contig2063	500	0	0
D3404.contig2064	500	0	0
D3404.contig2065	500	0	0
D3404.contig2066	500	161	16
D3404.contig2067	499	0	0
D3404.contig2068	499	0	0
D3404.contig2069	498	0	0
D3404.contig2070	498	0	0
D3404.contig2071	498	35	4
D3404.contig2072	498	20	3
D3404.contig2073	498	0	0
D3404.contig2074	498	0	0
D3404.contig2075	498	0	0
D3404.contig2076	498	767	36
D3404.contig2077	498	0	0
D3404.contig2078	498	2698	180
D3404.contig2079	497	46	4
D3404.contig2080	497	0	0
D3404.contig2081	497	0	0
D3404.contig2082	497	0	0
D3404.contig2083	496	0	0
D3404.contig2084	496	0	0
D3404.contig2085	496	28	1
D3404.contig2086	496	639	22
D3404.contig2087	496	0	0
D3404.contig2088	495	0	0
D3404.contig2089	495	0	0
D3404.contig2090	495	0	0
D3404.contig2091	494	0	0
D3404.contig2092	494	0	0
D3404.contig2093	493	0	0
D3404.contig2094	493	0	0
D3404.contig2095	493	0	0
D3404.contig2096	493	64	2
D3404.contig2097	492	0	0
D3404.contig2098	492	1	0
D3404.contig2099	492	26006	793
D3404.contig2100	491	12970	698
D3404.contig2101	491	0	0
D3404.contig2102	491	0	0
D3404.contig2103	491	0	0
D3404.contig2104	490	0	0
D3404.contig2105	490	0	0
D3404.contig2106	490	0	0
D3404.contig2107	490	0	0
D3404.contig2108	489	0	0
D3404.contig2109	489	0	0
D3404.contig2110	489	40	5
D3404.contig2111	489	0	0
D3404.contig2112	489	207	48
D3404.contig2113	488	0	0
D3404.contig2114	488	25890	12099
D3404.contig2115	488	0	0
D3404.contig2116	487	234	11
D3404.contig2117	487	1	0
D3404.contig2118	487	0	0
D3404.contig2119	487	0	0
D3404.contig2120	487	0	0
D3404.contig2121	485	0	0
D3404.contig2122	485	17	7
D3404.contig2123	485	0	0
D3404.contig2124	485	0	0
D3404.contig2125	485	0	0
D3404.contig2126	484	0	0
D3404.contig2127	484	129	7
D3404.contig2128	484	0	0
D3404.contig2129	483	0	0
D3404.contig2130	483	0	0
D3404.contig2131	483	0	0
D3404.contig2132	483	47	5
D3404.contig2133	483	0	0
D3404.contig2134	483	0	0
D3404.contig2135	483	0	0
D3404.contig2136	482	0	0
D3404.contig2137	482	0	0
D3404.contig2138	482	0	0
D3404.contig2139	481	0	0
D3404.contig2140	481	0	0
D3404.contig2141	481	89	5
D3404.contig2142	481	0	0
D3404.contig2143	481	0	0
D3404.contig2144	481	0	0
D3404.contig2145	481	31	1
D3404.contig2146	480	0	0
D3404.contig2147	480	0	0
D3404.contig2148	480	48	7
D3404.contig2149	480	0	0
D3404.contig2150	480	0	0
D3404.contig2151	479	0	0
D3404.contig2152	479	38	3
D3404.contig2153	479	76	0
D3404.contig2154	478	0	0
D3404.contig2155	478	0	0
D3404.contig2156	478	0	0
D3404.contig2157	478	0	0
D3404.contig2158	478	0	0
D3404.contig2159	477	147	9
D3404.contig2160	477	0	0
D3404.contig2161	477	0	0
D3404.contig2162	477	0	0
D3404.contig2163	477	0	0
D3404.contig2164	477	0	0
D3404.contig2165	476	0	0
D3404.contig2166	476	0	0
D3404.contig2167	476	0	0
D3404.contig2168	476	0	0
D3404.contig2169	476	93	8
D3404.contig2170	474	24	1
D3404.contig2171	474	0	0
D3404.contig2172	474	0	0
D3404.contig2173	474	0	0
D3404.contig2174	474	0	0
D3404.contig2175	474	203	15
D3404.contig2176	474	0	0
D3404.contig2177	474	0	0
D3404.contig2178	473	0	0
D3404.contig2179	473	1175	57
D3404.contig2180	473	0	0
D3404.contig2181	473	0	0
D3404.contig2182	472	0	0
D3404.contig2183	472	0	0
D3404.contig2184	472	0	0
D3404.contig2185	471	0	0
D3404.contig2186	471	0	0
D3404.contig2187	471	0	0
D3404.contig2188	471	0	0
D3404.contig2189	471	0	0
D3404.contig2190	470	158	10
D3404.contig2191	469	0	0
D3404.contig2192	469	0	0
D3404.contig2193	469	27	2
D3404.contig2194	468	23	5
D3404.contig2195	468	0	0
D3404.contig2196	468	0	0
D3404.contig2197	468	0	0
D3404.contig2198	468	103	2
D3404.contig2199	468	0	0
D3404.contig2200	468	1793	134
D3404.contig2201	468	0	0
D3404.contig2202	468	76	34
D3404.contig2203	467	0	0
D3404.contig2204	467	170	16
D3404.contig2205	467	71	5
D3404.contig2206	467	0	0
D3404.contig2207	467	0	0
D3404.contig2208	467	0	0
D3404.contig2209	467	0	0
D3404.contig2210	466	1	1
D3404.contig2211	466	0	0
D3404.contig2212	466	0	0
D3404.contig2213	466	1612	129
D3404.contig2214	466	0	0
D3404.contig2215	466	0	0
D3404.contig2216	466	973	47
D3404.contig2217	466	0	0
D3404.contig2218	465	0	0
D3404.contig2219	464	83	12
D3404.contig2220	464	0	0
D3404.contig2221	464	0	0
D3404.contig2222	464	0	0
D3404.contig2223	463	231	68
D3404.contig2224	463	0	0
D3404.contig2225	463	0	0
D3404.contig2226	463	0	0
D3404.contig2227	463	19	1
D3404.contig2228	463	0	0
D3404.contig2229	463	0	0
D3404.contig2230	463	0	0
D3404.contig2231	462	0	0
D3404.contig2232	462	0	0
D3404.contig2233	462	2	1
D3404.contig2234	462	0	0
D3404.contig2235	462	450	223
D3404.contig2236	462	0	0
D3404.contig2237	462	0	0
D3404.contig2238	461	0	0
D3404.contig2239	461	128	1
D3404.contig2240	461	64	9
D3404.contig2241	461	0	0
D3404.contig2242	461	0	0
D3404.contig2243	461	0	0
D3404.contig2244	460	0	0
D3404.contig2245	460	0	0
D3404.contig2246	460	0	0
D3404.contig2247	460	0	0
D3404.contig2248	460	110	14
D3404.contig2249	460	0	0
D3404.contig2250	460	57	6
D3404.contig2251	460	0	0
D3404.contig2252	459	0	0
D3404.contig2253	459	0	0
D3404.contig2254	458	0	0
D3404.contig2255	458	0	0
D3404.contig2256	458	0	0
D3404.contig2257	458	57	8
D3404.contig2258	457	153	3
D3404.contig2259	457	0	0
D3404.contig2260	457	179	33
D3404.contig2261	457	0	0
D3404.contig2262	456	0	0
D3404.contig2263	456	81979	48258
D3404.contig2264	456	0	0
D3404.contig2265	456	0	0
D3404.contig2266	455	24	4
D3404.contig2267	454	158	9
D3404.contig2268	454	0	0
D3404.contig2269	454	0	0
D3404.contig2270	454	0	0
D3404.contig2271	454	66	3
D3404.contig2272	454	0	0
D3404.contig2273	454	24	2
D3404.contig2274	454	0	0
D3404.contig2275	453	0	0
D3404.contig2276	453	0	0
D3404.contig2277	453	85	3
D3404.contig2278	453	0	0
D3404.contig2279	453	0	0
D3404.contig2280	452	0	0
D3404.contig2281	452	0	0
D3404.contig2282	452	48	3
D3404.contig2283	452	0	0
D3404.contig2284	452	0	0
D3404.contig2285	452	188	18
D3404.contig2286	452	19	1
D3404.contig2287	452	0	0
D3404.contig2288	451	43	2
D3404.contig2289	450	0	0
D3404.contig2290	450	0	0
D3404.contig2291	449	0	0
D3404.contig2292	449	0	0
D3404.contig2293	449	0	0
D3404.contig2294	448	0	0
D3404.contig2295	448	119	4
D3404.contig2296	448	0	0
D3404.contig2297	448	0	0
D3404.contig2298	448	9	2
D3404.contig2299	448	29	4
D3404.contig2300	447	0	0
D3404.contig2301	447	0	0
D3404.contig2302	447	0	0
D3404.contig2303	447	0	0
D3404.contig2304	447	0	0
D3404.contig2305	446	0	0
D3404.contig2306	446	0	0
D3404.contig2307	446	142	13
D3404.contig2308	445	35	5
D3404.contig2309	445	14	2
D3404.contig2310	445	0	0
D3404.contig2311	445	40	2
D3404.contig2312	445	0	0
D3404.contig2313	445	51	14
D3404.contig2314	444	0	0
D3404.contig2315	444	0	0
D3404.contig2316	443	0	0
D3404.contig2317	443	0	0
D3404.contig2318	443	0	0
D3404.contig2319	443	0	0
D3404.contig2320	443	158	15
D3404.contig2321	443	0	0
D3404.contig2322	443	0	0
D3404.contig2323	442	0	0
D3404.contig2324	442	0	0
D3404.contig2325	442	0	0
D3404.contig2326	442	0	0
D3404.contig2327	442	0	0
D3404.contig2328	442	0	0
D3404.contig2329	441	0	0
D3404.contig2330	441	81	16
D3404.contig2331	441	37	4
D3404.contig2332	441	58	7
D3404.contig2333	440	0	0
D3404.contig2334	440	53	6
D3404.contig2335	440	0	0
D3404.contig2336	440	0	0
D3404.contig2337	440	0	0
D3404.contig2338	440	0	0
D3404.contig2339	439	0	0
D3404.contig2340	439	0	0
D3404.contig2341	439	0	0
D3404.contig2342	439	0	0
D3404.contig2343	439	0	0
D3404.contig2344	438	44	7
D3404.contig2345	438	0	0
D3404.contig2346	438	70284	32732
D3404.contig2347	437	0	0
D3404.contig2348	437	0	0
D3404.contig2349	437	0	0
D3404.contig2350	436	753	38
D3404.contig2351	436	0	0
D3404.contig2352	436	0	0
D3404.contig2353	436	31	5
D3404.contig2354	436	44	5
D3404.contig2355	436	0	0
D3404.contig2356	436	0	0
D3404.contig2357	435	75	7
D3404.contig2358	435	0	0
D3404.contig2359	435	148	23
D3404.contig2360	435	0	0
D3404.contig2361	435	30	2
D3404.contig2362	435	0	0
D3404.contig2363	435	0	0
D3404.contig2364	435	0	0
D3404.contig2365	435	14	0
D3404.contig2366	435	0	0
D3404.contig2367	435	0	0
D3404.contig2368	434	0	0
D3404.contig2369	434	0	0
D3404.contig2370	434	0	0
D3404.contig2371	433	2925	176
D3404.contig2372	433	0	0
D3404.contig2373	433	45	4
D3404.contig2374	433	0	0
D3404.contig2375	433	0	0
D3404.contig2376	432	0	0
D3404.contig2377	432	0	0
D3404.contig2378	432	0	0
D3404.contig2379	432	0	0
D3404.contig2380	432	0	0
D3404.contig2381	432	70	2
D3404.contig2382	432	0	0
D3404.contig2383	432	134	6
D3404.contig2384	431	0	0
D3404.contig2385	431	0	0
D3404.contig2386	430	46	3
D3404.contig2387	430	3661	233
D3404.contig2388	429	0	0
D3404.contig2389	429	0	0
D3404.contig2390	429	31	6
D3404.contig2391	429	0	0
D3404.contig2392	428	0	0
D3404.contig2393	428	0	0
D3404.contig2394	428	0	0
D3404.contig2395	428	85	3
D3404.contig2396	428	0	0
D3404.contig2397	428	0	0
D3404.contig2398	428	21	6
D3404.contig2399	427	0	0
D3404.contig2400	427	109	19
D3404.contig2401	427	0	0
D3404.contig2402	427	0	0
D3404.contig2403	426	0	0
D3404.contig2404	426	0	0
D3404.contig2405	426	0	0
D3404.contig2406	426	66	4
D3404.contig2407	426	0	0
D3404.contig2408	425	0	0
D3404.contig2409	424	19	1
D3404.contig2410	424	0	0
D3404.contig2411	424	0	0
D3404.contig2412	424	0	0
D3404.contig2413	423	0	0
D3404.contig2414	423	0	0
D3404.contig2415	423	0	0
D3404.contig2416	423	47	4
D3404.contig2417	423	58	7
D3404.contig2418	423	182	9
D3404.contig2419	423	0	0
D3404.contig2420	422	0	0
D3404.contig2421	422	22	0
D3404.contig2422	422	0	0
D3404.contig2423	422	0	0
D3404.contig2424	422	0	0
D3404.contig2425	422	67	4
D3404.contig2426	422	0	0
D3404.contig2427	422	71	1
D3404.contig2428	421	0	0
D3404.contig2429	421	0	0
D3404.contig2430	421	0	0
D3404.contig2431	421	93	10
D3404.contig2432	421	0	0
D3404.contig2433	421	0	0
D3404.contig2434	421	0	0
D3404.contig2435	421	0	0
D3404.contig2436	421	37	8
D3404.contig2437	421	0	0
D3404.contig2438	421	0	0
D3404.contig2439	421	0	0
D3404.contig2440	420	0	0
D3404.contig2441	420	0	0
D3404.contig2442	420	0	0
D3404.contig2443	420	0	0
D3404.contig2444	420	0	0
D3404.contig2445	419	124	12
D3404.contig2446	419	0	0
D3404.contig2447	419	31	3
D3404.contig2448	419	0	0
D3404.contig2449	419	0	0
D3404.contig2450	418	0	0
D3404.contig2451	418	0	0
D3404.contig2452	418	0	0
D3404.contig2453	418	0	0
D3404.contig2454	418	0	0
D3404.contig2455	418	127	42
D3404.contig2456	418	0	0
D3404.contig2457	418	0	0
D3404.contig2458	418	49	1
D3404.contig2459	418	0	0
D3404.contig2460	418	0	0
D3404.contig2461	418	38	1
D3404.contig2462	417	0	0
D3404.contig2463	417	0	0
D3404.contig2464	417	0	0
D3404.contig2465	417	0	0
D3404.contig2466	417	0	0
D3404.contig2467	417	199	10
D3404.contig2468	417	0	0
D3404.contig2469	417	0	0
D3404.contig2470	417	0	0
D3404.contig2471	416	191	16
D3404.contig2472	416	65	7
D3404.contig2473	415	0	0
D3404.contig2474	415	0	0
D3404.contig2475	415	0	0
D3404.contig2476	415	29	1
D3404.contig2477	415	0	0
D3404.contig2478	414	0	0
D3404.contig2479	414	0	0
D3404.contig2480	414	0	0
D3404.contig2481	413	0	0
D3404.contig2482	413	58	6
D3404.contig2483	413	0	0
D3404.contig2484	413	0	0
D3404.contig2485	413	0	0
D3404.contig2486	413	0	0
D3404.contig2487	412	0	0
D3404.contig2488	412	56	5
D3404.contig2489	412	0	0
D3404.contig2490	412	0	0
D3404.contig2491	412	0	0
D3404.contig2492	412	0	0
D3404.contig2493	412	0	0
D3404.contig2494	412	0	0
D3404.contig2495	411	0	0
D3404.contig2496	411	0	0
D3404.contig2497	411	0	0
D3404.contig2498	411	0	0
D3404.contig2499	411	0	0
D3404.contig2500	411	0	0
D3404.contig2501	410	66	8
D3404.contig2502	410	0	0
D3404.contig2503	410	17	1
D3404.contig2504	410	0	0
D3404.contig2505	410	0	0
D3404.contig2506	409	0	0
D3404.contig2507	409	0	0
D3404.contig2508	409	0	0
D3404.contig2509	409	0	0
D3404.contig2510	409	0	0
D3404.contig2511	409	0	0
D3404.contig2512	409	0	0
D3404.contig2513	409	0	0
D3404.contig2514	408	74	4
D3404.contig2515	408	24	4
D3404.contig2516	408	0	0
D3404.contig2517	408	71	7
D3404.contig2518	408	0	0
D3404.contig2519	408	0	0
D3404.contig2520	407	0	0
D3404.contig2521	407	0	0
D3404.contig2522	407	252	19
D3404.contig2523	407	0	0
D3404.contig2524	407	0	0
D3404.contig2525	407	0	0
D3404.contig2526	407	0	0
D3404.contig2527	406	0	0
D3404.contig2528	406	0	0
D3404.contig2529	406	0	0
D3404.contig2530	406	0	0
D3404.contig2531	406	52	8
D3404.contig2532	405	0	0
D3404.contig2533	405	0	0
D3404.contig2534	405	29	9
D3404.contig2535	405	0	0
D3404.contig2536	404	0	0
D3404.contig2537	404	0	0
D3404.contig2538	404	0	0
D3404.contig2539	404	0	0
D3404.contig2540	404	0	0
D3404.contig2541	403	94	5
D3404.contig2542	403	0	0
D3404.contig2543	403	0	0
D3404.contig2544	402	0	0
D3404.contig2545	402	0	0
D3404.contig2546	402	0	0
D3404.contig2547	402	0	0
D3404.contig2548	402	0	0
D3404.contig2549	402	0	0
D3404.contig2550	401	0	0
D3404.contig2551	401	85	5
D3404.contig2552	401	0	0
D3404.contig2553	401	0	0
D3404.contig2554	400	0	0
D3404.contig2555	400	0	0
D3404.contig2556	400	0	0
D3404.contig2557	400	0	0
D3404.contig2558	400	0	0
D3404.contig2559	400	34	3
D3404.contig2560	400	0	0
D3404.contig2561	399	6	2
D3404.contig2562	399	0	0
D3404.contig2563	399	0	0
D3404.contig2564	399	0	0
D3404.contig2565	399	0	0
D3404.contig2566	398	24	5
D3404.contig2567	398	0	0
D3404.contig2568	398	0	0
D3404.contig2569	398	0	0
D3404.contig2570	398	0	0
D3404.contig2571	398	0	0
D3404.contig2572	398	37	2
D3404.contig2573	397	0	0
D3404.contig2574	397	0	0
D3404.contig2575	397	0	0
D3404.contig2576	397	0	0
D3404.contig2577	397	0	0
D3404.contig2578	397	0	0
D3404.contig2579	397	0	0
D3404.contig2580	397	0	0
D3404.contig2581	397	0	0
D3404.contig2582	397	0	0
D3404.contig2583	396	0	0
D3404.contig2584	396	0	0
D3404.contig2585	396	0	0
D3404.contig2586	396	0	0
D3404.contig2587	396	0	0
D3404.contig2588	396	0	0
D3404.contig2589	396	0	0
D3404.contig2590	395	0	0
D3404.contig2591	395	73	13
D3404.contig2592	395	0	0
D3404.contig2593	394	0	0
D3404.contig2594	394	0	0
D3404.contig2595	394	0	0
D3404.contig2596	394	0	0
D3404.contig2597	394	0	0
D3404.contig2598	393	0	0
D3404.contig2599	393	0	0
D3404.contig2600	393	0	0
D3404.contig2601	393	0	0
D3404.contig2602	393	0	0
D3404.contig2603	393	0	0
D3404.contig2604	393	0	0
D3404.contig2605	393	0	0
D3404.contig2606	392	0	0
D3404.contig2607	392	0	0
D3404.contig2608	392	0	0
D3404.contig2609	392	0	0
D3404.contig2610	392	0	0
D3404.contig2611	391	0	0
D3404.contig2612	391	0	0
D3404.contig2613	391	0	0
D3404.contig2614	391	0	0
D3404.contig2615	391	99	11
D3404.contig2616	391	0	0
D3404.contig2617	391	59	5
D3404.contig2618	391	21	0
D3404.contig2619	391	0	0
D3404.contig2620	391	0	0
D3404.contig2621	391	0	0
D3404.contig2622	390	89	3
D3404.contig2623	390	0	0
D3404.contig2624	390	0	0
D3404.contig2625	390	0	0
D3404.contig2626	390	26	3
D3404.contig2627	390	0	0
D3404.contig2628	390	0	0
D3404.contig2629	390	0	0
D3404.contig2630	389	0	0
D3404.contig2631	389	0	0
D3404.contig2632	389	0	0
D3404.contig2633	389	45	5
D3404.contig2634	389	0	0
D3404.contig2635	389	0	0
D3404.contig2636	388	0	0
D3404.contig2637	388	0	0
D3404.contig2638	388	0	0
D3404.contig2639	388	224	9
D3404.contig2640	388	0	0
D3404.contig2641	388	0	0
D3404.contig2642	388	1605	124
D3404.contig2643	388	0	0
D3404.contig2644	388	0	0
D3404.contig2645	388	0	0
D3404.contig2646	387	0	0
D3404.contig2647	387	0	0
D3404.contig2648	387	0	0
D3404.contig2649	387	0	0
D3404.contig2650	387	0	0
D3404.contig2651	386	0	0
D3404.contig2652	386	6	0
D3404.contig2653	386	98385	39833
D3404.contig2654	386	0	0
D3404.contig2655	386	0	0
D3404.contig2656	386	18	1
D3404.contig2657	386	0	0
D3404.contig2658	385	25	3
D3404.contig2659	385	0	0
D3404.contig2660	385	0	0
D3404.contig2661	385	0	0
D3404.contig2662	385	0	0
D3404.contig2663	385	0	0
D3404.contig2664	384	0	0
D3404.contig2665	384	0	0
D3404.contig2666	384	0	0
D3404.contig2667	384	0	0
D3404.contig2668	384	0	0
D3404.contig2669	383	0	0
D3404.contig2670	383	0	0
D3404.contig2671	383	10	6
D3404.contig2672	383	0	0
D3404.contig2673	382	11	1
D3404.contig2674	382	0	0
D3404.contig2675	382	90	7
D3404.contig2676	382	0	0
D3404.contig2677	382	15	1
D3404.contig2678	382	11	1
D3404.contig2679	381	57	10
D3404.contig2680	381	0	0
D3404.contig2681	381	0	0
D3404.contig2682	381	0	0
D3404.contig2683	381	0	0
D3404.contig2684	381	0	0
D3404.contig2685	381	45	7
D3404.contig2686	380	0	0
D3404.contig2687	380	0	0
D3404.contig2688	380	0	0
D3404.contig2689	380	0	0
D3404.contig2690	380	0	0
D3404.contig2691	380	0	0
D3404.contig2692	380	0	0
D3404.contig2693	380	0	0
D3404.contig2694	379	41	3
D3404.contig2695	379	0	0
D3404.contig2696	379	0	0
D3404.contig2697	379	0	0
D3404.contig2698	379	22	12
D3404.contig2699	379	0	0
D3404.contig2700	379	0	0
D3404.contig2701	379	0	0
D3404.contig2702	379	0	0
D3404.contig2703	378	0	0
D3404.contig2704	378	0	0
D3404.contig2705	378	33	2
D3404.contig2706	378	0	0
D3404.contig2707	378	0	0
D3404.contig2708	378	8435	673
D3404.contig2709	377	0	0
D3404.contig2710	377	0	0
D3404.contig2711	377	0	0
D3404.contig2712	377	0	0
D3404.contig2713	376	0	0
D3404.contig2714	376	79	22
D3404.contig2715	376	29	1
D3404.contig2716	376	0	0
D3404.contig2717	376	0	0
D3404.contig2718	376	62	3
D3404.contig2719	376	0	0
D3404.contig2720	376	74	7
D3404.contig2721	375	0	0
D3404.contig2722	375	0	0
D3404.contig2723	375	0	0
D3404.contig2724	375	0	0
D3404.contig2725	375	0	0
D3404.contig2726	375	0	0
D3404.contig2727	375	0	0
D3404.contig2728	375	12	2
D3404.contig2729	375	0	0
D3404.contig2730	375	0	0
D3404.contig2731	375	31	6
D3404.contig2732	374	11	1
D3404.contig2733	374	29	3
D3404.contig2734	374	0	0
D3404.contig2735	374	1	0
D3404.contig2736	374	65	5
D3404.contig2737	374	0	0
D3404.contig2738	374	0	0
D3404.contig2739	374	322	38
D3404.contig2740	374	0	0
D3404.contig2741	374	0	0
D3404.contig2742	374	0	0
D3404.contig2743	374	0	0
D3404.contig2744	373	0	0
D3404.contig2745	373	9	0
D3404.contig2746	373	12	3
D3404.contig2747	373	0	0
D3404.contig2748	373	0	0
D3404.contig2749	373	0	0
D3404.contig2750	372	0	0
D3404.contig2751	372	0	0
D3404.contig2752	372	0	0
D3404.contig2753	372	0	0
D3404.contig2754	372	86800	38597
D3404.contig2755	372	63	17
D3404.contig2756	372	0	0
D3404.contig2757	372	53	10
D3404.contig2758	372	0	0
D3404.contig2759	372	30	6
D3404.contig2760	372	0	0
D3404.contig2761	372	0	0
D3404.contig2762	371	0	0
D3404.contig2763	371	0	0
D3404.contig2764	371	89	11
D3404.contig2765	371	0	0
D3404.contig2766	371	73	3
D3404.contig2767	371	0	0
D3404.contig2768	370	18	1
D3404.contig2769	370	0	0
D3404.contig2770	370	0	0
D3404.contig2771	370	938	48
D3404.contig2772	370	0	0
D3404.contig2773	370	0	0
D3404.contig2774	370	0	0
D3404.contig2775	370	0	0
D3404.contig2776	369	0	0
D3404.contig2777	369	0	0
D3404.contig2778	369	0	0
D3404.contig2779	369	0	0
D3404.contig2780	369	0	0
D3404.contig2781	369	233	83
D3404.contig2782	368	836	656
D3404.contig2783	368	0	0
D3404.contig2784	368	905	86
D3404.contig2785	368	0	0
D3404.contig2786	368	59	10
D3404.contig2787	368	0	0
D3404.contig2788	368	0	0
D3404.contig2789	368	0	0
D3404.contig2790	368	0	0
D3404.contig2791	368	0	0
D3404.contig2792	368	0	0
D3404.contig2793	368	0	0
D3404.contig2794	368	0	0
D3404.contig2795	368	0	0
D3404.contig2796	368	0	0
D3404.contig2797	367	0	0
D3404.contig2798	367	0	0
D3404.contig2799	367	0	0
D3404.contig2800	367	41	0
D3404.contig2801	367	0	0
D3404.contig2802	367	0	0
D3404.contig2803	366	30	1
D3404.contig2804	366	0	0
D3404.contig2805	366	0	0
D3404.contig2806	366	0	0
D3404.contig2807	366	0	0
D3404.contig2808	365	0	0
D3404.contig2809	365	0	0
D3404.contig2810	365	801	411
D3404.contig2811	365	0	0
D3404.contig2812	365	0	0
D3404.contig2813	364	0	0
D3404.contig2814	364	0	0
D3404.contig2815	364	0	0
D3404.contig2816	364	0	0
D3404.contig2817	364	0	0
D3404.contig2818	364	0	0
D3404.contig2819	364	0	0
D3404.contig2820	364	0	0
D3404.contig2821	363	0	0
D3404.contig2822	363	0	0
D3404.contig2823	363	0	0
D3404.contig2824	363	73	7
D3404.contig2825	363	57	3
D3404.contig2826	363	23	2
D3404.contig2827	363	0	0
D3404.contig2828	362	0	0
D3404.contig2829	362	0	0
D3404.contig2830	362	22	1
D3404.contig2831	362	41	3
D3404.contig2832	362	0	0
D3404.contig2833	362	0	0
D3404.contig2834	362	0	0
D3404.contig2835	362	178	60
D3404.contig2836	362	0	0
D3404.contig2837	362	0	0
D3404.contig2838	361	0	0
D3404.contig2839	361	0	0
D3404.contig2840	361	0	0
D3404.contig2841	361	0	0
D3404.contig2842	361	0	0
D3404.contig2843	361	0	0
D3404.contig2844	360	120	3
D3404.contig2845	360	0	0
D3404.contig2846	360	0	0
D3404.contig2847	359	0	0
D3404.contig2848	359	0	0
D3404.contig2849	359	0	0
D3404.contig2850	359	0	0
D3404.contig2851	359	0	0
D3404.contig2852	359	0	0
D3404.contig2853	359	0	0
D3404.contig2854	358	44	1
D3404.contig2855	358	0	0
D3404.contig2856	358	0	0
D3404.contig2857	358	0	0
D3404.contig2858	358	0	0
D3404.contig2859	358	31	3
D3404.contig2860	358	0	0
D3404.contig2861	358	0	0
D3404.contig2862	358	0	0
D3404.contig2863	358	797	468
D3404.contig2864	358	0	0
D3404.contig2865	357	0	0
D3404.contig2866	357	0	0
D3404.contig2867	357	13	1
D3404.contig2868	357	0	0
D3404.contig2869	357	0	0
D3404.contig2870	357	13	0
D3404.contig2871	357	51	3
D3404.contig2872	357	37	3
D3404.contig2873	357	0	0
D3404.contig2874	357	25	7
D3404.contig2875	357	5739	475
D3404.contig2876	357	0	0
D3404.contig2877	357	0	0
D3404.contig2878	356	0	0
D3404.contig2879	356	0	0
D3404.contig2880	356	0	0
D3404.contig2881	356	0	0
D3404.contig2882	356	0	0
D3404.contig2883	355	0	0
D3404.contig2884	355	0	0
D3404.contig2885	355	59	6
D3404.contig2886	355	0	0
D3404.contig2887	355	0	0
D3404.contig2888	355	0	0
D3404.contig2889	355	0	0
D3404.contig2890	355	0	0
D3404.contig2891	354	0	0
D3404.contig2892	354	0	0
D3404.contig2893	353	0	0
D3404.contig2894	353	0	0
D3404.contig2895	353	33	0
D3404.contig2896	353	0	0
D3404.contig2897	353	0	0
D3404.contig2898	353	0	0
D3404.contig2899	353	0	0
D3404.contig2900	353	0	0
D3404.contig2901	353	27	2
D3404.contig2902	353	0	0
D3404.contig2903	353	0	0
D3404.contig2904	353	0	0
D3404.contig2905	353	0	0
D3404.contig2906	353	0	0
D3404.contig2907	353	28	4
D3404.contig2908	353	0	0
D3404.contig2909	352	17	3
D3404.contig2910	352	0	0
D3404.contig2911	352	0	0
D3404.contig2912	352	0	0
D3404.contig2913	352	0	0
D3404.contig2914	352	21	2
D3404.contig2915	352	26	1
D3404.contig2916	352	0	0
D3404.contig2917	352	0	0
D3404.contig2918	352	0	0
D3404.contig2919	351	0	0
D3404.contig2920	351	0	0
D3404.contig2921	351	22	3
D3404.contig2922	351	0	0
D3404.contig2923	351	0	0
D3404.contig2924	351	0	0
D3404.contig2925	351	0	0
D3404.contig2926	351	0	0
D3404.contig2927	351	0	0
D3404.contig2928	351	0	0
D3404.contig2929	351	18	1
D3404.contig2930	351	0	0
D3404.contig2931	350	1235	70
D3404.contig2932	350	21	0
D3404.contig2933	350	0	0
D3404.contig2934	350	0	0
D3404.contig2935	349	19	3
D3404.contig2936	349	0	0
D3404.contig2937	349	0	0
D3404.contig2938	349	51	2
D3404.contig2939	349	0	0
D3404.contig2940	348	0	0
D3404.contig2941	348	0	0
D3404.contig2942	348	0	0
D3404.contig2943	348	0	0
D3404.contig2944	348	0	0
D3404.contig2945	348	0	0
D3404.contig2946	348	0	0
D3404.contig2947	347	0	0
D3404.contig2948	347	0	0
D3404.contig2949	347	0	0
D3404.contig2950	347	56	2
D3404.contig2951	347	0	0
D3404.contig2952	347	176	10
D3404.contig2953	347	0	0
D3404.contig2954	347	0	0
D3404.contig2955	347	61	2
D3404.contig2956	347	0	0
D3404.contig2957	346	0	0
D3404.contig2958	346	0	0
D3404.contig2959	346	0	0
D3404.contig2960	346	0	0
D3404.contig2961	346	0	0
D3404.contig2962	346	0	0
D3404.contig2963	346	0	0
D3404.contig2964	346	21	5
D3404.contig2965	346	0	0
D3404.contig2966	346	0	0
D3404.contig2967	345	0	0
D3404.contig2968	345	0	0
D3404.contig2969	345	5	2
D3404.contig2970	345	2	2
D3404.contig2971	345	6	1
D3404.contig2972	345	99	18
D3404.contig2973	345	0	0
D3404.contig2974	345	0	0
D3404.contig2975	345	0	0
D3404.contig2976	344	35	2
D3404.contig2977	344	0	0
D3404.contig2978	344	0	0
D3404.contig2979	344	0	0
D3404.contig2980	344	0	0
D3404.contig2981	344	0	0
D3404.contig2982	344	0	0
D3404.contig2983	343	0	0
D3404.contig2984	343	6	0
D3404.contig2985	343	0	0
D3404.contig2986	343	0	0
D3404.contig2987	343	0	0
D3404.contig2988	343	67	3
D3404.contig2989	343	0	0
D3404.contig2990	343	0	0
D3404.contig2991	342	0	0
D3404.contig2992	342	0	0
D3404.contig2993	342	0	0
D3404.contig2994	342	0	0
D3404.contig2995	342	0	0
D3404.contig2996	342	0	0
D3404.contig2997	342	30	4
D3404.contig2998	342	0	0
D3404.contig2999	342	0	0
D3404.contig3000	342	0	0
D3404.contig3001	342	0	0
D3404.contig3002	341	60	4
D3404.contig3003	341	53	3
D3404.contig3004	341	0	0
D3404.contig3005	341	0	0
D3404.contig3006	341	0	0
D3404.contig3007	340	0	0
D3404.contig3008	340	0	0
D3404.contig3009	340	0	0
D3404.contig3010	340	0	0
D3404.contig3011	340	0	0
D3404.contig3012	340	0	0
D3404.contig3013	340	0	0
D3404.contig3014	340	0	0
D3404.contig3015	340	0	0
D3404.contig3016	340	0	0
D3404.contig3017	339	0	0
D3404.contig3018	339	0	0
D3404.contig3019	339	12	1
D3404.contig3020	339	0	0
D3404.contig3021	339	0	0
D3404.contig3022	339	0	0
D3404.contig3023	339	0	0
D3404.contig3024	339	0	0
D3404.contig3025	339	0	0
D3404.contig3026	339	0	0
D3404.contig3027	339	0	0
D3404.contig3028	338	0	0
D3404.contig3029	338	0	0
D3404.contig3030	338	0	0
D3404.contig3031	338	0	0
D3404.contig3032	338	0	0
D3404.contig3033	338	0	0
D3404.contig3034	338	0	0
D3404.contig3035	338	24	2
D3404.contig3036	338	0	0
D3404.contig3037	338	0	0
D3404.contig3038	338	0	0
D3404.contig3039	338	0	0
D3404.contig3040	338	770	40
D3404.contig3041	337	0	0
D3404.contig3042	337	0	0
D3404.contig3043	337	0	0
D3404.contig3044	337	0	0
D3404.contig3045	337	0	0
D3404.contig3046	337	0	0
D3404.contig3047	337	0	0
D3404.contig3048	336	0	0
D3404.contig3049	336	0	0
D3404.contig3050	336	0	0
D3404.contig3051	336	33	3
D3404.contig3052	336	0	0
D3404.contig3053	336	0	0
D3404.contig3054	336	0	0
D3404.contig3055	336	0	0
D3404.contig3056	336	0	0
D3404.contig3057	335	0	0
D3404.contig3058	335	0	0
D3404.contig3059	335	39	0
D3404.contig3060	335	0	0
D3404.contig3061	335	0	0
D3404.contig3062	335	0	0
D3404.contig3063	335	64	21
D3404.contig3064	334	0	0
D3404.contig3065	334	0	0
D3404.contig3066	334	0	0
D3404.contig3067	334	0	0
D3404.contig3068	334	0	0
D3404.contig3069	334	0	0
D3404.contig3070	334	0	0
D3404.contig3071	334	18	2
D3404.contig3072	334	23	1
D3404.contig3073	334	0	0
D3404.contig3074	334	0	0
D3404.contig3075	334	0	0
D3404.contig3076	334	0	0
D3404.contig3077	334	29	2
D3404.contig3078	334	14	2
D3404.contig3079	333	0	0
D3404.contig3080	333	0	0
D3404.contig3081	333	0	0
D3404.contig3082	333	0	0
D3404.contig3083	333	0	0
D3404.contig3084	333	0	0
D3404.contig3085	333	0	0
D3404.contig3086	333	0	0
D3404.contig3087	333	0	0
D3404.contig3088	333	0	0
D3404.contig3089	333	0	0
D3404.contig3090	332	0	0
D3404.contig3091	332	0	0
D3404.contig3092	332	0	0
D3404.contig3093	332	0	0
D3404.contig3094	332	0	0
D3404.contig3095	332	0	0
D3404.contig3096	332	24	3
D3404.contig3097	332	0	0
D3404.contig3098	332	0	0
D3404.contig3099	332	0	0
D3404.contig3100	332	0	0
D3404.contig3101	332	0	0
D3404.contig3102	332	16	2
D3404.contig3103	332	0	0
D3404.contig3104	332	0	0
D3404.contig3105	332	49	9
D3404.contig3106	331	0	0
D3404.contig3107	331	0	0
D3404.contig3108	331	0	0
D3404.contig3109	331	15	0
D3404.contig3110	331	0	0
D3404.contig3111	331	0	0
D3404.contig3112	331	21	5
D3404.contig3113	331	0	0
D3404.contig3114	331	16	1
D3404.contig3115	330	0	0
D3404.contig3116	330	0	0
D3404.contig3117	330	49	2
D3404.contig3118	330	0	0
D3404.contig3119	330	0	0
D3404.contig3120	330	0	0
D3404.contig3121	330	0	0
D3404.contig3122	330	5214	3749
D3404.contig3123	330	0	0
D3404.contig3124	329	0	0
D3404.contig3125	329	0	0
D3404.contig3126	329	0	0
D3404.contig3127	329	81	6
D3404.contig3128	328	0	0
D3404.contig3129	328	0	0
D3404.contig3130	328	0	0
D3404.contig3131	328	0	0
D3404.contig3132	328	0	0
D3404.contig3133	327	0	0
D3404.contig3134	327	0	0
D3404.contig3135	327	0	0
D3404.contig3136	327	0	0
D3404.contig3137	327	0	0
D3404.contig3138	327	0	0
D3404.contig3139	327	0	0
D3404.contig3140	327	180	13
D3404.contig3141	327	0	0
D3404.contig3142	327	26	4
D3404.contig3143	327	0	0
D3404.contig3144	326	0	0
D3404.contig3145	326	0	0
D3404.contig3146	326	0	0
D3404.contig3147	326	0	0
D3404.contig3148	326	0	0
D3404.contig3149	326	0	0
D3404.contig3150	326	0	0
D3404.contig3151	326	9	1
D3404.contig3152	326	0	0
D3404.contig3153	325	12	1
D3404.contig3154	325	20	2
D3404.contig3155	325	24	1
D3404.contig3156	325	0	0
D3404.contig3157	325	5	1
D3404.contig3158	325	43	4
D3404.contig3159	325	0	0
D3404.contig3160	325	0	0
D3404.contig3161	324	0	0
D3404.contig3162	324	0	0
D3404.contig3163	324	0	0
D3404.contig3164	324	454	29
D3404.contig3165	324	40	5
D3404.contig3166	324	0	0
D3404.contig3167	324	0	0
D3404.contig3168	324	0	0
D3404.contig3169	324	57	3
D3404.contig3170	324	0	0
D3404.contig3171	324	52	2
D3404.contig3172	324	0	0
D3404.contig3173	323	0	0
D3404.contig3174	323	0	0
D3404.contig3175	323	0	0
D3404.contig3176	323	0	0
D3404.contig3177	323	0	0
D3404.contig3178	323	0	0
D3404.contig3179	323	0	0
D3404.contig3180	323	0	0
D3404.contig3181	323	0	0
D3404.contig3182	323	0	0
D3404.contig3183	323	0	0
D3404.contig3184	322	0	0
D3404.contig3185	322	24	3
D3404.contig3186	322	34	3
D3404.contig3187	322	0	0
D3404.contig3188	322	0	0
D3404.contig3189	322	0	0
D3404.contig3190	322	0	0
D3404.contig3191	322	0	0
D3404.contig3192	322	0	0
D3404.contig3193	322	0	0
D3404.contig3194	322	17	2
D3404.contig3195	322	0	0
D3404.contig3196	322	12	3
D3404.contig3197	322	2951	207
D3404.contig3198	322	0	0
D3404.contig3199	321	0	0
D3404.contig3200	321	0	0
D3404.contig3201	321	1367	713
D3404.contig3202	321	0	0
D3404.contig3203	321	0	0
D3404.contig3204	321	0	0
D3404.contig3205	320	0	0
D3404.contig3206	320	0	0
D3404.contig3207	320	0	0
D3404.contig3208	320	0	0
D3404.contig3209	320	0	0
D3404.contig3210	320	0	0
D3404.contig3211	320	0	0
D3404.contig3212	320	0	0
D3404.contig3213	320	0	0
D3404.contig3214	320	0	0
D3404.contig3215	320	0	0
D3404.contig3216	320	15	1
D3404.contig3217	319	0	0
D3404.contig3218	319	0	0
D3404.contig3219	319	0	0
D3404.contig3220	319	0	0
D3404.contig3221	319	0	0
D3404.contig3222	318	0	0
D3404.contig3223	318	0	0
D3404.contig3224	318	0	0
D3404.contig3225	318	0	0
D3404.contig3226	318	0	0
D3404.contig3227	318	0	0
D3404.contig3228	318	0	0
D3404.contig3229	318	0	0
D3404.contig3230	318	0	0
D3404.contig3231	317	0	0
D3404.contig3232	317	0	0
D3404.contig3233	317	0	0
D3404.contig3234	317	13	4
D3404.contig3235	317	0	0
D3404.contig3236	317	0	0
D3404.contig3237	316	10961	9125
D3404.contig3238	316	0	0
D3404.contig3239	316	0	0
D3404.contig3240	316	0	0
D3404.contig3241	316	0	0
D3404.contig3242	316	0	0
D3404.contig3243	316	0	0
D3404.contig3244	316	147	17
D3404.contig3245	316	0	0
D3404.contig3246	316	0	0
D3404.contig3247	316	0	0
D3404.contig3248	316	0	0
D3404.contig3249	316	0	0
D3404.contig3250	315	0	0
D3404.contig3251	315	0	0
D3404.contig3252	315	0	0
D3404.contig3253	315	0	0
D3404.contig3254	315	0	0
D3404.contig3255	315	0	0
D3404.contig3256	315	0	0
D3404.contig3257	315	0	0
D3404.contig3258	315	0	0
D3404.contig3259	315	0	0
D3404.contig3260	315	0	0
D3404.contig3261	315	0	0
D3404.contig3262	314	0	0
D3404.contig3263	314	0	0
D3404.contig3264	314	0	0
D3404.contig3265	314	0	0
D3404.contig3266	314	0	0
D3404.contig3267	314	0	0
D3404.contig3268	314	0	0
D3404.contig3269	314	0	0
D3404.contig3270	314	0	0
D3404.contig3271	314	170	111
D3404.contig3272	313	0	0
D3404.contig3273	313	0	0
D3404.contig3274	313	0	0
D3404.contig3275	313	0	0
D3404.contig3276	313	0	0
D3404.contig3277	313	0	0
D3404.contig3278	313	0	0
D3404.contig3279	313	0	0
D3404.contig3280	312	0	0
D3404.contig3281	312	9	2
D3404.contig3282	312	0	0
D3404.contig3283	312	27	0
D3404.contig3284	312	0	0
D3404.contig3285	312	0	0
D3404.contig3286	312	0	0
D3404.contig3287	312	0	0
D3404.contig3288	312	0	0
D3404.contig3289	312	0	0
D3404.contig3290	312	0	0
D3404.contig3291	312	0	0
D3404.contig3292	311	0	0
D3404.contig3293	311	0	0
D3404.contig3294	311	0	0
D3404.contig3295	311	0	0
D3404.contig3296	311	0	0
D3404.contig3297	311	0	0
D3404.contig3298	311	0	0
D3404.contig3299	311	0	0
D3404.contig3300	311	0	0
D3404.contig3301	311	0	0
D3404.contig3302	311	0	0
D3404.contig3303	311	0	0
D3404.contig3304	310	0	0
D3404.contig3305	310	0	0
D3404.contig3306	310	0	0
D3404.contig3307	310	0	0
D3404.contig3308	310	0	0
D3404.contig3309	310	0	0
D3404.contig3310	310	0	0
D3404.contig3311	310	0	0
D3404.contig3312	310	0	0
D3404.contig3313	309	275	76
D3404.contig3314	309	0	0
D3404.contig3315	309	63	1
D3404.contig3316	309	0	0
D3404.contig3317	309	0	0
D3404.contig3318	309	0	0
D3404.contig3319	309	2	2
D3404.contig3320	309	20	10
D3404.contig3321	308	0	0
D3404.contig3322	308	0	0
D3404.contig3323	308	0	0
D3404.contig3324	308	0	0
D3404.contig3325	308	0	0
D3404.contig3326	308	0	0
D3404.contig3327	308	0	0
D3404.contig3328	307	0	0
D3404.contig3329	307	0	0
D3404.contig3330	307	0	0
D3404.contig3331	307	0	0
D3404.contig3332	307	0	0
D3404.contig3333	307	0	0
D3404.contig3334	307	0	0
D3404.contig3335	307	0	0
D3404.contig3336	307	0	0
D3404.contig3337	307	0	0
D3404.contig3338	307	0	0
D3404.contig3339	307	0	0
D3404.contig3340	307	0	0
D3404.contig3341	307	0	0
D3404.contig3342	307	0	0
D3404.contig3343	307	0	0
D3404.contig3344	306	0	0
D3404.contig3345	306	222	14
D3404.contig3346	306	18	1
D3404.contig3347	306	0	0
D3404.contig3348	306	30	4
D3404.contig3349	306	0	0
D3404.contig3350	306	0	0
D3404.contig3351	306	0	0
D3404.contig3352	306	0	0
D3404.contig3353	306	0	0
D3404.contig3354	306	0	0
D3404.contig3355	306	0	0
D3404.contig3356	306	0	0
D3404.contig3357	306	3	2
D3404.contig3358	305	0	0
D3404.contig3359	305	0	0
D3404.contig3360	305	0	0
D3404.contig3361	305	0	0
D3404.contig3362	305	238	47
D3404.contig3363	305	0	0
D3404.contig3364	305	0	0
D3404.contig3365	305	0	0
D3404.contig3366	305	0	0
D3404.contig3367	305	0	0
D3404.contig3368	305	0	0
D3404.contig3369	305	0	0
D3404.contig3370	305	0	0
D3404.contig3371	305	0	0
D3404.contig3372	304	0	0
D3404.contig3373	304	0	0
D3404.contig3374	304	14	1
D3404.contig3375	304	0	0
D3404.contig3376	304	0	0
D3404.contig3377	304	0	0
D3404.contig3378	304	0	0
D3404.contig3379	304	0	0
D3404.contig3380	304	0	0
D3404.contig3381	304	0	0
D3404.contig3382	304	0	0
D3404.contig3383	304	11	2
D3404.contig3384	304	0	0
D3404.contig3385	304	0	0
D3404.contig3386	303	0	0
D3404.contig3387	303	0	0
D3404.contig3388	303	0	0
D3404.contig3389	303	0	0
D3404.contig3390	303	0	0
D3404.contig3391	303	0	0
D3404.contig3392	303	0	0
D3404.contig3393	303	0	0
D3404.contig3394	303	35	6
D3404.contig3395	303	0	0
D3404.contig3396	303	0	0
D3404.contig3397	303	0	0
D3404.contig3398	303	0	0
D3404.contig3399	303	0	0
D3404.contig3400	303	0	0
D3404.contig3401	302	0	0
D3404.contig3402	302	0	0
D3404.contig3403	302	0	0
D3404.contig3404	302	0	0
D3404.contig3405	302	0	0
D3404.contig3406	302	61	7
D3404.contig3407	302	32	1
D3404.contig3408	302	0	0
D3404.contig3409	302	0	0
D3404.contig3410	302	0	0
D3404.contig3411	302	0	0
D3404.contig3412	302	0	0
D3404.contig3413	302	0	0
D3404.contig3414	302	0	0
D3404.contig3415	302	10	1
D3404.contig3416	302	0	0
D3404.contig3417	302	0	0
D3404.contig3418	302	0	0
D3404.contig3419	302	11	0
D3404.contig3420	302	0	0
D3404.contig3421	301	0	0
D3404.contig3422	301	0	0
D3404.contig3423	301	0	0
D3404.contig3424	301	0	0
D3404.contig3425	301	0	0
D3404.contig3426	301	777	381
D3404.contig3427	301	0	0
D3404.contig3428	301	0	0
D3404.contig3429	301	0	0
D3404.contig3430	301	0	0
D3404.contig3431	301	0	0
D3404.contig3432	301	0	0
D3404.contig3433	300	0	0
D3404.contig3434	300	0	0
D3404.contig3435	300	480	261
D3404.contig3436	300	0	0
D3404.contig3437	300	44	0
D3404.contig3438	300	0	0
D3404.contig3439	300	0	0
D3404.contig3440	300	0	0
D3404.contig3441	300	0	0
D3404.contig3442	300	0	0
*	0	0	71533100
