R3680.contig1	2408	0	0
R3680.contig2	2101	3280972	165482
R3680.contig3	2057	82	27
R3680.contig4	1958	28754	12895
R3680.contig5	1942	0	0
R3680.contig6	1896	0	0
R3680.contig7	1798	0	0
R3680.contig8	1751	4154344	198834
R3680.contig9	1718	2	0
R3680.contig10	1655	376926	80079
R3680.contig11	1576	123	1
R3680.contig12	1542	0	0
R3680.contig13	1541	2	0
R3680.contig14	1535	0	0
R3680.contig15	1526	8	0
R3680.contig16	1493	0	0
R3680.contig17	1479	0	0
R3680.contig18	1475	0	0
R3680.contig19	1472	6605	1864
R3680.contig20	1460	0	0
R3680.contig21	1454	375	72
R3680.contig22	1446	0	0
R3680.contig23	1431	85	20
R3680.contig24	1407	0	0
R3680.contig25	1406	1461	366
R3680.contig26	1339	1023419	184629
R3680.contig27	1336	0	0
R3680.contig28	1312	40	2
R3680.contig29	1302	13796	191
R3680.contig30	1293	2	0
R3680.contig31	1291	0	0
R3680.contig32	1287	0	0
R3680.contig33	1283	0	0
R3680.contig34	1274	0	0
R3680.contig35	1259	52	2
R3680.contig36	1255	0	0
R3680.contig37	1252	0	0
R3680.contig38	1248	0	0
R3680.contig39	1217	14	3
R3680.contig40	1211	0	0
R3680.contig41	1207	0	0
R3680.contig42	1205	0	0
R3680.contig43	1185	0	0
R3680.contig44	1184	2	0
R3680.contig45	1166	387	147
R3680.contig46	1161	1324	56
R3680.contig47	1143	5	1
R3680.contig48	1135	0	0
R3680.contig49	1130	0	0
R3680.contig50	1117	6	2
R3680.contig51	1110	0	0
R3680.contig52	1103	0	0
R3680.contig53	1103	0	0
R3680.contig54	1101	0	0
R3680.contig55	1078	2042	634
R3680.contig56	1074	0	0
R3680.contig57	1072	0	0
R3680.contig58	1070	2	0
R3680.contig59	1069	31464	8795
R3680.contig60	1065	3208	799
R3680.contig61	1065	0	0
R3680.contig62	1059	0	0
R3680.contig63	1057	0	0
R3680.contig64	1054	4	0
R3680.contig65	1049	0	0
R3680.contig66	1049	0	0
R3680.contig67	1049	1006	227
R3680.contig68	1047	0	0
R3680.contig69	1044	0	0
R3680.contig70	1039	5242	1400
R3680.contig71	1033	778	232
R3680.contig72	1031	0	0
R3680.contig73	1025	0	0
R3680.contig74	1018	0	0
R3680.contig75	1015	3705	978
R3680.contig76	1008	0	0
R3680.contig77	1008	2	0
R3680.contig78	1008	0	0
R3680.contig79	1006	0	0
R3680.contig80	1005	17	1
R3680.contig81	1005	11465	3327
R3680.contig82	1005	86528	15534
R3680.contig83	1004	1	1
R3680.contig84	1003	0	0
R3680.contig85	1000	0	0
R3680.contig86	997	0	0
R3680.contig87	993	0	0
R3680.contig88	992	0	0
R3680.contig89	989	96	16
R3680.contig90	989	0	0
R3680.contig91	987	0	0
R3680.contig92	984	0	0
R3680.contig93	984	368168	86602
R3680.contig94	983	3422	486
R3680.contig95	978	0	0
R3680.contig96	975	0	0
R3680.contig97	972	0	0
R3680.contig98	969	0	0
R3680.contig99	969	0	0
R3680.contig100	969	0	0
R3680.contig101	967	0	0
R3680.contig102	961	0	0
R3680.contig103	960	0	0
R3680.contig104	958	0	0
R3680.contig105	957	0	0
R3680.contig106	953	0	0
R3680.contig107	953	9649	2784
R3680.contig108	952	106	16
R3680.contig109	947	0	0
R3680.contig110	944	0	0
R3680.contig111	943	9518	162
R3680.contig112	940	0	0
R3680.contig113	938	0	0
R3680.contig114	937	0	0
R3680.contig115	936	0	0
R3680.contig116	934	0	0
R3680.contig117	934	0	0
R3680.contig118	933	110	16
R3680.contig119	932	27	14
R3680.contig120	931	139	16
R3680.contig121	929	2319	576
R3680.contig122	925	0	0
R3680.contig123	924	0	0
R3680.contig124	921	0	0
R3680.contig125	920	0	0
R3680.contig126	919	0	0
R3680.contig127	911	0	0
R3680.contig128	910	11096	5533
R3680.contig129	904	0	0
R3680.contig130	903	0	0
R3680.contig131	900	63	12
R3680.contig132	900	0	0
R3680.contig133	897	0	0
R3680.contig134	895	0	0
R3680.contig135	893	184	7
R3680.contig136	888	0	0
R3680.contig137	882	678	115
R3680.contig138	881	5	0
R3680.contig139	879	4795	850
R3680.contig140	876	0	0
R3680.contig141	874	0	0
R3680.contig142	872	0	0
R3680.contig143	868	0	0
R3680.contig144	864	0	0
R3680.contig145	861	0	0
R3680.contig146	860	141542	23691
R3680.contig147	858	0	0
R3680.contig148	857	0	0
R3680.contig149	857	0	0
R3680.contig150	857	0	0
R3680.contig151	854	0	0
R3680.contig152	851	147	38
R3680.contig153	850	0	0
R3680.contig154	846	2	0
R3680.contig155	844	0	0
R3680.contig156	843	0	0
R3680.contig157	842	0	0
R3680.contig158	841	52	8
R3680.contig159	836	0	0
R3680.contig160	834	0	0
R3680.contig161	826	6118	2407
R3680.contig162	826	224	31
R3680.contig163	825	707	143
R3680.contig164	825	0	0
R3680.contig165	824	1490	354
R3680.contig166	823	60976	452
R3680.contig167	822	2	0
R3680.contig168	821	0	0
R3680.contig169	820	0	0
R3680.contig170	820	6	0
R3680.contig171	818	0	0
R3680.contig172	818	0	0
R3680.contig173	818	0	0
R3680.contig174	818	0	0
R3680.contig175	817	58	10
R3680.contig176	817	0	0
R3680.contig177	815	925	292
R3680.contig178	812	0	0
R3680.contig179	809	3643	1042
R3680.contig180	808	67	17
R3680.contig181	807	0	0
R3680.contig182	805	0	0
R3680.contig183	802	44381	4295
R3680.contig184	800	0	0
R3680.contig185	799	0	0
R3680.contig186	799	0	0
R3680.contig187	797	0	0
R3680.contig188	797	0	0
R3680.contig189	796	0	0
R3680.contig190	796	0	0
R3680.contig191	795	0	0
R3680.contig192	794	0	0
R3680.contig193	789	0	0
R3680.contig194	788	0	0
R3680.contig195	788	0	0
R3680.contig196	788	92	17
R3680.contig197	787	0	0
R3680.contig198	785	0	0
R3680.contig199	784	0	0
R3680.contig200	783	0	0
R3680.contig201	783	0	0
R3680.contig202	783	16	3
R3680.contig203	783	1	1
R3680.contig204	783	40	6
R3680.contig205	783	0	0
R3680.contig206	782	0	0
R3680.contig207	781	0	0
R3680.contig208	779	0	0
R3680.contig209	779	0	0
R3680.contig210	778	0	0
R3680.contig211	775	0	0
R3680.contig212	771	1098	256
R3680.contig213	771	0	0
R3680.contig214	769	0	0
R3680.contig215	768	9	5
R3680.contig216	768	2623	736
R3680.contig217	766	0	0
R3680.contig218	765	0	0
R3680.contig219	765	336	70
R3680.contig220	763	0	0
R3680.contig221	763	0	0
R3680.contig222	762	0	0
R3680.contig223	761	24	2
R3680.contig224	760	21	3
R3680.contig225	759	0	0
R3680.contig226	759	1	1
R3680.contig227	756	0	0
R3680.contig228	756	19	2
R3680.contig229	755	295	93
R3680.contig230	754	2	0
R3680.contig231	752	0	0
R3680.contig232	751	0	0
R3680.contig233	750	0	0
R3680.contig234	750	0	0
R3680.contig235	750	0	0
R3680.contig236	749	8	4
R3680.contig237	749	0	0
R3680.contig238	749	0	0
R3680.contig239	749	0	0
R3680.contig240	745	11407	4581
R3680.contig241	739	0	0
R3680.contig242	738	0	0
R3680.contig243	738	0	0
R3680.contig244	737	0	0
R3680.contig245	737	0	0
R3680.contig246	736	0	0
R3680.contig247	736	0	0
R3680.contig248	735	35	5
R3680.contig249	735	0	0
R3680.contig250	734	0	0
R3680.contig251	730	0	0
R3680.contig252	729	2744	1006
R3680.contig253	729	0	0
R3680.contig254	725	0	0
R3680.contig255	724	0	0
R3680.contig256	724	0	0
R3680.contig257	723	11213	3201
R3680.contig258	723	2330	897
R3680.contig259	722	0	0
R3680.contig260	720	0	0
R3680.contig261	720	0	0
R3680.contig262	719	0	0
R3680.contig263	716	1085	160
R3680.contig264	716	0	0
R3680.contig265	716	1	1
R3680.contig266	714	0	0
R3680.contig267	713	0	0
R3680.contig268	713	56	4
R3680.contig269	713	1	0
R3680.contig270	712	65	14
R3680.contig271	710	0	0
R3680.contig272	710	0	0
R3680.contig273	710	0	0
R3680.contig274	709	0	0
R3680.contig275	709	0	0
R3680.contig276	708	0	0
R3680.contig277	708	22	4
R3680.contig278	706	0	0
R3680.contig279	706	0	0
R3680.contig280	705	0	0
R3680.contig281	704	62	21
R3680.contig282	703	0	0
R3680.contig283	703	0	0
R3680.contig284	702	0	0
R3680.contig285	701	244	22
R3680.contig286	699	0	0
R3680.contig287	699	0	0
R3680.contig288	699	0	0
R3680.contig289	699	3925	511
R3680.contig290	699	0	0
R3680.contig291	698	0	0
R3680.contig292	697	2255	1010
R3680.contig293	696	95	13
R3680.contig294	694	0	0
R3680.contig295	692	0	0
R3680.contig296	692	16	0
R3680.contig297	692	0	0
R3680.contig298	692	0	0
R3680.contig299	692	2	0
R3680.contig300	691	0	0
R3680.contig301	691	0	0
R3680.contig302	690	4	0
R3680.contig303	689	1105	229
R3680.contig304	689	0	0
R3680.contig305	689	0	0
R3680.contig306	688	0	0
R3680.contig307	687	310	59
R3680.contig308	686	0	0
R3680.contig309	683	0	0
R3680.contig310	682	0	0
R3680.contig311	682	0	0
R3680.contig312	682	0	0
R3680.contig313	681	0	0
R3680.contig314	681	0	0
R3680.contig315	680	0	0
R3680.contig316	679	63	6
R3680.contig317	677	6	1
R3680.contig318	677	0	0
R3680.contig319	676	1	0
R3680.contig320	675	0	0
R3680.contig321	675	0	0
R3680.contig322	674	0	0
R3680.contig323	673	0	0
R3680.contig324	672	0	0
R3680.contig325	671	0	0
R3680.contig326	671	0	0
R3680.contig327	670	0	0
R3680.contig328	669	14	0
R3680.contig329	668	182	8
R3680.contig330	668	99	7
R3680.contig331	667	0	0
R3680.contig332	667	326	4
R3680.contig333	667	35	3
R3680.contig334	667	0	0
R3680.contig335	666	0	0
R3680.contig336	665	0	0
R3680.contig337	665	416	43
R3680.contig338	663	0	0
R3680.contig339	662	207	16
R3680.contig340	662	0	0
R3680.contig341	662	870	248
R3680.contig342	662	0	0
R3680.contig343	662	4	0
R3680.contig344	660	0	0
R3680.contig345	660	4609	1825
R3680.contig346	659	0	0
R3680.contig347	659	5	3
R3680.contig348	659	0	0
R3680.contig349	659	0	0
R3680.contig350	658	0	0
R3680.contig351	658	0	0
R3680.contig352	657	0	0
R3680.contig353	656	19	1
R3680.contig354	656	0	0
R3680.contig355	654	6361	2333
R3680.contig356	653	0	0
R3680.contig357	652	0	0
R3680.contig358	652	0	0
R3680.contig359	652	0	0
R3680.contig360	652	335	33
R3680.contig361	651	56	5
R3680.contig362	651	0	0
R3680.contig363	651	467	143
R3680.contig364	651	0	0
R3680.contig365	650	0	0
R3680.contig366	650	6	2
R3680.contig367	650	0	0
R3680.contig368	650	0	0
R3680.contig369	650	355	69
R3680.contig370	650	0	0
R3680.contig371	649	0	0
R3680.contig372	649	1	0
R3680.contig373	647	0	0
R3680.contig374	647	197	43
R3680.contig375	646	0	0
R3680.contig376	645	0	0
R3680.contig377	645	1642	320
R3680.contig378	645	95	19
R3680.contig379	645	0	0
R3680.contig380	644	16	0
R3680.contig381	643	0	0
R3680.contig382	639	0	0
R3680.contig383	639	0	0
R3680.contig384	638	0	0
R3680.contig385	638	0	0
R3680.contig386	637	0	0
R3680.contig387	636	175	46
R3680.contig388	636	0	0
R3680.contig389	635	0	0
R3680.contig390	635	2	0
R3680.contig391	633	0	0
R3680.contig392	633	0	0
R3680.contig393	633	0	0
R3680.contig394	632	0	0
R3680.contig395	631	60	7
R3680.contig396	630	0	0
R3680.contig397	630	3511	1175
R3680.contig398	630	0	0
R3680.contig399	630	0	0
R3680.contig400	629	0	0
R3680.contig401	629	0	0
R3680.contig402	629	0	0
R3680.contig403	628	0	0
R3680.contig404	628	0	0
R3680.contig405	627	0	0
R3680.contig406	627	65	8
R3680.contig407	627	0	0
R3680.contig408	627	0	0
R3680.contig409	626	0	0
R3680.contig410	625	0	0
R3680.contig411	624	0	0
R3680.contig412	624	0	0
R3680.contig413	623	0	0
R3680.contig414	623	135	8
R3680.contig415	623	0	0
R3680.contig416	622	298	34
R3680.contig417	622	0	0
R3680.contig418	622	0	0
R3680.contig419	621	0	0
R3680.contig420	620	0	0
R3680.contig421	619	0	0
R3680.contig422	618	0	0
R3680.contig423	618	0	0
R3680.contig424	618	0	0
R3680.contig425	617	0	0
R3680.contig426	617	0	0
R3680.contig427	616	0	0
R3680.contig428	614	0	0
R3680.contig429	613	0	0
R3680.contig430	613	6	3
R3680.contig431	612	0	0
R3680.contig432	612	0	0
R3680.contig433	611	0	0
R3680.contig434	610	0	0
R3680.contig435	609	46	2
R3680.contig436	609	0	0
R3680.contig437	608	0	0
R3680.contig438	608	8826	3307
R3680.contig439	607	0	0
R3680.contig440	606	7	2
R3680.contig441	605	0	0
R3680.contig442	605	0	0
R3680.contig443	604	303	123
R3680.contig444	603	0	0
R3680.contig445	603	0	0
R3680.contig446	602	0	0
R3680.contig447	601	0	0
R3680.contig448	601	0	0
R3680.contig449	600	0	0
R3680.contig450	600	0	0
R3680.contig451	600	8	1
R3680.contig452	598	0	0
R3680.contig453	598	7443	353
R3680.contig454	597	0	0
R3680.contig455	597	0	0
R3680.contig456	596	7830	3688
R3680.contig457	596	1	1
R3680.contig458	595	0	0
R3680.contig459	595	0	0
R3680.contig460	595	0	0
R3680.contig461	593	107	16
R3680.contig462	593	0	0
R3680.contig463	593	0	0
R3680.contig464	592	0	0
R3680.contig465	592	132	1
R3680.contig466	592	0	0
R3680.contig467	592	0	0
R3680.contig468	591	24	4
R3680.contig469	591	0	0
R3680.contig470	590	9	2
R3680.contig471	590	0	0
R3680.contig472	589	511	78
R3680.contig473	589	0	0
R3680.contig474	588	1889	156
R3680.contig475	588	0	0
R3680.contig476	588	4	0
R3680.contig477	587	0	0
R3680.contig478	587	0	0
R3680.contig479	586	0	0
R3680.contig480	586	0	0
R3680.contig481	586	0	0
R3680.contig482	586	0	0
R3680.contig483	585	0	0
R3680.contig484	584	20	0
R3680.contig485	584	0	0
R3680.contig486	583	0	0
R3680.contig487	583	0	0
R3680.contig488	582	4	0
R3680.contig489	582	0	0
R3680.contig490	582	0	0
R3680.contig491	580	0	0
R3680.contig492	580	0	0
R3680.contig493	579	0	0
R3680.contig494	578	3349	788
R3680.contig495	578	0	0
R3680.contig496	578	0	0
R3680.contig497	577	0	0
R3680.contig498	577	0	0
R3680.contig499	577	0	0
R3680.contig500	577	1363	220
R3680.contig501	577	4	0
R3680.contig502	576	9	3
R3680.contig503	576	454	115
R3680.contig504	576	0	0
R3680.contig505	576	0	0
R3680.contig506	576	0	0
R3680.contig507	575	0	0
R3680.contig508	575	0	0
R3680.contig509	574	0	0
R3680.contig510	574	0	0
R3680.contig511	574	0	0
R3680.contig512	573	23	3
R3680.contig513	573	0	0
R3680.contig514	572	40	5
R3680.contig515	572	2	0
R3680.contig516	572	0	0
R3680.contig517	572	0	0
R3680.contig518	571	0	0
R3680.contig519	571	0	0
R3680.contig520	571	0	0
R3680.contig521	571	0	0
R3680.contig522	570	0	0
R3680.contig523	570	2	0
R3680.contig524	568	0	0
R3680.contig525	567	0	0
R3680.contig526	567	0	0
R3680.contig527	567	0	0
R3680.contig528	566	440	190
R3680.contig529	566	8	0
R3680.contig530	566	0	0
R3680.contig531	565	0	0
R3680.contig532	564	0	0
R3680.contig533	564	0	0
R3680.contig534	564	0	0
R3680.contig535	564	362	100
R3680.contig536	563	2	0
R3680.contig537	562	0	0
R3680.contig538	562	0	0
R3680.contig539	561	0	0
R3680.contig540	560	3568	28
R3680.contig541	560	0	0
R3680.contig542	560	0	0
R3680.contig543	559	8357	2103
R3680.contig544	559	0	0
R3680.contig545	559	0	0
R3680.contig546	558	0	0
R3680.contig547	558	0	0
R3680.contig548	558	4	2
R3680.contig549	558	0	0
R3680.contig550	558	0	0
R3680.contig551	557	0	0
R3680.contig552	557	0	0
R3680.contig553	557	0	0
R3680.contig554	556	0	0
R3680.contig555	556	0	0
R3680.contig556	556	13751	3509
R3680.contig557	555	1	1
R3680.contig558	555	0	0
R3680.contig559	555	0	0
R3680.contig560	554	0	0
R3680.contig561	554	0	0
R3680.contig562	554	0	0
R3680.contig563	553	0	0
R3680.contig564	553	0	0
R3680.contig565	553	0	0
R3680.contig566	553	0	0
R3680.contig567	552	0	0
R3680.contig568	552	3069	1153
R3680.contig569	552	0	0
R3680.contig570	552	3093	820
R3680.contig571	552	0	0
R3680.contig572	552	0	0
R3680.contig573	552	3091	828
R3680.contig574	551	67	13
R3680.contig575	551	0	0
R3680.contig576	551	1	0
R3680.contig577	550	0	0
R3680.contig578	550	123	23
R3680.contig579	549	0	0
R3680.contig580	549	0	0
R3680.contig581	548	0	0
R3680.contig582	548	0	0
R3680.contig583	547	0	0
R3680.contig584	546	11	9
R3680.contig585	545	0	0
R3680.contig586	544	0	0
R3680.contig587	544	0	0
R3680.contig588	543	0	0
R3680.contig589	543	221	58
R3680.contig590	543	0	0
R3680.contig591	542	0	0
R3680.contig592	542	0	0
R3680.contig593	542	405	67
R3680.contig594	541	0	0
R3680.contig595	541	36	3
R3680.contig596	541	0	0
R3680.contig597	540	2	0
R3680.contig598	540	0	0
R3680.contig599	539	0	0
R3680.contig600	539	0	0
R3680.contig601	539	0	0
R3680.contig602	538	0	0
R3680.contig603	537	0	0
R3680.contig604	536	579	187
R3680.contig605	536	0	0
R3680.contig606	536	0	0
R3680.contig607	536	0	0
R3680.contig608	535	2	0
R3680.contig609	535	0	0
R3680.contig610	535	0	0
R3680.contig611	534	0	0
R3680.contig612	534	0	0
R3680.contig613	533	0	0
R3680.contig614	533	0	0
R3680.contig615	532	29	3
R3680.contig616	532	0	0
R3680.contig617	532	0	0
R3680.contig618	532	0	0
R3680.contig619	532	0	0
R3680.contig620	531	0	0
R3680.contig621	530	0	0
R3680.contig622	530	0	0
R3680.contig623	530	568	164
R3680.contig624	530	0	0
R3680.contig625	530	72	27
R3680.contig626	530	0	0
R3680.contig627	529	0	0
R3680.contig628	529	6	0
R3680.contig629	529	0	0
R3680.contig630	529	0	0
R3680.contig631	528	0	0
R3680.contig632	528	0	0
R3680.contig633	527	1	1
R3680.contig634	527	0	0
R3680.contig635	527	0	0
R3680.contig636	527	0	0
R3680.contig637	526	0	0
R3680.contig638	525	0	0
R3680.contig639	525	0	0
R3680.contig640	525	0	0
R3680.contig641	524	33	8
R3680.contig642	524	0	0
R3680.contig643	524	27	3
R3680.contig644	523	0	0
R3680.contig645	523	0	0
R3680.contig646	523	0	0
R3680.contig647	523	0	0
R3680.contig648	522	0	0
R3680.contig649	522	0	0
R3680.contig650	522	0	0
R3680.contig651	522	0	0
R3680.contig652	522	68481	21692
R3680.contig653	522	0	0
R3680.contig654	521	0	0
R3680.contig655	520	0	0
R3680.contig656	520	0	0
R3680.contig657	519	0	0
R3680.contig658	518	10	0
R3680.contig659	518	0	0
R3680.contig660	517	0	0
R3680.contig661	517	0	0
R3680.contig662	517	0	0
R3680.contig663	516	45	9
R3680.contig664	516	581	36
R3680.contig665	516	0	0
R3680.contig666	516	0	0
R3680.contig667	515	248	37
R3680.contig668	515	0	0
R3680.contig669	515	0	0
R3680.contig670	515	0	0
R3680.contig671	515	0	0
R3680.contig672	514	0	0
R3680.contig673	514	0	0
R3680.contig674	514	0	0
R3680.contig675	513	0	0
R3680.contig676	513	0	0
R3680.contig677	512	0	0
R3680.contig678	512	0	0
R3680.contig679	512	182	10
R3680.contig680	511	0	0
R3680.contig681	511	0	0
R3680.contig682	510	0	0
R3680.contig683	510	0	0
R3680.contig684	510	0	0
R3680.contig685	510	0	0
R3680.contig686	509	0	0
R3680.contig687	509	2530	696
R3680.contig688	509	0	0
R3680.contig689	508	2	0
R3680.contig690	508	0	0
R3680.contig691	507	0	0
R3680.contig692	507	0	0
R3680.contig693	507	0	0
R3680.contig694	506	0	0
R3680.contig695	506	0	0
R3680.contig696	506	0	0
R3680.contig697	506	0	0
R3680.contig698	506	1	0
R3680.contig699	505	0	0
R3680.contig700	505	0	0
R3680.contig701	504	0	0
R3680.contig702	503	0	0
R3680.contig703	502	0	0
R3680.contig704	502	0	0
R3680.contig705	502	0	0
R3680.contig706	502	0	0
R3680.contig707	501	3	1
R3680.contig708	501	0	0
R3680.contig709	501	0	0
R3680.contig710	500	71	13
R3680.contig711	499	0	0
R3680.contig712	499	0	0
R3680.contig713	499	157	49
R3680.contig714	498	0	0
R3680.contig715	497	0	0
R3680.contig716	497	0	0
R3680.contig717	496	40	11
R3680.contig718	496	0	0
R3680.contig719	496	0	0
R3680.contig720	496	0	0
R3680.contig721	495	0	0
R3680.contig722	494	0	0
R3680.contig723	493	0	0
R3680.contig724	493	0	0
R3680.contig725	493	0	0
R3680.contig726	493	0	0
R3680.contig727	493	120	18
R3680.contig728	492	0	0
R3680.contig729	492	0	0
R3680.contig730	492	0	0
R3680.contig731	492	0	0
R3680.contig732	492	0	0
R3680.contig733	491	0	0
R3680.contig734	491	0	0
R3680.contig735	491	0	0
R3680.contig736	491	0	0
R3680.contig737	491	0	0
R3680.contig738	491	0	0
R3680.contig739	490	0	0
R3680.contig740	490	0	0
R3680.contig741	490	0	0
R3680.contig742	490	0	0
R3680.contig743	489	0	0
R3680.contig744	488	0	0
R3680.contig745	488	0	0
R3680.contig746	487	1878	580
R3680.contig747	487	1	1
R3680.contig748	486	1	1
R3680.contig749	486	0	0
R3680.contig750	486	121	28
R3680.contig751	486	0	0
R3680.contig752	486	0	0
R3680.contig753	486	0	0
R3680.contig754	486	0	0
R3680.contig755	485	0	0
R3680.contig756	485	0	0
R3680.contig757	485	23	5
R3680.contig758	485	0	0
R3680.contig759	484	268	76
R3680.contig760	484	1	0
R3680.contig761	484	0	0
R3680.contig762	484	0	0
R3680.contig763	484	0	0
R3680.contig764	484	7	5
R3680.contig765	484	0	0
R3680.contig766	483	0	0
R3680.contig767	483	281	63
R3680.contig768	483	13	1
R3680.contig769	482	0	0
R3680.contig770	482	0	0
R3680.contig771	481	0	0
R3680.contig772	481	0	0
R3680.contig773	480	0	0
R3680.contig774	480	0	0
R3680.contig775	479	92	29
R3680.contig776	479	0	0
R3680.contig777	478	18	2
R3680.contig778	478	0	0
R3680.contig779	478	0	0
R3680.contig780	477	0	0
R3680.contig781	477	0	0
R3680.contig782	477	1120	237
R3680.contig783	476	0	0
R3680.contig784	476	0	0
R3680.contig785	476	0	0
R3680.contig786	476	96	3
R3680.contig787	476	0	0
R3680.contig788	475	0	0
R3680.contig789	475	0	0
R3680.contig790	474	0	0
R3680.contig791	474	0	0
R3680.contig792	474	220	48
R3680.contig793	474	0	0
R3680.contig794	474	0	0
R3680.contig795	473	0	0
R3680.contig796	473	0	0
R3680.contig797	473	0	0
R3680.contig798	473	0	0
R3680.contig799	473	0	0
R3680.contig800	473	14	2
R3680.contig801	473	0	0
R3680.contig802	472	0	0
R3680.contig803	472	0	0
R3680.contig804	471	0	0
R3680.contig805	469	0	0
R3680.contig806	469	0	0
R3680.contig807	469	0	0
R3680.contig808	469	0	0
R3680.contig809	468	2	0
R3680.contig810	468	0	0
R3680.contig811	468	0	0
R3680.contig812	467	4615	175
R3680.contig813	465	0	0
R3680.contig814	465	0	0
R3680.contig815	464	0	0
R3680.contig816	464	0	0
R3680.contig817	464	0	0
R3680.contig818	464	14	4
R3680.contig819	464	0	0
R3680.contig820	463	0	0
R3680.contig821	463	15122	2082
R3680.contig822	463	0	0
R3680.contig823	463	0	0
R3680.contig824	463	46	10
R3680.contig825	463	0	0
R3680.contig826	463	0	0
R3680.contig827	462	0	0
R3680.contig828	462	29	10
R3680.contig829	462	0	0
R3680.contig830	462	1	0
R3680.contig831	462	0	0
R3680.contig832	461	0	0
R3680.contig833	461	803	245
R3680.contig834	461	0	0
R3680.contig835	461	1517	507
R3680.contig836	461	0	0
R3680.contig837	460	0	0
R3680.contig838	460	0	0
R3680.contig839	460	110	54
R3680.contig840	460	0	0
R3680.contig841	460	0	0
R3680.contig842	460	0	0
R3680.contig843	460	4087	1566
R3680.contig844	460	0	0
R3680.contig845	460	0	0
R3680.contig846	460	0	0
R3680.contig847	459	25	5
R3680.contig848	459	0	0
R3680.contig849	459	17248	378
R3680.contig850	458	0	0
R3680.contig851	457	0	0
R3680.contig852	457	0	0
R3680.contig853	457	0	0
R3680.contig854	456	0	0
R3680.contig855	456	0	0
R3680.contig856	456	207	56
R3680.contig857	456	0	0
R3680.contig858	455	0	0
R3680.contig859	454	0	0
R3680.contig860	454	0	0
R3680.contig861	454	0	0
R3680.contig862	454	108	12
R3680.contig863	454	2	0
R3680.contig864	454	0	0
R3680.contig865	454	0	0
R3680.contig866	453	0	0
R3680.contig867	453	0	0
R3680.contig868	452	0	0
R3680.contig869	452	109	15
R3680.contig870	451	0	0
R3680.contig871	451	15	1
R3680.contig872	450	9	5
R3680.contig873	450	1	1
R3680.contig874	450	13	5
R3680.contig875	450	311	134
R3680.contig876	449	0	0
R3680.contig877	449	0	0
R3680.contig878	449	0	0
R3680.contig879	449	0	0
R3680.contig880	448	0	0
R3680.contig881	448	0	0
R3680.contig882	448	0	0
R3680.contig883	448	0	0
R3680.contig884	448	0	0
R3680.contig885	448	0	0
R3680.contig886	448	0	0
R3680.contig887	448	0	0
R3680.contig888	447	0	0
R3680.contig889	447	0	0
R3680.contig890	446	0	0
R3680.contig891	446	0	0
R3680.contig892	446	0	0
R3680.contig893	446	0	0
R3680.contig894	446	17	4
R3680.contig895	445	0	0
R3680.contig896	445	0	0
R3680.contig897	445	0	0
R3680.contig898	444	0	0
R3680.contig899	444	2094	1172
R3680.contig900	443	0	0
R3680.contig901	443	0	0
R3680.contig902	443	0	0
R3680.contig903	442	0	0
R3680.contig904	442	0	0
R3680.contig905	441	0	0
R3680.contig906	441	0	0
R3680.contig907	441	0	0
R3680.contig908	440	83	12
R3680.contig909	440	0	0
R3680.contig910	440	0	0
R3680.contig911	440	0	0
R3680.contig912	440	35	4
R3680.contig913	439	0	0
R3680.contig914	439	0	0
R3680.contig915	438	0	0
R3680.contig916	438	0	0
R3680.contig917	438	0	0
R3680.contig918	438	55	7
R3680.contig919	437	0	0
R3680.contig920	437	0	0
R3680.contig921	437	0	0
R3680.contig922	437	16	0
R3680.contig923	437	0	0
R3680.contig924	437	0	0
R3680.contig925	436	43	4
R3680.contig926	436	0	0
R3680.contig927	436	0	0
R3680.contig928	436	0	0
R3680.contig929	436	0	0
R3680.contig930	436	0	0
R3680.contig931	436	0	0
R3680.contig932	435	0	0
R3680.contig933	435	0	0
R3680.contig934	434	0	0
R3680.contig935	434	0	0
R3680.contig936	434	0	0
R3680.contig937	434	0	0
R3680.contig938	433	0	0
R3680.contig939	433	0	0
R3680.contig940	433	0	0
R3680.contig941	432	0	0
R3680.contig942	432	3340	2618
R3680.contig943	431	0	0
R3680.contig944	431	18	2
R3680.contig945	431	0	0
R3680.contig946	431	0	0
R3680.contig947	431	0	0
R3680.contig948	431	0	0
R3680.contig949	430	0	0
R3680.contig950	430	0	0
R3680.contig951	430	0	0
R3680.contig952	430	0	0
R3680.contig953	429	0	0
R3680.contig954	428	0	0
R3680.contig955	428	0	0
R3680.contig956	428	0	0
R3680.contig957	428	0	0
R3680.contig958	428	0	0
R3680.contig959	427	0	0
R3680.contig960	427	0	0
R3680.contig961	426	0	0
R3680.contig962	426	0	0
R3680.contig963	426	0	0
R3680.contig964	425	0	0
R3680.contig965	425	0	0
R3680.contig966	425	0	0
R3680.contig967	424	0	0
R3680.contig968	424	0	0
R3680.contig969	424	0	0
R3680.contig970	424	0	0
R3680.contig971	424	0	0
R3680.contig972	424	0	0
R3680.contig973	424	0	0
R3680.contig974	423	0	0
R3680.contig975	423	40	6
R3680.contig976	423	0	0
R3680.contig977	422	0	0
R3680.contig978	422	486	111
R3680.contig979	422	0	0
R3680.contig980	422	0	0
R3680.contig981	421	0	0
R3680.contig982	421	0	0
R3680.contig983	421	0	0
R3680.contig984	421	40	2
R3680.contig985	421	0	0
R3680.contig986	420	0	0
R3680.contig987	420	0	0
R3680.contig988	420	1	1
R3680.contig989	420	0	0
R3680.contig990	420	0	0
R3680.contig991	420	0	0
R3680.contig992	420	0	0
R3680.contig993	420	6	0
R3680.contig994	420	96	15
R3680.contig995	420	5	3
R3680.contig996	419	0	0
R3680.contig997	419	0	0
R3680.contig998	418	0	0
R3680.contig999	418	164	19
R3680.contig1000	418	464	11
R3680.contig1001	418	0	0
R3680.contig1002	418	0	0
R3680.contig1003	418	6	0
R3680.contig1004	418	0	0
R3680.contig1005	417	132	31
R3680.contig1006	417	0	0
R3680.contig1007	417	0	0
R3680.contig1008	416	0	0
R3680.contig1009	416	644	139
R3680.contig1010	416	0	0
R3680.contig1011	415	0	0
R3680.contig1012	415	0	0
R3680.contig1013	415	0	0
R3680.contig1014	415	0	0
R3680.contig1015	415	0	0
R3680.contig1016	415	30	4
R3680.contig1017	415	0	0
R3680.contig1018	414	0	0
R3680.contig1019	414	0	0
R3680.contig1020	413	0	0
R3680.contig1021	412	0	0
R3680.contig1022	412	0	0
R3680.contig1023	412	0	0
R3680.contig1024	412	0	0
R3680.contig1025	411	0	0
R3680.contig1026	411	0	0
R3680.contig1027	411	0	0
R3680.contig1028	411	0	0
R3680.contig1029	411	0	0
R3680.contig1030	410	0	0
R3680.contig1031	410	0	0
R3680.contig1032	409	0	0
R3680.contig1033	409	0	0
R3680.contig1034	409	2318	446
R3680.contig1035	409	122	27
R3680.contig1036	408	0	0
R3680.contig1037	407	0	0
R3680.contig1038	407	0	0
R3680.contig1039	407	0	0
R3680.contig1040	406	0	0
R3680.contig1041	406	0	0
R3680.contig1042	406	0	0
R3680.contig1043	406	0	0
R3680.contig1044	405	0	0
R3680.contig1045	405	0	0
R3680.contig1046	405	0	0
R3680.contig1047	405	144	23
R3680.contig1048	405	22	7
R3680.contig1049	405	0	0
R3680.contig1050	405	0	0
R3680.contig1051	404	34	13
R3680.contig1052	404	0	0
R3680.contig1053	404	102	17
R3680.contig1054	404	0	0
R3680.contig1055	403	0	0
R3680.contig1056	403	0	0
R3680.contig1057	403	0	0
R3680.contig1058	402	0	0
R3680.contig1059	402	0	0
R3680.contig1060	401	0	0
R3680.contig1061	401	0	0
R3680.contig1062	401	0	0
R3680.contig1063	400	581	98
R3680.contig1064	400	0	0
R3680.contig1065	400	3	0
R3680.contig1066	398	0	0
R3680.contig1067	398	0	0
R3680.contig1068	397	0	0
R3680.contig1069	397	0	0
R3680.contig1070	397	7	1
R3680.contig1071	396	0	0
R3680.contig1072	396	0	0
R3680.contig1073	396	0	0
R3680.contig1074	395	0	0
R3680.contig1075	395	0	0
R3680.contig1076	395	0	0
R3680.contig1077	395	0	0
R3680.contig1078	395	0	0
R3680.contig1079	394	0	0
R3680.contig1080	394	190	8
R3680.contig1081	394	0	0
R3680.contig1082	394	43	4
R3680.contig1083	394	0	0
R3680.contig1084	394	0	0
R3680.contig1085	394	0	0
R3680.contig1086	393	0	0
R3680.contig1087	393	0	0
R3680.contig1088	393	0	0
R3680.contig1089	393	0	0
R3680.contig1090	393	0	0
R3680.contig1091	392	2	0
R3680.contig1092	392	0	0
R3680.contig1093	392	0	0
R3680.contig1094	391	0	0
R3680.contig1095	391	0	0
R3680.contig1096	391	0	0
R3680.contig1097	391	0	0
R3680.contig1098	391	0	0
R3680.contig1099	390	0	0
R3680.contig1100	390	0	0
R3680.contig1101	390	0	0
R3680.contig1102	390	0	0
R3680.contig1103	390	0	0
R3680.contig1104	390	0	0
R3680.contig1105	389	0	0
R3680.contig1106	389	0	0
R3680.contig1107	389	0	0
R3680.contig1108	388	0	0
R3680.contig1109	387	0	0
R3680.contig1110	387	13	8
R3680.contig1111	387	0	0
R3680.contig1112	387	0	0
R3680.contig1113	387	0	0
R3680.contig1114	387	7	1
R3680.contig1115	386	0	0
R3680.contig1116	386	101	30
R3680.contig1117	385	0	0
R3680.contig1118	385	0	0
R3680.contig1119	385	6	0
R3680.contig1120	385	0	0
R3680.contig1121	385	22	1
R3680.contig1122	384	7017	2643
R3680.contig1123	384	0	0
R3680.contig1124	384	0	0
R3680.contig1125	384	0	0
R3680.contig1126	384	0	0
R3680.contig1127	383	0	0
R3680.contig1128	383	0	0
R3680.contig1129	383	0	0
R3680.contig1130	383	0	0
R3680.contig1131	382	0	0
R3680.contig1132	382	0	0
R3680.contig1133	382	0	0
R3680.contig1134	380	0	0
R3680.contig1135	380	0	0
R3680.contig1136	380	0	0
R3680.contig1137	379	0	0
R3680.contig1138	379	0	0
R3680.contig1139	378	0	0
R3680.contig1140	378	0	0
R3680.contig1141	377	0	0
R3680.contig1142	377	0	0
R3680.contig1143	377	0	0
R3680.contig1144	376	0	0
R3680.contig1145	376	0	0
R3680.contig1146	376	0	0
R3680.contig1147	376	4731	141
R3680.contig1148	376	0	0
R3680.contig1149	375	0	0
R3680.contig1150	375	1	0
R3680.contig1151	374	0	0
R3680.contig1152	374	0	0
R3680.contig1153	374	0	0
R3680.contig1154	373	39	13
R3680.contig1155	373	0	0
R3680.contig1156	373	0	0
R3680.contig1157	373	460	78
R3680.contig1158	373	2	0
R3680.contig1159	373	253	56
R3680.contig1160	373	0	0
R3680.contig1161	372	0	0
R3680.contig1162	372	0	0
R3680.contig1163	372	0	0
R3680.contig1164	371	1	1
R3680.contig1165	371	0	0
R3680.contig1166	371	0	0
R3680.contig1167	371	0	0
R3680.contig1168	371	0	0
R3680.contig1169	370	0	0
R3680.contig1170	370	22	6
R3680.contig1171	370	0	0
R3680.contig1172	369	0	0
R3680.contig1173	369	0	0
R3680.contig1174	369	0	0
R3680.contig1175	368	0	0
R3680.contig1176	368	1259	467
R3680.contig1177	368	20	8
R3680.contig1178	368	0	0
R3680.contig1179	367	0	0
R3680.contig1180	367	0	0
R3680.contig1181	367	0	0
R3680.contig1182	366	0	0
R3680.contig1183	366	8911	2193
R3680.contig1184	366	0	0
R3680.contig1185	365	0	0
R3680.contig1186	365	0	0
R3680.contig1187	365	0	0
R3680.contig1188	365	0	0
R3680.contig1189	364	0	0
R3680.contig1190	364	0	0
R3680.contig1191	364	109	48
R3680.contig1192	364	0	0
R3680.contig1193	364	21451	146
R3680.contig1194	364	0	0
R3680.contig1195	364	0	0
R3680.contig1196	364	0	0
R3680.contig1197	364	0	0
R3680.contig1198	363	0	0
R3680.contig1199	363	0	0
R3680.contig1200	363	0	0
R3680.contig1201	363	0	0
R3680.contig1202	363	0	0
R3680.contig1203	363	0	0
R3680.contig1204	362	0	0
R3680.contig1205	362	0	0
R3680.contig1206	362	0	0
R3680.contig1207	362	0	0
R3680.contig1208	362	0	0
R3680.contig1209	362	0	0
R3680.contig1210	361	0	0
R3680.contig1211	361	0	0
R3680.contig1212	361	0	0
R3680.contig1213	360	0	0
R3680.contig1214	360	0	0
R3680.contig1215	360	0	0
R3680.contig1216	360	0	0
R3680.contig1217	360	0	0
R3680.contig1218	359	0	0
R3680.contig1219	359	0	0
R3680.contig1220	359	17	8
R3680.contig1221	359	0	0
R3680.contig1222	359	0	0
R3680.contig1223	358	0	0
R3680.contig1224	358	0	0
R3680.contig1225	358	0	0
R3680.contig1226	358	0	0
R3680.contig1227	358	0	0
R3680.contig1228	358	0	0
R3680.contig1229	357	18	4
R3680.contig1230	357	21782	5153
R3680.contig1231	357	600	99
R3680.contig1232	356	0	0
R3680.contig1233	356	0	0
R3680.contig1234	356	0	0
R3680.contig1235	356	22167	9274
R3680.contig1236	356	0	0
R3680.contig1237	356	0	0
R3680.contig1238	355	0	0
R3680.contig1239	355	0	0
R3680.contig1240	354	2	0
R3680.contig1241	354	0	0
R3680.contig1242	354	0	0
R3680.contig1243	354	0	0
R3680.contig1244	353	0	0
R3680.contig1245	353	0	0
R3680.contig1246	352	31	8
R3680.contig1247	352	0	0
R3680.contig1248	352	0	0
R3680.contig1249	352	0	0
R3680.contig1250	351	0	0
R3680.contig1251	350	0	0
R3680.contig1252	350	0	0
R3680.contig1253	350	0	0
R3680.contig1254	350	0	0
R3680.contig1255	349	0	0
R3680.contig1256	349	19	5
R3680.contig1257	349	0	0
R3680.contig1258	349	0	0
R3680.contig1259	349	0	0
R3680.contig1260	349	0	0
R3680.contig1261	348	0	0
R3680.contig1262	348	0	0
R3680.contig1263	348	0	0
R3680.contig1264	348	0	0
R3680.contig1265	348	0	0
R3680.contig1266	348	0	0
R3680.contig1267	347	0	0
R3680.contig1268	347	0	0
R3680.contig1269	347	0	0
R3680.contig1270	347	0	0
R3680.contig1271	346	0	0
R3680.contig1272	346	0	0
R3680.contig1273	346	0	0
R3680.contig1274	346	662	49
R3680.contig1275	345	0	0
R3680.contig1276	345	8	2
R3680.contig1277	345	0	0
R3680.contig1278	345	0	0
R3680.contig1279	344	0	0
R3680.contig1280	344	0	0
R3680.contig1281	344	0	0
R3680.contig1282	344	0	0
R3680.contig1283	344	0	0
R3680.contig1284	344	206	101
R3680.contig1285	344	9	1
R3680.contig1286	343	0	0
R3680.contig1287	343	0	0
R3680.contig1288	343	47383	5052
R3680.contig1289	343	0	0
R3680.contig1290	343	0	0
R3680.contig1291	343	0	0
R3680.contig1292	342	0	0
R3680.contig1293	342	4	0
R3680.contig1294	342	0	0
R3680.contig1295	342	0	0
R3680.contig1296	341	0	0
R3680.contig1297	341	0	0
R3680.contig1298	341	0	0
R3680.contig1299	340	0	0
R3680.contig1300	340	4	0
R3680.contig1301	339	0	0
R3680.contig1302	339	0	0
R3680.contig1303	339	0	0
R3680.contig1304	339	63	24
R3680.contig1305	338	2	0
R3680.contig1306	338	0	0
R3680.contig1307	338	1	1
R3680.contig1308	337	0	0
R3680.contig1309	337	0	0
R3680.contig1310	337	0	0
R3680.contig1311	337	0	0
R3680.contig1312	337	0	0
R3680.contig1313	336	0	0
R3680.contig1314	336	0	0
R3680.contig1315	336	21	1
R3680.contig1316	336	0	0
R3680.contig1317	336	0	0
R3680.contig1318	336	0	0
R3680.contig1319	336	0	0
R3680.contig1320	335	0	0
R3680.contig1321	335	0	0
R3680.contig1322	335	0	0
R3680.contig1323	335	0	0
R3680.contig1324	334	0	0
R3680.contig1325	334	783	215
R3680.contig1326	334	32	4
R3680.contig1327	334	0	0
R3680.contig1328	333	0	0
R3680.contig1329	333	0	0
R3680.contig1330	333	0	0
R3680.contig1331	333	0	0
R3680.contig1332	332	0	0
R3680.contig1333	332	0	0
R3680.contig1334	332	0	0
R3680.contig1335	332	0	0
R3680.contig1336	332	0	0
R3680.contig1337	332	0	0
R3680.contig1338	331	6	1
R3680.contig1339	331	417	161
R3680.contig1340	330	0	0
R3680.contig1341	330	0	0
R3680.contig1342	330	0	0
R3680.contig1343	329	0	0
R3680.contig1344	329	0	0
R3680.contig1345	329	0	0
R3680.contig1346	329	0	0
R3680.contig1347	329	0	0
R3680.contig1348	328	0	0
R3680.contig1349	328	0	0
R3680.contig1350	328	0	0
R3680.contig1351	328	0	0
R3680.contig1352	328	0	0
R3680.contig1353	328	0	0
R3680.contig1354	327	0	0
R3680.contig1355	327	0	0
R3680.contig1356	327	0	0
R3680.contig1357	327	0	0
R3680.contig1358	327	137	45
R3680.contig1359	327	0	0
R3680.contig1360	327	0	0
R3680.contig1361	326	0	0
R3680.contig1362	325	16	0
R3680.contig1363	325	0	0
R3680.contig1364	324	0	0
R3680.contig1365	324	0	0
R3680.contig1366	324	0	0
R3680.contig1367	324	0	0
R3680.contig1368	324	0	0
R3680.contig1369	324	1	1
R3680.contig1370	324	0	0
R3680.contig1371	323	0	0
R3680.contig1372	323	0	0
R3680.contig1373	323	0	0
R3680.contig1374	323	0	0
R3680.contig1375	323	0	0
R3680.contig1376	323	0	0
R3680.contig1377	323	0	0
R3680.contig1378	323	0	0
R3680.contig1379	323	0	0
R3680.contig1380	322	0	0
R3680.contig1381	322	0	0
R3680.contig1382	322	0	0
R3680.contig1383	321	0	0
R3680.contig1384	321	0	0
R3680.contig1385	321	0	0
R3680.contig1386	321	0	0
R3680.contig1387	320	0	0
R3680.contig1388	320	0	0
R3680.contig1389	320	0	0
R3680.contig1390	320	3	0
R3680.contig1391	320	19	0
R3680.contig1392	320	0	0
R3680.contig1393	319	2	0
R3680.contig1394	319	0	0
R3680.contig1395	319	0	0
R3680.contig1396	319	0	0
R3680.contig1397	319	39937	5820
R3680.contig1398	319	0	0
R3680.contig1399	319	0	0
R3680.contig1400	318	0	0
R3680.contig1401	318	0	0
R3680.contig1402	318	149	32
R3680.contig1403	318	0	0
R3680.contig1404	318	0	0
R3680.contig1405	317	0	0
R3680.contig1406	317	0	0
R3680.contig1407	317	0	0
R3680.contig1408	317	0	0
R3680.contig1409	317	0	0
R3680.contig1410	316	0	0
R3680.contig1411	316	0	0
R3680.contig1412	316	14	0
R3680.contig1413	316	0	0
R3680.contig1414	315	18	4
R3680.contig1415	315	0	0
R3680.contig1416	315	0	0
R3680.contig1417	315	0	0
R3680.contig1418	315	0	0
R3680.contig1419	315	2	0
R3680.contig1420	314	0	0
R3680.contig1421	314	0	0
R3680.contig1422	314	0	0
R3680.contig1423	313	2653	896
R3680.contig1424	313	0	0
R3680.contig1425	313	0	0
R3680.contig1426	313	0	0
R3680.contig1427	313	0	0
R3680.contig1428	312	2	1
R3680.contig1429	312	0	0
R3680.contig1430	312	0	0
R3680.contig1431	312	1	1
R3680.contig1432	312	0	0
R3680.contig1433	312	3502	1032
R3680.contig1434	312	0	0
R3680.contig1435	311	0	0
R3680.contig1436	311	0	0
R3680.contig1437	311	0	0
R3680.contig1438	311	0	0
R3680.contig1439	311	0	0
R3680.contig1440	311	19743	5127
R3680.contig1441	310	0	0
R3680.contig1442	310	0	0
R3680.contig1443	310	0	0
R3680.contig1444	309	0	0
R3680.contig1445	308	126	1
R3680.contig1446	308	0	0
R3680.contig1447	308	0	0
R3680.contig1448	308	0	0
R3680.contig1449	307	0	0
R3680.contig1450	307	0	0
R3680.contig1451	307	0	0
R3680.contig1452	307	0	0
R3680.contig1453	306	114	10
R3680.contig1454	306	0	0
R3680.contig1455	306	0	0
R3680.contig1456	306	0	0
R3680.contig1457	306	0	0
R3680.contig1458	306	0	0
R3680.contig1459	305	27	4
R3680.contig1460	305	0	0
R3680.contig1461	305	0	0
R3680.contig1462	305	0	0
R3680.contig1463	304	0	0
R3680.contig1464	304	0	0
R3680.contig1465	303	0	0
R3680.contig1466	303	0	0
R3680.contig1467	303	0	0
R3680.contig1468	303	0	0
R3680.contig1469	303	0	0
R3680.contig1470	303	0	0
R3680.contig1471	303	5946	1141
R3680.contig1472	302	0	0
R3680.contig1473	302	0	0
R3680.contig1474	302	0	0
R3680.contig1475	302	0	0
R3680.contig1476	302	0	0
R3680.contig1477	302	0	0
R3680.contig1478	302	0	0
R3680.contig1479	302	0	0
R3680.contig1480	301	0	0
R3680.contig1481	300	0	0
R3680.contig1482	300	0	0
R3680.contig1483	300	0	0
R3680.contig1484	300	0	0
R3680.contig1485	300	0	0
R3680.contig1486	300	0	0
*	0	0	16259168
