D3591.contig1	108317	35	17
D3591.contig2	75137	4	2
D3591.contig3	59402	10	4
D3591.contig4	56897	65	27
D3591.contig5	54257	4	2
D3591.contig6	53378	0	0
D3591.contig7	50133	2	2
D3591.contig8	40939	3	1
D3591.contig9	40140	42	26
D3591.contig10	37448	0	0
D3591.contig11	35799	7	5
D3591.contig12	35542	103	99
D3591.contig13	34662	6	2
D3591.contig14	31974	0	0
D3591.contig15	30665	0	0
D3591.contig16	26339	12	0
D3591.contig17	23028	0	0
D3591.contig18	21824	9	3
D3591.contig19	21784	0	0
D3591.contig20	21516	1642	1400
D3591.contig21	21401	1	1
D3591.contig22	20367	43	5
D3591.contig23	18878	2	2
D3591.contig24	18552	0	0
D3591.contig25	18134	0	0
D3591.contig26	17688	2	0
D3591.contig27	17047	22043	17385
D3591.contig28	16766	4694	3826
D3591.contig29	16608	1	1
D3591.contig30	14854	1	1
D3591.contig31	14442	0	0
D3591.contig32	14368	1	1
D3591.contig33	13882	1	1
D3591.contig34	13876	2	2
D3591.contig35	12558	0	0
D3591.contig36	12342	0	0
D3591.contig37	12291	0	0
D3591.contig38	11935	0	0
D3591.contig39	11278	7766	6147
D3591.contig40	11066	2	0
D3591.contig41	10976	0	0
D3591.contig42	10358	0	0
D3591.contig43	10336	3	3
D3591.contig44	10318	0	0
D3591.contig45	10259	637	397
D3591.contig46	10040	0	0
D3591.contig47	9749	2	2
D3591.contig48	9553	0	0
D3591.contig49	9353	0	0
D3591.contig50	9180	0	0
D3591.contig51	9063	0	0
D3591.contig52	9051	2	0
D3591.contig53	8940	1	1
D3591.contig54	8911	0	0
D3591.contig55	8745	1	1
D3591.contig56	8646	0	0
D3591.contig57	8401	0	0
D3591.contig58	8224	0	0
D3591.contig59	8072	0	0
D3591.contig60	7956	0	0
D3591.contig61	7693	0	0
D3591.contig62	7557	9	3
D3591.contig63	7444	4	0
D3591.contig64	7368	2	2
D3591.contig65	7338	0	0
D3591.contig66	7123	0	0
D3591.contig67	7115	0	0
D3591.contig68	7008	0	0
D3591.contig69	6999	0	0
D3591.contig70	6604	0	0
D3591.contig71	6464	0	0
D3591.contig72	6413	0	0
D3591.contig73	6341	0	0
D3591.contig74	6088	0	0
D3591.contig75	6072	0	0
D3591.contig76	6067	0	0
D3591.contig77	6044	6	6
D3591.contig78	6032	0	0
D3591.contig79	5855	0	0
D3591.contig80	5826	0	0
D3591.contig81	5570	0	0
D3591.contig82	5542	0	0
D3591.contig83	5515	0	0
D3591.contig84	5448	0	0
D3591.contig85	5436	1	1
D3591.contig86	5434	0	0
D3591.contig87	5419	0	0
D3591.contig88	5410	0	0
D3591.contig89	5348	0	0
D3591.contig90	5217	0	0
D3591.contig91	5159	0	0
D3591.contig92	5036	0	0
D3591.contig93	4922	2295	1816
D3591.contig94	4794	0	0
D3591.contig95	4721	4	0
D3591.contig96	4672	0	0
D3591.contig97	4626	0	0
D3591.contig98	4499	0	0
D3591.contig99	4478	4	0
D3591.contig100	4462	0	0
D3591.contig101	4426	40	12
D3591.contig102	4324	0	0
D3591.contig103	4173	0	0
D3591.contig104	4169	0	0
D3591.contig105	4131	0	0
D3591.contig106	4122	0	0
D3591.contig107	4093	2	0
D3591.contig108	4015	0	0
D3591.contig109	3923	0	0
D3591.contig110	3888	2	0
D3591.contig111	3869	0	0
D3591.contig112	3863	0	0
D3591.contig113	3738	0	0
D3591.contig114	3738	2	2
D3591.contig115	3696	0	0
D3591.contig116	3673	0	0
D3591.contig117	3633	0	0
D3591.contig118	3613	0	0
D3591.contig119	3539	0	0
D3591.contig120	3528	0	0
D3591.contig121	3517	0	0
D3591.contig122	3457	0	0
D3591.contig123	3377	0	0
D3591.contig124	3373	0	0
D3591.contig125	3369	0	0
D3591.contig126	3344	0	0
D3591.contig127	3306	0	0
D3591.contig128	3273	0	0
D3591.contig129	3257	0	0
D3591.contig130	3159	0	0
D3591.contig131	3142	0	0
D3591.contig132	3054	0	0
D3591.contig133	3048	2214	1497
D3591.contig134	3031	0	0
D3591.contig135	2984	0	0
D3591.contig136	2981	0	0
D3591.contig137	2968	0	0
D3591.contig138	2924	36	2
D3591.contig139	2922	0	0
D3591.contig140	2910	0	0
D3591.contig141	2908	2	2
D3591.contig142	2845	0	0
D3591.contig143	2824	0	0
D3591.contig144	2810	0	0
D3591.contig145	2807	0	0
D3591.contig146	2765	0	0
D3591.contig147	2760	1	1
D3591.contig148	2759	0	0
D3591.contig149	2756	0	0
D3591.contig150	2724	0	0
D3591.contig151	2694	1301	855
D3591.contig152	2690	43	9
D3591.contig153	2645	13	13
D3591.contig154	2644	0	0
D3591.contig155	2631	0	0
D3591.contig156	2616	0	0
D3591.contig157	2614	0	0
D3591.contig158	2602	0	0
D3591.contig159	2577	0	0
D3591.contig160	2554	0	0
D3591.contig161	2535	6	2
D3591.contig162	2535	0	0
D3591.contig163	2520	0	0
D3591.contig164	2515	0	0
D3591.contig165	2505	0	0
D3591.contig166	2504	0	0
D3591.contig167	2486	0	0
D3591.contig168	2477	0	0
D3591.contig169	2471	0	0
D3591.contig170	2459	0	0
D3591.contig171	2453	0	0
D3591.contig172	2432	0	0
D3591.contig173	2428	0	0
D3591.contig174	2426	0	0
D3591.contig175	2360	0	0
D3591.contig176	2306	0	0
D3591.contig177	2298	0	0
D3591.contig178	2291	955	82
D3591.contig179	2284	1	1
D3591.contig180	2280	0	0
D3591.contig181	2236	0	0
D3591.contig182	2180	0	0
D3591.contig183	2180	0	0
D3591.contig184	2169	0	0
D3591.contig185	2131	0	0
D3591.contig186	2125	0	0
D3591.contig187	2115	0	0
D3591.contig188	2114	0	0
D3591.contig189	2114	1689	113
D3591.contig190	2114	0	0
D3591.contig191	2109	2	0
D3591.contig192	2102	0	0
D3591.contig193	2093	0	0
D3591.contig194	2092	0	0
D3591.contig195	2090	0	0
D3591.contig196	2088	0	0
D3591.contig197	2082	0	0
D3591.contig198	2075	0	0
D3591.contig199	2069	0	0
D3591.contig200	2068	0	0
D3591.contig201	2045	0	0
D3591.contig202	2043	0	0
D3591.contig203	2039	0	0
D3591.contig204	2038	0	0
D3591.contig205	2032	2	0
D3591.contig206	2029	0	0
D3591.contig207	2007	0	0
D3591.contig208	1973	0	0
D3591.contig209	1969	0	0
D3591.contig210	1967	0	0
D3591.contig211	1949	1263	1155
D3591.contig212	1939	0	0
D3591.contig213	1936	0	0
D3591.contig214	1936	0	0
D3591.contig215	1934	0	0
D3591.contig216	1926	0	0
D3591.contig217	1921	0	0
D3591.contig218	1919	6	0
D3591.contig219	1912	0	0
D3591.contig220	1909	0	0
D3591.contig221	1894	0	0
D3591.contig222	1890	0	0
D3591.contig223	1871	0	0
D3591.contig224	1866	0	0
D3591.contig225	1856	0	0
D3591.contig226	1851	0	0
D3591.contig227	1827	0	0
D3591.contig228	1799	0	0
D3591.contig229	1797	0	0
D3591.contig230	1794	2	0
D3591.contig231	1779	0	0
D3591.contig232	1774	0	0
D3591.contig233	1773	0	0
D3591.contig234	1767	0	0
D3591.contig235	1763	0	0
D3591.contig236	1757	0	0
D3591.contig237	1743	0	0
D3591.contig238	1740	0	0
D3591.contig239	1732	0	0
D3591.contig240	1727	0	0
D3591.contig241	1727	0	0
D3591.contig242	1715	0	0
D3591.contig243	1713	0	0
D3591.contig244	1704	0	0
D3591.contig245	1701	0	0
D3591.contig246	1694	2	0
D3591.contig247	1684	0	0
D3591.contig248	1668	0	0
D3591.contig249	1662	0	0
D3591.contig250	1659	0	0
D3591.contig251	1652	0	0
D3591.contig252	1642	0	0
D3591.contig253	1617	0	0
D3591.contig254	1605	0	0
D3591.contig255	1597	0	0
D3591.contig256	1596	0	0
D3591.contig257	1574	0	0
D3591.contig258	1573	0	0
D3591.contig259	1564	0	0
D3591.contig260	1562	0	0
D3591.contig261	1559	0	0
D3591.contig262	1554	0	0
D3591.contig263	1548	0	0
D3591.contig264	1548	0	0
D3591.contig265	1547	0	0
D3591.contig266	1540	11	3
D3591.contig267	1523	0	0
D3591.contig268	1518	0	0
D3591.contig269	1518	4	2
D3591.contig270	1516	0	0
D3591.contig271	1500	0	0
D3591.contig272	1500	0	0
D3591.contig273	1498	0	0
D3591.contig274	1496	0	0
D3591.contig275	1491	0	0
D3591.contig276	1488	0	0
D3591.contig277	1488	0	0
D3591.contig278	1487	0	0
D3591.contig279	1486	0	0
D3591.contig280	1486	0	0
D3591.contig281	1478	0	0
D3591.contig282	1478	3651	3055
D3591.contig283	1478	0	0
D3591.contig284	1476	185	15
D3591.contig285	1472	0	0
D3591.contig286	1467	0	0
D3591.contig287	1465	0	0
D3591.contig288	1464	0	0
D3591.contig289	1458	0	0
D3591.contig290	1457	0	0
D3591.contig291	1452	2	0
D3591.contig292	1450	0	0
D3591.contig293	1441	2	2
D3591.contig294	1432	0	0
D3591.contig295	1429	0	0
D3591.contig296	1423	0	0
D3591.contig297	1422	0	0
D3591.contig298	1417	0	0
D3591.contig299	1415	0	0
D3591.contig300	1410	0	0
D3591.contig301	1405	0	0
D3591.contig302	1399	0	0
D3591.contig303	1392	2	0
D3591.contig304	1391	0	0
D3591.contig305	1387	0	0
D3591.contig306	1384	0	0
D3591.contig307	1382	0	0
D3591.contig308	1378	0	0
D3591.contig309	1375	0	0
D3591.contig310	1375	0	0
D3591.contig311	1372	0	0
D3591.contig312	1370	0	0
D3591.contig313	1369	7	2
D3591.contig314	1367	0	0
D3591.contig315	1366	0	0
D3591.contig316	1366	0	0
D3591.contig317	1363	0	0
D3591.contig318	1359	0	0
D3591.contig319	1359	0	0
D3591.contig320	1356	0	0
D3591.contig321	1355	0	0
D3591.contig322	1350	0	0
D3591.contig323	1347	0	0
D3591.contig324	1346	0	0
D3591.contig325	1344	0	0
D3591.contig326	1343	0	0
D3591.contig327	1340	0	0
D3591.contig328	1337	0	0
D3591.contig329	1331	0	0
D3591.contig330	1329	0	0
D3591.contig331	1323	0	0
D3591.contig332	1310	0	0
D3591.contig333	1310	0	0
D3591.contig334	1293	0	0
D3591.contig335	1285	0	0
D3591.contig336	1284	0	0
D3591.contig337	1280	5	1
D3591.contig338	1272	0	0
D3591.contig339	1263	0	0
D3591.contig340	1262	0	0
D3591.contig341	1259	0	0
D3591.contig342	1253	0	0
D3591.contig343	1248	0	0
D3591.contig344	1246	0	0
D3591.contig345	1243	0	0
D3591.contig346	1243	0	0
D3591.contig347	1242	0	0
D3591.contig348	1242	0	0
D3591.contig349	1241	0	0
D3591.contig350	1236	0	0
D3591.contig351	1235	0	0
D3591.contig352	1230	0	0
D3591.contig353	1229	0	0
D3591.contig354	1229	0	0
D3591.contig355	1228	0	0
D3591.contig356	1209	0	0
D3591.contig357	1208	0	0
D3591.contig358	1201	0	0
D3591.contig359	1194	0	0
D3591.contig360	1191	0	0
D3591.contig361	1185	0	0
D3591.contig362	1179	0	0
D3591.contig363	1179	0	0
D3591.contig364	1179	0	0
D3591.contig365	1177	0	0
D3591.contig366	1174	0	0
D3591.contig367	1172	0	0
D3591.contig368	1172	0	0
D3591.contig369	1165	0	0
D3591.contig370	1163	0	0
D3591.contig371	1162	0	0
D3591.contig372	1162	0	0
D3591.contig373	1160	0	0
D3591.contig374	1159	0	0
D3591.contig375	1157	0	0
D3591.contig376	1148	0	0
D3591.contig377	1148	0	0
D3591.contig378	1148	0	0
D3591.contig379	1142	0	0
D3591.contig380	1141	0	0
D3591.contig381	1141	0	0
D3591.contig382	1140	0	0
D3591.contig383	1136	0	0
D3591.contig384	1136	0	0
D3591.contig385	1132	0	0
D3591.contig386	1132	0	0
D3591.contig387	1132	0	0
D3591.contig388	1130	0	0
D3591.contig389	1129	0	0
D3591.contig390	1127	0	0
D3591.contig391	1126	0	0
D3591.contig392	1126	0	0
D3591.contig393	1118	0	0
D3591.contig394	1113	0	0
D3591.contig395	1113	0	0
D3591.contig396	1108	0	0
D3591.contig397	1105	0	0
D3591.contig398	1104	0	0
D3591.contig399	1098	0	0
D3591.contig400	1096	0	0
D3591.contig401	1094	0	0
D3591.contig402	1092	0	0
D3591.contig403	1092	0	0
D3591.contig404	1090	0	0
D3591.contig405	1088	0	0
D3591.contig406	1087	0	0
D3591.contig407	1087	0	0
D3591.contig408	1082	0	0
D3591.contig409	1076	0	0
D3591.contig410	1073	0	0
D3591.contig411	1073	0	0
D3591.contig412	1072	0	0
D3591.contig413	1069	0	0
D3591.contig414	1067	0	0
D3591.contig415	1055	0	0
D3591.contig416	1054	0	0
D3591.contig417	1053	0	0
D3591.contig418	1053	0	0
D3591.contig419	1052	0	0
D3591.contig420	1052	0	0
D3591.contig421	1051	0	0
D3591.contig422	1049	0	0
D3591.contig423	1047	0	0
D3591.contig424	1044	0	0
D3591.contig425	1041	0	0
D3591.contig426	1040	0	0
D3591.contig427	1038	0	0
D3591.contig428	1036	0	0
D3591.contig429	1035	0	0
D3591.contig430	1034	0	0
D3591.contig431	1033	0	0
D3591.contig432	1032	0	0
D3591.contig433	1031	1901	1466
D3591.contig434	1029	0	0
D3591.contig435	1028	0	0
D3591.contig436	1021	0	0
D3591.contig437	1016	0	0
D3591.contig438	1016	0	0
D3591.contig439	1008	0	0
D3591.contig440	1006	0	0
D3591.contig441	1006	0	0
D3591.contig442	1004	0	0
D3591.contig443	1004	0	0
D3591.contig444	1002	0	0
D3591.contig445	1001	0	0
D3591.contig446	998	0	0
D3591.contig447	998	0	0
D3591.contig448	996	0	0
D3591.contig449	993	0	0
D3591.contig450	990	0	0
D3591.contig451	990	0	0
D3591.contig452	986	0	0
D3591.contig453	985	0	0
D3591.contig454	985	0	0
D3591.contig455	985	0	0
D3591.contig456	983	0	0
D3591.contig457	982	0	0
D3591.contig458	980	0	0
D3591.contig459	980	0	0
D3591.contig460	978	0	0
D3591.contig461	978	0	0
D3591.contig462	977	0	0
D3591.contig463	977	0	0
D3591.contig464	977	1467	1250
D3591.contig465	974	0	0
D3591.contig466	974	0	0
D3591.contig467	970	0	0
D3591.contig468	969	0	0
D3591.contig469	969	0	0
D3591.contig470	966	0	0
D3591.contig471	965	0	0
D3591.contig472	964	0	0
D3591.contig473	962	0	0
D3591.contig474	958	0	0
D3591.contig475	956	0	0
D3591.contig476	954	0	0
D3591.contig477	953	0	0
D3591.contig478	953	0	0
D3591.contig479	952	0	0
D3591.contig480	950	0	0
D3591.contig481	950	0	0
D3591.contig482	949	0	0
D3591.contig483	947	0	0
D3591.contig484	947	610	75
D3591.contig485	946	0	0
D3591.contig486	945	0	0
D3591.contig487	944	0	0
D3591.contig488	943	0	0
D3591.contig489	941	0	0
D3591.contig490	941	0	0
D3591.contig491	941	0	0
D3591.contig492	940	0	0
D3591.contig493	939	0	0
D3591.contig494	938	0	0
D3591.contig495	937	0	0
D3591.contig496	936	0	0
D3591.contig497	934	0	0
D3591.contig498	931	0	0
D3591.contig499	930	0	0
D3591.contig500	929	0	0
D3591.contig501	928	3	0
D3591.contig502	927	0	0
D3591.contig503	923	2	0
D3591.contig504	919	0	0
D3591.contig505	919	0	0
D3591.contig506	918	0	0
D3591.contig507	916	0	0
D3591.contig508	914	0	0
D3591.contig509	903	9	4
D3591.contig510	902	0	0
D3591.contig511	902	0	0
D3591.contig512	901	1	1
D3591.contig513	900	0	0
D3591.contig514	900	0	0
D3591.contig515	898	0	0
D3591.contig516	894	2813	2129
D3591.contig517	893	0	0
D3591.contig518	890	0	0
D3591.contig519	887	0	0
D3591.contig520	887	0	0
D3591.contig521	883	0	0
D3591.contig522	882	0	0
D3591.contig523	881	0	0
D3591.contig524	880	0	0
D3591.contig525	879	0	0
D3591.contig526	878	0	0
D3591.contig527	877	0	0
D3591.contig528	876	0	0
D3591.contig529	875	0	0
D3591.contig530	875	0	0
D3591.contig531	874	0	0
D3591.contig532	871	0	0
D3591.contig533	870	0	0
D3591.contig534	870	0	0
D3591.contig535	866	0	0
D3591.contig536	864	0	0
D3591.contig537	864	0	0
D3591.contig538	861	0	0
D3591.contig539	858	0	0
D3591.contig540	856	0	0
D3591.contig541	856	0	0
D3591.contig542	856	0	0
D3591.contig543	856	0	0
D3591.contig544	855	0	0
D3591.contig545	855	60	57
D3591.contig546	854	0	0
D3591.contig547	853	0	0
D3591.contig548	853	0	0
D3591.contig549	853	0	0
D3591.contig550	850	0	0
D3591.contig551	849	0	0
D3591.contig552	849	0	0
D3591.contig553	847	0	0
D3591.contig554	845	0	0
D3591.contig555	843	0	0
D3591.contig556	842	0	0
D3591.contig557	839	0	0
D3591.contig558	839	0	0
D3591.contig559	835	0	0
D3591.contig560	834	0	0
D3591.contig561	833	557	484
D3591.contig562	832	0	0
D3591.contig563	831	0	0
D3591.contig564	831	0	0
D3591.contig565	831	0	0
D3591.contig566	831	0	0
D3591.contig567	827	0	0
D3591.contig568	826	0	0
D3591.contig569	826	0	0
D3591.contig570	826	0	0
D3591.contig571	826	0	0
D3591.contig572	826	4	2
D3591.contig573	824	2	1
D3591.contig574	824	0	0
D3591.contig575	823	0	0
D3591.contig576	822	0	0
D3591.contig577	821	0	0
D3591.contig578	819	0	0
D3591.contig579	819	0	0
D3591.contig580	817	0	0
D3591.contig581	817	0	0
D3591.contig582	816	0	0
D3591.contig583	807	0	0
D3591.contig584	806	0	0
D3591.contig585	806	0	0
D3591.contig586	805	0	0
D3591.contig587	802	0	0
D3591.contig588	802	0	0
D3591.contig589	802	0	0
D3591.contig590	801	0	0
D3591.contig591	799	0	0
D3591.contig592	798	0	0
D3591.contig593	798	0	0
D3591.contig594	798	0	0
D3591.contig595	795	0	0
D3591.contig596	792	0	0
D3591.contig597	792	0	0
D3591.contig598	791	0	0
D3591.contig599	791	0	0
D3591.contig600	791	0	0
D3591.contig601	787	0	0
D3591.contig602	786	0	0
D3591.contig603	786	0	0
D3591.contig604	786	0	0
D3591.contig605	786	0	0
D3591.contig606	784	1	1
D3591.contig607	784	0	0
D3591.contig608	782	0	0
D3591.contig609	782	0	0
D3591.contig610	780	0	0
D3591.contig611	780	0	0
D3591.contig612	779	0	0
D3591.contig613	778	1	1
D3591.contig614	778	0	0
D3591.contig615	776	0	0
D3591.contig616	774	0	0
D3591.contig617	773	0	0
D3591.contig618	772	0	0
D3591.contig619	772	0	0
D3591.contig620	762	0	0
D3591.contig621	761	0	0
D3591.contig622	761	0	0
D3591.contig623	760	0	0
D3591.contig624	759	0	0
D3591.contig625	758	0	0
D3591.contig626	758	0	0
D3591.contig627	757	0	0
D3591.contig628	757	0	0
D3591.contig629	756	0	0
D3591.contig630	755	0	0
D3591.contig631	755	0	0
D3591.contig632	753	0	0
D3591.contig633	753	0	0
D3591.contig634	753	0	0
D3591.contig635	745	0	0
D3591.contig636	745	0	0
D3591.contig637	744	0	0
D3591.contig638	744	0	0
D3591.contig639	743	0	0
D3591.contig640	743	1	1
D3591.contig641	740	0	0
D3591.contig642	739	0	0
D3591.contig643	739	0	0
D3591.contig644	739	0	0
D3591.contig645	739	0	0
D3591.contig646	738	51	27
D3591.contig647	731	0	0
D3591.contig648	731	0	0
D3591.contig649	731	0	0
D3591.contig650	731	0	0
D3591.contig651	729	0	0
D3591.contig652	729	0	0
D3591.contig653	727	0	0
D3591.contig654	724	0	0
D3591.contig655	724	0	0
D3591.contig656	722	0	0
D3591.contig657	722	0	0
D3591.contig658	722	0	0
D3591.contig659	722	0	0
D3591.contig660	721	0	0
D3591.contig661	721	0	0
D3591.contig662	721	0	0
D3591.contig663	715	0	0
D3591.contig664	715	0	0
D3591.contig665	715	0	0
D3591.contig666	714	0	0
D3591.contig667	714	0	0
D3591.contig668	712	0	0
D3591.contig669	711	0	0
D3591.contig670	711	0	0
D3591.contig671	709	0	0
D3591.contig672	709	0	0
D3591.contig673	708	0	0
D3591.contig674	707	0	0
D3591.contig675	707	0	0
D3591.contig676	706	0	0
D3591.contig677	706	0	0
D3591.contig678	706	0	0
D3591.contig679	702	0	0
D3591.contig680	702	0	0
D3591.contig681	699	0	0
D3591.contig682	698	0	0
D3591.contig683	696	0	0
D3591.contig684	694	0	0
D3591.contig685	693	0	0
D3591.contig686	693	0	0
D3591.contig687	693	0	0
D3591.contig688	693	0	0
D3591.contig689	692	0	0
D3591.contig690	691	0	0
D3591.contig691	689	0	0
D3591.contig692	688	0	0
D3591.contig693	687	0	0
D3591.contig694	687	0	0
D3591.contig695	683	0	0
D3591.contig696	683	0	0
D3591.contig697	682	0	0
D3591.contig698	681	0	0
D3591.contig699	680	0	0
D3591.contig700	680	0	0
D3591.contig701	679	0	0
D3591.contig702	678	0	0
D3591.contig703	678	0	0
D3591.contig704	678	0	0
D3591.contig705	678	0	0
D3591.contig706	676	0	0
D3591.contig707	673	0	0
D3591.contig708	673	0	0
D3591.contig709	673	0	0
D3591.contig710	673	0	0
D3591.contig711	673	0	0
D3591.contig712	672	0	0
D3591.contig713	672	0	0
D3591.contig714	671	0	0
D3591.contig715	670	0	0
D3591.contig716	670	0	0
D3591.contig717	670	0	0
D3591.contig718	670	0	0
D3591.contig719	667	0	0
D3591.contig720	666	0	0
D3591.contig721	665	0	0
D3591.contig722	665	0	0
D3591.contig723	664	0	0
D3591.contig724	664	0	0
D3591.contig725	663	0	0
D3591.contig726	663	0	0
D3591.contig727	662	0	0
D3591.contig728	661	0	0
D3591.contig729	660	0	0
D3591.contig730	660	1	0
D3591.contig731	659	0	0
D3591.contig732	657	0	0
D3591.contig733	656	0	0
D3591.contig734	656	0	0
D3591.contig735	655	0	0
D3591.contig736	655	0	0
D3591.contig737	654	0	0
D3591.contig738	653	0	0
D3591.contig739	653	0	0
D3591.contig740	652	0	0
D3591.contig741	648	0	0
D3591.contig742	648	0	0
D3591.contig743	647	0	0
D3591.contig744	647	0	0
D3591.contig745	647	0	0
D3591.contig746	647	0	0
D3591.contig747	646	0	0
D3591.contig748	646	0	0
D3591.contig749	645	0	0
D3591.contig750	645	0	0
D3591.contig751	645	0	0
D3591.contig752	645	0	0
D3591.contig753	644	0	0
D3591.contig754	643	0	0
D3591.contig755	643	0	0
D3591.contig756	642	0	0
D3591.contig757	641	0	0
D3591.contig758	641	0	0
D3591.contig759	639	0	0
D3591.contig760	638	0	0
D3591.contig761	638	0	0
D3591.contig762	638	0	0
D3591.contig763	638	0	0
D3591.contig764	637	0	0
D3591.contig765	637	0	0
D3591.contig766	636	0	0
D3591.contig767	636	0	0
D3591.contig768	635	0	0
D3591.contig769	635	0	0
D3591.contig770	635	0	0
D3591.contig771	633	0	0
D3591.contig772	632	0	0
D3591.contig773	632	0	0
D3591.contig774	630	0	0
D3591.contig775	629	0	0
D3591.contig776	628	0	0
D3591.contig777	628	0	0
D3591.contig778	628	0	0
D3591.contig779	627	0	0
D3591.contig780	627	0	0
D3591.contig781	626	0	0
D3591.contig782	625	0	0
D3591.contig783	625	0	0
D3591.contig784	624	0	0
D3591.contig785	622	0	0
D3591.contig786	621	0	0
D3591.contig787	620	0	0
D3591.contig788	619	0	0
D3591.contig789	619	0	0
D3591.contig790	618	0	0
D3591.contig791	616	0	0
D3591.contig792	616	0	0
D3591.contig793	615	0	0
D3591.contig794	615	0	0
D3591.contig795	614	0	0
D3591.contig796	614	0	0
D3591.contig797	614	0	0
D3591.contig798	614	0	0
D3591.contig799	613	0	0
D3591.contig800	610	0	0
D3591.contig801	610	0	0
D3591.contig802	610	0	0
D3591.contig803	609	0	0
D3591.contig804	608	0	0
D3591.contig805	608	0	0
D3591.contig806	608	0	0
D3591.contig807	607	0	0
D3591.contig808	605	0	0
D3591.contig809	604	0	0
D3591.contig810	604	0	0
D3591.contig811	603	0	0
D3591.contig812	602	0	0
D3591.contig813	602	0	0
D3591.contig814	602	0	0
D3591.contig815	602	0	0
D3591.contig816	601	0	0
D3591.contig817	600	0	0
D3591.contig818	600	0	0
D3591.contig819	600	0	0
D3591.contig820	600	0	0
D3591.contig821	599	0	0
D3591.contig822	599	0	0
D3591.contig823	599	0	0
D3591.contig824	596	0	0
D3591.contig825	596	0	0
D3591.contig826	595	0	0
D3591.contig827	595	0	0
D3591.contig828	594	0	0
D3591.contig829	593	0	0
D3591.contig830	593	0	0
D3591.contig831	591	0	0
D3591.contig832	591	0	0
D3591.contig833	591	0	0
D3591.contig834	590	0	0
D3591.contig835	589	0	0
D3591.contig836	589	0	0
D3591.contig837	588	0	0
D3591.contig838	588	0	0
D3591.contig839	588	0	0
D3591.contig840	588	0	0
D3591.contig841	587	0	0
D3591.contig842	586	0	0
D3591.contig843	585	0	0
D3591.contig844	584	0	0
D3591.contig845	583	0	0
D3591.contig846	583	0	0
D3591.contig847	581	0	0
D3591.contig848	581	0	0
D3591.contig849	581	0	0
D3591.contig850	580	0	0
D3591.contig851	580	0	0
D3591.contig852	579	0	0
D3591.contig853	579	0	0
D3591.contig854	579	0	0
D3591.contig855	579	0	0
D3591.contig856	579	0	0
D3591.contig857	577	0	0
D3591.contig858	577	0	0
D3591.contig859	577	0	0
D3591.contig860	577	0	0
D3591.contig861	577	0	0
D3591.contig862	576	0	0
D3591.contig863	575	0	0
D3591.contig864	575	4	2
D3591.contig865	575	0	0
D3591.contig866	575	0	0
D3591.contig867	574	0	0
D3591.contig868	573	0	0
D3591.contig869	573	3	1
D3591.contig870	572	0	0
D3591.contig871	572	0	0
D3591.contig872	571	0	0
D3591.contig873	571	0	0
D3591.contig874	571	0	0
D3591.contig875	569	0	0
D3591.contig876	569	0	0
D3591.contig877	569	0	0
D3591.contig878	568	0	0
D3591.contig879	568	0	0
D3591.contig880	568	0	0
D3591.contig881	567	0	0
D3591.contig882	567	0	0
D3591.contig883	566	0	0
D3591.contig884	566	0	0
D3591.contig885	566	0	0
D3591.contig886	565	0	0
D3591.contig887	565	0	0
D3591.contig888	564	0	0
D3591.contig889	564	0	0
D3591.contig890	564	0	0
D3591.contig891	564	0	0
D3591.contig892	564	1208	903
D3591.contig893	563	0	0
D3591.contig894	563	0	0
D3591.contig895	563	0	0
D3591.contig896	562	0	0
D3591.contig897	560	0	0
D3591.contig898	560	0	0
D3591.contig899	559	0	0
D3591.contig900	558	0	0
D3591.contig901	557	0	0
D3591.contig902	557	0	0
D3591.contig903	557	0	0
D3591.contig904	556	0	0
D3591.contig905	556	0	0
D3591.contig906	556	0	0
D3591.contig907	556	0	0
D3591.contig908	554	0	0
D3591.contig909	553	0	0
D3591.contig910	553	0	0
D3591.contig911	553	0	0
D3591.contig912	551	0	0
D3591.contig913	551	0	0
D3591.contig914	550	0	0
D3591.contig915	550	0	0
D3591.contig916	550	0	0
D3591.contig917	549	0	0
D3591.contig918	549	0	0
D3591.contig919	549	0	0
D3591.contig920	549	0	0
D3591.contig921	548	0	0
D3591.contig922	548	0	0
D3591.contig923	548	0	0
D3591.contig924	547	0	0
D3591.contig925	545	0	0
D3591.contig926	545	0	0
D3591.contig927	544	0	0
D3591.contig928	544	0	0
D3591.contig929	544	0	0
D3591.contig930	544	0	0
D3591.contig931	543	0	0
D3591.contig932	543	0	0
D3591.contig933	542	0	0
D3591.contig934	542	0	0
D3591.contig935	542	0	0
D3591.contig936	541	0	0
D3591.contig937	541	0	0
D3591.contig938	541	0	0
D3591.contig939	541	0	0
D3591.contig940	540	0	0
D3591.contig941	540	0	0
D3591.contig942	540	0	0
D3591.contig943	539	0	0
D3591.contig944	539	0	0
D3591.contig945	539	3	0
D3591.contig946	538	0	0
D3591.contig947	538	0	0
D3591.contig948	536	4	0
D3591.contig949	536	0	0
D3591.contig950	535	0	0
D3591.contig951	535	0	0
D3591.contig952	534	0	0
D3591.contig953	534	0	0
D3591.contig954	534	0	0
D3591.contig955	534	0	0
D3591.contig956	534	0	0
D3591.contig957	533	0	0
D3591.contig958	533	0	0
D3591.contig959	533	0	0
D3591.contig960	532	0	0
D3591.contig961	532	0	0
D3591.contig962	531	0	0
D3591.contig963	531	0	0
D3591.contig964	530	0	0
D3591.contig965	530	0	0
D3591.contig966	529	0	0
D3591.contig967	529	0	0
D3591.contig968	529	0	0
D3591.contig969	528	0	0
D3591.contig970	528	0	0
D3591.contig971	527	0	0
D3591.contig972	527	0	0
D3591.contig973	527	0	0
D3591.contig974	527	0	0
D3591.contig975	527	0	0
D3591.contig976	526	0	0
D3591.contig977	525	0	0
D3591.contig978	525	0	0
D3591.contig979	525	0	0
D3591.contig980	525	0	0
D3591.contig981	524	0	0
D3591.contig982	524	0	0
D3591.contig983	523	0	0
D3591.contig984	523	0	0
D3591.contig985	523	0	0
D3591.contig986	523	0	0
D3591.contig987	523	0	0
D3591.contig988	523	0	0
D3591.contig989	522	0	0
D3591.contig990	521	0	0
D3591.contig991	521	0	0
D3591.contig992	520	0	0
D3591.contig993	520	0	0
D3591.contig994	520	0	0
D3591.contig995	520	0	0
D3591.contig996	520	0	0
D3591.contig997	520	0	0
D3591.contig998	520	0	0
D3591.contig999	519	0	0
D3591.contig1000	519	0	0
D3591.contig1001	519	0	0
D3591.contig1002	518	0	0
D3591.contig1003	517	0	0
D3591.contig1004	517	0	0
D3591.contig1005	516	0	0
D3591.contig1006	516	0	0
D3591.contig1007	516	0	0
D3591.contig1008	516	0	0
D3591.contig1009	515	0	0
D3591.contig1010	515	0	0
D3591.contig1011	515	328	265
D3591.contig1012	514	0	0
D3591.contig1013	514	0	0
D3591.contig1014	514	0	0
D3591.contig1015	513	0	0
D3591.contig1016	513	0	0
D3591.contig1017	512	0	0
D3591.contig1018	512	0	0
D3591.contig1019	512	0	0
D3591.contig1020	512	0	0
D3591.contig1021	512	0	0
D3591.contig1022	511	0	0
D3591.contig1023	511	0	0
D3591.contig1024	510	0	0
D3591.contig1025	510	0	0
D3591.contig1026	510	0	0
D3591.contig1027	510	0	0
D3591.contig1028	509	0	0
D3591.contig1029	509	0	0
D3591.contig1030	509	0	0
D3591.contig1031	509	0	0
D3591.contig1032	508	0	0
D3591.contig1033	508	0	0
D3591.contig1034	508	0	0
D3591.contig1035	508	0	0
D3591.contig1036	507	0	0
D3591.contig1037	507	0	0
D3591.contig1038	507	0	0
D3591.contig1039	507	0	0
D3591.contig1040	506	0	0
D3591.contig1041	505	0	0
D3591.contig1042	505	0	0
D3591.contig1043	505	0	0
D3591.contig1044	504	0	0
D3591.contig1045	504	0	0
D3591.contig1046	504	0	0
D3591.contig1047	503	0	0
D3591.contig1048	503	0	0
D3591.contig1049	502	0	0
D3591.contig1050	502	0	0
D3591.contig1051	502	0	0
D3591.contig1052	501	0	0
D3591.contig1053	501	0	0
D3591.contig1054	501	1	1
D3591.contig1055	501	0	0
D3591.contig1056	501	0	0
D3591.contig1057	500	0	0
D3591.contig1058	500	0	0
D3591.contig1059	499	0	0
D3591.contig1060	498	0	0
D3591.contig1061	497	0	0
D3591.contig1062	497	0	0
D3591.contig1063	497	0	0
D3591.contig1064	497	0	0
D3591.contig1065	496	0	0
D3591.contig1066	496	0	0
D3591.contig1067	496	0	0
D3591.contig1068	496	0	0
D3591.contig1069	495	0	0
D3591.contig1070	494	0	0
D3591.contig1071	494	0	0
D3591.contig1072	494	0	0
D3591.contig1073	493	0	0
D3591.contig1074	493	0	0
D3591.contig1075	493	0	0
D3591.contig1076	493	0	0
D3591.contig1077	493	0	0
D3591.contig1078	492	0	0
D3591.contig1079	492	0	0
D3591.contig1080	492	0	0
D3591.contig1081	492	0	0
D3591.contig1082	491	0	0
D3591.contig1083	491	0	0
D3591.contig1084	491	0	0
D3591.contig1085	490	0	0
D3591.contig1086	490	0	0
D3591.contig1087	490	0	0
D3591.contig1088	489	0	0
D3591.contig1089	488	0	0
D3591.contig1090	488	0	0
D3591.contig1091	488	0	0
D3591.contig1092	487	0	0
D3591.contig1093	487	0	0
D3591.contig1094	487	0	0
D3591.contig1095	486	0	0
D3591.contig1096	486	0	0
D3591.contig1097	486	0	0
D3591.contig1098	485	0	0
D3591.contig1099	485	0	0
D3591.contig1100	485	0	0
D3591.contig1101	485	0	0
D3591.contig1102	485	0	0
D3591.contig1103	484	0	0
D3591.contig1104	484	0	0
D3591.contig1105	483	0	0
D3591.contig1106	483	0	0
D3591.contig1107	483	0	0
D3591.contig1108	483	0	0
D3591.contig1109	483	0	0
D3591.contig1110	483	0	0
D3591.contig1111	483	0	0
D3591.contig1112	482	0	0
D3591.contig1113	481	0	0
D3591.contig1114	481	0	0
D3591.contig1115	481	0	0
D3591.contig1116	481	0	0
D3591.contig1117	481	0	0
D3591.contig1118	481	0	0
D3591.contig1119	481	0	0
D3591.contig1120	481	0	0
D3591.contig1121	481	0	0
D3591.contig1122	481	0	0
D3591.contig1123	481	0	0
D3591.contig1124	480	0	0
D3591.contig1125	480	0	0
D3591.contig1126	479	0	0
D3591.contig1127	479	0	0
D3591.contig1128	479	0	0
D3591.contig1129	478	0	0
D3591.contig1130	478	0	0
D3591.contig1131	477	0	0
D3591.contig1132	477	0	0
D3591.contig1133	477	0	0
D3591.contig1134	477	0	0
D3591.contig1135	476	0	0
D3591.contig1136	476	0	0
D3591.contig1137	476	0	0
D3591.contig1138	475	0	0
D3591.contig1139	475	0	0
D3591.contig1140	474	0	0
D3591.contig1141	474	0	0
D3591.contig1142	473	0	0
D3591.contig1143	473	0	0
D3591.contig1144	473	0	0
D3591.contig1145	473	0	0
D3591.contig1146	472	0	0
D3591.contig1147	471	0	0
D3591.contig1148	471	0	0
D3591.contig1149	471	0	0
D3591.contig1150	471	0	0
D3591.contig1151	471	0	0
D3591.contig1152	470	0	0
D3591.contig1153	470	0	0
D3591.contig1154	469	0	0
D3591.contig1155	469	0	0
D3591.contig1156	468	0	0
D3591.contig1157	468	0	0
D3591.contig1158	468	0	0
D3591.contig1159	468	0	0
D3591.contig1160	468	0	0
D3591.contig1161	466	0	0
D3591.contig1162	466	0	0
D3591.contig1163	466	0	0
D3591.contig1164	466	0	0
D3591.contig1165	465	0	0
D3591.contig1166	465	0	0
D3591.contig1167	465	0	0
D3591.contig1168	465	0	0
D3591.contig1169	465	0	0
D3591.contig1170	464	0	0
D3591.contig1171	464	0	0
D3591.contig1172	464	0	0
D3591.contig1173	464	0	0
D3591.contig1174	464	0	0
D3591.contig1175	464	0	0
D3591.contig1176	464	0	0
D3591.contig1177	463	280	63
D3591.contig1178	463	0	0
D3591.contig1179	463	0	0
D3591.contig1180	463	0	0
D3591.contig1181	462	0	0
D3591.contig1182	462	0	0
D3591.contig1183	462	0	0
D3591.contig1184	462	0	0
D3591.contig1185	462	0	0
D3591.contig1186	462	0	0
D3591.contig1187	462	0	0
D3591.contig1188	461	0	0
D3591.contig1189	461	2	0
D3591.contig1190	461	0	0
D3591.contig1191	461	0	0
D3591.contig1192	461	0	0
D3591.contig1193	461	0	0
D3591.contig1194	460	0	0
D3591.contig1195	460	0	0
D3591.contig1196	459	0	0
D3591.contig1197	458	0	0
D3591.contig1198	458	0	0
D3591.contig1199	458	710	606
D3591.contig1200	458	0	0
D3591.contig1201	458	0	0
D3591.contig1202	457	0	0
D3591.contig1203	457	0	0
D3591.contig1204	457	0	0
D3591.contig1205	457	0	0
D3591.contig1206	456	0	0
D3591.contig1207	456	0	0
D3591.contig1208	455	0	0
D3591.contig1209	455	0	0
D3591.contig1210	455	0	0
D3591.contig1211	455	0	0
D3591.contig1212	455	1974	1261
D3591.contig1213	455	0	0
D3591.contig1214	455	0	0
D3591.contig1215	454	0	0
D3591.contig1216	454	0	0
D3591.contig1217	454	21	21
D3591.contig1218	454	0	0
D3591.contig1219	454	0	0
D3591.contig1220	453	0	0
D3591.contig1221	453	0	0
D3591.contig1222	453	0	0
D3591.contig1223	453	0	0
D3591.contig1224	453	0	0
D3591.contig1225	453	0	0
D3591.contig1226	452	0	0
D3591.contig1227	452	0	0
D3591.contig1228	451	0	0
D3591.contig1229	451	0	0
D3591.contig1230	451	0	0
D3591.contig1231	451	0	0
D3591.contig1232	451	0	0
D3591.contig1233	451	0	0
D3591.contig1234	451	0	0
D3591.contig1235	450	0	0
D3591.contig1236	450	0	0
D3591.contig1237	450	0	0
D3591.contig1238	450	0	0
D3591.contig1239	449	0	0
D3591.contig1240	449	0	0
D3591.contig1241	448	0	0
D3591.contig1242	448	0	0
D3591.contig1243	447	0	0
D3591.contig1244	447	0	0
D3591.contig1245	446	0	0
D3591.contig1246	446	0	0
D3591.contig1247	446	0	0
D3591.contig1248	446	0	0
D3591.contig1249	446	0	0
D3591.contig1250	446	0	0
D3591.contig1251	445	0	0
D3591.contig1252	445	1	0
D3591.contig1253	445	0	0
D3591.contig1254	445	0	0
D3591.contig1255	445	0	0
D3591.contig1256	444	0	0
D3591.contig1257	444	0	0
D3591.contig1258	443	0	0
D3591.contig1259	443	0	0
D3591.contig1260	443	0	0
D3591.contig1261	442	0	0
D3591.contig1262	442	0	0
D3591.contig1263	442	0	0
D3591.contig1264	442	0	0
D3591.contig1265	441	0	0
D3591.contig1266	441	0	0
D3591.contig1267	440	0	0
D3591.contig1268	440	0	0
D3591.contig1269	440	0	0
D3591.contig1270	440	0	0
D3591.contig1271	439	0	0
D3591.contig1272	439	0	0
D3591.contig1273	438	0	0
D3591.contig1274	437	0	0
D3591.contig1275	437	0	0
D3591.contig1276	437	0	0
D3591.contig1277	437	0	0
D3591.contig1278	437	0	0
D3591.contig1279	436	0	0
D3591.contig1280	436	0	0
D3591.contig1281	436	0	0
D3591.contig1282	436	0	0
D3591.contig1283	436	0	0
D3591.contig1284	435	0	0
D3591.contig1285	435	0	0
D3591.contig1286	435	0	0
D3591.contig1287	435	0	0
D3591.contig1288	435	0	0
D3591.contig1289	435	0	0
D3591.contig1290	434	0	0
D3591.contig1291	434	0	0
D3591.contig1292	434	0	0
D3591.contig1293	433	0	0
D3591.contig1294	433	0	0
D3591.contig1295	433	0	0
D3591.contig1296	432	0	0
D3591.contig1297	432	0	0
D3591.contig1298	432	0	0
D3591.contig1299	431	32	27
D3591.contig1300	431	0	0
D3591.contig1301	431	0	0
D3591.contig1302	430	0	0
D3591.contig1303	429	0	0
D3591.contig1304	429	0	0
D3591.contig1305	429	0	0
D3591.contig1306	429	0	0
D3591.contig1307	428	0	0
D3591.contig1308	427	0	0
D3591.contig1309	427	0	0
D3591.contig1310	427	0	0
D3591.contig1311	427	0	0
D3591.contig1312	426	0	0
D3591.contig1313	426	0	0
D3591.contig1314	426	0	0
D3591.contig1315	426	0	0
D3591.contig1316	426	0	0
D3591.contig1317	425	0	0
D3591.contig1318	425	0	0
D3591.contig1319	425	0	0
D3591.contig1320	425	0	0
D3591.contig1321	425	0	0
D3591.contig1322	425	0	0
D3591.contig1323	425	0	0
D3591.contig1324	425	0	0
D3591.contig1325	424	0	0
D3591.contig1326	424	0	0
D3591.contig1327	424	0	0
D3591.contig1328	424	0	0
D3591.contig1329	424	0	0
D3591.contig1330	424	0	0
D3591.contig1331	424	0	0
D3591.contig1332	423	0	0
D3591.contig1333	423	0	0
D3591.contig1334	422	0	0
D3591.contig1335	422	20003	12308
D3591.contig1336	422	0	0
D3591.contig1337	422	0	0
D3591.contig1338	422	0	0
D3591.contig1339	422	0	0
D3591.contig1340	421	0	0
D3591.contig1341	421	0	0
D3591.contig1342	421	0	0
D3591.contig1343	421	0	0
D3591.contig1344	421	0	0
D3591.contig1345	421	0	0
D3591.contig1346	420	0	0
D3591.contig1347	419	0	0
D3591.contig1348	419	0	0
D3591.contig1349	419	0	0
D3591.contig1350	418	0	0
D3591.contig1351	418	0	0
D3591.contig1352	418	0	0
D3591.contig1353	417	0	0
D3591.contig1354	417	0	0
D3591.contig1355	417	0	0
D3591.contig1356	417	0	0
D3591.contig1357	417	0	0
D3591.contig1358	417	0	0
D3591.contig1359	417	0	0
D3591.contig1360	416	0	0
D3591.contig1361	416	0	0
D3591.contig1362	416	0	0
D3591.contig1363	416	0	0
D3591.contig1364	415	0	0
D3591.contig1365	415	0	0
D3591.contig1366	415	0	0
D3591.contig1367	415	0	0
D3591.contig1368	415	0	0
D3591.contig1369	415	0	0
D3591.contig1370	414	0	0
D3591.contig1371	414	0	0
D3591.contig1372	414	0	0
D3591.contig1373	414	0	0
D3591.contig1374	414	18	6
D3591.contig1375	414	0	0
D3591.contig1376	413	0	0
D3591.contig1377	413	0	0
D3591.contig1378	413	0	0
D3591.contig1379	413	0	0
D3591.contig1380	413	0	0
D3591.contig1381	413	0	0
D3591.contig1382	413	0	0
D3591.contig1383	412	0	0
D3591.contig1384	412	0	0
D3591.contig1385	412	0	0
D3591.contig1386	412	0	0
D3591.contig1387	412	0	0
D3591.contig1388	412	0	0
D3591.contig1389	411	1	1
D3591.contig1390	411	0	0
D3591.contig1391	411	0	0
D3591.contig1392	410	0	0
D3591.contig1393	410	0	0
D3591.contig1394	409	0	0
D3591.contig1395	409	0	0
D3591.contig1396	409	0	0
D3591.contig1397	409	0	0
D3591.contig1398	409	0	0
D3591.contig1399	409	0	0
D3591.contig1400	408	0	0
D3591.contig1401	408	0	0
D3591.contig1402	408	0	0
D3591.contig1403	407	0	0
D3591.contig1404	407	5	2
D3591.contig1405	407	0	0
D3591.contig1406	406	0	0
D3591.contig1407	406	0	0
D3591.contig1408	406	0	0
D3591.contig1409	405	0	0
D3591.contig1410	404	0	0
D3591.contig1411	404	0	0
D3591.contig1412	404	0	0
D3591.contig1413	404	0	0
D3591.contig1414	404	0	0
D3591.contig1415	403	0	0
D3591.contig1416	403	0	0
D3591.contig1417	403	0	0
D3591.contig1418	403	0	0
D3591.contig1419	403	0	0
D3591.contig1420	403	0	0
D3591.contig1421	403	0	0
D3591.contig1422	403	0	0
D3591.contig1423	403	0	0
D3591.contig1424	402	0	0
D3591.contig1425	402	0	0
D3591.contig1426	402	0	0
D3591.contig1427	402	0	0
D3591.contig1428	402	0	0
D3591.contig1429	402	0	0
D3591.contig1430	402	0	0
D3591.contig1431	402	0	0
D3591.contig1432	402	0	0
D3591.contig1433	401	0	0
D3591.contig1434	400	0	0
D3591.contig1435	400	0	0
D3591.contig1436	400	0	0
D3591.contig1437	400	0	0
D3591.contig1438	400	0	0
D3591.contig1439	400	0	0
D3591.contig1440	399	0	0
D3591.contig1441	399	0	0
D3591.contig1442	399	0	0
D3591.contig1443	398	0	0
D3591.contig1444	398	0	0
D3591.contig1445	398	0	0
D3591.contig1446	398	0	0
D3591.contig1447	398	0	0
D3591.contig1448	397	0	0
D3591.contig1449	397	0	0
D3591.contig1450	397	0	0
D3591.contig1451	396	0	0
D3591.contig1452	395	0	0
D3591.contig1453	395	2	0
D3591.contig1454	395	0	0
D3591.contig1455	394	0	0
D3591.contig1456	394	0	0
D3591.contig1457	394	0	0
D3591.contig1458	394	0	0
D3591.contig1459	394	0	0
D3591.contig1460	394	0	0
D3591.contig1461	394	0	0
D3591.contig1462	393	0	0
D3591.contig1463	392	0	0
D3591.contig1464	392	0	0
D3591.contig1465	392	0	0
D3591.contig1466	392	0	0
D3591.contig1467	392	0	0
D3591.contig1468	392	0	0
D3591.contig1469	391	0	0
D3591.contig1470	391	0	0
D3591.contig1471	391	0	0
D3591.contig1472	391	0	0
D3591.contig1473	391	0	0
D3591.contig1474	391	0	0
D3591.contig1475	390	0	0
D3591.contig1476	390	0	0
D3591.contig1477	390	0	0
D3591.contig1478	390	0	0
D3591.contig1479	390	0	0
D3591.contig1480	389	0	0
D3591.contig1481	389	0	0
D3591.contig1482	389	0	0
D3591.contig1483	389	0	0
D3591.contig1484	388	0	0
D3591.contig1485	388	0	0
D3591.contig1486	388	0	0
D3591.contig1487	388	0	0
D3591.contig1488	388	0	0
D3591.contig1489	387	0	0
D3591.contig1490	387	0	0
D3591.contig1491	387	0	0
D3591.contig1492	387	0	0
D3591.contig1493	386	0	0
D3591.contig1494	386	0	0
D3591.contig1495	386	0	0
D3591.contig1496	386	0	0
D3591.contig1497	386	0	0
D3591.contig1498	386	0	0
D3591.contig1499	386	0	0
D3591.contig1500	386	0	0
D3591.contig1501	386	0	0
D3591.contig1502	385	0	0
D3591.contig1503	385	0	0
D3591.contig1504	385	0	0
D3591.contig1505	385	134	122
D3591.contig1506	385	0	0
D3591.contig1507	385	0	0
D3591.contig1508	385	0	0
D3591.contig1509	385	0	0
D3591.contig1510	385	0	0
D3591.contig1511	384	0	0
D3591.contig1512	384	0	0
D3591.contig1513	384	0	0
D3591.contig1514	383	1	1
D3591.contig1515	383	0	0
D3591.contig1516	383	0	0
D3591.contig1517	383	0	0
D3591.contig1518	383	0	0
D3591.contig1519	383	0	0
D3591.contig1520	382	0	0
D3591.contig1521	382	0	0
D3591.contig1522	382	0	0
D3591.contig1523	382	0	0
D3591.contig1524	382	0	0
D3591.contig1525	382	0	0
D3591.contig1526	382	0	0
D3591.contig1527	381	0	0
D3591.contig1528	381	0	0
D3591.contig1529	381	0	0
D3591.contig1530	380	0	0
D3591.contig1531	380	0	0
D3591.contig1532	379	0	0
D3591.contig1533	379	0	0
D3591.contig1534	378	0	0
D3591.contig1535	378	0	0
D3591.contig1536	378	0	0
D3591.contig1537	378	0	0
D3591.contig1538	378	0	0
D3591.contig1539	378	1	0
D3591.contig1540	378	0	0
D3591.contig1541	377	0	0
D3591.contig1542	377	0	0
D3591.contig1543	377	0	0
D3591.contig1544	376	0	0
D3591.contig1545	376	0	0
D3591.contig1546	376	0	0
D3591.contig1547	376	0	0
D3591.contig1548	376	0	0
D3591.contig1549	376	0	0
D3591.contig1550	376	0	0
D3591.contig1551	376	0	0
D3591.contig1552	375	0	0
D3591.contig1553	375	0	0
D3591.contig1554	375	0	0
D3591.contig1555	375	0	0
D3591.contig1556	375	0	0
D3591.contig1557	374	0	0
D3591.contig1558	374	0	0
D3591.contig1559	374	0	0
D3591.contig1560	374	0	0
D3591.contig1561	374	0	0
D3591.contig1562	374	0	0
D3591.contig1563	374	0	0
D3591.contig1564	374	0	0
D3591.contig1565	373	0	0
D3591.contig1566	373	0	0
D3591.contig1567	373	0	0
D3591.contig1568	373	0	0
D3591.contig1569	373	0	0
D3591.contig1570	372	0	0
D3591.contig1571	372	0	0
D3591.contig1572	372	0	0
D3591.contig1573	372	21	17
D3591.contig1574	371	0	0
D3591.contig1575	371	0	0
D3591.contig1576	371	0	0
D3591.contig1577	371	0	0
D3591.contig1578	370	0	0
D3591.contig1579	370	0	0
D3591.contig1580	370	0	0
D3591.contig1581	370	0	0
D3591.contig1582	370	0	0
D3591.contig1583	369	0	0
D3591.contig1584	369	0	0
D3591.contig1585	368	0	0
D3591.contig1586	368	0	0
D3591.contig1587	368	0	0
D3591.contig1588	368	0	0
D3591.contig1589	368	0	0
D3591.contig1590	368	0	0
D3591.contig1591	368	0	0
D3591.contig1592	367	0	0
D3591.contig1593	367	0	0
D3591.contig1594	367	0	0
D3591.contig1595	367	0	0
D3591.contig1596	366	0	0
D3591.contig1597	366	0	0
D3591.contig1598	366	0	0
D3591.contig1599	366	0	0
D3591.contig1600	366	0	0
D3591.contig1601	366	0	0
D3591.contig1602	366	0	0
D3591.contig1603	366	0	0
D3591.contig1604	366	0	0
D3591.contig1605	365	0	0
D3591.contig1606	365	0	0
D3591.contig1607	364	0	0
D3591.contig1608	364	0	0
D3591.contig1609	364	0	0
D3591.contig1610	364	0	0
D3591.contig1611	363	0	0
D3591.contig1612	363	0	0
D3591.contig1613	363	0	0
D3591.contig1614	363	0	0
D3591.contig1615	363	0	0
D3591.contig1616	363	0	0
D3591.contig1617	363	0	0
D3591.contig1618	362	0	0
D3591.contig1619	362	0	0
D3591.contig1620	362	0	0
D3591.contig1621	362	0	0
D3591.contig1622	362	0	0
D3591.contig1623	362	0	0
D3591.contig1624	361	0	0
D3591.contig1625	361	0	0
D3591.contig1626	361	0	0
D3591.contig1627	361	0	0
D3591.contig1628	361	0	0
D3591.contig1629	361	0	0
D3591.contig1630	361	0	0
D3591.contig1631	361	0	0
D3591.contig1632	360	0	0
D3591.contig1633	360	0	0
D3591.contig1634	360	1	1
D3591.contig1635	360	0	0
D3591.contig1636	359	0	0
D3591.contig1637	359	0	0
D3591.contig1638	359	0	0
D3591.contig1639	359	0	0
D3591.contig1640	359	0	0
D3591.contig1641	359	0	0
D3591.contig1642	359	0	0
D3591.contig1643	359	0	0
D3591.contig1644	358	0	0
D3591.contig1645	358	0	0
D3591.contig1646	358	0	0
D3591.contig1647	358	0	0
D3591.contig1648	358	0	0
D3591.contig1649	357	0	0
D3591.contig1650	357	0	0
D3591.contig1651	357	0	0
D3591.contig1652	357	0	0
D3591.contig1653	357	0	0
D3591.contig1654	357	0	0
D3591.contig1655	357	0	0
D3591.contig1656	356	0	0
D3591.contig1657	356	0	0
D3591.contig1658	356	0	0
D3591.contig1659	356	0	0
D3591.contig1660	356	0	0
D3591.contig1661	356	0	0
D3591.contig1662	355	0	0
D3591.contig1663	355	0	0
D3591.contig1664	355	0	0
D3591.contig1665	355	0	0
D3591.contig1666	355	0	0
D3591.contig1667	354	0	0
D3591.contig1668	354	0	0
D3591.contig1669	354	0	0
D3591.contig1670	354	0	0
D3591.contig1671	354	1	1
D3591.contig1672	354	0	0
D3591.contig1673	354	0	0
D3591.contig1674	353	0	0
D3591.contig1675	353	0	0
D3591.contig1676	353	0	0
D3591.contig1677	353	0	0
D3591.contig1678	353	0	0
D3591.contig1679	352	0	0
D3591.contig1680	352	0	0
D3591.contig1681	352	0	0
D3591.contig1682	352	0	0
D3591.contig1683	352	0	0
D3591.contig1684	351	0	0
D3591.contig1685	351	0	0
D3591.contig1686	351	0	0
D3591.contig1687	351	0	0
D3591.contig1688	351	0	0
D3591.contig1689	350	0	0
D3591.contig1690	350	0	0
D3591.contig1691	350	0	0
D3591.contig1692	350	0	0
D3591.contig1693	350	0	0
D3591.contig1694	350	0	0
D3591.contig1695	350	0	0
D3591.contig1696	350	0	0
D3591.contig1697	350	0	0
D3591.contig1698	350	0	0
D3591.contig1699	350	0	0
D3591.contig1700	349	0	0
D3591.contig1701	349	0	0
D3591.contig1702	349	0	0
D3591.contig1703	349	0	0
D3591.contig1704	349	0	0
D3591.contig1705	349	0	0
D3591.contig1706	349	0	0
D3591.contig1707	349	0	0
D3591.contig1708	349	0	0
D3591.contig1709	348	0	0
D3591.contig1710	348	0	0
D3591.contig1711	348	0	0
D3591.contig1712	348	0	0
D3591.contig1713	348	0	0
D3591.contig1714	347	0	0
D3591.contig1715	347	0	0
D3591.contig1716	347	0	0
D3591.contig1717	347	0	0
D3591.contig1718	347	0	0
D3591.contig1719	346	0	0
D3591.contig1720	346	0	0
D3591.contig1721	346	0	0
D3591.contig1722	346	0	0
D3591.contig1723	346	0	0
D3591.contig1724	346	0	0
D3591.contig1725	346	0	0
D3591.contig1726	346	0	0
D3591.contig1727	346	0	0
D3591.contig1728	346	0	0
D3591.contig1729	346	0	0
D3591.contig1730	346	0	0
D3591.contig1731	345	0	0
D3591.contig1732	345	0	0
D3591.contig1733	345	0	0
D3591.contig1734	345	0	0
D3591.contig1735	345	0	0
D3591.contig1736	345	0	0
D3591.contig1737	345	0	0
D3591.contig1738	344	0	0
D3591.contig1739	344	0	0
D3591.contig1740	344	0	0
D3591.contig1741	344	0	0
D3591.contig1742	344	0	0
D3591.contig1743	344	0	0
D3591.contig1744	343	0	0
D3591.contig1745	343	0	0
D3591.contig1746	343	0	0
D3591.contig1747	343	0	0
D3591.contig1748	343	0	0
D3591.contig1749	342	0	0
D3591.contig1750	342	0	0
D3591.contig1751	342	0	0
D3591.contig1752	342	0	0
D3591.contig1753	342	0	0
D3591.contig1754	342	0	0
D3591.contig1755	342	288	216
D3591.contig1756	342	0	0
D3591.contig1757	342	0	0
D3591.contig1758	341	0	0
D3591.contig1759	341	0	0
D3591.contig1760	341	0	0
D3591.contig1761	341	0	0
D3591.contig1762	341	0	0
D3591.contig1763	341	0	0
D3591.contig1764	341	0	0
D3591.contig1765	341	0	0
D3591.contig1766	340	0	0
D3591.contig1767	340	0	0
D3591.contig1768	340	0	0
D3591.contig1769	340	0	0
D3591.contig1770	340	0	0
D3591.contig1771	340	0	0
D3591.contig1772	340	0	0
D3591.contig1773	340	0	0
D3591.contig1774	340	0	0
D3591.contig1775	340	0	0
D3591.contig1776	340	0	0
D3591.contig1777	339	0	0
D3591.contig1778	339	0	0
D3591.contig1779	339	0	0
D3591.contig1780	339	0	0
D3591.contig1781	339	0	0
D3591.contig1782	339	0	0
D3591.contig1783	339	0	0
D3591.contig1784	339	0	0
D3591.contig1785	339	0	0
D3591.contig1786	338	0	0
D3591.contig1787	338	0	0
D3591.contig1788	338	0	0
D3591.contig1789	338	0	0
D3591.contig1790	338	0	0
D3591.contig1791	337	0	0
D3591.contig1792	337	0	0
D3591.contig1793	337	0	0
D3591.contig1794	337	0	0
D3591.contig1795	337	0	0
D3591.contig1796	337	0	0
D3591.contig1797	336	0	0
D3591.contig1798	336	0	0
D3591.contig1799	336	0	0
D3591.contig1800	336	0	0
D3591.contig1801	336	0	0
D3591.contig1802	336	0	0
D3591.contig1803	335	0	0
D3591.contig1804	335	0	0
D3591.contig1805	335	0	0
D3591.contig1806	335	0	0
D3591.contig1807	335	0	0
D3591.contig1808	334	0	0
D3591.contig1809	334	0	0
D3591.contig1810	334	0	0
D3591.contig1811	334	0	0
D3591.contig1812	334	0	0
D3591.contig1813	334	0	0
D3591.contig1814	334	0	0
D3591.contig1815	334	0	0
D3591.contig1816	334	0	0
D3591.contig1817	333	0	0
D3591.contig1818	333	0	0
D3591.contig1819	333	0	0
D3591.contig1820	333	0	0
D3591.contig1821	333	0	0
D3591.contig1822	333	0	0
D3591.contig1823	333	0	0
D3591.contig1824	333	0	0
D3591.contig1825	332	0	0
D3591.contig1826	332	0	0
D3591.contig1827	332	0	0
D3591.contig1828	332	0	0
D3591.contig1829	332	0	0
D3591.contig1830	331	0	0
D3591.contig1831	331	0	0
D3591.contig1832	331	0	0
D3591.contig1833	331	0	0
D3591.contig1834	331	0	0
D3591.contig1835	331	0	0
D3591.contig1836	331	0	0
D3591.contig1837	331	0	0
D3591.contig1838	331	0	0
D3591.contig1839	330	0	0
D3591.contig1840	330	0	0
D3591.contig1841	330	0	0
D3591.contig1842	330	0	0
D3591.contig1843	330	0	0
D3591.contig1844	330	0	0
D3591.contig1845	330	0	0
D3591.contig1846	330	10	8
D3591.contig1847	329	0	0
D3591.contig1848	329	0	0
D3591.contig1849	329	0	0
D3591.contig1850	329	0	0
D3591.contig1851	329	0	0
D3591.contig1852	329	0	0
D3591.contig1853	329	0	0
D3591.contig1854	329	0	0
D3591.contig1855	329	0	0
D3591.contig1856	329	0	0
D3591.contig1857	329	0	0
D3591.contig1858	328	0	0
D3591.contig1859	328	0	0
D3591.contig1860	328	0	0
D3591.contig1861	328	0	0
D3591.contig1862	328	0	0
D3591.contig1863	328	0	0
D3591.contig1864	328	0	0
D3591.contig1865	328	0	0
D3591.contig1866	328	0	0
D3591.contig1867	327	0	0
D3591.contig1868	327	0	0
D3591.contig1869	327	0	0
D3591.contig1870	327	0	0
D3591.contig1871	327	0	0
D3591.contig1872	327	0	0
D3591.contig1873	327	0	0
D3591.contig1874	327	0	0
D3591.contig1875	327	0	0
D3591.contig1876	327	0	0
D3591.contig1877	327	0	0
D3591.contig1878	327	0	0
D3591.contig1879	327	0	0
D3591.contig1880	327	0	0
D3591.contig1881	327	0	0
D3591.contig1882	327	0	0
D3591.contig1883	326	0	0
D3591.contig1884	326	0	0
D3591.contig1885	326	0	0
D3591.contig1886	325	0	0
D3591.contig1887	325	0	0
D3591.contig1888	325	0	0
D3591.contig1889	325	0	0
D3591.contig1890	325	0	0
D3591.contig1891	324	0	0
D3591.contig1892	324	0	0
D3591.contig1893	324	0	0
D3591.contig1894	324	0	0
D3591.contig1895	324	0	0
D3591.contig1896	324	0	0
D3591.contig1897	324	0	0
D3591.contig1898	323	0	0
D3591.contig1899	323	0	0
D3591.contig1900	323	0	0
D3591.contig1901	323	0	0
D3591.contig1902	323	0	0
D3591.contig1903	323	3	3
D3591.contig1904	323	0	0
D3591.contig1905	323	0	0
D3591.contig1906	323	0	0
D3591.contig1907	322	0	0
D3591.contig1908	322	0	0
D3591.contig1909	322	0	0
D3591.contig1910	322	0	0
D3591.contig1911	322	0	0
D3591.contig1912	322	0	0
D3591.contig1913	322	0	0
D3591.contig1914	322	0	0
D3591.contig1915	322	0	0
D3591.contig1916	321	0	0
D3591.contig1917	321	0	0
D3591.contig1918	321	0	0
D3591.contig1919	321	0	0
D3591.contig1920	321	0	0
D3591.contig1921	321	0	0
D3591.contig1922	321	0	0
D3591.contig1923	321	0	0
D3591.contig1924	320	0	0
D3591.contig1925	320	0	0
D3591.contig1926	320	0	0
D3591.contig1927	320	0	0
D3591.contig1928	320	0	0
D3591.contig1929	320	0	0
D3591.contig1930	320	0	0
D3591.contig1931	320	0	0
D3591.contig1932	320	0	0
D3591.contig1933	320	0	0
D3591.contig1934	320	0	0
D3591.contig1935	320	0	0
D3591.contig1936	320	0	0
D3591.contig1937	319	0	0
D3591.contig1938	319	0	0
D3591.contig1939	319	0	0
D3591.contig1940	319	0	0
D3591.contig1941	319	0	0
D3591.contig1942	319	0	0
D3591.contig1943	319	0	0
D3591.contig1944	318	0	0
D3591.contig1945	318	0	0
D3591.contig1946	318	0	0
D3591.contig1947	318	0	0
D3591.contig1948	318	0	0
D3591.contig1949	318	0	0
D3591.contig1950	318	0	0
D3591.contig1951	318	0	0
D3591.contig1952	318	0	0
D3591.contig1953	317	0	0
D3591.contig1954	317	0	0
D3591.contig1955	317	0	0
D3591.contig1956	317	176	118
D3591.contig1957	317	0	0
D3591.contig1958	317	0	0
D3591.contig1959	317	0	0
D3591.contig1960	317	0	0
D3591.contig1961	317	22395	14248
D3591.contig1962	316	0	0
D3591.contig1963	316	0	0
D3591.contig1964	316	0	0
D3591.contig1965	316	0	0
D3591.contig1966	316	0	0
D3591.contig1967	315	0	0
D3591.contig1968	315	0	0
D3591.contig1969	315	0	0
D3591.contig1970	315	0	0
D3591.contig1971	315	0	0
D3591.contig1972	315	0	0
D3591.contig1973	315	0	0
D3591.contig1974	315	0	0
D3591.contig1975	315	0	0
D3591.contig1976	315	0	0
D3591.contig1977	315	0	0
D3591.contig1978	314	0	0
D3591.contig1979	314	0	0
D3591.contig1980	314	0	0
D3591.contig1981	314	0	0
D3591.contig1982	314	0	0
D3591.contig1983	314	0	0
D3591.contig1984	313	0	0
D3591.contig1985	313	0	0
D3591.contig1986	313	0	0
D3591.contig1987	313	0	0
D3591.contig1988	313	0	0
D3591.contig1989	313	0	0
D3591.contig1990	313	0	0
D3591.contig1991	313	0	0
D3591.contig1992	313	0	0
D3591.contig1993	313	0	0
D3591.contig1994	313	0	0
D3591.contig1995	313	0	0
D3591.contig1996	313	0	0
D3591.contig1997	312	0	0
D3591.contig1998	312	0	0
D3591.contig1999	312	0	0
D3591.contig2000	312	0	0
D3591.contig2001	312	0	0
D3591.contig2002	311	0	0
D3591.contig2003	311	0	0
D3591.contig2004	311	0	0
D3591.contig2005	311	0	0
D3591.contig2006	311	0	0
D3591.contig2007	311	0	0
D3591.contig2008	311	0	0
D3591.contig2009	311	0	0
D3591.contig2010	311	0	0
D3591.contig2011	310	0	0
D3591.contig2012	310	0	0
D3591.contig2013	310	0	0
D3591.contig2014	310	0	0
D3591.contig2015	310	0	0
D3591.contig2016	310	0	0
D3591.contig2017	310	0	0
D3591.contig2018	310	0	0
D3591.contig2019	310	0	0
D3591.contig2020	310	0	0
D3591.contig2021	309	0	0
D3591.contig2022	309	0	0
D3591.contig2023	309	0	0
D3591.contig2024	309	0	0
D3591.contig2025	309	0	0
D3591.contig2026	309	0	0
D3591.contig2027	309	0	0
D3591.contig2028	309	0	0
D3591.contig2029	309	0	0
D3591.contig2030	309	0	0
D3591.contig2031	308	0	0
D3591.contig2032	308	0	0
D3591.contig2033	308	0	0
D3591.contig2034	308	0	0
D3591.contig2035	307	0	0
D3591.contig2036	307	0	0
D3591.contig2037	307	0	0
D3591.contig2038	307	0	0
D3591.contig2039	306	0	0
D3591.contig2040	306	0	0
D3591.contig2041	306	2	0
D3591.contig2042	306	0	0
D3591.contig2043	306	0	0
D3591.contig2044	306	0	0
D3591.contig2045	306	0	0
D3591.contig2046	306	0	0
D3591.contig2047	306	0	0
D3591.contig2048	306	0	0
D3591.contig2049	306	0	0
D3591.contig2050	305	0	0
D3591.contig2051	305	0	0
D3591.contig2052	305	0	0
D3591.contig2053	305	0	0
D3591.contig2054	305	0	0
D3591.contig2055	305	0	0
D3591.contig2056	305	0	0
D3591.contig2057	305	0	0
D3591.contig2058	305	0	0
D3591.contig2059	305	0	0
D3591.contig2060	305	0	0
D3591.contig2061	305	0	0
D3591.contig2062	305	0	0
D3591.contig2063	305	0	0
D3591.contig2064	305	0	0
D3591.contig2065	305	0	0
D3591.contig2066	304	0	0
D3591.contig2067	304	0	0
D3591.contig2068	304	0	0
D3591.contig2069	304	0	0
D3591.contig2070	304	0	0
D3591.contig2071	304	0	0
D3591.contig2072	304	0	0
D3591.contig2073	304	0	0
D3591.contig2074	304	0	0
D3591.contig2075	304	0	0
D3591.contig2076	304	0	0
D3591.contig2077	304	0	0
D3591.contig2078	304	0	0
D3591.contig2079	303	0	0
D3591.contig2080	303	0	0
D3591.contig2081	303	0	0
D3591.contig2082	303	0	0
D3591.contig2083	303	0	0
D3591.contig2084	303	0	0
D3591.contig2085	303	0	0
D3591.contig2086	303	0	0
D3591.contig2087	303	0	0
D3591.contig2088	303	0	0
D3591.contig2089	303	0	0
D3591.contig2090	303	0	0
D3591.contig2091	303	0	0
D3591.contig2092	303	0	0
D3591.contig2093	302	0	0
D3591.contig2094	302	0	0
D3591.contig2095	302	0	0
D3591.contig2096	302	0	0
D3591.contig2097	302	0	0
D3591.contig2098	302	0	0
D3591.contig2099	302	0	0
D3591.contig2100	302	0	0
D3591.contig2101	302	0	0
D3591.contig2102	302	0	0
D3591.contig2103	302	0	0
D3591.contig2104	302	0	0
D3591.contig2105	302	0	0
D3591.contig2106	302	292	267
D3591.contig2107	302	0	0
D3591.contig2108	301	0	0
D3591.contig2109	301	0	0
D3591.contig2110	301	0	0
D3591.contig2111	301	0	0
D3591.contig2112	301	0	0
D3591.contig2113	301	0	0
D3591.contig2114	301	0	0
D3591.contig2115	301	0	0
D3591.contig2116	301	0	0
D3591.contig2117	301	0	0
D3591.contig2118	301	0	0
D3591.contig2119	301	0	0
D3591.contig2120	300	0	0
D3591.contig2121	300	0	0
D3591.contig2122	300	0	0
D3591.contig2123	300	0	0
D3591.contig2124	300	0	0
D3591.contig2125	300	0	0
D3591.contig2126	300	0	0
D3591.contig2127	300	0	0
D3591.contig2128	300	0	0
D3591.contig2129	300	0	0
D3591.contig2130	300	0	0
D3591.contig2131	300	0	0
D3591.contig2132	300	3192	2980
D3591.contig2133	300	0	0
D3591.contig2134	300	0	0
D3591.contig2135	300	0	0
D3591.contig2136	300	0	0
*	0	0	100166884
