R3951.contig1	2588	33735	4214
R3951.contig2	2200	1715	798
R3951.contig3	2110	2975	71
R3951.contig4	1856	614979	88372
R3951.contig5	1823	3247825	149370
R3951.contig6	1820	4164966	193080
R3951.contig7	1447	0	0
R3951.contig8	1375	33927	10556
R3951.contig9	1339	1073657	148205
R3951.contig10	1313	0	0
R3951.contig11	1306	0	0
R3951.contig12	1063	986	276
R3951.contig13	989	5372	2722
R3951.contig14	958	0	0
R3951.contig15	920	1287	179
R3951.contig16	912	362	14
R3951.contig17	857	0	0
R3951.contig18	842	9397	3417
R3951.contig19	813	0	0
R3951.contig20	772	90	25
R3951.contig21	757	126	21
R3951.contig22	749	5	1
R3951.contig23	749	33	11
R3951.contig24	744	0	0
R3951.contig25	725	0	0
R3951.contig26	701	18810	6577
R3951.contig27	695	0	0
R3951.contig28	673	0	0
R3951.contig29	671	15411	4650
R3951.contig30	665	0	0
R3951.contig31	659	0	0
R3951.contig32	657	0	0
R3951.contig33	644	1384	221
R3951.contig34	640	4	1
R3951.contig35	640	5	0
R3951.contig36	639	2	0
R3951.contig37	631	259	24
R3951.contig38	614	2	0
R3951.contig39	606	478	80
R3951.contig40	606	0	0
R3951.contig41	606	5851	2196
R3951.contig42	603	95	7
R3951.contig43	595	600	227
R3951.contig44	589	7247	3774
R3951.contig45	584	1476	472
R3951.contig46	583	390	62
R3951.contig47	571	13	0
R3951.contig48	570	104634	38430
R3951.contig49	570	0	0
R3951.contig50	557	2	0
R3951.contig51	556	6975	3413
R3951.contig52	554	5	0
R3951.contig53	548	0	0
R3951.contig54	535	170	21
R3951.contig55	514	0	0
R3951.contig56	510	158	29
R3951.contig57	506	156404	32754
R3951.contig58	501	133	11
R3951.contig59	500	8	0
R3951.contig60	498	813	104
R3951.contig61	495	0	0
R3951.contig62	494	683	200
R3951.contig63	492	2915	1180
R3951.contig64	490	0	0
R3951.contig65	487	7	1
R3951.contig66	487	24656	3586
R3951.contig67	482	197	75
R3951.contig68	478	0	0
R3951.contig69	475	0	0
R3951.contig70	472	0	0
R3951.contig71	468	14	0
R3951.contig72	465	75611	14540
R3951.contig73	464	826	65
R3951.contig74	453	0	0
R3951.contig75	448	1	0
R3951.contig76	447	1752	349
R3951.contig77	446	1937	661
R3951.contig78	445	0	0
R3951.contig79	444	0	0
R3951.contig80	442	395	33
R3951.contig81	442	64883	6748
R3951.contig82	441	0	0
R3951.contig83	439	69	13
R3951.contig84	439	6	2
R3951.contig85	438	0	0
R3951.contig86	437	108	46
R3951.contig87	431	0	0
R3951.contig88	427	0	0
R3951.contig89	421	0	0
R3951.contig90	420	0	0
R3951.contig91	419	0	0
R3951.contig92	419	0	0
R3951.contig93	417	101	11
R3951.contig94	415	0	0
R3951.contig95	412	112509	27536
R3951.contig96	404	0	0
R3951.contig97	404	2	0
R3951.contig98	403	0	0
R3951.contig99	402	0	0
R3951.contig100	401	2	0
R3951.contig101	395	0	0
R3951.contig102	390	0	0
R3951.contig103	390	20	2
R3951.contig104	389	0	0
R3951.contig105	380	0	0
R3951.contig106	378	0	0
R3951.contig107	378	0	0
R3951.contig108	377	13	1
R3951.contig109	376	5440	1457
R3951.contig110	374	40	6
R3951.contig111	373	0	0
R3951.contig112	368	0	0
R3951.contig113	362	0	0
R3951.contig114	359	49276	11980
R3951.contig115	357	0	0
R3951.contig116	356	0	0
R3951.contig117	353	0	0
R3951.contig118	353	0	0
R3951.contig119	352	0	0
R3951.contig120	344	69	6
R3951.contig121	343	7	1
R3951.contig122	340	0	0
R3951.contig123	339	0	0
R3951.contig124	339	0	0
R3951.contig125	332	0	0
R3951.contig126	332	0	0
R3951.contig127	331	0	0
R3951.contig128	330	0	0
R3951.contig129	327	469	11
R3951.contig130	323	230	6
R3951.contig131	321	0	0
R3951.contig132	319	77	34
R3951.contig133	319	94	6
R3951.contig134	319	0	0
R3951.contig135	316	0	0
R3951.contig136	315	0	0
R3951.contig137	314	0	0
R3951.contig138	313	0	0
R3951.contig139	312	0	0
R3951.contig140	310	6	4
R3951.contig141	306	0	0
*	0	0	16739972
