nonhost
20584660
24367328
19105548
17351416
16926140
22811204
419916
22498984
22250440
21642816
22171684
25781152
19322128
23892532
31636848
3002240
22623248
21842040
19041608
22088216
21220540
449612
21565672
32697544
11260708
17438460
23930408
5417916
19011084
24754320
1470304
21550172
14509376
9344852
20804488
21383988
4698032
21901948
14492720
823504
18986080
21497856
2573312
16916568
19762348
11399600
18008672
6792348
4766288
19421196
19630232
19645256
20240524
16534040
10025868
19973144
20621960
15478864
17794612
18139496
8998568
17334816
9379628
9658416
8615460
19404192
16412148
17653276
12371304
14389016
13425136
3833756
15796992
12706032
12019088
16025108
12720820
13018888
1072040
12016264
7517848
624232
6791596
5368652
2392608
9120552
11656600
3716312
1659040
10524924
1150960
7714388
8785676
233440
6413092
10349224
1734648
10001868
8506456
1977340
9144096
8769512
701720
8936248
8108708
422276
6699748
5932316
555804
458864
7690264
2219964
221944
5449288
984160
7960156
6517440
1082544
11768400
8171120
648508
8024924
12791436
4301148
2159112
226476
1331064
9376508
10321640
3426964
11925348
7152660
2337124
9367532
8965072
530284
12386088
14680736
3472716
1894696
1763340
2522928
2327800
2777504
2913784
2699440
4107476
3548996
14276976
15916344
6000792
15294696
2305280
1977048
3614184
3496308

