wgs25.contig1	661813	102751	143
wgs25.contig2	353624	50578	81
wgs25.contig3	271956	36431	58
wgs25.contig4	242066	34957	69
wgs25.contig5	221422	33526	97
wgs25.contig6	193198	31181	41
wgs25.contig7	173022	28465	44
wgs25.contig8	167189	28863	31
wgs25.contig9	165514	25459	58
wgs25.contig10	152268	23254	34
wgs25.contig11	151056	22454	55
wgs25.contig12	143857	20152	41
wgs25.contig13	129511	18003	28
wgs25.contig14	121627	16845	21
wgs25.contig15	119824	17445	42
wgs25.contig16	118100	19374	38
wgs25.contig17	113385	19750	22
wgs25.contig18	112183	18495	32
wgs25.contig19	110183	15253	40
wgs25.contig20	107090	17553	40
wgs25.contig21	97922	15259	39
wgs25.contig22	96725	12795	32
wgs25.contig23	95144	34254	75
wgs25.contig24	89689	33569	59
wgs25.contig25	87435	11548	19
wgs25.contig26	77994	12354	28
wgs25.contig27	75605	15481	25
wgs25.contig28	55914	8362	9
wgs25.contig29	51344	6692	10
wgs25.contig30	48688	8346	21
wgs25.contig31	42043	7402	9
wgs25.contig32	31997	5405	8
wgs25.contig33	30132	5217	10
wgs25.contig34	25155	4012	7
wgs25.contig35	24252	3389	18
wgs25.contig36	23619	3163	15
wgs25.contig37	19490	3255	12
wgs25.contig38	19134	2706	6
wgs25.contig39	18412	2459	8
wgs25.contig40	18157	24397	43
wgs25.contig41	17465	2111	3
wgs25.contig42	15903	2547	1
wgs25.contig43	15858	2410	6
wgs25.contig44	15008	2316	5
wgs25.contig45	9962	1366	1
wgs25.contig46	9102	1162	1
wgs25.contig47	8853	1594	4
wgs25.contig48	7991	975	3
wgs25.contig49	6818	1023	3
wgs25.contig50	6086	6177	11
wgs25.contig51	5954	1094	4
wgs25.contig52	5758	4906	5
wgs25.contig53	5356	5396	12
wgs25.contig54	5280	2431	4
wgs25.contig55	4972	676	0
wgs25.contig56	4898	6142	533
wgs25.contig57	4890	581	4
wgs25.contig58	4397	763	2
wgs25.contig59	4281	697	1
wgs25.contig60	3974	597	0
wgs25.contig61	3714	2951	7
wgs25.contig62	3702	575	0
wgs25.contig63	3357	1125	2
wgs25.contig64	2832	342	0
wgs25.contig65	2682	432	1
wgs25.contig66	2660	346	1
wgs25.contig67	2643	464	3
wgs25.contig68	2532	1249	0
wgs25.contig69	2146	320	0
wgs25.contig70	2042	2329	4
wgs25.contig71	1949	2621	3
wgs25.contig72	1650	260	1
wgs25.contig73	1349	283	0
wgs25.contig74	1281	406	3
wgs25.contig75	1266	462	0
wgs25.contig76	1258	571	0
wgs25.contig77	1103	156	0
wgs25.contig78	1067	540	5
wgs25.contig79	1062	280	1
wgs25.contig80	1005	292	1
wgs25.contig81	895	94	0
wgs25.contig82	870	392	1
wgs25.contig83	820	102	1
wgs25.contig84	806	110	0
wgs25.contig85	799	115	1
wgs25.contig86	753	217	0
wgs25.contig87	678	90	0
wgs25.contig88	670	65	0
wgs25.contig89	663	24	0
wgs25.contig90	662	51	0
wgs25.contig91	645	75	0
wgs25.contig92	641	77	18
wgs25.contig93	637	74	0
wgs25.contig94	623	70	0
wgs25.contig95	605	738	3
wgs25.contig96	584	431	0
wgs25.contig97	544	48	0
wgs25.contig98	511	0	0
wgs25.contig99	485	0	0
wgs25.contig100	472	0	0
wgs25.contig101	458	259	0
wgs25.contig102	452	0	0
wgs25.contig103	445	29	0
wgs25.contig104	441	37	0
wgs25.contig105	441	375	1
wgs25.contig106	419	25	0
wgs25.contig107	417	25	0
wgs25.contig108	415	0	0
wgs25.contig109	403	180	1
wgs25.contig110	399	7	0
wgs25.contig111	392	54	0
wgs25.contig112	377	0	0
wgs25.contig113	360	30	1
wgs25.contig114	359	71	0
wgs25.contig115	354	25	0
wgs25.contig116	352	64	0
wgs25.contig117	342	27	0
wgs25.contig118	336	26	0
wgs25.contig119	329	21	1
wgs25.contig120	327	26	0
wgs25.contig121	305	17	0
wgs25.contig122	296	63	0
wgs25.contig123	283	6	0
wgs25.contig124	282	68	0
wgs25.contig125	277	0	0
wgs25.contig126	264	22	0
wgs25.contig127	258	7	0
wgs25.contig128	258	123	0
wgs25.contig129	255	4	0
wgs25.contig130	255	70	0
wgs25.contig131	255	18	0
wgs25.contig132	255	12	0
wgs25.contig133	255	7	0
wgs25.contig134	255	23	0
wgs25.contig135	255	57	0
wgs25.contig136	255	20	0
wgs25.contig137	255	6	0
wgs25.contig138	255	27	0
wgs25.contig139	255	6	0
wgs25.contig140	255	18	0
wgs25.contig141	255	13	1
wgs25.contig142	255	13	0
wgs25.contig143	255	11	0
wgs25.contig144	255	3	0
wgs25.contig145	253	3	0
wgs25.contig146	252	26	0
wgs25.contig147	241	12	0
wgs25.contig148	236	4	0
wgs25.contig149	220	7	0
wgs25.contig150	193	48	0
wgs25.contig151	185	0	0
wgs25.contig152	175	6	0
wgs25.contig153	154	10	0
wgs25.contig154	145	2	0
wgs25.contig155	130	0	0
wgs25.contig156	129	0	0
*	0	0	8877340
