RT3.contig1	2281	1983	29
RT3.contig2	1655	3237445	210776
RT3.contig3	1590	14816	3797
RT3.contig4	1441	4130948	289071
RT3.contig5	1257	404	8
RT3.contig6	1199	1362	50
RT3.contig7	1192	504	29
RT3.contig8	1125	884	21
RT3.contig9	1101	12518	2845
RT3.contig10	1076	360	19
RT3.contig11	997	7959	478
RT3.contig12	948	54	2
RT3.contig13	916	28845	6986
RT3.contig14	894	292	136
RT3.contig15	870	83	6
RT3.contig16	842	964	53
RT3.contig17	792	666	40
RT3.contig18	773	438993	132405
RT3.contig19	746	70	8
RT3.contig20	726	34071	3097
RT3.contig21	714	79264	18133
RT3.contig22	711	522	27
RT3.contig23	711	72	7
RT3.contig24	678	1328	321
RT3.contig25	660	222	4
RT3.contig26	658	516	23
RT3.contig27	637	104	12
RT3.contig28	622	14182	2878
RT3.contig29	606	79	6
RT3.contig30	600	51	5
RT3.contig31	594	178	7
RT3.contig32	589	110	2
RT3.contig33	585	181	8
RT3.contig34	577	135080	12070
RT3.contig35	571	408	21
RT3.contig36	568	14280	4246
RT3.contig37	557	2936	568
RT3.contig38	551	49	3
RT3.contig39	544	19482	4254
RT3.contig40	536	1683	345
RT3.contig41	507	43	1
RT3.contig42	507	27	2
RT3.contig43	503	80	2
RT3.contig44	498	30	1
RT3.contig45	493	32	4
RT3.contig46	480	360641	101142
RT3.contig47	479	106679	35449
RT3.contig48	478	619	7
RT3.contig49	475	1490	156
RT3.contig50	449	3189	726
RT3.contig51	441	2008	244
RT3.contig52	426	1183	172
RT3.contig53	424	59588	7902
RT3.contig54	422	65	3
RT3.contig55	416	6240	1357
RT3.contig56	397	23	1
RT3.contig57	387	97	4
RT3.contig58	373	172	5
RT3.contig59	370	14	5
RT3.contig60	356	34	1
RT3.contig61	355	3819	1365
RT3.contig62	351	37	1
RT3.contig63	330	11	5
RT3.contig64	323	40	4
RT3.contig65	317	12	6
RT3.contig66	316	33	1
RT3.contig67	315	24	0
RT3.contig68	310	59748	5778
RT3.contig69	302	9893	3148
RT3.contig70	300	5776	1793
*	0	0	17700422
