R4000.contig1	2871	19	3
R4000.contig2	2133	0	0
R4000.contig3	2041	98	62
R4000.contig4	1561	0	0
R4000.contig5	1415	0	0
R4000.contig6	1103	0	0
R4000.contig7	1098	995386	192031
R4000.contig8	1097	0	0
R4000.contig9	933	4	0
R4000.contig10	814	39708	8629
R4000.contig11	633	177744	73013
R4000.contig12	623	0	0
R4000.contig13	612	94	22
R4000.contig14	585	210	28
R4000.contig15	550	1294	70
R4000.contig16	544	2	0
R4000.contig17	520	4	2
R4000.contig18	490	6	0
R4000.contig19	486	8200	2033
R4000.contig20	472	8	2
R4000.contig21	471	0	0
R4000.contig22	469	227805	72420
R4000.contig23	461	0	0
R4000.contig24	456	1195252	189379
R4000.contig25	453	108856	47695
R4000.contig26	394	373	107
R4000.contig27	384	0	0
R4000.contig28	376	0	0
R4000.contig29	364	41665	6575
R4000.contig30	358	0	0
R4000.contig31	338	691455	109511
R4000.contig32	331	1129	387
R4000.contig33	330	0	0
R4000.contig34	319	8329	3560
R4000.contig35	318	1781	663
*	0	0	23152484
