D4011.contig1	37963	2993122	91706
D4011.contig2	37655	846598	27273
D4011.contig3	32408	128622	2754
D4011.contig4	28126	26921	266
D4011.contig5	27412	12704	177
D4011.contig6	23510	70661	761
D4011.contig7	21559	58289	847
D4011.contig8	21176	78805	1680
D4011.contig9	20938	9266	212
D4011.contig10	20666	6031	87
D4011.contig11	20032	2016356	46219
D4011.contig12	19418	7182	83
D4011.contig13	19391	9433	125
D4011.contig14	18113	39545	750
D4011.contig15	17087	24232	308
D4011.contig16	17074	51222	649
D4011.contig17	16620	29343	513
D4011.contig18	16151	6820	96
D4011.contig19	16107	7585	129
D4011.contig20	16007	10515	341
D4011.contig21	16004	15102	223
D4011.contig22	15630	4895	53
D4011.contig23	15111	11892	224
D4011.contig24	14314	11967	275
D4011.contig25	14008	7647	162
D4011.contig26	13893	16211	442
D4011.contig27	13309	21354	249
D4011.contig28	13223	6712	116
D4011.contig29	13108	11857	357
D4011.contig30	13095	3378	44
D4011.contig31	12756	4455	80
D4011.contig32	12637	12665	292
D4011.contig33	12173	2876	45
D4011.contig34	11471	4311	115
D4011.contig35	11172	10625	161
D4011.contig36	11143	7182	132
D4011.contig37	10983	2791	40
D4011.contig38	10955	14074	322
D4011.contig39	10939	2556	35
D4011.contig40	10903	3777	137
D4011.contig41	10308	3548	104
D4011.contig42	10245	18907	400
D4011.contig43	10143	5097	118
D4011.contig44	10114	10371	182
D4011.contig45	10088	4179	42
D4011.contig46	10061	15949	375
D4011.contig47	10057	3517	91
D4011.contig48	9982	8396	128
D4011.contig49	9968	29840	451
D4011.contig50	9819	16161	281
D4011.contig51	9752	4950	98
D4011.contig52	9601	5093	86
D4011.contig53	9539	9581	153
D4011.contig54	9270	8855	204
D4011.contig55	9253	2220	68
D4011.contig56	8855	1937	21
D4011.contig57	8747	2545	63
D4011.contig58	8696	2166	32
D4011.contig59	8662	2944	55
D4011.contig60	8617	1753	45
D4011.contig61	8402	1137	21
D4011.contig62	8384	7917	214
D4011.contig63	8227	1701	29
D4011.contig64	8135	1649	36
D4011.contig65	8033	1031	22
D4011.contig66	7916	904	14
D4011.contig67	7861	663906	16214
D4011.contig68	7845	6253	100
D4011.contig69	7836	10929	246
D4011.contig70	7679	1287	45
D4011.contig71	7606	5173	100
D4011.contig72	7337	1180	19
D4011.contig73	7165	1271	48
D4011.contig74	7076	1394	28
D4011.contig75	7075	2947	49
D4011.contig76	7026	1672	50
D4011.contig77	6915	852	23
D4011.contig78	6802	2348	51
D4011.contig79	6780	3415	69
D4011.contig80	6667	727	27
D4011.contig81	6633	941548	25303
D4011.contig82	6576	966	22
D4011.contig83	6562	2341	65
D4011.contig84	6561	8460	231
D4011.contig85	6416	1345	34
D4011.contig86	6316	17575	406
D4011.contig87	6285	2546	109
D4011.contig88	6268	2995	81
D4011.contig89	6193	7274	205
D4011.contig90	6169	854	24
D4011.contig91	6121	1788	40
D4011.contig92	6030	2570	67
D4011.contig93	5984	2427	53
D4011.contig94	5972	1241	47
D4011.contig95	5955	514	19
D4011.contig96	5903	36622	496
D4011.contig97	5861	3554	95
D4011.contig98	5829	1637	53
D4011.contig99	5795	1432	30
D4011.contig100	5738	1185	21
D4011.contig101	5652	565	25
D4011.contig102	5596	1069	50
D4011.contig103	5572	1002	21
D4011.contig104	5481	1280	38
D4011.contig105	5346	4590	85
D4011.contig106	5344	695	10
D4011.contig107	5331	1100	32
D4011.contig108	5317	8062	256
D4011.contig109	5309	873	12
D4011.contig110	5308	224241	4382
D4011.contig111	5247	12488	253
D4011.contig112	5235	594	30
D4011.contig113	5212	724	23
D4011.contig114	5142	1380	36
D4011.contig115	5073	1054	30
D4011.contig116	5025	643	25
D4011.contig117	4921	637	13
D4011.contig118	4890	640	18
D4011.contig119	4804	1861	98
D4011.contig120	4800	1154	24
D4011.contig121	4800	14585	275
D4011.contig122	4772	9120	125
D4011.contig123	4763	787	17
D4011.contig124	4756	1648	58
D4011.contig125	4686	36789	968
D4011.contig126	4670	550	9
D4011.contig127	4668	489	21
D4011.contig128	4639	669	24
D4011.contig129	4632	3527	67
D4011.contig130	4595	59153	1151
D4011.contig131	4579	493	17
D4011.contig132	4566	440	21
D4011.contig133	4535	1470	32
D4011.contig134	4421	379	9
D4011.contig135	4385	462	11
D4011.contig136	4384	1319	23
D4011.contig137	4383	1043	33
D4011.contig138	4254	792	19
D4011.contig139	4229	537	8
D4011.contig140	4198	981	28
D4011.contig141	4175	686	25
D4011.contig142	4078	5480	101
D4011.contig143	4065	469	14
D4011.contig144	4060	1552	72
D4011.contig145	4059	1621	51
D4011.contig146	4031	856	24
D4011.contig147	3955	590	27
D4011.contig148	3931	1192	33
D4011.contig149	3929	414	19
D4011.contig150	3916	6424	191
D4011.contig151	3913	367	13
D4011.contig152	3885	699	26
D4011.contig153	3851	444	11
D4011.contig154	3825	586	28
D4011.contig155	3824	14642	170
D4011.contig156	3817	635	26
D4011.contig157	3753	368	20
D4011.contig158	3752	593	44
D4011.contig159	3740	611	21
D4011.contig160	3709	410	12
D4011.contig161	3708	350	18
D4011.contig162	3697	721	15
D4011.contig163	3686	1679	38
D4011.contig164	3641	658	19
D4011.contig165	3619	2167	76
D4011.contig166	3619	401	13
D4011.contig167	3561	2921	109
D4011.contig168	3536	305	16
D4011.contig169	3522	917	31
D4011.contig170	3520	583	19
D4011.contig171	3514	480	14
D4011.contig172	3508	583	16
D4011.contig173	3435	439	37
D4011.contig174	3411	523	9
D4011.contig175	3382	252	17
D4011.contig176	3305	485	16
D4011.contig177	3292	548	19
D4011.contig178	3273	1720	40
D4011.contig179	3266	527	15
D4011.contig180	3220	3113	57
D4011.contig181	3178	845	39
D4011.contig182	3175	449	15
D4011.contig183	3165	344	16
D4011.contig184	3164	236	11
D4011.contig185	3153	327	3
D4011.contig186	3114	762	29
D4011.contig187	3110	1110	33
D4011.contig188	3106	5904	84
D4011.contig189	3095	255	9
D4011.contig190	3090	323	10
D4011.contig191	3084	503	8
D4011.contig192	3078	907	32
D4011.contig193	3073	303	17
D4011.contig194	3063	381	6
D4011.contig195	3052	556	16
D4011.contig196	3045	330	17
D4011.contig197	3042	710	37
D4011.contig198	3017	417	8
D4011.contig199	3016	703	26
D4011.contig200	3013	4840	158
D4011.contig201	3002	208	10
D4011.contig202	3000	445	15
D4011.contig203	2994	366	10
D4011.contig204	2952	569	19
D4011.contig205	2941	274	13
D4011.contig206	2936	237	6
D4011.contig207	2934	679	20
D4011.contig208	2903	908	18
D4011.contig209	2891	238	12
D4011.contig210	2889	684	11
D4011.contig211	2880	211	13
D4011.contig212	2879	331	14
D4011.contig213	2831	207	11
D4011.contig214	2824	349	16
D4011.contig215	2822	349	4
D4011.contig216	2793	523	16
D4011.contig217	2792	207	19
D4011.contig218	2761	297	10
D4011.contig219	2750	562	21
D4011.contig220	2748	270	11
D4011.contig221	2747	418	10
D4011.contig222	2736	3888	163
D4011.contig223	2726	826	25
D4011.contig224	2726	2012	61
D4011.contig225	2717	3438	85
D4011.contig226	2699	291	23
D4011.contig227	2691	240	11
D4011.contig228	2685	551	29
D4011.contig229	2677	475	25
D4011.contig230	2666	7152	184
D4011.contig231	2666	372	14
D4011.contig232	2660	253	10
D4011.contig233	2641	228	4
D4011.contig234	2609	1317	38
D4011.contig235	2590	945	26
D4011.contig236	2589	683	28
D4011.contig237	2589	280	6
D4011.contig238	2573	541	16
D4011.contig239	2568	688	16
D4011.contig240	2566	432	12
D4011.contig241	2561	214	20
D4011.contig242	2559	248	9
D4011.contig243	2559	170	9
D4011.contig244	2542	304	10
D4011.contig245	2535	398	43
D4011.contig246	2534	271	18
D4011.contig247	2533	732	29
D4011.contig248	2530	277	12
D4011.contig249	2530	467	7
D4011.contig250	2514	880	51
D4011.contig251	2511	210	11
D4011.contig252	2508	260	5
D4011.contig253	2502	313	14
D4011.contig254	2497	224	9
D4011.contig255	2473	158	11
D4011.contig256	2460	670	19
D4011.contig257	2453	2033	61
D4011.contig258	2421	1299	19
D4011.contig259	2419	20602	417
D4011.contig260	2408	213	7
D4011.contig261	2394	538	18
D4011.contig262	2386	282	11
D4011.contig263	2369	298	9
D4011.contig264	2364	326	33
D4011.contig265	2364	2042	77
D4011.contig266	2357	356	11
D4011.contig267	2354	239	5
D4011.contig268	2350	502	51
D4011.contig269	2339	1069	54
D4011.contig270	2326	482	18
D4011.contig271	2266	696	31
D4011.contig272	2266	273	5
D4011.contig273	2256	292	12
D4011.contig274	2230	146	15
D4011.contig275	2228	196	4
D4011.contig276	2227	308	20
D4011.contig277	2225	867	26
D4011.contig278	2213	332	15
D4011.contig279	2213	251	13
D4011.contig280	2213	335	9
D4011.contig281	2210	298	15
D4011.contig282	2205	135	5
D4011.contig283	2203	277	6
D4011.contig284	2188	278	23
D4011.contig285	2186	193	15
D4011.contig286	2185	509	21
D4011.contig287	2159	183	7
D4011.contig288	2157	175	6
D4011.contig289	2148	1513	57
D4011.contig290	2138	163	9
D4011.contig291	2134	2276	70
D4011.contig292	2127	191	11
D4011.contig293	2119	125	9
D4011.contig294	2098	493	4
D4011.contig295	2086	129	7
D4011.contig296	2083	247	11
D4011.contig297	2072	959	45
D4011.contig298	2069	124	11
D4011.contig299	2067	189	3
D4011.contig300	2059	683	77
D4011.contig301	2057	286	16
D4011.contig302	2057	601	11
D4011.contig303	2055	207	9
D4011.contig304	2054	170	14
D4011.contig305	2051	235	8
D4011.contig306	2046	285	9
D4011.contig307	2026	293	11
D4011.contig308	2021	162	10
D4011.contig309	2019	340	10
D4011.contig310	2018	170	7
D4011.contig311	2013	1072	62
D4011.contig312	2003	199	12
D4011.contig313	1999	136	9
D4011.contig314	1992	435	11
D4011.contig315	1989	774	19
D4011.contig316	1989	296	12
D4011.contig317	1988	252	11
D4011.contig318	1987	150	10
D4011.contig319	1983	106	8
D4011.contig320	1980	128	4
D4011.contig321	1979	434	16
D4011.contig322	1974	499	20
D4011.contig323	1973	203	6
D4011.contig324	1970	148	11
D4011.contig325	1970	207	13
D4011.contig326	1968	3221	83
D4011.contig327	1959	261	16
D4011.contig328	1959	613	33
D4011.contig329	1955	317	9
D4011.contig330	1954	181	7
D4011.contig331	1943	748	19
D4011.contig332	1914	171	12
D4011.contig333	1898	308	2
D4011.contig334	1896	390	14
D4011.contig335	1894	162	10
D4011.contig336	1891	1650	58
D4011.contig337	1889	120	7
D4011.contig338	1881	927	35
D4011.contig339	1871	233	6
D4011.contig340	1869	234	5
D4011.contig341	1844	184	11
D4011.contig342	1841	84	10
D4011.contig343	1840	173	14
D4011.contig344	1826	164	10
D4011.contig345	1823	164	21
D4011.contig346	1820	292	9
D4011.contig347	1810	156	6
D4011.contig348	1808	110	10
D4011.contig349	1805	292	16
D4011.contig350	1802	150	7
D4011.contig351	1801	139	7
D4011.contig352	1799	167	8
D4011.contig353	1797	2336	77
D4011.contig354	1796	164	7
D4011.contig355	1795	167	9
D4011.contig356	1786	343	6
D4011.contig357	1780	3541	100
D4011.contig358	1775	1877	48
D4011.contig359	1766	768	12
D4011.contig360	1765	1071	38
D4011.contig361	1758	144	5
D4011.contig362	1757	141	14
D4011.contig363	1754	657	33
D4011.contig364	1739	1841	55
D4011.contig365	1736	234	8
D4011.contig366	1731	907	39
D4011.contig367	1729	116	4
D4011.contig368	1726	208	7
D4011.contig369	1726	114	4
D4011.contig370	1722	269	7
D4011.contig371	1716	658	11
D4011.contig372	1716	109	11
D4011.contig373	1714	101	9
D4011.contig374	1713	103	3
D4011.contig375	1710	117	10
D4011.contig376	1707	217	13
D4011.contig377	1706	135	8
D4011.contig378	1705	579	59
D4011.contig379	1699	143	9
D4011.contig380	1682	322	19
D4011.contig381	1681	542	33
D4011.contig382	1677	94	8
D4011.contig383	1671	106	10
D4011.contig384	1670	144	5
D4011.contig385	1664	462	6
D4011.contig386	1663	106	9
D4011.contig387	1655	116	9
D4011.contig388	1646	200	11
D4011.contig389	1640	234	21
D4011.contig390	1633	107	7
D4011.contig391	1632	1572	27
D4011.contig392	1629	122	13
D4011.contig393	1627	112	9
D4011.contig394	1610	580	32
D4011.contig395	1602	439	11
D4011.contig396	1596	129	5
D4011.contig397	1593	138	8
D4011.contig398	1592	127	9
D4011.contig399	1585	81	5
D4011.contig400	1584	10454	1725
D4011.contig401	1570	68	9
D4011.contig402	1569	288	15
D4011.contig403	1563	179	5
D4011.contig404	1561	817	15
D4011.contig405	1555	132	2
D4011.contig406	1555	386	18
D4011.contig407	1546	164	8
D4011.contig408	1542	164	10
D4011.contig409	1530	100	4
D4011.contig410	1530	109	7
D4011.contig411	1529	203	16
D4011.contig412	1524	219	8
D4011.contig413	1523	150	3
D4011.contig414	1522	134	14
D4011.contig415	1517	170	5
D4011.contig416	1517	446	7
D4011.contig417	1510	815	13
D4011.contig418	1500	151	10
D4011.contig419	1500	112	5
D4011.contig420	1495	116	3
D4011.contig421	1489	195	5
D4011.contig422	1488	69	12
D4011.contig423	1486	9348	442
D4011.contig424	1483	88	9
D4011.contig425	1482	95	11
D4011.contig426	1479	115	8
D4011.contig427	1473	93	1
D4011.contig428	1473	93	11
D4011.contig429	1471	787	30
D4011.contig430	1470	676	13
D4011.contig431	1469	125	13
D4011.contig432	1469	156	6
D4011.contig433	1468	455	19
D4011.contig434	1468	81	10
D4011.contig435	1464	109	7
D4011.contig436	1464	74	12
D4011.contig437	1462	101	7
D4011.contig438	1461	102	5
D4011.contig439	1459	181	12
D4011.contig440	1455	132	1
D4011.contig441	1453	482	16
D4011.contig442	1444	114	6
D4011.contig443	1442	995	36
D4011.contig444	1430	83	7
D4011.contig445	1430	189	10
D4011.contig446	1424	636	41
D4011.contig447	1421	149	4
D4011.contig448	1421	123	9
D4011.contig449	1413	70	9
D4011.contig450	1409	369	18
D4011.contig451	1408	71	11
D4011.contig452	1407	120	4
D4011.contig453	1407	100	16
D4011.contig454	1405	310	12
D4011.contig455	1402	99	10
D4011.contig456	1402	129	7
D4011.contig457	1402	110	6
D4011.contig458	1401	167	13
D4011.contig459	1396	910	28
D4011.contig460	1390	156	9
D4011.contig461	1389	63	7
D4011.contig462	1388	127	8
D4011.contig463	1386	89	9
D4011.contig464	1383	98	14
D4011.contig465	1381	77	7
D4011.contig466	1381	109	2
D4011.contig467	1378	102	10
D4011.contig468	1378	105	11
D4011.contig469	1376	164	17
D4011.contig470	1375	116	10
D4011.contig471	1368	91	7
D4011.contig472	1367	90	4
D4011.contig473	1363	86	6
D4011.contig474	1359	949	30
D4011.contig475	1355	142	6
D4011.contig476	1352	894	23
D4011.contig477	1350	171	7
D4011.contig478	1350	107	7
D4011.contig479	1348	77	8
D4011.contig480	1344	117	11
D4011.contig481	1339	74	9
D4011.contig482	1337	158	11
D4011.contig483	1335	1051	14
D4011.contig484	1334	138	6
D4011.contig485	1320	236	22
D4011.contig486	1317	88	8
D4011.contig487	1317	174029	11249
D4011.contig488	1316	67	11
D4011.contig489	1315	982	29
D4011.contig490	1310	104	10
D4011.contig491	1309	161	10
D4011.contig492	1298	125	12
D4011.contig493	1297	119	6
D4011.contig494	1297	69	8
D4011.contig495	1295	120	9
D4011.contig496	1293	136	8
D4011.contig497	1283	94	10
D4011.contig498	1281	86	15
D4011.contig499	1280	147	12
D4011.contig500	1279	113	13
D4011.contig501	1272	102	6
D4011.contig502	1269	338	19
D4011.contig503	1268	147	9
D4011.contig504	1266	64	6
D4011.contig505	1262	74	6
D4011.contig506	1261	59	5
D4011.contig507	1257	98	4
D4011.contig508	1254	89	1
D4011.contig509	1254	93	8
D4011.contig510	1251	415	16
D4011.contig511	1249	108	8
D4011.contig512	1244	67	5
D4011.contig513	1233	63	12
D4011.contig514	1233	94	14
D4011.contig515	1231	55	8
D4011.contig516	1230	1894	37
D4011.contig517	1228	100	7
D4011.contig518	1228	86	10
D4011.contig519	1223	75	6
D4011.contig520	1223	105	9
D4011.contig521	1221	235	6
D4011.contig522	1218	124	14
D4011.contig523	1216	126	7
D4011.contig524	1212	75	3
D4011.contig525	1207	93	12
D4011.contig526	1203	373	10
D4011.contig527	1200	134	5
D4011.contig528	1199	147	8
D4011.contig529	1199	108	4
D4011.contig530	1188	208	4
D4011.contig531	1184	123	10
D4011.contig532	1180	108	8
D4011.contig533	1180	133	9
D4011.contig534	1180	112	10
D4011.contig535	1178	119	5
D4011.contig536	1177	116	6
D4011.contig537	1175	90	6
D4011.contig538	1171	150	10
D4011.contig539	1171	746	10
D4011.contig540	1165	126	5
D4011.contig541	1165	98	13
D4011.contig542	1164	80	9
D4011.contig543	1164	65	9
D4011.contig544	1164	81	6
D4011.contig545	1163	88	6
D4011.contig546	1160	456	7
D4011.contig547	1160	76	7
D4011.contig548	1159	86	11
D4011.contig549	1153	368	20
D4011.contig550	1149	62	7
D4011.contig551	1148	80	4
D4011.contig552	1147	111	8
D4011.contig553	1146	333	12
D4011.contig554	1145	54	4
D4011.contig555	1144	72	14
D4011.contig556	1139	62	6
D4011.contig557	1136	181	8
D4011.contig558	1133	57	5
D4011.contig559	1131	66	4
D4011.contig560	1130	67	9
D4011.contig561	1129	90	8
D4011.contig562	1127	317	15
D4011.contig563	1126	50	10
D4011.contig564	1126	103	6
D4011.contig565	1123	66	8
D4011.contig566	1117	109	4
D4011.contig567	1114	128	6
D4011.contig568	1112	45	6
D4011.contig569	1110	52	7
D4011.contig570	1110	70	7
D4011.contig571	1110	85	3
D4011.contig572	1107	69	14
D4011.contig573	1107	54	4
D4011.contig574	1106	51	13
D4011.contig575	1105	67	13
D4011.contig576	1104	55	6
D4011.contig577	1104	104	10
D4011.contig578	1102	51	4
D4011.contig579	1101	104	10
D4011.contig580	1098	71	9
D4011.contig581	1091	51	7
D4011.contig582	1085	67	6
D4011.contig583	1083	81	5
D4011.contig584	1083	59	9
D4011.contig585	1083	83	6
D4011.contig586	1082	326	8
D4011.contig587	1081	68	7
D4011.contig588	1080	56	6
D4011.contig589	1077	149	4
D4011.contig590	1076	255	14
D4011.contig591	1076	78	5
D4011.contig592	1070	65	8
D4011.contig593	1069	56	9
D4011.contig594	1067	49	7
D4011.contig595	1064	117	14
D4011.contig596	1062	88	6
D4011.contig597	1062	54	16
D4011.contig598	1061	58	4
D4011.contig599	1060	67	9
D4011.contig600	1059	59	9
D4011.contig601	1059	51	6
D4011.contig602	1056	76	11
D4011.contig603	1056	60	5
D4011.contig604	1052	144	11
D4011.contig605	1051	79	7
D4011.contig606	1050	131	12
D4011.contig607	1049	73	6
D4011.contig608	1048	88	9
D4011.contig609	1048	55	3
D4011.contig610	1046	130	3
D4011.contig611	1046	50	5
D4011.contig612	1042	61	4
D4011.contig613	1041	50	10
D4011.contig614	1039	66	8
D4011.contig615	1038	125	7
D4011.contig616	1038	57	9
D4011.contig617	1032	59	5
D4011.contig618	1030	70	8
D4011.contig619	1029	65	8
D4011.contig620	1026	92	12
D4011.contig621	1026	64	7
D4011.contig622	1025	88	4
D4011.contig623	1022	57	10
D4011.contig624	1021	51	15
D4011.contig625	1021	88	5
D4011.contig626	1019	44	4
D4011.contig627	1018	61	9
D4011.contig628	1018	85	7
D4011.contig629	1018	78	10
D4011.contig630	1013	64	4
D4011.contig631	1012	61	8
D4011.contig632	1011	63	6
D4011.contig633	1011	626	22
D4011.contig634	1008	47	10
D4011.contig635	1006	76	1
D4011.contig636	1005	61	8
D4011.contig637	1005	55	6
D4011.contig638	1004	55	9
D4011.contig639	1004	78	6
D4011.contig640	1003	63	9
D4011.contig641	998	145	2
D4011.contig642	995	135	9
D4011.contig643	995	61	1
D4011.contig644	994	80	9
D4011.contig645	993	85	1
D4011.contig646	992	57	6
D4011.contig647	991	53	7
D4011.contig648	987	210	16
D4011.contig649	987	67	3
D4011.contig650	986	89	7
D4011.contig651	983	66	5
D4011.contig652	982	61	8
D4011.contig653	980	76	6
D4011.contig654	980	42	8
D4011.contig655	979	47	12
D4011.contig656	978	102	12
D4011.contig657	975	55	7
D4011.contig658	974	76	2
D4011.contig659	972	119	17
D4011.contig660	969	46	12
D4011.contig661	962	847	5
D4011.contig662	962	80	7
D4011.contig663	960	48	11
D4011.contig664	959	748	33
D4011.contig665	958	82	4
D4011.contig666	955	41	4
D4011.contig667	951	63	9
D4011.contig668	950	48	2
D4011.contig669	950	96	4
D4011.contig670	949	34	6
D4011.contig671	941	72	5
D4011.contig672	940	43	3
D4011.contig673	939	38	4
D4011.contig674	938	44	12
D4011.contig675	933	102	10
D4011.contig676	930	86	13
D4011.contig677	930	38	5
D4011.contig678	930	58	8
D4011.contig679	930	58	6
D4011.contig680	928	38	2
D4011.contig681	928	44	4
D4011.contig682	926	34	9
D4011.contig683	926	88	13
D4011.contig684	925	58	9
D4011.contig685	925	64	6
D4011.contig686	925	68	9
D4011.contig687	924	42	6
D4011.contig688	924	34	1
D4011.contig689	918	50	7
D4011.contig690	917	153	138
D4011.contig691	917	44	4
D4011.contig692	917	52	6
D4011.contig693	916	34	6
D4011.contig694	916	67	9
D4011.contig695	916	1494	47
D4011.contig696	915	42	11
D4011.contig697	915	45	6
D4011.contig698	914	43	5
D4011.contig699	914	114	12
D4011.contig700	913	47	13
D4011.contig701	911	52	10
D4011.contig702	908	330	9
D4011.contig703	908	58	4
D4011.contig704	907	87	9
D4011.contig705	905	269	8
D4011.contig706	904	88	9
D4011.contig707	899	67	6
D4011.contig708	897	180	2
D4011.contig709	895	58	4
D4011.contig710	893	61	1
D4011.contig711	892	36	4
D4011.contig712	892	59	10
D4011.contig713	892	163	65
D4011.contig714	891	95	8
D4011.contig715	891	45	42
D4011.contig716	889	56	3
D4011.contig717	889	64	10
D4011.contig718	888	83	9
D4011.contig719	887	330	9
D4011.contig720	886	67	4
D4011.contig721	881	38	5
D4011.contig722	879	240	15
D4011.contig723	878	31	4
D4011.contig724	876	32	10
D4011.contig725	876	51	11
D4011.contig726	875	52	13
D4011.contig727	875	39	2
D4011.contig728	872	44	7
D4011.contig729	872	56	10
D4011.contig730	871	53	2
D4011.contig731	871	69	4
D4011.contig732	871	72	4
D4011.contig733	870	94	1
D4011.contig734	869	133	2
D4011.contig735	868	50	2
D4011.contig736	868	42	5
D4011.contig737	867	69	9
D4011.contig738	866	223	12
D4011.contig739	865	56	4
D4011.contig740	863	47	4
D4011.contig741	863	35	5
D4011.contig742	863	68	7
D4011.contig743	863	67	3
D4011.contig744	862	173	5
D4011.contig745	861	60	12
D4011.contig746	861	44	7
D4011.contig747	859	263	8
D4011.contig748	857	53	5
D4011.contig749	856	100	2
D4011.contig750	855	58	13
D4011.contig751	854	41	7
D4011.contig752	853	30	7
D4011.contig753	853	40	7
D4011.contig754	853	253	7
D4011.contig755	851	41	2
D4011.contig756	851	43	6
D4011.contig757	851	37	7
D4011.contig758	850	25	9
D4011.contig759	849	49	8
D4011.contig760	849	36	6
D4011.contig761	849	39	11
D4011.contig762	847	220	6
D4011.contig763	845	33	7
D4011.contig764	843	807	19
D4011.contig765	843	44	4
D4011.contig766	842	53	10
D4011.contig767	842	50	9
D4011.contig768	842	57	10
D4011.contig769	841	30	7
D4011.contig770	841	37	3
D4011.contig771	841	98	10
D4011.contig772	839	53	7
D4011.contig773	839	74	7
D4011.contig774	837	42	1
D4011.contig775	836	234	4
D4011.contig776	833	178	66
D4011.contig777	831	27	2
D4011.contig778	831	32	4
D4011.contig779	830	60	4
D4011.contig780	828	36	2
D4011.contig781	828	37	7
D4011.contig782	827	28	5
D4011.contig783	827	62	8
D4011.contig784	826	64	6
D4011.contig785	826	42	8
D4011.contig786	825	53	5
D4011.contig787	824	82	1
D4011.contig788	822	51	5
D4011.contig789	821	42	4
D4011.contig790	821	62	6
D4011.contig791	820	66	7
D4011.contig792	820	54	3
D4011.contig793	820	37	9
D4011.contig794	818	22	7
D4011.contig795	818	28	8
D4011.contig796	816	59	15
D4011.contig797	815	45	8
D4011.contig798	815	29	4
D4011.contig799	814	37	3
D4011.contig800	814	51	6
D4011.contig801	814	48	4
D4011.contig802	814	65	4
D4011.contig803	813	58	6
D4011.contig804	812	74	11
D4011.contig805	810	66	13
D4011.contig806	809	58	4
D4011.contig807	808	58	4
D4011.contig808	808	48	5
D4011.contig809	807	47	5
D4011.contig810	806	47	8
D4011.contig811	805	70	9
D4011.contig812	805	37	9
D4011.contig813	804	69	7
D4011.contig814	804	106	11
D4011.contig815	803	34	1
D4011.contig816	803	42	6
D4011.contig817	802	45	4
D4011.contig818	802	43	7
D4011.contig819	801	219	5
D4011.contig820	798	28	10
D4011.contig821	797	74	5
D4011.contig822	797	41	4
D4011.contig823	794	59	6
D4011.contig824	792	1564	220
D4011.contig825	790	32	9
D4011.contig826	789	40	7
D4011.contig827	789	35	8
D4011.contig828	787	96	2
D4011.contig829	786	56	6
D4011.contig830	786	61	4
D4011.contig831	785	80	9
D4011.contig832	784	50	9
D4011.contig833	783	29	1
D4011.contig834	783	46	10
D4011.contig835	781	45	9
D4011.contig836	781	43	10
D4011.contig837	781	26	3
D4011.contig838	781	49	2
D4011.contig839	780	59	11
D4011.contig840	780	38	10
D4011.contig841	777	37	3
D4011.contig842	776	51	3
D4011.contig843	775	48	5
D4011.contig844	769	30	6
D4011.contig845	768	54	7
D4011.contig846	768	51	7
D4011.contig847	767	115	25
D4011.contig848	767	83	10
D4011.contig849	765	46	2
D4011.contig850	765	35	6
D4011.contig851	765	60	6
D4011.contig852	763	38	7
D4011.contig853	760	43	8
D4011.contig854	757	56	12
D4011.contig855	756	42	6
D4011.contig856	756	25	8
D4011.contig857	755	84	14
D4011.contig858	754	25	7
D4011.contig859	753	131	12
D4011.contig860	746	35	7
D4011.contig861	746	27	10
D4011.contig862	745	76	10
D4011.contig863	743	34	4
D4011.contig864	743	40	8
D4011.contig865	743	19	5
D4011.contig866	742	39	5
D4011.contig867	741	43	8
D4011.contig868	741	27	8
D4011.contig869	741	46	6
D4011.contig870	740	47	9
D4011.contig871	740	20	6
D4011.contig872	739	81	5
D4011.contig873	739	49	2
D4011.contig874	739	52	7
D4011.contig875	738	29	5
D4011.contig876	738	33	6
D4011.contig877	736	27	11
D4011.contig878	736	67	11
D4011.contig879	736	25	4
D4011.contig880	736	56	7
D4011.contig881	736	36	4
D4011.contig882	734	29	5
D4011.contig883	733	37	6
D4011.contig884	732	28	8
D4011.contig885	731	34	8
D4011.contig886	731	47	8
D4011.contig887	731	51	6
D4011.contig888	731	27	11
D4011.contig889	731	52	8
D4011.contig890	728	30	7
D4011.contig891	728	68	6
D4011.contig892	727	82	4
D4011.contig893	726	46	7
D4011.contig894	726	56952	5159
D4011.contig895	724	44	9
D4011.contig896	723	30	11
D4011.contig897	722	44	5
D4011.contig898	722	43	3
D4011.contig899	721	65	10
D4011.contig900	719	56	3
D4011.contig901	718	48	15
D4011.contig902	717	55	11
D4011.contig903	715	85	9
D4011.contig904	715	49	11
D4011.contig905	715	75	4
D4011.contig906	713	32	4
D4011.contig907	713	31	4
D4011.contig908	712	38	8
D4011.contig909	712	72	9
D4011.contig910	711	35	12
D4011.contig911	710	47	5
D4011.contig912	710	35	3
D4011.contig913	709	30	7
D4011.contig914	708	51	9
D4011.contig915	708	27	6
D4011.contig916	708	24	5
D4011.contig917	707	26	5
D4011.contig918	706	37	1
D4011.contig919	706	31	2
D4011.contig920	704	364	11
D4011.contig921	703	24	8
D4011.contig922	702	38	9
D4011.contig923	702	35	5
D4011.contig924	702	37	5
D4011.contig925	702	25	5
D4011.contig926	701	40	7
D4011.contig927	701	30	5
D4011.contig928	701	148	6
D4011.contig929	700	18	4
D4011.contig930	700	31	10
D4011.contig931	699	28	5
D4011.contig932	697	29	5
D4011.contig933	697	53	5
D4011.contig934	693	45	1
D4011.contig935	693	29	7
D4011.contig936	692	550	37
D4011.contig937	692	63	9
D4011.contig938	692	41	9
D4011.contig939	692	19	7
D4011.contig940	691	31	13
D4011.contig941	691	43	7
D4011.contig942	691	31	9
D4011.contig943	690	65	3
D4011.contig944	690	17	9
D4011.contig945	689	46	4
D4011.contig946	689	26	3
D4011.contig947	688	26	3
D4011.contig948	687	54	3
D4011.contig949	685	18	2
D4011.contig950	685	43	5
D4011.contig951	683	31	6
D4011.contig952	683	31	6
D4011.contig953	683	30	7
D4011.contig954	683	28	4
D4011.contig955	682	53	13
D4011.contig956	681	34	6
D4011.contig957	678	31	5
D4011.contig958	678	46	2
D4011.contig959	677	40	10
D4011.contig960	676	37	5
D4011.contig961	674	29	4
D4011.contig962	674	30	5
D4011.contig963	673	35	6
D4011.contig964	672	34	9
D4011.contig965	672	39	3
D4011.contig966	671	35	7
D4011.contig967	670	63	12
D4011.contig968	669	47	13
D4011.contig969	667	34	8
D4011.contig970	666	53	16
D4011.contig971	666	45	4
D4011.contig972	666	28	6
D4011.contig973	666	53	9
D4011.contig974	665	44	4
D4011.contig975	664	43	8
D4011.contig976	663	64	7
D4011.contig977	663	30	5
D4011.contig978	663	32	10
D4011.contig979	663	26	7
D4011.contig980	662	52	8
D4011.contig981	660	22	5
D4011.contig982	660	22	6
D4011.contig983	659	47	4
D4011.contig984	658	51	6
D4011.contig985	657	26	11
D4011.contig986	657	24	3
D4011.contig987	655	25	2
D4011.contig988	655	31	5
D4011.contig989	652	25	5
D4011.contig990	651	54	6
D4011.contig991	649	23	2
D4011.contig992	647	37	15
D4011.contig993	646	40	5
D4011.contig994	645	37	5
D4011.contig995	644	34	5
D4011.contig996	643	21	7
D4011.contig997	643	230	4
D4011.contig998	643	22	1
D4011.contig999	642	41	4
D4011.contig1000	640	40	7
D4011.contig1001	639	23	7
D4011.contig1002	638	25	3
D4011.contig1003	637	33	7
D4011.contig1004	637	24	8
D4011.contig1005	636	42	8
D4011.contig1006	635	46	7
D4011.contig1007	632	96	3
D4011.contig1008	630	31	5
D4011.contig1009	630	50	8
D4011.contig1010	630	36	6
D4011.contig1011	629	39	2
D4011.contig1012	629	305	41
D4011.contig1013	629	165	11
D4011.contig1014	627	37	11
D4011.contig1015	627	35	8
D4011.contig1016	626	21	3
D4011.contig1017	625	25	7
D4011.contig1018	625	43	6
D4011.contig1019	625	37	6
D4011.contig1020	624	27	8
D4011.contig1021	624	55	11
D4011.contig1022	624	42	8
D4011.contig1023	624	33	8
D4011.contig1024	624	35	0
D4011.contig1025	623	37	13
D4011.contig1026	622	32	6
D4011.contig1027	620	37	6
D4011.contig1028	617	50	6
D4011.contig1029	617	25	3
D4011.contig1030	616	5587	104
D4011.contig1031	616	31	10
D4011.contig1032	615	16	8
D4011.contig1033	614	34	10
D4011.contig1034	614	35	5
D4011.contig1035	613	26	5
D4011.contig1036	613	28	8
D4011.contig1037	613	19	7
D4011.contig1038	613	37	3
D4011.contig1039	612	31	9
D4011.contig1040	612	156	46
D4011.contig1041	612	23	9
D4011.contig1042	611	28	4
D4011.contig1043	611	36	6
D4011.contig1044	610	77	9
D4011.contig1045	609	18	6
D4011.contig1046	609	88	6
D4011.contig1047	606	30	9
D4011.contig1048	606	45	9
D4011.contig1049	606	38	1
D4011.contig1050	606	33	7
D4011.contig1051	606	50	10
D4011.contig1052	606	24	4
D4011.contig1053	605	159	7
D4011.contig1054	605	40	8
D4011.contig1055	605	31	4
D4011.contig1056	603	39	8
D4011.contig1057	602	34	3
D4011.contig1058	601	20	8
D4011.contig1059	600	25	6
D4011.contig1060	599	40	6
D4011.contig1061	599	34	5
D4011.contig1062	597	24	6
D4011.contig1063	597	30	9
D4011.contig1064	596	35	4
D4011.contig1065	596	51	6
D4011.contig1066	596	26	5
D4011.contig1067	596	17	6
D4011.contig1068	595	44	0
D4011.contig1069	594	305	21
D4011.contig1070	593	28	4
D4011.contig1071	593	29	2
D4011.contig1072	593	38	13
D4011.contig1073	592	37	9
D4011.contig1074	591	38	3
D4011.contig1075	591	18	5
D4011.contig1076	590	17	7
D4011.contig1077	589	31	3
D4011.contig1078	589	87	11
D4011.contig1079	589	31	4
D4011.contig1080	588	26	10
D4011.contig1081	588	31	4
D4011.contig1082	587	34	10
D4011.contig1083	587	30	6
D4011.contig1084	586	43	1
D4011.contig1085	586	23	3
D4011.contig1086	586	37	7
D4011.contig1087	585	40	4
D4011.contig1088	585	23	11
D4011.contig1089	585	25	6
D4011.contig1090	582	29	7
D4011.contig1091	582	23	3
D4011.contig1092	580	42	2
D4011.contig1093	580	36	10
D4011.contig1094	579	30	6
D4011.contig1095	579	24	7
D4011.contig1096	578	37	6
D4011.contig1097	578	19	9
D4011.contig1098	578	27	7
D4011.contig1099	577	80	2
D4011.contig1100	577	23	6
D4011.contig1101	576	36	5
D4011.contig1102	576	43	0
D4011.contig1103	576	21	2
D4011.contig1104	575	38	4
D4011.contig1105	575	40	9
D4011.contig1106	575	26	5
D4011.contig1107	574	28	8
D4011.contig1108	573	16	2
D4011.contig1109	573	21	5
D4011.contig1110	572	39	6
D4011.contig1111	572	34	6
D4011.contig1112	571	20	3
D4011.contig1113	571	29	4
D4011.contig1114	571	22	7
D4011.contig1115	570	22	4
D4011.contig1116	569	28	1
D4011.contig1117	569	280	3
D4011.contig1118	569	20	4
D4011.contig1119	569	26	7
D4011.contig1120	567	29	5
D4011.contig1121	567	50	7
D4011.contig1122	567	30	7
D4011.contig1123	567	24	10
D4011.contig1124	566	27	5
D4011.contig1125	566	26	4
D4011.contig1126	566	18	4
D4011.contig1127	565	18	2
D4011.contig1128	565	19	7
D4011.contig1129	564	29	3
D4011.contig1130	563	18	6
D4011.contig1131	562	34	4
D4011.contig1132	562	26	14
D4011.contig1133	561	30	7
D4011.contig1134	561	24	4
D4011.contig1135	561	27	1
D4011.contig1136	560	42	13
D4011.contig1137	560	19	8
D4011.contig1138	560	20	5
D4011.contig1139	560	52	6
D4011.contig1140	560	25	7
D4011.contig1141	559	20	5
D4011.contig1142	557	13	4
D4011.contig1143	556	26	9
D4011.contig1144	556	27	7
D4011.contig1145	556	19	5
D4011.contig1146	555	27	2
D4011.contig1147	555	54	5
D4011.contig1148	555	30	4
D4011.contig1149	552	23	4
D4011.contig1150	552	21	2
D4011.contig1151	551	16	3
D4011.contig1152	551	21	6
D4011.contig1153	550	23	3
D4011.contig1154	550	26	5
D4011.contig1155	549	20	6
D4011.contig1156	549	48	3
D4011.contig1157	549	28	12
D4011.contig1158	549	22	2
D4011.contig1159	549	21	6
D4011.contig1160	549	27	4
D4011.contig1161	548	29	7
D4011.contig1162	548	36	9
D4011.contig1163	548	19	2
D4011.contig1164	547	25	10
D4011.contig1165	547	16	5
D4011.contig1166	546	21	7
D4011.contig1167	546	30	9
D4011.contig1168	546	25	6
D4011.contig1169	545	24	7
D4011.contig1170	545	25	6
D4011.contig1171	544	34	5
D4011.contig1172	543	32	8
D4011.contig1173	543	23	3
D4011.contig1174	543	43	12
D4011.contig1175	542	13	2
D4011.contig1176	542	24	5
D4011.contig1177	542	23	8
D4011.contig1178	542	18	1
D4011.contig1179	541	44	8
D4011.contig1180	541	22	4
D4011.contig1181	541	23	1
D4011.contig1182	541	19	9
D4011.contig1183	540	30	4
D4011.contig1184	540	19	10
D4011.contig1185	539	32	7
D4011.contig1186	539	19	7
D4011.contig1187	539	17	5
D4011.contig1188	538	23	6
D4011.contig1189	538	26	8
D4011.contig1190	538	21	5
D4011.contig1191	537	22	6
D4011.contig1192	536	28	11
D4011.contig1193	535	17	7
D4011.contig1194	534	23	8
D4011.contig1195	534	19	3
D4011.contig1196	534	34	3
D4011.contig1197	533	17	5
D4011.contig1198	533	22	4
D4011.contig1199	532	17	8
D4011.contig1200	532	30	8
D4011.contig1201	532	47	12
D4011.contig1202	532	21	4
D4011.contig1203	531	27	7
D4011.contig1204	531	45	6
D4011.contig1205	531	27	13
D4011.contig1206	530	104	10
D4011.contig1207	530	44	5
D4011.contig1208	529	27	4
D4011.contig1209	529	42	1
D4011.contig1210	528	32	2
D4011.contig1211	528	29	4
D4011.contig1212	528	18	0
D4011.contig1213	527	41	8
D4011.contig1214	527	23	4
D4011.contig1215	526	30	9
D4011.contig1216	526	10	4
D4011.contig1217	526	42	3
D4011.contig1218	525	28	6
D4011.contig1219	525	19	3
D4011.contig1220	525	27	6
D4011.contig1221	525	15	9
D4011.contig1222	524	24	2
D4011.contig1223	523	15	7
D4011.contig1224	523	27	7
D4011.contig1225	523	34	3
D4011.contig1226	523	36	5
D4011.contig1227	523	20	2
D4011.contig1228	523	40	1
D4011.contig1229	522	13	4
D4011.contig1230	521	22	8
D4011.contig1231	521	26	8
D4011.contig1232	521	27	4
D4011.contig1233	520	21	5
D4011.contig1234	519	15	5
D4011.contig1235	519	21	4
D4011.contig1236	518	24	5
D4011.contig1237	517	17	6
D4011.contig1238	517	17	5
D4011.contig1239	516	20	4
D4011.contig1240	516	15	7
D4011.contig1241	516	144	18
D4011.contig1242	516	12	4
D4011.contig1243	514	27	1
D4011.contig1244	514	20	3
D4011.contig1245	513	30	8
D4011.contig1246	513	16	7
D4011.contig1247	513	24	5
D4011.contig1248	512	10	2
D4011.contig1249	511	36	4
D4011.contig1250	511	183	11
D4011.contig1251	511	34	9
D4011.contig1252	511	23	3
D4011.contig1253	510	19	5
D4011.contig1254	508	21	6
D4011.contig1255	508	22	5
D4011.contig1256	508	35	8
D4011.contig1257	508	55	10
D4011.contig1258	507	16	6
D4011.contig1259	507	26	1
D4011.contig1260	507	31	5
D4011.contig1261	507	22	4
D4011.contig1262	507	25	5
D4011.contig1263	506	21	8
D4011.contig1264	506	23	3
D4011.contig1265	506	58	0
D4011.contig1266	505	16	3
D4011.contig1267	505	20	9
D4011.contig1268	504	38	5
D4011.contig1269	504	22	4
D4011.contig1270	504	19	6
D4011.contig1271	504	34	2
D4011.contig1272	503	26	1
D4011.contig1273	503	14	4
D4011.contig1274	502	21	12
D4011.contig1275	502	20	5
D4011.contig1276	501	16	2
D4011.contig1277	501	41	7
D4011.contig1278	501	12	1
D4011.contig1279	500	21	5
D4011.contig1280	500	20	9
D4011.contig1281	500	23	4
D4011.contig1282	499	39	11
D4011.contig1283	499	55	3
D4011.contig1284	498	25	9
D4011.contig1285	497	11	3
D4011.contig1286	497	18	7
D4011.contig1287	496	24	3
D4011.contig1288	496	14	4
D4011.contig1289	496	20	4
D4011.contig1290	496	30	2
D4011.contig1291	494	15	2
D4011.contig1292	493	18	6
D4011.contig1293	492	63	3
D4011.contig1294	492	32	5
D4011.contig1295	492	17	6
D4011.contig1296	492	27	7
D4011.contig1297	491	26	7
D4011.contig1298	491	23	3
D4011.contig1299	490	31	5
D4011.contig1300	489	14	6
D4011.contig1301	489	15	5
D4011.contig1302	489	26	3
D4011.contig1303	487	22	2
D4011.contig1304	487	20	6
D4011.contig1305	487	11	3
D4011.contig1306	486	15	7
D4011.contig1307	486	21	3
D4011.contig1308	486	12	5
D4011.contig1309	484	14	4
D4011.contig1310	484	72	9
D4011.contig1311	484	37	6
D4011.contig1312	483	14	2
D4011.contig1313	483	32	1
D4011.contig1314	483	16	6
D4011.contig1315	482	60	2
D4011.contig1316	482	27	1
D4011.contig1317	482	20	6
D4011.contig1318	482	39	5
D4011.contig1319	481	27	9
D4011.contig1320	480	21	7
D4011.contig1321	480	28	2
D4011.contig1322	479	25	9
D4011.contig1323	479	18	4
D4011.contig1324	479	17	5
D4011.contig1325	479	13	4
D4011.contig1326	479	30	1
D4011.contig1327	479	19	5
D4011.contig1328	478	23	7
D4011.contig1329	477	12	9
D4011.contig1330	477	32	9
D4011.contig1331	477	25	3
D4011.contig1332	476	22	1
D4011.contig1333	476	23	4
D4011.contig1334	476	15	5
D4011.contig1335	475	26	9
D4011.contig1336	475	28	5
D4011.contig1337	475	15	2
D4011.contig1338	475	19	5
D4011.contig1339	474	26	6
D4011.contig1340	473	11	5
D4011.contig1341	473	14	7
D4011.contig1342	473	19	10
D4011.contig1343	473	78	8
D4011.contig1344	473	18	2
D4011.contig1345	473	31	10
D4011.contig1346	473	32	4
D4011.contig1347	472	21	4
D4011.contig1348	472	11	1
D4011.contig1349	472	28	9
D4011.contig1350	472	28	3
D4011.contig1351	471	11	7
D4011.contig1352	471	38	1
D4011.contig1353	471	34	3
D4011.contig1354	471	40	8
D4011.contig1355	470	24	5
D4011.contig1356	470	20	3
D4011.contig1357	469	14	10
D4011.contig1358	469	19	6
D4011.contig1359	468	18	4
D4011.contig1360	468	29	4
D4011.contig1361	467	29	7
D4011.contig1362	467	17	5
D4011.contig1363	467	18	11
D4011.contig1364	466	33	1
D4011.contig1365	466	29	10
D4011.contig1366	466	21	13
D4011.contig1367	465	15	4
D4011.contig1368	464	15	3
D4011.contig1369	464	24	2
D4011.contig1370	463	28	4
D4011.contig1371	463	13	1
D4011.contig1372	463	19	4
D4011.contig1373	463	13	4
D4011.contig1374	463	28	7
D4011.contig1375	462	22	7
D4011.contig1376	462	17	5
D4011.contig1377	462	22	5
D4011.contig1378	461	24	4
D4011.contig1379	461	29	10
D4011.contig1380	461	23	2
D4011.contig1381	460	38	5
D4011.contig1382	460	23	11
D4011.contig1383	460	24	9
D4011.contig1384	459	22	8
D4011.contig1385	459	14	8
D4011.contig1386	459	20	7
D4011.contig1387	459	16	7
D4011.contig1388	458	19	4
D4011.contig1389	458	32	2
D4011.contig1390	458	22	4
D4011.contig1391	457	29	4
D4011.contig1392	457	12	6
D4011.contig1393	457	30	6
D4011.contig1394	457	15	3
D4011.contig1395	457	21	3
D4011.contig1396	456	42	5
D4011.contig1397	456	31	11
D4011.contig1398	456	10	2
D4011.contig1399	456	19	4
D4011.contig1400	456	11	7
D4011.contig1401	456	23	4
D4011.contig1402	456	14	5
D4011.contig1403	456	22	8
D4011.contig1404	455	21	5
D4011.contig1405	455	27	4
D4011.contig1406	454	17	3
D4011.contig1407	453	28	4
D4011.contig1408	453	17	4
D4011.contig1409	452	13	6
D4011.contig1410	452	26	5
D4011.contig1411	452	17	7
D4011.contig1412	451	20	2
D4011.contig1413	451	10	4
D4011.contig1414	451	18	8
D4011.contig1415	450	18	10
D4011.contig1416	449	19	5
D4011.contig1417	449	33	2
D4011.contig1418	449	17	3
D4011.contig1419	449	22	1
D4011.contig1420	448	16	3
D4011.contig1421	448	43	5
D4011.contig1422	447	20	5
D4011.contig1423	447	42	7
D4011.contig1424	447	30	4
D4011.contig1425	447	36	11
D4011.contig1426	447	9	7
D4011.contig1427	447	23	2
D4011.contig1428	446	20	4
D4011.contig1429	446	19	3
D4011.contig1430	446	16	6
D4011.contig1431	445	21	4
D4011.contig1432	445	20	3
D4011.contig1433	445	21	4
D4011.contig1434	445	19	6
D4011.contig1435	445	28	5
D4011.contig1436	444	21	4
D4011.contig1437	444	31	9
D4011.contig1438	444	19	5
D4011.contig1439	443	42	3
D4011.contig1440	442	16	8
D4011.contig1441	442	12	3
D4011.contig1442	442	33	8
D4011.contig1443	442	26	7
D4011.contig1444	442	18	4
D4011.contig1445	441	21	9
D4011.contig1446	441	18	2
D4011.contig1447	441	16	4
D4011.contig1448	441	26	4
D4011.contig1449	439	14	1
D4011.contig1450	438	10	6
D4011.contig1451	438	19	3
D4011.contig1452	438	11	3
D4011.contig1453	438	25	1
D4011.contig1454	438	928	53
D4011.contig1455	437	7	5
D4011.contig1456	437	23	9
D4011.contig1457	437	54	9
D4011.contig1458	435	27	9
D4011.contig1459	435	15	4
D4011.contig1460	435	65	35
D4011.contig1461	434	23	3
D4011.contig1462	434	14	4
D4011.contig1463	433	25	2
D4011.contig1464	433	35	7
D4011.contig1465	433	12	5
D4011.contig1466	433	19	5
D4011.contig1467	433	18	8
D4011.contig1468	432	16	2
D4011.contig1469	432	20	6
D4011.contig1470	432	13	1
D4011.contig1471	432	20	10
D4011.contig1472	431	16	10
D4011.contig1473	431	10	8
D4011.contig1474	431	30	2
D4011.contig1475	430	17	4
D4011.contig1476	429	17	8
D4011.contig1477	429	16	8
D4011.contig1478	429	26	6
D4011.contig1479	429	50	1
D4011.contig1480	428	15	9
D4011.contig1481	428	14	5
D4011.contig1482	427	15	2
D4011.contig1483	427	16	1
D4011.contig1484	427	27	2
D4011.contig1485	426	19	5
D4011.contig1486	426	10	8
D4011.contig1487	426	16	3
D4011.contig1488	426	21	4
D4011.contig1489	426	18	3
D4011.contig1490	425	18	6
D4011.contig1491	425	12	7
D4011.contig1492	425	6	4
D4011.contig1493	424	36	7
D4011.contig1494	423	18	3
D4011.contig1495	423	21	8
D4011.contig1496	423	237	3
D4011.contig1497	422	17	6
D4011.contig1498	422	27	10
D4011.contig1499	422	14	4
D4011.contig1500	422	12	2
D4011.contig1501	422	29	6
D4011.contig1502	422	25	10
D4011.contig1503	421	75	27
D4011.contig1504	421	14	5
D4011.contig1505	421	13	6
D4011.contig1506	421	11	4
D4011.contig1507	421	13	6
D4011.contig1508	420	13	5
D4011.contig1509	420	18	6
D4011.contig1510	420	12	4
D4011.contig1511	419	11	4
D4011.contig1512	419	28	2
D4011.contig1513	419	7	5
D4011.contig1514	418	19	7
D4011.contig1515	418	34	2
D4011.contig1516	418	168	46
D4011.contig1517	417	15	3
D4011.contig1518	417	984	35
D4011.contig1519	417	12	5
D4011.contig1520	417	29	8
D4011.contig1521	417	11	4
D4011.contig1522	417	19	8
D4011.contig1523	417	16	7
D4011.contig1524	417	122	54
D4011.contig1525	416	16	4
D4011.contig1526	416	11	5
D4011.contig1527	415	19	6
D4011.contig1528	415	15	3
D4011.contig1529	415	17	6
D4011.contig1530	414	21	11
D4011.contig1531	414	14	2
D4011.contig1532	414	17	2
D4011.contig1533	413	17	8
D4011.contig1534	413	16	3
D4011.contig1535	412	20	10
D4011.contig1536	412	20	4
D4011.contig1537	412	13	7
D4011.contig1538	411	653	22
D4011.contig1539	410	14	8
D4011.contig1540	410	23	4
D4011.contig1541	410	19	6
D4011.contig1542	410	11	9
D4011.contig1543	410	26	4
D4011.contig1544	410	13	3
D4011.contig1545	410	19	9
D4011.contig1546	410	10	5
D4011.contig1547	410	13	5
D4011.contig1548	409	18	10
D4011.contig1549	409	9	3
D4011.contig1550	409	11	5
D4011.contig1551	409	17	5
D4011.contig1552	408	12	2
D4011.contig1553	408	23	8
D4011.contig1554	407	19	3
D4011.contig1555	407	20	3
D4011.contig1556	407	9	5
D4011.contig1557	406	13	5
D4011.contig1558	406	12	9
D4011.contig1559	406	122	8
D4011.contig1560	405	10	6
D4011.contig1561	405	13	5
D4011.contig1562	405	13	3
D4011.contig1563	405	18	6
D4011.contig1564	405	22	3
D4011.contig1565	404	10	6
D4011.contig1566	404	22	7
D4011.contig1567	404	17	7
D4011.contig1568	404	50	9
D4011.contig1569	404	15	5
D4011.contig1570	404	11	5
D4011.contig1571	403	28	0
D4011.contig1572	403	12	3
D4011.contig1573	403	11	7
D4011.contig1574	403	18	10
D4011.contig1575	402	9	5
D4011.contig1576	402	15	4
D4011.contig1577	402	15	7
D4011.contig1578	402	13	5
D4011.contig1579	401	20	7
D4011.contig1580	401	20	10
D4011.contig1581	401	8	2
D4011.contig1582	401	15	5
D4011.contig1583	401	9	3
D4011.contig1584	400	11	3
D4011.contig1585	400	15	3
D4011.contig1586	400	18	6
D4011.contig1587	399	15	4
D4011.contig1588	399	13	6
D4011.contig1589	399	12	6
D4011.contig1590	399	17	10
D4011.contig1591	398	32	9
D4011.contig1592	398	12	7
D4011.contig1593	398	25	5
D4011.contig1594	398	111	5
D4011.contig1595	397	8	4
D4011.contig1596	397	28	2
D4011.contig1597	396	15	4
D4011.contig1598	396	24	3
D4011.contig1599	396	8	4
D4011.contig1600	396	24	2
D4011.contig1601	396	15	3
D4011.contig1602	395	8	4
D4011.contig1603	395	15	3
D4011.contig1604	395	12	4
D4011.contig1605	395	16	3
D4011.contig1606	395	32	3
D4011.contig1607	395	14	1
D4011.contig1608	394	17	8
D4011.contig1609	394	47	3
D4011.contig1610	394	16	2
D4011.contig1611	394	15	7
D4011.contig1612	394	20	4
D4011.contig1613	394	16	2
D4011.contig1614	394	13	3
D4011.contig1615	394	11	5
D4011.contig1616	394	6	4
D4011.contig1617	393	13	3
D4011.contig1618	393	11	7
D4011.contig1619	393	6	6
D4011.contig1620	393	10	4
D4011.contig1621	393	16	3
D4011.contig1622	393	13	2
D4011.contig1623	393	24	1
D4011.contig1624	393	17	5
D4011.contig1625	392	10	2
D4011.contig1626	392	108	9
D4011.contig1627	392	14	3
D4011.contig1628	392	10	5
D4011.contig1629	391	7	5
D4011.contig1630	391	16	5
D4011.contig1631	391	45	8
D4011.contig1632	391	9	5
D4011.contig1633	390	40065	5989
D4011.contig1634	390	17	9
D4011.contig1635	390	16	3
D4011.contig1636	389	17	2
D4011.contig1637	389	15	4
D4011.contig1638	388	10	6
D4011.contig1639	388	20	5
D4011.contig1640	388	13	9
D4011.contig1641	388	18	2
D4011.contig1642	387	16	4
D4011.contig1643	387	14	8
D4011.contig1644	387	763	23
D4011.contig1645	386	11	5
D4011.contig1646	386	8	6
D4011.contig1647	386	11	3
D4011.contig1648	386	13	4
D4011.contig1649	386	16	6
D4011.contig1650	386	17	3
D4011.contig1651	386	10	8
D4011.contig1652	385	10	3
D4011.contig1653	385	21	3
D4011.contig1654	385	14	2
D4011.contig1655	385	16	9
D4011.contig1656	384	17	6
D4011.contig1657	384	13	5
D4011.contig1658	384	14	4
D4011.contig1659	384	22	7
D4011.contig1660	384	12	3
D4011.contig1661	384	12	6
D4011.contig1662	384	14	1
D4011.contig1663	383	12	2
D4011.contig1664	383	13	7
D4011.contig1665	383	14	2
D4011.contig1666	382	18	3
D4011.contig1667	382	6	0
D4011.contig1668	382	7	3
D4011.contig1669	382	15	8
D4011.contig1670	381	18	7
D4011.contig1671	381	17	8
D4011.contig1672	381	13	7
D4011.contig1673	381	12	6
D4011.contig1674	380	7	3
D4011.contig1675	380	26	4
D4011.contig1676	380	14	3
D4011.contig1677	380	19	6
D4011.contig1678	380	18	2
D4011.contig1679	379	9	2
D4011.contig1680	379	11	3
D4011.contig1681	379	8	4
D4011.contig1682	379	30	1
D4011.contig1683	379	12	3
D4011.contig1684	379	11	7
D4011.contig1685	379	15	9
D4011.contig1686	379	12	8
D4011.contig1687	379	14	6
D4011.contig1688	379	5	4
D4011.contig1689	378	8	6
D4011.contig1690	378	31	2
D4011.contig1691	378	14	7
D4011.contig1692	378	14	3
D4011.contig1693	378	11	5
D4011.contig1694	378	15	2
D4011.contig1695	378	16	3
D4011.contig1696	378	9	5
D4011.contig1697	377	12	6
D4011.contig1698	377	10	3
D4011.contig1699	376	15	4
D4011.contig1700	376	10	3
D4011.contig1701	375	21	4
D4011.contig1702	375	15	4
D4011.contig1703	375	16	7
D4011.contig1704	374	9	5
D4011.contig1705	374	12	6
D4011.contig1706	374	8	6
D4011.contig1707	374	18971	814
D4011.contig1708	373	162	11
D4011.contig1709	373	8	4
D4011.contig1710	373	15	11
D4011.contig1711	373	16	12
D4011.contig1712	373	12	5
D4011.contig1713	373	17	6
D4011.contig1714	373	9	5
D4011.contig1715	372	23	4
D4011.contig1716	372	16	6
D4011.contig1717	372	16	2
D4011.contig1718	372	11	7
D4011.contig1719	371	10	5
D4011.contig1720	371	120	5
D4011.contig1721	371	9	5
D4011.contig1722	371	11	9
D4011.contig1723	371	17	3
D4011.contig1724	371	8	3
D4011.contig1725	370	10	3
D4011.contig1726	370	10	0
D4011.contig1727	370	13	3
D4011.contig1728	370	26	1
D4011.contig1729	370	12	5
D4011.contig1730	370	11	6
D4011.contig1731	370	25	4
D4011.contig1732	369	13	8
D4011.contig1733	369	15	3
D4011.contig1734	369	120	6
D4011.contig1735	368	21	5
D4011.contig1736	368	17	5
D4011.contig1737	368	8	2
D4011.contig1738	368	21	1
D4011.contig1739	368	15	9
D4011.contig1740	368	10	5
D4011.contig1741	368	28	8
D4011.contig1742	368	6	5
D4011.contig1743	368	12	5
D4011.contig1744	367	9	4
D4011.contig1745	367	16	8
D4011.contig1746	367	8	2
D4011.contig1747	367	11	7
D4011.contig1748	367	13	3
D4011.contig1749	366	11	9
D4011.contig1750	365	15	7
D4011.contig1751	365	28	2
D4011.contig1752	365	18	3
D4011.contig1753	365	15	4
D4011.contig1754	365	13	1
D4011.contig1755	364	21	6
D4011.contig1756	364	10	5
D4011.contig1757	364	9	2
D4011.contig1758	364	14	6
D4011.contig1759	364	9	5
D4011.contig1760	364	27	2
D4011.contig1761	364	7	5
D4011.contig1762	364	8	4
D4011.contig1763	363	15	5
D4011.contig1764	363	17	3
D4011.contig1765	363	8	6
D4011.contig1766	363	18	5
D4011.contig1767	363	19	4
D4011.contig1768	363	17	7
D4011.contig1769	363	22	5
D4011.contig1770	362	9	3
D4011.contig1771	362	12	7
D4011.contig1772	362	11	7
D4011.contig1773	362	20	9
D4011.contig1774	362	7	4
D4011.contig1775	362	7	3
D4011.contig1776	362	13	7
D4011.contig1777	361	8	6
D4011.contig1778	361	9	7
D4011.contig1779	361	21	2
D4011.contig1780	361	15	4
D4011.contig1781	360	8	4
D4011.contig1782	360	12	4
D4011.contig1783	360	10	8
D4011.contig1784	360	15	7
D4011.contig1785	360	9	3
D4011.contig1786	359	15	7
D4011.contig1787	359	8	2
D4011.contig1788	359	9	5
D4011.contig1789	359	7	6
D4011.contig1790	359	7	5
D4011.contig1791	359	7	5
D4011.contig1792	359	9	7
D4011.contig1793	358	16	2
D4011.contig1794	358	9	4
D4011.contig1795	358	12	6
D4011.contig1796	358	18	8
D4011.contig1797	358	16	7
D4011.contig1798	358	17	5
D4011.contig1799	357	13	7
D4011.contig1800	357	12	4
D4011.contig1801	357	11	3
D4011.contig1802	357	7	4
D4011.contig1803	357	12	3
D4011.contig1804	357	14	3
D4011.contig1805	356	10	5
D4011.contig1806	355	9	5
D4011.contig1807	355	9	3
D4011.contig1808	355	13	3
D4011.contig1809	354	18	1
D4011.contig1810	354	13	3
D4011.contig1811	354	12	4
D4011.contig1812	354	6	5
D4011.contig1813	354	10	6
D4011.contig1814	354	6	2
D4011.contig1815	353	20	8
D4011.contig1816	353	11	5
D4011.contig1817	353	15	5
D4011.contig1818	353	30	0
D4011.contig1819	353	10	3
D4011.contig1820	353	17	6
D4011.contig1821	353	17	5
D4011.contig1822	353	15	5
D4011.contig1823	353	12	7
D4011.contig1824	352	6	2
D4011.contig1825	352	13	3
D4011.contig1826	352	10	4
D4011.contig1827	352	8	4
D4011.contig1828	352	12	6
D4011.contig1829	352	18	8
D4011.contig1830	351	11	4
D4011.contig1831	351	12	3
D4011.contig1832	351	11	1
D4011.contig1833	351	8	4
D4011.contig1834	351	8	4
D4011.contig1835	351	20	1
D4011.contig1836	350	11	5
D4011.contig1837	350	10	4
D4011.contig1838	350	240	10
D4011.contig1839	350	16	1
D4011.contig1840	350	23	8
D4011.contig1841	350	21	9
D4011.contig1842	349	12	4
D4011.contig1843	349	9	3
D4011.contig1844	348	12	2
D4011.contig1845	348	80	5
D4011.contig1846	348	18	8
D4011.contig1847	347	14	10
D4011.contig1848	347	20	5
D4011.contig1849	346	8	4
D4011.contig1850	346	11	1
D4011.contig1851	346	10	0
D4011.contig1852	346	8	4
D4011.contig1853	345	10	6
D4011.contig1854	345	20	12
D4011.contig1855	345	19	9
D4011.contig1856	345	68	6
D4011.contig1857	345	10	4
D4011.contig1858	345	22	7
D4011.contig1859	345	11	7
D4011.contig1860	344	23	4
D4011.contig1861	344	53	7
D4011.contig1862	344	15	7
D4011.contig1863	344	8	3
D4011.contig1864	344	9	2
D4011.contig1865	344	5	2
D4011.contig1866	343	12	6
D4011.contig1867	342	10	5
D4011.contig1868	342	16	8
D4011.contig1869	341	9	4
D4011.contig1870	341	12	6
D4011.contig1871	341	8	0
D4011.contig1872	341	14	3
D4011.contig1873	341	8	6
D4011.contig1874	341	9	3
D4011.contig1875	341	5	4
D4011.contig1876	341	13	5
D4011.contig1877	340	9	5
D4011.contig1878	340	10	1
D4011.contig1879	339	8	8
D4011.contig1880	339	13	6
D4011.contig1881	339	11	5
D4011.contig1882	339	9	6
D4011.contig1883	339	15	2
D4011.contig1884	339	9	5
D4011.contig1885	339	9	7
D4011.contig1886	338	92	3
D4011.contig1887	338	15	1
D4011.contig1888	338	11	6
D4011.contig1889	338	12	7
D4011.contig1890	338	15	3
D4011.contig1891	338	10	7
D4011.contig1892	338	9	1
D4011.contig1893	337	6	2
D4011.contig1894	337	10	4
D4011.contig1895	337	9	7
D4011.contig1896	337	8	4
D4011.contig1897	337	10	4
D4011.contig1898	336	9	3
D4011.contig1899	336	9	3
D4011.contig1900	336	14	3
D4011.contig1901	335	10	4
D4011.contig1902	335	10	6
D4011.contig1903	335	14	4
D4011.contig1904	335	18	3
D4011.contig1905	335	15	5
D4011.contig1906	335	17	5
D4011.contig1907	335	9	5
D4011.contig1908	335	13	8
D4011.contig1909	334	8	4
D4011.contig1910	334	17	3
D4011.contig1911	334	8	4
D4011.contig1912	334	6	4
D4011.contig1913	334	14	2
D4011.contig1914	334	10	1
D4011.contig1915	333	7	3
D4011.contig1916	333	20	2
D4011.contig1917	333	8	4
D4011.contig1918	333	9	4
D4011.contig1919	333	10	5
D4011.contig1920	333	6	3
D4011.contig1921	333	14	1
D4011.contig1922	333	12	2
D4011.contig1923	332	12	8
D4011.contig1924	332	296	58
D4011.contig1925	332	13	7
D4011.contig1926	332	16	5
D4011.contig1927	332	8	6
D4011.contig1928	331	13	6
D4011.contig1929	331	15	6
D4011.contig1930	330	12	5
D4011.contig1931	330	12	2
D4011.contig1932	330	11	5
D4011.contig1933	330	13	4
D4011.contig1934	330	7	5
D4011.contig1935	329	19	11
D4011.contig1936	329	11	5
D4011.contig1937	329	11	2
D4011.contig1938	329	11	6
D4011.contig1939	329	11	6
D4011.contig1940	329	12	4
D4011.contig1941	328	10	4
D4011.contig1942	328	6	0
D4011.contig1943	328	12	10
D4011.contig1944	328	13	4
D4011.contig1945	328	10	3
D4011.contig1946	328	10	5
D4011.contig1947	328	9	1
D4011.contig1948	328	9	6
D4011.contig1949	328	18	11
D4011.contig1950	327	10	2
D4011.contig1951	327	11	5
D4011.contig1952	327	14	6
D4011.contig1953	327	16	1
D4011.contig1954	326	10	7
D4011.contig1955	326	8	3
D4011.contig1956	326	19	5
D4011.contig1957	326	8	4
D4011.contig1958	326	9	5
D4011.contig1959	326	8	6
D4011.contig1960	326	16	5
D4011.contig1961	326	10	6
D4011.contig1962	326	19	9
D4011.contig1963	325	7	5
D4011.contig1964	325	9	5
D4011.contig1965	325	11	3
D4011.contig1966	325	19	6
D4011.contig1967	325	18	4
D4011.contig1968	325	7	3
D4011.contig1969	325	9	3
D4011.contig1970	325	10	2
D4011.contig1971	325	9	5
D4011.contig1972	324	16	1
D4011.contig1973	324	15	3
D4011.contig1974	324	5	3
D4011.contig1975	324	11	5
D4011.contig1976	324	11	3
D4011.contig1977	324	12	2
D4011.contig1978	324	3	3
D4011.contig1979	324	13	6
D4011.contig1980	324	10	6
D4011.contig1981	324	9	3
D4011.contig1982	324	10	4
D4011.contig1983	324	10	4
D4011.contig1984	323	21	14
D4011.contig1985	323	18	5
D4011.contig1986	323	9	3
D4011.contig1987	323	11	5
D4011.contig1988	323	13	3
D4011.contig1989	323	13	5
D4011.contig1990	322	17	3
D4011.contig1991	322	9	3
D4011.contig1992	322	8	2
D4011.contig1993	322	13	2
D4011.contig1994	322	7	3
D4011.contig1995	322	11	4
D4011.contig1996	322	11	5
D4011.contig1997	322	29058	2594
D4011.contig1998	322	14	7
D4011.contig1999	321	10	2
D4011.contig2000	321	22	9
D4011.contig2001	321	10	2
D4011.contig2002	321	15	7
D4011.contig2003	321	12	8
D4011.contig2004	321	13	4
D4011.contig2005	321	10	8
D4011.contig2006	321	14	5
D4011.contig2007	320	12	6
D4011.contig2008	320	8	3
D4011.contig2009	320	11	3
D4011.contig2010	320	16	5
D4011.contig2011	320	15	7
D4011.contig2012	319	8	2
D4011.contig2013	319	5	3
D4011.contig2014	319	10	2
D4011.contig2015	319	14	5
D4011.contig2016	319	19	9
D4011.contig2017	319	16	3
D4011.contig2018	319	20	4
D4011.contig2019	318	6	2
D4011.contig2020	318	6	2
D4011.contig2021	318	12	4
D4011.contig2022	318	6	4
D4011.contig2023	317	10	6
D4011.contig2024	317	94	2
D4011.contig2025	317	5	3
D4011.contig2026	317	9	5
D4011.contig2027	317	9	5
D4011.contig2028	317	14	8
D4011.contig2029	317	9	5
D4011.contig2030	317	8	3
D4011.contig2031	317	8	4
D4011.contig2032	317	6	2
D4011.contig2033	316	14	5
D4011.contig2034	316	10	4
D4011.contig2035	316	11	5
D4011.contig2036	316	15	7
D4011.contig2037	316	7	1
D4011.contig2038	316	9	5
D4011.contig2039	315	6	4
D4011.contig2040	315	8	2
D4011.contig2041	315	16	10
D4011.contig2042	315	25	3
D4011.contig2043	315	7	3
D4011.contig2044	315	5	1
D4011.contig2045	314	12	4
D4011.contig2046	314	12	2
D4011.contig2047	314	6	3
D4011.contig2048	314	11	4
D4011.contig2049	314	15	3
D4011.contig2050	314	14	8
D4011.contig2051	314	8	1
D4011.contig2052	314	10	10
D4011.contig2053	314	12	9
D4011.contig2054	313	8	2
D4011.contig2055	313	15	2
D4011.contig2056	313	7	5
D4011.contig2057	313	4	3
D4011.contig2058	313	8	4
D4011.contig2059	313	8	4
D4011.contig2060	312	18	6
D4011.contig2061	312	13	0
D4011.contig2062	312	7	2
D4011.contig2063	312	10	4
D4011.contig2064	312	28	0
D4011.contig2065	312	8	3
D4011.contig2066	312	7	5
D4011.contig2067	311	8	4
D4011.contig2068	311	6	4
D4011.contig2069	311	12	4
D4011.contig2070	311	10	4
D4011.contig2071	311	14	6
D4011.contig2072	311	11	3
D4011.contig2073	311	13	4
D4011.contig2074	311	11	6
D4011.contig2075	310	9	2
D4011.contig2076	310	5	1
D4011.contig2077	310	6	2
D4011.contig2078	310	18	2
D4011.contig2079	310	8	2
D4011.contig2080	309	8	3
D4011.contig2081	309	10	4
D4011.contig2082	309	12	1
D4011.contig2083	309	13	8
D4011.contig2084	308	16	5
D4011.contig2085	308	9	3
D4011.contig2086	308	54	6
D4011.contig2087	308	13	5
D4011.contig2088	308	11	3
D4011.contig2089	308	14	3
D4011.contig2090	307	7	5
D4011.contig2091	307	8	4
D4011.contig2092	307	10	0
D4011.contig2093	307	5	3
D4011.contig2094	307	10	5
D4011.contig2095	307	12	7
D4011.contig2096	307	12	6
D4011.contig2097	307	6	4
D4011.contig2098	307	16	2
D4011.contig2099	306	21	5
D4011.contig2100	306	8	2
D4011.contig2101	306	5	3
D4011.contig2102	306	8	8
D4011.contig2103	306	3	1
D4011.contig2104	306	10	2
D4011.contig2105	306	6	4
D4011.contig2106	305	17	2
D4011.contig2107	305	5	5
D4011.contig2108	305	6	3
D4011.contig2109	305	9	2
D4011.contig2110	305	15	4
D4011.contig2111	305	6	2
D4011.contig2112	305	9	3
D4011.contig2113	305	8	4
D4011.contig2114	304	9	5
D4011.contig2115	304	9	3
D4011.contig2116	304	9	2
D4011.contig2117	304	7	3
D4011.contig2118	303	12	4
D4011.contig2119	303	5	3
D4011.contig2120	303	209	2
D4011.contig2121	303	11	5
D4011.contig2122	303	16	5
D4011.contig2123	302	18	4
D4011.contig2124	302	5	5
D4011.contig2125	302	6	3
D4011.contig2126	302	5	4
D4011.contig2127	302	13	3
D4011.contig2128	302	9	3
D4011.contig2129	302	9	4
D4011.contig2130	302	3303	172
D4011.contig2131	302	7	5
D4011.contig2132	302	12	6
D4011.contig2133	302	6	4
D4011.contig2134	302	10	6
D4011.contig2135	302	11	6
D4011.contig2136	301	7	1
D4011.contig2137	301	9	5
D4011.contig2138	301	12	8
D4011.contig2139	301	12	2
D4011.contig2140	301	15	0
D4011.contig2141	301	4	4
D4011.contig2142	301	7	7
D4011.contig2143	300	12	8
D4011.contig2144	300	5	3
D4011.contig2145	300	15	5
D4011.contig2146	300	10	2
D4011.contig2147	300	5	5
D4011.contig2148	300	24	3
D4011.contig2149	300	8	4
D4011.contig2150	300	6	4
*	0	0	137410
