R3854.contig1	1792	4160864	200193
R3854.contig2	1744	3245317	160333
R3854.contig3	1526	17871	1629
R3854.contig4	1212	2	0
R3854.contig5	1199	329728	67247
R3854.contig6	1137	215	27
R3854.contig7	1005	138897	29763
R3854.contig8	1004	38898	9072
R3854.contig9	749	818	343
R3854.contig10	745	0	0
R3854.contig11	691	391	130
R3854.contig12	645	4552	2468
R3854.contig13	644	26565	9225
R3854.contig14	627	331963	64777
R3854.contig15	625	107582	38553
R3854.contig16	596	12	5
R3854.contig17	589	6190	1468
R3854.contig18	567	0	0
R3854.contig19	557	13981	3289
R3854.contig20	552	4500	2045
R3854.contig21	546	0	0
R3854.contig22	528	366	104
R3854.contig23	517	46	2
R3854.contig24	505	225	14
R3854.contig25	505	2653	1485
R3854.contig26	500	65069	8302
R3854.contig27	475	240	41
R3854.contig28	459	42969	12322
R3854.contig29	459	1	1
R3854.contig30	457	6200	2017
R3854.contig31	429	131	15
R3854.contig32	416	0	0
R3854.contig33	414	146	23
R3854.contig34	411	24004	187
R3854.contig35	410	7115	1521
R3854.contig36	396	1919	436
R3854.contig37	394	83	1
R3854.contig38	392	178	2
R3854.contig39	391	143	9
R3854.contig40	390	517586	149685
R3854.contig41	385	60925	6322
R3854.contig42	381	133	62
R3854.contig43	373	54	2
R3854.contig44	372	35	7
R3854.contig45	356	0	0
R3854.contig46	355	0	0
R3854.contig47	336	0	0
R3854.contig48	321	0	0
R3854.contig49	320	250	12
R3854.contig50	314	183	12
R3854.contig51	301	18826	6105
*	0	0	17401016
