D3570.contig1	192610	228875	10958
D3570.contig2	182766	264524	13091
D3570.contig3	135498	177658	8201
D3570.contig4	122130	74451	3691
D3570.contig5	110659	130377	6601
D3570.contig6	105176	61374	2918
D3570.contig7	100568	62820	2998
D3570.contig8	95626	180443	9164
D3570.contig9	93893	63121	2892
D3570.contig10	90030	83281	4406
D3570.contig11	88386	35186	1583
D3570.contig12	84748	89613	4166
D3570.contig13	84444	93373	5028
D3570.contig14	79421	53891	2682
D3570.contig15	76385	79899	3783
D3570.contig16	76172	37619	1852
D3570.contig17	73724	31043	1446
D3570.contig18	68746	81980	3962
D3570.contig19	66716	213998	8929
D3570.contig20	66169	60793	2990
D3570.contig21	62077	72950	3484
D3570.contig22	61172	99412	4354
D3570.contig23	59657	52136	2753
D3570.contig24	57437	109299	4866
D3570.contig25	55840	25420	1187
D3570.contig26	52482	78627	3916
D3570.contig27	51202	99443	4412
D3570.contig28	51178	78322	3194
D3570.contig29	51111	54125	2593
D3570.contig30	50165	19609	1202
D3570.contig31	49941	67938	3108
D3570.contig32	49880	23813	1025
D3570.contig33	48996	52582	2609
D3570.contig34	48831	17828	939
D3570.contig35	48525	34959	1495
D3570.contig36	48193	40103	2082
D3570.contig37	48056	27862	1305
D3570.contig38	46834	31706	1606
D3570.contig39	44882	28679	1301
D3570.contig40	44598	13389	625
D3570.contig41	41711	35538	1672
D3570.contig42	40264	19477	2935
D3570.contig43	38501	483	9
D3570.contig44	38368	33040	1719
D3570.contig45	37838	38272	1960
D3570.contig46	37826	44823	1960
D3570.contig47	37466	37001	1819
D3570.contig48	36490	28946	1183
D3570.contig49	36164	26816	1464
D3570.contig50	35577	25871	1440
D3570.contig51	35075	177307	6841
D3570.contig52	34841	22251	973
D3570.contig53	34430	17207	700
D3570.contig54	34063	106371	4800
D3570.contig55	33911	14804	665
D3570.contig56	33157	17650	819
D3570.contig57	32898	16291	743
D3570.contig58	32858	77131	3430
D3570.contig59	31999	34405	1387
D3570.contig60	31330	21719	977
D3570.contig61	31077	26305	1060
D3570.contig62	30989	51302	2421
D3570.contig63	30781	16385	726
D3570.contig64	30697	127412	5651
D3570.contig65	29959	8747	489
D3570.contig66	28536	8413	407
D3570.contig67	28470	8678	361
D3570.contig68	27890	5672	303
D3570.contig69	27732	8914	431
D3570.contig70	27047	8590	387
D3570.contig71	25702	35411	1466
D3570.contig72	25428	23234	1065
D3570.contig73	25162	12790	634
D3570.contig74	24771	5361	274
D3570.contig75	24223	5406	223
D3570.contig76	24185	18490	955
D3570.contig77	23960	135071	6820
D3570.contig78	23806	8060	403
D3570.contig79	23436	103	1
D3570.contig80	22691	449	7
D3570.contig81	21349	12330	573
D3570.contig82	20971	22269	760
D3570.contig83	20061	8592	456
D3570.contig84	19604	12621	563
D3570.contig85	19203	9426	491
D3570.contig86	18997	12370	456
D3570.contig87	18900	10755	490
D3570.contig88	18363	11237	470
D3570.contig89	17495	61260	3263
D3570.contig90	17416	17441	883
D3570.contig91	17288	2619	110
D3570.contig92	16303	3298	125
D3570.contig93	16294	5655	268
D3570.contig94	16220	44968	24044
D3570.contig95	15612	3152	189
D3570.contig96	15259	8750	442
D3570.contig97	15156	4507	192
D3570.contig98	14772	111254	5628
D3570.contig99	14531	127926	6403
D3570.contig100	14335	5669	276
D3570.contig101	14103	9285	395
D3570.contig102	14046	19381	946
D3570.contig103	13815	3374	112
D3570.contig104	13745	3324	179
D3570.contig105	13693	44741	2218
D3570.contig106	13540	54813	3001
D3570.contig107	13446	6954	433
D3570.contig108	13306	2088	127
D3570.contig109	13210	4794	203
D3570.contig110	12921	2147	321
D3570.contig111	11990	3390	205
D3570.contig112	11940	53407	2239
D3570.contig113	11894	2658	113
D3570.contig114	11792	8706	443
D3570.contig115	11626	7225	350
D3570.contig116	11413	2100	130
D3570.contig117	11383	6033	257
D3570.contig118	11186	19827	1056
D3570.contig119	11144	5537	824
D3570.contig120	10948	4762	203
D3570.contig121	10895	4430	184
D3570.contig122	10692	2507	125
D3570.contig123	10373	3044	148
D3570.contig124	10288	4471	195
D3570.contig125	10268	1975	348
D3570.contig126	10199	4721	253
D3570.contig127	10018	727	45
D3570.contig128	9718	39950	1816
D3570.contig129	9453	14691	620
D3570.contig130	9336	38801	1399
D3570.contig131	9319	28371	1398
D3570.contig132	9234	55906	2667
D3570.contig133	9030	823	47
D3570.contig134	8906	29788	1346
D3570.contig135	8716	3093	143
D3570.contig136	8672	7511	313
D3570.contig137	8625	1084	42
D3570.contig138	8264	1795	78
D3570.contig139	8222	2000	83
D3570.contig140	8212	5239	260
D3570.contig141	7973	153	3
D3570.contig142	7874	18784	804
D3570.contig143	7845	1649	81
D3570.contig144	7710	649	27
D3570.contig145	7655	8009	339
D3570.contig146	7602	1934	104
D3570.contig147	7575	2517	121
D3570.contig148	7530	1473	47
D3570.contig149	7482	6312	282
D3570.contig150	7146	721	35
D3570.contig151	7137	40129	1962
D3570.contig152	7113	4380	212
D3570.contig153	7004	124	0
D3570.contig154	6904	16486	674
D3570.contig155	6891	341	15
D3570.contig156	6805	1767	79
D3570.contig157	6746	81	0
D3570.contig158	6650	884	39
D3570.contig159	6647	53	2
D3570.contig160	6604	1713	119
D3570.contig161	6595	18	0
D3570.contig162	6499	5857	181
D3570.contig163	6484	1471	51
D3570.contig164	6351	5613	177
D3570.contig165	6289	1423	45
D3570.contig166	6277	3066	177
D3570.contig167	6214	26629	1332
D3570.contig168	6132	2871	137
D3570.contig169	6096	1287	69
D3570.contig170	6011	16222	865
D3570.contig171	5984	8	1
D3570.contig172	5869	1814	108
D3570.contig173	5647	12	0
D3570.contig174	5558	951	72
D3570.contig175	5550	558	29
D3570.contig176	5548	33061	1663
D3570.contig177	5383	1425	81
D3570.contig178	5356	1794	97
D3570.contig179	5346	17114	711
D3570.contig180	5326	21	1
D3570.contig181	5263	22153	1174
D3570.contig182	5252	8223	398
D3570.contig183	5220	15	1
D3570.contig184	5093	1191	51
D3570.contig185	5067	1255	66
D3570.contig186	5038	19207230	989944
D3570.contig187	4998	499	37
D3570.contig188	4943	886	31
D3570.contig189	4884	800	47
D3570.contig190	4839	66	1
D3570.contig191	4835	432	22
D3570.contig192	4817	460	23
D3570.contig193	4739	470	22
D3570.contig194	4736	38760	1927
D3570.contig195	4728	22482	1025
D3570.contig196	4719	481	34
D3570.contig197	4707	1616	84
D3570.contig198	4638	24	1
D3570.contig199	4592	801	52
D3570.contig200	4584	13957	504
D3570.contig201	4525	646	26
D3570.contig202	4454	10912	516
D3570.contig203	4195	4	0
D3570.contig204	4167	253	9
D3570.contig205	4166	1469	87
D3570.contig206	4162	17440	827
D3570.contig207	4076	1082	49
D3570.contig208	3975	613	31
D3570.contig209	3957	549	37
D3570.contig210	3931	26621	1358
D3570.contig211	3913	354	18
D3570.contig212	3862	3021	128
D3570.contig213	3832	608	29
D3570.contig214	3826	4	0
D3570.contig215	3814	37321	1718
D3570.contig216	3798	8	0
D3570.contig217	3742	1332	63
D3570.contig218	3706	11657	441
D3570.contig219	3660	927	31
D3570.contig220	3655	271039	132423
D3570.contig221	3543	28146	1537
D3570.contig222	3518	24	0
D3570.contig223	3503	31719	1231
D3570.contig224	3471	895	25
D3570.contig225	3464	2	0
D3570.contig226	3354	11	1
D3570.contig227	3276	303	19
D3570.contig228	3214	13929	587
D3570.contig229	3167	215	14
D3570.contig230	3137	1723	81
D3570.contig231	3067	4	2
D3570.contig232	3054	736	39
D3570.contig233	3050	6	0
D3570.contig234	3009	6	1
D3570.contig235	2986	47	1
D3570.contig236	2978	10	1
D3570.contig237	2976	383	10
D3570.contig238	2975	2135	118
D3570.contig239	2917	64	4
D3570.contig240	2872	667	25
D3570.contig241	2793	223	8
D3570.contig242	2788	312	19
D3570.contig243	2750	330	21
D3570.contig244	2750	6296	351
D3570.contig245	2706	6607	530
D3570.contig246	2705	384	18
D3570.contig247	2652	10	0
D3570.contig248	2597	1954	76
D3570.contig249	2549	674	46
D3570.contig250	2549	9245	425
D3570.contig251	2495	366	20
D3570.contig252	2491	206	9
D3570.contig253	2433	967	49
D3570.contig254	2416	149	4
D3570.contig255	2376	4	0
D3570.contig256	2353	50171	2786
D3570.contig257	2322	4	0
D3570.contig258	2312	291	14
D3570.contig259	2288	11591	574
D3570.contig260	2266	30304	1443
D3570.contig261	2208	745	26
D3570.contig262	2168	9297	579
D3570.contig263	2166	505	22
D3570.contig264	2156	196	3
D3570.contig265	2099	130	5
D3570.contig266	2088	85	2
D3570.contig267	2055	26	0
D3570.contig268	2032	1885	152
D3570.contig269	2008	18	0
D3570.contig270	1986	2	0
D3570.contig271	1973	110	2
D3570.contig272	1956	9400	375
D3570.contig273	1940	0	0
D3570.contig274	1923	229	6
D3570.contig275	1922	7251	271
D3570.contig276	1899	8	0
D3570.contig277	1897	0	0
D3570.contig278	1878	74	8
D3570.contig279	1860	396	20
D3570.contig280	1858	12673	611
D3570.contig281	1857	315	18
D3570.contig282	1847	211078	7095
D3570.contig283	1837	5331	300
D3570.contig284	1832	4601	240
D3570.contig285	1809	80	5
D3570.contig286	1789	12824	686
D3570.contig287	1766	1	1
D3570.contig288	1743	99	8
D3570.contig289	1729	9271	406
D3570.contig290	1726	5	0
D3570.contig291	1721	47	1
D3570.contig292	1713	60	2
D3570.contig293	1696	204	11
D3570.contig294	1696	15	0
D3570.contig295	1685	275	10
D3570.contig296	1678	1	1
D3570.contig297	1658	0	0
D3570.contig298	1623	181	6
D3570.contig299	1582	6	0
D3570.contig300	1574	12938	920
D3570.contig301	1567	2	0
D3570.contig302	1560	74	6
D3570.contig303	1529	150	7
D3570.contig304	1519	333	20
D3570.contig305	1514	1	0
D3570.contig306	1503	8546	334
D3570.contig307	1485	2	2
D3570.contig308	1459	2	0
D3570.contig309	1459	150	6
D3570.contig310	1454	158	1
D3570.contig311	1438	119	6
D3570.contig312	1433	196	6
D3570.contig313	1422	2	0
D3570.contig314	1414	3	0
D3570.contig315	1411	4303	173
D3570.contig316	1407	3861	211
D3570.contig317	1393	0	0
D3570.contig318	1383	190	12
D3570.contig319	1355	228	8
D3570.contig320	1345	73	4
D3570.contig321	1342	0	0
D3570.contig322	1341	116	9
D3570.contig323	1336	201	13
D3570.contig324	1329	0	0
D3570.contig325	1327	5719	218
D3570.contig326	1319	6	0
D3570.contig327	1318	20138	1067
D3570.contig328	1312	0	0
D3570.contig329	1312	0	0
D3570.contig330	1299	6	0
D3570.contig331	1281	119	10
D3570.contig332	1280	13312	518
D3570.contig333	1274	0	0
D3570.contig334	1271	591	37
D3570.contig335	1239	7824	435
D3570.contig336	1234	4	0
D3570.contig337	1221	0	0
D3570.contig338	1215	231	11
D3570.contig339	1172	0	0
D3570.contig340	1171	4448	307
D3570.contig341	1169	69	5
D3570.contig342	1154	2	0
D3570.contig343	1145	137	9
D3570.contig344	1144	2	0
D3570.contig345	1129	576	123
D3570.contig346	1115	85	2
D3570.contig347	1098	0	0
D3570.contig348	1055	2	0
D3570.contig349	1043	0	0
D3570.contig350	1035	1	1
D3570.contig351	1033	0	0
D3570.contig352	1032	2	0
D3570.contig353	1031	99	3
D3570.contig354	1027	2	0
D3570.contig355	1018	4002	282
D3570.contig356	1015	4	0
D3570.contig357	1014	1863	71
D3570.contig358	1009	0	0
D3570.contig359	1003	2	0
D3570.contig360	997	5121	1208
D3570.contig361	975	123	4
D3570.contig362	975	1	1
D3570.contig363	971	0	0
D3570.contig364	968	0	0
D3570.contig365	968	38	2
D3570.contig366	966	0	0
D3570.contig367	961	0	0
D3570.contig368	954	25	0
D3570.contig369	952	50029	7046
D3570.contig370	947	1	1
D3570.contig371	945	0	0
D3570.contig372	944	104	10
D3570.contig373	921	2	1
D3570.contig374	918	7239	384
D3570.contig375	911	0	0
D3570.contig376	909	1965	74
D3570.contig377	908	3	1
D3570.contig378	900	0	0
D3570.contig379	899	0	0
D3570.contig380	892	0	0
D3570.contig381	892	2	0
D3570.contig382	891	0	0
D3570.contig383	886	58	3
D3570.contig384	885	0	0
D3570.contig385	881	1	1
D3570.contig386	880	105	4
D3570.contig387	865	0	0
D3570.contig388	864	24	3
D3570.contig389	860	0	0
D3570.contig390	857	4	0
D3570.contig391	856	45	2
D3570.contig392	853	455	26
D3570.contig393	837	1	1
D3570.contig394	826	52280	1866
D3570.contig395	821	80	9
D3570.contig396	820	10409	380
D3570.contig397	819	197	16
D3570.contig398	817	63	3
D3570.contig399	810	0	0
D3570.contig400	810	1	1
D3570.contig401	808	0	0
D3570.contig402	804	2	0
D3570.contig403	794	85	7
D3570.contig404	793	0	0
D3570.contig405	793	24640	3877
D3570.contig406	787	28	4
D3570.contig407	785	69	2
D3570.contig408	778	1	1
D3570.contig409	773	27448	1561
D3570.contig410	773	0	0
D3570.contig411	772	59	10
D3570.contig412	771	63669	22242
D3570.contig413	768	0	0
D3570.contig414	767	2453	123
D3570.contig415	766	0	0
D3570.contig416	764	35	2
D3570.contig417	764	2	0
D3570.contig418	754	33	3
D3570.contig419	753	0	0
D3570.contig420	752	33	4
D3570.contig421	752	2	0
D3570.contig422	747	3266	164
D3570.contig423	746	0	0
D3570.contig424	740	4861	197
D3570.contig425	735	54	52
D3570.contig426	733	0	0
D3570.contig427	732	0	0
D3570.contig428	730	44	1
D3570.contig429	729	1388	53
D3570.contig430	726	2	0
D3570.contig431	713	267	60
D3570.contig432	712	0	0
D3570.contig433	706	33	0
D3570.contig434	699	4	0
D3570.contig435	697	0	0
D3570.contig436	696	0	0
D3570.contig437	694	80	9
D3570.contig438	693	85	5
D3570.contig439	692	5319	253
D3570.contig440	691	2003	841
D3570.contig441	687	1	1
D3570.contig442	681	0	0
D3570.contig443	681	3741	126
D3570.contig444	677	22	1
D3570.contig445	676	0	0
D3570.contig446	675	0	0
D3570.contig447	674	2	0
D3570.contig448	674	0	0
D3570.contig449	668	0	0
D3570.contig450	668	101	9
D3570.contig451	668	345	55
D3570.contig452	665	1	1
D3570.contig453	663	37	5
D3570.contig454	663	2	0
D3570.contig455	650	0	0
D3570.contig456	650	3	2
D3570.contig457	638	661	82
D3570.contig458	637	0	0
D3570.contig459	634	0	0
D3570.contig460	631	215	78
D3570.contig461	630	3	2
D3570.contig462	623	0	0
D3570.contig463	623	0	0
D3570.contig464	620	2	2
D3570.contig465	618	0	0
D3570.contig466	614	37	14
D3570.contig467	614	3484	171
D3570.contig468	614	33	2
D3570.contig469	613	616	298
D3570.contig470	610	25188	4352
D3570.contig471	610	46	5
D3570.contig472	610	0	0
D3570.contig473	609	10	3
D3570.contig474	607	0	0
D3570.contig475	606	5851	431
D3570.contig476	599	0	0
D3570.contig477	598	0	0
D3570.contig478	596	1026	36
D3570.contig479	595	1	0
D3570.contig480	593	30728	828
D3570.contig481	591	0	0
D3570.contig482	587	0	0
D3570.contig483	580	14	8
D3570.contig484	580	1884	124
D3570.contig485	580	4741	343
D3570.contig486	578	0	0
D3570.contig487	574	1	1
D3570.contig488	573	0	0
D3570.contig489	571	34124	16846
D3570.contig490	569	0	0
D3570.contig491	569	20	6
D3570.contig492	567	0	0
D3570.contig493	563	0	0
D3570.contig494	559	314919	138271
D3570.contig495	557	0	0
D3570.contig496	557	15199	750
D3570.contig497	554	0	0
D3570.contig498	553	1104	50
D3570.contig499	553	300	42
D3570.contig500	548	0	0
D3570.contig501	547	65	5
D3570.contig502	545	52845	25664
D3570.contig503	544	1	0
D3570.contig504	539	20032	10530
D3570.contig505	537	0	0
D3570.contig506	526	11	1
D3570.contig507	525	2760	87
D3570.contig508	525	0	0
D3570.contig509	522	0	0
D3570.contig510	521	22	3
D3570.contig511	516	9	2
D3570.contig512	513	2600	165
D3570.contig513	513	0	0
D3570.contig514	511	0	0
D3570.contig515	505	2	0
D3570.contig516	504	1	1
D3570.contig517	503	0	0
D3570.contig518	497	2247	127
D3570.contig519	495	0	0
D3570.contig520	492	0	0
D3570.contig521	490	0	0
D3570.contig522	488	0	0
D3570.contig523	487	45614	22412
D3570.contig524	486	3	1
D3570.contig525	486	4	0
D3570.contig526	486	359	209
D3570.contig527	484	2	0
D3570.contig528	484	0	0
D3570.contig529	484	0	0
D3570.contig530	481	13066	649
D3570.contig531	479	18	3
D3570.contig532	478	0	0
D3570.contig533	478	32	8
D3570.contig534	476	0	0
D3570.contig535	476	0	0
D3570.contig536	476	9	1
D3570.contig537	474	897	50
D3570.contig538	474	13	0
D3570.contig539	473	2	0
D3570.contig540	473	0	0
D3570.contig541	472	30	4
D3570.contig542	471	18	2
D3570.contig543	469	0	0
D3570.contig544	469	0	0
D3570.contig545	464	0	0
D3570.contig546	463	0	0
D3570.contig547	459	0	0
D3570.contig548	458	57	29
D3570.contig549	458	36	1
D3570.contig550	457	176	95
D3570.contig551	456	0	0
D3570.contig552	455	0	0
D3570.contig553	455	0	0
D3570.contig554	454	19	1
D3570.contig555	452	0	0
D3570.contig556	451	577	190
D3570.contig557	449	5973	347
D3570.contig558	448	2	0
D3570.contig559	448	52	4
D3570.contig560	447	0	0
D3570.contig561	447	0	0
D3570.contig562	445	1	1
D3570.contig563	443	527	135
D3570.contig564	442	14083	6168
D3570.contig565	442	9	0
D3570.contig566	441	3605	222
D3570.contig567	441	4706	285
D3570.contig568	440	0	0
D3570.contig569	440	7	1
D3570.contig570	440	0	0
D3570.contig571	437	38619	19916
D3570.contig572	436	3	2
D3570.contig573	433	12	8
D3570.contig574	430	71	8
D3570.contig575	430	3786	199
D3570.contig576	429	0	0
D3570.contig577	429	0	0
D3570.contig578	427	2	0
D3570.contig579	427	20	9
D3570.contig580	425	901	44
D3570.contig581	424	0	0
D3570.contig582	424	49	2
D3570.contig583	423	1	1
D3570.contig584	423	1	1
D3570.contig585	422	47265	25233
D3570.contig586	421	0	0
D3570.contig587	420	0	0
D3570.contig588	420	0	0
D3570.contig589	420	0	0
D3570.contig590	419	0	0
D3570.contig591	417	1	0
D3570.contig592	417	0	0
D3570.contig593	416	103	75
D3570.contig594	415	1	1
D3570.contig595	414	74	32
D3570.contig596	413	20	4
D3570.contig597	412	182	103
D3570.contig598	411	3	1
D3570.contig599	410	0	0
D3570.contig600	410	0	0
D3570.contig601	409	0	0
D3570.contig602	408	1	1
D3570.contig603	406	1021	91
D3570.contig604	403	1	0
D3570.contig605	402	9	7
D3570.contig606	402	3431	180
D3570.contig607	400	2	0
D3570.contig608	398	3418	211
D3570.contig609	398	2	0
D3570.contig610	398	0	0
D3570.contig611	396	1	1
D3570.contig612	396	0	0
D3570.contig613	395	0	0
D3570.contig614	395	0	0
D3570.contig615	393	32	3
D3570.contig616	392	2	2
D3570.contig617	391	1	1
D3570.contig618	389	298	12
D3570.contig619	388	43266	22995
D3570.contig620	387	2280	98
D3570.contig621	384	0	0
D3570.contig622	382	0	0
D3570.contig623	381	0	0
D3570.contig624	380	1336	74
D3570.contig625	379	7	7
D3570.contig626	379	0	0
D3570.contig627	378	0	0
D3570.contig628	377	0	0
D3570.contig629	377	8	6
D3570.contig630	377	0	0
D3570.contig631	376	1568	88
D3570.contig632	376	18	0
D3570.contig633	375	0	0
D3570.contig634	375	0	0
D3570.contig635	374	2	2
D3570.contig636	373	22	18
D3570.contig637	372	0	0
D3570.contig638	372	0	0
D3570.contig639	371	0	0
D3570.contig640	371	0	0
D3570.contig641	369	23	2
D3570.contig642	368	0	0
D3570.contig643	368	26	3
D3570.contig644	368	0	0
D3570.contig645	367	185	119
D3570.contig646	366	18	2
D3570.contig647	364	216	10
D3570.contig648	363	19	2
D3570.contig649	363	0	0
D3570.contig650	362	0	0
D3570.contig651	360	1	1
D3570.contig652	360	0	0
D3570.contig653	359	12	6
D3570.contig654	359	3	0
D3570.contig655	357	9	1
D3570.contig656	356	0	0
D3570.contig657	356	0	0
D3570.contig658	355	0	0
D3570.contig659	355	461	292
D3570.contig660	354	0	0
D3570.contig661	353	4	0
D3570.contig662	353	67	47
D3570.contig663	351	20527	13828
D3570.contig664	350	6078	486
D3570.contig665	349	0	0
D3570.contig666	349	88	27
D3570.contig667	348	2311	100
D3570.contig668	348	9	3
D3570.contig669	347	0	0
D3570.contig670	347	0	0
D3570.contig671	346	6	0
D3570.contig672	345	256	15
D3570.contig673	343	0	0
D3570.contig674	343	3676	161
D3570.contig675	341	10	7
D3570.contig676	341	22464	15976
D3570.contig677	341	0	0
D3570.contig678	341	6022	4297
D3570.contig679	341	240	10
D3570.contig680	341	1	0
D3570.contig681	340	872	67
D3570.contig682	338	0	0
D3570.contig683	338	5	1
D3570.contig684	338	1	1
D3570.contig685	337	0	0
D3570.contig686	337	0	0
D3570.contig687	337	0	0
D3570.contig688	336	5	3
D3570.contig689	336	1734	66
D3570.contig690	335	0	0
D3570.contig691	335	0	0
D3570.contig692	335	1	0
D3570.contig693	333	0	0
D3570.contig694	333	0	0
D3570.contig695	333	0	0
D3570.contig696	332	7270	3599
D3570.contig697	332	0	0
D3570.contig698	332	0	0
D3570.contig699	331	4	0
D3570.contig700	331	1	0
D3570.contig701	330	0	0
D3570.contig702	329	15	1
D3570.contig703	329	0	0
D3570.contig704	329	0	0
D3570.contig705	329	0	0
D3570.contig706	327	0	0
D3570.contig707	326	7	5
D3570.contig708	326	2589	137
D3570.contig709	325	5	3
D3570.contig710	325	17	5
D3570.contig711	325	0	0
D3570.contig712	324	0	0
D3570.contig713	323	3	1
D3570.contig714	323	1	1
D3570.contig715	322	12	5
D3570.contig716	322	0	0
D3570.contig717	321	0	0
D3570.contig718	321	13	0
D3570.contig719	320	1	0
D3570.contig720	320	1	0
D3570.contig721	320	0	0
D3570.contig722	320	4869	173
D3570.contig723	320	0	0
D3570.contig724	320	0	0
D3570.contig725	320	0	0
D3570.contig726	319	8663	6493
D3570.contig727	319	0	0
D3570.contig728	319	14	1
D3570.contig729	319	0	0
D3570.contig730	319	9	3
D3570.contig731	318	1	1
D3570.contig732	318	26845	14315
D3570.contig733	318	0	0
D3570.contig734	318	0	0
D3570.contig735	318	0	0
D3570.contig736	318	0	0
D3570.contig737	317	0	0
D3570.contig738	317	96	72
D3570.contig739	317	0	0
D3570.contig740	316	0	0
D3570.contig741	316	0	0
D3570.contig742	316	3	3
D3570.contig743	315	270	12
D3570.contig744	315	0	0
D3570.contig745	314	0	0
D3570.contig746	314	0	0
D3570.contig747	311	13	0
D3570.contig748	311	5	2
D3570.contig749	309	0	0
D3570.contig750	309	0	0
D3570.contig751	309	90	4
D3570.contig752	308	0	0
D3570.contig753	307	123	11
D3570.contig754	307	0	0
D3570.contig755	306	0	0
D3570.contig756	305	0	0
D3570.contig757	305	48	1
D3570.contig758	305	0	0
D3570.contig759	304	132	3
D3570.contig760	304	0	0
D3570.contig761	304	0	0
D3570.contig762	304	2	0
D3570.contig763	303	0	0
D3570.contig764	302	9747	7388
D3570.contig765	302	0	0
D3570.contig766	302	827	33
D3570.contig767	301	0	0
D3570.contig768	301	0	0
D3570.contig769	300	0	0
D3570.contig770	300	0	0
D3570.contig771	300	0	0
D3570.contig772	300	2	0
*	0	0	71368236
