D3654.contig1	48248	34	18
D3654.contig2	45949	108	102
D3654.contig3	43224	2	0
D3654.contig4	42421	0	0
D3654.contig5	39836	112	29
D3654.contig6	37441	16	2
D3654.contig7	37005	2	0
D3654.contig8	36784	0	0
D3654.contig9	35769	124	72
D3654.contig10	35473	0	0
D3654.contig11	32863	4	2
D3654.contig12	30644	0	0
D3654.contig13	30603	49	7
D3654.contig14	30125	2	0
D3654.contig15	25548	0	0
D3654.contig16	23989	0	0
D3654.contig17	23185	0	0
D3654.contig18	22799	2	0
D3654.contig19	20619	0	0
D3654.contig20	20408	81	10
D3654.contig21	20291	0	0
D3654.contig22	19837	0	0
D3654.contig23	18016	0	0
D3654.contig24	17776	24354	19331
D3654.contig25	17171	0	0
D3654.contig26	16786	1621	1421
D3654.contig27	15914	0	0
D3654.contig28	15839	0	0
D3654.contig29	15361	0	0
D3654.contig30	15064	0	0
D3654.contig31	15028	0	0
D3654.contig32	14959	0	0
D3654.contig33	14647	9	0
D3654.contig34	14564	1	1
D3654.contig35	14430	173	16
D3654.contig36	14358	2	0
D3654.contig37	13954	0	0
D3654.contig38	13771	0	0
D3654.contig39	13636	0	0
D3654.contig40	13626	0	0
D3654.contig41	13362	331	288
D3654.contig42	13360	0	0
D3654.contig43	13259	36	6
D3654.contig44	13181	0	0
D3654.contig45	13170	0	0
D3654.contig46	13097	0	0
D3654.contig47	12852	2	2
D3654.contig48	12806	0	0
D3654.contig49	12792	0	0
D3654.contig50	12749	0	0
D3654.contig51	12324	10	2
D3654.contig52	12099	0	0
D3654.contig53	11845	0	0
D3654.contig54	11786	0	0
D3654.contig55	11702	0	0
D3654.contig56	11613	0	0
D3654.contig57	11559	0	0
D3654.contig58	11502	7	3
D3654.contig59	11453	0	0
D3654.contig60	11133	1	1
D3654.contig61	11107	0	0
D3654.contig62	10859	97334	39748
D3654.contig63	10855	0	0
D3654.contig64	10805	0	0
D3654.contig65	10568	0	0
D3654.contig66	10538	0	0
D3654.contig67	10015	0	0
D3654.contig68	9984	0	0
D3654.contig69	9771	0	0
D3654.contig70	9620	0	0
D3654.contig71	9476	0	0
D3654.contig72	9414	0	0
D3654.contig73	9393	2	0
D3654.contig74	9369	0	0
D3654.contig75	9298	0	0
D3654.contig76	9227	0	0
D3654.contig77	9081	0	0
D3654.contig78	9078	0	0
D3654.contig79	9076	0	0
D3654.contig80	9020	5	3
D3654.contig81	8949	0	0
D3654.contig82	8918	0	0
D3654.contig83	8881	0	0
D3654.contig84	8636	0	0
D3654.contig85	8629	0	0
D3654.contig86	8540	0	0
D3654.contig87	8505	0	0
D3654.contig88	8478	0	0
D3654.contig89	8320	795	50
D3654.contig90	8306	0	0
D3654.contig91	8120	0	0
D3654.contig92	8080	0	0
D3654.contig93	8064	0	0
D3654.contig94	8017	0	0
D3654.contig95	7883	0	0
D3654.contig96	7827	0	0
D3654.contig97	7793	0	0
D3654.contig98	7521	0	0
D3654.contig99	7501	0	0
D3654.contig100	7332	0	0
D3654.contig101	7330	0	0
D3654.contig102	7324	0	0
D3654.contig103	7040	0	0
D3654.contig104	6958	0	0
D3654.contig105	6957	0	0
D3654.contig106	6921	8004	6287
D3654.contig107	6879	11	11
D3654.contig108	6873	0	0
D3654.contig109	6818	0	0
D3654.contig110	6741	0	0
D3654.contig111	6720	0	0
D3654.contig112	6634	2	0
D3654.contig113	6590	0	0
D3654.contig114	6472	2	0
D3654.contig115	6456	0	0
D3654.contig116	6422	3	1
D3654.contig117	6337	0	0
D3654.contig118	6335	0	0
D3654.contig119	6312	6	4
D3654.contig120	6256	0	0
D3654.contig121	6235	0	0
D3654.contig122	6225	0	0
D3654.contig123	6164	0	0
D3654.contig124	6156	0	0
D3654.contig125	6119	0	0
D3654.contig126	6053	0	0
D3654.contig127	5985	0	0
D3654.contig128	5939	0	0
D3654.contig129	5883	0	0
D3654.contig130	5781	0	0
D3654.contig131	5779	0	0
D3654.contig132	5753	0	0
D3654.contig133	5643	0	0
D3654.contig134	5627	2	0
D3654.contig135	5601	0	0
D3654.contig136	5594	0	0
D3654.contig137	5590	0	0
D3654.contig138	5518	0	0
D3654.contig139	5468	2	2
D3654.contig140	5443	0	0
D3654.contig141	5429	0	0
D3654.contig142	5378	0	0
D3654.contig143	5337	0	0
D3654.contig144	5317	0	0
D3654.contig145	5309	0	0
D3654.contig146	5296	0	0
D3654.contig147	5232	76	70
D3654.contig148	5134	4	4
D3654.contig149	5116	0	0
D3654.contig150	5111	7	1
D3654.contig151	5104	0	0
D3654.contig152	5094	0	0
D3654.contig153	5068	0	0
D3654.contig154	5011	0	0
D3654.contig155	5010	0	0
D3654.contig156	4994	0	0
D3654.contig157	4991	0	0
D3654.contig158	4987	0	0
D3654.contig159	4974	0	0
D3654.contig160	4972	0	0
D3654.contig161	4919	0	0
D3654.contig162	4898	0	0
D3654.contig163	4873	0	0
D3654.contig164	4870	31539	18234
D3654.contig165	4869	0	0
D3654.contig166	4868	0	0
D3654.contig167	4850	0	0
D3654.contig168	4835	0	0
D3654.contig169	4832	0	0
D3654.contig170	4769	0	0
D3654.contig171	4761	0	0
D3654.contig172	4757	0	0
D3654.contig173	4754	0	0
D3654.contig174	4753	0	0
D3654.contig175	4747	0	0
D3654.contig176	4700	0	0
D3654.contig177	4594	0	0
D3654.contig178	4592	0	0
D3654.contig179	4592	0	0
D3654.contig180	4519	0	0
D3654.contig181	4463	0	0
D3654.contig182	4453	0	0
D3654.contig183	4439	0	0
D3654.contig184	4433	0	0
D3654.contig185	4415	0	0
D3654.contig186	4390	2	0
D3654.contig187	4385	0	0
D3654.contig188	4379	0	0
D3654.contig189	4366	0	0
D3654.contig190	4308	0	0
D3654.contig191	4306	0	0
D3654.contig192	4302	0	0
D3654.contig193	4245	0	0
D3654.contig194	4196	0	0
D3654.contig195	4170	0	0
D3654.contig196	4169	0	0
D3654.contig197	4139	0	0
D3654.contig198	4108	0	0
D3654.contig199	4104	0	0
D3654.contig200	4075	0	0
D3654.contig201	4060	0	0
D3654.contig202	4046	0	0
D3654.contig203	4020	0	0
D3654.contig204	4001	0	0
D3654.contig205	3970	575	500
D3654.contig206	3936	0	0
D3654.contig207	3934	7837	6527
D3654.contig208	3928	0	0
D3654.contig209	3916	0	0
D3654.contig210	3852	0	0
D3654.contig211	3833	1	1
D3654.contig212	3816	0	0
D3654.contig213	3815	0	0
D3654.contig214	3810	0	0
D3654.contig215	3793	0	0
D3654.contig216	3774	0	0
D3654.contig217	3740	0	0
D3654.contig218	3739	0	0
D3654.contig219	3736	0	0
D3654.contig220	3698	0	0
D3654.contig221	3692	0	0
D3654.contig222	3687	0	0
D3654.contig223	3673	0	0
D3654.contig224	3656	0	0
D3654.contig225	3643	0	0
D3654.contig226	3638	0	0
D3654.contig227	3625	0	0
D3654.contig228	3622	11	1
D3654.contig229	3612	4	2
D3654.contig230	3605	0	0
D3654.contig231	3536	0	0
D3654.contig232	3535	0	0
D3654.contig233	3525	0	0
D3654.contig234	3506	0	0
D3654.contig235	3496	0	0
D3654.contig236	3453	11	11
D3654.contig237	3440	0	0
D3654.contig238	3433	10	9
D3654.contig239	3411	2	2
D3654.contig240	3402	2	0
D3654.contig241	3399	0	0
D3654.contig242	3383	0	0
D3654.contig243	3381	0	0
D3654.contig244	3376	0	0
D3654.contig245	3335	0	0
D3654.contig246	3333	0	0
D3654.contig247	3331	0	0
D3654.contig248	3328	3	0
D3654.contig249	3322	0	0
D3654.contig250	3315	0	0
D3654.contig251	3303	3	1
D3654.contig252	3282	0	0
D3654.contig253	3278	0	0
D3654.contig254	3277	0	0
D3654.contig255	3271	0	0
D3654.contig256	3263	0	0
D3654.contig257	3249	0	0
D3654.contig258	3244	0	0
D3654.contig259	3228	0	0
D3654.contig260	3228	0	0
D3654.contig261	3206	0	0
D3654.contig262	3205	0	0
D3654.contig263	3185	0	0
D3654.contig264	3167	13	1
D3654.contig265	3155	0	0
D3654.contig266	3150	1	1
D3654.contig267	3141	0	0
D3654.contig268	3116	0	0
D3654.contig269	3087	0	0
D3654.contig270	3082	0	0
D3654.contig271	3062	2	0
D3654.contig272	3042	2	0
D3654.contig273	3023	3	1
D3654.contig274	3021	0	0
D3654.contig275	3008	0	0
D3654.contig276	2992	0	0
D3654.contig277	2983	0	0
D3654.contig278	2981	0	0
D3654.contig279	2967	0	0
D3654.contig280	2963	0	0
D3654.contig281	2962	0	0
D3654.contig282	2958	0	0
D3654.contig283	2944	0	0
D3654.contig284	2941	0	0
D3654.contig285	2934	0	0
D3654.contig286	2922	0	0
D3654.contig287	2921	0	0
D3654.contig288	2915	8	0
D3654.contig289	2913	0	0
D3654.contig290	2895	0	0
D3654.contig291	2883	0	0
D3654.contig292	2869	0	0
D3654.contig293	2864	0	0
D3654.contig294	2863	0	0
D3654.contig295	2849	17	17
D3654.contig296	2836	0	0
D3654.contig297	2835	0	0
D3654.contig298	2829	0	0
D3654.contig299	2829	0	0
D3654.contig300	2823	0	0
D3654.contig301	2812	0	0
D3654.contig302	2789	0	0
D3654.contig303	2787	0	0
D3654.contig304	2774	0	0
D3654.contig305	2757	0	0
D3654.contig306	2730	0	0
D3654.contig307	2724	0	0
D3654.contig308	2711	0	0
D3654.contig309	2699	0	0
D3654.contig310	2686	0	0
D3654.contig311	2669	0	0
D3654.contig312	2642	0	0
D3654.contig313	2634	2	0
D3654.contig314	2627	0	0
D3654.contig315	2625	0	0
D3654.contig316	2605	0	0
D3654.contig317	2591	0	0
D3654.contig318	2587	0	0
D3654.contig319	2583	0	0
D3654.contig320	2581	0	0
D3654.contig321	2576	0	0
D3654.contig322	2575	0	0
D3654.contig323	2569	0	0
D3654.contig324	2568	0	0
D3654.contig325	2553	0	0
D3654.contig326	2548	0	0
D3654.contig327	2542	0	0
D3654.contig328	2536	0	0
D3654.contig329	2526	0	0
D3654.contig330	2518	0	0
D3654.contig331	2517	0	0
D3654.contig332	2516	0	0
D3654.contig333	2503	0	0
D3654.contig334	2494	0	0
D3654.contig335	2491	0	0
D3654.contig336	2477	0	0
D3654.contig337	2467	0	0
D3654.contig338	2458	0	0
D3654.contig339	2452	0	0
D3654.contig340	2434	0	0
D3654.contig341	2433	0	0
D3654.contig342	2430	0	0
D3654.contig343	2430	0	0
D3654.contig344	2425	0	0
D3654.contig345	2418	10658	1912
D3654.contig346	2386	0	0
D3654.contig347	2380	0	0
D3654.contig348	2379	0	0
D3654.contig349	2353	10	0
D3654.contig350	2353	29435	2100
D3654.contig351	2344	0	0
D3654.contig352	2341	0	0
D3654.contig353	2328	0	0
D3654.contig354	2306	0	0
D3654.contig355	2287	0	0
D3654.contig356	2277	2	0
D3654.contig357	2275	0	0
D3654.contig358	2262	2	0
D3654.contig359	2246	0	0
D3654.contig360	2233	0	0
D3654.contig361	2231	0	0
D3654.contig362	2222	0	0
D3654.contig363	2218	0	0
D3654.contig364	2213	0	0
D3654.contig365	2203	0	0
D3654.contig366	2203	0	0
D3654.contig367	2194	0	0
D3654.contig368	2190	0	0
D3654.contig369	2189	0	0
D3654.contig370	2189	0	0
D3654.contig371	2184	0	0
D3654.contig372	2182	0	0
D3654.contig373	2177	0	0
D3654.contig374	2177	0	0
D3654.contig375	2174	0	0
D3654.contig376	2163	0	0
D3654.contig377	2161	0	0
D3654.contig378	2154	0	0
D3654.contig379	2149	0	0
D3654.contig380	2143	0	0
D3654.contig381	2142	0	0
D3654.contig382	2132	4	0
D3654.contig383	2123	0	0
D3654.contig384	2123	0	0
D3654.contig385	2117	0	0
D3654.contig386	2113	0	0
D3654.contig387	2109	0	0
D3654.contig388	2109	0	0
D3654.contig389	2108	0	0
D3654.contig390	2105	6	0
D3654.contig391	2087	0	0
D3654.contig392	2083	0	0
D3654.contig393	2077	0	0
D3654.contig394	2076	0	0
D3654.contig395	2076	356	61
D3654.contig396	2071	3	1
D3654.contig397	2066	0	0
D3654.contig398	2062	4	2
D3654.contig399	2061	0	0
D3654.contig400	2060	10080	886
D3654.contig401	2057	0	0
D3654.contig402	2053	0	0
D3654.contig403	2051	0	0
D3654.contig404	2048	0	0
D3654.contig405	2046	0	0
D3654.contig406	2037	0	0
D3654.contig407	2031	0	0
D3654.contig408	2029	0	0
D3654.contig409	2026	1	1
D3654.contig410	2026	1	0
D3654.contig411	2023	0	0
D3654.contig412	2022	0	0
D3654.contig413	2020	0	0
D3654.contig414	2014	0	0
D3654.contig415	2012	0	0
D3654.contig416	2011	0	0
D3654.contig417	2000	0	0
D3654.contig418	1999	0	0
D3654.contig419	1998	0	0
D3654.contig420	1996	0	0
D3654.contig421	1993	0	0
D3654.contig422	1991	0	0
D3654.contig423	1989	0	0
D3654.contig424	1984	0	0
D3654.contig425	1971	0	0
D3654.contig426	1971	0	0
D3654.contig427	1970	0	0
D3654.contig428	1968	0	0
D3654.contig429	1968	0	0
D3654.contig430	1966	0	0
D3654.contig431	1957	0	0
D3654.contig432	1957	0	0
D3654.contig433	1950	0	0
D3654.contig434	1949	0	0
D3654.contig435	1945	0	0
D3654.contig436	1935	0	0
D3654.contig437	1935	0	0
D3654.contig438	1929	0	0
D3654.contig439	1928	2	0
D3654.contig440	1915	0	0
D3654.contig441	1909	0	0
D3654.contig442	1908	0	0
D3654.contig443	1905	0	0
D3654.contig444	1893	0	0
D3654.contig445	1889	0	0
D3654.contig446	1885	0	0
D3654.contig447	1875	0	0
D3654.contig448	1868	0	0
D3654.contig449	1855	0	0
D3654.contig450	1853	0	0
D3654.contig451	1851	0	0
D3654.contig452	1846	0	0
D3654.contig453	1840	635	571
D3654.contig454	1840	0	0
D3654.contig455	1838	0	0
D3654.contig456	1828	1	1
D3654.contig457	1827	0	0
D3654.contig458	1823	0	0
D3654.contig459	1815	0	0
D3654.contig460	1813	0	0
D3654.contig461	1811	0	0
D3654.contig462	1809	0	0
D3654.contig463	1798	0	0
D3654.contig464	1795	0	0
D3654.contig465	1792	0	0
D3654.contig466	1792	0	0
D3654.contig467	1788	0	0
D3654.contig468	1783	0	0
D3654.contig469	1778	0	0
D3654.contig470	1775	0	0
D3654.contig471	1772	0	0
D3654.contig472	1768	0	0
D3654.contig473	1764	0	0
D3654.contig474	1762	0	0
D3654.contig475	1758	0	0
D3654.contig476	1757	0	0
D3654.contig477	1748	0	0
D3654.contig478	1740	0	0
D3654.contig479	1739	0	0
D3654.contig480	1738	0	0
D3654.contig481	1734	103	93
D3654.contig482	1730	0	0
D3654.contig483	1727	0	0
D3654.contig484	1717	0	0
D3654.contig485	1713	0	0
D3654.contig486	1709	0	0
D3654.contig487	1698	0	0
D3654.contig488	1692	0	0
D3654.contig489	1691	0	0
D3654.contig490	1690	0	0
D3654.contig491	1684	0	0
D3654.contig492	1680	0	0
D3654.contig493	1678	0	0
D3654.contig494	1677	42	1
D3654.contig495	1676	0	0
D3654.contig496	1674	0	0
D3654.contig497	1662	0	0
D3654.contig498	1659	0	0
D3654.contig499	1648	0	0
D3654.contig500	1646	0	0
D3654.contig501	1645	0	0
D3654.contig502	1640	0	0
D3654.contig503	1636	0	0
D3654.contig504	1632	0	0
D3654.contig505	1623	0	0
D3654.contig506	1615	0	0
D3654.contig507	1608	0	0
D3654.contig508	1608	0	0
D3654.contig509	1602	0	0
D3654.contig510	1600	0	0
D3654.contig511	1592	8	0
D3654.contig512	1582	0	0
D3654.contig513	1576	0	0
D3654.contig514	1574	0	0
D3654.contig515	1572	0	0
D3654.contig516	1569	0	0
D3654.contig517	1567	0	0
D3654.contig518	1559	0	0
D3654.contig519	1554	0	0
D3654.contig520	1551	0	0
D3654.contig521	1549	0	0
D3654.contig522	1547	0	0
D3654.contig523	1546	0	0
D3654.contig524	1543	0	0
D3654.contig525	1543	5	1
D3654.contig526	1539	0	0
D3654.contig527	1539	11	3
D3654.contig528	1537	0	0
D3654.contig529	1537	0	0
D3654.contig530	1536	0	0
D3654.contig531	1535	0	0
D3654.contig532	1534	0	0
D3654.contig533	1531	0	0
D3654.contig534	1530	0	0
D3654.contig535	1520	0	0
D3654.contig536	1519	0	0
D3654.contig537	1513	0	0
D3654.contig538	1511	0	0
D3654.contig539	1508	0	0
D3654.contig540	1496	0	0
D3654.contig541	1495	0	0
D3654.contig542	1492	0	0
D3654.contig543	1491	108	11
D3654.contig544	1490	0	0
D3654.contig545	1489	0	0
D3654.contig546	1488	0	0
D3654.contig547	1486	0	0
D3654.contig548	1483	0	0
D3654.contig549	1481	0	0
D3654.contig550	1478	0	0
D3654.contig551	1478	0	0
D3654.contig552	1477	0	0
D3654.contig553	1475	0	0
D3654.contig554	1475	0	0
D3654.contig555	1470	0	0
D3654.contig556	1468	0	0
D3654.contig557	1466	0	0
D3654.contig558	1465	0	0
D3654.contig559	1460	0	0
D3654.contig560	1459	0	0
D3654.contig561	1459	1	1
D3654.contig562	1458	0	0
D3654.contig563	1456	0	0
D3654.contig564	1456	0	0
D3654.contig565	1455	0	0
D3654.contig566	1455	0	0
D3654.contig567	1454	0	0
D3654.contig568	1454	0	0
D3654.contig569	1452	0	0
D3654.contig570	1449	0	0
D3654.contig571	1449	0	0
D3654.contig572	1438	0	0
D3654.contig573	1437	0	0
D3654.contig574	1431	223	177
D3654.contig575	1431	0	0
D3654.contig576	1428	0	0
D3654.contig577	1426	0	0
D3654.contig578	1418	0	0
D3654.contig579	1416	0	0
D3654.contig580	1405	0	0
D3654.contig581	1404	0	0
D3654.contig582	1388	0	0
D3654.contig583	1387	0	0
D3654.contig584	1381	0	0
D3654.contig585	1380	0	0
D3654.contig586	1377	0	0
D3654.contig587	1375	0	0
D3654.contig588	1374	0	0
D3654.contig589	1373	0	0
D3654.contig590	1373	0	0
D3654.contig591	1370	0	0
D3654.contig592	1369	0	0
D3654.contig593	1365	0	0
D3654.contig594	1361	0	0
D3654.contig595	1360	35	35
D3654.contig596	1359	0	0
D3654.contig597	1353	0	0
D3654.contig598	1351	0	0
D3654.contig599	1349	0	0
D3654.contig600	1348	0	0
D3654.contig601	1348	0	0
D3654.contig602	1345	0	0
D3654.contig603	1345	0	0
D3654.contig604	1345	32	9
D3654.contig605	1337	0	0
D3654.contig606	1335	0	0
D3654.contig607	1332	0	0
D3654.contig608	1331	0	0
D3654.contig609	1331	0	0
D3654.contig610	1330	0	0
D3654.contig611	1329	0	0
D3654.contig612	1325	0	0
D3654.contig613	1324	1	1
D3654.contig614	1323	0	0
D3654.contig615	1322	0	0
D3654.contig616	1320	0	0
D3654.contig617	1317	0	0
D3654.contig618	1316	0	0
D3654.contig619	1315	0	0
D3654.contig620	1315	0	0
D3654.contig621	1312	0	0
D3654.contig622	1312	2	0
D3654.contig623	1311	0	0
D3654.contig624	1306	0	0
D3654.contig625	1304	0	0
D3654.contig626	1304	0	0
D3654.contig627	1301	0	0
D3654.contig628	1301	0	0
D3654.contig629	1300	0	0
D3654.contig630	1299	0	0
D3654.contig631	1299	0	0
D3654.contig632	1291	0	0
D3654.contig633	1291	0	0
D3654.contig634	1286	0	0
D3654.contig635	1285	0	0
D3654.contig636	1284	0	0
D3654.contig637	1281	0	0
D3654.contig638	1279	0	0
D3654.contig639	1276	0	0
D3654.contig640	1276	0	0
D3654.contig641	1276	0	0
D3654.contig642	1274	0	0
D3654.contig643	1272	0	0
D3654.contig644	1271	0	0
D3654.contig645	1271	0	0
D3654.contig646	1269	0	0
D3654.contig647	1266	0	0
D3654.contig648	1265	0	0
D3654.contig649	1263	0	0
D3654.contig650	1262	1	1
D3654.contig651	1260	0	0
D3654.contig652	1260	0	0
D3654.contig653	1258	0	0
D3654.contig654	1258	0	0
D3654.contig655	1258	0	0
D3654.contig656	1257	0	0
D3654.contig657	1257	2	2
D3654.contig658	1255	0	0
D3654.contig659	1253	0	0
D3654.contig660	1250	0	0
D3654.contig661	1249	0	0
D3654.contig662	1246	53	51
D3654.contig663	1244	0	0
D3654.contig664	1242	0	0
D3654.contig665	1240	0	0
D3654.contig666	1239	0	0
D3654.contig667	1238	0	0
D3654.contig668	1233	0	0
D3654.contig669	1231	0	0
D3654.contig670	1230	0	0
D3654.contig671	1230	0	0
D3654.contig672	1228	0	0
D3654.contig673	1223	0	0
D3654.contig674	1221	0	0
D3654.contig675	1217	0	0
D3654.contig676	1217	0	0
D3654.contig677	1214	0	0
D3654.contig678	1212	0	0
D3654.contig679	1211	0	0
D3654.contig680	1211	1	0
D3654.contig681	1211	47	16
D3654.contig682	1208	0	0
D3654.contig683	1199	0	0
D3654.contig684	1199	0	0
D3654.contig685	1190	0	0
D3654.contig686	1188	0	0
D3654.contig687	1187	0	0
D3654.contig688	1182	0	0
D3654.contig689	1181	2	0
D3654.contig690	1174	0	0
D3654.contig691	1174	0	0
D3654.contig692	1174	0	0
D3654.contig693	1173	0	0
D3654.contig694	1171	0	0
D3654.contig695	1170	0	0
D3654.contig696	1169	0	0
D3654.contig697	1163	0	0
D3654.contig698	1163	0	0
D3654.contig699	1162	0	0
D3654.contig700	1159	0	0
D3654.contig701	1157	0	0
D3654.contig702	1156	0	0
D3654.contig703	1156	0	0
D3654.contig704	1156	0	0
D3654.contig705	1154	0	0
D3654.contig706	1150	0	0
D3654.contig707	1150	222	62
D3654.contig708	1149	0	0
D3654.contig709	1148	0	0
D3654.contig710	1147	0	0
D3654.contig711	1147	0	0
D3654.contig712	1145	0	0
D3654.contig713	1144	0	0
D3654.contig714	1139	41	6
D3654.contig715	1139	0	0
D3654.contig716	1138	3	1
D3654.contig717	1136	0	0
D3654.contig718	1135	0	0
D3654.contig719	1135	0	0
D3654.contig720	1135	0	0
D3654.contig721	1133	0	0
D3654.contig722	1133	0	0
D3654.contig723	1131	0	0
D3654.contig724	1131	0	0
D3654.contig725	1131	0	0
D3654.contig726	1130	0	0
D3654.contig727	1128	0	0
D3654.contig728	1123	0	0
D3654.contig729	1123	0	0
D3654.contig730	1123	0	0
D3654.contig731	1120	0	0
D3654.contig732	1119	0	0
D3654.contig733	1117	3	1
D3654.contig734	1114	0	0
D3654.contig735	1114	0	0
D3654.contig736	1112	0	0
D3654.contig737	1110	0	0
D3654.contig738	1110	0	0
D3654.contig739	1108	0	0
D3654.contig740	1105	0	0
D3654.contig741	1103	0	0
D3654.contig742	1103	0	0
D3654.contig743	1103	0	0
D3654.contig744	1102	0	0
D3654.contig745	1102	0	0
D3654.contig746	1101	0	0
D3654.contig747	1099	0	0
D3654.contig748	1099	0	0
D3654.contig749	1099	0	0
D3654.contig750	1096	0	0
D3654.contig751	1096	0	0
D3654.contig752	1095	0	0
D3654.contig753	1092	0	0
D3654.contig754	1092	0	0
D3654.contig755	1091	0	0
D3654.contig756	1090	0	0
D3654.contig757	1090	1	0
D3654.contig758	1087	0	0
D3654.contig759	1087	0	0
D3654.contig760	1081	0	0
D3654.contig761	1081	0	0
D3654.contig762	1080	0	0
D3654.contig763	1078	0	0
D3654.contig764	1077	0	0
D3654.contig765	1076	0	0
D3654.contig766	1075	0	0
D3654.contig767	1075	0	0
D3654.contig768	1074	0	0
D3654.contig769	1073	0	0
D3654.contig770	1072	0	0
D3654.contig771	1068	0	0
D3654.contig772	1068	0	0
D3654.contig773	1064	0	0
D3654.contig774	1064	0	0
D3654.contig775	1063	0	0
D3654.contig776	1061	0	0
D3654.contig777	1059	0	0
D3654.contig778	1059	0	0
D3654.contig779	1057	0	0
D3654.contig780	1057	0	0
D3654.contig781	1055	0	0
D3654.contig782	1055	0	0
D3654.contig783	1055	0	0
D3654.contig784	1054	0	0
D3654.contig785	1051	0	0
D3654.contig786	1050	0	0
D3654.contig787	1049	0	0
D3654.contig788	1049	0	0
D3654.contig789	1048	0	0
D3654.contig790	1047	0	0
D3654.contig791	1044	0	0
D3654.contig792	1044	0	0
D3654.contig793	1044	0	0
D3654.contig794	1042	0	0
D3654.contig795	1042	0	0
D3654.contig796	1041	0	0
D3654.contig797	1040	0	0
D3654.contig798	1039	0	0
D3654.contig799	1039	0	0
D3654.contig800	1039	0	0
D3654.contig801	1038	0	0
D3654.contig802	1038	0	0
D3654.contig803	1036	2	0
D3654.contig804	1035	0	0
D3654.contig805	1031	0	0
D3654.contig806	1021	0	0
D3654.contig807	1017	0	0
D3654.contig808	1017	0	0
D3654.contig809	1016	0	0
D3654.contig810	1015	0	0
D3654.contig811	1015	0	0
D3654.contig812	1014	0	0
D3654.contig813	1014	0	0
D3654.contig814	1010	0	0
D3654.contig815	1009	4	0
D3654.contig816	1008	0	0
D3654.contig817	1008	0	0
D3654.contig818	1007	0	0
D3654.contig819	1007	0	0
D3654.contig820	1006	0	0
D3654.contig821	1003	0	0
D3654.contig822	1002	0	0
D3654.contig823	1002	0	0
D3654.contig824	1001	0	0
D3654.contig825	1000	0	0
D3654.contig826	999	0	0
D3654.contig827	997	0	0
D3654.contig828	993	0	0
D3654.contig829	993	0	0
D3654.contig830	993	0	0
D3654.contig831	992	0	0
D3654.contig832	991	0	0
D3654.contig833	991	0	0
D3654.contig834	990	0	0
D3654.contig835	989	0	0
D3654.contig836	988	0	0
D3654.contig837	988	0	0
D3654.contig838	987	0	0
D3654.contig839	987	0	0
D3654.contig840	987	0	0
D3654.contig841	986	0	0
D3654.contig842	985	2	0
D3654.contig843	984	0	0
D3654.contig844	983	0	0
D3654.contig845	982	0	0
D3654.contig846	982	0	0
D3654.contig847	981	0	0
D3654.contig848	980	0	0
D3654.contig849	979	0	0
D3654.contig850	979	0	0
D3654.contig851	979	0	0
D3654.contig852	978	0	0
D3654.contig853	977	4	0
D3654.contig854	977	0	0
D3654.contig855	974	0	0
D3654.contig856	970	118	10
D3654.contig857	969	0	0
D3654.contig858	968	0	0
D3654.contig859	967	0	0
D3654.contig860	967	0	0
D3654.contig861	966	0	0
D3654.contig862	966	0	0
D3654.contig863	965	0	0
D3654.contig864	965	0	0
D3654.contig865	961	0	0
D3654.contig866	959	0	0
D3654.contig867	959	0	0
D3654.contig868	959	0	0
D3654.contig869	958	0	0
D3654.contig870	957	1	1
D3654.contig871	956	0	0
D3654.contig872	956	0	0
D3654.contig873	955	0	0
D3654.contig874	955	0	0
D3654.contig875	955	0	0
D3654.contig876	953	0	0
D3654.contig877	951	0	0
D3654.contig878	949	0	0
D3654.contig879	949	0	0
D3654.contig880	948	0	0
D3654.contig881	948	5	3
D3654.contig882	948	0	0
D3654.contig883	948	0	0
D3654.contig884	946	0	0
D3654.contig885	945	0	0
D3654.contig886	944	0	0
D3654.contig887	943	0	0
D3654.contig888	942	0	0
D3654.contig889	941	0	0
D3654.contig890	941	0	0
D3654.contig891	939	0	0
D3654.contig892	937	0	0
D3654.contig893	936	0	0
D3654.contig894	934	0	0
D3654.contig895	933	0	0
D3654.contig896	932	0	0
D3654.contig897	929	0	0
D3654.contig898	929	0	0
D3654.contig899	926	0	0
D3654.contig900	925	0	0
D3654.contig901	925	0	0
D3654.contig902	924	0	0
D3654.contig903	924	0	0
D3654.contig904	924	0	0
D3654.contig905	924	0	0
D3654.contig906	923	0	0
D3654.contig907	923	0	0
D3654.contig908	923	0	0
D3654.contig909	922	0	0
D3654.contig910	922	0	0
D3654.contig911	922	0	0
D3654.contig912	921	0	0
D3654.contig913	921	0	0
D3654.contig914	920	0	0
D3654.contig915	917	0	0
D3654.contig916	916	0	0
D3654.contig917	914	0	0
D3654.contig918	914	0	0
D3654.contig919	912	0	0
D3654.contig920	912	0	0
D3654.contig921	910	0	0
D3654.contig922	909	0	0
D3654.contig923	909	0	0
D3654.contig924	908	0	0
D3654.contig925	903	0	0
D3654.contig926	903	0	0
D3654.contig927	902	0	0
D3654.contig928	901	0	0
D3654.contig929	901	0	0
D3654.contig930	901	0	0
D3654.contig931	901	0	0
D3654.contig932	900	0	0
D3654.contig933	900	0	0
D3654.contig934	899	247	39
D3654.contig935	899	0	0
D3654.contig936	899	0	0
D3654.contig937	898	0	0
D3654.contig938	896	0	0
D3654.contig939	896	0	0
D3654.contig940	896	0	0
D3654.contig941	895	0	0
D3654.contig942	895	0	0
D3654.contig943	893	0	0
D3654.contig944	893	0	0
D3654.contig945	891	0	0
D3654.contig946	890	0	0
D3654.contig947	890	0	0
D3654.contig948	889	0	0
D3654.contig949	888	0	0
D3654.contig950	888	0	0
D3654.contig951	888	0	0
D3654.contig952	887	0	0
D3654.contig953	887	0	0
D3654.contig954	886	0	0
D3654.contig955	886	0	0
D3654.contig956	883	0	0
D3654.contig957	882	0	0
D3654.contig958	881	0	0
D3654.contig959	881	0	0
D3654.contig960	881	0	0
D3654.contig961	879	0	0
D3654.contig962	879	0	0
D3654.contig963	878	0	0
D3654.contig964	877	0	0
D3654.contig965	876	0	0
D3654.contig966	876	1	1
D3654.contig967	875	0	0
D3654.contig968	874	5	3
D3654.contig969	874	0	0
D3654.contig970	872	0	0
D3654.contig971	872	0	0
D3654.contig972	871	0	0
D3654.contig973	871	0	0
D3654.contig974	867	0	0
D3654.contig975	867	0	0
D3654.contig976	866	0	0
D3654.contig977	866	0	0
D3654.contig978	866	0	0
D3654.contig979	864	0	0
D3654.contig980	864	0	0
D3654.contig981	863	0	0
D3654.contig982	863	0	0
D3654.contig983	862	0	0
D3654.contig984	861	0	0
D3654.contig985	861	0	0
D3654.contig986	858	0	0
D3654.contig987	857	0	0
D3654.contig988	857	0	0
D3654.contig989	856	0	0
D3654.contig990	853	0	0
D3654.contig991	852	0	0
D3654.contig992	850	0	0
D3654.contig993	850	0	0
D3654.contig994	849	0	0
D3654.contig995	847	0	0
D3654.contig996	847	0	0
D3654.contig997	846	0	0
D3654.contig998	846	0	0
D3654.contig999	846	1	1
D3654.contig1000	842	0	0
D3654.contig1001	842	0	0
D3654.contig1002	841	0	0
D3654.contig1003	840	0	0
D3654.contig1004	840	0	0
D3654.contig1005	839	0	0
D3654.contig1006	838	0	0
D3654.contig1007	837	0	0
D3654.contig1008	837	0	0
D3654.contig1009	836	0	0
D3654.contig1010	835	0	0
D3654.contig1011	835	0	0
D3654.contig1012	835	0	0
D3654.contig1013	835	0	0
D3654.contig1014	834	0	0
D3654.contig1015	834	0	0
D3654.contig1016	834	0	0
D3654.contig1017	833	0	0
D3654.contig1018	832	6	0
D3654.contig1019	831	0	0
D3654.contig1020	830	0	0
D3654.contig1021	829	0	0
D3654.contig1022	829	0	0
D3654.contig1023	828	0	0
D3654.contig1024	827	0	0
D3654.contig1025	827	0	0
D3654.contig1026	825	0	0
D3654.contig1027	825	0	0
D3654.contig1028	824	0	0
D3654.contig1029	824	0	0
D3654.contig1030	822	0	0
D3654.contig1031	822	0	0
D3654.contig1032	821	0	0
D3654.contig1033	821	0	0
D3654.contig1034	820	0	0
D3654.contig1035	819	0	0
D3654.contig1036	817	0	0
D3654.contig1037	815	0	0
D3654.contig1038	812	0	0
D3654.contig1039	812	0	0
D3654.contig1040	811	0	0
D3654.contig1041	811	0	0
D3654.contig1042	811	0	0
D3654.contig1043	810	0	0
D3654.contig1044	809	0	0
D3654.contig1045	808	0	0
D3654.contig1046	808	56	52
D3654.contig1047	808	0	0
D3654.contig1048	806	0	0
D3654.contig1049	806	0	0
D3654.contig1050	806	0	0
D3654.contig1051	803	0	0
D3654.contig1052	803	0	0
D3654.contig1053	803	0	0
D3654.contig1054	803	0	0
D3654.contig1055	803	0	0
D3654.contig1056	802	0	0
D3654.contig1057	800	0	0
D3654.contig1058	799	2719	1940
D3654.contig1059	799	0	0
D3654.contig1060	798	0	0
D3654.contig1061	798	0	0
D3654.contig1062	796	0	0
D3654.contig1063	796	0	0
D3654.contig1064	796	0	0
D3654.contig1065	795	0	0
D3654.contig1066	794	0	0
D3654.contig1067	792	0	0
D3654.contig1068	790	0	0
D3654.contig1069	790	0	0
D3654.contig1070	789	0	0
D3654.contig1071	788	0	0
D3654.contig1072	788	0	0
D3654.contig1073	787	0	0
D3654.contig1074	786	0	0
D3654.contig1075	785	0	0
D3654.contig1076	784	2	0
D3654.contig1077	784	0	0
D3654.contig1078	783	0	0
D3654.contig1079	783	2	0
D3654.contig1080	783	0	0
D3654.contig1081	783	0	0
D3654.contig1082	782	0	0
D3654.contig1083	782	0	0
D3654.contig1084	782	0	0
D3654.contig1085	781	0	0
D3654.contig1086	781	0	0
D3654.contig1087	780	0	0
D3654.contig1088	780	0	0
D3654.contig1089	780	0	0
D3654.contig1090	779	0	0
D3654.contig1091	777	0	0
D3654.contig1092	776	0	0
D3654.contig1093	776	0	0
D3654.contig1094	774	0	0
D3654.contig1095	774	0	0
D3654.contig1096	773	0	0
D3654.contig1097	773	0	0
D3654.contig1098	772	0	0
D3654.contig1099	772	0	0
D3654.contig1100	772	67	22
D3654.contig1101	771	31	26
D3654.contig1102	771	0	0
D3654.contig1103	771	0	0
D3654.contig1104	771	0	0
D3654.contig1105	770	0	0
D3654.contig1106	770	0	0
D3654.contig1107	769	0	0
D3654.contig1108	769	0	0
D3654.contig1109	768	0	0
D3654.contig1110	768	0	0
D3654.contig1111	768	0	0
D3654.contig1112	765	0	0
D3654.contig1113	765	0	0
D3654.contig1114	765	0	0
D3654.contig1115	764	0	0
D3654.contig1116	764	0	0
D3654.contig1117	763	0	0
D3654.contig1118	763	0	0
D3654.contig1119	762	0	0
D3654.contig1120	761	0	0
D3654.contig1121	759	0	0
D3654.contig1122	759	0	0
D3654.contig1123	757	3	3
D3654.contig1124	756	0	0
D3654.contig1125	755	0	0
D3654.contig1126	755	0	0
D3654.contig1127	753	0	0
D3654.contig1128	753	2	0
D3654.contig1129	752	0	0
D3654.contig1130	752	2	0
D3654.contig1131	751	0	0
D3654.contig1132	751	0	0
D3654.contig1133	749	10	8
D3654.contig1134	748	0	0
D3654.contig1135	748	0	0
D3654.contig1136	748	0	0
D3654.contig1137	747	1308	389
D3654.contig1138	747	0	0
D3654.contig1139	746	0	0
D3654.contig1140	746	0	0
D3654.contig1141	746	0	0
D3654.contig1142	745	0	0
D3654.contig1143	744	4	2
D3654.contig1144	743	0	0
D3654.contig1145	743	0	0
D3654.contig1146	742	0	0
D3654.contig1147	742	0	0
D3654.contig1148	741	0	0
D3654.contig1149	741	0	0
D3654.contig1150	741	0	0
D3654.contig1151	741	0	0
D3654.contig1152	740	0	0
D3654.contig1153	740	0	0
D3654.contig1154	739	0	0
D3654.contig1155	739	0	0
D3654.contig1156	738	0	0
D3654.contig1157	737	0	0
D3654.contig1158	736	0	0
D3654.contig1159	735	0	0
D3654.contig1160	735	0	0
D3654.contig1161	734	0	0
D3654.contig1162	733	0	0
D3654.contig1163	732	0	0
D3654.contig1164	731	0	0
D3654.contig1165	730	1	1
D3654.contig1166	730	0	0
D3654.contig1167	730	0	0
D3654.contig1168	729	155	151
D3654.contig1169	729	175	144
D3654.contig1170	727	0	0
D3654.contig1171	726	1	1
D3654.contig1172	725	0	0
D3654.contig1173	725	0	0
D3654.contig1174	725	2	2
D3654.contig1175	724	0	0
D3654.contig1176	724	0	0
D3654.contig1177	724	0	0
D3654.contig1178	724	0	0
D3654.contig1179	724	0	0
D3654.contig1180	723	0	0
D3654.contig1181	722	0	0
D3654.contig1182	722	0	0
D3654.contig1183	721	0	0
D3654.contig1184	721	0	0
D3654.contig1185	718	0	0
D3654.contig1186	718	0	0
D3654.contig1187	718	0	0
D3654.contig1188	718	124	55
D3654.contig1189	718	0	0
D3654.contig1190	718	0	0
D3654.contig1191	718	0	0
D3654.contig1192	717	0	0
D3654.contig1193	717	0	0
D3654.contig1194	717	0	0
D3654.contig1195	716	0	0
D3654.contig1196	715	0	0
D3654.contig1197	715	0	0
D3654.contig1198	715	0	0
D3654.contig1199	714	0	0
D3654.contig1200	714	10	2
D3654.contig1201	714	0	0
D3654.contig1202	713	2	0
D3654.contig1203	713	0	0
D3654.contig1204	713	0	0
D3654.contig1205	713	0	0
D3654.contig1206	713	0	0
D3654.contig1207	711	0	0
D3654.contig1208	711	0	0
D3654.contig1209	711	0	0
D3654.contig1210	711	0	0
D3654.contig1211	711	16	14
D3654.contig1212	710	0	0
D3654.contig1213	710	0	0
D3654.contig1214	710	0	0
D3654.contig1215	709	0	0
D3654.contig1216	709	0	0
D3654.contig1217	708	0	0
D3654.contig1218	707	75659	49141
D3654.contig1219	706	0	0
D3654.contig1220	706	0	0
D3654.contig1221	706	0	0
D3654.contig1222	705	0	0
D3654.contig1223	704	0	0
D3654.contig1224	704	0	0
D3654.contig1225	702	56	40
D3654.contig1226	702	0	0
D3654.contig1227	702	0	0
D3654.contig1228	701	0	0
D3654.contig1229	700	0	0
D3654.contig1230	700	0	0
D3654.contig1231	700	0	0
D3654.contig1232	699	0	0
D3654.contig1233	698	0	0
D3654.contig1234	698	4	0
D3654.contig1235	697	0	0
D3654.contig1236	697	0	0
D3654.contig1237	696	0	0
D3654.contig1238	696	0	0
D3654.contig1239	696	0	0
D3654.contig1240	696	2	0
D3654.contig1241	696	0	0
D3654.contig1242	695	0	0
D3654.contig1243	695	0	0
D3654.contig1244	694	0	0
D3654.contig1245	694	0	0
D3654.contig1246	694	0	0
D3654.contig1247	694	0	0
D3654.contig1248	694	0	0
D3654.contig1249	694	0	0
D3654.contig1250	692	0	0
D3654.contig1251	692	0	0
D3654.contig1252	692	0	0
D3654.contig1253	691	0	0
D3654.contig1254	691	0	0
D3654.contig1255	691	0	0
D3654.contig1256	690	0	0
D3654.contig1257	690	0	0
D3654.contig1258	689	0	0
D3654.contig1259	688	0	0
D3654.contig1260	688	0	0
D3654.contig1261	687	0	0
D3654.contig1262	686	0	0
D3654.contig1263	685	0	0
D3654.contig1264	684	0	0
D3654.contig1265	684	0	0
D3654.contig1266	683	0	0
D3654.contig1267	683	0	0
D3654.contig1268	682	0	0
D3654.contig1269	682	0	0
D3654.contig1270	681	0	0
D3654.contig1271	681	0	0
D3654.contig1272	681	0	0
D3654.contig1273	681	0	0
D3654.contig1274	681	0	0
D3654.contig1275	681	0	0
D3654.contig1276	680	0	0
D3654.contig1277	680	7	7
D3654.contig1278	680	0	0
D3654.contig1279	678	0	0
D3654.contig1280	678	0	0
D3654.contig1281	678	0	0
D3654.contig1282	677	97	80
D3654.contig1283	677	0	0
D3654.contig1284	676	0	0
D3654.contig1285	676	0	0
D3654.contig1286	675	0	0
D3654.contig1287	675	0	0
D3654.contig1288	675	0	0
D3654.contig1289	674	0	0
D3654.contig1290	674	0	0
D3654.contig1291	673	0	0
D3654.contig1292	673	0	0
D3654.contig1293	672	0	0
D3654.contig1294	671	22	20
D3654.contig1295	671	0	0
D3654.contig1296	670	0	0
D3654.contig1297	670	0	0
D3654.contig1298	670	0	0
D3654.contig1299	669	0	0
D3654.contig1300	669	0	0
D3654.contig1301	668	0	0
D3654.contig1302	668	0	0
D3654.contig1303	667	0	0
D3654.contig1304	667	0	0
D3654.contig1305	667	0	0
D3654.contig1306	666	0	0
D3654.contig1307	666	0	0
D3654.contig1308	666	0	0
D3654.contig1309	666	160	59
D3654.contig1310	666	0	0
D3654.contig1311	665	0	0
D3654.contig1312	665	0	0
D3654.contig1313	664	0	0
D3654.contig1314	664	0	0
D3654.contig1315	663	0	0
D3654.contig1316	663	0	0
D3654.contig1317	663	0	0
D3654.contig1318	662	0	0
D3654.contig1319	662	0	0
D3654.contig1320	662	0	0
D3654.contig1321	661	0	0
D3654.contig1322	661	0	0
D3654.contig1323	661	0	0
D3654.contig1324	660	0	0
D3654.contig1325	660	0	0
D3654.contig1326	660	0	0
D3654.contig1327	660	0	0
D3654.contig1328	660	0	0
D3654.contig1329	659	0	0
D3654.contig1330	659	2	0
D3654.contig1331	659	0	0
D3654.contig1332	659	0	0
D3654.contig1333	659	0	0
D3654.contig1334	658	0	0
D3654.contig1335	657	0	0
D3654.contig1336	657	1	1
D3654.contig1337	657	0	0
D3654.contig1338	656	0	0
D3654.contig1339	656	0	0
D3654.contig1340	656	0	0
D3654.contig1341	655	0	0
D3654.contig1342	655	0	0
D3654.contig1343	654	0	0
D3654.contig1344	654	0	0
D3654.contig1345	652	0	0
D3654.contig1346	651	0	0
D3654.contig1347	651	0	0
D3654.contig1348	651	0	0
D3654.contig1349	650	0	0
D3654.contig1350	650	0	0
D3654.contig1351	650	0	0
D3654.contig1352	650	0	0
D3654.contig1353	649	0	0
D3654.contig1354	649	0	0
D3654.contig1355	647	0	0
D3654.contig1356	647	0	0
D3654.contig1357	646	0	0
D3654.contig1358	646	0	0
D3654.contig1359	646	0	0
D3654.contig1360	645	0	0
D3654.contig1361	645	0	0
D3654.contig1362	644	0	0
D3654.contig1363	644	0	0
D3654.contig1364	643	0	0
D3654.contig1365	643	0	0
D3654.contig1366	643	0	0
D3654.contig1367	642	0	0
D3654.contig1368	641	0	0
D3654.contig1369	641	0	0
D3654.contig1370	639	0	0
D3654.contig1371	639	0	0
D3654.contig1372	639	0	0
D3654.contig1373	638	0	0
D3654.contig1374	638	0	0
D3654.contig1375	636	0	0
D3654.contig1376	635	0	0
D3654.contig1377	634	0	0
D3654.contig1378	633	0	0
D3654.contig1379	633	0	0
D3654.contig1380	633	0	0
D3654.contig1381	632	0	0
D3654.contig1382	632	0	0
D3654.contig1383	632	0	0
D3654.contig1384	631	0	0
D3654.contig1385	631	0	0
D3654.contig1386	630	0	0
D3654.contig1387	630	0	0
D3654.contig1388	630	10	2
D3654.contig1389	629	74	67
D3654.contig1390	627	0	0
D3654.contig1391	624	0	0
D3654.contig1392	624	0	0
D3654.contig1393	623	0	0
D3654.contig1394	623	0	0
D3654.contig1395	623	0	0
D3654.contig1396	622	0	0
D3654.contig1397	621	0	0
D3654.contig1398	621	0	0
D3654.contig1399	621	0	0
D3654.contig1400	620	0	0
D3654.contig1401	620	0	0
D3654.contig1402	620	0	0
D3654.contig1403	619	0	0
D3654.contig1404	618	0	0
D3654.contig1405	618	0	0
D3654.contig1406	618	0	0
D3654.contig1407	617	0	0
D3654.contig1408	617	0	0
D3654.contig1409	617	0	0
D3654.contig1410	617	0	0
D3654.contig1411	616	0	0
D3654.contig1412	616	0	0
D3654.contig1413	615	0	0
D3654.contig1414	615	0	0
D3654.contig1415	614	0	0
D3654.contig1416	614	0	0
D3654.contig1417	614	0	0
D3654.contig1418	614	0	0
D3654.contig1419	613	1	1
D3654.contig1420	611	0	0
D3654.contig1421	611	0	0
D3654.contig1422	611	0	0
D3654.contig1423	610	0	0
D3654.contig1424	610	0	0
D3654.contig1425	609	0	0
D3654.contig1426	609	1	1
D3654.contig1427	609	0	0
D3654.contig1428	607	0	0
D3654.contig1429	607	0	0
D3654.contig1430	607	0	0
D3654.contig1431	606	0	0
D3654.contig1432	606	0	0
D3654.contig1433	606	0	0
D3654.contig1434	605	0	0
D3654.contig1435	605	3907	761
D3654.contig1436	604	0	0
D3654.contig1437	604	2	0
D3654.contig1438	604	1	1
D3654.contig1439	603	0	0
D3654.contig1440	603	0	0
D3654.contig1441	603	0	0
D3654.contig1442	603	0	0
D3654.contig1443	602	0	0
D3654.contig1444	602	0	0
D3654.contig1445	601	0	0
D3654.contig1446	601	0	0
D3654.contig1447	601	0	0
D3654.contig1448	601	0	0
D3654.contig1449	601	0	0
D3654.contig1450	601	0	0
D3654.contig1451	600	0	0
D3654.contig1452	600	0	0
D3654.contig1453	600	0	0
D3654.contig1454	599	0	0
D3654.contig1455	598	0	0
D3654.contig1456	598	0	0
D3654.contig1457	597	0	0
D3654.contig1458	596	0	0
D3654.contig1459	596	0	0
D3654.contig1460	596	0	0
D3654.contig1461	596	0	0
D3654.contig1462	595	0	0
D3654.contig1463	595	0	0
D3654.contig1464	594	0	0
D3654.contig1465	594	0	0
D3654.contig1466	592	0	0
D3654.contig1467	592	0	0
D3654.contig1468	590	0	0
D3654.contig1469	590	0	0
D3654.contig1470	590	0	0
D3654.contig1471	590	0	0
D3654.contig1472	590	0	0
D3654.contig1473	589	0	0
D3654.contig1474	589	0	0
D3654.contig1475	589	0	0
D3654.contig1476	589	0	0
D3654.contig1477	588	0	0
D3654.contig1478	588	0	0
D3654.contig1479	587	0	0
D3654.contig1480	587	0	0
D3654.contig1481	586	0	0
D3654.contig1482	586	0	0
D3654.contig1483	586	0	0
D3654.contig1484	585	0	0
D3654.contig1485	585	0	0
D3654.contig1486	584	0	0
D3654.contig1487	584	0	0
D3654.contig1488	584	0	0
D3654.contig1489	583	0	0
D3654.contig1490	583	0	0
D3654.contig1491	582	0	0
D3654.contig1492	582	0	0
D3654.contig1493	581	0	0
D3654.contig1494	581	0	0
D3654.contig1495	579	0	0
D3654.contig1496	579	0	0
D3654.contig1497	579	0	0
D3654.contig1498	578	0	0
D3654.contig1499	577	0	0
D3654.contig1500	577	0	0
D3654.contig1501	577	0	0
D3654.contig1502	576	0	0
D3654.contig1503	576	0	0
D3654.contig1504	576	0	0
D3654.contig1505	576	0	0
D3654.contig1506	576	0	0
D3654.contig1507	575	0	0
D3654.contig1508	575	0	0
D3654.contig1509	575	0	0
D3654.contig1510	575	0	0
D3654.contig1511	575	0	0
D3654.contig1512	574	1	1
D3654.contig1513	574	0	0
D3654.contig1514	574	0	0
D3654.contig1515	574	0	0
D3654.contig1516	574	0	0
D3654.contig1517	573	0	0
D3654.contig1518	573	0	0
D3654.contig1519	573	0	0
D3654.contig1520	573	0	0
D3654.contig1521	572	0	0
D3654.contig1522	572	0	0
D3654.contig1523	572	0	0
D3654.contig1524	572	0	0
D3654.contig1525	572	0	0
D3654.contig1526	571	0	0
D3654.contig1527	571	0	0
D3654.contig1528	571	0	0
D3654.contig1529	569	0	0
D3654.contig1530	569	0	0
D3654.contig1531	569	0	0
D3654.contig1532	569	0	0
D3654.contig1533	569	0	0
D3654.contig1534	568	0	0
D3654.contig1535	567	0	0
D3654.contig1536	567	0	0
D3654.contig1537	566	0	0
D3654.contig1538	566	0	0
D3654.contig1539	566	0	0
D3654.contig1540	566	0	0
D3654.contig1541	566	0	0
D3654.contig1542	564	0	0
D3654.contig1543	563	0	0
D3654.contig1544	563	0	0
D3654.contig1545	563	0	0
D3654.contig1546	561	0	0
D3654.contig1547	561	0	0
D3654.contig1548	561	0	0
D3654.contig1549	561	0	0
D3654.contig1550	561	0	0
D3654.contig1551	561	0	0
D3654.contig1552	561	0	0
D3654.contig1553	560	0	0
D3654.contig1554	560	0	0
D3654.contig1555	560	0	0
D3654.contig1556	559	0	0
D3654.contig1557	559	0	0
D3654.contig1558	558	0	0
D3654.contig1559	558	0	0
D3654.contig1560	558	0	0
D3654.contig1561	557	0	0
D3654.contig1562	557	0	0
D3654.contig1563	557	0	0
D3654.contig1564	557	0	0
D3654.contig1565	557	0	0
D3654.contig1566	557	0	0
D3654.contig1567	556	0	0
D3654.contig1568	556	0	0
D3654.contig1569	556	0	0
D3654.contig1570	556	0	0
D3654.contig1571	555	15	15
D3654.contig1572	555	0	0
D3654.contig1573	555	0	0
D3654.contig1574	554	0	0
D3654.contig1575	554	0	0
D3654.contig1576	554	0	0
D3654.contig1577	554	0	0
D3654.contig1578	554	0	0
D3654.contig1579	554	0	0
D3654.contig1580	553	0	0
D3654.contig1581	552	0	0
D3654.contig1582	551	0	0
D3654.contig1583	551	0	0
D3654.contig1584	551	8	2
D3654.contig1585	551	0	0
D3654.contig1586	550	0	0
D3654.contig1587	550	0	0
D3654.contig1588	549	0	0
D3654.contig1589	549	0	0
D3654.contig1590	548	0	0
D3654.contig1591	548	0	0
D3654.contig1592	547	0	0
D3654.contig1593	547	0	0
D3654.contig1594	546	0	0
D3654.contig1595	545	0	0
D3654.contig1596	545	0	0
D3654.contig1597	545	0	0
D3654.contig1598	545	0	0
D3654.contig1599	544	0	0
D3654.contig1600	544	0	0
D3654.contig1601	543	0	0
D3654.contig1602	542	0	0
D3654.contig1603	542	0	0
D3654.contig1604	542	0	0
D3654.contig1605	542	0	0
D3654.contig1606	540	0	0
D3654.contig1607	540	0	0
D3654.contig1608	540	0	0
D3654.contig1609	540	0	0
D3654.contig1610	540	0	0
D3654.contig1611	539	0	0
D3654.contig1612	539	0	0
D3654.contig1613	539	0	0
D3654.contig1614	539	0	0
D3654.contig1615	539	0	0
D3654.contig1616	539	0	0
D3654.contig1617	538	0	0
D3654.contig1618	538	0	0
D3654.contig1619	538	0	0
D3654.contig1620	537	7454	4249
D3654.contig1621	537	0	0
D3654.contig1622	537	0	0
D3654.contig1623	537	0	0
D3654.contig1624	537	0	0
D3654.contig1625	537	0	0
D3654.contig1626	536	0	0
D3654.contig1627	536	0	0
D3654.contig1628	536	0	0
D3654.contig1629	536	0	0
D3654.contig1630	535	0	0
D3654.contig1631	535	0	0
D3654.contig1632	534	0	0
D3654.contig1633	534	0	0
D3654.contig1634	533	0	0
D3654.contig1635	532	0	0
D3654.contig1636	531	0	0
D3654.contig1637	531	0	0
D3654.contig1638	531	0	0
D3654.contig1639	530	0	0
D3654.contig1640	530	0	0
D3654.contig1641	530	0	0
D3654.contig1642	530	0	0
D3654.contig1643	529	0	0
D3654.contig1644	529	0	0
D3654.contig1645	529	0	0
D3654.contig1646	529	0	0
D3654.contig1647	529	0	0
D3654.contig1648	529	0	0
D3654.contig1649	529	0	0
D3654.contig1650	528	0	0
D3654.contig1651	527	934	300
D3654.contig1652	527	0	0
D3654.contig1653	526	0	0
D3654.contig1654	526	0	0
D3654.contig1655	526	0	0
D3654.contig1656	525	0	0
D3654.contig1657	525	0	0
D3654.contig1658	525	0	0
D3654.contig1659	525	0	0
D3654.contig1660	525	0	0
D3654.contig1661	524	0	0
D3654.contig1662	524	1235	705
D3654.contig1663	524	0	0
D3654.contig1664	524	0	0
D3654.contig1665	524	0	0
D3654.contig1666	523	0	0
D3654.contig1667	523	0	0
D3654.contig1668	523	0	0
D3654.contig1669	523	0	0
D3654.contig1670	522	0	0
D3654.contig1671	522	0	0
D3654.contig1672	522	0	0
D3654.contig1673	522	0	0
D3654.contig1674	521	0	0
D3654.contig1675	521	0	0
D3654.contig1676	521	0	0
D3654.contig1677	521	0	0
D3654.contig1678	520	0	0
D3654.contig1679	519	0	0
D3654.contig1680	519	0	0
D3654.contig1681	519	0	0
D3654.contig1682	518	0	0
D3654.contig1683	518	0	0
D3654.contig1684	518	0	0
D3654.contig1685	518	0	0
D3654.contig1686	518	0	0
D3654.contig1687	518	0	0
D3654.contig1688	517	0	0
D3654.contig1689	517	0	0
D3654.contig1690	517	0	0
D3654.contig1691	516	0	0
D3654.contig1692	516	0	0
D3654.contig1693	515	0	0
D3654.contig1694	515	0	0
D3654.contig1695	514	0	0
D3654.contig1696	513	0	0
D3654.contig1697	513	0	0
D3654.contig1698	513	0	0
D3654.contig1699	513	0	0
D3654.contig1700	513	0	0
D3654.contig1701	512	0	0
D3654.contig1702	512	0	0
D3654.contig1703	512	0	0
D3654.contig1704	512	0	0
D3654.contig1705	512	0	0
D3654.contig1706	512	0	0
D3654.contig1707	511	0	0
D3654.contig1708	511	1	1
D3654.contig1709	511	0	0
D3654.contig1710	511	0	0
D3654.contig1711	511	0	0
D3654.contig1712	510	0	0
D3654.contig1713	510	0	0
D3654.contig1714	510	0	0
D3654.contig1715	510	0	0
D3654.contig1716	510	1	1
D3654.contig1717	509	0	0
D3654.contig1718	509	145	33
D3654.contig1719	509	0	0
D3654.contig1720	509	0	0
D3654.contig1721	509	3	3
D3654.contig1722	509	0	0
D3654.contig1723	508	0	0
D3654.contig1724	508	0	0
D3654.contig1725	508	0	0
D3654.contig1726	507	0	0
D3654.contig1727	507	0	0
D3654.contig1728	507	0	0
D3654.contig1729	507	0	0
D3654.contig1730	507	0	0
D3654.contig1731	507	0	0
D3654.contig1732	506	0	0
D3654.contig1733	506	0	0
D3654.contig1734	506	0	0
D3654.contig1735	506	0	0
D3654.contig1736	506	0	0
D3654.contig1737	506	0	0
D3654.contig1738	505	0	0
D3654.contig1739	505	0	0
D3654.contig1740	505	0	0
D3654.contig1741	505	0	0
D3654.contig1742	505	1	1
D3654.contig1743	505	0	0
D3654.contig1744	505	0	0
D3654.contig1745	505	690	302
D3654.contig1746	505	0	0
D3654.contig1747	504	0	0
D3654.contig1748	504	0	0
D3654.contig1749	504	0	0
D3654.contig1750	504	0	0
D3654.contig1751	504	0	0
D3654.contig1752	503	2	0
D3654.contig1753	503	0	0
D3654.contig1754	502	0	0
D3654.contig1755	502	0	0
D3654.contig1756	502	0	0
D3654.contig1757	502	0	0
D3654.contig1758	502	0	0
D3654.contig1759	502	0	0
D3654.contig1760	501	0	0
D3654.contig1761	501	0	0
D3654.contig1762	501	0	0
D3654.contig1763	501	0	0
D3654.contig1764	500	0	0
D3654.contig1765	500	0	0
D3654.contig1766	500	0	0
D3654.contig1767	499	0	0
D3654.contig1768	499	0	0
D3654.contig1769	499	0	0
D3654.contig1770	499	0	0
D3654.contig1771	499	0	0
D3654.contig1772	499	0	0
D3654.contig1773	499	0	0
D3654.contig1774	499	0	0
D3654.contig1775	498	0	0
D3654.contig1776	498	0	0
D3654.contig1777	498	0	0
D3654.contig1778	497	0	0
D3654.contig1779	497	0	0
D3654.contig1780	497	0	0
D3654.contig1781	497	0	0
D3654.contig1782	497	0	0
D3654.contig1783	496	0	0
D3654.contig1784	496	0	0
D3654.contig1785	496	0	0
D3654.contig1786	496	0	0
D3654.contig1787	495	0	0
D3654.contig1788	494	0	0
D3654.contig1789	494	0	0
D3654.contig1790	494	0	0
D3654.contig1791	494	0	0
D3654.contig1792	494	0	0
D3654.contig1793	494	0	0
D3654.contig1794	493	0	0
D3654.contig1795	493	0	0
D3654.contig1796	492	0	0
D3654.contig1797	492	0	0
D3654.contig1798	492	0	0
D3654.contig1799	492	476	380
D3654.contig1800	491	0	0
D3654.contig1801	491	298	138
D3654.contig1802	491	0	0
D3654.contig1803	491	0	0
D3654.contig1804	490	0	0
D3654.contig1805	490	0	0
D3654.contig1806	490	0	0
D3654.contig1807	490	0	0
D3654.contig1808	490	0	0
D3654.contig1809	490	0	0
D3654.contig1810	490	0	0
D3654.contig1811	489	0	0
D3654.contig1812	489	0	0
D3654.contig1813	489	0	0
D3654.contig1814	488	0	0
D3654.contig1815	488	0	0
D3654.contig1816	488	0	0
D3654.contig1817	488	0	0
D3654.contig1818	488	0	0
D3654.contig1819	488	0	0
D3654.contig1820	488	0	0
D3654.contig1821	488	0	0
D3654.contig1822	487	0	0
D3654.contig1823	487	0	0
D3654.contig1824	487	0	0
D3654.contig1825	486	0	0
D3654.contig1826	485	0	0
D3654.contig1827	485	0	0
D3654.contig1828	484	0	0
D3654.contig1829	484	0	0
D3654.contig1830	484	0	0
D3654.contig1831	484	0	0
D3654.contig1832	483	0	0
D3654.contig1833	483	0	0
D3654.contig1834	483	0	0
D3654.contig1835	482	0	0
D3654.contig1836	482	0	0
D3654.contig1837	482	0	0
D3654.contig1838	481	0	0
D3654.contig1839	481	0	0
D3654.contig1840	481	0	0
D3654.contig1841	481	0	0
D3654.contig1842	481	0	0
D3654.contig1843	481	0	0
D3654.contig1844	480	0	0
D3654.contig1845	480	0	0
D3654.contig1846	480	0	0
D3654.contig1847	480	0	0
D3654.contig1848	480	0	0
D3654.contig1849	479	0	0
D3654.contig1850	479	0	0
D3654.contig1851	479	0	0
D3654.contig1852	479	0	0
D3654.contig1853	478	0	0
D3654.contig1854	478	0	0
D3654.contig1855	478	0	0
D3654.contig1856	478	0	0
D3654.contig1857	478	0	0
D3654.contig1858	478	0	0
D3654.contig1859	477	0	0
D3654.contig1860	477	0	0
D3654.contig1861	477	0	0
D3654.contig1862	477	0	0
D3654.contig1863	477	0	0
D3654.contig1864	474	0	0
D3654.contig1865	474	0	0
D3654.contig1866	474	0	0
D3654.contig1867	474	0	0
D3654.contig1868	474	0	0
D3654.contig1869	473	0	0
D3654.contig1870	473	0	0
D3654.contig1871	473	0	0
D3654.contig1872	473	0	0
D3654.contig1873	472	0	0
D3654.contig1874	472	0	0
D3654.contig1875	472	0	0
D3654.contig1876	472	0	0
D3654.contig1877	471	0	0
D3654.contig1878	471	0	0
D3654.contig1879	471	0	0
D3654.contig1880	471	0	0
D3654.contig1881	471	0	0
D3654.contig1882	470	0	0
D3654.contig1883	470	5	3
D3654.contig1884	468	0	0
D3654.contig1885	468	0	0
D3654.contig1886	468	0	0
D3654.contig1887	468	0	0
D3654.contig1888	468	0	0
D3654.contig1889	468	0	0
D3654.contig1890	468	0	0
D3654.contig1891	467	0	0
D3654.contig1892	467	0	0
D3654.contig1893	467	0	0
D3654.contig1894	466	0	0
D3654.contig1895	466	0	0
D3654.contig1896	466	0	0
D3654.contig1897	466	0	0
D3654.contig1898	466	0	0
D3654.contig1899	465	0	0
D3654.contig1900	465	0	0
D3654.contig1901	465	0	0
D3654.contig1902	465	0	0
D3654.contig1903	465	0	0
D3654.contig1904	464	0	0
D3654.contig1905	464	0	0
D3654.contig1906	464	0	0
D3654.contig1907	464	0	0
D3654.contig1908	464	0	0
D3654.contig1909	464	0	0
D3654.contig1910	464	0	0
D3654.contig1911	463	0	0
D3654.contig1912	463	0	0
D3654.contig1913	462	0	0
D3654.contig1914	462	0	0
D3654.contig1915	462	0	0
D3654.contig1916	462	0	0
D3654.contig1917	462	0	0
D3654.contig1918	461	0	0
D3654.contig1919	461	56	45
D3654.contig1920	460	0	0
D3654.contig1921	459	0	0
D3654.contig1922	459	0	0
D3654.contig1923	459	0	0
D3654.contig1924	459	0	0
D3654.contig1925	458	0	0
D3654.contig1926	458	0	0
D3654.contig1927	458	0	0
D3654.contig1928	458	0	0
D3654.contig1929	458	0	0
D3654.contig1930	457	0	0
D3654.contig1931	457	0	0
D3654.contig1932	457	0	0
D3654.contig1933	457	0	0
D3654.contig1934	457	0	0
D3654.contig1935	457	0	0
D3654.contig1936	456	0	0
D3654.contig1937	456	0	0
D3654.contig1938	456	0	0
D3654.contig1939	456	0	0
D3654.contig1940	456	0	0
D3654.contig1941	456	0	0
D3654.contig1942	455	0	0
D3654.contig1943	455	0	0
D3654.contig1944	455	0	0
D3654.contig1945	455	0	0
D3654.contig1946	455	0	0
D3654.contig1947	455	0	0
D3654.contig1948	455	0	0
D3654.contig1949	455	0	0
D3654.contig1950	454	0	0
D3654.contig1951	454	0	0
D3654.contig1952	454	0	0
D3654.contig1953	454	0	0
D3654.contig1954	454	0	0
D3654.contig1955	454	0	0
D3654.contig1956	453	0	0
D3654.contig1957	453	0	0
D3654.contig1958	453	0	0
D3654.contig1959	453	0	0
D3654.contig1960	453	0	0
D3654.contig1961	453	0	0
D3654.contig1962	452	0	0
D3654.contig1963	452	0	0
D3654.contig1964	451	0	0
D3654.contig1965	451	0	0
D3654.contig1966	451	0	0
D3654.contig1967	451	0	0
D3654.contig1968	451	0	0
D3654.contig1969	450	0	0
D3654.contig1970	450	0	0
D3654.contig1971	450	0	0
D3654.contig1972	449	0	0
D3654.contig1973	449	0	0
D3654.contig1974	449	0	0
D3654.contig1975	449	0	0
D3654.contig1976	449	0	0
D3654.contig1977	449	16	16
D3654.contig1978	448	0	0
D3654.contig1979	448	0	0
D3654.contig1980	448	0	0
D3654.contig1981	448	0	0
D3654.contig1982	448	0	0
D3654.contig1983	448	0	0
D3654.contig1984	447	0	0
D3654.contig1985	447	0	0
D3654.contig1986	447	0	0
D3654.contig1987	447	0	0
D3654.contig1988	447	0	0
D3654.contig1989	447	0	0
D3654.contig1990	446	0	0
D3654.contig1991	446	0	0
D3654.contig1992	446	0	0
D3654.contig1993	445	0	0
D3654.contig1994	445	0	0
D3654.contig1995	445	0	0
D3654.contig1996	445	0	0
D3654.contig1997	445	0	0
D3654.contig1998	444	0	0
D3654.contig1999	444	0	0
D3654.contig2000	444	0	0
D3654.contig2001	443	0	0
D3654.contig2002	443	0	0
D3654.contig2003	443	0	0
D3654.contig2004	443	0	0
D3654.contig2005	443	0	0
D3654.contig2006	442	0	0
D3654.contig2007	442	0	0
D3654.contig2008	442	0	0
D3654.contig2009	440	0	0
D3654.contig2010	440	0	0
D3654.contig2011	440	0	0
D3654.contig2012	440	0	0
D3654.contig2013	440	0	0
D3654.contig2014	440	0	0
D3654.contig2015	440	0	0
D3654.contig2016	440	0	0
D3654.contig2017	440	0	0
D3654.contig2018	440	0	0
D3654.contig2019	440	1	0
D3654.contig2020	440	0	0
D3654.contig2021	439	0	0
D3654.contig2022	439	0	0
D3654.contig2023	439	0	0
D3654.contig2024	439	0	0
D3654.contig2025	439	0	0
D3654.contig2026	439	0	0
D3654.contig2027	439	0	0
D3654.contig2028	439	0	0
D3654.contig2029	439	520	116
D3654.contig2030	439	0	0
D3654.contig2031	438	0	0
D3654.contig2032	438	0	0
D3654.contig2033	438	0	0
D3654.contig2034	438	0	0
D3654.contig2035	438	0	0
D3654.contig2036	438	0	0
D3654.contig2037	438	0	0
D3654.contig2038	437	0	0
D3654.contig2039	437	0	0
D3654.contig2040	437	0	0
D3654.contig2041	436	271	234
D3654.contig2042	436	0	0
D3654.contig2043	435	0	0
D3654.contig2044	435	0	0
D3654.contig2045	435	0	0
D3654.contig2046	435	0	0
D3654.contig2047	434	0	0
D3654.contig2048	434	0	0
D3654.contig2049	434	0	0
D3654.contig2050	434	0	0
D3654.contig2051	434	0	0
D3654.contig2052	434	0	0
D3654.contig2053	434	0	0
D3654.contig2054	434	0	0
D3654.contig2055	434	0	0
D3654.contig2056	433	0	0
D3654.contig2057	433	0	0
D3654.contig2058	433	0	0
D3654.contig2059	432	0	0
D3654.contig2060	432	0	0
D3654.contig2061	431	0	0
D3654.contig2062	431	0	0
D3654.contig2063	431	0	0
D3654.contig2064	431	0	0
D3654.contig2065	431	0	0
D3654.contig2066	431	0	0
D3654.contig2067	430	0	0
D3654.contig2068	430	0	0
D3654.contig2069	430	0	0
D3654.contig2070	430	0	0
D3654.contig2071	430	0	0
D3654.contig2072	429	0	0
D3654.contig2073	429	0	0
D3654.contig2074	429	0	0
D3654.contig2075	429	0	0
D3654.contig2076	429	0	0
D3654.contig2077	429	0	0
D3654.contig2078	428	0	0
D3654.contig2079	428	0	0
D3654.contig2080	428	0	0
D3654.contig2081	428	0	0
D3654.contig2082	427	0	0
D3654.contig2083	427	0	0
D3654.contig2084	426	0	0
D3654.contig2085	426	0	0
D3654.contig2086	426	0	0
D3654.contig2087	426	0	0
D3654.contig2088	426	0	0
D3654.contig2089	426	0	0
D3654.contig2090	426	0	0
D3654.contig2091	425	0	0
D3654.contig2092	425	0	0
D3654.contig2093	425	0	0
D3654.contig2094	425	0	0
D3654.contig2095	425	0	0
D3654.contig2096	425	0	0
D3654.contig2097	424	0	0
D3654.contig2098	424	0	0
D3654.contig2099	424	0	0
D3654.contig2100	424	0	0
D3654.contig2101	424	0	0
D3654.contig2102	424	0	0
D3654.contig2103	424	0	0
D3654.contig2104	424	0	0
D3654.contig2105	424	0	0
D3654.contig2106	423	0	0
D3654.contig2107	423	0	0
D3654.contig2108	422	0	0
D3654.contig2109	422	0	0
D3654.contig2110	422	0	0
D3654.contig2111	421	0	0
D3654.contig2112	421	0	0
D3654.contig2113	421	0	0
D3654.contig2114	420	0	0
D3654.contig2115	420	0	0
D3654.contig2116	420	0	0
D3654.contig2117	420	0	0
D3654.contig2118	419	0	0
D3654.contig2119	419	22	16
D3654.contig2120	419	0	0
D3654.contig2121	419	0	0
D3654.contig2122	419	0	0
D3654.contig2123	419	0	0
D3654.contig2124	419	0	0
D3654.contig2125	419	0	0
D3654.contig2126	419	0	0
D3654.contig2127	419	0	0
D3654.contig2128	419	0	0
D3654.contig2129	419	0	0
D3654.contig2130	418	0	0
D3654.contig2131	418	0	0
D3654.contig2132	418	0	0
D3654.contig2133	418	0	0
D3654.contig2134	418	0	0
D3654.contig2135	418	0	0
D3654.contig2136	418	0	0
D3654.contig2137	417	0	0
D3654.contig2138	417	0	0
D3654.contig2139	417	0	0
D3654.contig2140	417	0	0
D3654.contig2141	417	0	0
D3654.contig2142	416	0	0
D3654.contig2143	416	0	0
D3654.contig2144	416	0	0
D3654.contig2145	416	2	0
D3654.contig2146	416	0	0
D3654.contig2147	416	0	0
D3654.contig2148	415	0	0
D3654.contig2149	415	0	0
D3654.contig2150	414	0	0
D3654.contig2151	414	0	0
D3654.contig2152	414	1	1
D3654.contig2153	414	0	0
D3654.contig2154	413	0	0
D3654.contig2155	413	0	0
D3654.contig2156	413	0	0
D3654.contig2157	413	0	0
D3654.contig2158	413	0	0
D3654.contig2159	413	0	0
D3654.contig2160	412	0	0
D3654.contig2161	412	0	0
D3654.contig2162	412	39	29
D3654.contig2163	412	0	0
D3654.contig2164	412	2	2
D3654.contig2165	411	0	0
D3654.contig2166	411	50	42
D3654.contig2167	411	0	0
D3654.contig2168	411	0	0
D3654.contig2169	411	0	0
D3654.contig2170	411	0	0
D3654.contig2171	411	0	0
D3654.contig2172	411	0	0
D3654.contig2173	411	0	0
D3654.contig2174	411	0	0
D3654.contig2175	410	0	0
D3654.contig2176	410	0	0
D3654.contig2177	410	0	0
D3654.contig2178	410	0	0
D3654.contig2179	410	0	0
D3654.contig2180	409	0	0
D3654.contig2181	409	30	18
D3654.contig2182	409	0	0
D3654.contig2183	409	0	0
D3654.contig2184	409	0	0
D3654.contig2185	408	1	1
D3654.contig2186	408	0	0
D3654.contig2187	408	0	0
D3654.contig2188	408	46	36
D3654.contig2189	408	0	0
D3654.contig2190	408	0	0
D3654.contig2191	407	0	0
D3654.contig2192	407	0	0
D3654.contig2193	407	0	0
D3654.contig2194	407	0	0
D3654.contig2195	407	0	0
D3654.contig2196	407	0	0
D3654.contig2197	406	0	0
D3654.contig2198	406	0	0
D3654.contig2199	406	4634	2254
D3654.contig2200	406	0	0
D3654.contig2201	406	0	0
D3654.contig2202	406	0	0
D3654.contig2203	406	0	0
D3654.contig2204	406	0	0
D3654.contig2205	406	0	0
D3654.contig2206	406	0	0
D3654.contig2207	405	0	0
D3654.contig2208	405	0	0
D3654.contig2209	405	1	1
D3654.contig2210	405	0	0
D3654.contig2211	404	0	0
D3654.contig2212	404	0	0
D3654.contig2213	404	0	0
D3654.contig2214	404	0	0
D3654.contig2215	404	0	0
D3654.contig2216	404	0	0
D3654.contig2217	403	0	0
D3654.contig2218	403	0	0
D3654.contig2219	403	0	0
D3654.contig2220	403	0	0
D3654.contig2221	403	3	1
D3654.contig2222	403	0	0
D3654.contig2223	402	0	0
D3654.contig2224	402	0	0
D3654.contig2225	401	0	0
D3654.contig2226	401	0	0
D3654.contig2227	401	0	0
D3654.contig2228	401	0	0
D3654.contig2229	401	0	0
D3654.contig2230	400	0	0
D3654.contig2231	400	0	0
D3654.contig2232	400	0	0
D3654.contig2233	399	0	0
D3654.contig2234	399	0	0
D3654.contig2235	399	0	0
D3654.contig2236	399	0	0
D3654.contig2237	399	0	0
D3654.contig2238	399	0	0
D3654.contig2239	399	0	0
D3654.contig2240	399	0	0
D3654.contig2241	398	0	0
D3654.contig2242	398	0	0
D3654.contig2243	398	0	0
D3654.contig2244	398	0	0
D3654.contig2245	398	0	0
D3654.contig2246	398	0	0
D3654.contig2247	397	0	0
D3654.contig2248	397	0	0
D3654.contig2249	397	0	0
D3654.contig2250	397	0	0
D3654.contig2251	397	0	0
D3654.contig2252	397	0	0
D3654.contig2253	397	0	0
D3654.contig2254	396	0	0
D3654.contig2255	396	0	0
D3654.contig2256	396	0	0
D3654.contig2257	396	0	0
D3654.contig2258	396	0	0
D3654.contig2259	396	1	1
D3654.contig2260	396	0	0
D3654.contig2261	395	0	0
D3654.contig2262	395	0	0
D3654.contig2263	395	0	0
D3654.contig2264	395	0	0
D3654.contig2265	395	0	0
D3654.contig2266	395	0	0
D3654.contig2267	395	0	0
D3654.contig2268	395	0	0
D3654.contig2269	394	0	0
D3654.contig2270	394	0	0
D3654.contig2271	394	0	0
D3654.contig2272	394	0	0
D3654.contig2273	394	0	0
D3654.contig2274	393	0	0
D3654.contig2275	393	1991	458
D3654.contig2276	393	0	0
D3654.contig2277	393	0	0
D3654.contig2278	393	0	0
D3654.contig2279	393	0	0
D3654.contig2280	393	0	0
D3654.contig2281	392	0	0
D3654.contig2282	392	0	0
D3654.contig2283	392	0	0
D3654.contig2284	392	136	126
D3654.contig2285	392	0	0
D3654.contig2286	392	0	0
D3654.contig2287	392	0	0
D3654.contig2288	391	0	0
D3654.contig2289	391	0	0
D3654.contig2290	391	0	0
D3654.contig2291	391	0	0
D3654.contig2292	391	0	0
D3654.contig2293	391	0	0
D3654.contig2294	391	0	0
D3654.contig2295	390	0	0
D3654.contig2296	390	0	0
D3654.contig2297	390	0	0
D3654.contig2298	390	0	0
D3654.contig2299	390	0	0
D3654.contig2300	390	0	0
D3654.contig2301	390	0	0
D3654.contig2302	390	0	0
D3654.contig2303	389	0	0
D3654.contig2304	389	0	0
D3654.contig2305	389	0	0
D3654.contig2306	389	0	0
D3654.contig2307	389	0	0
D3654.contig2308	389	0	0
D3654.contig2309	389	0	0
D3654.contig2310	389	0	0
D3654.contig2311	389	0	0
D3654.contig2312	389	0	0
D3654.contig2313	388	0	0
D3654.contig2314	388	0	0
D3654.contig2315	388	0	0
D3654.contig2316	388	0	0
D3654.contig2317	388	0	0
D3654.contig2318	388	0	0
D3654.contig2319	388	0	0
D3654.contig2320	387	0	0
D3654.contig2321	387	0	0
D3654.contig2322	387	0	0
D3654.contig2323	387	0	0
D3654.contig2324	387	2	2
D3654.contig2325	387	0	0
D3654.contig2326	387	0	0
D3654.contig2327	386	0	0
D3654.contig2328	386	0	0
D3654.contig2329	386	0	0
D3654.contig2330	386	0	0
D3654.contig2331	386	0	0
D3654.contig2332	386	0	0
D3654.contig2333	386	0	0
D3654.contig2334	386	0	0
D3654.contig2335	386	0	0
D3654.contig2336	386	0	0
D3654.contig2337	386	0	0
D3654.contig2338	386	0	0
D3654.contig2339	386	0	0
D3654.contig2340	386	0	0
D3654.contig2341	385	0	0
D3654.contig2342	385	0	0
D3654.contig2343	385	0	0
D3654.contig2344	385	0	0
D3654.contig2345	385	2029	1770
D3654.contig2346	385	0	0
D3654.contig2347	385	0	0
D3654.contig2348	385	0	0
D3654.contig2349	385	0	0
D3654.contig2350	385	0	0
D3654.contig2351	385	0	0
D3654.contig2352	384	0	0
D3654.contig2353	384	0	0
D3654.contig2354	384	0	0
D3654.contig2355	384	0	0
D3654.contig2356	384	0	0
D3654.contig2357	384	0	0
D3654.contig2358	384	0	0
D3654.contig2359	384	0	0
D3654.contig2360	383	0	0
D3654.contig2361	383	0	0
D3654.contig2362	383	0	0
D3654.contig2363	383	0	0
D3654.contig2364	383	0	0
D3654.contig2365	383	16	7
D3654.contig2366	383	0	0
D3654.contig2367	383	0	0
D3654.contig2368	383	0	0
D3654.contig2369	382	0	0
D3654.contig2370	382	0	0
D3654.contig2371	382	0	0
D3654.contig2372	382	0	0
D3654.contig2373	382	27	23
D3654.contig2374	381	0	0
D3654.contig2375	381	0	0
D3654.contig2376	381	0	0
D3654.contig2377	381	0	0
D3654.contig2378	381	0	0
D3654.contig2379	381	0	0
D3654.contig2380	381	0	0
D3654.contig2381	381	0	0
D3654.contig2382	380	0	0
D3654.contig2383	380	0	0
D3654.contig2384	380	1	1
D3654.contig2385	380	0	0
D3654.contig2386	380	0	0
D3654.contig2387	380	0	0
D3654.contig2388	380	0	0
D3654.contig2389	380	0	0
D3654.contig2390	380	0	0
D3654.contig2391	380	0	0
D3654.contig2392	380	0	0
D3654.contig2393	380	0	0
D3654.contig2394	379	0	0
D3654.contig2395	379	0	0
D3654.contig2396	379	0	0
D3654.contig2397	379	0	0
D3654.contig2398	379	0	0
D3654.contig2399	379	0	0
D3654.contig2400	379	0	0
D3654.contig2401	379	0	0
D3654.contig2402	378	0	0
D3654.contig2403	378	0	0
D3654.contig2404	378	0	0
D3654.contig2405	378	0	0
D3654.contig2406	378	0	0
D3654.contig2407	377	0	0
D3654.contig2408	377	0	0
D3654.contig2409	377	0	0
D3654.contig2410	377	0	0
D3654.contig2411	377	0	0
D3654.contig2412	377	0	0
D3654.contig2413	376	0	0
D3654.contig2414	376	0	0
D3654.contig2415	376	0	0
D3654.contig2416	376	0	0
D3654.contig2417	375	0	0
D3654.contig2418	375	0	0
D3654.contig2419	375	0	0
D3654.contig2420	375	0	0
D3654.contig2421	375	0	0
D3654.contig2422	374	0	0
D3654.contig2423	374	0	0
D3654.contig2424	374	0	0
D3654.contig2425	374	0	0
D3654.contig2426	374	0	0
D3654.contig2427	374	0	0
D3654.contig2428	374	729	292
D3654.contig2429	374	0	0
D3654.contig2430	373	0	0
D3654.contig2431	373	0	0
D3654.contig2432	372	0	0
D3654.contig2433	372	0	0
D3654.contig2434	372	0	0
D3654.contig2435	372	0	0
D3654.contig2436	372	0	0
D3654.contig2437	372	0	0
D3654.contig2438	372	0	0
D3654.contig2439	372	0	0
D3654.contig2440	372	0	0
D3654.contig2441	371	0	0
D3654.contig2442	371	0	0
D3654.contig2443	371	0	0
D3654.contig2444	370	0	0
D3654.contig2445	370	0	0
D3654.contig2446	370	0	0
D3654.contig2447	370	0	0
D3654.contig2448	370	0	0
D3654.contig2449	369	0	0
D3654.contig2450	369	0	0
D3654.contig2451	369	0	0
D3654.contig2452	369	0	0
D3654.contig2453	369	0	0
D3654.contig2454	369	0	0
D3654.contig2455	368	0	0
D3654.contig2456	368	0	0
D3654.contig2457	368	0	0
D3654.contig2458	368	0	0
D3654.contig2459	368	0	0
D3654.contig2460	368	0	0
D3654.contig2461	368	0	0
D3654.contig2462	368	0	0
D3654.contig2463	367	0	0
D3654.contig2464	367	0	0
D3654.contig2465	367	0	0
D3654.contig2466	367	0	0
D3654.contig2467	366	0	0
D3654.contig2468	366	0	0
D3654.contig2469	366	0	0
D3654.contig2470	366	0	0
D3654.contig2471	366	0	0
D3654.contig2472	366	0	0
D3654.contig2473	366	0	0
D3654.contig2474	366	0	0
D3654.contig2475	365	0	0
D3654.contig2476	365	0	0
D3654.contig2477	365	0	0
D3654.contig2478	365	0	0
D3654.contig2479	364	0	0
D3654.contig2480	364	0	0
D3654.contig2481	364	0	0
D3654.contig2482	364	0	0
D3654.contig2483	364	1	1
D3654.contig2484	364	0	0
D3654.contig2485	364	0	0
D3654.contig2486	364	0	0
D3654.contig2487	364	0	0
D3654.contig2488	363	0	0
D3654.contig2489	363	0	0
D3654.contig2490	363	0	0
D3654.contig2491	363	0	0
D3654.contig2492	363	0	0
D3654.contig2493	363	0	0
D3654.contig2494	363	0	0
D3654.contig2495	363	0	0
D3654.contig2496	363	0	0
D3654.contig2497	362	0	0
D3654.contig2498	362	0	0
D3654.contig2499	362	0	0
D3654.contig2500	362	0	0
D3654.contig2501	362	0	0
D3654.contig2502	362	0	0
D3654.contig2503	362	0	0
D3654.contig2504	362	0	0
D3654.contig2505	362	0	0
D3654.contig2506	362	0	0
D3654.contig2507	362	0	0
D3654.contig2508	362	0	0
D3654.contig2509	362	0	0
D3654.contig2510	361	0	0
D3654.contig2511	361	0	0
D3654.contig2512	361	2119	1959
D3654.contig2513	361	0	0
D3654.contig2514	361	0	0
D3654.contig2515	361	0	0
D3654.contig2516	360	0	0
D3654.contig2517	360	0	0
D3654.contig2518	360	0	0
D3654.contig2519	359	0	0
D3654.contig2520	359	0	0
D3654.contig2521	359	0	0
D3654.contig2522	359	38	18
D3654.contig2523	359	0	0
D3654.contig2524	359	191418	116790
D3654.contig2525	359	0	0
D3654.contig2526	359	0	0
D3654.contig2527	358	0	0
D3654.contig2528	358	1177	673
D3654.contig2529	358	0	0
D3654.contig2530	358	0	0
D3654.contig2531	358	0	0
D3654.contig2532	357	0	0
D3654.contig2533	357	0	0
D3654.contig2534	357	22	8
D3654.contig2535	357	0	0
D3654.contig2536	357	0	0
D3654.contig2537	357	0	0
D3654.contig2538	357	0	0
D3654.contig2539	356	0	0
D3654.contig2540	356	0	0
D3654.contig2541	356	0	0
D3654.contig2542	356	0	0
D3654.contig2543	356	0	0
D3654.contig2544	356	0	0
D3654.contig2545	356	0	0
D3654.contig2546	356	0	0
D3654.contig2547	356	0	0
D3654.contig2548	355	0	0
D3654.contig2549	355	0	0
D3654.contig2550	355	0	0
D3654.contig2551	355	0	0
D3654.contig2552	355	0	0
D3654.contig2553	355	0	0
D3654.contig2554	355	0	0
D3654.contig2555	355	0	0
D3654.contig2556	355	0	0
D3654.contig2557	355	0	0
D3654.contig2558	355	0	0
D3654.contig2559	354	0	0
D3654.contig2560	354	0	0
D3654.contig2561	354	0	0
D3654.contig2562	354	0	0
D3654.contig2563	354	0	0
D3654.contig2564	354	0	0
D3654.contig2565	354	0	0
D3654.contig2566	354	0	0
D3654.contig2567	354	0	0
D3654.contig2568	354	0	0
D3654.contig2569	354	0	0
D3654.contig2570	354	0	0
D3654.contig2571	354	0	0
D3654.contig2572	354	0	0
D3654.contig2573	353	0	0
D3654.contig2574	353	0	0
D3654.contig2575	353	0	0
D3654.contig2576	353	0	0
D3654.contig2577	353	0	0
D3654.contig2578	353	0	0
D3654.contig2579	353	0	0
D3654.contig2580	353	0	0
D3654.contig2581	352	0	0
D3654.contig2582	352	0	0
D3654.contig2583	352	0	0
D3654.contig2584	352	0	0
D3654.contig2585	352	0	0
D3654.contig2586	352	0	0
D3654.contig2587	352	0	0
D3654.contig2588	352	0	0
D3654.contig2589	352	0	0
D3654.contig2590	352	0	0
D3654.contig2591	352	0	0
D3654.contig2592	351	0	0
D3654.contig2593	351	0	0
D3654.contig2594	351	0	0
D3654.contig2595	351	0	0
D3654.contig2596	351	454	291
D3654.contig2597	351	0	0
D3654.contig2598	351	0	0
D3654.contig2599	351	0	0
D3654.contig2600	351	0	0
D3654.contig2601	351	0	0
D3654.contig2602	350	0	0
D3654.contig2603	350	0	0
D3654.contig2604	350	0	0
D3654.contig2605	350	0	0
D3654.contig2606	350	0	0
D3654.contig2607	350	0	0
D3654.contig2608	350	0	0
D3654.contig2609	350	0	0
D3654.contig2610	350	0	0
D3654.contig2611	350	0	0
D3654.contig2612	349	0	0
D3654.contig2613	349	0	0
D3654.contig2614	349	0	0
D3654.contig2615	347	0	0
D3654.contig2616	347	0	0
D3654.contig2617	347	0	0
D3654.contig2618	347	0	0
D3654.contig2619	347	0	0
D3654.contig2620	347	1	1
D3654.contig2621	346	0	0
D3654.contig2622	346	0	0
D3654.contig2623	345	0	0
D3654.contig2624	345	0	0
D3654.contig2625	345	0	0
D3654.contig2626	345	0	0
D3654.contig2627	345	0	0
D3654.contig2628	345	0	0
D3654.contig2629	345	0	0
D3654.contig2630	345	0	0
D3654.contig2631	345	0	0
D3654.contig2632	344	0	0
D3654.contig2633	344	0	0
D3654.contig2634	344	0	0
D3654.contig2635	344	0	0
D3654.contig2636	344	0	0
D3654.contig2637	344	0	0
D3654.contig2638	344	0	0
D3654.contig2639	344	0	0
D3654.contig2640	343	0	0
D3654.contig2641	343	0	0
D3654.contig2642	343	0	0
D3654.contig2643	343	0	0
D3654.contig2644	343	0	0
D3654.contig2645	343	3	1
D3654.contig2646	343	0	0
D3654.contig2647	343	0	0
D3654.contig2648	343	0	0
D3654.contig2649	343	0	0
D3654.contig2650	342	0	0
D3654.contig2651	342	0	0
D3654.contig2652	342	0	0
D3654.contig2653	342	0	0
D3654.contig2654	342	0	0
D3654.contig2655	342	0	0
D3654.contig2656	342	0	0
D3654.contig2657	342	0	0
D3654.contig2658	342	0	0
D3654.contig2659	341	0	0
D3654.contig2660	341	0	0
D3654.contig2661	341	0	0
D3654.contig2662	341	0	0
D3654.contig2663	341	0	0
D3654.contig2664	341	0	0
D3654.contig2665	340	0	0
D3654.contig2666	340	0	0
D3654.contig2667	340	0	0
D3654.contig2668	340	0	0
D3654.contig2669	340	0	0
D3654.contig2670	340	0	0
D3654.contig2671	340	0	0
D3654.contig2672	340	0	0
D3654.contig2673	340	0	0
D3654.contig2674	340	0	0
D3654.contig2675	339	0	0
D3654.contig2676	339	0	0
D3654.contig2677	339	0	0
D3654.contig2678	339	0	0
D3654.contig2679	339	0	0
D3654.contig2680	339	0	0
D3654.contig2681	339	0	0
D3654.contig2682	339	0	0
D3654.contig2683	339	0	0
D3654.contig2684	339	0	0
D3654.contig2685	339	0	0
D3654.contig2686	339	0	0
D3654.contig2687	339	0	0
D3654.contig2688	338	0	0
D3654.contig2689	338	0	0
D3654.contig2690	338	0	0
D3654.contig2691	338	0	0
D3654.contig2692	338	0	0
D3654.contig2693	338	0	0
D3654.contig2694	338	0	0
D3654.contig2695	338	0	0
D3654.contig2696	338	0	0
D3654.contig2697	337	0	0
D3654.contig2698	337	0	0
D3654.contig2699	337	0	0
D3654.contig2700	337	0	0
D3654.contig2701	337	0	0
D3654.contig2702	337	0	0
D3654.contig2703	337	0	0
D3654.contig2704	337	0	0
D3654.contig2705	337	5	3
D3654.contig2706	337	0	0
D3654.contig2707	337	0	0
D3654.contig2708	336	0	0
D3654.contig2709	336	0	0
D3654.contig2710	336	0	0
D3654.contig2711	336	0	0
D3654.contig2712	336	2	2
D3654.contig2713	336	0	0
D3654.contig2714	336	0	0
D3654.contig2715	336	0	0
D3654.contig2716	335	0	0
D3654.contig2717	335	0	0
D3654.contig2718	335	0	0
D3654.contig2719	335	0	0
D3654.contig2720	335	0	0
D3654.contig2721	335	0	0
D3654.contig2722	334	0	0
D3654.contig2723	334	0	0
D3654.contig2724	334	0	0
D3654.contig2725	334	0	0
D3654.contig2726	334	487	204
D3654.contig2727	334	2	2
D3654.contig2728	334	0	0
D3654.contig2729	334	0	0
D3654.contig2730	333	0	0
D3654.contig2731	333	0	0
D3654.contig2732	333	0	0
D3654.contig2733	333	0	0
D3654.contig2734	333	0	0
D3654.contig2735	333	0	0
D3654.contig2736	333	0	0
D3654.contig2737	333	0	0
D3654.contig2738	333	0	0
D3654.contig2739	333	0	0
D3654.contig2740	332	0	0
D3654.contig2741	332	0	0
D3654.contig2742	332	0	0
D3654.contig2743	332	0	0
D3654.contig2744	332	0	0
D3654.contig2745	332	0	0
D3654.contig2746	332	0	0
D3654.contig2747	332	0	0
D3654.contig2748	332	0	0
D3654.contig2749	332	0	0
D3654.contig2750	331	0	0
D3654.contig2751	331	0	0
D3654.contig2752	331	0	0
D3654.contig2753	331	0	0
D3654.contig2754	331	0	0
D3654.contig2755	331	0	0
D3654.contig2756	331	0	0
D3654.contig2757	331	0	0
D3654.contig2758	331	0	0
D3654.contig2759	331	0	0
D3654.contig2760	331	0	0
D3654.contig2761	330	0	0
D3654.contig2762	330	0	0
D3654.contig2763	330	0	0
D3654.contig2764	330	2	2
D3654.contig2765	330	0	0
D3654.contig2766	330	0	0
D3654.contig2767	330	0	0
D3654.contig2768	330	0	0
D3654.contig2769	329	0	0
D3654.contig2770	329	0	0
D3654.contig2771	329	0	0
D3654.contig2772	329	0	0
D3654.contig2773	329	0	0
D3654.contig2774	328	0	0
D3654.contig2775	328	0	0
D3654.contig2776	328	0	0
D3654.contig2777	328	0	0
D3654.contig2778	328	0	0
D3654.contig2779	328	0	0
D3654.contig2780	328	0	0
D3654.contig2781	328	0	0
D3654.contig2782	328	0	0
D3654.contig2783	327	0	0
D3654.contig2784	327	0	0
D3654.contig2785	327	0	0
D3654.contig2786	327	0	0
D3654.contig2787	327	0	0
D3654.contig2788	327	0	0
D3654.contig2789	327	0	0
D3654.contig2790	327	0	0
D3654.contig2791	327	0	0
D3654.contig2792	327	0	0
D3654.contig2793	327	0	0
D3654.contig2794	327	0	0
D3654.contig2795	326	0	0
D3654.contig2796	326	0	0
D3654.contig2797	326	0	0
D3654.contig2798	326	0	0
D3654.contig2799	326	0	0
D3654.contig2800	326	0	0
D3654.contig2801	326	0	0
D3654.contig2802	326	0	0
D3654.contig2803	326	0	0
D3654.contig2804	326	0	0
D3654.contig2805	326	0	0
D3654.contig2806	326	0	0
D3654.contig2807	326	0	0
D3654.contig2808	325	0	0
D3654.contig2809	325	0	0
D3654.contig2810	325	0	0
D3654.contig2811	325	0	0
D3654.contig2812	325	0	0
D3654.contig2813	325	0	0
D3654.contig2814	325	0	0
D3654.contig2815	325	0	0
D3654.contig2816	325	0	0
D3654.contig2817	325	0	0
D3654.contig2818	325	0	0
D3654.contig2819	325	0	0
D3654.contig2820	325	4	2
D3654.contig2821	324	0	0
D3654.contig2822	324	0	0
D3654.contig2823	324	0	0
D3654.contig2824	324	0	0
D3654.contig2825	324	0	0
D3654.contig2826	323	0	0
D3654.contig2827	323	0	0
D3654.contig2828	323	0	0
D3654.contig2829	323	0	0
D3654.contig2830	323	0	0
D3654.contig2831	323	0	0
D3654.contig2832	323	0	0
D3654.contig2833	323	0	0
D3654.contig2834	323	0	0
D3654.contig2835	323	0	0
D3654.contig2836	322	0	0
D3654.contig2837	322	0	0
D3654.contig2838	322	0	0
D3654.contig2839	322	0	0
D3654.contig2840	322	0	0
D3654.contig2841	322	0	0
D3654.contig2842	322	0	0
D3654.contig2843	322	0	0
D3654.contig2844	322	0	0
D3654.contig2845	321	0	0
D3654.contig2846	321	0	0
D3654.contig2847	321	0	0
D3654.contig2848	321	0	0
D3654.contig2849	321	0	0
D3654.contig2850	321	0	0
D3654.contig2851	321	0	0
D3654.contig2852	321	0	0
D3654.contig2853	321	0	0
D3654.contig2854	321	0	0
D3654.contig2855	321	0	0
D3654.contig2856	321	0	0
D3654.contig2857	321	0	0
D3654.contig2858	321	0	0
D3654.contig2859	321	0	0
D3654.contig2860	321	0	0
D3654.contig2861	320	0	0
D3654.contig2862	320	0	0
D3654.contig2863	320	0	0
D3654.contig2864	320	0	0
D3654.contig2865	320	0	0
D3654.contig2866	320	0	0
D3654.contig2867	320	0	0
D3654.contig2868	320	0	0
D3654.contig2869	319	0	0
D3654.contig2870	319	0	0
D3654.contig2871	319	0	0
D3654.contig2872	319	0	0
D3654.contig2873	319	0	0
D3654.contig2874	319	0	0
D3654.contig2875	319	0	0
D3654.contig2876	318	0	0
D3654.contig2877	318	0	0
D3654.contig2878	318	0	0
D3654.contig2879	318	0	0
D3654.contig2880	318	0	0
D3654.contig2881	318	0	0
D3654.contig2882	318	0	0
D3654.contig2883	318	0	0
D3654.contig2884	318	0	0
D3654.contig2885	318	0	0
D3654.contig2886	318	0	0
D3654.contig2887	318	0	0
D3654.contig2888	317	0	0
D3654.contig2889	317	0	0
D3654.contig2890	317	0	0
D3654.contig2891	317	0	0
D3654.contig2892	317	0	0
D3654.contig2893	317	0	0
D3654.contig2894	317	0	0
D3654.contig2895	317	0	0
D3654.contig2896	317	0	0
D3654.contig2897	316	0	0
D3654.contig2898	316	0	0
D3654.contig2899	316	0	0
D3654.contig2900	316	0	0
D3654.contig2901	316	0	0
D3654.contig2902	316	0	0
D3654.contig2903	316	0	0
D3654.contig2904	316	0	0
D3654.contig2905	315	0	0
D3654.contig2906	315	0	0
D3654.contig2907	315	0	0
D3654.contig2908	315	0	0
D3654.contig2909	315	0	0
D3654.contig2910	315	0	0
D3654.contig2911	315	0	0
D3654.contig2912	315	0	0
D3654.contig2913	315	0	0
D3654.contig2914	315	0	0
D3654.contig2915	314	0	0
D3654.contig2916	314	0	0
D3654.contig2917	314	0	0
D3654.contig2918	314	0	0
D3654.contig2919	314	0	0
D3654.contig2920	314	0	0
D3654.contig2921	314	0	0
D3654.contig2922	314	0	0
D3654.contig2923	313	0	0
D3654.contig2924	313	0	0
D3654.contig2925	313	0	0
D3654.contig2926	313	0	0
D3654.contig2927	313	0	0
D3654.contig2928	313	0	0
D3654.contig2929	313	0	0
D3654.contig2930	313	0	0
D3654.contig2931	313	0	0
D3654.contig2932	313	0	0
D3654.contig2933	313	0	0
D3654.contig2934	313	0	0
D3654.contig2935	313	0	0
D3654.contig2936	313	16	14
D3654.contig2937	313	0	0
D3654.contig2938	312	0	0
D3654.contig2939	312	1024	781
D3654.contig2940	312	0	0
D3654.contig2941	312	0	0
D3654.contig2942	312	0	0
D3654.contig2943	312	0	0
D3654.contig2944	312	0	0
D3654.contig2945	312	0	0
D3654.contig2946	312	0	0
D3654.contig2947	312	0	0
D3654.contig2948	312	0	0
D3654.contig2949	311	0	0
D3654.contig2950	311	0	0
D3654.contig2951	311	0	0
D3654.contig2952	311	0	0
D3654.contig2953	311	0	0
D3654.contig2954	311	0	0
D3654.contig2955	311	0	0
D3654.contig2956	311	0	0
D3654.contig2957	311	0	0
D3654.contig2958	311	0	0
D3654.contig2959	311	0	0
D3654.contig2960	310	0	0
D3654.contig2961	310	0	0
D3654.contig2962	310	0	0
D3654.contig2963	310	0	0
D3654.contig2964	310	0	0
D3654.contig2965	310	0	0
D3654.contig2966	310	0	0
D3654.contig2967	310	0	0
D3654.contig2968	310	0	0
D3654.contig2969	310	0	0
D3654.contig2970	309	0	0
D3654.contig2971	309	0	0
D3654.contig2972	309	0	0
D3654.contig2973	309	0	0
D3654.contig2974	309	0	0
D3654.contig2975	309	0	0
D3654.contig2976	309	0	0
D3654.contig2977	309	0	0
D3654.contig2978	309	0	0
D3654.contig2979	309	0	0
D3654.contig2980	309	0	0
D3654.contig2981	309	0	0
D3654.contig2982	308	0	0
D3654.contig2983	308	0	0
D3654.contig2984	308	0	0
D3654.contig2985	308	0	0
D3654.contig2986	308	0	0
D3654.contig2987	308	1	1
D3654.contig2988	308	0	0
D3654.contig2989	308	0	0
D3654.contig2990	308	0	0
D3654.contig2991	308	0	0
D3654.contig2992	308	0	0
D3654.contig2993	308	0	0
D3654.contig2994	307	0	0
D3654.contig2995	307	0	0
D3654.contig2996	307	0	0
D3654.contig2997	307	0	0
D3654.contig2998	307	0	0
D3654.contig2999	307	2006	1386
D3654.contig3000	307	0	0
D3654.contig3001	307	0	0
D3654.contig3002	307	0	0
D3654.contig3003	307	0	0
D3654.contig3004	307	0	0
D3654.contig3005	307	0	0
D3654.contig3006	306	0	0
D3654.contig3007	306	0	0
D3654.contig3008	306	0	0
D3654.contig3009	306	0	0
D3654.contig3010	306	0	0
D3654.contig3011	306	0	0
D3654.contig3012	306	0	0
D3654.contig3013	306	0	0
D3654.contig3014	306	0	0
D3654.contig3015	306	0	0
D3654.contig3016	306	0	0
D3654.contig3017	305	0	0
D3654.contig3018	305	0	0
D3654.contig3019	305	0	0
D3654.contig3020	305	0	0
D3654.contig3021	305	0	0
D3654.contig3022	305	2	1
D3654.contig3023	305	44	24
D3654.contig3024	305	0	0
D3654.contig3025	304	0	0
D3654.contig3026	304	0	0
D3654.contig3027	304	0	0
D3654.contig3028	304	0	0
D3654.contig3029	304	0	0
D3654.contig3030	304	0	0
D3654.contig3031	304	0	0
D3654.contig3032	304	0	0
D3654.contig3033	304	0	0
D3654.contig3034	303	0	0
D3654.contig3035	303	0	0
D3654.contig3036	303	0	0
D3654.contig3037	303	0	0
D3654.contig3038	303	0	0
D3654.contig3039	303	0	0
D3654.contig3040	303	0	0
D3654.contig3041	303	0	0
D3654.contig3042	303	0	0
D3654.contig3043	303	0	0
D3654.contig3044	303	0	0
D3654.contig3045	303	0	0
D3654.contig3046	302	0	0
D3654.contig3047	302	0	0
D3654.contig3048	302	0	0
D3654.contig3049	302	0	0
D3654.contig3050	302	0	0
D3654.contig3051	302	0	0
D3654.contig3052	302	1	0
D3654.contig3053	302	0	0
D3654.contig3054	301	0	0
D3654.contig3055	301	0	0
D3654.contig3056	301	0	0
D3654.contig3057	301	0	0
D3654.contig3058	301	1	1
D3654.contig3059	301	0	0
D3654.contig3060	301	0	0
D3654.contig3061	301	0	0
D3654.contig3062	301	0	0
D3654.contig3063	301	0	0
D3654.contig3064	301	0	0
D3654.contig3065	300	0	0
D3654.contig3066	300	0	0
D3654.contig3067	300	0	0
D3654.contig3068	300	0	0
D3654.contig3069	300	0	0
D3654.contig3070	300	0	0
D3654.contig3071	300	0	0
D3654.contig3072	300	0	0
D3654.contig3073	300	0	0
D3654.contig3074	300	0	0
D3654.contig3075	300	0	0
*	0	0	99536376
