R3730.contig1	1678	1204279	194481
R3730.contig2	1239	3847532	175039
R3730.contig3	1041	352585	42471
R3730.contig4	918	800550	76648
R3730.contig5	861	0	0
R3730.contig6	786	62145	14283
R3730.contig7	737	2278895	152308
R3730.contig8	634	5068	230
R3730.contig9	626	0	0
R3730.contig10	624	14268	2057
R3730.contig11	616	39027	9010
R3730.contig12	563	4	0
R3730.contig13	543	211330	52969
R3730.contig14	542	278	95
R3730.contig15	542	0	0
R3730.contig16	528	283010	23024
R3730.contig17	518	245648	27023
R3730.contig18	515	0	0
R3730.contig19	509	0	0
R3730.contig20	484	0	0
R3730.contig21	479	6697	325
R3730.contig22	450	271	17
R3730.contig23	440	1604	153
R3730.contig24	434	44	3
R3730.contig25	429	4043	2037
R3730.contig26	401	0	0
R3730.contig27	399	233	15
R3730.contig28	395	220	38
R3730.contig29	375	0	0
R3730.contig30	367	0	0
R3730.contig31	364	59833	6027
R3730.contig32	364	2	0
R3730.contig33	363	0	0
R3730.contig34	337	0	0
R3730.contig35	327	0	0
R3730.contig36	324	0	0
R3730.contig37	314	0	0
R3730.contig38	314	940	65
*	0	0	17161274
