R3981.contig1	2105	495542	16425
R3981.contig2	2073	512029	17094
R3981.contig3	1756	58276	801
R3981.contig4	1721	105067	2045
R3981.contig5	1400	25506	335
R3981.contig6	1343	96275	4780
R3981.contig7	1341	45714	118
R3981.contig8	1162	996	18
R3981.contig9	1158	19366	2869
R3981.contig10	1097	194	18
R3981.contig11	1054	38563	738
R3981.contig12	1022	59514	1955
R3981.contig13	948	9529	392
R3981.contig14	944	153533	25462
R3981.contig15	931	16542	469
R3981.contig16	887	10823	972
R3981.contig17	859	58584	2756
R3981.contig18	854	26030	993
R3981.contig19	851	221	2
R3981.contig20	844	4617	171
R3981.contig21	793	9889	868
R3981.contig22	779	227	11
R3981.contig23	776	328	2
R3981.contig24	766	4503	1931
R3981.contig25	742	8672	493
R3981.contig26	740	69	3
R3981.contig27	722	39	2
R3981.contig28	716	637	42
R3981.contig29	697	123474	46530
R3981.contig30	694	34765	4749
R3981.contig31	689	18414	376
R3981.contig32	637	13557	1355
R3981.contig33	635	9728	1213
R3981.contig34	626	71917	2854
R3981.contig35	621	2695	45
R3981.contig36	591	29056	1021
R3981.contig37	589	102465	3312
R3981.contig38	581	55	7
R3981.contig39	566	1474	44
R3981.contig40	563	214944	11642
R3981.contig41	558	35	3
R3981.contig42	554	1884	99
R3981.contig43	553	20604	3799
R3981.contig44	539	1794	154
R3981.contig45	532	1834	354
R3981.contig46	529	656	72
R3981.contig47	528	4373	113
R3981.contig48	528	40	10
R3981.contig49	524	22	2
R3981.contig50	515	70777	3667
R3981.contig51	513	2961	183
R3981.contig52	509	1029	43
R3981.contig53	500	33926	7561
R3981.contig54	500	19667	1157
R3981.contig55	487	38	0
R3981.contig56	483	848	210
R3981.contig57	481	1047	55
R3981.contig58	479	57584	3779
R3981.contig59	474	5349	377
R3981.contig60	471	36129	6949
R3981.contig61	470	69115	17447
R3981.contig62	469	1670	96
R3981.contig63	467	1480	99
R3981.contig64	464	43156	4718
R3981.contig65	456	367	8
R3981.contig66	451	3016	898
R3981.contig67	451	7971	300
R3981.contig68	446	199	5
R3981.contig69	446	2472	507
R3981.contig70	446	91	4
R3981.contig71	443	323	65
R3981.contig72	442	571	12
R3981.contig73	442	132564	32021
R3981.contig74	440	11101	2101
R3981.contig75	440	86	10
R3981.contig76	435	1280	251
R3981.contig77	431	1439	83
R3981.contig78	430	47	3
R3981.contig79	426	119	22
R3981.contig80	423	6058	732
R3981.contig81	422	48362	9749
R3981.contig82	416	26	10
R3981.contig83	410	9087	2637
R3981.contig84	406	1178	155
R3981.contig85	406	13542	1772
R3981.contig86	401	1560	113
R3981.contig87	399	53315	11568
R3981.contig88	396	28115	3550
R3981.contig89	394	18	4
R3981.contig90	393	17704	445
R3981.contig91	392	74	13
R3981.contig92	389	10203	603
R3981.contig93	388	22842	1028
R3981.contig94	388	23996	871
R3981.contig95	379	898	96
R3981.contig96	379	8677	1855
R3981.contig97	378	924	146
R3981.contig98	377	8625	238
R3981.contig99	374	1575	133
R3981.contig100	371	1247	56
R3981.contig101	369	158	4
R3981.contig102	369	12	2
R3981.contig103	368	116057	45937
R3981.contig104	364	28597	5964
R3981.contig105	363	2914	155
R3981.contig106	362	7	1
R3981.contig107	361	34	2
R3981.contig108	360	26875	5184
R3981.contig109	357	169	6
R3981.contig110	357	10061	311
R3981.contig111	356	852	39
R3981.contig112	349	71	9
R3981.contig113	348	3132	299
R3981.contig114	348	8945	3809
R3981.contig115	342	1789	60
R3981.contig116	341	27	4
R3981.contig117	333	38	4
R3981.contig118	332	392	10
R3981.contig119	332	7813	320
R3981.contig120	331	11435	1442
R3981.contig121	330	220	8
R3981.contig122	322	2578	235
R3981.contig123	320	4240	296
R3981.contig124	308	16662	1353
R3981.contig125	303	49954	2909
R3981.contig126	302	5	3
*	0	0	869408
