D3854.contig1	94157	133	13
D3854.contig2	62213	22	3
D3854.contig3	51074	0	0
D3854.contig4	41397	1	1
D3854.contig5	40711	47	27
D3854.contig6	40039	2	0
D3854.contig7	38421	17	3
D3854.contig8	31330	73	43
D3854.contig9	29943	4	0
D3854.contig10	26705	0	0
D3854.contig11	25447	2	0
D3854.contig12	23780	4	2
D3854.contig13	22281	4	2
D3854.contig14	21821	28	26
D3854.contig15	21765	7	1
D3854.contig16	20276	395	315
D3854.contig17	18251	32	8
D3854.contig18	18083	0	0
D3854.contig19	17481	5	1
D3854.contig20	16673	59	7
D3854.contig21	16207	0	0
D3854.contig22	15992	28	24
D3854.contig23	15896	9	1
D3854.contig24	15391	0	0
D3854.contig25	15049	1	1
D3854.contig26	14976	19	11
D3854.contig27	14302	0	0
D3854.contig28	13848	3	1
D3854.contig29	12789	0	0
D3854.contig30	11897	101	87
D3854.contig31	11841	0	0
D3854.contig32	11713	17	1
D3854.contig33	11699	3	1
D3854.contig34	11585	0	0
D3854.contig35	11466	0	0
D3854.contig36	11108	0	0
D3854.contig37	10125	0	0
D3854.contig38	9940	0	0
D3854.contig39	9815	0	0
D3854.contig40	8995	0	0
D3854.contig41	8305	0	0
D3854.contig42	8283	0	0
D3854.contig43	8164	0	0
D3854.contig44	8132	0	0
D3854.contig45	7827	7	1
D3854.contig46	7824	0	0
D3854.contig47	7662	4	0
D3854.contig48	7518	2	0
D3854.contig49	7501	0	0
D3854.contig50	7347	11	5
D3854.contig51	7269	0	0
D3854.contig52	7069	2	0
D3854.contig53	7024	0	0
D3854.contig54	6650	1	1
D3854.contig55	6440	0	0
D3854.contig56	6416	4	2
D3854.contig57	6392	5	1
D3854.contig58	6233	2	0
D3854.contig59	6104	0	0
D3854.contig60	6039	0	0
D3854.contig61	5788	0	0
D3854.contig62	5773	0	0
D3854.contig63	5761	1	1
D3854.contig64	5758	8	0
D3854.contig65	5713	1	1
D3854.contig66	5710	0	0
D3854.contig67	5492	0	0
D3854.contig68	5395	16	0
D3854.contig69	5111	6	0
D3854.contig70	4892	0	0
D3854.contig71	4855	0	0
D3854.contig72	4828	0	0
D3854.contig73	4744	0	0
D3854.contig74	4735	0	0
D3854.contig75	4692	16	0
D3854.contig76	4680	0	0
D3854.contig77	4665	0	0
D3854.contig78	4630	0	0
D3854.contig79	4572	0	0
D3854.contig80	4566	6	0
D3854.contig81	4375	1	1
D3854.contig82	4303	0	0
D3854.contig83	4138	0	0
D3854.contig84	4106	3	1
D3854.contig85	4054	0	0
D3854.contig86	4039	1	1
D3854.contig87	4038	5	0
D3854.contig88	3904	0	0
D3854.contig89	3854	0	0
D3854.contig90	3803	1	1
D3854.contig91	3721	0	0
D3854.contig92	3509	255	245
D3854.contig93	3416	0	0
D3854.contig94	3409	0	0
D3854.contig95	3375	0	0
D3854.contig96	3353	0	0
D3854.contig97	3323	1	1
D3854.contig98	3292	0	0
D3854.contig99	3248	0	0
D3854.contig100	3145	0	0
D3854.contig101	3142	0	0
D3854.contig102	3085	0	0
D3854.contig103	3043	1	1
D3854.contig104	3008	0	0
D3854.contig105	2968	1	1
D3854.contig106	2941	0	0
D3854.contig107	2903	0	0
D3854.contig108	2900	2	0
D3854.contig109	2824	0	0
D3854.contig110	2805	0	0
D3854.contig111	2805	0	0
D3854.contig112	2804	278	264
D3854.contig113	2764	0	0
D3854.contig114	2744	0	0
D3854.contig115	2709	4	2
D3854.contig116	2684	8	0
D3854.contig117	2666	0	0
D3854.contig118	2620	1	1
D3854.contig119	2605	3	1
D3854.contig120	2569	0	0
D3854.contig121	2558	0	0
D3854.contig122	2551	0	0
D3854.contig123	2525	104	104
D3854.contig124	2490	0	0
D3854.contig125	2489	0	0
D3854.contig126	2485	0	0
D3854.contig127	2467	2	0
D3854.contig128	2439	0	0
D3854.contig129	2424	1	1
D3854.contig130	2417	0	0
D3854.contig131	2408	0	0
D3854.contig132	2343	10	0
D3854.contig133	2339	0	0
D3854.contig134	2338	0	0
D3854.contig135	2330	0	0
D3854.contig136	2313	0	0
D3854.contig137	2302	0	0
D3854.contig138	2273	8	8
D3854.contig139	2256	8	0
D3854.contig140	2246	2	1
D3854.contig141	2240	0	0
D3854.contig142	2231	0	0
D3854.contig143	2226	0	0
D3854.contig144	2226	0	0
D3854.contig145	2178	0	0
D3854.contig146	2141	0	0
D3854.contig147	2120	0	0
D3854.contig148	2110	0	0
D3854.contig149	2109	66	26
D3854.contig150	2109	0	0
D3854.contig151	2106	0	0
D3854.contig152	2087	0	0
D3854.contig153	2086	1	1
D3854.contig154	2083	0	0
D3854.contig155	2016	0	0
D3854.contig156	2012	2	2
D3854.contig157	1982	0	0
D3854.contig158	1981	0	0
D3854.contig159	1978	0	0
D3854.contig160	1972	0	0
D3854.contig161	1949	0	0
D3854.contig162	1948	0	0
D3854.contig163	1945	0	0
D3854.contig164	1944	0	0
D3854.contig165	1939	0	0
D3854.contig166	1934	0	0
D3854.contig167	1912	0	0
D3854.contig168	1908	0	0
D3854.contig169	1908	0	0
D3854.contig170	1900	0	0
D3854.contig171	1879	0	0
D3854.contig172	1817	0	0
D3854.contig173	1815	0	0
D3854.contig174	1769	0	0
D3854.contig175	1763	0	0
D3854.contig176	1742	0	0
D3854.contig177	1739	0	0
D3854.contig178	1727	0	0
D3854.contig179	1723	0	0
D3854.contig180	1721	0	0
D3854.contig181	1713	10	0
D3854.contig182	1700	0	0
D3854.contig183	1690	1	1
D3854.contig184	1676	2	0
D3854.contig185	1671	0	0
D3854.contig186	1668	0	0
D3854.contig187	1665	0	0
D3854.contig188	1640	0	0
D3854.contig189	1632	0	0
D3854.contig190	1631	6	0
D3854.contig191	1628	0	0
D3854.contig192	1625	0	0
D3854.contig193	1620	0	0
D3854.contig194	1612	0	0
D3854.contig195	1609	0	0
D3854.contig196	1606	0	0
D3854.contig197	1577	0	0
D3854.contig198	1567	2	0
D3854.contig199	1557	0	0
D3854.contig200	1544	4	0
D3854.contig201	1544	0	0
D3854.contig202	1544	0	0
D3854.contig203	1541	0	0
D3854.contig204	1533	0	0
D3854.contig205	1523	2	0
D3854.contig206	1521	0	0
D3854.contig207	1520	0	0
D3854.contig208	1509	0	0
D3854.contig209	1502	0	0
D3854.contig210	1498	0	0
D3854.contig211	1496	0	0
D3854.contig212	1496	0	0
D3854.contig213	1482	0	0
D3854.contig214	1481	0	0
D3854.contig215	1479	0	0
D3854.contig216	1469	0	0
D3854.contig217	1466	4	0
D3854.contig218	1462	0	0
D3854.contig219	1451	0	0
D3854.contig220	1443	0	0
D3854.contig221	1442	0	0
D3854.contig222	1438	0	0
D3854.contig223	1437	0	0
D3854.contig224	1431	0	0
D3854.contig225	1419	2	2
D3854.contig226	1415	0	0
D3854.contig227	1415	1	1
D3854.contig228	1411	0	0
D3854.contig229	1395	0	0
D3854.contig230	1389	0	0
D3854.contig231	1382	0	0
D3854.contig232	1366	0	0
D3854.contig233	1363	0	0
D3854.contig234	1362	0	0
D3854.contig235	1362	0	0
D3854.contig236	1342	0	0
D3854.contig237	1341	0	0
D3854.contig238	1337	0	0
D3854.contig239	1335	0	0
D3854.contig240	1335	0	0
D3854.contig241	1330	0	0
D3854.contig242	1327	0	0
D3854.contig243	1326	0	0
D3854.contig244	1320	0	0
D3854.contig245	1316	0	0
D3854.contig246	1308	0	0
D3854.contig247	1301	0	0
D3854.contig248	1299	0	0
D3854.contig249	1297	0	0
D3854.contig250	1295	0	0
D3854.contig251	1291	0	0
D3854.contig252	1291	1	1
D3854.contig253	1280	4	0
D3854.contig254	1278	0	0
D3854.contig255	1274	0	0
D3854.contig256	1273	0	0
D3854.contig257	1270	0	0
D3854.contig258	1260	0	0
D3854.contig259	1251	0	0
D3854.contig260	1248	0	0
D3854.contig261	1247	0	0
D3854.contig262	1245	3	1
D3854.contig263	1239	0	0
D3854.contig264	1234	0	0
D3854.contig265	1229	0	0
D3854.contig266	1225	0	0
D3854.contig267	1222	0	0
D3854.contig268	1221	0	0
D3854.contig269	1218	3548	669
D3854.contig270	1217	1	1
D3854.contig271	1198	1	1
D3854.contig272	1196	0	0
D3854.contig273	1195	0	0
D3854.contig274	1192	0	0
D3854.contig275	1191	0	0
D3854.contig276	1186	0	0
D3854.contig277	1182	0	0
D3854.contig278	1178	0	0
D3854.contig279	1163	0	0
D3854.contig280	1162	0	0
D3854.contig281	1153	0	0
D3854.contig282	1152	0	0
D3854.contig283	1151	0	0
D3854.contig284	1122	0	0
D3854.contig285	1121	0	0
D3854.contig286	1121	0	0
D3854.contig287	1116	0	0
D3854.contig288	1114	0	0
D3854.contig289	1113	0	0
D3854.contig290	1108	0	0
D3854.contig291	1102	0	0
D3854.contig292	1095	0	0
D3854.contig293	1091	0	0
D3854.contig294	1078	0	0
D3854.contig295	1067	0	0
D3854.contig296	1067	0	0
D3854.contig297	1064	0	0
D3854.contig298	1063	2	0
D3854.contig299	1061	0	0
D3854.contig300	1060	1	1
D3854.contig301	1058	0	0
D3854.contig302	1056	0	0
D3854.contig303	1055	0	0
D3854.contig304	1052	0	0
D3854.contig305	1052	0	0
D3854.contig306	1051	0	0
D3854.contig307	1043	0	0
D3854.contig308	1039	112	104
D3854.contig309	1035	0	0
D3854.contig310	1034	0	0
D3854.contig311	1031	1	0
D3854.contig312	1023	0	0
D3854.contig313	1020	0	0
D3854.contig314	1019	0	0
D3854.contig315	1015	0	0
D3854.contig316	1012	0	0
D3854.contig317	1010	38	38
D3854.contig318	1010	0	0
D3854.contig319	1009	0	0
D3854.contig320	1007	0	0
D3854.contig321	1005	0	0
D3854.contig322	1002	0	0
D3854.contig323	995	0	0
D3854.contig324	990	0	0
D3854.contig325	985	0	0
D3854.contig326	979	0	0
D3854.contig327	978	0	0
D3854.contig328	977	0	0
D3854.contig329	975	0	0
D3854.contig330	974	0	0
D3854.contig331	973	0	0
D3854.contig332	973	0	0
D3854.contig333	971	0	0
D3854.contig334	971	0	0
D3854.contig335	968	0	0
D3854.contig336	967	0	0
D3854.contig337	965	0	0
D3854.contig338	964	0	0
D3854.contig339	960	0	0
D3854.contig340	960	0	0
D3854.contig341	958	0	0
D3854.contig342	956	0	0
D3854.contig343	954	0	0
D3854.contig344	950	177	173
D3854.contig345	950	0	0
D3854.contig346	950	0	0
D3854.contig347	950	0	0
D3854.contig348	947	0	0
D3854.contig349	936	2	0
D3854.contig350	931	0	0
D3854.contig351	929	0	0
D3854.contig352	927	0	0
D3854.contig353	927	0	0
D3854.contig354	925	0	0
D3854.contig355	922	0	0
D3854.contig356	921	0	0
D3854.contig357	920	0	0
D3854.contig358	917	0	0
D3854.contig359	915	0	0
D3854.contig360	914	0	0
D3854.contig361	911	0	0
D3854.contig362	907	0	0
D3854.contig363	899	0	0
D3854.contig364	896	0	0
D3854.contig365	896	0	0
D3854.contig366	896	0	0
D3854.contig367	894	0	0
D3854.contig368	892	0	0
D3854.contig369	886	0	0
D3854.contig370	883	0	0
D3854.contig371	882	0	0
D3854.contig372	882	0	0
D3854.contig373	878	0	0
D3854.contig374	871	0	0
D3854.contig375	869	0	0
D3854.contig376	868	0	0
D3854.contig377	867	1	1
D3854.contig378	863	0	0
D3854.contig379	863	0	0
D3854.contig380	862	0	0
D3854.contig381	860	96741	51780
D3854.contig382	857	0	0
D3854.contig383	851	0	0
D3854.contig384	848	0	0
D3854.contig385	844	0	0
D3854.contig386	840	0	0
D3854.contig387	840	0	0
D3854.contig388	838	0	0
D3854.contig389	837	0	0
D3854.contig390	836	0	0
D3854.contig391	835	0	0
D3854.contig392	833	0	0
D3854.contig393	832	0	0
D3854.contig394	832	0	0
D3854.contig395	832	0	0
D3854.contig396	825	0	0
D3854.contig397	823	5	0
D3854.contig398	823	0	0
D3854.contig399	822	0	0
D3854.contig400	822	0	0
D3854.contig401	819	0	0
D3854.contig402	813	0	0
D3854.contig403	811	0	0
D3854.contig404	809	0	0
D3854.contig405	808	0	0
D3854.contig406	800	0	0
D3854.contig407	799	0	0
D3854.contig408	795	0	0
D3854.contig409	794	0	0
D3854.contig410	792	0	0
D3854.contig411	791	0	0
D3854.contig412	790	0	0
D3854.contig413	786	0	0
D3854.contig414	786	0	0
D3854.contig415	784	0	0
D3854.contig416	784	0	0
D3854.contig417	783	0	0
D3854.contig418	783	0	0
D3854.contig419	783	0	0
D3854.contig420	782	0	0
D3854.contig421	777	0	0
D3854.contig422	777	0	0
D3854.contig423	775	2	0
D3854.contig424	774	0	0
D3854.contig425	774	0	0
D3854.contig426	773	0	0
D3854.contig427	772	0	0
D3854.contig428	772	0	0
D3854.contig429	771	0	0
D3854.contig430	771	0	0
D3854.contig431	769	0	0
D3854.contig432	768	0	0
D3854.contig433	767	0	0
D3854.contig434	761	0	0
D3854.contig435	760	33	31
D3854.contig436	758	0	0
D3854.contig437	756	0	0
D3854.contig438	755	0	0
D3854.contig439	754	0	0
D3854.contig440	751	0	0
D3854.contig441	749	0	0
D3854.contig442	748	0	0
D3854.contig443	745	0	0
D3854.contig444	744	0	0
D3854.contig445	742	0	0
D3854.contig446	740	0	0
D3854.contig447	739	0	0
D3854.contig448	739	0	0
D3854.contig449	737	0	0
D3854.contig450	734	82	75
D3854.contig451	734	0	0
D3854.contig452	734	0	0
D3854.contig453	734	0	0
D3854.contig454	733	0	0
D3854.contig455	729	0	0
D3854.contig456	728	0	0
D3854.contig457	723	0	0
D3854.contig458	723	0	0
D3854.contig459	723	0	0
D3854.contig460	720	0	0
D3854.contig461	713	0	0
D3854.contig462	713	0	0
D3854.contig463	713	0	0
D3854.contig464	712	0	0
D3854.contig465	711	0	0
D3854.contig466	707	0	0
D3854.contig467	705	0	0
D3854.contig468	704	0	0
D3854.contig469	702	0	0
D3854.contig470	700	0	0
D3854.contig471	696	0	0
D3854.contig472	696	0	0
D3854.contig473	696	0	0
D3854.contig474	696	0	0
D3854.contig475	691	0	0
D3854.contig476	689	0	0
D3854.contig477	688	0	0
D3854.contig478	688	138	122
D3854.contig479	687	0	0
D3854.contig480	684	0	0
D3854.contig481	684	0	0
D3854.contig482	683	0	0
D3854.contig483	682	0	0
D3854.contig484	682	0	0
D3854.contig485	681	0	0
D3854.contig486	681	0	0
D3854.contig487	681	0	0
D3854.contig488	681	0	0
D3854.contig489	681	0	0
D3854.contig490	678	0	0
D3854.contig491	678	0	0
D3854.contig492	677	0	0
D3854.contig493	676	0	0
D3854.contig494	676	0	0
D3854.contig495	675	0	0
D3854.contig496	675	0	0
D3854.contig497	674	0	0
D3854.contig498	672	0	0
D3854.contig499	672	0	0
D3854.contig500	671	0	0
D3854.contig501	671	0	0
D3854.contig502	667	0	0
D3854.contig503	666	0	0
D3854.contig504	664	0	0
D3854.contig505	662	0	0
D3854.contig506	661	0	0
D3854.contig507	661	0	0
D3854.contig508	659	0	0
D3854.contig509	659	0	0
D3854.contig510	659	0	0
D3854.contig511	659	0	0
D3854.contig512	657	0	0
D3854.contig513	657	0	0
D3854.contig514	657	0	0
D3854.contig515	657	0	0
D3854.contig516	653	3	0
D3854.contig517	648	0	0
D3854.contig518	645	0	0
D3854.contig519	643	40	40
D3854.contig520	642	2	0
D3854.contig521	635	0	0
D3854.contig522	633	2	0
D3854.contig523	633	0	0
D3854.contig524	632	0	0
D3854.contig525	632	0	0
D3854.contig526	630	0	0
D3854.contig527	629	2	0
D3854.contig528	629	0	0
D3854.contig529	627	0	0
D3854.contig530	626	0	0
D3854.contig531	626	0	0
D3854.contig532	626	0	0
D3854.contig533	625	0	0
D3854.contig534	624	0	0
D3854.contig535	624	0	0
D3854.contig536	624	0	0
D3854.contig537	623	0	0
D3854.contig538	620	0	0
D3854.contig539	620	0	0
D3854.contig540	620	0	0
D3854.contig541	618	0	0
D3854.contig542	617	0	0
D3854.contig543	616	0	0
D3854.contig544	616	0	0
D3854.contig545	616	0	0
D3854.contig546	616	0	0
D3854.contig547	615	0	0
D3854.contig548	615	0	0
D3854.contig549	614	0	0
D3854.contig550	614	0	0
D3854.contig551	613	0	0
D3854.contig552	612	0	0
D3854.contig553	612	0	0
D3854.contig554	610	0	0
D3854.contig555	609	0	0
D3854.contig556	609	0	0
D3854.contig557	608	0	0
D3854.contig558	608	0	0
D3854.contig559	607	0	0
D3854.contig560	606	0	0
D3854.contig561	606	0	0
D3854.contig562	606	0	0
D3854.contig563	606	0	0
D3854.contig564	605	0	0
D3854.contig565	604	0	0
D3854.contig566	604	0	0
D3854.contig567	601	0	0
D3854.contig568	599	0	0
D3854.contig569	599	0	0
D3854.contig570	598	221	66
D3854.contig571	597	0	0
D3854.contig572	596	0	0
D3854.contig573	595	0	0
D3854.contig574	595	0	0
D3854.contig575	594	0	0
D3854.contig576	590	0	0
D3854.contig577	590	0	0
D3854.contig578	589	0	0
D3854.contig579	588	0	0
D3854.contig580	587	0	0
D3854.contig581	585	0	0
D3854.contig582	582	0	0
D3854.contig583	581	0	0
D3854.contig584	578	1	1
D3854.contig585	577	0	0
D3854.contig586	577	0	0
D3854.contig587	576	0	0
D3854.contig588	576	0	0
D3854.contig589	576	0	0
D3854.contig590	576	0	0
D3854.contig591	575	0	0
D3854.contig592	574	0	0
D3854.contig593	572	0	0
D3854.contig594	571	0	0
D3854.contig595	571	0	0
D3854.contig596	570	0	0
D3854.contig597	570	0	0
D3854.contig598	570	0	0
D3854.contig599	569	0	0
D3854.contig600	569	0	0
D3854.contig601	568	2071	1071
D3854.contig602	567	0	0
D3854.contig603	567	0	0
D3854.contig604	566	0	0
D3854.contig605	566	0	0
D3854.contig606	564	0	0
D3854.contig607	564	0	0
D3854.contig608	564	0	0
D3854.contig609	563	0	0
D3854.contig610	562	0	0
D3854.contig611	560	0	0
D3854.contig612	559	0	0
D3854.contig613	557	0	0
D3854.contig614	557	0	0
D3854.contig615	554	5682	1940
D3854.contig616	553	0	0
D3854.contig617	553	0	0
D3854.contig618	552	0	0
D3854.contig619	551	0	0
D3854.contig620	550	0	0
D3854.contig621	550	0	0
D3854.contig622	549	0	0
D3854.contig623	549	0	0
D3854.contig624	549	0	0
D3854.contig625	548	0	0
D3854.contig626	547	0	0
D3854.contig627	547	0	0
D3854.contig628	547	3200	1336
D3854.contig629	547	0	0
D3854.contig630	546	0	0
D3854.contig631	546	0	0
D3854.contig632	546	0	0
D3854.contig633	545	0	0
D3854.contig634	545	0	0
D3854.contig635	544	0	0
D3854.contig636	544	0	0
D3854.contig637	544	0	0
D3854.contig638	543	0	0
D3854.contig639	543	0	0
D3854.contig640	543	0	0
D3854.contig641	542	0	0
D3854.contig642	542	0	0
D3854.contig643	540	0	0
D3854.contig644	539	0	0
D3854.contig645	539	0	0
D3854.contig646	538	0	0
D3854.contig647	538	0	0
D3854.contig648	538	0	0
D3854.contig649	538	0	0
D3854.contig650	538	0	0
D3854.contig651	537	2	0
D3854.contig652	536	0	0
D3854.contig653	536	0	0
D3854.contig654	535	0	0
D3854.contig655	535	0	0
D3854.contig656	532	0	0
D3854.contig657	531	0	0
D3854.contig658	530	0	0
D3854.contig659	529	0	0
D3854.contig660	529	0	0
D3854.contig661	529	0	0
D3854.contig662	528	0	0
D3854.contig663	526	0	0
D3854.contig664	523	0	0
D3854.contig665	523	0	0
D3854.contig666	522	0	0
D3854.contig667	522	0	0
D3854.contig668	521	0	0
D3854.contig669	520	0	0
D3854.contig670	519	0	0
D3854.contig671	518	0	0
D3854.contig672	517	0	0
D3854.contig673	517	0	0
D3854.contig674	516	0	0
D3854.contig675	515	0	0
D3854.contig676	515	0	0
D3854.contig677	513	0	0
D3854.contig678	513	0	0
D3854.contig679	513	0	0
D3854.contig680	512	0	0
D3854.contig681	511	0	0
D3854.contig682	510	0	0
D3854.contig683	509	0	0
D3854.contig684	509	0	0
D3854.contig685	509	0	0
D3854.contig686	508	0	0
D3854.contig687	508	0	0
D3854.contig688	506	0	0
D3854.contig689	505	0	0
D3854.contig690	505	0	0
D3854.contig691	505	0	0
D3854.contig692	502	1	0
D3854.contig693	501	0	0
D3854.contig694	500	0	0
D3854.contig695	499	0	0
D3854.contig696	499	0	0
D3854.contig697	499	0	0
D3854.contig698	498	0	0
D3854.contig699	498	0	0
D3854.contig700	497	0	0
D3854.contig701	496	0	0
D3854.contig702	496	0	0
D3854.contig703	495	0	0
D3854.contig704	495	4070	1748
D3854.contig705	494	0	0
D3854.contig706	493	0	0
D3854.contig707	492	0	0
D3854.contig708	492	0	0
D3854.contig709	492	0	0
D3854.contig710	492	0	0
D3854.contig711	492	0	0
D3854.contig712	491	0	0
D3854.contig713	491	1	1
D3854.contig714	490	0	0
D3854.contig715	489	0	0
D3854.contig716	489	0	0
D3854.contig717	489	0	0
D3854.contig718	489	0	0
D3854.contig719	488	0	0
D3854.contig720	488	0	0
D3854.contig721	487	0	0
D3854.contig722	487	0	0
D3854.contig723	486	0	0
D3854.contig724	486	0	0
D3854.contig725	486	0	0
D3854.contig726	486	0	0
D3854.contig727	485	0	0
D3854.contig728	484	0	0
D3854.contig729	483	0	0
D3854.contig730	482	0	0
D3854.contig731	481	0	0
D3854.contig732	481	0	0
D3854.contig733	481	0	0
D3854.contig734	481	0	0
D3854.contig735	480	0	0
D3854.contig736	480	0	0
D3854.contig737	480	0	0
D3854.contig738	479	0	0
D3854.contig739	478	0	0
D3854.contig740	478	0	0
D3854.contig741	478	0	0
D3854.contig742	476	0	0
D3854.contig743	476	0	0
D3854.contig744	476	0	0
D3854.contig745	476	0	0
D3854.contig746	476	0	0
D3854.contig747	475	0	0
D3854.contig748	474	0	0
D3854.contig749	473	0	0
D3854.contig750	471	0	0
D3854.contig751	470	0	0
D3854.contig752	469	0	0
D3854.contig753	468	0	0
D3854.contig754	468	0	0
D3854.contig755	466	0	0
D3854.contig756	466	0	0
D3854.contig757	466	0	0
D3854.contig758	466	0	0
D3854.contig759	463	0	0
D3854.contig760	463	0	0
D3854.contig761	463	0	0
D3854.contig762	461	0	0
D3854.contig763	461	0	0
D3854.contig764	461	0	0
D3854.contig765	460	0	0
D3854.contig766	460	0	0
D3854.contig767	460	0	0
D3854.contig768	459	0	0
D3854.contig769	459	0	0
D3854.contig770	458	0	0
D3854.contig771	458	0	0
D3854.contig772	458	0	0
D3854.contig773	457	0	0
D3854.contig774	456	0	0
D3854.contig775	456	0	0
D3854.contig776	454	0	0
D3854.contig777	452	0	0
D3854.contig778	451	0	0
D3854.contig779	450	1	1
D3854.contig780	450	3	1
D3854.contig781	449	0	0
D3854.contig782	449	0	0
D3854.contig783	447	1	1
D3854.contig784	446	0	0
D3854.contig785	446	0	0
D3854.contig786	446	0	0
D3854.contig787	446	0	0
D3854.contig788	444	0	0
D3854.contig789	443	0	0
D3854.contig790	443	0	0
D3854.contig791	443	216	69
D3854.contig792	442	0	0
D3854.contig793	442	0	0
D3854.contig794	441	0	0
D3854.contig795	441	0	0
D3854.contig796	441	0	0
D3854.contig797	441	0	0
D3854.contig798	440	0	0
D3854.contig799	440	0	0
D3854.contig800	440	0	0
D3854.contig801	439	0	0
D3854.contig802	439	0	0
D3854.contig803	439	0	0
D3854.contig804	439	0	0
D3854.contig805	438	0	0
D3854.contig806	438	0	0
D3854.contig807	437	0	0
D3854.contig808	437	0	0
D3854.contig809	437	0	0
D3854.contig810	437	0	0
D3854.contig811	436	0	0
D3854.contig812	436	0	0
D3854.contig813	436	0	0
D3854.contig814	435	0	0
D3854.contig815	435	0	0
D3854.contig816	435	0	0
D3854.contig817	434	0	0
D3854.contig818	434	0	0
D3854.contig819	434	0	0
D3854.contig820	433	0	0
D3854.contig821	432	0	0
D3854.contig822	432	0	0
D3854.contig823	431	0	0
D3854.contig824	429	0	0
D3854.contig825	428	0	0
D3854.contig826	428	0	0
D3854.contig827	428	0	0
D3854.contig828	428	0	0
D3854.contig829	427	0	0
D3854.contig830	427	0	0
D3854.contig831	425	0	0
D3854.contig832	423	0	0
D3854.contig833	422	0	0
D3854.contig834	422	0	0
D3854.contig835	421	0	0
D3854.contig836	421	0	0
D3854.contig837	421	0	0
D3854.contig838	419	0	0
D3854.contig839	418	0	0
D3854.contig840	418	0	0
D3854.contig841	417	0	0
D3854.contig842	417	0	0
D3854.contig843	417	0	0
D3854.contig844	416	0	0
D3854.contig845	416	0	0
D3854.contig846	415	0	0
D3854.contig847	415	0	0
D3854.contig848	414	0	0
D3854.contig849	414	0	0
D3854.contig850	414	0	0
D3854.contig851	413	0	0
D3854.contig852	413	0	0
D3854.contig853	413	0	0
D3854.contig854	413	0	0
D3854.contig855	412	0	0
D3854.contig856	412	0	0
D3854.contig857	412	0	0
D3854.contig858	412	0	0
D3854.contig859	411	0	0
D3854.contig860	411	0	0
D3854.contig861	411	0	0
D3854.contig862	410	0	0
D3854.contig863	410	1	1
D3854.contig864	410	1	1
D3854.contig865	409	1	0
D3854.contig866	409	0	0
D3854.contig867	409	0	0
D3854.contig868	408	0	0
D3854.contig869	408	0	0
D3854.contig870	408	0	0
D3854.contig871	407	0	0
D3854.contig872	407	0	0
D3854.contig873	407	0	0
D3854.contig874	407	0	0
D3854.contig875	406	0	0
D3854.contig876	406	0	0
D3854.contig877	405	0	0
D3854.contig878	404	0	0
D3854.contig879	404	0	0
D3854.contig880	403	0	0
D3854.contig881	402	0	0
D3854.contig882	402	198	181
D3854.contig883	402	0	0
D3854.contig884	402	0	0
D3854.contig885	401	0	0
D3854.contig886	401	0	0
D3854.contig887	401	0	0
D3854.contig888	401	0	0
D3854.contig889	400	0	0
D3854.contig890	400	0	0
D3854.contig891	400	0	0
D3854.contig892	400	3	3
D3854.contig893	399	0	0
D3854.contig894	399	0	0
D3854.contig895	399	0	0
D3854.contig896	398	0	0
D3854.contig897	397	0	0
D3854.contig898	397	0	0
D3854.contig899	397	0	0
D3854.contig900	397	0	0
D3854.contig901	396	0	0
D3854.contig902	396	0	0
D3854.contig903	396	0	0
D3854.contig904	396	0	0
D3854.contig905	396	0	0
D3854.contig906	396	0	0
D3854.contig907	396	0	0
D3854.contig908	395	0	0
D3854.contig909	395	0	0
D3854.contig910	395	0	0
D3854.contig911	395	0	0
D3854.contig912	395	0	0
D3854.contig913	394	11	11
D3854.contig914	394	0	0
D3854.contig915	394	0	0
D3854.contig916	393	0	0
D3854.contig917	393	0	0
D3854.contig918	393	0	0
D3854.contig919	392	0	0
D3854.contig920	392	0	0
D3854.contig921	391	0	0
D3854.contig922	390	0	0
D3854.contig923	390	0	0
D3854.contig924	389	0	0
D3854.contig925	389	0	0
D3854.contig926	389	1	1
D3854.contig927	388	0	0
D3854.contig928	388	0	0
D3854.contig929	388	0	0
D3854.contig930	387	0	0
D3854.contig931	387	0	0
D3854.contig932	385	0	0
D3854.contig933	384	0	0
D3854.contig934	384	0	0
D3854.contig935	384	0	0
D3854.contig936	383	0	0
D3854.contig937	382	0	0
D3854.contig938	382	0	0
D3854.contig939	382	0	0
D3854.contig940	382	0	0
D3854.contig941	381	0	0
D3854.contig942	381	0	0
D3854.contig943	381	0	0
D3854.contig944	381	0	0
D3854.contig945	381	0	0
D3854.contig946	381	0	0
D3854.contig947	379	0	0
D3854.contig948	379	0	0
D3854.contig949	379	1	1
D3854.contig950	377	0	0
D3854.contig951	377	0	0
D3854.contig952	377	0	0
D3854.contig953	376	0	0
D3854.contig954	376	0	0
D3854.contig955	375	0	0
D3854.contig956	375	0	0
D3854.contig957	373	0	0
D3854.contig958	372	0	0
D3854.contig959	372	0	0
D3854.contig960	372	0	0
D3854.contig961	372	0	0
D3854.contig962	372	0	0
D3854.contig963	372	0	0
D3854.contig964	371	0	0
D3854.contig965	371	0	0
D3854.contig966	370	0	0
D3854.contig967	370	0	0
D3854.contig968	369	0	0
D3854.contig969	369	0	0
D3854.contig970	369	0	0
D3854.contig971	369	0	0
D3854.contig972	367	0	0
D3854.contig973	367	0	0
D3854.contig974	367	0	0
D3854.contig975	367	0	0
D3854.contig976	365	0	0
D3854.contig977	365	0	0
D3854.contig978	364	0	0
D3854.contig979	363	0	0
D3854.contig980	363	0	0
D3854.contig981	363	0	0
D3854.contig982	362	0	0
D3854.contig983	362	0	0
D3854.contig984	362	0	0
D3854.contig985	361	0	0
D3854.contig986	361	0	0
D3854.contig987	361	0	0
D3854.contig988	361	1	1
D3854.contig989	360	0	0
D3854.contig990	360	0	0
D3854.contig991	360	479	441
D3854.contig992	359	0	0
D3854.contig993	358	0	0
D3854.contig994	358	0	0
D3854.contig995	357	0	0
D3854.contig996	357	0	0
D3854.contig997	355	0	0
D3854.contig998	355	0	0
D3854.contig999	355	0	0
D3854.contig1000	354	0	0
D3854.contig1001	354	0	0
D3854.contig1002	353	0	0
D3854.contig1003	352	0	0
D3854.contig1004	352	0	0
D3854.contig1005	352	0	0
D3854.contig1006	352	0	0
D3854.contig1007	351	0	0
D3854.contig1008	351	0	0
D3854.contig1009	351	0	0
D3854.contig1010	351	0	0
D3854.contig1011	351	0	0
D3854.contig1012	350	0	0
D3854.contig1013	350	0	0
D3854.contig1014	350	0	0
D3854.contig1015	349	0	0
D3854.contig1016	349	0	0
D3854.contig1017	349	0	0
D3854.contig1018	349	0	0
D3854.contig1019	349	0	0
D3854.contig1020	348	0	0
D3854.contig1021	348	0	0
D3854.contig1022	348	0	0
D3854.contig1023	347	36681	18416
D3854.contig1024	347	0	0
D3854.contig1025	347	0	0
D3854.contig1026	346	0	0
D3854.contig1027	346	0	0
D3854.contig1028	346	0	0
D3854.contig1029	346	0	0
D3854.contig1030	345	0	0
D3854.contig1031	344	0	0
D3854.contig1032	344	0	0
D3854.contig1033	343	0	0
D3854.contig1034	342	0	0
D3854.contig1035	342	0	0
D3854.contig1036	342	0	0
D3854.contig1037	342	0	0
D3854.contig1038	341	0	0
D3854.contig1039	341	0	0
D3854.contig1040	340	0	0
D3854.contig1041	340	0	0
D3854.contig1042	340	0	0
D3854.contig1043	339	0	0
D3854.contig1044	339	0	0
D3854.contig1045	338	0	0
D3854.contig1046	338	0	0
D3854.contig1047	337	0	0
D3854.contig1048	337	0	0
D3854.contig1049	336	0	0
D3854.contig1050	336	0	0
D3854.contig1051	336	0	0
D3854.contig1052	336	0	0
D3854.contig1053	335	42	40
D3854.contig1054	335	0	0
D3854.contig1055	334	0	0
D3854.contig1056	334	0	0
D3854.contig1057	334	0	0
D3854.contig1058	334	0	0
D3854.contig1059	333	0	0
D3854.contig1060	333	0	0
D3854.contig1061	332	0	0
D3854.contig1062	332	0	0
D3854.contig1063	331	0	0
D3854.contig1064	330	0	0
D3854.contig1065	330	0	0
D3854.contig1066	330	0	0
D3854.contig1067	330	0	0
D3854.contig1068	330	0	0
D3854.contig1069	329	0	0
D3854.contig1070	329	0	0
D3854.contig1071	329	0	0
D3854.contig1072	329	0	0
D3854.contig1073	329	0	0
D3854.contig1074	329	0	0
D3854.contig1075	328	113763	86748
D3854.contig1076	327	0	0
D3854.contig1077	327	0	0
D3854.contig1078	327	0	0
D3854.contig1079	327	0	0
D3854.contig1080	327	0	0
D3854.contig1081	326	0	0
D3854.contig1082	326	0	0
D3854.contig1083	325	0	0
D3854.contig1084	325	0	0
D3854.contig1085	325	0	0
D3854.contig1086	324	0	0
D3854.contig1087	324	0	0
D3854.contig1088	324	0	0
D3854.contig1089	324	0	0
D3854.contig1090	324	0	0
D3854.contig1091	324	0	0
D3854.contig1092	324	0	0
D3854.contig1093	324	0	0
D3854.contig1094	322	0	0
D3854.contig1095	320	0	0
D3854.contig1096	320	0	0
D3854.contig1097	320	0	0
D3854.contig1098	320	0	0
D3854.contig1099	320	0	0
D3854.contig1100	319	0	0
D3854.contig1101	319	0	0
D3854.contig1102	319	0	0
D3854.contig1103	319	0	0
D3854.contig1104	318	0	0
D3854.contig1105	318	0	0
D3854.contig1106	318	0	0
D3854.contig1107	318	0	0
D3854.contig1108	318	0	0
D3854.contig1109	318	0	0
D3854.contig1110	317	2801	1428
D3854.contig1111	317	0	0
D3854.contig1112	317	0	0
D3854.contig1113	317	0	0
D3854.contig1114	317	0	0
D3854.contig1115	316	0	0
D3854.contig1116	316	0	0
D3854.contig1117	316	0	0
D3854.contig1118	316	0	0
D3854.contig1119	315	0	0
D3854.contig1120	315	0	0
D3854.contig1121	315	0	0
D3854.contig1122	315	976	821
D3854.contig1123	314	0	0
D3854.contig1124	314	0	0
D3854.contig1125	314	0	0
D3854.contig1126	314	0	0
D3854.contig1127	314	0	0
D3854.contig1128	314	0	0
D3854.contig1129	314	0	0
D3854.contig1130	313	0	0
D3854.contig1131	313	0	0
D3854.contig1132	312	0	0
D3854.contig1133	312	0	0
D3854.contig1134	312	0	0
D3854.contig1135	312	0	0
D3854.contig1136	311	0	0
D3854.contig1137	311	0	0
D3854.contig1138	311	0	0
D3854.contig1139	311	0	0
D3854.contig1140	311	0	0
D3854.contig1141	310	0	0
D3854.contig1142	310	0	0
D3854.contig1143	310	0	0
D3854.contig1144	309	0	0
D3854.contig1145	308	0	0
D3854.contig1146	308	0	0
D3854.contig1147	307	0	0
D3854.contig1148	306	0	0
D3854.contig1149	306	0	0
D3854.contig1150	305	0	0
D3854.contig1151	305	0	0
D3854.contig1152	305	0	0
D3854.contig1153	305	0	0
D3854.contig1154	305	0	0
D3854.contig1155	304	0	0
D3854.contig1156	304	0	0
D3854.contig1157	304	0	0
D3854.contig1158	304	0	0
D3854.contig1159	303	0	0
D3854.contig1160	303	0	0
D3854.contig1161	303	0	0
D3854.contig1162	303	0	0
D3854.contig1163	302	0	0
D3854.contig1164	302	0	0
D3854.contig1165	302	0	0
D3854.contig1166	302	0	0
D3854.contig1167	301	0	0
D3854.contig1168	301	0	0
D3854.contig1169	301	0	0
D3854.contig1170	301	0	0
D3854.contig1171	301	0	0
D3854.contig1172	301	0	0
D3854.contig1173	300	0	0
D3854.contig1174	300	0	0
D3854.contig1175	300	0	0
*	0	0	99911472
