D340.contig1	164657	7213	118
D340.contig2	161684	10457	163
D340.contig3	153402	11045	232
D340.contig4	147110	10555	192
D340.contig5	141575	14764	842
D340.contig6	137024	0	0
D340.contig7	135720	17574	279
D340.contig8	125619	5694	97
D340.contig9	123525	5349	93
D340.contig10	114992	19620	397
D340.contig11	114942	8710	466
D340.contig12	107364	11447	274
D340.contig13	102231	6089	84
D340.contig14	101675	4536	77
D340.contig15	97006	3475	60
D340.contig16	94927	3408	40
D340.contig17	94368	4035	76
D340.contig18	93557	3454	68
D340.contig19	93277	2946	54
D340.contig20	92037	10589	209
D340.contig21	90699	5553	103
D340.contig22	89629	21327	829
D340.contig23	83740	4682	99
D340.contig24	77406	10129	175
D340.contig25	75935	8734	181
D340.contig26	74337	3057	70
D340.contig27	74332	10537	192
D340.contig28	71618	24	1
D340.contig29	69310	2529	58
D340.contig30	65605	4091	94
D340.contig31	64306	3500	85
D340.contig32	64055	1941	41
D340.contig33	63800	595	285
D340.contig34	57923	10509	237
D340.contig35	56627	0	0
D340.contig36	55873	0	0
D340.contig37	55730	1792	38
D340.contig38	52277	1757	18
D340.contig39	52082	82	32
D340.contig40	51058	3183	47
D340.contig41	51037	13938	308
D340.contig42	49050	4228	65
D340.contig43	48940	5203	108
D340.contig44	48442	140	4
D340.contig45	47922	2131	39
D340.contig46	46972	0	0
D340.contig47	46499	1408	40
D340.contig48	44859	134	45
D340.contig49	44635	4087	1902
D340.contig50	44334	0	0
D340.contig51	43985	836	14
D340.contig52	43958	0	0
D340.contig53	43347	972	15
D340.contig54	43315	3990	68
D340.contig55	43235	0	0
D340.contig56	42969	0	0
D340.contig57	42808	13	4
D340.contig58	42542	0	0
D340.contig59	42354	0	0
D340.contig60	42302	0	0
D340.contig61	42213	154	24
D340.contig62	42101	3775	105
D340.contig63	41376	5054	245
D340.contig64	41259	3475	300
D340.contig65	40375	0	0
D340.contig66	40184	0	0
D340.contig67	40123	0	0
D340.contig68	40099	2012	39
D340.contig69	40049	1	0
D340.contig70	39721	4286	82
D340.contig71	39630	0	0
D340.contig72	38777	1790	41
D340.contig73	38595	0	0
D340.contig74	38513	0	0
D340.contig75	37937	23	2
D340.contig76	37389	30717	639
D340.contig77	36765	0	0
D340.contig78	36723	8	0
D340.contig79	36440	2	1
D340.contig80	34999	0	0
D340.contig81	34605	0	0
D340.contig82	34564	5885	345
D340.contig83	33979	10343	735
D340.contig84	33940	1664	39
D340.contig85	33809	4382	110
D340.contig86	33472	393	33
D340.contig87	33251	2510	55
D340.contig88	32292	0	0
D340.contig89	31987	958	16
D340.contig90	31940	0	0
D340.contig91	31892	6896	200
D340.contig92	31499	0	0
D340.contig93	31234	20750	521
D340.contig94	31208	987	17
D340.contig95	31067	670	13
D340.contig96	30933	0	0
D340.contig97	30758	1879	80
D340.contig98	30585	177	53
D340.contig99	30496	788	14
D340.contig100	29472	0	0
D340.contig101	28869	40160	616
D340.contig102	28739	468	24
D340.contig103	28582	7828	356
D340.contig104	28465	0	0
D340.contig105	27737	11971	372
D340.contig106	27175	1262	26
D340.contig107	26900	836	12
D340.contig108	26736	60	27
D340.contig109	26414	0	0
D340.contig110	26169	0	0
D340.contig111	26130	2	0
D340.contig112	25841	0	0
D340.contig113	25534	1078	30
D340.contig114	25467	4357	44
D340.contig115	25434	4195	345
D340.contig116	25331	0	0
D340.contig117	25178	443	4
D340.contig118	24997	411	13
D340.contig119	24863	8970	135
D340.contig120	24660	0	0
D340.contig121	24294	195	4
D340.contig122	24224	557	21
D340.contig123	23867	12	0
D340.contig124	23803	15965	438
D340.contig125	23313	0	0
D340.contig126	23180	475	5
D340.contig127	22894	489	99
D340.contig128	22425	0	0
D340.contig129	22319	195	17
D340.contig130	21853	0	0
D340.contig131	21679	116	2
D340.contig132	21467	0	0
D340.contig133	21447	0	0
D340.contig134	21005	0	0
D340.contig135	20902	0	0
D340.contig136	20862	690	9
D340.contig137	20724	973	27
D340.contig138	20506	279	4
D340.contig139	20485	0	0
D340.contig140	20225	0	0
D340.contig141	20125	1189	209
D340.contig142	19793	1	0
D340.contig143	19671	239	9
D340.contig144	19295	0	0
D340.contig145	19257	0	0
D340.contig146	19225	0	0
D340.contig147	19112	0	0
D340.contig148	19046	0	0
D340.contig149	18877	0	0
D340.contig150	18737	5569	128
D340.contig151	18528	0	0
D340.contig152	18514	43	1
D340.contig153	18503	7384	445
D340.contig154	18287	39	3
D340.contig155	17963	420	8
D340.contig156	17820	1046	26
D340.contig157	17699	170	6
D340.contig158	17542	27	13
D340.contig159	17368	0	0
D340.contig160	17010	751	27
D340.contig161	16959	0	0
D340.contig162	16926	0	0
D340.contig163	16906	0	0
D340.contig164	16862	195	2
D340.contig165	16786	89	19
D340.contig166	16655	0	0
D340.contig167	16558	723	26
D340.contig168	16556	77	5
D340.contig169	16533	0	0
D340.contig170	16359	109	8
D340.contig171	16332	487	15
D340.contig172	16060	25	1
D340.contig173	16050	192	3
D340.contig174	15952	0	0
D340.contig175	15945	0	0
D340.contig176	15926	1787	29
D340.contig177	15670	0	0
D340.contig178	15518	583	8
D340.contig179	15449	0	0
D340.contig180	15425	713	81
D340.contig181	15371	0	0
D340.contig182	15312	2	0
D340.contig183	15265	2	0
D340.contig184	15145	294	7
D340.contig185	15102	0	0
D340.contig186	15014	528	12
D340.contig187	14948	0	0
D340.contig188	14894	0	0
D340.contig189	14722	990	25
D340.contig190	14701	81	9
D340.contig191	14616	0	0
D340.contig192	14603	3261	67
D340.contig193	14598	9459	612
D340.contig194	14586	0	0
D340.contig195	14539	276	18
D340.contig196	14429	0	0
D340.contig197	14245	0	0
D340.contig198	14185	0	0
D340.contig199	14133	111	6
D340.contig200	14127	757	100
D340.contig201	13941	75	3
D340.contig202	13920	304	9
D340.contig203	13916	1829	29
D340.contig204	13781	4912	105
D340.contig205	13671	107	1
D340.contig206	13593	8	6
D340.contig207	13560	0	0
D340.contig208	13540	612	180
D340.contig209	13424	5791	159
D340.contig210	13404	6	0
D340.contig211	13400	0	0
D340.contig212	12983	0	0
D340.contig213	12935	0	0
D340.contig214	12927	0	0
D340.contig215	12900	0	0
D340.contig216	12752	0	0
D340.contig217	12677	208	12
D340.contig218	12671	0	0
D340.contig219	12621	11	1
D340.contig220	12544	0	0
D340.contig221	12434	0	0
D340.contig222	12359	2	0
D340.contig223	12327	3499	204
D340.contig224	12273	161	5
D340.contig225	12142	0	0
D340.contig226	12127	1272	308
D340.contig227	12102	0	0
D340.contig228	12043	0	0
D340.contig229	11999	0	0
D340.contig230	11921	115	3
D340.contig231	11888	0	0
D340.contig232	11851	16	0
D340.contig233	11811	21	1
D340.contig234	11790	406	8
D340.contig235	11780	0	0
D340.contig236	11621	0	0
D340.contig237	11443	35	1
D340.contig238	11305	172	1
D340.contig239	11267	17	1
D340.contig240	11248	0	0
D340.contig241	11190	4432	142
D340.contig242	11168	0	0
D340.contig243	11112	1	1
D340.contig244	11106	269	6
D340.contig245	11020	63	2
D340.contig246	11012	232	6
D340.contig247	10732	0	0
D340.contig248	10640	0	0
D340.contig249	10639	0	0
D340.contig250	10575	2	0
D340.contig251	10555	0	0
D340.contig252	10430	0	0
D340.contig253	10403	390	15
D340.contig254	10399	175	25
D340.contig255	10232	1	1
D340.contig256	10156	0	0
D340.contig257	10116	123	3
D340.contig258	10112	0	0
D340.contig259	10011	0	0
D340.contig260	10004	0	0
D340.contig261	9952	2	0
D340.contig262	9913	3	1
D340.contig263	9718	7204	200
D340.contig264	9646	513	4
D340.contig265	9646	164	64
D340.contig266	9569	0	0
D340.contig267	9539	2	0
D340.contig268	9538	3096	242
D340.contig269	9426	0	0
D340.contig270	9366	0	0
D340.contig271	9363	0	0
D340.contig272	9339	1702	70
D340.contig273	9329	6103	230
D340.contig274	9256	5346	192
D340.contig275	9230	0	0
D340.contig276	9203	0	0
D340.contig277	8919	0	0
D340.contig278	8908	0	0
D340.contig279	8884	0	0
D340.contig280	8819	6706	193
D340.contig281	8798	0	0
D340.contig282	8775	0	0
D340.contig283	8751	0	0
D340.contig284	8726	2	0
D340.contig285	8632	116	4
D340.contig286	8628	55	1
D340.contig287	8500	296	18
D340.contig288	8480	0	0
D340.contig289	8457	0	0
D340.contig290	8446	0	0
D340.contig291	8429	0	0
D340.contig292	8416	0	0
D340.contig293	8351	0	0
D340.contig294	8313	0	0
D340.contig295	8287	0	0
D340.contig296	8277	0	0
D340.contig297	8226	57	9
D340.contig298	8222	58	50
D340.contig299	8169	0	0
D340.contig300	8166	0	0
D340.contig301	8123	18	2
D340.contig302	8085	0	0
D340.contig303	8070	0	0
D340.contig304	8063	76	3
D340.contig305	8013	0	0
D340.contig306	7995	63	35
D340.contig307	7987	0	0
D340.contig308	7867	0	0
D340.contig309	7866	97	2
D340.contig310	7845	95	5
D340.contig311	7781	0	0
D340.contig312	7742	65	3
D340.contig313	7728	2	0
D340.contig314	7717	472	19
D340.contig315	7601	58	2
D340.contig316	7576	0	0
D340.contig317	7536	0	0
D340.contig318	7492	70	3
D340.contig319	7481	313	28
D340.contig320	7452	0	0
D340.contig321	7423	0	0
D340.contig322	7423	95	1
D340.contig323	7405	0	0
D340.contig324	7373	202	28
D340.contig325	7352	5768	211
D340.contig326	7306	0	0
D340.contig327	7293	2477	159
D340.contig328	7291	0	0
D340.contig329	7241	27	3
D340.contig330	7223	0	0
D340.contig331	7216	0	0
D340.contig332	7212	44	0
D340.contig333	7201	0	0
D340.contig334	7178	0	0
D340.contig335	7160	3	1
D340.contig336	7033	761	248
D340.contig337	7013	8	0
D340.contig338	6963	0	0
D340.contig339	6948	35	5
D340.contig340	6937	66	4
D340.contig341	6936	107	15
D340.contig342	6906	0	0
D340.contig343	6883	310	35
D340.contig344	6872	23	11
D340.contig345	6850	0	0
D340.contig346	6826	0	0
D340.contig347	6816	54	0
D340.contig348	6788	7206	384
D340.contig349	6775	49	1
D340.contig350	6768	0	0
D340.contig351	6759	3366	317
D340.contig352	6748	178	4
D340.contig353	6720	8	2
D340.contig354	6712	9	3
D340.contig355	6712	6	0
D340.contig356	6706	0	0
D340.contig357	6663	0	0
D340.contig358	6610	100	1
D340.contig359	6580	66	8
D340.contig360	6553	2	0
D340.contig361	6541	154	4
D340.contig362	6530	138	3
D340.contig363	6509	0	0
D340.contig364	6482	119	5
D340.contig365	6453	320	15
D340.contig366	6449	8	0
D340.contig367	6446	0	0
D340.contig368	6445	0	0
D340.contig369	6420	0	0
D340.contig370	6413	66	4
D340.contig371	6397	37	4
D340.contig372	6365	0	0
D340.contig373	6334	1	1
D340.contig374	6309	0	0
D340.contig375	6272	460	14
D340.contig376	6272	0	0
D340.contig377	6266	0	0
D340.contig378	6248	0	0
D340.contig379	6241	1271	57
D340.contig380	6165	0	0
D340.contig381	6157	0	0
D340.contig382	6096	0	0
D340.contig383	6088	2104	89
D340.contig384	6078	0	0
D340.contig385	6070	0	0
D340.contig386	6061	45	1
D340.contig387	6054	0	0
D340.contig388	6045	0	0
D340.contig389	6027	116	0
D340.contig390	6016	106	5
D340.contig391	5992	0	0
D340.contig392	5961	0	0
D340.contig393	5930	0	0
D340.contig394	5891	0	0
D340.contig395	5877	0	0
D340.contig396	5871	33	0
D340.contig397	5853	10	0
D340.contig398	5844	0	0
D340.contig399	5821	0	0
D340.contig400	5818	0	0
D340.contig401	5792	15	1
D340.contig402	5773	0	0
D340.contig403	5739	0	0
D340.contig404	5684	0	0
D340.contig405	5665	0	0
D340.contig406	5653	0	0
D340.contig407	5638	0	0
D340.contig408	5637	21	1
D340.contig409	5613	0	0
D340.contig410	5608	0	0
D340.contig411	5606	331	24
D340.contig412	5602	70	2
D340.contig413	5581	0	0
D340.contig414	5576	0	0
D340.contig415	5555	0	0
D340.contig416	5503	0	0
D340.contig417	5415	12	0
D340.contig418	5383	0	0
D340.contig419	5377	0	0
D340.contig420	5368	1522	60
D340.contig421	5366	0	0
D340.contig422	5358	0	0
D340.contig423	5325	176	23
D340.contig424	5312	2354	117
D340.contig425	5305	0	0
D340.contig426	5294	241	6
D340.contig427	5269	0	0
D340.contig428	5261	0	0
D340.contig429	5250	0	0
D340.contig430	5225	0	0
D340.contig431	5217	0	0
D340.contig432	5199	0	0
D340.contig433	5182	0	0
D340.contig434	5166	4	0
D340.contig435	5164	2	0
D340.contig436	5127	0	0
D340.contig437	5116	0	0
D340.contig438	5090	0	0
D340.contig439	5080	0	0
D340.contig440	5073	0	0
D340.contig441	5048	0	0
D340.contig442	5043	130	12
D340.contig443	5038	1719311	58490
D340.contig444	5001	0	0
D340.contig445	4954	0	0
D340.contig446	4951	0	0
D340.contig447	4913	0	0
D340.contig448	4913	0	0
D340.contig449	4911	0	0
D340.contig450	4881	0	0
D340.contig451	4868	0	0
D340.contig452	4863	99	4
D340.contig453	4822	38	0
D340.contig454	4793	0	0
D340.contig455	4790	12343	1898
D340.contig456	4760	0	0
D340.contig457	4742	4	0
D340.contig458	4736	4772	227
D340.contig459	4681	0	0
D340.contig460	4663	0	0
D340.contig461	4663	0	0
D340.contig462	4652	0	0
D340.contig463	4642	0	0
D340.contig464	4632	1063	29
D340.contig465	4616	0	0
D340.contig466	4609	0	0
D340.contig467	4606	941	106
D340.contig468	4594	34	15
D340.contig469	4589	648	5
D340.contig470	4585	35	0
D340.contig471	4566	0	0
D340.contig472	4562	0	0
D340.contig473	4541	0	0
D340.contig474	4535	118	10
D340.contig475	4527	636	24
D340.contig476	4523	22	0
D340.contig477	4514	106	4
D340.contig478	4501	75	4
D340.contig479	4490	0	0
D340.contig480	4486	158	6
D340.contig481	4470	0	0
D340.contig482	4458	0	0
D340.contig483	4449	8	0
D340.contig484	4429	94	2
D340.contig485	4414	2	0
D340.contig486	4404	0	0
D340.contig487	4402	11	1
D340.contig488	4391	13	1
D340.contig489	4380	0	0
D340.contig490	4370	0	0
D340.contig491	4326	6	2
D340.contig492	4322	0	0
D340.contig493	4310	7	1
D340.contig494	4308	0	0
D340.contig495	4295	37	1
D340.contig496	4290	0	0
D340.contig497	4289	924283	39090
D340.contig498	4266	2	0
D340.contig499	4251	0	0
D340.contig500	4251	3452	304
D340.contig501	4236	109	1
D340.contig502	4230	23	0
D340.contig503	4223	0	0
D340.contig504	4181	0	0
D340.contig505	4176	12	8
D340.contig506	4170	22	9
D340.contig507	4152	0	0
D340.contig508	4142	0	0
D340.contig509	4116	0	0
D340.contig510	4102	0	0
D340.contig511	4100	0	0
D340.contig512	4093	28	0
D340.contig513	4092	0	0
D340.contig514	4077	0	0
D340.contig515	4069	0	0
D340.contig516	4060	63	3
D340.contig517	4047	0	0
D340.contig518	4033	0	0
D340.contig519	4027	8	2
D340.contig520	3990	9	1
D340.contig521	3947	0	0
D340.contig522	3937	0	0
D340.contig523	3933	59	5
D340.contig524	3919	0	0
D340.contig525	3914	75	0
D340.contig526	3895	22	0
D340.contig527	3889	1	1
D340.contig528	3883	0	0
D340.contig529	3880	17	1
D340.contig530	3878	13	1
D340.contig531	3868	11	1
D340.contig532	3860	79	2
D340.contig533	3859	7	1
D340.contig534	3827	17	1
D340.contig535	3818	0	0
D340.contig536	3809	0	0
D340.contig537	3806	42	0
D340.contig538	3803	0	0
D340.contig539	3803	0	0
D340.contig540	3800	0	0
D340.contig541	3797	0	0
D340.contig542	3790	0	0
D340.contig543	3782	0	0
D340.contig544	3779	0	0
D340.contig545	3773	125	7
D340.contig546	3769	120	28
D340.contig547	3761	0	0
D340.contig548	3760	0	0
D340.contig549	3753	0	0
D340.contig550	3746	0	0
D340.contig551	3743	0	0
D340.contig552	3710	2	0
D340.contig553	3709	0	0
D340.contig554	3707	0	0
D340.contig555	3704	885	73
D340.contig556	3690	0	0
D340.contig557	3659	0	0
D340.contig558	3650	0	0
D340.contig559	3644	0	0
D340.contig560	3633	89	20
D340.contig561	3626	0	0
D340.contig562	3611	32	3
D340.contig563	3608	0	0
D340.contig564	3606	0	0
D340.contig565	3599	131	3
D340.contig566	3588	0	0
D340.contig567	3571	0	0
D340.contig568	3566	0	0
D340.contig569	3561	0	0
D340.contig570	3558	0	0
D340.contig571	3549	101	7
D340.contig572	3543	0	0
D340.contig573	3536	0	0
D340.contig574	3522	3753	241
D340.contig575	3519	0	0
D340.contig576	3515	59	4
D340.contig577	3515	0	0
D340.contig578	3496	0	0
D340.contig579	3482	6	0
D340.contig580	3475	0	0
D340.contig581	3466	22	0
D340.contig582	3460	0	0
D340.contig583	3460	31	1
D340.contig584	3452	0	0
D340.contig585	3442	0	0
D340.contig586	3417	8	0
D340.contig587	3415	0	0
D340.contig588	3413	0	0
D340.contig589	3411	4	0
D340.contig590	3377	0	0
D340.contig591	3377	6	2
D340.contig592	3375	0	0
D340.contig593	3373	41	3
D340.contig594	3368	2	0
D340.contig595	3366	332	86
D340.contig596	3355	0	0
D340.contig597	3354	0	0
D340.contig598	3346	3	1
D340.contig599	3316	2	0
D340.contig600	3316	0	0
D340.contig601	3310	0	0
D340.contig602	3310	35	3
D340.contig603	3303	4	0
D340.contig604	3290	1	0
D340.contig605	3283	0	0
D340.contig606	3272	0	0
D340.contig607	3257	0	0
D340.contig608	3242	144	3
D340.contig609	3236	26	1
D340.contig610	3230	26	6
D340.contig611	3219	0	0
D340.contig612	3214	1396	102
D340.contig613	3210	0	0
D340.contig614	3209	120	2
D340.contig615	3189	0	0
D340.contig616	3189	0	0
D340.contig617	3168	0	0
D340.contig618	3158	0	0
D340.contig619	3157	0	0
D340.contig620	3150	0	0
D340.contig621	3148	46	4
D340.contig622	3139	0	0
D340.contig623	3139	35	0
D340.contig624	3128	0	0
D340.contig625	3115	4	2
D340.contig626	3108	24	2
D340.contig627	3105	0	0
D340.contig628	3097	32	3
D340.contig629	3089	0	0
D340.contig630	3088	2	0
D340.contig631	3078	0	0
D340.contig632	3076	16	0
D340.contig633	3075	0	0
D340.contig634	3060	13	1
D340.contig635	3059	16	2
D340.contig636	3054	39	5
D340.contig637	3047	0	0
D340.contig638	3047	0	0
D340.contig639	3036	0	0
D340.contig640	3033	0	0
D340.contig641	3024	13	1
D340.contig642	3023	0	0
D340.contig643	3022	0	0
D340.contig644	3003	0	0
D340.contig645	3001	0	0
*	0	0	6281034
