D340.contig1	164657	3519	63
D340.contig2	161684	3810	98
D340.contig3	153402	5400	153
D340.contig4	147110	6819	223
D340.contig5	141575	10552	259
D340.contig6	137024	0	0
D340.contig7	135720	6262	138
D340.contig8	125619	2870	85
D340.contig9	123525	1844	26
D340.contig10	114992	32976	495
D340.contig11	114942	13824	1304
D340.contig12	107364	8022	145
D340.contig13	102231	10210	292
D340.contig14	101675	2176	31
D340.contig15	97006	3115	39
D340.contig16	94927	1251	25
D340.contig17	94368	4790	59
D340.contig18	93557	2233	43
D340.contig19	93277	4827	68
D340.contig20	92037	6821	135
D340.contig21	90699	5878	114
D340.contig22	89629	8571	231
D340.contig23	83740	1847	24
D340.contig24	77406	5992	84
D340.contig25	75935	2778	76
D340.contig26	74337	2029	38
D340.contig27	74332	5753	104
D340.contig28	71618	23	1
D340.contig29	69310	665	17
D340.contig30	65605	1910	58
D340.contig31	64306	842	17
D340.contig32	64055	2247	41
D340.contig33	63800	620	295
D340.contig34	57923	5534	124
D340.contig35	56627	0	0
D340.contig36	55873	0	0
D340.contig37	55730	970	20
D340.contig38	52277	420	8
D340.contig39	52082	0	0
D340.contig40	51058	5587	93
D340.contig41	51037	10781	224
D340.contig42	49050	4366	64
D340.contig43	48940	1294	36
D340.contig44	48442	0	0
D340.contig45	47922	725	21
D340.contig46	46972	0	0
D340.contig47	46499	952	27
D340.contig48	44859	33	10
D340.contig49	44635	0	0
D340.contig50	44334	29	1
D340.contig51	43985	151	5
D340.contig52	43958	0	0
D340.contig53	43347	420	8
D340.contig54	43315	1540	35
D340.contig55	43235	0	0
D340.contig56	42969	0	0
D340.contig57	42808	0	0
D340.contig58	42542	0	0
D340.contig59	42354	0	0
D340.contig60	42302	0	0
D340.contig61	42213	13	3
D340.contig62	42101	1586	62
D340.contig63	41376	5300	168
D340.contig64	41259	1389	91
D340.contig65	40375	0	0
D340.contig66	40184	0	0
D340.contig67	40123	0	0
D340.contig68	40099	543	9
D340.contig69	40049	4	2
D340.contig70	39721	2597	77
D340.contig71	39630	0	0
D340.contig72	38777	7280	628
D340.contig73	38595	0	0
D340.contig74	38513	0	0
D340.contig75	37937	1	0
D340.contig76	37389	40118	800
D340.contig77	36765	0	0
D340.contig78	36723	0	0
D340.contig79	36440	0	0
D340.contig80	34999	0	0
D340.contig81	34605	0	0
D340.contig82	34564	31695	934
D340.contig83	33979	0	0
D340.contig84	33940	0	0
D340.contig85	33809	0	0
D340.contig86	33472	1	0
D340.contig87	33251	1296	22
D340.contig88	32292	0	0
D340.contig89	31987	364	12
D340.contig90	31940	0	0
D340.contig91	31892	4237	134
D340.contig92	31499	0	0
D340.contig93	31234	12734	311
D340.contig94	31208	497	10
D340.contig95	31067	237	9
D340.contig96	30933	0	0
D340.contig97	30758	1559	171
D340.contig98	30585	0	0
D340.contig99	30496	661	29
D340.contig100	29472	0	0
D340.contig101	28869	1	0
D340.contig102	28739	593	11
D340.contig103	28582	5985	371
D340.contig104	28465	0	0
D340.contig105	27737	4710	220
D340.contig106	27175	535	21
D340.contig107	26900	207	6
D340.contig108	26736	49	29
D340.contig109	26414	0	0
D340.contig110	26169	3	1
D340.contig111	26130	0	0
D340.contig112	25841	0	0
D340.contig113	25534	259	5
D340.contig114	25467	754	15
D340.contig115	25434	4165	309
D340.contig116	25331	0	0
D340.contig117	25178	183	1
D340.contig118	24997	0	0
D340.contig119	24863	3130	74
D340.contig120	24660	0	0
D340.contig121	24294	0	0
D340.contig122	24224	0	0
D340.contig123	23867	0	0
D340.contig124	23803	6405	164
D340.contig125	23313	0	0
D340.contig126	23180	0	0
D340.contig127	22894	0	0
D340.contig128	22425	0	0
D340.contig129	22319	0	0
D340.contig130	21853	0	0
D340.contig131	21679	0	0
D340.contig132	21467	0	0
D340.contig133	21447	0	0
D340.contig134	21005	0	0
D340.contig135	20902	0	0
D340.contig136	20862	392	8
D340.contig137	20724	621	32
D340.contig138	20506	241	6
D340.contig139	20485	0	0
D340.contig140	20225	3	1
D340.contig141	20125	0	0
D340.contig142	19793	0	0
D340.contig143	19671	1580	54
D340.contig144	19295	0	0
D340.contig145	19257	0	0
D340.contig146	19225	0	0
D340.contig147	19112	0	0
D340.contig148	19046	0	0
D340.contig149	18877	0	0
D340.contig150	18737	2655	65
D340.contig151	18528	0	0
D340.contig152	18514	0	0
D340.contig153	18503	3646	248
D340.contig154	18287	0	0
D340.contig155	17963	364	4
D340.contig156	17820	0	0
D340.contig157	17699	0	0
D340.contig158	17542	0	0
D340.contig159	17368	0	0
D340.contig160	17010	0	0
D340.contig161	16959	0	0
D340.contig162	16926	0	0
D340.contig163	16906	0	0
D340.contig164	16862	78	2
D340.contig165	16786	0	0
D340.contig166	16655	0	0
D340.contig167	16558	0	0
D340.contig168	16556	0	0
D340.contig169	16533	0	0
D340.contig170	16359	0	0
D340.contig171	16332	0	0
D340.contig172	16060	0	0
D340.contig173	16050	149	2
D340.contig174	15952	0	0
D340.contig175	15945	0	0
D340.contig176	15926	279	5
D340.contig177	15670	0	0
D340.contig178	15518	169	2
D340.contig179	15449	0	0
D340.contig180	15425	0	0
D340.contig181	15371	0	0
D340.contig182	15312	0	0
D340.contig183	15265	0	0
D340.contig184	15145	150	7
D340.contig185	15102	0	0
D340.contig186	15014	317	6
D340.contig187	14948	0	0
D340.contig188	14894	0	0
D340.contig189	14722	564	8
D340.contig190	14701	0	0
D340.contig191	14616	0	0
D340.contig192	14603	771	25
D340.contig193	14598	6016	515
D340.contig194	14586	0	0
D340.contig195	14539	175	13
D340.contig196	14429	0	0
D340.contig197	14245	0	0
D340.contig198	14185	2	1
D340.contig199	14133	0	0
D340.contig200	14127	0	0
D340.contig201	13941	0	0
D340.contig202	13920	0	0
D340.contig203	13916	2238	32
D340.contig204	13781	1838	56
D340.contig205	13671	4	0
D340.contig206	13593	0	0
D340.contig207	13560	0	0
D340.contig208	13540	0	0
D340.contig209	13424	4699	128
D340.contig210	13404	13	6
D340.contig211	13400	0	0
D340.contig212	12983	0	0
D340.contig213	12935	0	0
D340.contig214	12927	0	0
D340.contig215	12900	0	0
D340.contig216	12752	0	0
D340.contig217	12677	0	0
D340.contig218	12671	0	0
D340.contig219	12621	9	1
D340.contig220	12544	0	0
D340.contig221	12434	0	0
D340.contig222	12359	2	0
D340.contig223	12327	2438	182
D340.contig224	12273	60	2
D340.contig225	12142	0	0
D340.contig226	12127	822	169
D340.contig227	12102	0	0
D340.contig228	12043	0	0
D340.contig229	11999	0	0
D340.contig230	11921	107	2
D340.contig231	11888	0	0
D340.contig232	11851	0	0
D340.contig233	11811	0	0
D340.contig234	11790	12	0
D340.contig235	11780	0	0
D340.contig236	11621	0	0
D340.contig237	11443	0	0
D340.contig238	11305	215	2
D340.contig239	11267	0	0
D340.contig240	11248	0	0
D340.contig241	11190	3153	121
D340.contig242	11168	0	0
D340.contig243	11112	0	0
D340.contig244	11106	50	0
D340.contig245	11020	0	0
D340.contig246	11012	125	13
D340.contig247	10732	1	1
D340.contig248	10640	0	0
D340.contig249	10639	0	0
D340.contig250	10575	0	0
D340.contig251	10555	0	0
D340.contig252	10430	1	0
D340.contig253	10403	306	8
D340.contig254	10399	0	0
D340.contig255	10232	0	0
D340.contig256	10156	0	0
D340.contig257	10116	0	0
D340.contig258	10112	0	0
D340.contig259	10011	0	0
D340.contig260	10004	0	0
D340.contig261	9952	0	0
D340.contig262	9913	0	0
D340.contig263	9718	4314	104
D340.contig264	9646	97	3
D340.contig265	9646	0	0
D340.contig266	9569	0	0
D340.contig267	9539	8	2
D340.contig268	9538	0	0
D340.contig269	9426	0	0
D340.contig270	9366	0	0
D340.contig271	9363	0	0
D340.contig272	9339	2311	78
D340.contig273	9329	2602	124
D340.contig274	9256	3205	160
D340.contig275	9230	0	0
D340.contig276	9203	0	0
D340.contig277	8919	0	0
D340.contig278	8908	0	0
D340.contig279	8884	0	0
D340.contig280	8819	0	0
D340.contig281	8798	0	0
D340.contig282	8775	0	0
D340.contig283	8751	0	0
D340.contig284	8726	4	0
D340.contig285	8632	0	0
D340.contig286	8628	0	0
D340.contig287	8500	0	0
D340.contig288	8480	0	0
D340.contig289	8457	0	0
D340.contig290	8446	0	0
D340.contig291	8429	0	0
D340.contig292	8416	0	0
D340.contig293	8351	0	0
D340.contig294	8313	0	0
D340.contig295	8287	0	0
D340.contig296	8277	0	0
D340.contig297	8226	0	0
D340.contig298	8222	0	0
D340.contig299	8169	0	0
D340.contig300	8166	0	0
D340.contig301	8123	70	0
D340.contig302	8085	0	0
D340.contig303	8070	0	0
D340.contig304	8063	0	0
D340.contig305	8013	0	0
D340.contig306	7995	6	6
D340.contig307	7987	2	2
D340.contig308	7867	0	0
D340.contig309	7866	49	0
D340.contig310	7845	65	0
D340.contig311	7781	0	0
D340.contig312	7742	40	1
D340.contig313	7728	10	2
D340.contig314	7717	0	0
D340.contig315	7601	4	0
D340.contig316	7576	0	0
D340.contig317	7536	0	0
D340.contig318	7492	132	4
D340.contig319	7481	44	6
D340.contig320	7452	0	0
D340.contig321	7423	0	0
D340.contig322	7423	6	0
D340.contig323	7405	0	0
D340.contig324	7373	0	0
D340.contig325	7352	5241	199
D340.contig326	7306	0	0
D340.contig327	7293	3882	210
D340.contig328	7291	0	0
D340.contig329	7241	0	0
D340.contig330	7223	0	0
D340.contig331	7216	0	0
D340.contig332	7212	0	0
D340.contig333	7201	0	0
D340.contig334	7178	0	0
D340.contig335	7160	4	0
D340.contig336	7033	0	0
D340.contig337	7013	0	0
D340.contig338	6963	0	0
D340.contig339	6948	0	0
D340.contig340	6937	46	0
D340.contig341	6936	0	0
D340.contig342	6906	0	0
D340.contig343	6883	0	0
D340.contig344	6872	19	8
D340.contig345	6850	0	0
D340.contig346	6826	0	0
D340.contig347	6816	0	0
D340.contig348	6788	0	0
D340.contig349	6775	1024	92
D340.contig350	6768	0	0
D340.contig351	6759	0	0
D340.contig352	6748	114	8
D340.contig353	6720	0	0
D340.contig354	6712	0	0
D340.contig355	6712	0	0
D340.contig356	6706	0	0
D340.contig357	6663	0	0
D340.contig358	6610	97	5
D340.contig359	6580	0	0
D340.contig360	6553	0	0
D340.contig361	6541	0	0
D340.contig362	6530	318	7
D340.contig363	6509	0	0
D340.contig364	6482	103	7
D340.contig365	6453	62	8
D340.contig366	6449	0	0
D340.contig367	6446	0	0
D340.contig368	6445	0	0
D340.contig369	6420	0	0
D340.contig370	6413	176	8
D340.contig371	6397	0	0
D340.contig372	6365	0	0
D340.contig373	6334	0	0
D340.contig374	6309	0	0
D340.contig375	6272	0	0
D340.contig376	6272	0	0
D340.contig377	6266	0	0
D340.contig378	6248	0	0
D340.contig379	6241	778	29
D340.contig380	6165	0	0
D340.contig381	6157	0	0
D340.contig382	6096	0	0
D340.contig383	6088	1051	63
D340.contig384	6078	0	0
D340.contig385	6070	0	0
D340.contig386	6061	0	0
D340.contig387	6054	0	0
D340.contig388	6045	0	0
D340.contig389	6027	57	1
D340.contig390	6016	0	0
D340.contig391	5992	0	0
D340.contig392	5961	0	0
D340.contig393	5930	0	0
D340.contig394	5891	0	0
D340.contig395	5877	0	0
D340.contig396	5871	0	0
D340.contig397	5853	0	0
D340.contig398	5844	0	0
D340.contig399	5821	0	0
D340.contig400	5818	0	0
D340.contig401	5792	0	0
D340.contig402	5773	0	0
D340.contig403	5739	0	0
D340.contig404	5684	0	0
D340.contig405	5665	0	0
D340.contig406	5653	0	0
D340.contig407	5638	0	0
D340.contig408	5637	0	0
D340.contig409	5613	0	0
D340.contig410	5608	0	0
D340.contig411	5606	505	43
D340.contig412	5602	113	5
D340.contig413	5581	0	0
D340.contig414	5576	0	0
D340.contig415	5555	1	0
D340.contig416	5503	0	0
D340.contig417	5415	0	0
D340.contig418	5383	0	0
D340.contig419	5377	0	0
D340.contig420	5368	2075	58
D340.contig421	5366	0	0
D340.contig422	5358	0	0
D340.contig423	5325	0	0
D340.contig424	5312	1330	102
D340.contig425	5305	0	0
D340.contig426	5294	62	1
D340.contig427	5269	0	0
D340.contig428	5261	0	0
D340.contig429	5250	0	0
D340.contig430	5225	0	0
D340.contig431	5217	0	0
D340.contig432	5199	0	0
D340.contig433	5182	0	0
D340.contig434	5166	0	0
D340.contig435	5164	0	0
D340.contig436	5127	0	0
D340.contig437	5116	0	0
D340.contig438	5090	0	0
D340.contig439	5080	0	0
D340.contig440	5073	0	0
D340.contig441	5048	0	0
D340.contig442	5043	0	0
D340.contig443	5038	3957230	196879
D340.contig444	5001	0	0
D340.contig445	4954	0	0
D340.contig446	4951	0	0
D340.contig447	4913	0	0
D340.contig448	4913	0	0
D340.contig449	4911	0	0
D340.contig450	4881	0	0
D340.contig451	4868	0	0
D340.contig452	4863	0	0
D340.contig453	4822	23	0
D340.contig454	4793	0	0
D340.contig455	4790	4084	298
D340.contig456	4760	0	0
D340.contig457	4742	0	0
D340.contig458	4736	3439	211
D340.contig459	4681	0	0
D340.contig460	4663	0	0
D340.contig461	4663	0	0
D340.contig462	4652	0	0
D340.contig463	4642	0	0
D340.contig464	4632	0	0
D340.contig465	4616	0	0
D340.contig466	4609	0	0
D340.contig467	4606	2356	215
D340.contig468	4594	74	57
D340.contig469	4589	71	1
D340.contig470	4585	0	0
D340.contig471	4566	0	0
D340.contig472	4562	0	0
D340.contig473	4541	0	0
D340.contig474	4535	130	16
D340.contig475	4527	0	0
D340.contig476	4523	0	0
D340.contig477	4514	0	0
D340.contig478	4501	0	0
D340.contig479	4490	0	0
D340.contig480	4486	52	0
D340.contig481	4470	0	0
D340.contig482	4458	0	0
D340.contig483	4449	0	0
D340.contig484	4429	19	1
D340.contig485	4414	0	0
D340.contig486	4404	0	0
D340.contig487	4402	0	0
D340.contig488	4391	0	0
D340.contig489	4380	0	0
D340.contig490	4370	0	0
D340.contig491	4326	0	0
D340.contig492	4322	0	0
D340.contig493	4310	0	0
D340.contig494	4308	0	0
D340.contig495	4295	102	12
D340.contig496	4290	0	0
D340.contig497	4289	12	1
D340.contig498	4266	0	0
D340.contig499	4251	0	0
D340.contig500	4251	3573	279
D340.contig501	4236	0	0
D340.contig502	4230	28	1
D340.contig503	4223	0	0
D340.contig504	4181	0	0
D340.contig505	4176	0	0
D340.contig506	4170	0	0
D340.contig507	4152	0	0
D340.contig508	4142	0	0
D340.contig509	4116	0	0
D340.contig510	4102	0	0
D340.contig511	4100	0	0
D340.contig512	4093	5	0
D340.contig513	4092	0	0
D340.contig514	4077	0	0
D340.contig515	4069	0	0
D340.contig516	4060	0	0
D340.contig517	4047	0	0
D340.contig518	4033	0	0
D340.contig519	4027	0	0
D340.contig520	3990	0	0
D340.contig521	3947	0	0
D340.contig522	3937	0	0
D340.contig523	3933	0	0
D340.contig524	3919	0	0
D340.contig525	3914	43	1
D340.contig526	3895	0	0
D340.contig527	3889	0	0
D340.contig528	3883	0	0
D340.contig529	3880	0	0
D340.contig530	3878	0	0
D340.contig531	3868	0	0
D340.contig532	3860	22	2
D340.contig533	3859	0	0
D340.contig534	3827	0	0
D340.contig535	3818	2	0
D340.contig536	3809	131	11
D340.contig537	3806	0	0
D340.contig538	3803	0	0
D340.contig539	3803	0	0
D340.contig540	3800	0	0
D340.contig541	3797	0	0
D340.contig542	3790	0	0
D340.contig543	3782	0	0
D340.contig544	3779	0	0
D340.contig545	3773	129	7
D340.contig546	3769	0	0
D340.contig547	3761	0	0
D340.contig548	3760	0	0
D340.contig549	3753	0	0
D340.contig550	3746	0	0
D340.contig551	3743	0	0
D340.contig552	3710	0	0
D340.contig553	3709	0	0
D340.contig554	3707	0	0
D340.contig555	3704	1820	140
D340.contig556	3690	0	0
D340.contig557	3659	2	0
D340.contig558	3650	0	0
D340.contig559	3644	0	0
D340.contig560	3633	0	0
D340.contig561	3626	0	0
D340.contig562	3611	4	0
D340.contig563	3608	0	0
D340.contig564	3606	0	0
D340.contig565	3599	0	0
D340.contig566	3588	0	0
D340.contig567	3571	0	0
D340.contig568	3566	0	0
D340.contig569	3561	0	0
D340.contig570	3558	0	0
D340.contig571	3549	0	0
D340.contig572	3543	0	0
D340.contig573	3536	0	0
D340.contig574	3522	3419	277
D340.contig575	3519	0	0
D340.contig576	3515	0	0
D340.contig577	3515	0	0
D340.contig578	3496	0	0
D340.contig579	3482	0	0
D340.contig580	3475	0	0
D340.contig581	3466	5	0
D340.contig582	3460	0	0
D340.contig583	3460	0	0
D340.contig584	3452	0	0
D340.contig585	3442	0	0
D340.contig586	3417	0	0
D340.contig587	3415	0	0
D340.contig588	3413	0	0
D340.contig589	3411	0	0
D340.contig590	3377	0	0
D340.contig591	3377	0	0
D340.contig592	3375	0	0
D340.contig593	3373	0	0
D340.contig594	3368	0	0
D340.contig595	3366	0	0
D340.contig596	3355	0	0
D340.contig597	3354	0	0
D340.contig598	3346	0	0
D340.contig599	3316	0	0
D340.contig600	3316	0	0
D340.contig601	3310	0	0
D340.contig602	3310	22	0
D340.contig603	3303	0	0
D340.contig604	3290	0	0
D340.contig605	3283	0	0
D340.contig606	3272	0	0
D340.contig607	3257	0	0
D340.contig608	3242	123	0
D340.contig609	3236	0	0
D340.contig610	3230	0	0
D340.contig611	3219	0	0
D340.contig612	3214	3426	178
D340.contig613	3210	0	0
D340.contig614	3209	92	0
D340.contig615	3189	0	0
D340.contig616	3189	0	0
D340.contig617	3168	0	0
D340.contig618	3158	0	0
D340.contig619	3157	0	0
D340.contig620	3150	0	0
D340.contig621	3148	3	1
D340.contig622	3139	0	0
D340.contig623	3139	2	0
D340.contig624	3128	0	0
D340.contig625	3115	0	0
D340.contig626	3108	0	0
D340.contig627	3105	0	0
D340.contig628	3097	0	0
D340.contig629	3089	0	0
D340.contig630	3088	0	0
D340.contig631	3078	0	0
D340.contig632	3076	11	2
D340.contig633	3075	0	0
D340.contig634	3060	0	0
D340.contig635	3059	0	0
D340.contig636	3054	3	1
D340.contig637	3047	0	0
D340.contig638	3047	0	0
D340.contig639	3036	0	0
D340.contig640	3033	0	0
D340.contig641	3024	0	0
D340.contig642	3023	0	0
D340.contig643	3022	0	0
D340.contig644	3003	0	0
D340.contig645	3001	17	1
*	0	0	90928
