D340.contig1	164657	37547	603
D340.contig2	161684	48918	939
D340.contig3	153402	48557	960
D340.contig4	147110	51498	1043
D340.contig5	141575	65855	1431
D340.contig6	137024	0	0
D340.contig7	135720	68131	1214
D340.contig8	125619	28763	626
D340.contig9	123525	25932	466
D340.contig10	114992	54056	1094
D340.contig11	114942	34901	1591
D340.contig12	107364	39265	767
D340.contig13	102231	40585	714
D340.contig14	101675	25421	434
D340.contig15	97006	22278	340
D340.contig16	94927	14629	246
D340.contig17	94368	23455	386
D340.contig18	93557	23811	390
D340.contig19	93277	16931	284
D340.contig20	92037	44609	877
D340.contig21	90699	24468	515
D340.contig22	89629	90894	1928
D340.contig23	83740	24190	458
D340.contig24	77406	44395	894
D340.contig25	75935	35926	867
D340.contig26	74337	14595	241
D340.contig27	74332	31325	583
D340.contig28	71618	1722384	67409
D340.contig29	69310	11064	213
D340.contig30	65605	24793	673
D340.contig31	64306	19320	486
D340.contig32	64055	13736	253
D340.contig33	63800	1731	767
D340.contig34	57923	47306	1096
D340.contig35	56627	32959	1115
D340.contig36	55873	11791	393
D340.contig37	55730	8860	129
D340.contig38	52277	11302	226
D340.contig39	52082	21738	784
D340.contig40	51058	11214	193
D340.contig41	51037	28100	762
D340.contig42	49050	18899	293
D340.contig43	48940	19297	562
D340.contig44	48442	4698	110
D340.contig45	47922	10971	216
D340.contig46	46972	18732	244
D340.contig47	46499	9308	168
D340.contig48	44859	15019	541
D340.contig49	44635	25029	672
D340.contig50	44334	0	0
D340.contig51	43985	4852	85
D340.contig52	43958	995174	28147
D340.contig53	43347	6398	124
D340.contig54	43315	15259	263
D340.contig55	43235	0	0
D340.contig56	42969	0	0
D340.contig57	42808	79213	1937
D340.contig58	42542	6267	139
D340.contig59	42354	2	0
D340.contig60	42302	0	0
D340.contig61	42213	22548	735
D340.contig62	42101	15295	481
D340.contig63	41376	17979	395
D340.contig64	41259	15877	454
D340.contig65	40375	2	2
D340.contig66	40184	6595	213
D340.contig67	40123	0	0
D340.contig68	40099	4917	77
D340.contig69	40049	4663	120
D340.contig70	39721	17252	318
D340.contig71	39630	44563	1498
D340.contig72	38777	10010	203
D340.contig73	38595	13158	555
D340.contig74	38513	510	20
D340.contig75	37937	11049	323
D340.contig76	37389	80541	2115
D340.contig77	36765	2	0
D340.contig78	36723	13073	340
D340.contig79	36440	6198	154
D340.contig80	34999	28	0
D340.contig81	34605	53608	1525
D340.contig82	34564	37127	1654
D340.contig83	33979	13256	370
D340.contig84	33940	2519	53
D340.contig85	33809	2758	65
D340.contig86	33472	660710	22204
D340.contig87	33251	10513	188
D340.contig88	32292	0	0
D340.contig89	31987	4648	86
D340.contig90	31940	0	0
D340.contig91	31892	19613	464
D340.contig92	31499	4704	84
D340.contig93	31234	67867	2028
D340.contig94	31208	7467	114
D340.contig95	31067	3705	56
D340.contig96	30933	0	0
D340.contig97	30758	8092	260
D340.contig98	30585	3	1
D340.contig99	30496	3149	49
D340.contig100	29472	3554	120
D340.contig101	28869	11741	189
D340.contig102	28739	4576	71
D340.contig103	28582	26147	1163
D340.contig104	28465	2	0
D340.contig105	27737	32017	1353
D340.contig106	27175	7247	329
D340.contig107	26900	4391	69
D340.contig108	26736	148	87
D340.contig109	26414	0	0
D340.contig110	26169	179	3
D340.contig111	26130	1	1
D340.contig112	25841	1	1
D340.contig113	25534	5104	129
D340.contig114	25467	10320	194
D340.contig115	25434	13590	1490
D340.contig116	25331	0	0
D340.contig117	25178	3207	57
D340.contig118	24997	3794	71
D340.contig119	24863	14957	327
D340.contig120	24660	7241	268
D340.contig121	24294	3210	78
D340.contig122	24224	1163	47
D340.contig123	23867	7	5
D340.contig124	23803	57139	1579
D340.contig125	23313	4663	107
D340.contig126	23180	1858	62
D340.contig127	22894	1681	35
D340.contig128	22425	0	0
D340.contig129	22319	1446	49
D340.contig130	21853	0	0
D340.contig131	21679	671	18
D340.contig132	21467	102	2
D340.contig133	21447	3846	127
D340.contig134	21005	2319	72
D340.contig135	20902	0	0
D340.contig136	20862	3005	73
D340.contig137	20724	4129	116
D340.contig138	20506	3248	57
D340.contig139	20485	0	0
D340.contig140	20225	9	1
D340.contig141	20125	1771	43
D340.contig142	19793	1478890	73411
D340.contig143	19671	1643	30
D340.contig144	19295	5254	154
D340.contig145	19257	4	3
D340.contig146	19225	0	0
D340.contig147	19112	3	0
D340.contig148	19046	711	26
D340.contig149	18877	1068956	51644
D340.contig150	18737	15309	513
D340.contig151	18528	0	0
D340.contig152	18514	920	34
D340.contig153	18503	22466	1639
D340.contig154	18287	492	9
D340.contig155	17963	3091	50
D340.contig156	17820	931	30
D340.contig157	17699	825	24
D340.contig158	17542	1356	40
D340.contig159	17368	1488	46
D340.contig160	17010	2478	65
D340.contig161	16959	32	2
D340.contig162	16926	9573	295
D340.contig163	16906	508	10
D340.contig164	16862	1129	22
D340.contig165	16786	2909	127
D340.contig166	16655	0	0
D340.contig167	16558	3638	129
D340.contig168	16556	931	43
D340.contig169	16533	1409	43
D340.contig170	16359	1169	45
D340.contig171	16332	568	25
D340.contig172	16060	1028	26
D340.contig173	16050	2385	40
D340.contig174	15952	0	0
D340.contig175	15945	2	0
D340.contig176	15926	3292	67
D340.contig177	15670	0	0
D340.contig178	15518	3194	68
D340.contig179	15449	0	0
D340.contig180	15425	1419	47
D340.contig181	15371	0	0
D340.contig182	15312	32	0
D340.contig183	15265	0	0
D340.contig184	15145	952	33
D340.contig185	15102	1514	46
D340.contig186	15014	1498	25
D340.contig187	14948	1351	16
D340.contig188	14894	0	0
D340.contig189	14722	5851	105
D340.contig190	14701	1168	44
D340.contig191	14616	926	23
D340.contig192	14603	6884	164
D340.contig193	14598	38158	2389
D340.contig194	14586	48	6
D340.contig195	14539	1538	60
D340.contig196	14429	0	0
D340.contig197	14245	1931	33
D340.contig198	14185	6	2
D340.contig199	14133	598	19
D340.contig200	14127	670	47
D340.contig201	13941	550	18
D340.contig202	13920	1830	50
D340.contig203	13916	9389	161
D340.contig204	13781	19772	445
D340.contig205	13671	961	19
D340.contig206	13593	465	19
D340.contig207	13560	1206	28
D340.contig208	13540	1174	44
D340.contig209	13424	22637	710
D340.contig210	13404	16	5
D340.contig211	13400	1755	41
D340.contig212	12983	8	0
D340.contig213	12935	0	0
D340.contig214	12927	1443	31
D340.contig215	12900	0	0
D340.contig216	12752	0	0
D340.contig217	12677	874	18
D340.contig218	12671	0	0
D340.contig219	12621	446488	21625
D340.contig220	12544	1277	21
D340.contig221	12434	836	24
D340.contig222	12359	6	2
D340.contig223	12327	12087	753
D340.contig224	12273	682	11
D340.contig225	12142	1837	61
D340.contig226	12127	6499	783
D340.contig227	12102	1292	32
D340.contig228	12043	0	0
D340.contig229	11999	1781	50
D340.contig230	11921	1163	29
D340.contig231	11888	0	0
D340.contig232	11851	1252	23
D340.contig233	11811	452	14
D340.contig234	11790	1097	29
D340.contig235	11780	0	0
D340.contig236	11621	0	0
D340.contig237	11443	600	16
D340.contig238	11305	932	16
D340.contig239	11267	231	6
D340.contig240	11248	0	0
D340.contig241	11190	14656	623
D340.contig242	11168	1	1
D340.contig243	11112	0	0
D340.contig244	11106	1752	36
D340.contig245	11020	430	13
D340.contig246	11012	1490	64
D340.contig247	10732	0	0
D340.contig248	10640	4722	169
D340.contig249	10639	0	0
D340.contig250	10575	675	24
D340.contig251	10555	0	0
D340.contig252	10430	1152	33
D340.contig253	10403	1920	47
D340.contig254	10399	673	19
D340.contig255	10232	2204	94
D340.contig256	10156	2943	105
D340.contig257	10116	313	7
D340.contig258	10112	0	0
D340.contig259	10011	0	0
D340.contig260	10004	0	0
D340.contig261	9952	0	0
D340.contig262	9913	454	10
D340.contig263	9718	20469	557
D340.contig264	9646	3664	66
D340.contig265	9646	1510	52
D340.contig266	9569	0	0
D340.contig267	9539	163375	7906
D340.contig268	9538	1302	38
D340.contig269	9426	525	24
D340.contig270	9366	0	0
D340.contig271	9363	0	0
D340.contig272	9339	8277	354
D340.contig273	9329	13081	594
D340.contig274	9256	25074	900
D340.contig275	9230	2	0
D340.contig276	9203	0	0
D340.contig277	8919	0	0
D340.contig278	8908	0	0
D340.contig279	8884	0	0
D340.contig280	8819	4424	144
D340.contig281	8798	0	0
D340.contig282	8775	0	0
D340.contig283	8751	424	9
D340.contig284	8726	28	0
D340.contig285	8632	228	8
D340.contig286	8628	287	3
D340.contig287	8500	350	7
D340.contig288	8480	721	32
D340.contig289	8457	836	18
D340.contig290	8446	0	0
D340.contig291	8429	479	21
D340.contig292	8416	0	0
D340.contig293	8351	0	0
D340.contig294	8313	0	0
D340.contig295	8287	0	0
D340.contig296	8277	0	0
D340.contig297	8226	771	55
D340.contig298	8222	514	24
D340.contig299	8169	446	16
D340.contig300	8166	0	0
D340.contig301	8123	39	1
D340.contig302	8085	505	25
D340.contig303	8070	0	0
D340.contig304	8063	688	32
D340.contig305	8013	0	0
D340.contig306	7995	225	127
D340.contig307	7987	8	0
D340.contig308	7867	0	0
D340.contig309	7866	376	7
D340.contig310	7845	601	10
D340.contig311	7781	379	12
D340.contig312	7742	371	10
D340.contig313	7728	0	0
D340.contig314	7717	950	49
D340.contig315	7601	459	7
D340.contig316	7576	0	0
D340.contig317	7536	0	0
D340.contig318	7492	518	13
D340.contig319	7481	1433	111
D340.contig320	7452	0	0
D340.contig321	7423	0	0
D340.contig322	7423	468	12
D340.contig323	7405	38	0
D340.contig324	7373	311	11
D340.contig325	7352	17759	697
D340.contig326	7306	0	0
D340.contig327	7293	7069	644
D340.contig328	7291	0	0
D340.contig329	7241	155	9
D340.contig330	7223	690	4
D340.contig331	7216	0	0
D340.contig332	7212	369	13
D340.contig333	7201	0	0
D340.contig334	7178	0	0
D340.contig335	7160	2	1
D340.contig336	7033	499	91
D340.contig337	7013	1202	35
D340.contig338	6963	1570	166
D340.contig339	6948	410	26
D340.contig340	6937	4810	40
D340.contig341	6936	134	4
D340.contig342	6906	1643	60
D340.contig343	6883	253	21
D340.contig344	6872	80	25
D340.contig345	6850	0	0
D340.contig346	6826	0	0
D340.contig347	6816	384	7
D340.contig348	6788	313	15
D340.contig349	6775	434	15
D340.contig350	6768	216	13
D340.contig351	6759	271	7
D340.contig352	6748	965	89
D340.contig353	6720	286	4
D340.contig354	6712	274	12
D340.contig355	6712	118	3
D340.contig356	6706	0	0
D340.contig357	6663	108	2
D340.contig358	6610	478	13
D340.contig359	6580	822	33
D340.contig360	6553	109	5
D340.contig361	6541	387	14
D340.contig362	6530	563	13
D340.contig363	6509	396	14
D340.contig364	6482	624	14
D340.contig365	6453	541	22
D340.contig366	6449	655	24
D340.contig367	6446	36	0
D340.contig368	6445	2939	455
D340.contig369	6420	123117	3037
D340.contig370	6413	283	7
D340.contig371	6397	419	5
D340.contig372	6365	399	7
D340.contig373	6334	0	0
D340.contig374	6309	0	0
D340.contig375	6272	137	7
D340.contig376	6272	833	27
D340.contig377	6266	0	0
D340.contig378	6248	244	6
D340.contig379	6241	6003	255
D340.contig380	6165	485	25
D340.contig381	6157	21241	734
D340.contig382	6096	0	0
D340.contig383	6088	5861	292
D340.contig384	6078	643	12
D340.contig385	6070	10	0
D340.contig386	6061	164	8
D340.contig387	6054	0	0
D340.contig388	6045	0	0
D340.contig389	6027	825	12
D340.contig390	6016	286	12
D340.contig391	5992	6	0
D340.contig392	5961	0	0
D340.contig393	5930	350	10
D340.contig394	5891	330	6
D340.contig395	5877	0	0
D340.contig396	5871	247	10
D340.contig397	5853	124	4
D340.contig398	5844	0	0
D340.contig399	5821	0	0
D340.contig400	5818	308	16
D340.contig401	5792	92	2
D340.contig402	5773	322	15
D340.contig403	5739	294	9
D340.contig404	5684	0	0
D340.contig405	5665	186	9
D340.contig406	5653	0	0
D340.contig407	5638	258	8
D340.contig408	5637	258	3
D340.contig409	5613	0	0
D340.contig410	5608	0	0
D340.contig411	5606	576	32
D340.contig412	5602	322	2
D340.contig413	5581	0	0
D340.contig414	5576	0	0
D340.contig415	5555	0	0
D340.contig416	5503	0	0
D340.contig417	5415	107	5
D340.contig418	5383	237	3
D340.contig419	5377	0	0
D340.contig420	5368	6921	263
D340.contig421	5366	0	0
D340.contig422	5358	0	0
D340.contig423	5325	168	9
D340.contig424	5312	7521	485
D340.contig425	5305	56	4
D340.contig426	5294	764	18
D340.contig427	5269	0	0
D340.contig428	5261	0	0
D340.contig429	5250	49062	3048
D340.contig430	5225	416	16
D340.contig431	5217	0	0
D340.contig432	5199	0	0
D340.contig433	5182	2	0
D340.contig434	5166	193	13
D340.contig435	5164	50	2
D340.contig436	5127	0	0
D340.contig437	5116	0	0
D340.contig438	5090	0	0
D340.contig439	5080	289	11
D340.contig440	5073	4	0
D340.contig441	5048	0	0
D340.contig442	5043	150	6
D340.contig443	5038	769196	27720
D340.contig444	5001	0	0
D340.contig445	4954	0	0
D340.contig446	4951	0	0
D340.contig447	4913	3	2
D340.contig448	4913	0	0
D340.contig449	4911	0	0
D340.contig450	4881	301	8
D340.contig451	4868	0	0
D340.contig452	4863	135	3
D340.contig453	4822	316	6
D340.contig454	4793	0	0
D340.contig455	4790	17011	1816
D340.contig456	4760	13	1
D340.contig457	4742	88	1
D340.contig458	4736	14791	875
D340.contig459	4681	0	0
D340.contig460	4663	0	0
D340.contig461	4663	0	0
D340.contig462	4652	0	0
D340.contig463	4642	0	0
D340.contig464	4632	314	4
D340.contig465	4616	0	0
D340.contig466	4609	0	0
D340.contig467	4606	6343	581
D340.contig468	4594	156	115
D340.contig469	4589	2664	53
D340.contig470	4585	173	10
D340.contig471	4566	0	0
D340.contig472	4562	0	0
D340.contig473	4541	0	0
D340.contig474	4535	481	24
D340.contig475	4527	356	7
D340.contig476	4523	56	4
D340.contig477	4514	101	0
D340.contig478	4501	211	1
D340.contig479	4490	11	1
D340.contig480	4486	268	6
D340.contig481	4470	0	0
D340.contig482	4458	305	13
D340.contig483	4449	184	8
D340.contig484	4429	219	6
D340.contig485	4414	187450	17862
D340.contig486	4404	0	0
D340.contig487	4402	165	8
D340.contig488	4391	117	2
D340.contig489	4380	255	3
D340.contig490	4370	0	0
D340.contig491	4326	183	0
D340.contig492	4322	40	2
D340.contig493	4310	183	5
D340.contig494	4308	220	2
D340.contig495	4295	131	5
D340.contig496	4290	0	0
D340.contig497	4289	44515	889
D340.contig498	4266	0	0
D340.contig499	4251	168	10
D340.contig500	4251	15562	1429
D340.contig501	4236	260	9
D340.contig502	4230	180	1
D340.contig503	4223	1	1
D340.contig504	4181	0	0
D340.contig505	4176	0	0
D340.contig506	4170	190	16
D340.contig507	4152	0	0
D340.contig508	4142	0	0
D340.contig509	4116	241	8
D340.contig510	4102	0	0
D340.contig511	4100	0	0
D340.contig512	4093	188	6
D340.contig513	4092	382	13
D340.contig514	4077	0	0
D340.contig515	4069	0	0
D340.contig516	4060	240	6
D340.contig517	4047	0	0
D340.contig518	4033	352	19
D340.contig519	4027	122	2
D340.contig520	3990	95	5
D340.contig521	3947	0	0
D340.contig522	3937	265	20
D340.contig523	3933	129	7
D340.contig524	3919	53	3
D340.contig525	3914	3221	78
D340.contig526	3895	206	3
D340.contig527	3889	0	0
D340.contig528	3883	150	14
D340.contig529	3880	181	6
D340.contig530	3878	120	4
D340.contig531	3868	148	9
D340.contig532	3860	200	5
D340.contig533	3859	305	14
D340.contig534	3827	93	4
D340.contig535	3818	168	4
D340.contig536	3809	0	0
D340.contig537	3806	110	4
D340.contig538	3803	0	0
D340.contig539	3803	0	0
D340.contig540	3800	9	1
D340.contig541	3797	5	1
D340.contig542	3790	2	0
D340.contig543	3782	108	9
D340.contig544	3779	0	0
D340.contig545	3773	179	9
D340.contig546	3769	202	6
D340.contig547	3761	181	9
D340.contig548	3760	0	0
D340.contig549	3753	186	11
D340.contig550	3746	170	10
D340.contig551	3743	0	0
D340.contig552	3710	156	10
D340.contig553	3709	0	0
D340.contig554	3707	115	3
D340.contig555	3704	4859	380
D340.contig556	3690	229	9
D340.contig557	3659	0	0
D340.contig558	3650	0	0
D340.contig559	3644	144	8
D340.contig560	3633	96	4
D340.contig561	3626	0	0
D340.contig562	3611	177	8
D340.contig563	3608	208	14
D340.contig564	3606	176	10
D340.contig565	3599	110	4
D340.contig566	3588	2147	63
D340.contig567	3571	188	16
D340.contig568	3566	0	0
D340.contig569	3561	0	0
D340.contig570	3558	0	0
D340.contig571	3549	0	0
D340.contig572	3543	237	10
D340.contig573	3536	40	4
D340.contig574	3522	14453	1111
D340.contig575	3519	0	0
D340.contig576	3515	143	8
D340.contig577	3515	0	0
D340.contig578	3496	0	0
D340.contig579	3482	21	1
D340.contig580	3475	142	4
D340.contig581	3466	151	5
D340.contig582	3460	0	0
D340.contig583	3460	37	0
D340.contig584	3452	0	0
D340.contig585	3442	0	0
D340.contig586	3417	56	6
D340.contig587	3415	0	0
D340.contig588	3413	0	0
D340.contig589	3411	55	3
D340.contig590	3377	0	0
D340.contig591	3377	129	10
D340.contig592	3375	0	0
D340.contig593	3373	42	6
D340.contig594	3368	169	13
D340.contig595	3366	1	1
D340.contig596	3355	0	0
D340.contig597	3354	124	6
D340.contig598	3346	86	6
D340.contig599	3316	2	0
D340.contig600	3316	0	0
D340.contig601	3310	0	0
D340.contig602	3310	106	7
D340.contig603	3303	144	2
D340.contig604	3290	4	0
D340.contig605	3283	0	0
D340.contig606	3272	0	0
D340.contig607	3257	143	3
D340.contig608	3242	957	19
D340.contig609	3236	69	2
D340.contig610	3230	44	1
D340.contig611	3219	0	0
D340.contig612	3214	6992	485
D340.contig613	3210	128	8
D340.contig614	3209	516	12
D340.contig615	3189	0	0
D340.contig616	3189	0	0
D340.contig617	3168	0	0
D340.contig618	3158	2	2
D340.contig619	3157	195	11
D340.contig620	3150	0	0
D340.contig621	3148	142	6
D340.contig622	3139	0	0
D340.contig623	3139	147	0
D340.contig624	3128	147	5
D340.contig625	3115	163	6
D340.contig626	3108	151	4
D340.contig627	3105	0	0
D340.contig628	3097	122	13
D340.contig629	3089	0	0
D340.contig630	3088	70	6
D340.contig631	3078	0	0
D340.contig632	3076	114	6
D340.contig633	3075	0	0
D340.contig634	3060	18	0
D340.contig635	3059	102	4
D340.contig636	3054	129	6
D340.contig637	3047	164	5
D340.contig638	3047	335	43
D340.contig639	3036	140	6
D340.contig640	3033	0	0
D340.contig641	3024	78	10
D340.contig642	3023	18	2
D340.contig643	3022	149	5
D340.contig644	3003	0	0
D340.contig645	3001	13	1
*	0	0	484128
