R3401.contig1	1836	26974	1144
R3401.contig2	1738	96674	7173
R3401.contig3	1536	32672	1208
R3401.contig4	1300	30982	503
R3401.contig5	1035	283	4
R3401.contig6	1021	2404	12
R3401.contig7	974	371983	28765
R3401.contig8	958	258	9
R3401.contig9	912	4284	147
R3401.contig10	912	50626	2097
R3401.contig11	848	4436	256
R3401.contig12	837	17378	2789
R3401.contig13	821	23365	549
R3401.contig14	769	8909	2637
R3401.contig15	696	79513	31473
R3401.contig16	688	2479	102
R3401.contig17	684	6444	1652
R3401.contig18	678	104	5
R3401.contig19	667	56	2
R3401.contig20	662	47	7
R3401.contig21	658	4787	2371
R3401.contig22	652	210110	54442
R3401.contig23	649	54737	11166
R3401.contig24	643	125	5
R3401.contig25	639	2360	19
R3401.contig26	624	5341	299
R3401.contig27	605	8727	452
R3401.contig28	600	25276	1386
R3401.contig29	597	67329	13120
R3401.contig30	587	299	7
R3401.contig31	580	1324	125
R3401.contig32	573	50450	3042
R3401.contig33	569	3192	257
R3401.contig34	565	30003	1228
R3401.contig35	560	3574	1151
R3401.contig36	548	14773	1987
R3401.contig37	537	69	3
R3401.contig38	536	32	6
R3401.contig39	529	6581	234
R3401.contig40	516	333	44
R3401.contig41	507	147	31
R3401.contig42	506	92	17
R3401.contig43	506	2850	765
R3401.contig44	504	1685	85
R3401.contig45	484	1894	830
R3401.contig46	471	69	14
R3401.contig47	466	1155	242
R3401.contig48	465	12614	6307
R3401.contig49	465	32931	4391
R3401.contig50	460	46	6
R3401.contig51	451	1682	153
R3401.contig52	435	497	155
R3401.contig53	433	1888	104
R3401.contig54	428	8776	1706
R3401.contig55	425	26	5
R3401.contig56	424	56494	10628
R3401.contig57	423	7728	947
R3401.contig58	414	28	2
R3401.contig59	414	117540	9033
R3401.contig60	413	68	6
R3401.contig61	412	20	9
R3401.contig62	408	5299	387
R3401.contig63	408	42083	3694
R3401.contig64	406	23303	6216
R3401.contig65	396	1960	698
R3401.contig66	392	4617	1470
R3401.contig67	388	29635	3656
R3401.contig68	388	126	5
R3401.contig69	386	8561	81
R3401.contig70	385	6921	610
R3401.contig71	379	14566	970
R3401.contig72	379	4228	762
R3401.contig73	376	2122	185
R3401.contig74	376	9681	5379
R3401.contig75	375	800	126
R3401.contig76	375	351	23
R3401.contig77	368	21850	1873
R3401.contig78	367	808	122
R3401.contig79	366	43555	18577
R3401.contig80	361	128	20
R3401.contig81	361	250	8
R3401.contig82	352	1749	108
R3401.contig83	352	32	2
R3401.contig84	351	510	75
R3401.contig85	350	13202	432
R3401.contig86	347	48	0
R3401.contig87	345	966	21
R3401.contig88	342	100864	29658
R3401.contig89	334	105182	16514
R3401.contig90	319	1596	229
R3401.contig91	319	88321	15005
R3401.contig92	317	123	26
R3401.contig93	311	270	12
R3401.contig94	307	2569	197
R3401.contig95	305	278718	17406
R3401.contig96	300	3451	1653
*	0	0	746316
