R4011.contig1	1869	569194	79907
R4011.contig2	1678	4152832	191672
R4011.contig3	1537	3065526	169709
R4011.contig4	1400	4598	1633
R4011.contig5	1269	681762	101927
R4011.contig6	1084	69116	914
R4011.contig7	821	309	66
R4011.contig8	764	2404	578
R4011.contig9	747	6362	1592
R4011.contig10	737	185496	33985
R4011.contig11	676	23	1
R4011.contig12	671	79729	3316
R4011.contig13	653	80083	8478
R4011.contig14	643	162309	22542
R4011.contig15	603	4233	1836
R4011.contig16	602	5825	1888
R4011.contig17	586	1436	628
R4011.contig18	570	826	41
R4011.contig19	568	0	0
R4011.contig20	544	2485	685
R4011.contig21	528	324	26
R4011.contig22	501	132	23
R4011.contig23	484	0	0
R4011.contig24	477	440	84
R4011.contig25	472	312	59
R4011.contig26	460	446	110
R4011.contig27	445	1166	69
R4011.contig28	440	23504	12184
R4011.contig29	439	55619	3660
R4011.contig30	438	1680	488
R4011.contig31	416	45	3
R4011.contig32	408	3020	769
R4011.contig33	396	248677	29060
R4011.contig34	387	264918	29248
R4011.contig35	364	201	22
R4011.contig36	344	1078	346
R4011.contig37	338	6	0
R4011.contig38	333	56660	6312
R4011.contig39	332	0	0
R4011.contig40	323	658	14
R4011.contig41	314	36	2
R4011.contig42	314	83	70
R4011.contig43	302	0	0
*	0	0	16920598
