D4000.contig1	117845	130978	3080
D4000.contig2	116627	100899	2221
D4000.contig3	74244	68940	1788
D4000.contig4	68659	37532	956
D4000.contig5	66472	42761	994
D4000.contig6	66111	35971	824
D4000.contig7	63214	15376	299
D4000.contig8	60436	20725	519
D4000.contig9	60263	23897	484
D4000.contig10	58612	32255	736
D4000.contig11	58096	32809	718
D4000.contig12	56379	25297	717
D4000.contig13	56043	21432	477
D4000.contig14	55764	24372	525
D4000.contig15	52910	91392	2260
D4000.contig16	50901	1976133	68456
D4000.contig17	49095	30555	649
D4000.contig18	48717	22516	510
D4000.contig19	47763	16768	356
D4000.contig20	46212	30886	769
D4000.contig21	45185	36280	786
D4000.contig22	40800	33978	890
D4000.contig23	40083	12591	284
D4000.contig24	39973	34410	1121
D4000.contig25	38101	25391	627
D4000.contig26	37708	28962	1139
D4000.contig27	37317	20182	758
D4000.contig28	37179	17128	393
D4000.contig29	36511	110096	3308
D4000.contig30	36355	23065	509
D4000.contig31	36349	72811	1625
D4000.contig32	36057	9254	171
D4000.contig33	34728	21027	480
D4000.contig34	34054	28292	656
D4000.contig35	32949	30675	701
D4000.contig36	32614	22968	551
D4000.contig37	32575	8649	192
D4000.contig38	32470	6768	148
D4000.contig39	32227	8497	211
D4000.contig40	32093	12050	289
D4000.contig41	31931	17264	450
D4000.contig42	31810	15281	394
D4000.contig43	31786	11214	257
D4000.contig44	31540	12564	280
D4000.contig45	31436	24754	652
D4000.contig46	31212	116677	2719
D4000.contig47	30937	17861	391
D4000.contig48	29819	9707	202
D4000.contig49	29478	8075	162
D4000.contig50	28543	6072	134
D4000.contig51	27914	62143	1393
D4000.contig52	27839	14834	359
D4000.contig53	27363	4997	106
D4000.contig54	27169	255686	10840
D4000.contig55	27036	27693	856
D4000.contig56	26519	9244	216
D4000.contig57	26342	8041	176
D4000.contig58	26225	10944	257
D4000.contig59	26196	6386	133
D4000.contig60	25967	5019	163
D4000.contig61	25607	13137	237
D4000.contig62	25261	6433	126
D4000.contig63	25163	75991	1854
D4000.contig64	25010	13450	416
D4000.contig65	24141	7315	177
D4000.contig66	23625	7072	165
D4000.contig67	23620	54770	1342
D4000.contig68	23538	9941	226
D4000.contig69	23335	39124	1558
D4000.contig70	23276	5421	126
D4000.contig71	23236	20933	737
D4000.contig72	23113	13029	363
D4000.contig73	22821	19598	450
D4000.contig74	22501	6446	152
D4000.contig75	22170	7518	162
D4000.contig76	22027	5290	136
D4000.contig77	21986	17166	347
D4000.contig78	21856	12607	335
D4000.contig79	21769	4848	113
D4000.contig80	21557	7384	173
D4000.contig81	21154	5021	115
D4000.contig82	20654	3465	60
D4000.contig83	20439	31095	1277
D4000.contig84	20412	5520	123
D4000.contig85	20111	5689	92
D4000.contig86	20070	286054	6584
D4000.contig87	19884	1037383	34328
D4000.contig88	19736	857807	24630
D4000.contig89	19604	5170	111
D4000.contig90	19190	4320	93
D4000.contig91	19084	5517	113
D4000.contig92	19015	3724	83
D4000.contig93	18774	8276	209
D4000.contig94	18746	9178	300
D4000.contig95	18591	9950	220
D4000.contig96	18322	5293	133
D4000.contig97	18321	96796	2295
D4000.contig98	18247	4322	97
D4000.contig99	18212	4833	102
D4000.contig100	17715	7281	174
D4000.contig101	17632	3104	94
D4000.contig102	17480	4830	95
D4000.contig103	17086	8599	206
D4000.contig104	16948	4623	96
D4000.contig105	16946	2969	71
D4000.contig106	16784	5030	130
D4000.contig107	16780	10040	177
D4000.contig108	16668	52964	1387
D4000.contig109	16660	2885	74
D4000.contig110	16440	20731	504
D4000.contig111	16359	4076	93
D4000.contig112	16165	2927	60
D4000.contig113	15841	5303	114
D4000.contig114	15790	10042	233
D4000.contig115	15762	6991	157
D4000.contig116	15720	3911	82
D4000.contig117	15644	3062	72
D4000.contig118	15618	7665	312
D4000.contig119	15382	3192	89
D4000.contig120	15351	2503	50
D4000.contig121	15092	4491	126
D4000.contig122	14950	3801	85
D4000.contig123	14946	5354	100
D4000.contig124	14933	2828	75
D4000.contig125	14553	2223	80
D4000.contig126	14382	8111	178
D4000.contig127	14162	2417	60
D4000.contig128	14158	4323	92
D4000.contig129	13856	3188	77
D4000.contig130	13822	1951	51
D4000.contig131	13763	5919	124
D4000.contig132	13575	15631	359
D4000.contig133	13384	27266	801
D4000.contig134	13372	6942	166
D4000.contig135	13346	1787	55
D4000.contig136	13243	1530	37
D4000.contig137	13221	4347	84
D4000.contig138	13192	3161	80
D4000.contig139	13125	8372	328
D4000.contig140	13110	2502	57
D4000.contig141	12815	4201	102
D4000.contig142	12704	100912	4587
D4000.contig143	12505	3041	82
D4000.contig144	12467	3527	81
D4000.contig145	12373	174148	4780
D4000.contig146	12361	38751	1038
D4000.contig147	12260	3912	83
D4000.contig148	12095	2006	50
D4000.contig149	12089	2269	57
D4000.contig150	12075	1856	41
D4000.contig151	12003	7437	173
D4000.contig152	11873	4283	103
D4000.contig153	11680	383631	12583
D4000.contig154	11554	3796	74
D4000.contig155	11547	2632	53
D4000.contig156	11479	2238	47
D4000.contig157	11352	5394	104
D4000.contig158	11342	5913	142
D4000.contig159	11297	2023	43
D4000.contig160	11239	3093	73
D4000.contig161	11172	2240	52
D4000.contig162	11164	17600	515
D4000.contig163	11073	1857	36
D4000.contig164	11024	25702	883
D4000.contig165	11006	6980	201
D4000.contig166	10838	3124	80
D4000.contig167	10730	1917	36
D4000.contig168	10515	2713	74
D4000.contig169	10334	1806	41
D4000.contig170	10218	2548	60
D4000.contig171	10005	4209	79
D4000.contig172	9995	2177	52
D4000.contig173	9918	2319	74
D4000.contig174	9918	2219	50
D4000.contig175	9696	27162	701
D4000.contig176	9623	13449	649
D4000.contig177	9616	11929	211
D4000.contig178	9579	1254	33
D4000.contig179	9572	3792	150
D4000.contig180	9483	4734	124
D4000.contig181	9297	1839	52
D4000.contig182	9288	2470	57
D4000.contig183	9200	19116	598
D4000.contig184	9080	2170	51
D4000.contig185	8981	1445	28
D4000.contig186	8957	7650	408
D4000.contig187	8896	1842	48
D4000.contig188	8869	1359	34
D4000.contig189	8789	1634	56
D4000.contig190	8734	2203	76
D4000.contig191	8627	1380	55
D4000.contig192	8549	4334	103
D4000.contig193	8449	4752	183
D4000.contig194	8405	1007	29
D4000.contig195	8295	2730	72
D4000.contig196	8285	1233	42
D4000.contig197	8248	1384	33
D4000.contig198	8089	1530	38
D4000.contig199	8060	1900	62
D4000.contig200	7947	3085	61
D4000.contig201	7938	1147	35
D4000.contig202	7928	1432	34
D4000.contig203	7762	1094	42
D4000.contig204	7756	1650	40
D4000.contig205	7663	1173	44
D4000.contig206	7632	1079	32
D4000.contig207	7582	1094	33
D4000.contig208	7478	1933	43
D4000.contig209	7450	6996	292
D4000.contig210	7406	870	39
D4000.contig211	7367	955	27
D4000.contig212	7347	1181	29
D4000.contig213	7313	4329	107
D4000.contig214	7165	2683	60
D4000.contig215	7162	1743	56
D4000.contig216	7142	1162	25
D4000.contig217	7111	714	28
D4000.contig218	6990	32234	1452
D4000.contig219	6858	1319	31
D4000.contig220	6831	22313	653
D4000.contig221	6805	1912	39
D4000.contig222	6782	1248	37
D4000.contig223	6765	956	35
D4000.contig224	6556	1160	42
D4000.contig225	6554	1874	70
D4000.contig226	6463	13753	264
D4000.contig227	6433	883	28
D4000.contig228	6431	2302	48
D4000.contig229	6418	10801	370
D4000.contig230	6365	726	26
D4000.contig231	6360	878	25
D4000.contig232	6284	2012	48
D4000.contig233	6254	473	13
D4000.contig234	6230	1230	52
D4000.contig235	6180	717	12
D4000.contig236	6139	27416	570
D4000.contig237	6130	1817	48
D4000.contig238	6080	84641	2889
D4000.contig239	6051	742	24
D4000.contig240	6009	1232	25
D4000.contig241	5918	3163	139
D4000.contig242	5888	844	27
D4000.contig243	5860	4214	114
D4000.contig244	5857	775	36
D4000.contig245	5854	1164	27
D4000.contig246	5817	1131	28
D4000.contig247	5758	6325	158
D4000.contig248	5749	759	27
D4000.contig249	5715	593	19
D4000.contig250	5684	856	16
D4000.contig251	5681	543	33
D4000.contig252	5545	805	21
D4000.contig253	5465	560	18
D4000.contig254	5422	542	13
D4000.contig255	5415	6100	147
D4000.contig256	5396	481	15
D4000.contig257	5347	844	20
D4000.contig258	5251	778	37
D4000.contig259	5250	835	23
D4000.contig260	5237	843	18
D4000.contig261	5216	1231	33
D4000.contig262	5176	511	25
D4000.contig263	5155	859	29
D4000.contig264	5138	852	30
D4000.contig265	5135	942	14
D4000.contig266	5071	1410	59
D4000.contig267	5050	664	18
D4000.contig268	5038	160582	5953
D4000.contig269	4983	692	30
D4000.contig270	4955	717	17
D4000.contig271	4931	735	28
D4000.contig272	4927	636	13
D4000.contig273	4880	11116	375
D4000.contig274	4872	4526	217
D4000.contig275	4869	545	17
D4000.contig276	4831	631	30
D4000.contig277	4828	532	16
D4000.contig278	4826	678	20
D4000.contig279	4781	652	24
D4000.contig280	4701	761	31
D4000.contig281	4690	735	25
D4000.contig282	4671	1297	36
D4000.contig283	4636	13813	457
D4000.contig284	4630	519	16
D4000.contig285	4625	546	17
D4000.contig286	4619	1190	50
D4000.contig287	4600	7160	152
D4000.contig288	4571	1357	53
D4000.contig289	4555	611	15
D4000.contig290	4539	838	23
D4000.contig291	4538	486	18
D4000.contig292	4527	4005	143
D4000.contig293	4524	673	25
D4000.contig294	4520	486	19
D4000.contig295	4472	1073	26
D4000.contig296	4422	4988	113
D4000.contig297	4377	506	19
D4000.contig298	4368	1074	41
D4000.contig299	4363	12453	356
D4000.contig300	4356	765	15
D4000.contig301	4350	491	16
D4000.contig302	4312	510	20
D4000.contig303	4289	626	20
D4000.contig304	4268	345	16
D4000.contig305	4233	786	23
D4000.contig306	4190	489	13
D4000.contig307	4172	397	18
D4000.contig308	4169	661	22
D4000.contig309	4165	360	13
D4000.contig310	4155	9634	286
D4000.contig311	4144	488	16
D4000.contig312	4140	705	19
D4000.contig313	4118	783	16
D4000.contig314	4085	330	16
D4000.contig315	4065	478	11
D4000.contig316	4055	13722	342
D4000.contig317	4048	1244	14
D4000.contig318	4023	1431	23
D4000.contig319	4017	543	26
D4000.contig320	4016	477	6
D4000.contig321	4000	501	15
D4000.contig322	3979	391	12
D4000.contig323	3962	388	13
D4000.contig324	3888	379	14
D4000.contig325	3883	467	15
D4000.contig326	3855	391	15
D4000.contig327	3843	269	8
D4000.contig328	3757	13538	407
D4000.contig329	3755	8448	342
D4000.contig330	3742	4926	121
D4000.contig331	3718	14232	176
D4000.contig332	3717	759	19
D4000.contig333	3692	418	15
D4000.contig334	3599	394	12
D4000.contig335	3587	310	10
D4000.contig336	3584	333	8
D4000.contig337	3569	1721	29
D4000.contig338	3557	704	27
D4000.contig339	3555	11837	383
D4000.contig340	3534	458	18
D4000.contig341	3531	3426	168
D4000.contig342	3527	453	14
D4000.contig343	3525	5811	162
D4000.contig344	3508	598	21
D4000.contig345	3457	12565	410
D4000.contig346	3457	575	11
D4000.contig347	3428	467	15
D4000.contig348	3423	548	14
D4000.contig349	3423	434	15
D4000.contig350	3420	516	15
D4000.contig351	3414	264	6
D4000.contig352	3402	2042	91
D4000.contig353	3386	283	20
D4000.contig354	3382	377	8
D4000.contig355	3377	408	14
D4000.contig356	3376	264	16
D4000.contig357	3322	398	9
D4000.contig358	3311	291	16
D4000.contig359	3298	16792	592
D4000.contig360	3246	7166	203
D4000.contig361	3239	940	26
D4000.contig362	3222	533	32
D4000.contig363	3212	1736	82
D4000.contig364	3170	392	17
D4000.contig365	3169	310	5
D4000.contig366	3162	352	10
D4000.contig367	3157	249	9
D4000.contig368	3154	279	18
D4000.contig369	3126	3177	76
D4000.contig370	3108	794	48
D4000.contig371	3102	263	11
D4000.contig372	3094	432	10
D4000.contig373	3065	476	9
D4000.contig374	3056	371	12
D4000.contig375	3019	437	15
D4000.contig376	3012	3509	161
D4000.contig377	3009	302	15
D4000.contig378	2965	7119	229
D4000.contig379	2963	240	17
D4000.contig380	2963	305	13
D4000.contig381	2935	213	11
D4000.contig382	2931	696	13
D4000.contig383	2918	289	11
D4000.contig384	2910	4328	95
D4000.contig385	2892	242	11
D4000.contig386	2834	413	19
D4000.contig387	2824	360	14
D4000.contig388	2824	7552	385
D4000.contig389	2823	274	12
D4000.contig390	2779	212	10
D4000.contig391	2768	1703	37
D4000.contig392	2727	240	15
D4000.contig393	2722	252	14
D4000.contig394	2716	3623	183
D4000.contig395	2705	212	12
D4000.contig396	2689	296	8
D4000.contig397	2688	207	11
D4000.contig398	2671	157	17
D4000.contig399	2658	607	22
D4000.contig400	2612	327	6
D4000.contig401	2607	104347	3425
D4000.contig402	2602	262	12
D4000.contig403	2596	363	7
D4000.contig404	2588	413	25
D4000.contig405	2584	3797	106
D4000.contig406	2580	206	18
D4000.contig407	2578	6839	177
D4000.contig408	2571	2259	98
D4000.contig409	2569	179	12
D4000.contig410	2560	1196	41
D4000.contig411	2558	3042	76
D4000.contig412	2552	1418	76
D4000.contig413	2548	284	11
D4000.contig414	2538	320	8
D4000.contig415	2522	211	15
D4000.contig416	2507	374	11
D4000.contig417	2504	4270	142
D4000.contig418	2493	303	17
D4000.contig419	2485	36360	1217
D4000.contig420	2478	5349	231
D4000.contig421	2475	226	6
D4000.contig422	2472	174	16
D4000.contig423	2470	163	18
D4000.contig424	2468	34131	2539
D4000.contig425	2464	247	12
D4000.contig426	2442	197	7
D4000.contig427	2436	494	16
D4000.contig428	2423	267	12
D4000.contig429	2421	289	11
D4000.contig430	2411	889	51
D4000.contig431	2395	160	18
D4000.contig432	2385	281	28
D4000.contig433	2383	309	12
D4000.contig434	2374	176	19
D4000.contig435	2372	254	8
D4000.contig436	2336	928	46
D4000.contig437	2335	147	6
D4000.contig438	2321	776	41
D4000.contig439	2317	234	9
D4000.contig440	2317	206	8
D4000.contig441	2314	124	7
D4000.contig442	2277	304	12
D4000.contig443	2274	255	5
D4000.contig444	2274	192	6
D4000.contig445	2273	3118	180
D4000.contig446	2260	15684	652
D4000.contig447	2242	204	13
D4000.contig448	2235	948	18
D4000.contig449	2234	321	10
D4000.contig450	2231	149	16
D4000.contig451	2226	621	11
D4000.contig452	2224	183	6
D4000.contig453	2218	227	11
D4000.contig454	2210	2662	88
D4000.contig455	2205	242	4
D4000.contig456	2205	224	5
D4000.contig457	2202	136	8
D4000.contig458	2197	329	21
D4000.contig459	2195	265	10
D4000.contig460	2194	571	16
D4000.contig461	2190	43093	1393
D4000.contig462	2189	143	14
D4000.contig463	2172	130	7
D4000.contig464	2167	150	13
D4000.contig465	2161	161	17
D4000.contig466	2161	142	8
D4000.contig467	2150	179	10
D4000.contig468	2149	557	14
D4000.contig469	2132	156	10
D4000.contig470	2118	224	6
D4000.contig471	2115	182	7
D4000.contig472	2090	5962	146
D4000.contig473	2078	136	19
D4000.contig474	2071	171	6
D4000.contig475	2065	202	4
D4000.contig476	2058	215	8
D4000.contig477	2051	131	11
D4000.contig478	2050	180	9
D4000.contig479	2046	136	9
D4000.contig480	2046	209	14
D4000.contig481	2043	184	13
D4000.contig482	2034	290	6
D4000.contig483	2033	363	6
D4000.contig484	2030	120	7
D4000.contig485	2029	110	11
D4000.contig486	2011	202	9
D4000.contig487	2001	144	15
D4000.contig488	1998	155	16
D4000.contig489	1987	146	9
D4000.contig490	1986	150	13
D4000.contig491	1976	302	9
D4000.contig492	1972	199	8
D4000.contig493	1971	175	12
D4000.contig494	1962	663	47
D4000.contig495	1961	220	26
D4000.contig496	1954	260	16
D4000.contig497	1953	124	11
D4000.contig498	1950	175	10
D4000.contig499	1940	245	8
D4000.contig500	1936	259	11
D4000.contig501	1936	178	5
D4000.contig502	1920	154	13
D4000.contig503	1908	162	14
D4000.contig504	1904	2546	61
D4000.contig505	1903	180	4
D4000.contig506	1902	238	16
D4000.contig507	1885	258	7
D4000.contig508	1884	177	13
D4000.contig509	1875	153	7
D4000.contig510	1867	253	12
D4000.contig511	1862	193	8
D4000.contig512	1845	5023	147
D4000.contig513	1843	145	9
D4000.contig514	1837	175	13
D4000.contig515	1836	151	10
D4000.contig516	1834	160	9
D4000.contig517	1833	148	14
D4000.contig518	1831	106	10
D4000.contig519	1812	111	12
D4000.contig520	1800	689	12
D4000.contig521	1793	141	16
D4000.contig522	1792	90	11
D4000.contig523	1773	3769	84
D4000.contig524	1772	117	11
D4000.contig525	1770	130	6
D4000.contig526	1769	169	12
D4000.contig527	1769	41741	1540
D4000.contig528	1764	139	11
D4000.contig529	1759	180	11
D4000.contig530	1758	181	5
D4000.contig531	1753	805	50
D4000.contig532	1745	171	20
D4000.contig533	1744	114	5
D4000.contig534	1727	188	6
D4000.contig535	1722	302	18
D4000.contig536	1720	151	5
D4000.contig537	1716	170	17
D4000.contig538	1705	150	14
D4000.contig539	1705	8325	315
D4000.contig540	1704	140	8
D4000.contig541	1703	1907	63
D4000.contig542	1700	143	6
D4000.contig543	1695	105	7
D4000.contig544	1691	1392	72
D4000.contig545	1691	124	12
D4000.contig546	1691	217	11
D4000.contig547	1686	130	4
D4000.contig548	1674	145	16
D4000.contig549	1672	1999	74
D4000.contig550	1667	140	5
D4000.contig551	1654	157	11
D4000.contig552	1654	92	7
D4000.contig553	1652	121	11
D4000.contig554	1651	98	18
D4000.contig555	1639	162	16
D4000.contig556	1637	160	10
D4000.contig557	1633	374	3
D4000.contig558	1629	152	14
D4000.contig559	1623	160	15
D4000.contig560	1622	110	6
D4000.contig561	1622	120	13
D4000.contig562	1621	130	9
D4000.contig563	1619	162	9
D4000.contig564	1618	118	5
D4000.contig565	1604	121	14
D4000.contig566	1602	723	16
D4000.contig567	1601	90	6
D4000.contig568	1597	66	7
D4000.contig569	1595	354	7
D4000.contig570	1593	14736	402
D4000.contig571	1591	168	2
D4000.contig572	1589	98	7
D4000.contig573	1578	122	9
D4000.contig574	1571	2783	130
D4000.contig575	1569	96	14
D4000.contig576	1569	189	17
D4000.contig577	1568	123	14
D4000.contig578	1565	1910	86
D4000.contig579	1560	123	3
D4000.contig580	1556	123	8
D4000.contig581	1544	1269	45
D4000.contig582	1536	132	13
D4000.contig583	1528	100	10
D4000.contig584	1526	195	13
D4000.contig585	1526	75	7
D4000.contig586	1524	82	12
D4000.contig587	1519	144	6
D4000.contig588	1511	78	7
D4000.contig589	1511	64	8
D4000.contig590	1510	122	5
D4000.contig591	1506	3395	118
D4000.contig592	1503	79	8
D4000.contig593	1489	14918	273
D4000.contig594	1488	84	11
D4000.contig595	1486	125	6
D4000.contig596	1485	123	4
D4000.contig597	1484	305	12
D4000.contig598	1479	109	9
D4000.contig599	1475	72	6
D4000.contig600	1471	101	4
D4000.contig601	1468	77	6
D4000.contig602	1467	97	5
D4000.contig603	1459	326	2
D4000.contig604	1457	48	10
D4000.contig605	1454	98	5
D4000.contig606	1448	89	4
D4000.contig607	1447	136	8
D4000.contig608	1444	93	12
D4000.contig609	1430	115	13
D4000.contig610	1429	82	5
D4000.contig611	1428	139	11
D4000.contig612	1425	15237	528
D4000.contig613	1425	65	13
D4000.contig614	1424	102	8
D4000.contig615	1416	124	7
D4000.contig616	1406	306	14
D4000.contig617	1402	92	6
D4000.contig618	1401	113	9
D4000.contig619	1399	69	19
D4000.contig620	1395	85	9
D4000.contig621	1393	102	6
D4000.contig622	1386	10764	316
D4000.contig623	1385	207	4
D4000.contig624	1385	2284	74
D4000.contig625	1384	136	13
D4000.contig626	1382	104	5
D4000.contig627	1378	100	13
D4000.contig628	1378	74	2
D4000.contig629	1378	82	8
D4000.contig630	1359	83	7
D4000.contig631	1352	68	5
D4000.contig632	1345	22722	922
D4000.contig633	1341	119	5
D4000.contig634	1334	80	7
D4000.contig635	1330	116	11
D4000.contig636	1329	229	4
D4000.contig637	1329	495	17
D4000.contig638	1326	112	6
D4000.contig639	1325	2870	146
D4000.contig640	1320	10691	241
D4000.contig641	1318	91	6
D4000.contig642	1311	166	10
D4000.contig643	1307	131	12
D4000.contig644	1302	143	7
D4000.contig645	1300	207	3
D4000.contig646	1289	85	9
D4000.contig647	1288	3466	253
D4000.contig648	1283	83	16
D4000.contig649	1283	85	11
D4000.contig650	1279	103	11
D4000.contig651	1278	144	4
D4000.contig652	1275	123	3
D4000.contig653	1270	112	9
D4000.contig654	1269	81	5
D4000.contig655	1261	79	8
D4000.contig656	1261	76	5
D4000.contig657	1261	2158	51
D4000.contig658	1255	921	59
D4000.contig659	1255	72	10
D4000.contig660	1252	135	16
D4000.contig661	1251	54	8
D4000.contig662	1248	81	9
D4000.contig663	1242	71	8
D4000.contig664	1241	78	6
D4000.contig665	1237	64	10
D4000.contig666	1234	90	12
D4000.contig667	1232	69	15
D4000.contig668	1225	5421	116
D4000.contig669	1222	72	7
D4000.contig670	1219	68	12
D4000.contig671	1218	659	25
D4000.contig672	1218	101	15
D4000.contig673	1217	73	8
D4000.contig674	1217	61	10
D4000.contig675	1217	70	8
D4000.contig676	1216	89	4
D4000.contig677	1212	58	4
D4000.contig678	1210	98	22
D4000.contig679	1209	54	14
D4000.contig680	1209	127	6
D4000.contig681	1207	62	12
D4000.contig682	1206	80	13
D4000.contig683	1192	79	3
D4000.contig684	1191	84	3
D4000.contig685	1189	59	2
D4000.contig686	1187	131	5
D4000.contig687	1184	208	17
D4000.contig688	1175	100	16
D4000.contig689	1173	85	5
D4000.contig690	1172	96	3
D4000.contig691	1166	89	6
D4000.contig692	1166	55	1
D4000.contig693	1166	59	16
D4000.contig694	1164	85	2
D4000.contig695	1161	50	1
D4000.contig696	1160	54	7
D4000.contig697	1158	67	6
D4000.contig698	1158	72	8
D4000.contig699	1152	111	6
D4000.contig700	1149	2314	46
D4000.contig701	1145	207	4
D4000.contig702	1145	58	9
D4000.contig703	1137	57	9
D4000.contig704	1129	1422	111
D4000.contig705	1128	55	2
D4000.contig706	1126	70	8
D4000.contig707	1123	61	3
D4000.contig708	1121	43	7
D4000.contig709	1120	59	9
D4000.contig710	1115	104	16
D4000.contig711	1112	62	10
D4000.contig712	1109	66	4
D4000.contig713	1108	83	5
D4000.contig714	1107	88	5
D4000.contig715	1103	57	4
D4000.contig716	1100	58	11
D4000.contig717	1098	115	5
D4000.contig718	1095	225	9
D4000.contig719	1092	104	4
D4000.contig720	1092	63	10
D4000.contig721	1091	76	12
D4000.contig722	1088	84	6
D4000.contig723	1088	55	11
D4000.contig724	1085	72	4
D4000.contig725	1080	136	9
D4000.contig726	1079	85	12
D4000.contig727	1079	282	18
D4000.contig728	1078	71	9
D4000.contig729	1076	797	23
D4000.contig730	1076	157	1
D4000.contig731	1075	87	5
D4000.contig732	1075	2523	104
D4000.contig733	1073	51	10
D4000.contig734	1072	66	5
D4000.contig735	1069	69	7
D4000.contig736	1068	55	8
D4000.contig737	1065	44	7
D4000.contig738	1064	82	3
D4000.contig739	1060	90	10
D4000.contig740	1059	54	8
D4000.contig741	1059	41	5
D4000.contig742	1057	62	8
D4000.contig743	1057	84	6
D4000.contig744	1054	12631	469
D4000.contig745	1054	102	3
D4000.contig746	1053	2411	198
D4000.contig747	1051	60	7
D4000.contig748	1045	77	8
D4000.contig749	1045	46	10
D4000.contig750	1044	88	6
D4000.contig751	1044	146	15
D4000.contig752	1041	50	12
D4000.contig753	1040	50	8
D4000.contig754	1040	111	2
D4000.contig755	1039	48	6
D4000.contig756	1038	65	12
D4000.contig757	1034	93	3
D4000.contig758	1030	47	6
D4000.contig759	1027	61	6
D4000.contig760	1024	6163	187
D4000.contig761	1023	68	12
D4000.contig762	1021	121	2
D4000.contig763	1020	43	6
D4000.contig764	1015	36	7
D4000.contig765	1012	956	82
D4000.contig766	1011	1284	45
D4000.contig767	1010	67	12
D4000.contig768	1008	15080	1015
D4000.contig769	1004	64	15
D4000.contig770	1004	47	8
D4000.contig771	1003	310	15
D4000.contig772	1002	69	8
D4000.contig773	1001	73	1
D4000.contig774	999	81	6
D4000.contig775	999	78	7
D4000.contig776	999	60	1
D4000.contig777	994	94	9
D4000.contig778	992	130	6
D4000.contig779	992	69	7
D4000.contig780	992	75	5
D4000.contig781	989	57	4
D4000.contig782	988	69	13
D4000.contig783	987	103	6
D4000.contig784	987	68	7
D4000.contig785	985	71	13
D4000.contig786	982	83	6
D4000.contig787	978	186	7
D4000.contig788	976	88	10
D4000.contig789	974	62	9
D4000.contig790	971	70	12
D4000.contig791	970	74	11
D4000.contig792	969	48	8
D4000.contig793	969	49	11
D4000.contig794	968	70	6
D4000.contig795	967	62	7
D4000.contig796	965	83	3
D4000.contig797	964	39	8
D4000.contig798	962	60	6
D4000.contig799	961	7866	287
D4000.contig800	958	60	12
D4000.contig801	957	68	6
D4000.contig802	957	78	8
D4000.contig803	956	80	8
D4000.contig804	956	71	13
D4000.contig805	954	41	9
D4000.contig806	953	41	6
D4000.contig807	953	32	9
D4000.contig808	950	58	13
D4000.contig809	949	209	4
D4000.contig810	944	40	6
D4000.contig811	944	107	10
D4000.contig812	943	2356	215
D4000.contig813	942	54	12
D4000.contig814	938	91	7
D4000.contig815	938	77	8
D4000.contig816	935	56	8
D4000.contig817	932	44	6
D4000.contig818	930	55	15
D4000.contig819	929	165	15
D4000.contig820	928	35	7
D4000.contig821	923	1801	91
D4000.contig822	921	111	5
D4000.contig823	918	71	14
D4000.contig824	917	77	10
D4000.contig825	915	65	7
D4000.contig826	913	80	9
D4000.contig827	912	84	16
D4000.contig828	912	56	4
D4000.contig829	911	844	98
D4000.contig830	908	49	9
D4000.contig831	907	49	11
D4000.contig832	907	81	4
D4000.contig833	905	50	7
D4000.contig834	905	92	4
D4000.contig835	905	65	6
D4000.contig836	904	48	10
D4000.contig837	904	72	4
D4000.contig838	903	75	9
D4000.contig839	902	65	8
D4000.contig840	897	311	8
D4000.contig841	897	54	6
D4000.contig842	894	95	4
D4000.contig843	894	59	8
D4000.contig844	891	51	10
D4000.contig845	890	53	3
D4000.contig846	890	34	4
D4000.contig847	890	49	6
D4000.contig848	888	47	3
D4000.contig849	888	70	8
D4000.contig850	886	68	13
D4000.contig851	885	59	1
D4000.contig852	884	60	5
D4000.contig853	884	68	7
D4000.contig854	884	61	3
D4000.contig855	883	62	10
D4000.contig856	880	60	14
D4000.contig857	878	18046	756
D4000.contig858	876	51	8
D4000.contig859	875	49	12
D4000.contig860	872	44	4
D4000.contig861	871	57	13
D4000.contig862	871	60	12
D4000.contig863	871	2546	128
D4000.contig864	871	42	14
D4000.contig865	870	46	12
D4000.contig866	868	47	4
D4000.contig867	868	39	8
D4000.contig868	866	64	11
D4000.contig869	862	36	1
D4000.contig870	862	38	9
D4000.contig871	862	75	6
D4000.contig872	859	1246	35
D4000.contig873	856	57	17
D4000.contig874	855	44	11
D4000.contig875	854	47	6
D4000.contig876	853	43	4
D4000.contig877	850	47	1
D4000.contig878	849	66	9
D4000.contig879	849	40	9
D4000.contig880	849	55	9
D4000.contig881	846	40	6
D4000.contig882	846	38	8
D4000.contig883	844	58	6
D4000.contig884	842	37	3
D4000.contig885	838	46	6
D4000.contig886	837	50	7
D4000.contig887	833	510	24
D4000.contig888	832	45	4
D4000.contig889	829	51	13
D4000.contig890	825	58	5
D4000.contig891	824	51	2
D4000.contig892	823	40	4
D4000.contig893	823	31	10
D4000.contig894	822	74	7
D4000.contig895	822	48	2
D4000.contig896	820	36	7
D4000.contig897	816	34	3
D4000.contig898	815	785	40
D4000.contig899	814	44	7
D4000.contig900	814	31	10
D4000.contig901	813	281	6
D4000.contig902	813	48	11
D4000.contig903	811	34	9
D4000.contig904	811	59	9
D4000.contig905	805	50	11
D4000.contig906	805	40	9
D4000.contig907	802	59	5
D4000.contig908	802	29	4
D4000.contig909	801	75	8
D4000.contig910	801	36	3
D4000.contig911	801	49	13
D4000.contig912	801	52	9
D4000.contig913	800	48	4
D4000.contig914	799	37	4
D4000.contig915	797	48	4
D4000.contig916	795	101	6
D4000.contig917	794	44	4
D4000.contig918	794	35	8
D4000.contig919	792	43	4
D4000.contig920	792	55	16
D4000.contig921	792	82	4
D4000.contig922	790	66	11
D4000.contig923	790	46	6
D4000.contig924	788	21	7
D4000.contig925	787	36	5
D4000.contig926	786	69	6
D4000.contig927	783	39	7
D4000.contig928	782	47	5
D4000.contig929	779	25	3
D4000.contig930	779	41	6
D4000.contig931	778	51	5
D4000.contig932	775	57	10
D4000.contig933	775	41	5
D4000.contig934	775	3110	104
D4000.contig935	773	82	6
D4000.contig936	773	36	12
D4000.contig937	770	674	31
D4000.contig938	769	46	8
D4000.contig939	769	44	6
D4000.contig940	769	31	3
D4000.contig941	767	20	4
D4000.contig942	767	62	10
D4000.contig943	763	45	9
D4000.contig944	759	39	7
D4000.contig945	759	54	7
D4000.contig946	759	61	11
D4000.contig947	758	35	7
D4000.contig948	757	61	5
D4000.contig949	754	48	9
D4000.contig950	753	42	3
D4000.contig951	750	38	11
D4000.contig952	750	395	22
D4000.contig953	750	24	9
D4000.contig954	748	43	5
D4000.contig955	748	24	5
D4000.contig956	747	54	7
D4000.contig957	747	131	15
D4000.contig958	747	46	8
D4000.contig959	746	49	15
D4000.contig960	746	36	11
D4000.contig961	745	42	7
D4000.contig962	744	38	14
D4000.contig963	742	52	7
D4000.contig964	742	51	8
D4000.contig965	742	45	10
D4000.contig966	742	37	4
D4000.contig967	741	53	2
D4000.contig968	740	45	9
D4000.contig969	739	50	4
D4000.contig970	739	62	12
D4000.contig971	738	31	8
D4000.contig972	738	46	3
D4000.contig973	736	920	91
D4000.contig974	734	38	7
D4000.contig975	732	50	9
D4000.contig976	731	29	10
D4000.contig977	731	51	5
D4000.contig978	731	221	47
D4000.contig979	729	59	8
D4000.contig980	729	26	7
D4000.contig981	728	40	7
D4000.contig982	728	44	6
D4000.contig983	728	31	4
D4000.contig984	727	49	5
D4000.contig985	727	1960	42
D4000.contig986	727	55	7
D4000.contig987	725	54	3
D4000.contig988	724	33	5
D4000.contig989	723	43	4
D4000.contig990	723	39	10
D4000.contig991	720	40	4
D4000.contig992	719	44	9
D4000.contig993	718	50	12
D4000.contig994	716	34	8
D4000.contig995	713	67	5
D4000.contig996	711	37	17
D4000.contig997	711	47	7
D4000.contig998	709	36	9
D4000.contig999	707	39	7
D4000.contig1000	706	26	7
D4000.contig1001	704	49	7
D4000.contig1002	704	43	5
D4000.contig1003	704	52	7
D4000.contig1004	701	71	1
D4000.contig1005	700	27	13
D4000.contig1006	697	82	7
D4000.contig1007	693	38	6
D4000.contig1008	693	60	3
D4000.contig1009	693	39	11
D4000.contig1010	692	31	6
D4000.contig1011	689	26	4
D4000.contig1012	689	24	4
D4000.contig1013	688	57	12
D4000.contig1014	687	60	4
D4000.contig1015	686	34	17
D4000.contig1016	684	21	7
D4000.contig1017	683	33	7
D4000.contig1018	683	28	4
D4000.contig1019	681	73	8
D4000.contig1020	680	31	7
D4000.contig1021	680	26	4
D4000.contig1022	680	104	12
D4000.contig1023	680	32	12
D4000.contig1024	680	32	5
D4000.contig1025	680	39	7
D4000.contig1026	679	50	5
D4000.contig1027	679	336	19
D4000.contig1028	679	40	8
D4000.contig1029	679	42	4
D4000.contig1030	677	62	5
D4000.contig1031	676	32	8
D4000.contig1032	675	35	3
D4000.contig1033	675	51	9
D4000.contig1034	675	621	19
D4000.contig1035	674	1348	48
D4000.contig1036	673	24	4
D4000.contig1037	673	39	7
D4000.contig1038	673	32	8
D4000.contig1039	673	45	2
D4000.contig1040	673	48	7
D4000.contig1041	670	21	0
D4000.contig1042	670	47	7
D4000.contig1043	670	91	15
D4000.contig1044	669	52	12
D4000.contig1045	669	26	9
D4000.contig1046	669	31	7
D4000.contig1047	668	23	4
D4000.contig1048	667	50	8
D4000.contig1049	666	31	6
D4000.contig1050	666	32	7
D4000.contig1051	665	29	8
D4000.contig1052	665	22	2
D4000.contig1053	664	388	22
D4000.contig1054	663	30	4
D4000.contig1055	662	24	7
D4000.contig1056	662	55	6
D4000.contig1057	662	27	4
D4000.contig1058	662	49	10
D4000.contig1059	661	30	4
D4000.contig1060	660	55	8
D4000.contig1061	660	46	8
D4000.contig1062	660	42	8
D4000.contig1063	658	42	7
D4000.contig1064	655	32	10
D4000.contig1065	654	43	7
D4000.contig1066	651	28	5
D4000.contig1067	650	19	7
D4000.contig1068	649	19	8
D4000.contig1069	647	39	7
D4000.contig1070	646	32	1
D4000.contig1071	644	31	7
D4000.contig1072	644	36	9
D4000.contig1073	642	1168	43
D4000.contig1074	641	21	5
D4000.contig1075	641	26	7
D4000.contig1076	641	40	5
D4000.contig1077	641	19	4
D4000.contig1078	641	33	9
D4000.contig1079	640	30	3
D4000.contig1080	638	54	5
D4000.contig1081	638	25	4
D4000.contig1082	638	41	6
D4000.contig1083	638	53	7
D4000.contig1084	637	60	12
D4000.contig1085	636	31	5
D4000.contig1086	636	1312	72
D4000.contig1087	634	29	4
D4000.contig1088	634	30	6
D4000.contig1089	634	43	6
D4000.contig1090	632	41	3
D4000.contig1091	631	36	1
D4000.contig1092	631	16	4
D4000.contig1093	630	19	5
D4000.contig1094	630	17	2
D4000.contig1095	629	43	3
D4000.contig1096	629	37	7
D4000.contig1097	629	19	5
D4000.contig1098	629	32	10
D4000.contig1099	628	26	8
D4000.contig1100	627	18	0
D4000.contig1101	627	44	7
D4000.contig1102	627	32	6
D4000.contig1103	626	31	7
D4000.contig1104	626	22	8
D4000.contig1105	620	2233	80
D4000.contig1106	617	29	7
D4000.contig1107	617	25	7
D4000.contig1108	617	38	11
D4000.contig1109	617	40	6
D4000.contig1110	617	37	8
D4000.contig1111	617	36	8
D4000.contig1112	616	1044	29
D4000.contig1113	616	29	7
D4000.contig1114	616	32	6
D4000.contig1115	615	17	4
D4000.contig1116	614	14	4
D4000.contig1117	613	31	3
D4000.contig1118	612	17	5
D4000.contig1119	611	22	7
D4000.contig1120	611	30	6
D4000.contig1121	610	31	7
D4000.contig1122	610	23	9
D4000.contig1123	608	32	4
D4000.contig1124	607	41	2
D4000.contig1125	606	24	8
D4000.contig1126	606	28	4
D4000.contig1127	605	46896	1722
D4000.contig1128	605	28	6
D4000.contig1129	605	41	7
D4000.contig1130	604	28	8
D4000.contig1131	603	34	2
D4000.contig1132	602	33	11
D4000.contig1133	601	33	8
D4000.contig1134	600	24	2
D4000.contig1135	600	28	12
D4000.contig1136	600	25	7
D4000.contig1137	599	25	7
D4000.contig1138	599	28	6
D4000.contig1139	598	27	8
D4000.contig1140	598	42	4
D4000.contig1141	598	35	5
D4000.contig1142	597	762	27
D4000.contig1143	596	37	7
D4000.contig1144	596	47	10
D4000.contig1145	596	31	10
D4000.contig1146	595	39	2
D4000.contig1147	595	48	7
D4000.contig1148	595	32	4
D4000.contig1149	594	34	4
D4000.contig1150	594	20	9
D4000.contig1151	594	13	7
D4000.contig1152	594	24	5
D4000.contig1153	592	17	4
D4000.contig1154	592	38	4
D4000.contig1155	592	20	4
D4000.contig1156	591	23	12
D4000.contig1157	591	33	3
D4000.contig1158	590	4052	196
D4000.contig1159	590	68	9
D4000.contig1160	589	44	2
D4000.contig1161	588	24	7
D4000.contig1162	586	21	6
D4000.contig1163	586	24	10
D4000.contig1164	586	24	6
D4000.contig1165	584	13	3
D4000.contig1166	584	32	8
D4000.contig1167	583	31	7
D4000.contig1168	582	13	9
D4000.contig1169	582	53	6
D4000.contig1170	580	15	5
D4000.contig1171	579	40	3
D4000.contig1172	579	15	5
D4000.contig1173	579	14	6
D4000.contig1174	578	21	6
D4000.contig1175	576	117	7
D4000.contig1176	575	33	5
D4000.contig1177	575	63	8
D4000.contig1178	574	15	2
D4000.contig1179	574	36	7
D4000.contig1180	574	36	7
D4000.contig1181	572	24	3
D4000.contig1182	572	25	2
D4000.contig1183	572	22	8
D4000.contig1184	572	30	7
D4000.contig1185	570	37	6
D4000.contig1186	570	24	4
D4000.contig1187	570	25	7
D4000.contig1188	570	34	5
D4000.contig1189	569	31	15
D4000.contig1190	567	23	9
D4000.contig1191	567	21	9
D4000.contig1192	566	38	5
D4000.contig1193	565	20	5
D4000.contig1194	565	33	7
D4000.contig1195	564	21	3
D4000.contig1196	561	849	17
D4000.contig1197	561	45	3
D4000.contig1198	558	20	8
D4000.contig1199	557	21	6
D4000.contig1200	556	1765	121
D4000.contig1201	556	31	2
D4000.contig1202	555	27	4
D4000.contig1203	554	35	6
D4000.contig1204	554	24	2
D4000.contig1205	552	21	5
D4000.contig1206	552	24	4
D4000.contig1207	552	33	6
D4000.contig1208	552	20	4
D4000.contig1209	552	39	8
D4000.contig1210	551	27	13
D4000.contig1211	550	18	4
D4000.contig1212	549	33	3
D4000.contig1213	548	293	10
D4000.contig1214	547	33	3
D4000.contig1215	546	31	3
D4000.contig1216	546	14	4
D4000.contig1217	545	16	8
D4000.contig1218	545	43	6
D4000.contig1219	545	26	11
D4000.contig1220	545	22	12
D4000.contig1221	543	20	6
D4000.contig1222	543	11	4
D4000.contig1223	542	165	2
D4000.contig1224	542	33	7
D4000.contig1225	542	19	5
D4000.contig1226	541	423	6
D4000.contig1227	540	24	5
D4000.contig1228	540	239	7
D4000.contig1229	539	36	8
D4000.contig1230	539	12	2
D4000.contig1231	539	11	7
D4000.contig1232	538	38	4
D4000.contig1233	538	20	9
D4000.contig1234	537	17	7
D4000.contig1235	537	18	6
D4000.contig1236	536	23	5
D4000.contig1237	534	11	4
D4000.contig1238	534	25	9
D4000.contig1239	534	46	10
D4000.contig1240	533	25	8
D4000.contig1241	532	277	2
D4000.contig1242	532	35	6
D4000.contig1243	531	34	7
D4000.contig1244	530	25	6
D4000.contig1245	529	11	7
D4000.contig1246	528	21	9
D4000.contig1247	528	23	6
D4000.contig1248	528	17	9
D4000.contig1249	528	28	6
D4000.contig1250	527	29	4
D4000.contig1251	527	18	4
D4000.contig1252	527	15	4
D4000.contig1253	526	20	3
D4000.contig1254	525	31	4
D4000.contig1255	523	26	7
D4000.contig1256	523	31	5
D4000.contig1257	522	36	6
D4000.contig1258	522	25	7
D4000.contig1259	521	2119	73
D4000.contig1260	521	31	4
D4000.contig1261	520	33	8
D4000.contig1262	519	26	6
D4000.contig1263	518	603	11
D4000.contig1264	516	16	6
D4000.contig1265	516	34	4
D4000.contig1266	515	22	6
D4000.contig1267	515	36	8
D4000.contig1268	515	29	8
D4000.contig1269	514	32	6
D4000.contig1270	514	181	4
D4000.contig1271	513	21	6
D4000.contig1272	513	17	7
D4000.contig1273	513	22	3
D4000.contig1274	512	24	4
D4000.contig1275	512	12	5
D4000.contig1276	511	31	5
D4000.contig1277	511	35	5
D4000.contig1278	510	23	7
D4000.contig1279	510	32	9
D4000.contig1280	510	21	3
D4000.contig1281	510	38	3
D4000.contig1282	509	24	10
D4000.contig1283	509	16	5
D4000.contig1284	509	20	9
D4000.contig1285	508	13	11
D4000.contig1286	508	609	25
D4000.contig1287	508	30	5
D4000.contig1288	508	12	6
D4000.contig1289	507	18	4
D4000.contig1290	507	29	5
D4000.contig1291	507	14	8
D4000.contig1292	506	18	4
D4000.contig1293	505	23	5
D4000.contig1294	505	39	15
D4000.contig1295	504	2582	78
D4000.contig1296	504	11	1
D4000.contig1297	504	33	2
D4000.contig1298	503	12	4
D4000.contig1299	502	18	0
D4000.contig1300	502	20	6
D4000.contig1301	501	13	5
D4000.contig1302	501	19	7
D4000.contig1303	500	25	2
D4000.contig1304	500	36	5
D4000.contig1305	499	17	6
D4000.contig1306	499	45	8
D4000.contig1307	499	34	4
D4000.contig1308	497	18	10
D4000.contig1309	497	44	9
D4000.contig1310	497	20	8
D4000.contig1311	497	22	10
D4000.contig1312	497	33	3
D4000.contig1313	496	26	7
D4000.contig1314	495	13	6
D4000.contig1315	495	12	2
D4000.contig1316	494	31	4
D4000.contig1317	494	60	10
D4000.contig1318	494	28	3
D4000.contig1319	493	24	5
D4000.contig1320	493	23	4
D4000.contig1321	493	35	3
D4000.contig1322	493	24	14
D4000.contig1323	492	4905	174
D4000.contig1324	492	44	7
D4000.contig1325	492	47	6
D4000.contig1326	492	24	16
D4000.contig1327	491	33	12
D4000.contig1328	491	33	4
D4000.contig1329	489	285	15
D4000.contig1330	489	20	4
D4000.contig1331	488	20	11
D4000.contig1332	488	18	7
D4000.contig1333	487	16	9
D4000.contig1334	487	3966	238
D4000.contig1335	487	19	9
D4000.contig1336	487	19	6
D4000.contig1337	487	15	6
D4000.contig1338	486	24	1
D4000.contig1339	486	16	3
D4000.contig1340	486	16	6
D4000.contig1341	486	17	10
D4000.contig1342	485	2150	59
D4000.contig1343	485	25	6
D4000.contig1344	484	40	7
D4000.contig1345	484	22	11
D4000.contig1346	483	20	12
D4000.contig1347	483	14	9
D4000.contig1348	483	19	6
D4000.contig1349	483	21	5
D4000.contig1350	482	27	3
D4000.contig1351	481	25	15
D4000.contig1352	481	13	4
D4000.contig1353	481	21	8
D4000.contig1354	481	36	7
D4000.contig1355	480	26	8
D4000.contig1356	480	18	2
D4000.contig1357	478	33	7
D4000.contig1358	478	28	7
D4000.contig1359	478	13	5
D4000.contig1360	477	16	7
D4000.contig1361	476	33	10
D4000.contig1362	476	14	4
D4000.contig1363	476	16	2
D4000.contig1364	476	369	17
D4000.contig1365	476	52	5
D4000.contig1366	475	25	3
D4000.contig1367	474	31	6
D4000.contig1368	473	29	5
D4000.contig1369	473	10	4
D4000.contig1370	473	60	5
D4000.contig1371	473	20	9
D4000.contig1372	473	16	6
D4000.contig1373	472	15	4
D4000.contig1374	472	20	4
D4000.contig1375	472	20	7
D4000.contig1376	472	10	6
D4000.contig1377	472	13	5
D4000.contig1378	471	21	3
D4000.contig1379	470	20	6
D4000.contig1380	470	15	7
D4000.contig1381	469	16	4
D4000.contig1382	468	27	2
D4000.contig1383	468	16	7
D4000.contig1384	467	46	3
D4000.contig1385	467	20	7
D4000.contig1386	467	31	10
D4000.contig1387	467	22	14
D4000.contig1388	467	15	4
D4000.contig1389	467	27	5
D4000.contig1390	466	23	3
D4000.contig1391	465	43	5
D4000.contig1392	465	26	7
D4000.contig1393	465	43	1
D4000.contig1394	465	25	8
D4000.contig1395	465	24	4
D4000.contig1396	465	16	7
D4000.contig1397	465	23	5
D4000.contig1398	465	46	6
D4000.contig1399	464	22	4
D4000.contig1400	464	12	10
D4000.contig1401	463	14	6
D4000.contig1402	463	25	4
D4000.contig1403	463	16	10
D4000.contig1404	462	17	3
D4000.contig1405	462	18	6
D4000.contig1406	462	21	4
D4000.contig1407	462	168	11
D4000.contig1408	462	23	3
D4000.contig1409	462	26	3
D4000.contig1410	461	26	6
D4000.contig1411	461	32	3
D4000.contig1412	461	8	2
D4000.contig1413	460	20	8
D4000.contig1414	460	23	3
D4000.contig1415	460	25	10
D4000.contig1416	460	37	4
D4000.contig1417	459	17	7
D4000.contig1418	459	14	6
D4000.contig1419	459	13	7
D4000.contig1420	459	21	12
D4000.contig1421	457	30	10
D4000.contig1422	456	28	3
D4000.contig1423	456	16	6
D4000.contig1424	456	14	8
D4000.contig1425	455	18	8
D4000.contig1426	455	12	6
D4000.contig1427	454	15	7
D4000.contig1428	454	31	9
D4000.contig1429	454	13	7
D4000.contig1430	453	13	5
D4000.contig1431	453	22	3
D4000.contig1432	453	10	6
D4000.contig1433	452	24	7
D4000.contig1434	452	5738	456
D4000.contig1435	452	13	9
D4000.contig1436	451	25	8
D4000.contig1437	451	12	3
D4000.contig1438	451	22	7
D4000.contig1439	450	14	6
D4000.contig1440	450	14	5
D4000.contig1441	449	35	9
D4000.contig1442	449	15	2
D4000.contig1443	449	13	6
D4000.contig1444	449	10	6
D4000.contig1445	448	20	11
D4000.contig1446	448	22	2
D4000.contig1447	448	16	6
D4000.contig1448	448	18	7
D4000.contig1449	447	33	3
D4000.contig1450	447	18	4
D4000.contig1451	446	20	6
D4000.contig1452	446	13	7
D4000.contig1453	446	21	5
D4000.contig1454	446	10	3
D4000.contig1455	446	16	11
D4000.contig1456	445	18	8
D4000.contig1457	445	12	5
D4000.contig1458	444	11	1
D4000.contig1459	444	1359	39
D4000.contig1460	443	15	7
D4000.contig1461	443	20	1
D4000.contig1462	443	22	3
D4000.contig1463	442	16	2
D4000.contig1464	442	20	5
D4000.contig1465	442	6	4
D4000.contig1466	441	16	3
D4000.contig1467	441	18	6
D4000.contig1468	441	28	12
D4000.contig1469	439	20	5
D4000.contig1470	439	11	2
D4000.contig1471	438	14	6
D4000.contig1472	437	17	3
D4000.contig1473	437	15	6
D4000.contig1474	437	26	4
D4000.contig1475	436	13	5
D4000.contig1476	436	15	9
D4000.contig1477	435	24	9
D4000.contig1478	435	30	5
D4000.contig1479	434	9	4
D4000.contig1480	434	39	3
D4000.contig1481	434	130	5
D4000.contig1482	434	30	10
D4000.contig1483	432	21	7
D4000.contig1484	432	20	7
D4000.contig1485	432	24	8
D4000.contig1486	432	22	5
D4000.contig1487	432	17	5
D4000.contig1488	431	15	5
D4000.contig1489	431	16	7
D4000.contig1490	430	16	8
D4000.contig1491	430	17	2
D4000.contig1492	430	17	3
D4000.contig1493	429	88	17
D4000.contig1494	429	20	2
D4000.contig1495	429	46	6
D4000.contig1496	429	21	6
D4000.contig1497	429	25	5
D4000.contig1498	429	13	4
D4000.contig1499	429	21	4
D4000.contig1500	428	16	4
D4000.contig1501	428	18	7
D4000.contig1502	428	21	5
D4000.contig1503	428	20	5
D4000.contig1504	428	6	4
D4000.contig1505	427	16	9
D4000.contig1506	427	11	5
D4000.contig1507	427	10	6
D4000.contig1508	427	22	3
D4000.contig1509	426	22	2
D4000.contig1510	426	18	2
D4000.contig1511	426	8	4
D4000.contig1512	425	14	4
D4000.contig1513	425	23	4
D4000.contig1514	425	12	4
D4000.contig1515	424	16	6
D4000.contig1516	424	23	4
D4000.contig1517	424	19	10
D4000.contig1518	424	24	9
D4000.contig1519	423	16	6
D4000.contig1520	422	25	4
D4000.contig1521	422	12	4
D4000.contig1522	421	24	0
D4000.contig1523	421	15	5
D4000.contig1524	421	22	10
D4000.contig1525	421	25	11
D4000.contig1526	421	16	3
D4000.contig1527	420	9	7
D4000.contig1528	420	8	2
D4000.contig1529	420	27	13
D4000.contig1530	419	17	6
D4000.contig1531	419	12	4
D4000.contig1532	419	39	6
D4000.contig1533	418	9	1
D4000.contig1534	418	396	12
D4000.contig1535	418	18	7
D4000.contig1536	417	12	4
D4000.contig1537	417	27	8
D4000.contig1538	417	10	8
D4000.contig1539	417	19	5
D4000.contig1540	417	16	8
D4000.contig1541	417	8	8
D4000.contig1542	417	37	6
D4000.contig1543	417	17	2
D4000.contig1544	416	18	8
D4000.contig1545	416	21	7
D4000.contig1546	416	40	1
D4000.contig1547	416	13	5
D4000.contig1548	415	19	5
D4000.contig1549	414	21	6
D4000.contig1550	414	15	3
D4000.contig1551	414	11	5
D4000.contig1552	414	18	5
D4000.contig1553	414	33	3
D4000.contig1554	413	19	2
D4000.contig1555	413	13	1
D4000.contig1556	413	9	5
D4000.contig1557	413	21	5
D4000.contig1558	413	17	4
D4000.contig1559	412	7	2
D4000.contig1560	412	14	6
D4000.contig1561	411	22	4
D4000.contig1562	411	13	9
D4000.contig1563	411	14	5
D4000.contig1564	411	11	7
D4000.contig1565	410	20	4
D4000.contig1566	410	9	8
D4000.contig1567	409	14	9
D4000.contig1568	407	12	8
D4000.contig1569	407	13	5
D4000.contig1570	406	13	7
D4000.contig1571	406	13	3
D4000.contig1572	406	12	3
D4000.contig1573	405	10	6
D4000.contig1574	405	25	10
D4000.contig1575	405	18	7
D4000.contig1576	405	19	4
D4000.contig1577	405	15	5
D4000.contig1578	405	16	9
D4000.contig1579	405	16	5
D4000.contig1580	404	22	8
D4000.contig1581	404	31	3
D4000.contig1582	404	21	5
D4000.contig1583	404	22	7
D4000.contig1584	404	26	6
D4000.contig1585	403	17	8
D4000.contig1586	402	27	6
D4000.contig1587	402	17	5
D4000.contig1588	402	21	4
D4000.contig1589	402	18	1
D4000.contig1590	402	14	4
D4000.contig1591	402	10	5
D4000.contig1592	402	19	2
D4000.contig1593	401	13	5
D4000.contig1594	401	17	4
D4000.contig1595	401	22	8
D4000.contig1596	401	20	7
D4000.contig1597	401	10	8
D4000.contig1598	400	7	3
D4000.contig1599	400	13	5
D4000.contig1600	400	12	6
D4000.contig1601	400	17	3
D4000.contig1602	399	123	9
D4000.contig1603	399	9	3
D4000.contig1604	399	18	6
D4000.contig1605	398	405	13
D4000.contig1606	398	12	8
D4000.contig1607	398	15	3
D4000.contig1608	398	8	4
D4000.contig1609	398	16	8
D4000.contig1610	398	16	8
D4000.contig1611	397	8	2
D4000.contig1612	397	11	2
D4000.contig1613	397	17	5
D4000.contig1614	397	11	3
D4000.contig1615	396	15	4
D4000.contig1616	396	21	2
D4000.contig1617	396	21	7
D4000.contig1618	396	13	7
D4000.contig1619	395	12	4
D4000.contig1620	395	10	6
D4000.contig1621	395	17	4
D4000.contig1622	395	23	5
D4000.contig1623	395	14	6
D4000.contig1624	394	16	8
D4000.contig1625	394	22	8
D4000.contig1626	394	18	8
D4000.contig1627	393	14	8
D4000.contig1628	393	10	4
D4000.contig1629	393	6	6
D4000.contig1630	392	14	4
D4000.contig1631	392	22	10
D4000.contig1632	391	10	3
D4000.contig1633	391	17	6
D4000.contig1634	391	13	7
D4000.contig1635	391	20	10
D4000.contig1636	390	96	3
D4000.contig1637	390	16	3
D4000.contig1638	390	18	9
D4000.contig1639	389	16	3
D4000.contig1640	388	10	6
D4000.contig1641	388	14	7
D4000.contig1642	388	16	6
D4000.contig1643	388	12	3
D4000.contig1644	388	16	10
D4000.contig1645	387	21	6
D4000.contig1646	387	23	2
D4000.contig1647	387	12	8
D4000.contig1648	387	182	6
D4000.contig1649	387	14	4
D4000.contig1650	386	15	2
D4000.contig1651	386	22	7
D4000.contig1652	386	16	4
D4000.contig1653	386	15	2
D4000.contig1654	385	24	7
D4000.contig1655	385	13	3
D4000.contig1656	385	13	2
D4000.contig1657	384	13	4
D4000.contig1658	384	22	7
D4000.contig1659	384	17	5
D4000.contig1660	384	14	8
D4000.contig1661	384	17	2
D4000.contig1662	383	12	3
D4000.contig1663	383	8	5
D4000.contig1664	382	11	5
D4000.contig1665	382	12	2
D4000.contig1666	381	26	5
D4000.contig1667	381	19	5
D4000.contig1668	381	11	5
D4000.contig1669	381	12	2
D4000.contig1670	380	10	4
D4000.contig1671	380	20	10
D4000.contig1672	380	13	7
D4000.contig1673	379	8	4
D4000.contig1674	379	7	3
D4000.contig1675	379	10	6
D4000.contig1676	379	6	6
D4000.contig1677	379	14	6
D4000.contig1678	378	120	15
D4000.contig1679	378	14	5
D4000.contig1680	378	8	4
D4000.contig1681	377	18	4
D4000.contig1682	377	7	5
D4000.contig1683	377	9	5
D4000.contig1684	377	9	4
D4000.contig1685	376	9	7
D4000.contig1686	376	15	6
D4000.contig1687	376	23	5
D4000.contig1688	376	17	5
D4000.contig1689	375	11	7
D4000.contig1690	375	18	6
D4000.contig1691	375	21	13
D4000.contig1692	374	33	9
D4000.contig1693	374	25	3
D4000.contig1694	374	11	6
D4000.contig1695	374	19	7
D4000.contig1696	373	20	7
D4000.contig1697	373	11	3
D4000.contig1698	373	16	5
D4000.contig1699	373	17	2
D4000.contig1700	373	1267	68
D4000.contig1701	373	698	40
D4000.contig1702	373	16	1
D4000.contig1703	373	11	4
D4000.contig1704	372	10	4
D4000.contig1705	372	12	2
D4000.contig1706	372	487	10
D4000.contig1707	372	17	8
D4000.contig1708	371	14	4
D4000.contig1709	371	14	8
D4000.contig1710	371	28	1
D4000.contig1711	371	13	6
D4000.contig1712	371	14	5
D4000.contig1713	370	11	3
D4000.contig1714	369	15	8
D4000.contig1715	369	15	1
D4000.contig1716	369	15	3
D4000.contig1717	369	22	4
D4000.contig1718	369	14	8
D4000.contig1719	368	10	2
D4000.contig1720	368	15	5
D4000.contig1721	368	10	2
D4000.contig1722	368	11	6
D4000.contig1723	368	10	6
D4000.contig1724	368	10	6
D4000.contig1725	368	12	6
D4000.contig1726	367	1106	38
D4000.contig1727	367	12	6
D4000.contig1728	367	33	3
D4000.contig1729	367	14	7
D4000.contig1730	367	20	9
D4000.contig1731	367	15	7
D4000.contig1732	366	15	7
D4000.contig1733	366	15	1
D4000.contig1734	365	14	7
D4000.contig1735	365	14	1
D4000.contig1736	365	15	7
D4000.contig1737	365	14	6
D4000.contig1738	365	11	3
D4000.contig1739	365	10	8
D4000.contig1740	365	19	9
D4000.contig1741	364	13	3
D4000.contig1742	363	10	9
D4000.contig1743	363	8	4
D4000.contig1744	363	39	7
D4000.contig1745	363	10	8
D4000.contig1746	362	12	4
D4000.contig1747	362	22	4
D4000.contig1748	362	11	3
D4000.contig1749	362	13	11
D4000.contig1750	362	15	4
D4000.contig1751	361	20	8
D4000.contig1752	361	22	5
D4000.contig1753	361	17	2
D4000.contig1754	361	7	3
D4000.contig1755	361	14	2
D4000.contig1756	360	6	2
D4000.contig1757	359	12	6
D4000.contig1758	359	10	6
D4000.contig1759	359	11	7
D4000.contig1760	359	18	6
D4000.contig1761	359	214	5
D4000.contig1762	359	9	1
D4000.contig1763	359	138	8
D4000.contig1764	359	13	4
D4000.contig1765	359	11	2
D4000.contig1766	359	15	5
D4000.contig1767	358	10	6
D4000.contig1768	358	14	4
D4000.contig1769	358	12	4
D4000.contig1770	358	17	1
D4000.contig1771	357	21	8
D4000.contig1772	357	6	6
D4000.contig1773	357	17	4
D4000.contig1774	357	20	4
D4000.contig1775	357	13	7
D4000.contig1776	357	9	7
D4000.contig1777	357	12	7
D4000.contig1778	357	1914	114
D4000.contig1779	357	10	2
D4000.contig1780	357	7	5
D4000.contig1781	356	27	3
D4000.contig1782	356	14	8
D4000.contig1783	356	19	8
D4000.contig1784	356	14	9
D4000.contig1785	355	1548	70
D4000.contig1786	355	24	7
D4000.contig1787	355	20	6
D4000.contig1788	355	20	1
D4000.contig1789	355	14	6
D4000.contig1790	355	19	3
D4000.contig1791	354	9	5
D4000.contig1792	353	104	11
D4000.contig1793	353	15	6
D4000.contig1794	352	13	4
D4000.contig1795	352	16	8
D4000.contig1796	352	20	6
D4000.contig1797	352	8	4
D4000.contig1798	352	15	5
D4000.contig1799	352	9	5
D4000.contig1800	352	25	5
D4000.contig1801	351	16	3
D4000.contig1802	351	11	1
D4000.contig1803	350	10	6
D4000.contig1804	350	63	9
D4000.contig1805	350	7	5
D4000.contig1806	350	8	5
D4000.contig1807	350	168	17
D4000.contig1808	350	8	4
D4000.contig1809	349	14	2
D4000.contig1810	349	12	6
D4000.contig1811	349	18	4
D4000.contig1812	349	5	5
D4000.contig1813	349	11	3
D4000.contig1814	349	11	9
D4000.contig1815	348	162	12
D4000.contig1816	348	17	3
D4000.contig1817	348	18	3
D4000.contig1818	347	6	6
D4000.contig1819	347	17	9
D4000.contig1820	347	14	6
D4000.contig1821	346	4	4
D4000.contig1822	346	12	8
D4000.contig1823	346	9	3
D4000.contig1824	346	12	4
D4000.contig1825	346	6	4
D4000.contig1826	345	6	4
D4000.contig1827	345	11	4
D4000.contig1828	345	15	3
D4000.contig1829	345	8	4
D4000.contig1830	345	17	3
D4000.contig1831	344	9	4
D4000.contig1832	344	15	6
D4000.contig1833	344	15	8
D4000.contig1834	344	14	4
D4000.contig1835	344	15	5
D4000.contig1836	344	314	15
D4000.contig1837	344	11	7
D4000.contig1838	343	14	9
D4000.contig1839	343	13	3
D4000.contig1840	343	8	6
D4000.contig1841	343	11	2
D4000.contig1842	343	8	2
D4000.contig1843	342	291	28
D4000.contig1844	342	10	6
D4000.contig1845	342	515	24
D4000.contig1846	342	15	2
D4000.contig1847	342	15	4
D4000.contig1848	341	16	7
D4000.contig1849	341	25	2
D4000.contig1850	341	8	6
D4000.contig1851	341	9	4
D4000.contig1852	341	17	7
D4000.contig1853	341	5	4
D4000.contig1854	340	12	3
D4000.contig1855	340	7	3
D4000.contig1856	340	9	3
D4000.contig1857	340	20	4
D4000.contig1858	339	12	7
D4000.contig1859	339	12	8
D4000.contig1860	339	8	4
D4000.contig1861	339	20	10
D4000.contig1862	339	12	5
D4000.contig1863	339	6	4
D4000.contig1864	338	18	7
D4000.contig1865	338	16	4
D4000.contig1866	338	19	8
D4000.contig1867	338	23	1
D4000.contig1868	338	10	5
D4000.contig1869	338	19	7
D4000.contig1870	338	13	11
D4000.contig1871	337	8	2
D4000.contig1872	337	15	4
D4000.contig1873	336	20	8
D4000.contig1874	336	11	5
D4000.contig1875	336	12	5
D4000.contig1876	336	7	3
D4000.contig1877	336	9	5
D4000.contig1878	335	9	5
D4000.contig1879	335	48	1
D4000.contig1880	335	9	3
D4000.contig1881	335	12	6
D4000.contig1882	335	20	8
D4000.contig1883	335	12	7
D4000.contig1884	334	16	0
D4000.contig1885	334	7	3
D4000.contig1886	334	9	6
D4000.contig1887	333	359	24
D4000.contig1888	333	9	1
D4000.contig1889	333	8	4
D4000.contig1890	333	7	7
D4000.contig1891	333	52	16
D4000.contig1892	332	17	3
D4000.contig1893	332	11	3
D4000.contig1894	332	46	7
D4000.contig1895	332	15	8
D4000.contig1896	332	20	6
D4000.contig1897	332	9	7
D4000.contig1898	331	13	9
D4000.contig1899	331	15	3
D4000.contig1900	331	6	4
D4000.contig1901	330	13	7
D4000.contig1902	329	13	5
D4000.contig1903	329	11	3
D4000.contig1904	329	22	6
D4000.contig1905	329	419	33
D4000.contig1906	329	8	4
D4000.contig1907	329	16	5
D4000.contig1908	329	11	3
D4000.contig1909	329	13	12
D4000.contig1910	328	8	4
D4000.contig1911	328	9	3
D4000.contig1912	328	9	4
D4000.contig1913	328	9	5
D4000.contig1914	328	9	5
D4000.contig1915	328	9	2
D4000.contig1916	328	14	3
D4000.contig1917	328	21	4
D4000.contig1918	328	12	7
D4000.contig1919	328	13	8
D4000.contig1920	328	17	5
D4000.contig1921	327	66	3
D4000.contig1922	327	14	10
D4000.contig1923	327	300	26
D4000.contig1924	327	11	4
D4000.contig1925	326	6	2
D4000.contig1926	326	8	2
D4000.contig1927	326	13	3
D4000.contig1928	326	10	3
D4000.contig1929	325	34	6
D4000.contig1930	325	7	3
D4000.contig1931	325	8	4
D4000.contig1932	325	10	4
D4000.contig1933	325	26	5
D4000.contig1934	324	12	5
D4000.contig1935	324	15	5
D4000.contig1936	324	8	6
D4000.contig1937	324	11	3
D4000.contig1938	324	12	3
D4000.contig1939	324	11	2
D4000.contig1940	324	6	2
D4000.contig1941	323	15	10
D4000.contig1942	323	16	8
D4000.contig1943	323	8	4
D4000.contig1944	322	8	3
D4000.contig1945	322	15	2
D4000.contig1946	322	13	5
D4000.contig1947	322	7	5
D4000.contig1948	322	4	4
D4000.contig1949	321	3	3
D4000.contig1950	321	7	3
D4000.contig1951	321	22	4
D4000.contig1952	321	7	3
D4000.contig1953	321	7	3
D4000.contig1954	321	11	5
D4000.contig1955	320	21	2
D4000.contig1956	320	9	6
D4000.contig1957	320	6	5
D4000.contig1958	320	15	8
D4000.contig1959	320	12	5
D4000.contig1960	319	13	3
D4000.contig1961	319	16	0
D4000.contig1962	319	8	2
D4000.contig1963	319	7	5
D4000.contig1964	319	7	5
D4000.contig1965	319	17	4
D4000.contig1966	319	10	7
D4000.contig1967	319	15	5
D4000.contig1968	319	6	2
D4000.contig1969	319	47	2
D4000.contig1970	318	10	6
D4000.contig1971	318	10	3
D4000.contig1972	318	12	4
D4000.contig1973	318	7	3
D4000.contig1974	318	15	1
D4000.contig1975	318	18	3
D4000.contig1976	317	15	4
D4000.contig1977	317	11	5
D4000.contig1978	317	5	3
D4000.contig1979	317	8	2
D4000.contig1980	317	11	5
D4000.contig1981	317	12	4
D4000.contig1982	317	37	3
D4000.contig1983	317	11	9
D4000.contig1984	317	170	2
D4000.contig1985	316	10	2
D4000.contig1986	316	18	5
D4000.contig1987	316	8	6
D4000.contig1988	316	6	3
D4000.contig1989	316	8	3
D4000.contig1990	316	7	5
D4000.contig1991	316	21	8
D4000.contig1992	316	19	9
D4000.contig1993	315	7	1
D4000.contig1994	315	12	4
D4000.contig1995	315	6	4
D4000.contig1996	315	14	5
D4000.contig1997	315	10	2
D4000.contig1998	315	4	4
D4000.contig1999	314	4	4
D4000.contig2000	314	9	8
D4000.contig2001	314	8	4
D4000.contig2002	314	10	2
D4000.contig2003	314	38	4
D4000.contig2004	314	12	4
D4000.contig2005	314	6	4
D4000.contig2006	313	13	2
D4000.contig2007	313	34	4
D4000.contig2008	313	14	5
D4000.contig2009	313	9	7
D4000.contig2010	313	877	56
D4000.contig2011	313	9	4
D4000.contig2012	313	13	7
D4000.contig2013	312	10	8
D4000.contig2014	312	9	4
D4000.contig2015	312	9	7
D4000.contig2016	312	8	2
D4000.contig2017	312	12	6
D4000.contig2018	311	8	2
D4000.contig2019	311	10	5
D4000.contig2020	311	7	6
D4000.contig2021	311	8	2
D4000.contig2022	310	6	2
D4000.contig2023	310	11	3
D4000.contig2024	310	11	9
D4000.contig2025	310	6	4
D4000.contig2026	310	9	4
D4000.contig2027	310	9	3
D4000.contig2028	310	9	6
D4000.contig2029	310	9	2
D4000.contig2030	309	36	7
D4000.contig2031	309	6	6
D4000.contig2032	309	4	4
D4000.contig2033	309	6	5
D4000.contig2034	309	5	4
D4000.contig2035	309	12	2
D4000.contig2036	309	7	4
D4000.contig2037	308	114	10
D4000.contig2038	308	13	7
D4000.contig2039	308	12	7
D4000.contig2040	308	7	2
D4000.contig2041	307	13	6
D4000.contig2042	307	7	5
D4000.contig2043	307	6	4
D4000.contig2044	307	7	5
D4000.contig2045	306	14	6
D4000.contig2046	306	6	2
D4000.contig2047	306	198	13
D4000.contig2048	306	8	6
D4000.contig2049	306	13	4
D4000.contig2050	306	13	4
D4000.contig2051	305	12	3
D4000.contig2052	305	5	3
D4000.contig2053	305	13	5
D4000.contig2054	305	16	2
D4000.contig2055	305	10	1
D4000.contig2056	305	12	4
D4000.contig2057	305	7	3
D4000.contig2058	304	10	6
D4000.contig2059	304	9	4
D4000.contig2060	304	17	7
D4000.contig2061	304	5	4
D4000.contig2062	304	11	7
D4000.contig2063	304	12	7
D4000.contig2064	304	16	5
D4000.contig2065	304	6	4
D4000.contig2066	303	9	4
D4000.contig2067	303	13	7
D4000.contig2068	303	6	6
D4000.contig2069	303	6	4
D4000.contig2070	303	9	4
D4000.contig2071	302	16	1
D4000.contig2072	302	7	2
D4000.contig2073	302	11	6
D4000.contig2074	302	11	5
D4000.contig2075	302	14	5
D4000.contig2076	302	5	4
D4000.contig2077	302	13	6
D4000.contig2078	302	7	4
D4000.contig2079	302	6	1
D4000.contig2080	302	212	15
D4000.contig2081	302	9	5
D4000.contig2082	302	12	1
D4000.contig2083	302	8	5
D4000.contig2084	302	7	3
D4000.contig2085	302	12	3
D4000.contig2086	302	12	2
D4000.contig2087	301	8	0
D4000.contig2088	301	6	6
D4000.contig2089	301	13	4
D4000.contig2090	301	10	3
D4000.contig2091	301	12	1
D4000.contig2092	301	10	5
D4000.contig2093	301	9	4
D4000.contig2094	301	6	2
D4000.contig2095	301	7	3
D4000.contig2096	301	6	6
D4000.contig2097	301	14	2
D4000.contig2098	301	19	2
D4000.contig2099	300	6	6
D4000.contig2100	300	18	5
D4000.contig2101	300	12	3
D4000.contig2102	300	12	10
D4000.contig2103	300	11	7
D4000.contig2104	300	6	6
*	0	0	102656
