D345.contig1	98559	5182	337
D345.contig2	64010	31385	1982
D345.contig3	50411	92	4
D345.contig4	47752	13161	403
D345.contig5	47518	21801	1339
D345.contig6	44010	70567	4425
D345.contig7	43104	0	0
D345.contig8	41900	12	4
D345.contig9	40998	10689	547
D345.contig10	40629	67150	3882
D345.contig11	40298	30734	1176
D345.contig12	37309	20161	914
D345.contig13	36346	4	2
D345.contig14	35827	20778	1246
D345.contig15	35686	6	0
D345.contig16	35020	3808	148
D345.contig17	34285	52518	3306
D345.contig18	32551	36	8
D345.contig19	32307	3538	124
D345.contig20	31315	12047	739
D345.contig21	30371	3586	158
D345.contig22	27817	0	0
D345.contig23	26963	10867	714
D345.contig24	26561	133341	8956
D345.contig25	24363	0	0
D345.contig26	23529	0	0
D345.contig27	23127	558317	30403
D345.contig28	22961	2528	180
D345.contig29	22489	0	0
D345.contig30	22058	3920543	304637
D345.contig31	21542	144674	10786
D345.contig32	21428	0	0
D345.contig33	21375	4064	367
D345.contig34	20942	7180	349
D345.contig35	19130	0	0
D345.contig36	17887	0	0
D345.contig37	17663	0	0
D345.contig38	17531	2	0
D345.contig39	16962	0	0
D345.contig40	16847	4	2
D345.contig41	16255	2163	161
D345.contig42	15884	2641	126
D345.contig43	15827	1490	66
D345.contig44	15220	12	0
D345.contig45	14941	38385	3201
D345.contig46	14743	1798	75
D345.contig47	14405	26	0
D345.contig48	14269	0	0
D345.contig49	14176	0	0
D345.contig50	13555	0	0
D345.contig51	13298	6	2
D345.contig52	12942	996	36
D345.contig53	12887	6	1
D345.contig54	12280	1269	96
D345.contig55	12072	81755	6743
D345.contig56	11321	0	0
D345.contig57	11231	12	0
D345.contig58	11007	1440	61
D345.contig59	10967	1733	45
D345.contig60	10950	1021	48
D345.contig61	10846	1406	53
D345.contig62	10790	1235	103
D345.contig63	10709	18871	1758
D345.contig64	10575	23	5
D345.contig65	10386	183	13
D345.contig66	10278	0	0
D345.contig67	10066	562	40
D345.contig68	10003	1224	82
D345.contig69	9991	19	11
D345.contig70	9982	872	65
D345.contig71	9882	487	37
D345.contig72	9819	1002	48
D345.contig73	9783	1158	68
D345.contig74	9619	0	0
D345.contig75	9613	0	0
D345.contig76	9594	22432	1262
D345.contig77	9561	151254	12716
D345.contig78	9486	1043	70
D345.contig79	9486	30032	2938
D345.contig80	9364	5988	383
D345.contig81	9122	250997	18569
D345.contig82	9116	10	0
D345.contig83	9112	0	0
D345.contig84	9095	758	52
D345.contig85	8980	0	0
D345.contig86	8800	0	0
D345.contig87	8760	907	73
D345.contig88	8712	0	0
D345.contig89	8488	0	0
D345.contig90	8427	25951	2593
D345.contig91	8421	0	0
D345.contig92	8173	1233	97
D345.contig93	8172	7	3
D345.contig94	8159	2932	276
D345.contig95	8147	594	30
D345.contig96	8031	662	26
D345.contig97	7988	6865	629
D345.contig98	7944	6261	417
D345.contig99	7916	0	0
D345.contig100	7904	18	2
D345.contig101	7868	0	0
D345.contig102	7748	0	0
D345.contig103	7720	1629	102
D345.contig104	7639	2	0
D345.contig105	7625	1322	94
D345.contig106	7469	914	55
D345.contig107	7409	619	28
D345.contig108	7407	0	0
D345.contig109	7372	32371	2676
D345.contig110	7322	2	0
D345.contig111	7213	0	0
D345.contig112	7182	1	1
D345.contig113	7098	29310	3705
D345.contig114	7025	0	0
D345.contig115	6976	0	0
D345.contig116	6961	0	0
D345.contig117	6849	841	67
D345.contig118	6789	0	0
D345.contig119	6760	329	27
D345.contig120	6755	0	0
D345.contig121	6680	7363	843
D345.contig122	6674	2217	106
D345.contig123	6642	0	0
D345.contig124	6618	14927	1441
D345.contig125	6532	822	74
D345.contig126	6518	0	0
D345.contig127	6489	608	42
D345.contig128	6453	0	0
D345.contig129	6414	0	0
D345.contig130	6412	746	50
D345.contig131	6399	9	3
D345.contig132	6387	0	0
D345.contig133	6290	385	23
D345.contig134	6154	0	0
D345.contig135	6151	287	14
D345.contig136	6078	537	34
D345.contig137	6049	2	0
D345.contig138	6044	0	0
D345.contig139	5947	569	19
D345.contig140	5940	279	19
D345.contig141	5879	12758	1061
D345.contig142	5847	3	1
D345.contig143	5831	0	0
D345.contig144	5808	656	40
D345.contig145	5766	371	22
D345.contig146	5765	460	22
D345.contig147	5743	0	0
D345.contig148	5685	611	33
D345.contig149	5635	387	37
D345.contig150	5631	0	0
D345.contig151	5576	1191682	126399
D345.contig152	5574	317	33
D345.contig153	5531	0	0
D345.contig154	5472	0	0
D345.contig155	5461	329	27
D345.contig156	5446	264	26
D345.contig157	5437	0	0
D345.contig158	5389	0	0
D345.contig159	5356	313	17
D345.contig160	5281	2	2
D345.contig161	5280	5786	658
D345.contig162	5235	0	0
D345.contig163	5229	0	0
D345.contig164	5220	0	0
D345.contig165	5210	506	37
D345.contig166	5173	11817	1527
D345.contig167	5090	0	0
D345.contig168	5088	0	0
D345.contig169	5086	270	42
D345.contig170	5049	0	0
D345.contig171	5034	0	0
D345.contig172	4964	0	0
D345.contig173	4954	353	39
D345.contig174	4909	0	0
D345.contig175	4871	0	0
D345.contig176	4859	246	16
D345.contig177	4851	6437	657
D345.contig178	4850	224	26
D345.contig179	4832	0	0
D345.contig180	4813	0	0
D345.contig181	4794	54725	5593
D345.contig182	4751	413	19
D345.contig183	4750	188	12
D345.contig184	4698	506	33
D345.contig185	4692	286	24
D345.contig186	4661	4791	253
D345.contig187	4641	269	17
D345.contig188	4631	537	35
D345.contig189	4621	0	0
D345.contig190	4564	215	15
D345.contig191	4553	3828	378
D345.contig192	4543	0	0
D345.contig193	4514	0	0
D345.contig194	4505	21192	2248
D345.contig195	4476	0	0
D345.contig196	4471	218	16
D345.contig197	4470	0	0
D345.contig198	4443	242	10
D345.contig199	4426	0	0
D345.contig200	4417	0	0
D345.contig201	4378	0	0
D345.contig202	4369	531	38
D345.contig203	4352	0	0
D345.contig204	4350	153	13
D345.contig205	4336	332	25
D345.contig206	4287	228	24
D345.contig207	4269	5	0
D345.contig208	4248	0	0
D345.contig209	4243	1027	543
D345.contig210	4226	398	26
D345.contig211	4218	133	15
D345.contig212	4213	14826	1738
D345.contig213	4192	181	15
D345.contig214	4190	169	17
D345.contig215	4188	86	10
D345.contig216	4186	1721	109
D345.contig217	4165	219	23
D345.contig218	4127	252	19
D345.contig219	4118	2040	92
D345.contig220	4056	445	25
D345.contig221	4049	0	0
D345.contig222	4015	253	9
D345.contig223	4013	467313	76904
D345.contig224	3997	157	16
D345.contig225	3981	268	12
D345.contig226	3978	0	0
D345.contig227	3954	0	0
D345.contig228	3904	0	0
D345.contig229	3901	262	18
D345.contig230	3895	134	18
D345.contig231	3879	0	0
D345.contig232	3862	46741	3606
D345.contig233	3824	1	1
D345.contig234	3811	336	34
D345.contig235	3795	183	17
D345.contig236	3770	67	3
D345.contig237	3745	231	22
D345.contig238	3737	2	2
D345.contig239	3728	163	15
D345.contig240	3715	200	12
D345.contig241	3688	0	0
D345.contig242	3682	0	0
D345.contig243	3672	0	0
D345.contig244	3663	261	19
D345.contig245	3660	0	0
D345.contig246	3653	315	20
D345.contig247	3618	2	0
D345.contig248	3613	0	0
D345.contig249	3604	233	17
D345.contig250	3595	152	16
D345.contig251	3595	340	27
D345.contig252	3530	470	26
D345.contig253	3490	0	0
D345.contig254	3480	0	0
D345.contig255	3471	0	0
D345.contig256	3462	0	0
D345.contig257	3442	194	16
D345.contig258	3436	1089	551
D345.contig259	3414	0	0
D345.contig260	3411	144	22
D345.contig261	3410	200	5
D345.contig262	3408	0	0
D345.contig263	3397	190	14
D345.contig264	3394	0	0
D345.contig265	3367	123	2
D345.contig266	3358	12	0
D345.contig267	3349	167	21
D345.contig268	3343	185	23
D345.contig269	3335	8948	1145
D345.contig270	3327	154	12
D345.contig271	3324	100	4
D345.contig272	3318	300	33
D345.contig273	3315	180	12
D345.contig274	3313	0	0
D345.contig275	3307	0	0
D345.contig276	3297	0	0
D345.contig277	3284	169	13
D345.contig278	3240	69	7
D345.contig279	3199	0	0
D345.contig280	3156	0	0
D345.contig281	3126	0	0
D345.contig282	3122	0	0
D345.contig283	3116	0	0
D345.contig284	3112	0	0
D345.contig285	3112	621796	102531
D345.contig286	3109	0	0
D345.contig287	3074	321	17
D345.contig288	3073	135	23
D345.contig289	3072	279	26
D345.contig290	3069	0	0
D345.contig291	3067	141	13
D345.contig292	3058	1960	331
D345.contig293	3055	219	31
D345.contig294	3026	167	27
D345.contig295	3025	256	16
D345.contig296	3012	0	0
D345.contig297	3009	0	0
*	0	0	1943586
