D345.contig1	98559	0	0
D345.contig2	64010	1	1
D345.contig3	50411	354	100
D345.contig4	47752	0	0
D345.contig5	47518	0	0
D345.contig6	44010	0	0
D345.contig7	43104	0	0
D345.contig8	41900	68	16
D345.contig9	40998	1	1
D345.contig10	40629	0	0
D345.contig11	40298	8526	175
D345.contig12	37309	0	0
D345.contig13	36346	12439	7458
D345.contig14	35827	0	0
D345.contig15	35686	212	60
D345.contig16	35020	0	0
D345.contig17	34285	9	5
D345.contig18	32551	0	0
D345.contig19	32307	0	0
D345.contig20	31315	0	0
D345.contig21	30371	0	0
D345.contig22	27817	0	0
D345.contig23	26963	0	0
D345.contig24	26561	0	0
D345.contig25	24363	5	3
D345.contig26	23529	4	4
D345.contig27	23127	0	0
D345.contig28	22961	0	0
D345.contig29	22489	24	1
D345.contig30	22058	0	0
D345.contig31	21542	0	0
D345.contig32	21428	0	0
D345.contig33	21375	0	0
D345.contig34	20942	0	0
D345.contig35	19130	0	0
D345.contig36	17887	0	0
D345.contig37	17663	0	0
D345.contig38	17531	12	0
D345.contig39	16962	0	0
D345.contig40	16847	13	4
D345.contig41	16255	0	0
D345.contig42	15884	2	0
D345.contig43	15827	1645	374
D345.contig44	15220	0	0
D345.contig45	14941	0	0
D345.contig46	14743	0	0
D345.contig47	14405	0	0
D345.contig48	14269	0	0
D345.contig49	14176	295	177
D345.contig50	13555	22	0
D345.contig51	13298	198250	42228
D345.contig52	12942	0	0
D345.contig53	12887	243	10
D345.contig54	12280	0	0
D345.contig55	12072	0	0
D345.contig56	11321	0	0
D345.contig57	11231	0	0
D345.contig58	11007	0	0
D345.contig59	10967	0	0
D345.contig60	10950	0	0
D345.contig61	10846	0	0
D345.contig62	10790	0	0
D345.contig63	10709	0	0
D345.contig64	10575	0	0
D345.contig65	10386	2	0
D345.contig66	10278	0	0
D345.contig67	10066	0	0
D345.contig68	10003	0	0
D345.contig69	9991	0	0
D345.contig70	9982	0	0
D345.contig71	9882	371	97
D345.contig72	9819	0	0
D345.contig73	9783	0	0
D345.contig74	9619	0	0
D345.contig75	9613	0	0
D345.contig76	9594	0	0
D345.contig77	9561	0	0
D345.contig78	9486	2	0
D345.contig79	9486	0	0
D345.contig80	9364	0	0
D345.contig81	9122	0	0
D345.contig82	9116	0	0
D345.contig83	9112	0	0
D345.contig84	9095	0	0
D345.contig85	8980	0	0
D345.contig86	8800	0	0
D345.contig87	8760	0	0
D345.contig88	8712	0	0
D345.contig89	8488	0	0
D345.contig90	8427	0	0
D345.contig91	8421	1	1
D345.contig92	8173	0	0
D345.contig93	8172	207	119
D345.contig94	8159	0	0
D345.contig95	8147	11	1
D345.contig96	8031	0	0
D345.contig97	7988	0	0
D345.contig98	7944	0	0
D345.contig99	7916	0	0
D345.contig100	7904	0	0
D345.contig101	7868	0	0
D345.contig102	7748	0	0
D345.contig103	7720	0	0
D345.contig104	7639	287223	57106
D345.contig105	7625	0	0
D345.contig106	7469	0	0
D345.contig107	7409	0	0
D345.contig108	7407	0	0
D345.contig109	7372	0	0
D345.contig110	7322	81575	32515
D345.contig111	7213	0	0
D345.contig112	7182	73	23
D345.contig113	7098	0	0
D345.contig114	7025	0	0
D345.contig115	6976	0	0
D345.contig116	6961	0	0
D345.contig117	6849	0	0
D345.contig118	6789	6	0
D345.contig119	6760	0	0
D345.contig120	6755	0	0
D345.contig121	6680	0	0
D345.contig122	6674	0	0
D345.contig123	6642	0	0
D345.contig124	6618	0	0
D345.contig125	6532	164	54
D345.contig126	6518	0	0
D345.contig127	6489	0	0
D345.contig128	6453	6	0
D345.contig129	6414	0	0
D345.contig130	6412	0	0
D345.contig131	6399	2	0
D345.contig132	6387	0	0
D345.contig133	6290	0	0
D345.contig134	6154	0	0
D345.contig135	6151	0	0
D345.contig136	6078	0	0
D345.contig137	6049	0	0
D345.contig138	6044	0	0
D345.contig139	5947	0	0
D345.contig140	5940	0	0
D345.contig141	5879	0	0
D345.contig142	5847	636	158
D345.contig143	5831	7	1
D345.contig144	5808	0	0
D345.contig145	5766	0	0
D345.contig146	5765	0	0
D345.contig147	5743	0	0
D345.contig148	5685	0	0
D345.contig149	5635	0	0
D345.contig150	5631	0	0
D345.contig151	5576	0	0
D345.contig152	5574	0	0
D345.contig153	5531	0	0
D345.contig154	5472	0	0
D345.contig155	5461	0	0
D345.contig156	5446	0	0
D345.contig157	5437	0	0
D345.contig158	5389	0	0
D345.contig159	5356	115	63
D345.contig160	5281	3	1
D345.contig161	5280	0	0
D345.contig162	5235	0	0
D345.contig163	5229	0	0
D345.contig164	5220	0	0
D345.contig165	5210	0	0
D345.contig166	5173	0	0
D345.contig167	5090	0	0
D345.contig168	5088	0	0
D345.contig169	5086	0	0
D345.contig170	5049	0	0
D345.contig171	5034	182619	51035
D345.contig172	4964	0	0
D345.contig173	4954	0	0
D345.contig174	4909	0	0
D345.contig175	4871	0	0
D345.contig176	4859	0	0
D345.contig177	4851	0	0
D345.contig178	4850	0	0
D345.contig179	4832	3685	2621
D345.contig180	4813	19	1
D345.contig181	4794	0	0
D345.contig182	4751	0	0
D345.contig183	4750	0	0
D345.contig184	4698	0	0
D345.contig185	4692	0	0
D345.contig186	4661	0	0
D345.contig187	4641	0	0
D345.contig188	4631	0	0
D345.contig189	4621	0	0
D345.contig190	4564	713	102
D345.contig191	4553	0	0
D345.contig192	4543	0	0
D345.contig193	4514	0	0
D345.contig194	4505	0	0
D345.contig195	4476	0	0
D345.contig196	4471	0	0
D345.contig197	4470	23	7
D345.contig198	4443	0	0
D345.contig199	4426	0	0
D345.contig200	4417	0	0
D345.contig201	4378	0	0
D345.contig202	4369	0	0
D345.contig203	4352	0	0
D345.contig204	4350	0	0
D345.contig205	4336	0	0
D345.contig206	4287	0	0
D345.contig207	4269	48	6
D345.contig208	4248	0	0
D345.contig209	4243	4	1
D345.contig210	4226	0	0
D345.contig211	4218	0	0
D345.contig212	4213	0	0
D345.contig213	4192	0	0
D345.contig214	4190	0	0
D345.contig215	4188	0	0
D345.contig216	4186	0	0
D345.contig217	4165	0	0
D345.contig218	4127	2	0
D345.contig219	4118	0	0
D345.contig220	4056	0	0
D345.contig221	4049	6	0
D345.contig222	4015	0	0
D345.contig223	4013	0	0
D345.contig224	3997	0	0
D345.contig225	3981	0	0
D345.contig226	3978	0	0
D345.contig227	3954	0	0
D345.contig228	3904	0	0
D345.contig229	3901	0	0
D345.contig230	3895	0	0
D345.contig231	3879	0	0
D345.contig232	3862	0	0
D345.contig233	3824	4	2
D345.contig234	3811	0	0
D345.contig235	3795	0	0
D345.contig236	3770	0	0
D345.contig237	3745	2146	819
D345.contig238	3737	66	46
D345.contig239	3728	0	0
D345.contig240	3715	0	0
D345.contig241	3688	0	0
D345.contig242	3682	0	0
D345.contig243	3672	0	0
D345.contig244	3663	0	0
D345.contig245	3660	0	0
D345.contig246	3653	0	0
D345.contig247	3618	16	0
D345.contig248	3613	0	0
D345.contig249	3604	16	8
D345.contig250	3595	0	0
D345.contig251	3595	0	0
D345.contig252	3530	0	0
D345.contig253	3490	0	0
D345.contig254	3480	0	0
D345.contig255	3471	0	0
D345.contig256	3462	0	0
D345.contig257	3442	0	0
D345.contig258	3436	280	39
D345.contig259	3414	0	0
D345.contig260	3411	0	0
D345.contig261	3410	0	0
D345.contig262	3408	2	0
D345.contig263	3397	0	0
D345.contig264	3394	0	0
D345.contig265	3367	0	0
D345.contig266	3358	53	5
D345.contig267	3349	4	2
D345.contig268	3343	0	0
D345.contig269	3335	0	0
D345.contig270	3327	0	0
D345.contig271	3324	0	0
D345.contig272	3318	0	0
D345.contig273	3315	1	1
D345.contig274	3313	0	0
D345.contig275	3307	0	0
D345.contig276	3297	0	0
D345.contig277	3284	0	0
D345.contig278	3240	0	0
D345.contig279	3199	0	0
D345.contig280	3156	31	0
D345.contig281	3126	0	0
D345.contig282	3122	0	0
D345.contig283	3116	2	0
D345.contig284	3112	0	0
D345.contig285	3112	0	0
D345.contig286	3109	0	0
D345.contig287	3074	0	0
D345.contig288	3073	0	0
D345.contig289	3072	1	1
D345.contig290	3069	0	0
D345.contig291	3067	0	0
D345.contig292	3058	0	0
D345.contig293	3055	0	0
D345.contig294	3026	0	0
D345.contig295	3025	4	0
D345.contig296	3012	0	0
D345.contig297	3009	0	0
*	0	0	9797182
