R3591.contig1	6044	85	17
R3591.contig2	2400	31953	4348
R3591.contig3	1756	2192	904
R3591.contig4	1320	2059	388
R3591.contig5	1197	565554	92790
R3591.contig6	1155	2847903	255279
R3591.contig7	1025	402	20
R3591.contig8	1005	22	3
R3591.contig9	958	26487	4069
R3591.contig10	947	26549	9284
R3591.contig11	927	3367	1184
R3591.contig12	915	3756	1557
R3591.contig13	909	11120	2640
R3591.contig14	872	3074437	261135
R3591.contig15	845	47121	11667
R3591.contig16	838	6228	72
R3591.contig17	815	897434	197691
R3591.contig18	765	141	23
R3591.contig19	717	38229	11854
R3591.contig20	704	15399	7464
R3591.contig21	668	42619	5540
R3591.contig22	657	6268	2464
R3591.contig23	656	836	418
R3591.contig24	629	577	100
R3591.contig25	612	772	96
R3591.contig26	610	11	3
R3591.contig27	608	62	6
R3591.contig28	568	275	67
R3591.contig29	561	34401	8631
R3591.contig30	554	515	26
R3591.contig31	521	317	30
R3591.contig32	514	38	2
R3591.contig33	500	4117	785
R3591.contig34	484	1568	748
R3591.contig35	475	0	0
R3591.contig36	470	4	0
R3591.contig37	462	221928	64578
R3591.contig38	459	122	5
R3591.contig39	455	292	35
R3591.contig40	437	545	70
R3591.contig41	433	0	0
R3591.contig42	423	201	4
R3591.contig43	413	6329	2196
R3591.contig44	408	4	0
R3591.contig45	395	35	0
R3591.contig46	386	13	2
R3591.contig47	375	0	0
R3591.contig48	374	60192	6694
R3591.contig49	371	2986	799
R3591.contig50	363	25	3
R3591.contig51	354	41841	19752
R3591.contig52	351	16	2
R3591.contig53	351	279	70
R3591.contig54	350	50	2
R3591.contig55	337	512	15
R3591.contig56	331	30	3
R3591.contig57	328	5	1
R3591.contig58	324	56224	7209
R3591.contig59	322	872	50
R3591.contig60	322	496399	143862
R3591.contig61	320	63290	12470
R3591.contig62	318	9	1
R3591.contig63	318	4	0
R3591.contig64	314	145	16
R3591.contig65	312	0	0
R3591.contig66	301	16	2
*	0	0	17573770
