R4284.contig1	2109	620352	15751
R4284.contig2	1674	10305	268
R4284.contig3	1662	2018	17
R4284.contig4	1575	6824	129
R4284.contig5	1552	139757	1150
R4284.contig6	1415	50307	1473
R4284.contig7	1391	5156	64
R4284.contig8	1350	359215	15708
R4284.contig9	1314	6675	88
R4284.contig10	1253	220672	8007
R4284.contig11	1181	6489	63
R4284.contig12	1176	483	12
R4284.contig13	1143	15219	408
R4284.contig14	1125	3108	5
R4284.contig15	1116	60829	3783
R4284.contig16	1091	31515	775
R4284.contig17	1071	7034	527
R4284.contig18	1043	64229	1226
R4284.contig19	1039	11559	436
R4284.contig20	1020	15706	179
R4284.contig21	1010	19388	299
R4284.contig22	994	86	0
R4284.contig23	989	317749	24740
R4284.contig24	968	78394	1334
R4284.contig25	966	7355	471
R4284.contig26	958	63409	5728
R4284.contig27	953	4176	128
R4284.contig28	949	221508	3355
R4284.contig29	947	83371	23243
R4284.contig30	918	1429	220
R4284.contig31	916	1138	2
R4284.contig32	914	85702	4745
R4284.contig33	908	39944	5372
R4284.contig34	907	136	0
R4284.contig35	891	15563	196
R4284.contig36	870	1820	4
R4284.contig37	854	528	27
R4284.contig38	852	5853	260
R4284.contig39	851	23688	866
R4284.contig40	828	288	0
R4284.contig41	803	4435	214
R4284.contig42	793	7625	472
R4284.contig43	791	20683	186
R4284.contig44	785	144891	2420
R4284.contig45	782	49169	4857
R4284.contig46	781	2435	5
R4284.contig47	773	7664	883
R4284.contig48	771	778	0
R4284.contig49	764	23252	300
R4284.contig50	761	100839	1420
R4284.contig51	744	22256	948
R4284.contig52	743	404	2
R4284.contig53	729	580	0
R4284.contig54	726	41797	384
R4284.contig55	725	93420	1794
R4284.contig56	721	106347	2183
R4284.contig57	715	695	1
R4284.contig58	711	905	59
R4284.contig59	710	116	2
R4284.contig60	705	612	0
R4284.contig61	680	235239	9223
R4284.contig62	675	142	0
R4284.contig63	665	114	23
R4284.contig64	661	34297	2140
R4284.contig65	655	223539	23208
R4284.contig66	653	3371	201
R4284.contig67	648	61453	4577
R4284.contig68	642	66852	8024
R4284.contig69	631	26278	646
R4284.contig70	630	21478	560
R4284.contig71	621	302	2
R4284.contig72	614	118783	3908
R4284.contig73	612	24126	2143
R4284.contig74	612	32135	1195
R4284.contig75	609	489	1
R4284.contig76	608	27946	3451
R4284.contig77	607	9735	78
R4284.contig78	604	74786	3622
R4284.contig79	595	6026	145
R4284.contig80	595	135854	4108
R4284.contig81	583	108	4
R4284.contig82	581	89	1
R4284.contig83	580	78	0
R4284.contig84	573	32021	1176
R4284.contig85	573	30	2
R4284.contig86	571	128	0
R4284.contig87	570	2923	75
R4284.contig88	570	10240	1598
R4284.contig89	568	430	7
R4284.contig90	565	36046	2749
R4284.contig91	564	86	4
R4284.contig92	562	18618	877
R4284.contig93	561	3115	342
R4284.contig94	557	7282	1036
R4284.contig95	555	4455	186
R4284.contig96	553	2596	187
R4284.contig97	553	808	17
R4284.contig98	553	60284	7021
R4284.contig99	549	48967	1653
R4284.contig100	549	15396	405
R4284.contig101	547	6521	715
R4284.contig102	547	36	0
R4284.contig103	546	7921	1168
R4284.contig104	545	27046	3630
R4284.contig105	544	78	0
R4284.contig106	543	27863	3586
R4284.contig107	542	15362	2440
R4284.contig108	541	571	141
R4284.contig109	541	333	1
R4284.contig110	539	7892	545
R4284.contig111	535	80273	7989
R4284.contig112	534	88	0
R4284.contig113	532	21928	922
R4284.contig114	524	2225	181
R4284.contig115	522	54	0
R4284.contig116	520	9651	2165
R4284.contig117	520	96	0
R4284.contig118	515	83	1
R4284.contig119	513	5373	152
R4284.contig120	513	54032	5417
R4284.contig121	513	2817	70
R4284.contig122	507	63	1
R4284.contig123	504	78	0
R4284.contig124	502	28158	923
R4284.contig125	501	20742	2620
R4284.contig126	500	21666	1814
R4284.contig127	500	61616	1348
R4284.contig128	499	49	5
R4284.contig129	499	59387	1540
R4284.contig130	498	4056	64
R4284.contig131	498	254	42
R4284.contig132	497	43	1
R4284.contig133	497	31	1
R4284.contig134	491	13486	294
R4284.contig135	490	59	5
R4284.contig136	488	44	2
R4284.contig137	484	13478	266
R4284.contig138	484	25965	932
R4284.contig139	482	9546	1078
R4284.contig140	481	24	0
R4284.contig141	481	9584	277
R4284.contig142	479	44	0
R4284.contig143	477	11925	1651
R4284.contig144	475	71	1
R4284.contig145	471	402	1
R4284.contig146	471	186	0
R4284.contig147	469	42	0
R4284.contig148	466	256	0
R4284.contig149	465	38258	2617
R4284.contig150	463	7354	923
R4284.contig151	461	11786	1005
R4284.contig152	459	7772	280
R4284.contig153	447	67	1
R4284.contig154	447	131	1
R4284.contig155	445	128	2
R4284.contig156	444	7355	1770
R4284.contig157	443	22	0
R4284.contig158	439	34	0
R4284.contig159	439	42531	1615
R4284.contig160	439	18173	211
R4284.contig161	436	19683	515
R4284.contig162	435	41	3
R4284.contig163	435	43	0
R4284.contig164	430	116	0
R4284.contig165	428	11694	769
R4284.contig166	427	14939	4108
R4284.contig167	426	73	15
R4284.contig168	426	9345	134
R4284.contig169	424	33479	5870
R4284.contig170	423	41300	1610
R4284.contig171	423	4355	383
R4284.contig172	422	23271	2200
R4284.contig173	421	38865	580
R4284.contig174	418	721	46
R4284.contig175	416	52	0
R4284.contig176	415	903	161
R4284.contig177	412	629	54
R4284.contig178	411	892	149
R4284.contig179	410	13630	1155
R4284.contig180	409	23607	5152
R4284.contig181	409	18472	1504
R4284.contig182	406	5474	128
R4284.contig183	405	18478	729
R4284.contig184	405	106037	2413
R4284.contig185	403	46	0
R4284.contig186	400	3896	34
R4284.contig187	399	14425	1312
R4284.contig188	399	18862	828
R4284.contig189	397	4505	1183
R4284.contig190	397	66469	4397
R4284.contig191	396	7353	277
R4284.contig192	396	15612	790
R4284.contig193	395	50	0
R4284.contig194	394	843	113
R4284.contig195	390	8248	43
R4284.contig196	389	53920	5508
R4284.contig197	388	9328	507
R4284.contig198	384	1085	161
R4284.contig199	383	17218	3588
R4284.contig200	382	6735	1338
R4284.contig201	380	49	1
R4284.contig202	377	74	8
R4284.contig203	376	40	2
R4284.contig204	374	11	1
R4284.contig205	372	272	13
R4284.contig206	372	5208	192
R4284.contig207	370	34	0
R4284.contig208	368	6410	1217
R4284.contig209	367	99097	7144
R4284.contig210	364	8843	194
R4284.contig211	359	36	0
R4284.contig212	359	6939	432
R4284.contig213	358	53	5
R4284.contig214	358	24	2
R4284.contig215	357	25	1
R4284.contig216	355	8478	790
R4284.contig217	355	20627	2847
R4284.contig218	354	40	0
R4284.contig219	353	15	1
R4284.contig220	351	2829	106
R4284.contig221	350	13037	273
R4284.contig222	348	32	0
R4284.contig223	347	7778	989
R4284.contig224	347	466	64
R4284.contig225	347	11	5
R4284.contig226	346	1712	75
R4284.contig227	343	10363	570
R4284.contig228	343	2199	104
R4284.contig229	340	37	1
R4284.contig230	339	3099	45
R4284.contig231	337	1945	223
R4284.contig232	336	23	1
R4284.contig233	335	70	16
R4284.contig234	334	1239	202
R4284.contig235	334	43640	873
R4284.contig236	334	1482	225
R4284.contig237	330	7195	655
R4284.contig238	330	46906	6548
R4284.contig239	329	905	68
R4284.contig240	329	15240	3450
R4284.contig241	327	80063	1936
R4284.contig242	327	47376	2023
R4284.contig243	325	10626	954
R4284.contig244	323	52	6
R4284.contig245	322	6993	726
R4284.contig246	322	16	0
R4284.contig247	321	19	1
R4284.contig248	320	32542	3369
R4284.contig249	318	4808	531
R4284.contig250	318	33	1
R4284.contig251	317	38974	1208
R4284.contig252	316	33221	1500
R4284.contig253	314	2949	403
R4284.contig254	314	17	3
R4284.contig255	313	13939	1099
R4284.contig256	311	2636	208
R4284.contig257	311	5987	451
R4284.contig258	310	18248	1200
R4284.contig259	307	1940	84
R4284.contig260	306	81312	1098
R4284.contig261	306	12260	1278
R4284.contig262	304	11455	1784
R4284.contig263	301	12	0
*	0	0	366918
