R3751.contig1	3280	61740	1108
R3751.contig2	1689	36642	794
R3751.contig3	1537	33038	285
R3751.contig4	1532	28442	259
R3751.contig5	1418	1508	9
R3751.contig6	1304	683	10
R3751.contig7	1263	25870	1000
R3751.contig8	1127	3946	128
R3751.contig9	1001	88938	3691
R3751.contig10	963	4057	84
R3751.contig11	959	22678	2076
R3751.contig12	947	920	18
R3751.contig13	932	53452	1753
R3751.contig14	930	87090	8161
R3751.contig15	815	19303	651
R3751.contig16	810	142	8
R3751.contig17	791	71816	3424
R3751.contig18	780	12598	809
R3751.contig19	766	377	11
R3751.contig20	766	2987	129
R3751.contig21	757	52356	1388
R3751.contig22	745	4688	40
R3751.contig23	730	22647	2422
R3751.contig24	723	13835	934
R3751.contig25	721	22807	1127
R3751.contig26	709	101	1
R3751.contig27	694	2406	307
R3751.contig28	692	16989	1774
R3751.contig29	688	2579	169
R3751.contig30	660	139871	26041
R3751.contig31	646	1416	149
R3751.contig32	628	1629	11
R3751.contig33	624	317	3
R3751.contig34	622	1242	85
R3751.contig35	616	631	12
R3751.contig36	606	1685	25
R3751.contig37	604	13019	530
R3751.contig38	600	33934	1545
R3751.contig39	598	5652	449
R3751.contig40	583	2223	43
R3751.contig41	583	1406	60
R3751.contig42	581	1486	141
R3751.contig43	574	26596	1929
R3751.contig44	561	3351	378
R3751.contig45	556	5060	290
R3751.contig46	556	41549	1164
R3751.contig47	549	7432	772
R3751.contig48	541	8159	653
R3751.contig49	540	2699	425
R3751.contig50	537	20302	1810
R3751.contig51	537	6487	201
R3751.contig52	531	1161	34
R3751.contig53	529	120704	34735
R3751.contig54	524	290	1
R3751.contig55	517	43	3
R3751.contig56	516	10495	1497
R3751.contig57	504	62382	4946
R3751.contig58	499	3525	394
R3751.contig59	490	55591	11110
R3751.contig60	489	10061	987
R3751.contig61	484	1657	131
R3751.contig62	481	21444	2047
R3751.contig63	475	1074	11
R3751.contig64	467	1390	207
R3751.contig65	466	21366	233
R3751.contig66	461	715	62
R3751.contig67	456	295	2
R3751.contig68	447	7958	513
R3751.contig69	445	938	68
R3751.contig70	440	20282	3214
R3751.contig71	438	1796	175
R3751.contig72	437	12215	1402
R3751.contig73	435	4501	471
R3751.contig74	435	5324	229
R3751.contig75	435	30654	4192
R3751.contig76	429	2352	187
R3751.contig77	424	21290	1002
R3751.contig78	423	855	13
R3751.contig79	420	173	42
R3751.contig80	420	145	6
R3751.contig81	419	521	1
R3751.contig82	419	6361	701
R3751.contig83	418	5173	330
R3751.contig84	416	7734	833
R3751.contig85	416	21	5
R3751.contig86	412	11739	1688
R3751.contig87	410	2248	67
R3751.contig88	409	42	2
R3751.contig89	403	335	2
R3751.contig90	403	1188	326
R3751.contig91	401	66	1
R3751.contig92	400	115	4
R3751.contig93	399	10825	1774
R3751.contig94	398	1548	107
R3751.contig95	393	1999	77
R3751.contig96	393	1019	43
R3751.contig97	392	255	5
R3751.contig98	386	419	69
R3751.contig99	386	3922	197
R3751.contig100	381	5843	448
R3751.contig101	376	4147	53
R3751.contig102	376	950	120
R3751.contig103	374	324	3
R3751.contig104	369	611	77
R3751.contig105	368	635	27
R3751.contig106	364	8217	1462
R3751.contig107	364	1128	21
R3751.contig108	364	333	8
R3751.contig109	362	11379	700
R3751.contig110	358	523	35
R3751.contig111	356	241	9
R3751.contig112	356	7067	471
R3751.contig113	352	8266	1187
R3751.contig114	351	466	36
R3751.contig115	351	608	12
R3751.contig116	351	17453	4502
R3751.contig117	345	45031	15624
R3751.contig118	343	8314	2779
R3751.contig119	342	296	30
R3751.contig120	338	4524	51
R3751.contig121	338	2227	54
R3751.contig122	334	1736	142
R3751.contig123	332	8	2
R3751.contig124	327	1634	60
R3751.contig125	327	50716	4331
R3751.contig126	327	28	0
R3751.contig127	326	46	18
R3751.contig128	318	51909	20345
R3751.contig129	315	11557	3999
R3751.contig130	314	5492	404
R3751.contig131	311	146470	51771
R3751.contig132	310	417	24
R3751.contig133	309	58247	2522
R3751.contig134	307	83	5
R3751.contig135	300	34	2
R3751.contig136	300	440818	142231
R3751.contig137	300	32	2
*	0	0	558078
