DT3.contig1	19144	202835	3065
DT3.contig2	18295	382547	5008
DT3.contig3	14201	92109	4211
DT3.contig4	13941	108913	5524
DT3.contig5	13272	2431553	46887
DT3.contig6	12840	5355	60
DT3.contig7	11032	7851	188
DT3.contig8	11019	518114	8652
DT3.contig9	10527	1616	41
DT3.contig10	7395	6163	225
DT3.contig11	7379	3318	183
DT3.contig12	7339	257232	4146
DT3.contig13	7264	15677	1258
DT3.contig14	7090	16968	250
DT3.contig15	6710	1497	68
DT3.contig16	6693	3683	177
DT3.contig17	6318	6846	100
DT3.contig18	6160	378138	6481
DT3.contig19	5535	4226	77
DT3.contig20	5272	747	13
DT3.contig21	5142	3755	69
DT3.contig22	4986	1004	18
DT3.contig23	4725	1606	81
DT3.contig24	4692	584	15
DT3.contig25	4387	25810	1839
DT3.contig26	4289	909	15
DT3.contig27	4128	48419	1063
DT3.contig28	4103	1562	55
DT3.contig29	3817	8730	724
DT3.contig30	3681	16960	259
DT3.contig31	3555	1949506	44091
DT3.contig32	3200	9622	279
DT3.contig33	3138	11236	319
DT3.contig34	3055	1088	111
DT3.contig35	2980	530	41
DT3.contig36	2935	955	12
DT3.contig37	2918	16976	325
DT3.contig38	2913	150521	5182
DT3.contig39	2854	6629	454
DT3.contig40	2785	387	6
DT3.contig41	2706	10118	144
DT3.contig42	2646	564	8
DT3.contig43	2593	273	24
DT3.contig44	2584	278	7
DT3.contig45	2417	200	6
DT3.contig46	2370	608	35
DT3.contig47	2356	286	7
DT3.contig48	2116	1513	86
DT3.contig49	2093	47238	774
DT3.contig50	1941	13856	1086
DT3.contig51	1886	879909	22152
DT3.contig52	1773	44992	1526
DT3.contig53	1771	1876	125
DT3.contig54	1768	175	6
DT3.contig55	1739	4090	131
DT3.contig56	1678	442	18
DT3.contig57	1632	1200	189
DT3.contig58	1595	3224	194
DT3.contig59	1593	669	38
DT3.contig60	1550	16597	404
DT3.contig61	1489	9766	153
DT3.contig62	1443	130	8
DT3.contig63	1424	109	9
DT3.contig64	1377	98	6
DT3.contig65	1365	584	104
DT3.contig66	1365	499	39
DT3.contig67	1362	142	6
DT3.contig68	1326	821	44
DT3.contig69	1318	2733	83
DT3.contig70	1284	4803	121
DT3.contig71	1252	2316	186
DT3.contig72	1231	67	1
DT3.contig73	1206	17758	450
DT3.contig74	1205	102	10
DT3.contig75	1197	98	4
DT3.contig76	1188	98	10
DT3.contig77	1160	61	10
DT3.contig78	1090	74	9
DT3.contig79	1040	244	7
DT3.contig80	1025	1272	40
DT3.contig81	1013	90	9
DT3.contig82	1011	46	8
DT3.contig83	989	43	6
DT3.contig84	983	67	5
DT3.contig85	953	58	3
DT3.contig86	943	690	37
DT3.contig87	885	304	12
DT3.contig88	857	45	8
DT3.contig89	856	55	8
DT3.contig90	836	248	16
DT3.contig91	818	49	7
DT3.contig92	812	31	4
DT3.contig93	809	35	4
DT3.contig94	785	23	6
DT3.contig95	762	20902	773
DT3.contig96	759	102	11
DT3.contig97	702	45	6
DT3.contig98	692	49	2
DT3.contig99	670	103	10
DT3.contig100	664	158	7
DT3.contig101	663	1187	51
DT3.contig102	660	33	10
DT3.contig103	650	52	5
DT3.contig104	643	11227	1987
DT3.contig105	636	33	4
DT3.contig106	635	151	20
DT3.contig107	600	38	5
DT3.contig108	592	105	4
DT3.contig109	591	29	4
DT3.contig110	591	25	7
DT3.contig111	589	84	2
DT3.contig112	585	43	12
DT3.contig113	567	26	8
DT3.contig114	551	27	3
DT3.contig115	535	36	5
DT3.contig116	534	11	4
DT3.contig117	532	24	4
DT3.contig118	506	14	5
DT3.contig119	490	31	7
DT3.contig120	484	16	7
DT3.contig121	477	20	7
DT3.contig122	473	23	5
DT3.contig123	456	53	3
DT3.contig124	456	30	3
DT3.contig125	456	25	7
DT3.contig126	443	30	14
DT3.contig127	443	23	8
DT3.contig128	436	14	6
DT3.contig129	436	14	0
DT3.contig130	435	23	5
DT3.contig131	434	156	8
DT3.contig132	425	20	11
DT3.contig133	417	23	12
DT3.contig134	414	26	8
DT3.contig135	414	12	4
DT3.contig136	413	12	6
DT3.contig137	412	14	3
DT3.contig138	411	21	6
DT3.contig139	411	22	9
DT3.contig140	408	180	5
DT3.contig141	405	19	4
DT3.contig142	393	20	3
DT3.contig143	391	13	3
DT3.contig144	386	12	4
DT3.contig145	382	10	1
DT3.contig146	381	20	9
DT3.contig147	379	19	6
DT3.contig148	379	13	6
DT3.contig149	376	18	2
DT3.contig150	373	12	6
DT3.contig151	365	19	1
DT3.contig152	364	30	3
DT3.contig153	361	12	4
DT3.contig154	360	8	3
DT3.contig155	354	373	7
DT3.contig156	353	10	4
DT3.contig157	352	13	4
DT3.contig158	350	11	8
DT3.contig159	350	12	7
DT3.contig160	348	10	4
DT3.contig161	347	14	1
DT3.contig162	343	17	3
DT3.contig163	341	11	2
DT3.contig164	333	214	19
DT3.contig165	332	17	9
DT3.contig166	328	7	5
DT3.contig167	326	265	4
DT3.contig168	323	13	1
DT3.contig169	321	7	3
DT3.contig170	320	12	4
DT3.contig171	319	20	5
DT3.contig172	319	4	4
DT3.contig173	317	20	1
DT3.contig174	316	3	3
DT3.contig175	316	11	5
DT3.contig176	313	12	5
DT3.contig177	308	19	3
DT3.contig178	307	8	4
DT3.contig179	303	10	2
*	0	0	28850
