R3941.contig1	2228	773	419
R3941.contig2	1618	4080719	253128
R3941.contig3	1407	0	0
R3941.contig4	1384	14498	7288
R3941.contig5	1346	71046	29642
R3941.contig6	1281	0	0
R3941.contig7	1183	388	28
R3941.contig8	1165	77	9
R3941.contig9	1155	2808	585
R3941.contig10	1101	10611	5214
R3941.contig11	1094	0	0
R3941.contig12	1086	17	0
R3941.contig13	1076	759	20
R3941.contig14	1058	83	3
R3941.contig15	1045	0	0
R3941.contig16	1019	364	13
R3941.contig17	967	0	0
R3941.contig18	899	395593	58410
R3941.contig19	890	0	0
R3941.contig20	886	0	0
R3941.contig21	883	17948	198
R3941.contig22	869	128	3
R3941.contig23	861	20260	11856
R3941.contig24	850	96	9
R3941.contig25	836	47	7
R3941.contig26	819	191	62
R3941.contig27	806	2338129	205905
R3941.contig28	802	3299	1062
R3941.contig29	789	3703	782
R3941.contig30	787	11568	5178
R3941.contig31	784	4859	1815
R3941.contig32	781	80	11
R3941.contig33	773	50449	13205
R3941.contig34	772	2517	848
R3941.contig35	768	904	34
R3941.contig36	754	961	131
R3941.contig37	753	1	1
R3941.contig38	749	6405	2803
R3941.contig39	744	206	37
R3941.contig40	741	813	154
R3941.contig41	739	754	172
R3941.contig42	733	9537	1732
R3941.contig43	716	0	0
R3941.contig44	712	251	112
R3941.contig45	704	1243	0
R3941.contig46	700	0	0
R3941.contig47	685	225	33
R3941.contig48	676	199	10
R3941.contig49	675	164509	33919
R3941.contig50	670	0	0
R3941.contig51	659	753	75
R3941.contig52	656	0	0
R3941.contig53	655	0	0
R3941.contig54	653	0	0
R3941.contig55	643	79272	467
R3941.contig56	616	522	213
R3941.contig57	614	0	0
R3941.contig58	608	3612	1071
R3941.contig59	604	41022	8677
R3941.contig60	602	28	10
R3941.contig61	596	0	0
R3941.contig62	587	347	8
R3941.contig63	583	4301	446
R3941.contig64	576	0	0
R3941.contig65	573	7643	1351
R3941.contig66	563	0	0
R3941.contig67	563	0	0
R3941.contig68	556	29	1
R3941.contig69	547	209	64
R3941.contig70	544	0	0
R3941.contig71	543	1127	125
R3941.contig72	542	229	26
R3941.contig73	542	3633	1953
R3941.contig74	538	34	3
R3941.contig75	538	880	166
R3941.contig76	535	920	19
R3941.contig77	535	305111	29946
R3941.contig78	531	7	1
R3941.contig79	529	1	0
R3941.contig80	527	0	0
R3941.contig81	527	1988	760
R3941.contig82	517	4321	76
R3941.contig83	516	2854	144
R3941.contig84	513	0	0
R3941.contig85	509	0	0
R3941.contig86	506	0	0
R3941.contig87	499	66	12
R3941.contig88	499	138	24
R3941.contig89	497	26	2
R3941.contig90	496	2223	131
R3941.contig91	496	4	0
R3941.contig92	491	0	0
R3941.contig93	484	18785	162
R3941.contig94	481	0	0
R3941.contig95	468	1723	470
R3941.contig96	466	92	9
R3941.contig97	465	2	0
R3941.contig98	459	3917	608
R3941.contig99	459	258	86
R3941.contig100	457	3072	374
R3941.contig101	456	0	0
R3941.contig102	456	5319	1293
R3941.contig103	454	0	0
R3941.contig104	452	2	0
R3941.contig105	450	1773	230
R3941.contig106	445	9259	2005
R3941.contig107	439	14	2
R3941.contig108	437	12	6
R3941.contig109	437	2	1
R3941.contig110	435	8	1
R3941.contig111	428	0	0
R3941.contig112	428	0	0
R3941.contig113	425	4934	1508
R3941.contig114	425	154	9
R3941.contig115	424	7	0
R3941.contig116	423	279	111
R3941.contig117	423	0	0
R3941.contig118	416	826	177
R3941.contig119	415	0	0
R3941.contig120	412	32150	6284
R3941.contig121	412	8	2
R3941.contig122	411	291	7
R3941.contig123	408	4979	1507
R3941.contig124	405	4996	901
R3941.contig125	404	0	0
R3941.contig126	402	68	7
R3941.contig127	402	500	109
R3941.contig128	401	1	1
R3941.contig129	401	40	0
R3941.contig130	400	3474	634
R3941.contig131	400	0	0
R3941.contig132	397	0	0
R3941.contig133	397	17	3
R3941.contig134	396	778	65
R3941.contig135	396	53	7
R3941.contig136	396	437	3
R3941.contig137	396	0	0
R3941.contig138	395	20	5
R3941.contig139	394	22086	10710
R3941.contig140	392	7	4
R3941.contig141	391	0	0
R3941.contig142	388	1386	293
R3941.contig143	386	11	1
R3941.contig144	386	18060	3519
R3941.contig145	379	11117	2721
R3941.contig146	377	0	0
R3941.contig147	376	993	329
R3941.contig148	376	59	1
R3941.contig149	375	103	5
R3941.contig150	373	1	1
R3941.contig151	371	80	3
R3941.contig152	371	5	1
R3941.contig153	370	1334	45
R3941.contig154	368	148119	19884
R3941.contig155	366	0	0
R3941.contig156	364	12	2
R3941.contig157	363	12636	3265
R3941.contig158	363	0	0
R3941.contig159	355	1650	156
R3941.contig160	355	21	1
R3941.contig161	355	255	46
R3941.contig162	354	17	0
R3941.contig163	352	239	52
R3941.contig164	350	7	2
R3941.contig165	346	35	1
R3941.contig166	345	50	5
R3941.contig167	345	198	18
R3941.contig168	345	0	0
R3941.contig169	344	288	8
R3941.contig170	343	0	0
R3941.contig171	339	472	90
R3941.contig172	337	0	0
R3941.contig173	336	107	3
R3941.contig174	336	2096	523
R3941.contig175	335	12	4
R3941.contig176	333	397	28
R3941.contig177	330	18	0
R3941.contig178	329	0	0
R3941.contig179	329	0	0
R3941.contig180	328	84063	15672
R3941.contig181	328	40	2
R3941.contig182	328	130	26
R3941.contig183	327	0	0
R3941.contig184	327	54	3
R3941.contig185	326	59557	4395
R3941.contig186	324	8204	3582
R3941.contig187	323	280	40
R3941.contig188	320	208	13
R3941.contig189	320	344	2
R3941.contig190	317	5	1
R3941.contig191	317	0	0
R3941.contig192	315	0	0
R3941.contig193	314	4	0
R3941.contig194	310	2944	938
R3941.contig195	308	9695	4691
R3941.contig196	308	12854	3794
R3941.contig197	305	4	2
R3941.contig198	303	11	2
R3941.contig199	302	257604	36592
*	0	0	18114986
