D3960.contig1	118799	77700	1232
D3960.contig2	102897	52083	899
D3960.contig3	101394	36832	582
D3960.contig4	89015	71738	1224
D3960.contig5	87748	110966	1963
D3960.contig6	71003	19080	274
D3960.contig7	67792	19636	297
D3960.contig8	56503	25008	421
D3960.contig9	55885	12951	207
D3960.contig10	55158	29795	596
D3960.contig11	54905	17434	294
D3960.contig12	53204	62973	1132
D3960.contig13	48762	75966	1235
D3960.contig14	48590	35627	567
D3960.contig15	44704	15978	236
D3960.contig16	43926	21215	352
D3960.contig17	43910	36478	569
D3960.contig18	43081	16004	283
D3960.contig19	42979	24884	400
D3960.contig20	42711	28607	447
D3960.contig21	42703	12584	216
D3960.contig22	42543	27638	459
D3960.contig23	40718	11803	195
D3960.contig24	38411	18735	322
D3960.contig25	37830	30450	502
D3960.contig26	37357	51692	1117
D3960.contig27	36564	9798	130
D3960.contig28	35995	20176	395
D3960.contig29	35874	16819	272
D3960.contig30	35634	10214	165
D3960.contig31	35396	13646	221
D3960.contig32	35354	14473	196
D3960.contig33	35087	97554	2198
D3960.contig34	34190	24233	424
D3960.contig35	34162	18718	362
D3960.contig36	33122	14808	225
D3960.contig37	32974	41145	675
D3960.contig38	32918	12954	213
D3960.contig39	32809	11055	181
D3960.contig40	31543	12988	199
D3960.contig41	31234	98013	1713
D3960.contig42	31071	20862	352
D3960.contig43	30684	15794	218
D3960.contig44	29596	8438	125
D3960.contig45	29527	7645	106
D3960.contig46	29048	16590	304
D3960.contig47	28474	30619	568
D3960.contig48	27949	6456	113
D3960.contig49	27184	4347	79
D3960.contig50	26208	12886	238
D3960.contig51	25504	39757	626
D3960.contig52	25329	18703	342
D3960.contig53	23630	65597	1203
D3960.contig54	23118	6284	83
D3960.contig55	22497	4162	58
D3960.contig56	22431	20456	342
D3960.contig57	21983	7762	114
D3960.contig58	21568	4706	56
D3960.contig59	21534	8178	165
D3960.contig60	20948	37203	607
D3960.contig61	20925	5485	94
D3960.contig62	20801	15058	267
D3960.contig63	20742	8325	145
D3960.contig64	20663	32544	426
D3960.contig65	19957	5029	93
D3960.contig66	19872	9085	131
D3960.contig67	19770	3306	77
D3960.contig68	19580	4597	75
D3960.contig69	19163	13620	231
D3960.contig70	18961	4228	70
D3960.contig71	18603	12233	317
D3960.contig72	18385	4698	73
D3960.contig73	18283	5070	79
D3960.contig74	18060	4526	68
D3960.contig75	17762	3704	62
D3960.contig76	17647	3659	47
D3960.contig77	17504	2778	50
D3960.contig78	17471	5536	83
D3960.contig79	17411	3021	73
D3960.contig80	17406	3094	47
D3960.contig81	17251	8076	121
D3960.contig82	17203	3508	66
D3960.contig83	16304	2605	20
D3960.contig84	16164	9022	130
D3960.contig85	15987	2565	48
D3960.contig86	15922	35987	659
D3960.contig87	15704	9535	160
D3960.contig88	15384	2743	48
D3960.contig89	14866	1826	27
D3960.contig90	14719	3239	127
D3960.contig91	14562	18884	339
D3960.contig92	14534	1931	38
D3960.contig93	14235	2253	49
D3960.contig94	14049	8538	161
D3960.contig95	13784	4464	65
D3960.contig96	13651	4376	67
D3960.contig97	13429	5882	64
D3960.contig98	13300	2217	36
D3960.contig99	13206	16283	257
D3960.contig100	13071	24188	452
D3960.contig101	12643	2738	67
D3960.contig102	12625	14807	382
D3960.contig103	12397	3064	48
D3960.contig104	12079	4588	58
D3960.contig105	11998	2387	57
D3960.contig106	11840	12661	223
D3960.contig107	11304	3281	63
D3960.contig108	11226	1687	32
D3960.contig109	11173	7328	115
D3960.contig110	11128	73125	1106
D3960.contig111	11092	1862	40
D3960.contig112	10954	2333	38
D3960.contig113	10845	2478	33
D3960.contig114	10691	1696	30
D3960.contig115	10587	3021	58
D3960.contig116	10495	2014	42
D3960.contig117	10336	2849	44
D3960.contig118	10276	1353	31
D3960.contig119	10178	2075	31
D3960.contig120	10025	1347	24
D3960.contig121	9944	2104	25
D3960.contig122	9926	3033	35
D3960.contig123	9871	11604	189
D3960.contig124	9782	2558	27
D3960.contig125	9728	1457	17
D3960.contig126	9721	31964	592
D3960.contig127	9691	4638	99
D3960.contig128	9537	1735	39
D3960.contig129	9503	31973	810
D3960.contig130	9444	1243	24
D3960.contig131	9387	1283	23
D3960.contig132	9361	1774	32
D3960.contig133	9330	23169	452
D3960.contig134	9327	1395	37
D3960.contig135	9289	2155	30
D3960.contig136	9275	1694	33
D3960.contig137	9256	40581	643
D3960.contig138	9205	3055	54
D3960.contig139	9202	2733	57
D3960.contig140	9026	1712	29
D3960.contig141	8996	830	17
D3960.contig142	8885	1180	25
D3960.contig143	8866	1464	31
D3960.contig144	8818	1396	17
D3960.contig145	8782	6272	143
D3960.contig146	8698	928	8
D3960.contig147	8596	1913	31
D3960.contig148	8543	1674	26
D3960.contig149	8462	2029	106
D3960.contig150	8456	3036	54
D3960.contig151	8381	4706	93
D3960.contig152	8284	2370	52
D3960.contig153	8165	1147	33
D3960.contig154	7859	1181	12
D3960.contig155	7838	11117	209
D3960.contig156	7792	1110	39
D3960.contig157	7634	39200	756
D3960.contig158	7551	4399	112
D3960.contig159	7546	2161	40
D3960.contig160	7504	1965	40
D3960.contig161	7458	1005	16
D3960.contig162	7302	2943	62
D3960.contig163	7278	860	22
D3960.contig164	7091	2658	34
D3960.contig165	6974	1114	14
D3960.contig166	6972	994	19
D3960.contig167	6926	1037	20
D3960.contig168	6901	1775	42
D3960.contig169	6890	1577	37
D3960.contig170	6782	1381	23
D3960.contig171	6767	958	18
D3960.contig172	6575	1369	40
D3960.contig173	6548	1465	28
D3960.contig174	6522	1144	19
D3960.contig175	6432	714	6
D3960.contig176	6388	3012	45
D3960.contig177	6370	1169	15
D3960.contig178	6365	5039	112
D3960.contig179	6345	1139	23
D3960.contig180	6323	2213	34
D3960.contig181	6283	812	14
D3960.contig182	6264	766	20
D3960.contig183	6214	981	24
D3960.contig184	6174	12376	322
D3960.contig185	6141	687	26
D3960.contig186	6131	9107	180
D3960.contig187	6108	828	17
D3960.contig188	6061	691	15
D3960.contig189	5918	797	26
D3960.contig190	5898	799	14
D3960.contig191	5805	596	15
D3960.contig192	5717	799	18
D3960.contig193	5691	467	10
D3960.contig194	5630	6749	162
D3960.contig195	5612	6826	90
D3960.contig196	5586	974	13
D3960.contig197	5582	8869	122
D3960.contig198	5419	516	10
D3960.contig199	5385	847	19
D3960.contig200	5369	1020	22
D3960.contig201	5294	681	15
D3960.contig202	5277	661	16
D3960.contig203	5255	591	17
D3960.contig204	5254	785	27
D3960.contig205	5212	838	31
D3960.contig206	5186	1507	22
D3960.contig207	5183	859	20
D3960.contig208	5145	1108	25
D3960.contig209	5143	600	16
D3960.contig210	5096	20743	444
D3960.contig211	5088	608	12
D3960.contig212	5068	565	7
D3960.contig213	5060	10458	264
D3960.contig214	5055	1182	17
D3960.contig215	5038	2503448	107177
D3960.contig216	5011	542	12
D3960.contig217	5000	517	21
D3960.contig218	4990	560	9
D3960.contig219	4943	25827	284
D3960.contig220	4923	766	18
D3960.contig221	4903	755	3
D3960.contig222	4835	529	7
D3960.contig223	4814	790	18
D3960.contig224	4765	673	16
D3960.contig225	4688	6858	116
D3960.contig226	4629	532	25
D3960.contig227	4604	5715	121
D3960.contig228	4542	4111	49
D3960.contig229	4493	531	19
D3960.contig230	4488	527	14
D3960.contig231	4467	817	26
D3960.contig232	4448	596	19
D3960.contig233	4444	465	10
D3960.contig234	4434	285	11
D3960.contig235	4387	505	23
D3960.contig236	4371	6369	158
D3960.contig237	4334	612	15
D3960.contig238	4315	1665	21
D3960.contig239	4269	567	31
D3960.contig240	4136	10287	216
D3960.contig241	4126	320	11
D3960.contig242	4123	392	11
D3960.contig243	4067	653	18
D3960.contig244	4062	932	35
D3960.contig245	4058	404	16
D3960.contig246	4055	569	24
D3960.contig247	4046	515	11
D3960.contig248	3928	5759	91
D3960.contig249	3920	343	7
D3960.contig250	3891	373	15
D3960.contig251	3887	392	20
D3960.contig252	3869	363	16
D3960.contig253	3860	309	4
D3960.contig254	3818	507	26
D3960.contig255	3767	775	17
D3960.contig256	3753	2410	42
D3960.contig257	3713	429	13
D3960.contig258	3698	1517	34
D3960.contig259	3661	244	11
D3960.contig260	3660	433	8
D3960.contig261	3598	1090	32
D3960.contig262	3598	1530	19
D3960.contig263	3597	440	8
D3960.contig264	3532	527	29
D3960.contig265	3507	564	10
D3960.contig266	3494	14025	240
D3960.contig267	3488	385	17
D3960.contig268	3452	387	11
D3960.contig269	3449	374	16
D3960.contig270	3429	281	7
D3960.contig271	3416	431	9
D3960.contig272	3412	309	13
D3960.contig273	3384	459	12
D3960.contig274	3360	15082	430
D3960.contig275	3351	381	16
D3960.contig276	3309	343	9
D3960.contig277	3240	409	9
D3960.contig278	3206	6764	148
D3960.contig279	3174	261	6
D3960.contig280	3150	571	9
D3960.contig281	3075	262	12
D3960.contig282	3058	342	11
D3960.contig283	3042	474	15
D3960.contig284	3035	302	17
D3960.contig285	3025	1493	25
D3960.contig286	3025	341	15
D3960.contig287	3009	370	21
D3960.contig288	2997	339	10
D3960.contig289	2994	246	8
D3960.contig290	2963	312	7
D3960.contig291	2958	331	9
D3960.contig292	2858	352	11
D3960.contig293	2853	235	5
D3960.contig294	2852	298	17
D3960.contig295	2841	248	11
D3960.contig296	2829	353	8
D3960.contig297	2828	2993	59
D3960.contig298	2821	520	17
D3960.contig299	2820	228	8
D3960.contig300	2810	2456	28
D3960.contig301	2795	229	3
D3960.contig302	2774	307	7
D3960.contig303	2770	366	7
D3960.contig304	2766	8505	184
D3960.contig305	2741	1606	32
D3960.contig306	2730	405	8
D3960.contig307	2682	537	5
D3960.contig308	2680	443	8
D3960.contig309	2675	305	13
D3960.contig310	2663	200	12
D3960.contig311	2658	203	6
D3960.contig312	2645	263	10
D3960.contig313	2642	401	13
D3960.contig314	2637	7302	133
D3960.contig315	2618	250	14
D3960.contig316	2604	448	11
D3960.contig317	2604	303	5
D3960.contig318	2598	319	6
D3960.contig319	2581	300	11
D3960.contig320	2580	257	7
D3960.contig321	2574	237	11
D3960.contig322	2574	288	9
D3960.contig323	2563	260	3
D3960.contig324	2550	221	10
D3960.contig325	2547	551	17
D3960.contig326	2510	644	5
D3960.contig327	2508	162	7
D3960.contig328	2490	11903	218
D3960.contig329	2484	179	9
D3960.contig330	2472	294	3
D3960.contig331	2472	211	7
D3960.contig332	2455	20211	370
D3960.contig333	2446	196	7
D3960.contig334	2440	216	17
D3960.contig335	2426	258	2
D3960.contig336	2424	2803	90
D3960.contig337	2418	1756	22
D3960.contig338	2414	267	11
D3960.contig339	2410	296	9
D3960.contig340	2409	807	14
D3960.contig341	2386	7795	185
D3960.contig342	2380	213	11
D3960.contig343	2378	213	10
D3960.contig344	2376	289	3
D3960.contig345	2361	162	10
D3960.contig346	2345	237	7
D3960.contig347	2326	202	10
D3960.contig348	2321	264	3
D3960.contig349	2316	878	9
D3960.contig350	2291	181	12
D3960.contig351	2288	149	8
D3960.contig352	2270	163	6
D3960.contig353	2262	181	11
D3960.contig354	2243	232	6
D3960.contig355	2235	179	11
D3960.contig356	2232	238	10
D3960.contig357	2229	219	8
D3960.contig358	2219	282	12
D3960.contig359	2212	437	12
D3960.contig360	2189	224	8
D3960.contig361	2168	126	7
D3960.contig362	2166	201	5
D3960.contig363	2165	174	5
D3960.contig364	2150	143	11
D3960.contig365	2150	258	8
D3960.contig366	2146	199	8
D3960.contig367	2136	205	8
D3960.contig368	2122	191	12
D3960.contig369	2115	151	5
D3960.contig370	2112	179	5
D3960.contig371	2105	207	5
D3960.contig372	2093	156	1
D3960.contig373	2086	149	4
D3960.contig374	2072	254	7
D3960.contig375	2069	174	10
D3960.contig376	2061	220	10
D3960.contig377	2043	177	11
D3960.contig378	2027	247	10
D3960.contig379	2021	148	2
D3960.contig380	2020	8801	221
D3960.contig381	2005	202	21
D3960.contig382	1987	183	6
D3960.contig383	1986	338	10
D3960.contig384	1982	201	5
D3960.contig385	1981	198	12
D3960.contig386	1978	164	3
D3960.contig387	1964	272	4
D3960.contig388	1959	182	8
D3960.contig389	1955	245	5
D3960.contig390	1951	191	10
D3960.contig391	1944	192	3
D3960.contig392	1940	195	9
D3960.contig393	1917	186	4
D3960.contig394	1911	206	7
D3960.contig395	1909	147	7
D3960.contig396	1906	135	4
D3960.contig397	1900	160	9
D3960.contig398	1895	1120	20
D3960.contig399	1885	126	8
D3960.contig400	1883	208	8
D3960.contig401	1881	342	6
D3960.contig402	1880	201	6
D3960.contig403	1880	7280	246
D3960.contig404	1877	117	5
D3960.contig405	1877	118	5
D3960.contig406	1869	113	7
D3960.contig407	1864	118	9
D3960.contig408	1856	99	10
D3960.contig409	1853	218	6
D3960.contig410	1849	103	13
D3960.contig411	1838	123	8
D3960.contig412	1836	2967	55
D3960.contig413	1826	167	10
D3960.contig414	1823	294	4
D3960.contig415	1817	131	9
D3960.contig416	1813	167	14
D3960.contig417	1812	2352	88
D3960.contig418	1796	1963	33
D3960.contig419	1794	208	7
D3960.contig420	1780	147	8
D3960.contig421	1778	3024	72
D3960.contig422	1775	159	8
D3960.contig423	1773	87	13
D3960.contig424	1771	2590	64
D3960.contig425	1765	161	8
D3960.contig426	1765	184	9
D3960.contig427	1763	93	4
D3960.contig428	1759	156	8
D3960.contig429	1750	106	3
D3960.contig430	1745	113	1
D3960.contig431	1741	118	8
D3960.contig432	1738	190	3
D3960.contig433	1731	121	9
D3960.contig434	1730	139	5
D3960.contig435	1720	115	2
D3960.contig436	1704	163	9
D3960.contig437	1687	125	10
D3960.contig438	1685	172	11
D3960.contig439	1680	185	2
D3960.contig440	1676	105	8
D3960.contig441	1670	150	1
D3960.contig442	1660	138	5
D3960.contig443	1652	174	7
D3960.contig444	1628	141	12
D3960.contig445	1627	167	2
D3960.contig446	1626	180	6
D3960.contig447	1607	105	7
D3960.contig448	1607	189	8
D3960.contig449	1605	108	4
D3960.contig450	1599	142	11
D3960.contig451	1587	109	3
D3960.contig452	1584	129	8
D3960.contig453	1580	142	7
D3960.contig454	1568	114	3
D3960.contig455	1568	118	7
D3960.contig456	1561	99	9
D3960.contig457	1551	247	4
D3960.contig458	1549	6881	221
D3960.contig459	1546	112	11
D3960.contig460	1546	121	4
D3960.contig461	1538	166	5
D3960.contig462	1538	116	7
D3960.contig463	1537	129	2
D3960.contig464	1531	190	10
D3960.contig465	1530	118	12
D3960.contig466	1529	110	10
D3960.contig467	1528	119	6
D3960.contig468	1526	196	9
D3960.contig469	1516	132	7
D3960.contig470	1515	146	6
D3960.contig471	1515	126	5
D3960.contig472	1509	101	2
D3960.contig473	1505	157	4
D3960.contig474	1503	4994	117
D3960.contig475	1491	106	2
D3960.contig476	1489	10943	145
D3960.contig477	1486	92	11
D3960.contig478	1484	111	6
D3960.contig479	1477	67	12
D3960.contig480	1473	90	4
D3960.contig481	1462	1521	42
D3960.contig482	1458	183	19
D3960.contig483	1455	102	10
D3960.contig484	1450	170	12
D3960.contig485	1447	130	12
D3960.contig486	1446	362	8
D3960.contig487	1438	5277	144
D3960.contig488	1432	230	3
D3960.contig489	1431	116	9
D3960.contig490	1429	203	6
D3960.contig491	1427	155	9
D3960.contig492	1424	91	10
D3960.contig493	1423	129	6
D3960.contig494	1420	67	8
D3960.contig495	1416	94	3
D3960.contig496	1408	93	7
D3960.contig497	1400	98	8
D3960.contig498	1393	130	7
D3960.contig499	1386	133	11
D3960.contig500	1385	100	5
D3960.contig501	1378	63	8
D3960.contig502	1377	96	4
D3960.contig503	1374	92	12
D3960.contig504	1372	94	4
D3960.contig505	1371	108	6
D3960.contig506	1371	138	13
D3960.contig507	1366	132	8
D3960.contig508	1366	141	3
D3960.contig509	1366	70	3
D3960.contig510	1365	111	4
D3960.contig511	1357	6492	195
D3960.contig512	1352	75	7
D3960.contig513	1349	16629	443
D3960.contig514	1347	2171	37
D3960.contig515	1345	59	14
D3960.contig516	1345	148	9
D3960.contig517	1343	1077	20
D3960.contig518	1341	138	6
D3960.contig519	1323	147	8
D3960.contig520	1318	12204	190
D3960.contig521	1315	87	7
D3960.contig522	1314	85	5
D3960.contig523	1314	119	6
D3960.contig524	1314	137	6
D3960.contig525	1308	155	8
D3960.contig526	1308	83	7
D3960.contig527	1302	113	5
D3960.contig528	1293	112	8
D3960.contig529	1292	135	6
D3960.contig530	1283	122	4
D3960.contig531	1282	98	7
D3960.contig532	1280	93	7
D3960.contig533	1274	81	10
D3960.contig534	1271	75	5
D3960.contig535	1263	111	10
D3960.contig536	1256	70	4
D3960.contig537	1254	77	5
D3960.contig538	1226	73	6
D3960.contig539	1218	72	6
D3960.contig540	1214	113	9
D3960.contig541	1214	67	8
D3960.contig542	1212	81	6
D3960.contig543	1208	59	10
D3960.contig544	1206	84	10
D3960.contig545	1206	107	8
D3960.contig546	1204	122	8
D3960.contig547	1204	88	7
D3960.contig548	1197	108	12
D3960.contig549	1191	68	8
D3960.contig550	1188	51	7
D3960.contig551	1187	99	12
D3960.contig552	1186	161	9
D3960.contig553	1186	79	4
D3960.contig554	1186	62	6
D3960.contig555	1184	115	7
D3960.contig556	1183	90	7
D3960.contig557	1179	121	5
D3960.contig558	1179	69	6
D3960.contig559	1174	102	5
D3960.contig560	1170	70	2
D3960.contig561	1168	117	13
D3960.contig562	1167	111	5
D3960.contig563	1167	461	11
D3960.contig564	1166	67	5
D3960.contig565	1165	63	8
D3960.contig566	1163	70	2
D3960.contig567	1162	81	2
D3960.contig568	1161	70	4
D3960.contig569	1155	100	6
D3960.contig570	1155	78	4
D3960.contig571	1150	1543	27
D3960.contig572	1149	118	9
D3960.contig573	1149	1176	30
D3960.contig574	1145	70	8
D3960.contig575	1139	89	10
D3960.contig576	1139	53	4
D3960.contig577	1136	87	8
D3960.contig578	1133	104	4
D3960.contig579	1131	71	2
D3960.contig580	1130	178	4
D3960.contig581	1123	84	3
D3960.contig582	1123	87	6
D3960.contig583	1120	738	52
D3960.contig584	1119	73	5
D3960.contig585	1117	104	11
D3960.contig586	1116	60	5
D3960.contig587	1106	110	5
D3960.contig588	1105	67	8
D3960.contig589	1095	115	5
D3960.contig590	1093	91	6
D3960.contig591	1088	42	8
D3960.contig592	1084	104	5
D3960.contig593	1082	271	14
D3960.contig594	1077	118	7
D3960.contig595	1073	3604	63
D3960.contig596	1070	87	12
D3960.contig597	1070	69	4
D3960.contig598	1069	127	8
D3960.contig599	1068	2342	22
D3960.contig600	1064	64	5
D3960.contig601	1063	65	6
D3960.contig602	1061	96	12
D3960.contig603	1061	47	6
D3960.contig604	1060	98	7
D3960.contig605	1059	60	7
D3960.contig606	1058	93	12
D3960.contig607	1042	62	14
D3960.contig608	1042	44	8
D3960.contig609	1039	40	4
D3960.contig610	1039	120	4
D3960.contig611	1038	103	1
D3960.contig612	1035	80	2
D3960.contig613	1032	53	6
D3960.contig614	1032	136	8
D3960.contig615	1026	2144	39
D3960.contig616	1023	60	7
D3960.contig617	1019	75	10
D3960.contig618	1018	72	12
D3960.contig619	1012	3730	42
D3960.contig620	1008	68	14
D3960.contig621	1008	63	6
D3960.contig622	1004	562	9
D3960.contig623	1004	84	4
D3960.contig624	999	77	5
D3960.contig625	998	45	6
D3960.contig626	994	49	9
D3960.contig627	993	84	10
D3960.contig628	992	44	6
D3960.contig629	991	53	9
D3960.contig630	991	53	4
D3960.contig631	989	49	5
D3960.contig632	989	49	8
D3960.contig633	987	51	9
D3960.contig634	979	208	2
D3960.contig635	979	40	7
D3960.contig636	977	166	1
D3960.contig637	976	5818	155
D3960.contig638	975	49	9
D3960.contig639	974	104	4
D3960.contig640	967	38	2
D3960.contig641	965	60	9
D3960.contig642	963	52	8
D3960.contig643	962	115	8
D3960.contig644	957	52	5
D3960.contig645	956	75	8
D3960.contig646	956	53	9
D3960.contig647	955	61	6
D3960.contig648	952	66	2
D3960.contig649	951	74	5
D3960.contig650	950	68	5
D3960.contig651	950	45	2
D3960.contig652	950	87	5
D3960.contig653	950	52	14
D3960.contig654	949	55	5
D3960.contig655	948	62	6
D3960.contig656	941	63	8
D3960.contig657	939	53	5
D3960.contig658	936	65	12
D3960.contig659	934	67	3
D3960.contig660	932	116	0
D3960.contig661	929	74	5
D3960.contig662	929	66	4
D3960.contig663	927	66	5
D3960.contig664	925	56	7
D3960.contig665	924	66	8
D3960.contig666	924	39	8
D3960.contig667	923	62	8
D3960.contig668	923	59	3
D3960.contig669	921	75	9
D3960.contig670	920	59	5
D3960.contig671	919	38	2
D3960.contig672	914	50	7
D3960.contig673	912	63	4
D3960.contig674	911	35	4
D3960.contig675	907	41	7
D3960.contig676	901	73	5
D3960.contig677	901	39	10
D3960.contig678	898	99	0
D3960.contig679	897	145	4
D3960.contig680	895	66	9
D3960.contig681	892	56	8
D3960.contig682	892	57	5
D3960.contig683	892	60	4
D3960.contig684	889	80	6
D3960.contig685	889	60	10
D3960.contig686	888	2440	39
D3960.contig687	886	38	6
D3960.contig688	886	61	11
D3960.contig689	884	50	4
D3960.contig690	883	71	2
D3960.contig691	883	92	1
D3960.contig692	876	1325	19
D3960.contig693	875	60	8
D3960.contig694	875	1248	72
D3960.contig695	873	48	4
D3960.contig696	871	46	6
D3960.contig697	867	49	8
D3960.contig698	866	69	9
D3960.contig699	864	211	4
D3960.contig700	862	47	10
D3960.contig701	862	40	3
D3960.contig702	862	36	6
D3960.contig703	854	43	5
D3960.contig704	853	58	5
D3960.contig705	851	62	9
D3960.contig706	850	57	17
D3960.contig707	848	49	7
D3960.contig708	847	56	10
D3960.contig709	844	73	8
D3960.contig710	843	51	5
D3960.contig711	842	69	2
D3960.contig712	840	48	8
D3960.contig713	840	59	5
D3960.contig714	840	74	4
D3960.contig715	840	49	4
D3960.contig716	840	59	9
D3960.contig717	839	56	6
D3960.contig718	836	54	8
D3960.contig719	835	77	9
D3960.contig720	832	46	9
D3960.contig721	826	58	9
D3960.contig722	825	58	8
D3960.contig723	821	78	11
D3960.contig724	821	64	6
D3960.contig725	820	28	6
D3960.contig726	820	38	8
D3960.contig727	816	71	10
D3960.contig728	815	42	6
D3960.contig729	815	80	3
D3960.contig730	813	51	14
D3960.contig731	809	44	11
D3960.contig732	808	52	13
D3960.contig733	807	59	7
D3960.contig734	807	34	3
D3960.contig735	806	32	6
D3960.contig736	803	35	9
D3960.contig737	800	37	4
D3960.contig738	797	44	12
D3960.contig739	796	37	5
D3960.contig740	796	55	11
D3960.contig741	795	46	10
D3960.contig742	795	65	3
D3960.contig743	794	42	5
D3960.contig744	794	110	13
D3960.contig745	794	52	15
D3960.contig746	792	83	4
D3960.contig747	791	28	8
D3960.contig748	790	70	4
D3960.contig749	790	81	5
D3960.contig750	787	44	10
D3960.contig751	787	66	7
D3960.contig752	786	55	1
D3960.contig753	786	41	13
D3960.contig754	786	31	7
D3960.contig755	785	31	5
D3960.contig756	782	49	1
D3960.contig757	779	37	7
D3960.contig758	778	39	6
D3960.contig759	778	59	4
D3960.contig760	777	80	7
D3960.contig761	774	52	8
D3960.contig762	772	4282	83
D3960.contig763	770	31	9
D3960.contig764	765	42	4
D3960.contig765	764	43	5
D3960.contig766	762	44	6
D3960.contig767	762	64	10
D3960.contig768	761	44	2
D3960.contig769	761	35	7
D3960.contig770	760	35	0
D3960.contig771	758	44	7
D3960.contig772	756	35	11
D3960.contig773	755	38	3
D3960.contig774	750	48	0
D3960.contig775	745	57	5
D3960.contig776	745	38	7
D3960.contig777	744	183	2
D3960.contig778	741	30	4
D3960.contig779	740	55	7
D3960.contig780	740	44	7
D3960.contig781	740	41	10
D3960.contig782	739	30	11
D3960.contig783	737	100	8
D3960.contig784	736	37	8
D3960.contig785	734	98	12
D3960.contig786	734	53	5
D3960.contig787	733	40	6
D3960.contig788	732	30	3
D3960.contig789	731	37	9
D3960.contig790	729	42	9
D3960.contig791	728	45	5
D3960.contig792	726	35	9
D3960.contig793	723	50	8
D3960.contig794	722	39	5
D3960.contig795	720	36	7
D3960.contig796	718	30	6
D3960.contig797	717	32	7
D3960.contig798	713	36	7
D3960.contig799	708	40	5
D3960.contig800	708	174	2
D3960.contig801	707	63	4
D3960.contig802	707	34	5
D3960.contig803	702	39	11
D3960.contig804	701	36	4
D3960.contig805	700	60	7
D3960.contig806	699	55	5
D3960.contig807	698	57	3
D3960.contig808	693	31	6
D3960.contig809	692	45	7
D3960.contig810	690	44	3
D3960.contig811	688	68	6
D3960.contig812	687	48	7
D3960.contig813	687	50	5
D3960.contig814	687	46	1
D3960.contig815	686	44	5
D3960.contig816	686	42	9
D3960.contig817	681	27	6
D3960.contig818	680	58	7
D3960.contig819	680	4046	163
D3960.contig820	674	52	5
D3960.contig821	673	38	2
D3960.contig822	673	33	7
D3960.contig823	673	31	8
D3960.contig824	672	4936	211
D3960.contig825	671	32	6
D3960.contig826	669	37	8
D3960.contig827	667	47	8
D3960.contig828	667	32	8
D3960.contig829	667	36	3
D3960.contig830	667	26	4
D3960.contig831	665	42	1
D3960.contig832	664	33	13
D3960.contig833	663	72	6
D3960.contig834	663	63	7
D3960.contig835	661	42	3
D3960.contig836	661	28	10
D3960.contig837	660	28	10
D3960.contig838	659	42	7
D3960.contig839	658	29	11
D3960.contig840	658	48	4
D3960.contig841	657	59	5
D3960.contig842	656	31	3
D3960.contig843	654	72	2
D3960.contig844	654	57	6
D3960.contig845	654	56	2
D3960.contig846	653	184	2
D3960.contig847	652	42	0
D3960.contig848	649	54	4
D3960.contig849	646	40	9
D3960.contig850	645	27	8
D3960.contig851	643	41	3
D3960.contig852	642	40	5
D3960.contig853	640	40	3
D3960.contig854	640	56	4
D3960.contig855	637	39	3
D3960.contig856	636	28	7
D3960.contig857	636	21	7
D3960.contig858	635	24	2
D3960.contig859	635	22	7
D3960.contig860	633	23	6
D3960.contig861	633	24	4
D3960.contig862	629	43	2
D3960.contig863	629	41	6
D3960.contig864	628	740	13
D3960.contig865	627	47	5
D3960.contig866	624	25	6
D3960.contig867	620	47	5
D3960.contig868	619	47	5
D3960.contig869	618	43	6
D3960.contig870	616	28	6
D3960.contig871	616	34	8
D3960.contig872	614	79	5
D3960.contig873	614	1371	46
D3960.contig874	613	27	8
D3960.contig875	613	379	12
D3960.contig876	612	36	7
D3960.contig877	611	27	6
D3960.contig878	610	19	10
D3960.contig879	609	41	8
D3960.contig880	608	34	4
D3960.contig881	607	31	2
D3960.contig882	606	41	1
D3960.contig883	603	38	13
D3960.contig884	601	18	5
D3960.contig885	600	26	2
D3960.contig886	599	28	3
D3960.contig887	598	50	9
D3960.contig888	597	33	1
D3960.contig889	595	63	8
D3960.contig890	594	44	11
D3960.contig891	592	23	10
D3960.contig892	590	39	10
D3960.contig893	588	688	30
D3960.contig894	586	32	4
D3960.contig895	583	29	4
D3960.contig896	583	19	9
D3960.contig897	582	43	4
D3960.contig898	582	23	5
D3960.contig899	582	46	2
D3960.contig900	581	41	5
D3960.contig901	580	55	4
D3960.contig902	580	30	7
D3960.contig903	580	12	8
D3960.contig904	579	31	10
D3960.contig905	579	31	2
D3960.contig906	578	26	5
D3960.contig907	577	23	9
D3960.contig908	577	21	8
D3960.contig909	575	32	7
D3960.contig910	574	41	4
D3960.contig911	573	27	9
D3960.contig912	573	353	140
D3960.contig913	573	29	6
D3960.contig914	570	37	10
D3960.contig915	570	26	9
D3960.contig916	567	27	6
D3960.contig917	566	29	4
D3960.contig918	566	51	10
D3960.contig919	566	43	2
D3960.contig920	564	53	4
D3960.contig921	563	34	4
D3960.contig922	562	36	7
D3960.contig923	561	26	8
D3960.contig924	561	31	8
D3960.contig925	561	33	7
D3960.contig926	560	29	10
D3960.contig927	560	38	3
D3960.contig928	557	154	11
D3960.contig929	557	60	8
D3960.contig930	557	25	1
D3960.contig931	556	18	4
D3960.contig932	556	21	5
D3960.contig933	553	25	9
D3960.contig934	553	26	6
D3960.contig935	552	25	6
D3960.contig936	552	24	7
D3960.contig937	551	27	5
D3960.contig938	551	32	4
D3960.contig939	550	25	7
D3960.contig940	547	29	2
D3960.contig941	547	28	5
D3960.contig942	546	21	4
D3960.contig943	546	28	3
D3960.contig944	544	30	10
D3960.contig945	544	32	5
D3960.contig946	542	33	8
D3960.contig947	540	20	6
D3960.contig948	540	17	5
D3960.contig949	539	19	4
D3960.contig950	538	28	6
D3960.contig951	536	25	10
D3960.contig952	536	26	7
D3960.contig953	535	12	4
D3960.contig954	532	33	8
D3960.contig955	531	28	9
D3960.contig956	531	27	1
D3960.contig957	530	18	5
D3960.contig958	530	37	5
D3960.contig959	530	29	9
D3960.contig960	529	21	2
D3960.contig961	528	23	9
D3960.contig962	525	20	8
D3960.contig963	524	19	7
D3960.contig964	524	14	5
D3960.contig965	522	20	6
D3960.contig966	521	19	5
D3960.contig967	520	17	4
D3960.contig968	520	23	3
D3960.contig969	518	29	7
D3960.contig970	516	30	10
D3960.contig971	515	24	11
D3960.contig972	515	24	10
D3960.contig973	514	45	4
D3960.contig974	514	23	6
D3960.contig975	513	31	7
D3960.contig976	512	24	6
D3960.contig977	512	27	12
D3960.contig978	511	23	4
D3960.contig979	509	24	7
D3960.contig980	508	16	3
D3960.contig981	506	35	5
D3960.contig982	504	38	1
D3960.contig983	504	12	6
D3960.contig984	503	22	8
D3960.contig985	501	36	8
D3960.contig986	501	29	5
D3960.contig987	498	30	7
D3960.contig988	496	309	8
D3960.contig989	496	23	3
D3960.contig990	496	53	7
D3960.contig991	494	19	8
D3960.contig992	494	15	11
D3960.contig993	494	16	6
D3960.contig994	493	26	8
D3960.contig995	493	30	7
D3960.contig996	493	18	3
D3960.contig997	492	17	7
D3960.contig998	492	20	7
D3960.contig999	490	23	12
D3960.contig1000	488	24	6
D3960.contig1001	487	129	1
D3960.contig1002	483	21	5
D3960.contig1003	481	16	1
D3960.contig1004	480	33	10
D3960.contig1005	479	17	9
D3960.contig1006	479	16	3
D3960.contig1007	479	21	5
D3960.contig1008	475	24	6
D3960.contig1009	475	27	7
D3960.contig1010	473	34	6
D3960.contig1011	473	36	7
D3960.contig1012	470	5902	237
D3960.contig1013	469	10	6
D3960.contig1014	469	23	4
D3960.contig1015	468	14	3
D3960.contig1016	466	17	5
D3960.contig1017	465	19	3
D3960.contig1018	462	19	7
D3960.contig1019	462	499	16
D3960.contig1020	462	43	2
D3960.contig1021	461	26	2
D3960.contig1022	461	26	10
D3960.contig1023	457	18	8
D3960.contig1024	456	14	4
D3960.contig1025	455	31	10
D3960.contig1026	455	17	5
D3960.contig1027	454	45	3
D3960.contig1028	453	15	3
D3960.contig1029	452	23	8
D3960.contig1030	452	17	3
D3960.contig1031	451	37	7
D3960.contig1032	451	361	6
D3960.contig1033	451	20	6
D3960.contig1034	450	25	4
D3960.contig1035	450	18	6
D3960.contig1036	448	12	4
D3960.contig1037	447	20	9
D3960.contig1038	447	40	14
D3960.contig1039	447	26	9
D3960.contig1040	447	26	6
D3960.contig1041	446	23	5
D3960.contig1042	443	15	3
D3960.contig1043	442	16	6
D3960.contig1044	441	36	4
D3960.contig1045	441	25	6
D3960.contig1046	441	13	6
D3960.contig1047	439	12	4
D3960.contig1048	439	45	8
D3960.contig1049	438	22	6
D3960.contig1050	437	20	11
D3960.contig1051	437	17	13
D3960.contig1052	436	31	2
D3960.contig1053	435	8	7
D3960.contig1054	435	21	5
D3960.contig1055	435	17	3
D3960.contig1056	434	25	3
D3960.contig1057	433	31	7
D3960.contig1058	433	29	4
D3960.contig1059	432	12	4
D3960.contig1060	431	13	3
D3960.contig1061	431	21	9
D3960.contig1062	430	28	6
D3960.contig1063	430	26	6
D3960.contig1064	428	17	7
D3960.contig1065	428	14	5
D3960.contig1066	428	16	8
D3960.contig1067	427	23	5
D3960.contig1068	427	24	8
D3960.contig1069	427	14	4
D3960.contig1070	426	17	5
D3960.contig1071	424	14	6
D3960.contig1072	423	23	1
D3960.contig1073	423	21	3
D3960.contig1074	422	19	5
D3960.contig1075	422	19	4
D3960.contig1076	420	20	8
D3960.contig1077	420	13	3
D3960.contig1078	419	11	5
D3960.contig1079	419	30	5
D3960.contig1080	418	9	3
D3960.contig1081	418	16	4
D3960.contig1082	417	17	6
D3960.contig1083	416	21	4
D3960.contig1084	415	12	4
D3960.contig1085	415	11	4
D3960.contig1086	415	21	8
D3960.contig1087	414	571	10
D3960.contig1088	414	13	5
D3960.contig1089	413	14	5
D3960.contig1090	413	12	6
D3960.contig1091	412	25	11
D3960.contig1092	410	15	6
D3960.contig1093	406	13	8
D3960.contig1094	406	19	7
D3960.contig1095	405	18	4
D3960.contig1096	404	14	6
D3960.contig1097	404	50	6
D3960.contig1098	403	27	3
D3960.contig1099	403	19	3
D3960.contig1100	402	24	3
D3960.contig1101	401	46	7
D3960.contig1102	401	29	3
D3960.contig1103	400	7	4
D3960.contig1104	399	1051	16
D3960.contig1105	398	793	32
D3960.contig1106	398	13	1
D3960.contig1107	397	10	3
D3960.contig1108	397	357	10
D3960.contig1109	396	15	4
D3960.contig1110	396	27	1
D3960.contig1111	395	15	3
D3960.contig1112	394	20	8
D3960.contig1113	394	15	5
D3960.contig1114	393	14	2
D3960.contig1115	393	21	4
D3960.contig1116	392	12	3
D3960.contig1117	392	11	9
D3960.contig1118	392	10	6
D3960.contig1119	391	8	4
D3960.contig1120	390	16	4
D3960.contig1121	390	7	5
D3960.contig1122	390	218	7
D3960.contig1123	390	26	8
D3960.contig1124	388	11	5
D3960.contig1125	388	12	6
D3960.contig1126	387	17	3
D3960.contig1127	387	10	6
D3960.contig1128	387	16	3
D3960.contig1129	386	10	4
D3960.contig1130	386	192	4
D3960.contig1131	386	12	6
D3960.contig1132	385	23	4
D3960.contig1133	384	27	5
D3960.contig1134	383	13	5
D3960.contig1135	383	12	4
D3960.contig1136	382	20	3
D3960.contig1137	382	21	3
D3960.contig1138	382	30	5
D3960.contig1139	381	86	1
D3960.contig1140	381	16	3
D3960.contig1141	381	25	9
D3960.contig1142	381	16	9
D3960.contig1143	380	15	3
D3960.contig1144	379	25	0
D3960.contig1145	379	27	8
D3960.contig1146	377	17	8
D3960.contig1147	377	11	2
D3960.contig1148	376	16	7
D3960.contig1149	376	18	4
D3960.contig1150	375	10	4
D3960.contig1151	375	14	6
D3960.contig1152	375	274	9
D3960.contig1153	374	10	6
D3960.contig1154	373	15	11
D3960.contig1155	373	12	2
D3960.contig1156	372	12	6
D3960.contig1157	372	12	2
D3960.contig1158	372	18	5
D3960.contig1159	371	14	4
D3960.contig1160	371	35	5
D3960.contig1161	370	27	6
D3960.contig1162	369	18	4
D3960.contig1163	369	12	1
D3960.contig1164	367	35	5
D3960.contig1165	367	11	5
D3960.contig1166	367	25	12
D3960.contig1167	367	15	7
D3960.contig1168	365	27	4
D3960.contig1169	365	15	4
D3960.contig1170	363	16	7
D3960.contig1171	362	16	5
D3960.contig1172	362	10	7
D3960.contig1173	361	8	2
D3960.contig1174	360	14	3
D3960.contig1175	360	18	7
D3960.contig1176	360	16	5
D3960.contig1177	360	10	4
D3960.contig1178	360	18	7
D3960.contig1179	359	17	2
D3960.contig1180	358	17	8
D3960.contig1181	357	12	9
D3960.contig1182	356	26	7
D3960.contig1183	355	13	5
D3960.contig1184	354	11	6
D3960.contig1185	354	25	6
D3960.contig1186	354	12	3
D3960.contig1187	353	22	7
D3960.contig1188	353	13	3
D3960.contig1189	353	7	5
D3960.contig1190	352	70	0
D3960.contig1191	352	690	50
D3960.contig1192	352	7	5
D3960.contig1193	351	13	7
D3960.contig1194	351	10	4
D3960.contig1195	351	11	3
D3960.contig1196	351	8	1
D3960.contig1197	350	11	3
D3960.contig1198	350	10	6
D3960.contig1199	350	352	49
D3960.contig1200	349	12	4
D3960.contig1201	349	17	4
D3960.contig1202	349	14	2
D3960.contig1203	349	14	5
D3960.contig1204	347	15	2
D3960.contig1205	347	13	6
D3960.contig1206	346	24	0
D3960.contig1207	346	11	4
D3960.contig1208	345	16	2
D3960.contig1209	345	14	2
D3960.contig1210	345	21	2
D3960.contig1211	345	17	6
D3960.contig1212	345	15	1
D3960.contig1213	344	19	3
D3960.contig1214	343	23	4
D3960.contig1215	343	97	2
D3960.contig1216	342	13	1
D3960.contig1217	342	92	2
D3960.contig1218	342	11	5
D3960.contig1219	341	10	4
D3960.contig1220	341	30	9
D3960.contig1221	341	11	3
D3960.contig1222	341	13	5
D3960.contig1223	340	11	4
D3960.contig1224	339	7	4
D3960.contig1225	339	15	3
D3960.contig1226	339	16	3
D3960.contig1227	339	13	0
D3960.contig1228	338	15	4
D3960.contig1229	338	11	5
D3960.contig1230	338	10	6
D3960.contig1231	337	10	8
D3960.contig1232	337	11	7
D3960.contig1233	336	670	25
D3960.contig1234	335	20	3
D3960.contig1235	335	16	2
D3960.contig1236	334	17	7
D3960.contig1237	334	17	5
D3960.contig1238	333	20	2
D3960.contig1239	333	8	6
D3960.contig1240	332	23	8
D3960.contig1241	332	11	2
D3960.contig1242	331	12	7
D3960.contig1243	331	21	13
D3960.contig1244	331	22	7
D3960.contig1245	331	19	3
D3960.contig1246	330	9	4
D3960.contig1247	330	8	5
D3960.contig1248	328	15	4
D3960.contig1249	328	13	1
D3960.contig1250	327	15	3
D3960.contig1251	326	9	7
D3960.contig1252	326	21	5
D3960.contig1253	326	8	4
D3960.contig1254	326	183	8
D3960.contig1255	325	12	3
D3960.contig1256	325	17	2
D3960.contig1257	325	15	8
D3960.contig1258	324	181	23
D3960.contig1259	323	9	7
D3960.contig1260	321	7	2
D3960.contig1261	319	16	4
D3960.contig1262	319	11	9
D3960.contig1263	318	6	4
D3960.contig1264	318	10	7
D3960.contig1265	317	16	4
D3960.contig1266	317	10	4
D3960.contig1267	316	16	8
D3960.contig1268	316	12	4
D3960.contig1269	315	11	7
D3960.contig1270	314	13	4
D3960.contig1271	314	11	6
D3960.contig1272	313	686	18
D3960.contig1273	313	13	7
D3960.contig1274	312	23	10
D3960.contig1275	312	10	7
D3960.contig1276	310	46	10
D3960.contig1277	310	9	4
D3960.contig1278	308	8	4
D3960.contig1279	307	9	7
D3960.contig1280	307	12	7
D3960.contig1281	306	10	6
D3960.contig1282	305	44	11
D3960.contig1283	305	16	6
D3960.contig1284	304	17	10
D3960.contig1285	304	9	5
D3960.contig1286	304	29	5
D3960.contig1287	303	7	5
D3960.contig1288	303	12	9
D3960.contig1289	303	7	5
D3960.contig1290	302	9	7
D3960.contig1291	302	12	5
D3960.contig1292	302	9	7
D3960.contig1293	301	7	5
D3960.contig1294	301	10	6
D3960.contig1295	300	17	4
D3960.contig1296	300	6	4
D3960.contig1297	300	12	4
*	0	0	45014
