R3951.contig1	2588	1650966	27686
R3951.contig2	2200	209578	3727
R3951.contig3	2110	303	9
R3951.contig4	1856	25505	704
R3951.contig5	1823	17762	157
R3951.contig6	1820	62626	508
R3951.contig7	1447	552	4
R3951.contig8	1375	292205	3379
R3951.contig9	1339	79781	1251
R3951.contig10	1313	32033	81
R3951.contig11	1306	57099	180
R3951.contig12	1063	46451	1972
R3951.contig13	989	53435	844
R3951.contig14	958	2142	52
R3951.contig15	920	16169	69
R3951.contig16	912	290471	33925
R3951.contig17	857	326	3
R3951.contig18	842	3303	87
R3951.contig19	813	8132	41
R3951.contig20	772	914	33
R3951.contig21	757	285	38
R3951.contig22	749	8283	55
R3951.contig23	749	6561	19
R3951.contig24	744	72	0
R3951.contig25	725	235	3
R3951.contig26	701	4048	26
R3951.contig27	695	1469	10
R3951.contig28	673	1993	1
R3951.contig29	671	49261	592
R3951.contig30	665	341	2
R3951.contig31	659	1608	21
R3951.contig32	657	1068	7
R3951.contig33	644	1208	17
R3951.contig34	640	2079	6
R3951.contig35	640	1901	16
R3951.contig36	639	1098	30
R3951.contig37	631	10011	238
R3951.contig38	614	134	3
R3951.contig39	606	334	4
R3951.contig40	606	138	2
R3951.contig41	606	42459	3192
R3951.contig42	603	218642	6381
R3951.contig43	595	3669	206
R3951.contig44	589	25281	603
R3951.contig45	584	54538	5482
R3951.contig46	583	901	28
R3951.contig47	571	848	2
R3951.contig48	570	2000	283
R3951.contig49	570	2362	20
R3951.contig50	557	697	7
R3951.contig51	556	49773	1779
R3951.contig52	554	51	10
R3951.contig53	548	520	9
R3951.contig54	535	56685	1682
R3951.contig55	514	81	3
R3951.contig56	510	231	2
R3951.contig57	506	7534	135
R3951.contig58	501	976	70
R3951.contig59	500	1264	6
R3951.contig60	498	258	12
R3951.contig61	495	126	3
R3951.contig62	494	57639	1012
R3951.contig63	492	119	45
R3951.contig64	490	122	0
R3951.contig65	487	427	1
R3951.contig66	487	118	0
R3951.contig67	482	47	13
R3951.contig68	478	228	5
R3951.contig69	475	485	4
R3951.contig70	472	555	5
R3951.contig71	468	22487	743
R3951.contig72	465	538	9
R3951.contig73	464	705	11
R3951.contig74	453	80	2
R3951.contig75	448	518	21
R3951.contig76	447	266	7
R3951.contig77	446	5817	155
R3951.contig78	445	132	2
R3951.contig79	444	310	0
R3951.contig80	442	18	0
R3951.contig81	442	929	21
R3951.contig82	441	29	1
R3951.contig83	439	451	29
R3951.contig84	439	3412	64
R3951.contig85	438	230	6
R3951.contig86	437	5516	1657
R3951.contig87	431	78	2
R3951.contig88	427	26	4
R3951.contig89	421	740	8
R3951.contig90	420	904	15
R3951.contig91	419	34	4
R3951.contig92	419	51	1
R3951.contig93	417	279	2
R3951.contig94	415	26	6
R3951.contig95	412	4789	85
R3951.contig96	404	133	8
R3951.contig97	404	15	2
R3951.contig98	403	28	6
R3951.contig99	402	278	7
R3951.contig100	401	5533	1292
R3951.contig101	395	208	6
R3951.contig102	390	1209	11
R3951.contig103	390	419	10
R3951.contig104	389	74	1
R3951.contig105	380	38	0
R3951.contig106	378	41	3
R3951.contig107	378	86	0
R3951.contig108	377	296	1
R3951.contig109	376	12647	437
R3951.contig110	374	100	6
R3951.contig111	373	18	6
R3951.contig112	368	37	7
R3951.contig113	362	57	3
R3951.contig114	359	4172	97
R3951.contig115	357	13	1
R3951.contig116	356	9	5
R3951.contig117	353	18	0
R3951.contig118	353	258	2
R3951.contig119	352	980	208
R3951.contig120	344	93458	13932
R3951.contig121	343	373	11
R3951.contig122	340	106	0
R3951.contig123	339	572	147
R3951.contig124	339	7	3
R3951.contig125	332	10	0
R3951.contig126	332	37	1
R3951.contig127	331	127	1
R3951.contig128	330	17	1
R3951.contig129	327	20	0
R3951.contig130	323	123336	9485
R3951.contig131	321	82	0
R3951.contig132	319	155	8
R3951.contig133	319	48	3
R3951.contig134	319	56	0
R3951.contig135	316	10	0
R3951.contig136	315	15	1
R3951.contig137	314	41	1
R3951.contig138	313	30	4
R3951.contig139	312	28	0
R3951.contig140	310	22	10
R3951.contig141	306	29	1
*	0	0	122950
