R3684.contig1	4464	15	11
R3684.contig2	2242	2	0
R3684.contig3	1941	358	121
R3684.contig4	1915	56333	7859
R3684.contig5	1737	0	0
R3684.contig6	1625	307	11
R3684.contig7	1505	4086916	205600
R3684.contig8	1377	954	148
R3684.contig9	1287	27960	3481
R3684.contig10	1166	1423	467
R3684.contig11	1057	980873	56249
R3684.contig12	1019	0	0
R3684.contig13	993	435	85
R3684.contig14	971	4	1
R3684.contig15	957	16335	9377
R3684.contig16	934	138	10
R3684.contig17	934	1	0
R3684.contig18	898	0	0
R3684.contig19	851	4112	482
R3684.contig20	841	3	1
R3684.contig21	818	301	68
R3684.contig22	799	18749	4481
R3684.contig23	792	249778	59313
R3684.contig24	773	4342	2275
R3684.contig25	761	2220	483
R3684.contig26	751	187	2
R3684.contig27	736	12700	1815
R3684.contig28	724	2242603	111428
R3684.contig29	724	28388	3187
R3684.contig30	671	2969	807
R3684.contig31	654	31	9
R3684.contig32	647	1780	370
R3684.contig33	646	817	61
R3684.contig34	644	7331	2556
R3684.contig35	623	168	7
R3684.contig36	621	224	37
R3684.contig37	612	169647	44630
R3684.contig38	605	5969	4247
R3684.contig39	590	0	0
R3684.contig40	588	1137	667
R3684.contig41	587	15684	5242
R3684.contig42	574	1364	488
R3684.contig43	563	5259	638
R3684.contig44	561	28747	7650
R3684.contig45	554	4653	1466
R3684.contig46	543	174	55
R3684.contig47	538	587	0
R3684.contig48	537	11642	2252
R3684.contig49	535	247	42
R3684.contig50	529	68353	22916
R3684.contig51	529	4465	1396
R3684.contig52	524	0	0
R3684.contig53	519	159904	16589
R3684.contig54	518	15643	4832
R3684.contig55	516	182284	50328
R3684.contig56	514	0	0
R3684.contig57	514	119	21
R3684.contig58	506	29	0
R3684.contig59	504	508	185
R3684.contig60	495	19868	8488
R3684.contig61	493	1923	658
R3684.contig62	489	49523	12294
R3684.contig63	486	72620	7837
R3684.contig64	484	367	78
R3684.contig65	481	53	14
R3684.contig66	479	66768	17666
R3684.contig67	477	27	3
R3684.contig68	474	247	25
R3684.contig69	465	13025	5692
R3684.contig70	461	463	13
R3684.contig71	460	8706	3239
R3684.contig72	460	1787	815
R3684.contig73	454	2812	297
R3684.contig74	450	2089	1165
R3684.contig75	449	308	15
R3684.contig76	444	6	0
R3684.contig77	443	121	8
R3684.contig78	441	17	2
R3684.contig79	441	54	13
R3684.contig80	440	611	189
R3684.contig81	438	102	26
R3684.contig82	436	114	15
R3684.contig83	435	2	0
R3684.contig84	435	209523	33538
R3684.contig85	424	771	108
R3684.contig86	422	1	1
R3684.contig87	419	153	8
R3684.contig88	415	71585	19355
R3684.contig89	410	47	5
R3684.contig90	408	225	8
R3684.contig91	407	8	2
R3684.contig92	406	0	0
R3684.contig93	406	6	1
R3684.contig94	404	823	2
R3684.contig95	403	207925	53291
R3684.contig96	395	60	22
R3684.contig97	394	26310	10980
R3684.contig98	385	9	2
R3684.contig99	384	4	0
R3684.contig100	383	1335	3
R3684.contig101	382	4	0
R3684.contig102	381	18	1
R3684.contig103	379	556	117
R3684.contig104	378	11	0
R3684.contig105	378	23	4
R3684.contig106	377	97	29
R3684.contig107	374	2	0
R3684.contig108	372	918	379
R3684.contig109	371	6700	787
R3684.contig110	369	1852	897
R3684.contig111	368	20	2
R3684.contig112	366	16	6
R3684.contig113	360	439	10
R3684.contig114	360	2114	443
R3684.contig115	359	54	15
R3684.contig116	358	30	5
R3684.contig117	356	8766	4582
R3684.contig118	355	0	0
R3684.contig119	351	23078	2381
R3684.contig120	350	529	115
R3684.contig121	350	16	1
R3684.contig122	345	752	11
R3684.contig123	344	157	27
R3684.contig124	343	381	87
R3684.contig125	341	55993	6452
R3684.contig126	340	4	0
R3684.contig127	339	7918	1180
R3684.contig128	336	5389	2848
R3684.contig129	335	12	1
R3684.contig130	332	957	312
R3684.contig131	331	0	0
R3684.contig132	330	155	5
R3684.contig133	325	1382	919
R3684.contig134	324	7280	1306
R3684.contig135	323	0	0
R3684.contig136	320	1180	381
R3684.contig137	319	16	8
R3684.contig138	309	6116	3706
R3684.contig139	308	243	89
R3684.contig140	307	42	12
R3684.contig141	307	11	1
R3684.contig142	305	134	32
R3684.contig143	304	158	2
*	0	0	17201528
