D3940.contig1	41281	129800	1769
D3940.contig2	37263	20080	239
D3940.contig3	27242	8081	97
D3940.contig4	26704	9822	134
D3940.contig5	21250	12893	175
D3940.contig6	16875	8062	154
D3940.contig7	14067	3399	31
D3940.contig8	13534	2579	46
D3940.contig9	13183	7667	209
D3940.contig10	10894	2313	49
D3940.contig11	10815	16795	508
D3940.contig12	10572	3658	69
D3940.contig13	10360	1698	33
D3940.contig14	10281	12124	607
D3940.contig15	9730	6338	179
D3940.contig16	9633	2777	47
D3940.contig17	9305	8197	90
D3940.contig18	9218	1222	39
D3940.contig19	9084	1337	17
D3940.contig20	8588	1286	14
D3940.contig21	7658	1687	28
D3940.contig22	6205	809	8
D3940.contig23	6095	785	17
D3940.contig24	5793	1012	11
D3940.contig25	5554	700	16
D3940.contig26	5389	458	10
D3940.contig27	5265	1290	28
D3940.contig28	5009	1070	32
D3940.contig29	4927	656	12
D3940.contig30	4817	391	11
D3940.contig31	4775	951	18
D3940.contig32	4637	463	12
D3940.contig33	4545	719	17
D3940.contig34	4472	547	12
D3940.contig35	4457	321	7
D3940.contig36	4336	741	24
D3940.contig37	4297	538	10
D3940.contig38	4042	343	9
D3940.contig39	3980	346	10
D3940.contig40	3894	558	8
D3940.contig41	3871	2780	120
D3940.contig42	3868	1458	18
D3940.contig43	3851	420	3
D3940.contig44	3814	2264	58
D3940.contig45	3734	2768	98
D3940.contig46	3688	295	15
D3940.contig47	3557	464	14
D3940.contig48	3526	400	14
D3940.contig49	3461	866	49
D3940.contig50	3400	260	14
D3940.contig51	3289	337	12
D3940.contig52	3209	283	21
D3940.contig53	3200	398	21
D3940.contig54	3164	409	11
D3940.contig55	3161	441	6
D3940.contig56	3040	235	14
D3940.contig57	3005	223	1
D3940.contig58	2977	585	31
D3940.contig59	2882	224	2
D3940.contig60	2870	483	22
D3940.contig61	2868	269	9
D3940.contig62	2842	386	20
D3940.contig63	2812	414	3
D3940.contig64	2795	292	10
D3940.contig65	2652	518	28
D3940.contig66	2613	240	10
D3940.contig67	2480	273	10
D3940.contig68	2422	565	37
D3940.contig69	2403	160	11
D3940.contig70	2400	542	27
D3940.contig71	2333	198	13
D3940.contig72	2237	270	12
D3940.contig73	2200	231	4
D3940.contig74	2145	134	3
D3940.contig75	2142	218	5
D3940.contig76	2125	118	13
D3940.contig77	2096	157	5
D3940.contig78	2080	271	6
D3940.contig79	2024	140	2
D3940.contig80	2022	218	6
D3940.contig81	1961	196	12
D3940.contig82	1871	151	10
D3940.contig83	1854	146	6
D3940.contig84	1842	128	12
D3940.contig85	1837	96	6
D3940.contig86	1830	131	15
D3940.contig87	1819	194	19
D3940.contig88	1797	139	3
D3940.contig89	1774	159	11
D3940.contig90	1774	126	11
D3940.contig91	1752	221	12
D3940.contig92	1749	120	6
D3940.contig93	1723	106	9
D3940.contig94	1719	297	14
D3940.contig95	1715	363	20
D3940.contig96	1708	117	22
D3940.contig97	1696	111	13
D3940.contig98	1674	157	2
D3940.contig99	1613	76	16
D3940.contig100	1591	133	5
D3940.contig101	1559	78	6
D3940.contig102	1557	62	5
D3940.contig103	1554	148	6
D3940.contig104	1538	91	6
D3940.contig105	1513	141	11
D3940.contig106	1503	115	7
D3940.contig107	1501	126	10
D3940.contig108	1490	2338	53
D3940.contig109	1476	134	4
D3940.contig110	1464	153	8
D3940.contig111	1460	97	4
D3940.contig112	1454	121	14
D3940.contig113	1447	221	8
D3940.contig114	1417	109	2
D3940.contig115	1415	126	5
D3940.contig116	1406	96	14
D3940.contig117	1401	141	10
D3940.contig118	1400	111	12
D3940.contig119	1396	88	10
D3940.contig120	1395	76	2
D3940.contig121	1387	127	12
D3940.contig122	1384	75	6
D3940.contig123	1383	130	5
D3940.contig124	1382	151	3
D3940.contig125	1373	173	6
D3940.contig126	1330	89	2
D3940.contig127	1319	52	6
D3940.contig128	1298	84	1
D3940.contig129	1288	72	10
D3940.contig130	1277	50	12
D3940.contig131	1274	91	4
D3940.contig132	1265	77	7
D3940.contig133	1260	100	2
D3940.contig134	1259	100	7
D3940.contig135	1231	71	9
D3940.contig136	1224	77	10
D3940.contig137	1222	285	2
D3940.contig138	1220	577	37
D3940.contig139	1219	73	7
D3940.contig140	1218	75	1
D3940.contig141	1214	91	13
D3940.contig142	1201	81	7
D3940.contig143	1193	68	8
D3940.contig144	1192	2018	10
D3940.contig145	1178	49	14
D3940.contig146	1172	217	20
D3940.contig147	1171	86	4
D3940.contig148	1170	76	9
D3940.contig149	1161	124	3
D3940.contig150	1135	65	9
D3940.contig151	1134	70	17
D3940.contig152	1109	241	236
D3940.contig153	1096	67	9
D3940.contig154	1095	66	5
D3940.contig155	1094	75	3
D3940.contig156	1093	77	5
D3940.contig157	1086	162	8
D3940.contig158	1083	86	7
D3940.contig159	1076	59	2
D3940.contig160	1069	61	6
D3940.contig161	1059	54	10
D3940.contig162	1058	91	5
D3940.contig163	1048	76	6
D3940.contig164	1044	96	24
D3940.contig165	1041	250	14
D3940.contig166	1034	59	3
D3940.contig167	1025	67	1
D3940.contig168	1017	78	7
D3940.contig169	1015	69	3
D3940.contig170	1011	107	5
D3940.contig171	1006	41	9
D3940.contig172	996	116	17
D3940.contig173	987	63	7
D3940.contig174	985	63	10
D3940.contig175	985	56	7
D3940.contig176	985	73	7
D3940.contig177	977	108	9
D3940.contig178	973	46	6
D3940.contig179	972	35	2
D3940.contig180	970	77	10
D3940.contig181	969	56	6
D3940.contig182	962	135	7
D3940.contig183	961	87	9
D3940.contig184	951	73	7
D3940.contig185	948	50	6
D3940.contig186	945	78	3
D3940.contig187	944	49	12
D3940.contig188	935	56	4
D3940.contig189	934	55	55
D3940.contig190	924	50	6
D3940.contig191	919	28	8
D3940.contig192	915	57	11
D3940.contig193	915	54	6
D3940.contig194	913	34	10
D3940.contig195	909	56	8
D3940.contig196	907	80	0
D3940.contig197	906	67	6
D3940.contig198	899	40	7
D3940.contig199	897	34	4
D3940.contig200	897	42	8
D3940.contig201	896	62	9
D3940.contig202	893	66	7
D3940.contig203	892	64	11
D3940.contig204	888	35	7
D3940.contig205	880	84	7
D3940.contig206	876	39	21
D3940.contig207	876	49	7
D3940.contig208	876	35	9
D3940.contig209	875	43	2
D3940.contig210	871	31	7
D3940.contig211	868	48	12
D3940.contig212	864	38	10
D3940.contig213	855	57	3
D3940.contig214	853	56	2
D3940.contig215	850	30	8
D3940.contig216	841	56	13
D3940.contig217	837	45	5
D3940.contig218	831	27	6
D3940.contig219	830	30	8
D3940.contig220	825	36	10
D3940.contig221	820	44	7
D3940.contig222	818	29	3
D3940.contig223	817	37	4
D3940.contig224	809	207	25
D3940.contig225	808	40	1
D3940.contig226	807	36	7
D3940.contig227	806	51	5
D3940.contig228	795	45	4
D3940.contig229	787	48	9
D3940.contig230	784	28	10
D3940.contig231	783	48	11
D3940.contig232	783	30	2
D3940.contig233	783	43	9
D3940.contig234	782	65	1
D3940.contig235	772	58	8
D3940.contig236	771	49	4
D3940.contig237	767	27	11
D3940.contig238	765	66	9
D3940.contig239	757	39	8
D3940.contig240	755	28	10
D3940.contig241	750	35	11
D3940.contig242	750	23	6
D3940.contig243	746	30	14
D3940.contig244	745	97	5
D3940.contig245	745	23	13
D3940.contig246	737	73	6
D3940.contig247	736	36	6
D3940.contig248	734	46	4
D3940.contig249	732	37	8
D3940.contig250	732	109	1
D3940.contig251	732	52	5
D3940.contig252	728	31	8
D3940.contig253	724	44	7
D3940.contig254	722	43	8
D3940.contig255	721	25	7
D3940.contig256	719	42	15
D3940.contig257	716	32	5
D3940.contig258	713	37	10
D3940.contig259	713	35	7
D3940.contig260	709	28	2
D3940.contig261	707	54	4
D3940.contig262	704	21	10
D3940.contig263	704	4	0
D3940.contig264	703	107	2
D3940.contig265	701	28	9
D3940.contig266	699	39	13
D3940.contig267	698	32	4
D3940.contig268	695	40	7
D3940.contig269	694	44	8
D3940.contig270	694	64	7
D3940.contig271	690	28	9
D3940.contig272	689	31	11
D3940.contig273	683	42	4
D3940.contig274	682	30	7
D3940.contig275	680	23	7
D3940.contig276	677	21	7
D3940.contig277	676	163	21
D3940.contig278	669	21	11
D3940.contig279	664	30	1
D3940.contig280	663	33	2
D3940.contig281	662	28	5
D3940.contig282	661	19	2
D3940.contig283	659	103	5
D3940.contig284	657	38	3
D3940.contig285	655	100	6
D3940.contig286	652	28	7
D3940.contig287	649	34	4
D3940.contig288	649	35	5
D3940.contig289	648	39	14
D3940.contig290	648	38	6
D3940.contig291	647	34	2
D3940.contig292	645	35	4
D3940.contig293	642	37	1
D3940.contig294	641	31	7
D3940.contig295	640	29	7
D3940.contig296	638	19	3
D3940.contig297	635	48	5
D3940.contig298	633	36	4
D3940.contig299	631	45	11
D3940.contig300	630	23	9
D3940.contig301	628	57	5
D3940.contig302	625	35	15
D3940.contig303	624	27	4
D3940.contig304	624	30	4
D3940.contig305	615	37	10
D3940.contig306	612	31	5
D3940.contig307	612	31	5
D3940.contig308	611	22	6
D3940.contig309	611	19	5
D3940.contig310	605	44	8
D3940.contig311	604	34	4
D3940.contig312	604	20	3
D3940.contig313	599	17	7
D3940.contig314	598	29	9
D3940.contig315	598	23	7
D3940.contig316	594	26	8
D3940.contig317	594	19	6
D3940.contig318	591	44	4
D3940.contig319	590	31	6
D3940.contig320	590	31	7
D3940.contig321	590	35	10
D3940.contig322	589	27	9
D3940.contig323	586	14	6
D3940.contig324	586	43	5
D3940.contig325	585	17	5
D3940.contig326	583	21	6
D3940.contig327	581	24	10
D3940.contig328	580	29	4
D3940.contig329	579	24	10
D3940.contig330	575	27	2
D3940.contig331	572	26	6
D3940.contig332	571	118	1
D3940.contig333	569	38	5
D3940.contig334	567	22	4
D3940.contig335	567	20	8
D3940.contig336	566	27	6
D3940.contig337	564	44	7
D3940.contig338	564	32	2
D3940.contig339	563	19	8
D3940.contig340	561	24	10
D3940.contig341	560	14	6
D3940.contig342	559	40	5
D3940.contig343	558	15	7
D3940.contig344	557	53	4
D3940.contig345	555	36	10
D3940.contig346	555	23	7
D3940.contig347	555	30	4
D3940.contig348	554	18	8
D3940.contig349	554	15	5
D3940.contig350	552	24	6
D3940.contig351	551	25	7
D3940.contig352	550	47	4
D3940.contig353	547	27	6
D3940.contig354	544	15	3
D3940.contig355	544	29	5
D3940.contig356	543	37	8
D3940.contig357	543	18	6
D3940.contig358	543	20	7
D3940.contig359	541	28	6
D3940.contig360	541	134	6
D3940.contig361	539	23	5
D3940.contig362	539	15	7
D3940.contig363	538	29	7
D3940.contig364	534	28	8
D3940.contig365	534	14	4
D3940.contig366	534	37	10
D3940.contig367	529	15	7
D3940.contig368	529	110	8
D3940.contig369	527	26	8
D3940.contig370	526	15	8
D3940.contig371	526	14	5
D3940.contig372	525	17	7
D3940.contig373	523	14	8
D3940.contig374	522	21	12
D3940.contig375	522	29	9
D3940.contig376	521	17	4
D3940.contig377	520	132	8
D3940.contig378	520	54	5
D3940.contig379	519	20	4
D3940.contig380	518	82	0
D3940.contig381	518	17	7
D3940.contig382	516	4	0
D3940.contig383	515	188	14
D3940.contig384	512	11	2
D3940.contig385	511	14	7
D3940.contig386	511	167	7
D3940.contig387	509	15	4
D3940.contig388	507	19	4
D3940.contig389	506	22	8
D3940.contig390	505	19	7
D3940.contig391	504	26	9
D3940.contig392	502	68	8
D3940.contig393	501	25	4
D3940.contig394	500	32	7
D3940.contig395	500	19	3
D3940.contig396	497	15	7
D3940.contig397	496	31	3
D3940.contig398	495	23	8
D3940.contig399	494	22	6
D3940.contig400	493	13	3
D3940.contig401	492	20	9
D3940.contig402	492	20	4
D3940.contig403	492	5873	301
D3940.contig404	490	25	8
D3940.contig405	489	20	4
D3940.contig406	489	28	2
D3940.contig407	488	17	1
D3940.contig408	488	24	4
D3940.contig409	488	15	3
D3940.contig410	485	6	0
D3940.contig411	483	22	2
D3940.contig412	482	14	5
D3940.contig413	480	25	5
D3940.contig414	477	49	1
D3940.contig415	475	28	0
D3940.contig416	474	15	8
D3940.contig417	474	17	5
D3940.contig418	473	18	3
D3940.contig419	473	27	13
D3940.contig420	472	41	9
D3940.contig421	471	21	9
D3940.contig422	471	10	5
D3940.contig423	470	41	5
D3940.contig424	470	8	4
D3940.contig425	469	51	4
D3940.contig426	469	25	3
D3940.contig427	468	32	0
D3940.contig428	465	15	1
D3940.contig429	464	14	4
D3940.contig430	464	16	8
D3940.contig431	463	59	5
D3940.contig432	462	126	4
D3940.contig433	462	19	7
D3940.contig434	461	16	6
D3940.contig435	461	16	6
D3940.contig436	460	19	2
D3940.contig437	460	18	7
D3940.contig438	460	13	6
D3940.contig439	458	15	5
D3940.contig440	458	16	7
D3940.contig441	457	22	6
D3940.contig442	457	20	2
D3940.contig443	456	15	6
D3940.contig444	456	14	8
D3940.contig445	455	38	2
D3940.contig446	455	71	37
D3940.contig447	452	14	6
D3940.contig448	452	21	9
D3940.contig449	451	15	8
D3940.contig450	451	17	6
D3940.contig451	450	21	9
D3940.contig452	448	23	6
D3940.contig453	448	15	3
D3940.contig454	448	19	4
D3940.contig455	448	22	8
D3940.contig456	448	21	7
D3940.contig457	447	8	4
D3940.contig458	447	20	8
D3940.contig459	447	98	2
D3940.contig460	446	18	7
D3940.contig461	446	8	8
D3940.contig462	445	34	3
D3940.contig463	445	48	2
D3940.contig464	445	118	8
D3940.contig465	444	16	5
D3940.contig466	444	10	6
D3940.contig467	443	23	3
D3940.contig468	442	20	5
D3940.contig469	442	11	3
D3940.contig470	442	22	5
D3940.contig471	442	12	4
D3940.contig472	441	26	2
D3940.contig473	441	35	7
D3940.contig474	440	18	2
D3940.contig475	440	29	3
D3940.contig476	439	39	3
D3940.contig477	439	46	2
D3940.contig478	439	24	8
D3940.contig479	439	23	5
D3940.contig480	439	16	0
D3940.contig481	437	232	14
D3940.contig482	437	36	4
D3940.contig483	437	28	7
D3940.contig484	436	275	5
D3940.contig485	436	28	6
D3940.contig486	436	24	11
D3940.contig487	435	35	8
D3940.contig488	434	14	3
D3940.contig489	432	18	7
D3940.contig490	432	16	5
D3940.contig491	432	49	11
D3940.contig492	431	12	5
D3940.contig493	431	17	7
D3940.contig494	430	21	4
D3940.contig495	430	19	8
D3940.contig496	430	22	4
D3940.contig497	430	107	5
D3940.contig498	430	15	8
D3940.contig499	429	19	11
D3940.contig500	429	13	8
D3940.contig501	428	20	2
D3940.contig502	427	10	6
D3940.contig503	427	12	9
D3940.contig504	424	50	4
D3940.contig505	424	20	2
D3940.contig506	424	44	2
D3940.contig507	423	17	4
D3940.contig508	422	13	7
D3940.contig509	422	14	8
D3940.contig510	422	17	1
D3940.contig511	421	28	7
D3940.contig512	420	20	1
D3940.contig513	418	17	3
D3940.contig514	418	8	0
D3940.contig515	417	24	11
D3940.contig516	417	8	0
D3940.contig517	416	14	4
D3940.contig518	416	7	5
D3940.contig519	416	15	5
D3940.contig520	414	12	6
D3940.contig521	414	9	5
D3940.contig522	413	7	7
D3940.contig523	413	10	0
D3940.contig524	413	9	5
D3940.contig525	412	11	3
D3940.contig526	412	11	7
D3940.contig527	412	17	3
D3940.contig528	411	12	5
D3940.contig529	411	12	2
D3940.contig530	410	125	11
D3940.contig531	410	11	6
D3940.contig532	410	13	6
D3940.contig533	408	12	8
D3940.contig534	408	7	1
D3940.contig535	408	13	6
D3940.contig536	407	14	1
D3940.contig537	407	12	6
D3940.contig538	406	10	2
D3940.contig539	405	39	1
D3940.contig540	405	12	10
D3940.contig541	404	13	0
D3940.contig542	404	10	9
D3940.contig543	404	65	1
D3940.contig544	404	16	4
D3940.contig545	404	23	0
D3940.contig546	403	18	2
D3940.contig547	403	15	11
D3940.contig548	402	17	3
D3940.contig549	401	16	5
D3940.contig550	398	10	1
D3940.contig551	397	36	8
D3940.contig552	397	16	8
D3940.contig553	397	62	4
D3940.contig554	397	25	5
D3940.contig555	397	4	0
D3940.contig556	396	15	7
D3940.contig557	396	21	4
D3940.contig558	395	8	3
D3940.contig559	395	12	4
D3940.contig560	394	13	5
D3940.contig561	394	15	9
D3940.contig562	394	17	8
D3940.contig563	393	9	7
D3940.contig564	393	12	4
D3940.contig565	393	17	5
D3940.contig566	392	86	4
D3940.contig567	391	14	0
D3940.contig568	391	17	3
D3940.contig569	391	19	7
D3940.contig570	391	14	8
D3940.contig571	390	13	5
D3940.contig572	390	12	8
D3940.contig573	388	15	9
D3940.contig574	387	23	1
D3940.contig575	387	11	2
D3940.contig576	387	7	1
D3940.contig577	386	79	7
D3940.contig578	385	39	1
D3940.contig579	385	8	0
D3940.contig580	384	7	1
D3940.contig581	383	31	7
D3940.contig582	383	21	3
D3940.contig583	383	38	4
D3940.contig584	382	13	5
D3940.contig585	382	19	2
D3940.contig586	382	112	10
D3940.contig587	381	13	5
D3940.contig588	381	13	7
D3940.contig589	381	7	3
D3940.contig590	380	9	9
D3940.contig591	380	14	5
D3940.contig592	380	17	5
D3940.contig593	380	18	10
D3940.contig594	379	11	5
D3940.contig595	379	8	4
D3940.contig596	379	18	12
D3940.contig597	379	6	4
D3940.contig598	379	19	5
D3940.contig599	378	27	5
D3940.contig600	377	11	6
D3940.contig601	377	16	8
D3940.contig602	377	9	5
D3940.contig603	377	13	5
D3940.contig604	375	11	5
D3940.contig605	375	20	10
D3940.contig606	375	13	3
D3940.contig607	375	10	7
D3940.contig608	374	6	2
D3940.contig609	374	10	6
D3940.contig610	374	12	5
D3940.contig611	373	13	5
D3940.contig612	373	10	6
D3940.contig613	373	5	1
D3940.contig614	372	5	5
D3940.contig615	372	14	6
D3940.contig616	371	7	1
D3940.contig617	371	8	3
D3940.contig618	371	40	16
D3940.contig619	370	15	1
D3940.contig620	370	16	10
D3940.contig621	370	9	1
D3940.contig622	369	16	2
D3940.contig623	368	20	1
D3940.contig624	368	23	6
D3940.contig625	368	20	2
D3940.contig626	367	3	1
D3940.contig627	366	13	9
D3940.contig628	366	13	3
D3940.contig629	366	19	9
D3940.contig630	365	10	4
D3940.contig631	365	303	11
D3940.contig632	365	9	5
D3940.contig633	364	28	2
D3940.contig634	364	12	6
D3940.contig635	364	9	1
D3940.contig636	363	2	0
D3940.contig637	363	12	5
D3940.contig638	362	28	5
D3940.contig639	362	10	6
D3940.contig640	361	12	8
D3940.contig641	361	334	16
D3940.contig642	360	11	2
D3940.contig643	360	16	2
D3940.contig644	359	8	2
D3940.contig645	359	8	4
D3940.contig646	359	8	5
D3940.contig647	359	33	3
D3940.contig648	358	9	1
D3940.contig649	358	16	6
D3940.contig650	357	14	5
D3940.contig651	357	6	6
D3940.contig652	357	8	2
D3940.contig653	356	9	5
D3940.contig654	356	1	1
D3940.contig655	356	68	2
D3940.contig656	356	10	5
D3940.contig657	355	1684	82
D3940.contig658	355	10	10
D3940.contig659	354	9	3
D3940.contig660	354	2	0
D3940.contig661	354	8	6
D3940.contig662	353	9	7
D3940.contig663	353	9	5
D3940.contig664	353	9	7
D3940.contig665	352	4	2
D3940.contig666	352	28	0
D3940.contig667	352	568	6
D3940.contig668	351	8	4
D3940.contig669	351	8	6
D3940.contig670	351	19	3
D3940.contig671	351	11	1
D3940.contig672	351	18	5
D3940.contig673	351	124	2
D3940.contig674	350	2	0
D3940.contig675	350	131	1
D3940.contig676	350	24	2
D3940.contig677	349	4	0
D3940.contig678	349	19	1
D3940.contig679	349	11	7
D3940.contig680	349	6	2
D3940.contig681	348	20	2
D3940.contig682	348	11	4
D3940.contig683	347	8	4
D3940.contig684	346	2	0
D3940.contig685	346	6	2
D3940.contig686	346	9	3
D3940.contig687	345	9	7
D3940.contig688	345	30	2
D3940.contig689	344	21	8
D3940.contig690	344	18	2
D3940.contig691	344	10	4
D3940.contig692	344	17	3
D3940.contig693	344	10	4
D3940.contig694	343	10	0
D3940.contig695	343	24	0
D3940.contig696	342	41	3
D3940.contig697	342	19	0
D3940.contig698	342	7	5
D3940.contig699	342	8	4
D3940.contig700	341	11	7
D3940.contig701	341	8	6
D3940.contig702	341	6	3
D3940.contig703	341	16	4
D3940.contig704	341	42	0
D3940.contig705	341	30	0
D3940.contig706	340	26	4
D3940.contig707	340	4	4
D3940.contig708	340	11	3
D3940.contig709	340	6	0
D3940.contig710	339	6	6
D3940.contig711	339	5	1
D3940.contig712	339	11	4
D3940.contig713	339	29	1
D3940.contig714	339	9	1
D3940.contig715	339	9	4
D3940.contig716	339	11	1
D3940.contig717	338	8	3
D3940.contig718	338	12	4
D3940.contig719	338	2	0
D3940.contig720	338	13	11
D3940.contig721	338	12	6
D3940.contig722	338	40	0
D3940.contig723	337	8	8
D3940.contig724	337	24	2
D3940.contig725	336	18	3
D3940.contig726	336	6	6
D3940.contig727	335	30	4
D3940.contig728	335	5	3
D3940.contig729	334	17	1
D3940.contig730	334	16	3
D3940.contig731	334	7	6
D3940.contig732	334	16	2
D3940.contig733	333	6	0
D3940.contig734	333	6	6
D3940.contig735	333	14	7
D3940.contig736	333	6	6
D3940.contig737	333	83	1
D3940.contig738	333	17	3
D3940.contig739	333	9	2
D3940.contig740	333	10	2
D3940.contig741	333	28	4
D3940.contig742	332	2	0
D3940.contig743	332	13	1
D3940.contig744	332	29	0
D3940.contig745	332	12	8
D3940.contig746	332	5	3
D3940.contig747	331	9	5
D3940.contig748	330	23	9
D3940.contig749	330	8	6
D3940.contig750	330	9	0
D3940.contig751	330	8	0
D3940.contig752	329	9	5
D3940.contig753	328	44	2
D3940.contig754	328	13	9
D3940.contig755	327	15	1
D3940.contig756	326	15	6
D3940.contig757	326	10	8
D3940.contig758	326	11	5
D3940.contig759	326	6	3
D3940.contig760	326	11	3
D3940.contig761	326	9	5
D3940.contig762	325	65	1
D3940.contig763	324	12	4
D3940.contig764	324	5	2
D3940.contig765	324	10	3
D3940.contig766	324	112	4
D3940.contig767	323	13	1
D3940.contig768	323	64	3
D3940.contig769	322	13	7
D3940.contig770	322	6	6
D3940.contig771	321	10	4
D3940.contig772	321	18	8
D3940.contig773	321	26	2
D3940.contig774	321	20	0
D3940.contig775	321	82	2
D3940.contig776	320	22	5
D3940.contig777	320	13	6
D3940.contig778	320	14	0
D3940.contig779	320	9	5
D3940.contig780	319	4	0
D3940.contig781	319	17	1
D3940.contig782	318	9	1
D3940.contig783	318	15	3
D3940.contig784	318	14	5
D3940.contig785	317	9	5
D3940.contig786	317	13	7
D3940.contig787	317	31	7
D3940.contig788	317	11	1
D3940.contig789	317	7	5
D3940.contig790	317	10	0
D3940.contig791	316	10	5
D3940.contig792	316	22	2
D3940.contig793	316	12	0
D3940.contig794	316	11	7
D3940.contig795	316	14	6
D3940.contig796	316	8	6
D3940.contig797	315	0	0
D3940.contig798	315	54	0
D3940.contig799	315	15	8
D3940.contig800	315	12	4
D3940.contig801	315	18	4
D3940.contig802	315	7	1
D3940.contig803	315	10	4
D3940.contig804	314	10	4
D3940.contig805	314	13	5
D3940.contig806	314	29	3
D3940.contig807	314	10	6
D3940.contig808	314	8	0
D3940.contig809	313	10	6
D3940.contig810	313	18	5
D3940.contig811	313	8	1
D3940.contig812	313	11	7
D3940.contig813	313	10	0
D3940.contig814	312	8	7
D3940.contig815	312	65	3
D3940.contig816	312	5	1
D3940.contig817	311	10	6
D3940.contig818	311	4	2
D3940.contig819	311	7	3
D3940.contig820	310	7	5
D3940.contig821	310	6	6
D3940.contig822	309	15	6
D3940.contig823	309	8	8
D3940.contig824	309	18	5
D3940.contig825	309	8	4
D3940.contig826	308	22	4
D3940.contig827	308	16	9
D3940.contig828	308	9	2
D3940.contig829	307	9	6
D3940.contig830	307	14	4
D3940.contig831	307	10	0
D3940.contig832	307	7	3
D3940.contig833	307	6	4
D3940.contig834	307	9	4
D3940.contig835	307	16	4
D3940.contig836	306	7	3
D3940.contig837	306	6	4
D3940.contig838	306	0	0
D3940.contig839	305	15	5
D3940.contig840	305	9	5
D3940.contig841	305	22	2
D3940.contig842	305	6	0
D3940.contig843	304	4	2
D3940.contig844	304	14	7
D3940.contig845	303	9	4
D3940.contig846	303	6	4
D3940.contig847	303	15	5
D3940.contig848	303	8	5
D3940.contig849	303	19	5
D3940.contig850	302	42	2
D3940.contig851	302	13	2
D3940.contig852	302	13	4
D3940.contig853	302	10	4
D3940.contig854	302	6	5
D3940.contig855	302	13	6
D3940.contig856	301	14	0
D3940.contig857	301	11	7
D3940.contig858	301	12	10
D3940.contig859	301	15	1
D3940.contig860	301	6	0
D3940.contig861	301	10	4
D3940.contig862	300	4	0
D3940.contig863	300	9	7
D3940.contig864	300	7	5
D3940.contig865	300	14	4
*	0	0	62786
