DB1.contig1	24191	159394	28360
DB1.contig2	17296	65399	6243
DB1.contig3	15908	73235	9291
DB1.contig4	15321	56852	7720
DB1.contig5	15009	6640	215
DB1.contig6	13950	21270	3286
DB1.contig7	12608	82177	10852
DB1.contig8	12317	39023	7103
DB1.contig9	11571	33329	5064
DB1.contig10	11441	52454	8026
DB1.contig11	11310	23107	3306
DB1.contig12	10902	42938	5848
DB1.contig13	9634	12713	192
DB1.contig14	9587	39616	5755
DB1.contig15	9542	16839	2361
DB1.contig16	8559	19810	3300
DB1.contig17	8371	39095	7674
DB1.contig18	7851	83611	16229
DB1.contig19	7385	18873	3254
DB1.contig20	7343	9262	1562
DB1.contig21	7273	5685	823
DB1.contig22	7175	40905	6857
DB1.contig23	6938	1665	22
DB1.contig24	6926	6913	882
DB1.contig25	6902	16811	2813
DB1.contig26	6822	39907	6892
DB1.contig27	6672	6034	542
DB1.contig28	6670	37233	5828
DB1.contig29	6628	3622	337
DB1.contig30	6563	12106	1329
DB1.contig31	6480	17301	2353
DB1.contig32	6300	6461	1127
DB1.contig33	6155	26187	4992
DB1.contig34	6017	8304	1220
DB1.contig35	5957	70387	10241
DB1.contig36	5838	21987	3834
DB1.contig37	5710	19238	3274
DB1.contig38	5690	46222	7989
DB1.contig39	5642	19458	2780
DB1.contig40	5568	3770	589
DB1.contig41	5448	15477	2582
DB1.contig42	5346	311870	158386
DB1.contig43	5266	11297	1847
DB1.contig44	5252	1577	148
DB1.contig45	5232	78882	14700
DB1.contig46	5108	9901	1758
DB1.contig47	5101	446	25
DB1.contig48	5074	44461	8359
DB1.contig49	5038	19113772	2495798
DB1.contig50	4974	14177	3005
DB1.contig51	4968	83411	13036
DB1.contig52	4880	13778	2464
DB1.contig53	4809	22435	3218
DB1.contig54	4774	4784	675
DB1.contig55	4659	27152	4050
DB1.contig56	4647	29432	5091
DB1.contig57	4645	1986	216
DB1.contig58	4579	11203	1450
DB1.contig59	4508	13689	1826
DB1.contig60	4483	11251	1432
DB1.contig61	4440	17410	2882
DB1.contig62	4400	22523	3951
DB1.contig63	4328	1791	314
DB1.contig64	4131	9242	1919
DB1.contig65	4040	24889	3264
DB1.contig66	3924	6948	1246
DB1.contig67	3705	13512	2279
DB1.contig68	3692	16500	2568
DB1.contig69	3690	6524	1008
DB1.contig70	3608	11237	1460
DB1.contig71	3483	35431	6303
DB1.contig72	3419	6538	327
DB1.contig73	3367	5223	959
DB1.contig74	3302	26541	4241
DB1.contig75	3265	35428	5738
DB1.contig76	3257	6602	1213
DB1.contig77	3250	6075	1218
DB1.contig78	3178	10069	1879
DB1.contig79	3126	7946	1359
DB1.contig80	3119	9834	2081
DB1.contig81	2946	3478	678
DB1.contig82	2940	1898	280
DB1.contig83	2887	2010	365
DB1.contig84	2844	6106	1183
DB1.contig85	2808	3677	600
DB1.contig86	2780	13174	2313
DB1.contig87	2687	6727	968
DB1.contig88	2660	4414	589
DB1.contig89	2648	3144	532
DB1.contig90	2601	2181	152
DB1.contig91	2571	3281	459
DB1.contig92	2570	24082	4105
DB1.contig93	2539	11895	2040
DB1.contig94	2513	23710	3319
DB1.contig95	2482	4103	822
DB1.contig96	2420	8830	1538
DB1.contig97	2407	4797	899
DB1.contig98	2397	2026	291
DB1.contig99	2390	1151	178
DB1.contig100	2386	5487	835
DB1.contig101	2373	3352	590
DB1.contig102	2328	3743	792
DB1.contig103	2279	12509	2543
DB1.contig104	2245	10448	2191
DB1.contig105	2215	8129	1649
DB1.contig106	2202	45030	2575
DB1.contig107	2195	7572	934
DB1.contig108	2163	4521	791
DB1.contig109	2151	467	59
DB1.contig110	2141	4006	611
DB1.contig111	2133	8290	1860
DB1.contig112	2126	1299	215
DB1.contig113	2121	524	100
DB1.contig114	2069	4111	554
DB1.contig115	2051	4280	848
DB1.contig116	2045	3763	538
DB1.contig117	2023	2447	248
DB1.contig118	2006	3036	463
DB1.contig119	1993	815	154
DB1.contig120	1957	8296	1213
DB1.contig121	1949	1243	121
DB1.contig122	1933	1049	240
DB1.contig123	1928	1557	263
DB1.contig124	1915	2316	382
DB1.contig125	1906	1652	282
DB1.contig126	1901	9781	1757
DB1.contig127	1890	2326	413
DB1.contig128	1867	4029	650
DB1.contig129	1860	8070	1335
DB1.contig130	1852	1840	408
DB1.contig131	1851	3656	748
DB1.contig132	1850	6746	1005
DB1.contig133	1845	8196	1376
DB1.contig134	1836	14267	2047
DB1.contig135	1830	2937	659
DB1.contig136	1791	1145	189
DB1.contig137	1781	695	114
DB1.contig138	1781	112	9
DB1.contig139	1777	11429	2423
DB1.contig140	1773	1623	256
DB1.contig141	1760	6122	887
DB1.contig142	1759	4030	753
DB1.contig143	1755	8358	1646
DB1.contig144	1750	8136	1171
DB1.contig145	1744	4734	671
DB1.contig146	1742	1608	156
DB1.contig147	1727	3617	515
DB1.contig148	1720	6376	855
DB1.contig149	1713	5389	815
DB1.contig150	1699	3196	470
DB1.contig151	1695	2586	364
DB1.contig152	1688	6792	1177
DB1.contig153	1673	706	80
DB1.contig154	1670	3831	643
DB1.contig155	1657	1571	318
DB1.contig156	1643	3649	717
DB1.contig157	1640	4914	954
DB1.contig158	1639	2734	402
DB1.contig159	1639	1873	439
DB1.contig160	1638	1693	203
DB1.contig161	1632	2218	278
DB1.contig162	1625	3791	644
DB1.contig163	1621	686	113
DB1.contig164	1620	1295	248
DB1.contig165	1618	2696	597
DB1.contig166	1613	910	32
DB1.contig167	1602	2287	569
DB1.contig168	1596	119244	10100
DB1.contig169	1595	4655	619
DB1.contig170	1594	1641	241
DB1.contig171	1594	2773	686
DB1.contig172	1563	1267	302
DB1.contig173	1548	3473	543
DB1.contig174	1540	2363	455
DB1.contig175	1534	6650	970
DB1.contig176	1518	3054	701
DB1.contig177	1511	4335	583
DB1.contig178	1498	3301	654
DB1.contig179	1486	2922	550
DB1.contig180	1479	1832	73
DB1.contig181	1469	8531	960
DB1.contig182	1468	1132	202
DB1.contig183	1459	1113	199
DB1.contig184	1458	1033	231
DB1.contig185	1446	4285	807
DB1.contig186	1445	1733	293
DB1.contig187	1445	7410	1546
DB1.contig188	1440	2786	518
DB1.contig189	1440	1358	218
DB1.contig190	1429	1960	453
DB1.contig191	1427	1166	205
DB1.contig192	1404	5543	989
DB1.contig193	1396	3774	565
DB1.contig194	1396	5780	1240
DB1.contig195	1394	4833	765
DB1.contig196	1389	2382	286
DB1.contig197	1383	1768	421
DB1.contig198	1377	707	107
DB1.contig199	1370	3170	712
DB1.contig200	1366	1398	64
DB1.contig201	1361	8056	1492
DB1.contig202	1358	386	78
DB1.contig203	1355	529	67
DB1.contig204	1342	4229	1033
DB1.contig205	1338	4552	625
DB1.contig206	1336	1431	177
DB1.contig207	1334	1865	351
DB1.contig208	1332	2219	406
DB1.contig209	1328	3074	554
DB1.contig210	1327	3066	536
DB1.contig211	1325	329	29
DB1.contig212	1322	779	110
DB1.contig213	1321	1242	230
DB1.contig214	1321	104112	9611
DB1.contig215	1318	2828	645
DB1.contig216	1314	3689	688
DB1.contig217	1314	652	128
DB1.contig218	1307	918	241
DB1.contig219	1301	1709	396
DB1.contig220	1284	3697	795
DB1.contig221	1267	3688	733
DB1.contig222	1265	3623	729
DB1.contig223	1248	1186	235
DB1.contig224	1243	7308	926
DB1.contig225	1239	899	147
DB1.contig226	1238	4944	965
DB1.contig227	1221	361	46
DB1.contig228	1207	3996	533
DB1.contig229	1207	389	67
DB1.contig230	1197	2683	452
DB1.contig231	1182	1929	431
DB1.contig232	1177	2608	542
DB1.contig233	1172	820	127
DB1.contig234	1172	3272	603
DB1.contig235	1166	860	172
DB1.contig236	1160	2185	423
DB1.contig237	1152	5628	910
DB1.contig238	1148	2308	363
DB1.contig239	1145	2234	218
DB1.contig240	1145	2363	319
DB1.contig241	1144	1407	376
DB1.contig242	1143	649	151
DB1.contig243	1142	1344	315
DB1.contig244	1137	901	98
DB1.contig245	1131	2470	451
DB1.contig246	1130	1282	325
DB1.contig247	1121	6165	805
DB1.contig248	1110	1364	243
DB1.contig249	1109	3047	389
DB1.contig250	1109	392	58
DB1.contig251	1106	2319	550
DB1.contig252	1103	855	174
DB1.contig253	1098	1682	322
DB1.contig254	1098	371	75
DB1.contig255	1096	731	89
DB1.contig256	1094	1092	187
DB1.contig257	1088	4420	819
DB1.contig258	1082	4021	775
DB1.contig259	1075	1338	287
DB1.contig260	1065	2380	497
DB1.contig261	1062	3547	536
DB1.contig262	1062	1082	168
DB1.contig263	1060	2451	271
DB1.contig264	1058	956	163
DB1.contig265	1054	29948	5295
DB1.contig266	1054	1725	424
DB1.contig267	1052	1235	230
DB1.contig268	1043	428	57
DB1.contig269	1036	566	144
DB1.contig270	1036	3684	555
DB1.contig271	1036	3786	857
DB1.contig272	1034	3825	641
DB1.contig273	1033	6266	633
DB1.contig274	1025	3214	693
DB1.contig275	1025	340	34
DB1.contig276	1022	477	96
DB1.contig277	1013	804	165
DB1.contig278	1012	577	107
DB1.contig279	1009	2163	268
DB1.contig280	1009	3827	1329
DB1.contig281	1008	2426	541
DB1.contig282	1004	4684	614
DB1.contig283	999	866	130
DB1.contig284	996	2757	379
DB1.contig285	986	355	56
DB1.contig286	984	26550	2893
DB1.contig287	984	2674	452
DB1.contig288	982	748	108
DB1.contig289	981	1910	269
DB1.contig290	980	345	55
DB1.contig291	980	1189	273
DB1.contig292	975	535	102
DB1.contig293	962	662	112
DB1.contig294	962	4347	1053
DB1.contig295	952	601	130
DB1.contig296	949	3274	491
DB1.contig297	947	1310	204
DB1.contig298	946	306280	75902
DB1.contig299	942	1258	336
DB1.contig300	940	1853	228
DB1.contig301	937	730	180
DB1.contig302	935	1426	325
DB1.contig303	925	1346	177
DB1.contig304	925	1394	303
DB1.contig305	922	1224	273
DB1.contig306	921	2475	628
DB1.contig307	913	2014	289
DB1.contig308	913	227	47
DB1.contig309	911	208	42
DB1.contig310	911	1289	299
DB1.contig311	909	722	142
DB1.contig312	908	670	206
DB1.contig313	902	5388	1446
DB1.contig314	901	2387	465
DB1.contig315	900	1842	475
DB1.contig316	898	1303	205
DB1.contig317	897	622	128
DB1.contig318	896	275	39
DB1.contig319	894	1544	279
DB1.contig320	893	537	99
DB1.contig321	886	616	168
DB1.contig322	885	341	61
DB1.contig323	882	313	55
DB1.contig324	880	845	167
DB1.contig325	878	2568	481
DB1.contig326	877	2416	397
DB1.contig327	877	1707	262
DB1.contig328	877	183	35
DB1.contig329	876	724	166
DB1.contig330	876	705	197
DB1.contig331	874	1857	248
DB1.contig332	867	730	133
DB1.contig333	862	1184	271
DB1.contig334	855	1294	331
DB1.contig335	855	747	174
DB1.contig336	850	1705	375
DB1.contig337	849	662	136
DB1.contig338	849	766	121
DB1.contig339	849	1079	295
DB1.contig340	848	893	279
DB1.contig341	848	629	165
DB1.contig342	848	1234	209
DB1.contig343	846	2469	501
DB1.contig344	845	775	80
DB1.contig345	843	743	75
DB1.contig346	838	2321	286
DB1.contig347	835	212401	68843
DB1.contig348	833	657	141
DB1.contig349	831	2751	589
DB1.contig350	829	28041	1784
DB1.contig351	827	248	41
DB1.contig352	823	2306	384
DB1.contig353	816	449	137
DB1.contig354	815	2138	343
DB1.contig355	814	7117	1156
DB1.contig356	814	2223	413
DB1.contig357	809	246	30
DB1.contig358	807	364	59
DB1.contig359	806	376	54
DB1.contig360	804	1674	267
DB1.contig361	804	1208	327
DB1.contig362	803	390	48
DB1.contig363	799	1147	212
DB1.contig364	799	403	62
DB1.contig365	797	768	121
DB1.contig366	795	1186	240
DB1.contig367	794	5088	537
DB1.contig368	794	1379	275
DB1.contig369	789	1382	232
DB1.contig370	787	4362	855
DB1.contig371	783	1221	172
DB1.contig372	783	211	47
DB1.contig373	783	2723	558
DB1.contig374	780	237	53
DB1.contig375	779	1550	249
DB1.contig376	778	1639	285
DB1.contig377	777	586	113
DB1.contig378	776	598	182
DB1.contig379	768	73	10
DB1.contig380	765	934	174
DB1.contig381	763	676	151
DB1.contig382	762	511	84
DB1.contig383	762	184	45
DB1.contig384	760	528	114
DB1.contig385	760	812	155
DB1.contig386	759	66	16
DB1.contig387	759	486	107
DB1.contig388	754	120	8
DB1.contig389	753	1043	186
DB1.contig390	753	1483	311
DB1.contig391	750	1501	189
DB1.contig392	747	360	73
DB1.contig393	745	2177	472
DB1.contig394	740	392	66
DB1.contig395	740	396	76
DB1.contig396	738	412	94
DB1.contig397	734	347	80
DB1.contig398	734	303	65
DB1.contig399	728	588	121
DB1.contig400	726	469	67
DB1.contig401	724	55	15
DB1.contig402	724	2099	434
DB1.contig403	724	303	41
DB1.contig404	723	583	165
DB1.contig405	723	359	85
DB1.contig406	722	454	100
DB1.contig407	721	556	114
DB1.contig408	717	205	41
DB1.contig409	716	1010	235
DB1.contig410	715	230	59
DB1.contig411	715	454	82
DB1.contig412	713	23591	1450
DB1.contig413	713	2795	523
DB1.contig414	712	486	123
DB1.contig415	712	734	147
DB1.contig416	711	921	142
DB1.contig417	710	396	73
DB1.contig418	708	757	259
DB1.contig419	706	333	36
DB1.contig420	706	2407	591
DB1.contig421	704	792	268
DB1.contig422	704	228	59
DB1.contig423	702	1041	185
DB1.contig424	702	230	44
DB1.contig425	702	187	21
DB1.contig426	701	130	32
DB1.contig427	700	369	91
DB1.contig428	699	477	89
DB1.contig429	697	682	115
DB1.contig430	696	370	77
DB1.contig431	692	304	58
DB1.contig432	691	832	46
DB1.contig433	690	453	109
DB1.contig434	688	1131	243
DB1.contig435	688	339	117
DB1.contig436	687	477	93
DB1.contig437	687	1055	256
DB1.contig438	686	357	103
DB1.contig439	685	483	84
DB1.contig440	685	708	162
DB1.contig441	683	1550	309
DB1.contig442	683	1102	338
DB1.contig443	682	2875	645
DB1.contig444	681	1257	161
DB1.contig445	680	800	97
DB1.contig446	679	1059	195
DB1.contig447	678	278	52
DB1.contig448	673	330	70
DB1.contig449	672	3461	823
DB1.contig450	672	165	49
DB1.contig451	672	1339	238
DB1.contig452	669	1468	242
DB1.contig453	668	495	118
DB1.contig454	668	809	140
DB1.contig455	667	325	63
DB1.contig456	666	500	85
DB1.contig457	666	1847	376
DB1.contig458	664	297	98
DB1.contig459	664	1049	146
DB1.contig460	661	552	134
DB1.contig461	661	1776	515
DB1.contig462	660	261	50
DB1.contig463	658	505	78
DB1.contig464	657	2665	538
DB1.contig465	656	500	106
DB1.contig466	655	640	167
DB1.contig467	653	1613	367
DB1.contig468	650	294	63
DB1.contig469	649	998	199
DB1.contig470	648	674	134
DB1.contig471	647	1468	236
DB1.contig472	647	150	23
DB1.contig473	647	368	40
DB1.contig474	647	201	60
DB1.contig475	646	683	82
DB1.contig476	645	383	53
DB1.contig477	641	783	125
DB1.contig478	638	1551	217
DB1.contig479	638	2536	628
DB1.contig480	637	329	59
DB1.contig481	636	743	136
DB1.contig482	634	1156	172
DB1.contig483	633	1791	442
DB1.contig484	633	1481	255
DB1.contig485	633	1585	440
DB1.contig486	631	1463	257
DB1.contig487	629	593	85
DB1.contig488	629	182	24
DB1.contig489	629	752	180
DB1.contig490	629	1094	152
DB1.contig491	625	458	94
DB1.contig492	624	831	134
DB1.contig493	623	405	67
DB1.contig494	623	197	50
DB1.contig495	623	284	42
DB1.contig496	623	757	121
DB1.contig497	622	1707	327
DB1.contig498	622	607	63
DB1.contig499	622	711	146
DB1.contig500	622	243	38
DB1.contig501	621	2094	255
DB1.contig502	620	694	111
DB1.contig503	620	821	198
DB1.contig504	619	232	44
DB1.contig505	619	2467	566
DB1.contig506	619	1128	175
DB1.contig507	618	2046	463
DB1.contig508	618	42	3
DB1.contig509	616	1241	249
DB1.contig510	616	632	93
DB1.contig511	615	450	98
DB1.contig512	614	630	159
DB1.contig513	612	555	57
DB1.contig514	611	1447	394
DB1.contig515	611	205	40
DB1.contig516	610	449	99
DB1.contig517	610	355	89
DB1.contig518	610	718	250
DB1.contig519	609	398	89
DB1.contig520	608	265	31
DB1.contig521	608	547	166
DB1.contig522	608	1996	430
DB1.contig523	608	259	74
DB1.contig524	607	776	155
DB1.contig525	606	310	73
DB1.contig526	604	598	107
DB1.contig527	604	104	17
DB1.contig528	603	1879	350
DB1.contig529	602	232	72
DB1.contig530	601	2404	504
DB1.contig531	601	422	113
DB1.contig532	601	145	32
DB1.contig533	591	284	73
DB1.contig534	590	1312	419
DB1.contig535	588	1697	260
DB1.contig536	585	325	62
DB1.contig537	585	483	83
DB1.contig538	585	588	149
DB1.contig539	584	416	56
DB1.contig540	583	465	112
DB1.contig541	583	182	51
DB1.contig542	582	1041	174
DB1.contig543	581	311	65
DB1.contig544	581	632	125
DB1.contig545	580	306	100
DB1.contig546	579	1177	322
DB1.contig547	579	338	72
DB1.contig548	577	628	163
DB1.contig549	577	1018	270
DB1.contig550	576	777	167
DB1.contig551	576	615	103
DB1.contig552	575	1470	241
DB1.contig553	575	410	61
DB1.contig554	574	732	169
DB1.contig555	573	609	166
DB1.contig556	572	1902	280
DB1.contig557	571	452	137
DB1.contig558	570	1380	252
DB1.contig559	567	1103	302
DB1.contig560	567	538	42
DB1.contig561	566	323	97
DB1.contig562	565	308	62
DB1.contig563	564	925	235
DB1.contig564	564	617	130
DB1.contig565	558	1177	219
DB1.contig566	557	1036	278
DB1.contig567	555	678	126
DB1.contig568	555	996	148
DB1.contig569	554	924	175
DB1.contig570	554	720	136
DB1.contig571	553	586	148
DB1.contig572	550	244	71
DB1.contig573	549	249	70
DB1.contig574	548	1594	350
DB1.contig575	548	165	49
DB1.contig576	546	3144	271
DB1.contig577	544	1747	381
DB1.contig578	544	334	70
DB1.contig579	543	352	63
DB1.contig580	541	2082	575
DB1.contig581	540	1114	362
DB1.contig582	539	49	11
DB1.contig583	538	121	17
DB1.contig584	535	844	199
DB1.contig585	535	483	133
DB1.contig586	533	226	62
DB1.contig587	533	1460	190
DB1.contig588	533	169	47
DB1.contig589	531	107	21
DB1.contig590	531	1032	310
DB1.contig591	530	306	66
DB1.contig592	530	1856	228
DB1.contig593	529	173	28
DB1.contig594	527	114	20
DB1.contig595	526	713	189
DB1.contig596	525	759	327
DB1.contig597	525	276	33
DB1.contig598	523	2354	379
DB1.contig599	522	885	179
DB1.contig600	520	270	57
DB1.contig601	519	2061	360
DB1.contig602	519	1600	372
DB1.contig603	519	947	264
DB1.contig604	518	416	87
DB1.contig605	517	438	84
DB1.contig606	517	13854	1399
DB1.contig607	516	123	26
DB1.contig608	516	1009	326
DB1.contig609	516	119	26
DB1.contig610	515	945	184
DB1.contig611	514	677	165
DB1.contig612	514	247	49
DB1.contig613	514	1023	132
DB1.contig614	514	1087	300
DB1.contig615	513	1261	245
DB1.contig616	512	966	245
DB1.contig617	512	573	308
DB1.contig618	512	554	92
DB1.contig619	511	374	58
DB1.contig620	510	126	20
DB1.contig621	510	149	20
DB1.contig622	509	1634	218
DB1.contig623	509	320	80
DB1.contig624	509	515	123
DB1.contig625	508	2511	746
DB1.contig626	508	463	113
DB1.contig627	507	219	69
DB1.contig628	506	1715	403
DB1.contig629	506	418	81
DB1.contig630	506	3207	596
DB1.contig631	503	131	37
DB1.contig632	502	564	112
DB1.contig633	500	117	18
DB1.contig634	500	488	85
DB1.contig635	499	666	137
DB1.contig636	498	448	159
DB1.contig637	498	384	122
DB1.contig638	498	1000	165
DB1.contig639	498	822	248
DB1.contig640	497	169	52
DB1.contig641	495	529	66
DB1.contig642	493	1772	295
DB1.contig643	493	814	214
DB1.contig644	493	419	137
DB1.contig645	492	175	42
DB1.contig646	492	2226	498
DB1.contig647	491	666	202
DB1.contig648	491	765	184
DB1.contig649	489	169	32
DB1.contig650	488	419	95
DB1.contig651	487	1097	203
DB1.contig652	486	398	109
DB1.contig653	486	719	182
DB1.contig654	486	152	31
DB1.contig655	485	293	67
DB1.contig656	484	256	45
DB1.contig657	483	574	100
DB1.contig658	482	293	84
DB1.contig659	481	165	42
DB1.contig660	481	984	210
DB1.contig661	480	52	11
DB1.contig662	477	338	120
DB1.contig663	476	101	18
DB1.contig664	476	279	39
DB1.contig665	476	2786	724
DB1.contig666	476	161	38
DB1.contig667	475	743	154
DB1.contig668	474	831	165
DB1.contig669	473	238	40
DB1.contig670	473	439	87
DB1.contig671	473	331	123
DB1.contig672	473	350	75
DB1.contig673	472	377	114
DB1.contig674	472	300	88
DB1.contig675	469	241	43
DB1.contig676	469	859	147
DB1.contig677	467	348	77
DB1.contig678	466	240	59
DB1.contig679	466	276	89
DB1.contig680	465	255	54
DB1.contig681	465	1213	283
DB1.contig682	465	479	113
DB1.contig683	464	950	173
DB1.contig684	464	324	45
DB1.contig685	463	155	17
DB1.contig686	462	316	49
DB1.contig687	461	137	31
DB1.contig688	461	1992	321
DB1.contig689	461	183	61
DB1.contig690	460	444	82
DB1.contig691	458	142	41
DB1.contig692	457	328	129
DB1.contig693	457	1243	242
DB1.contig694	456	313	83
DB1.contig695	455	206	23
DB1.contig696	454	548	122
DB1.contig697	454	1160	335
DB1.contig698	453	326	61
DB1.contig699	453	217	32
DB1.contig700	453	175	43
DB1.contig701	453	1458	362
DB1.contig702	452	15	1
DB1.contig703	452	415	86
DB1.contig704	451	1330	302
DB1.contig705	449	891	261
DB1.contig706	448	351	81
DB1.contig707	448	212	63
DB1.contig708	447	422	91
DB1.contig709	447	469	129
DB1.contig710	446	499	115
DB1.contig711	445	751	101
DB1.contig712	445	1137	225
DB1.contig713	445	155	51
DB1.contig714	444	21	19
DB1.contig715	443	144	35
DB1.contig716	443	151	33
DB1.contig717	443	193	44
DB1.contig718	442	508	133
DB1.contig719	442	306	67
DB1.contig720	441	1070	186
DB1.contig721	441	199	48
DB1.contig722	441	342	80
DB1.contig723	441	716	206
DB1.contig724	440	917	336
DB1.contig725	440	867	206
DB1.contig726	439	260	68
DB1.contig727	438	547	254
DB1.contig728	438	595	129
DB1.contig729	437	416	86
DB1.contig730	436	1043	225
DB1.contig731	436	517	186
DB1.contig732	436	1174	210
DB1.contig733	435	213	39
DB1.contig734	434	175	63
DB1.contig735	433	559	99
DB1.contig736	432	226	36
DB1.contig737	432	183	46
DB1.contig738	431	350	73
DB1.contig739	431	1268	130
DB1.contig740	430	275	60
DB1.contig741	430	603	93
DB1.contig742	430	851	246
DB1.contig743	429	254	63
DB1.contig744	429	1455	340
DB1.contig745	427	580	78
DB1.contig746	427	631	159
DB1.contig747	427	229	49
DB1.contig748	427	801	171
DB1.contig749	426	118	55
DB1.contig750	426	1922	325
DB1.contig751	426	1001	330
DB1.contig752	426	427	116
DB1.contig753	425	267	42
DB1.contig754	425	190	33
DB1.contig755	425	127	30
DB1.contig756	425	185	61
DB1.contig757	424	652	189
DB1.contig758	424	174	26
DB1.contig759	424	112	22
DB1.contig760	424	156	60
DB1.contig761	423	379	85
DB1.contig762	423	240	61
DB1.contig763	421	550	243
DB1.contig764	421	337	91
DB1.contig765	421	270	84
DB1.contig766	420	202	24
DB1.contig767	420	601	194
DB1.contig768	419	217	78
DB1.contig769	418	111	14
DB1.contig770	418	606	235
DB1.contig771	418	563	96
DB1.contig772	418	182	46
DB1.contig773	417	2222	330
DB1.contig774	417	578	258
DB1.contig775	416	1051	120
DB1.contig776	415	318	84
DB1.contig777	415	677	170
DB1.contig778	414	150	47
DB1.contig779	413	386	84
DB1.contig780	413	369	82
DB1.contig781	413	660	88
DB1.contig782	412	60	6
DB1.contig783	412	295	110
DB1.contig784	411	125	23
DB1.contig785	410	949	186
DB1.contig786	410	625	144
DB1.contig787	409	378	72
DB1.contig788	409	1238	114
DB1.contig789	408	573	150
DB1.contig790	408	262	59
DB1.contig791	407	693	189
DB1.contig792	406	1406	296
DB1.contig793	406	141	23
DB1.contig794	405	226	50
DB1.contig795	404	60	16
DB1.contig796	403	374	86
DB1.contig797	403	228	76
DB1.contig798	402	276	43
DB1.contig799	402	167	35
DB1.contig800	402	629	130
DB1.contig801	401	150	44
DB1.contig802	401	464	114
DB1.contig803	401	189	38
DB1.contig804	401	297	71
DB1.contig805	401	181	42
DB1.contig806	400	107	19
DB1.contig807	399	76	21
DB1.contig808	399	817	195
DB1.contig809	398	166	23
DB1.contig810	398	241	84
DB1.contig811	397	371	113
DB1.contig812	397	80	18
DB1.contig813	396	491	119
DB1.contig814	396	786	188
DB1.contig815	396	96	24
DB1.contig816	395	169	56
DB1.contig817	395	167	68
DB1.contig818	395	332	68
DB1.contig819	395	37	12
DB1.contig820	394	203	51
DB1.contig821	394	1277	245
DB1.contig822	394	212	26
DB1.contig823	394	697	198
DB1.contig824	394	582	77
DB1.contig825	393	245	29
DB1.contig826	392	10	4
DB1.contig827	391	1356	265
DB1.contig828	391	219	35
DB1.contig829	390	475	164
DB1.contig830	390	138	39
DB1.contig831	390	197	35
DB1.contig832	389	1385	375
DB1.contig833	389	534	60
DB1.contig834	388	193	58
DB1.contig835	388	390	97
DB1.contig836	387	232	50
DB1.contig837	387	9	5
DB1.contig838	387	474	187
DB1.contig839	387	326	60
DB1.contig840	386	12	6
DB1.contig841	385	70	19
DB1.contig842	383	155	23
DB1.contig843	383	1228	144
DB1.contig844	383	197	31
DB1.contig845	383	306	35
DB1.contig846	383	230	61
DB1.contig847	382	1335	22
DB1.contig848	382	215	51
DB1.contig849	382	66	20
DB1.contig850	381	1931	438
DB1.contig851	380	289	80
DB1.contig852	380	824	57
DB1.contig853	379	513	104
DB1.contig854	379	163	34
DB1.contig855	378	712	242
DB1.contig856	378	763	114
DB1.contig857	378	550	150
DB1.contig858	378	236	52
DB1.contig859	377	236	55
DB1.contig860	377	228	56
DB1.contig861	377	620	129
DB1.contig862	377	1186	154
DB1.contig863	376	352	75
DB1.contig864	376	224	58
DB1.contig865	375	1389	315
DB1.contig866	375	497	97
DB1.contig867	375	199	28
DB1.contig868	374	691	172
DB1.contig869	374	169	36
DB1.contig870	373	143	34
DB1.contig871	373	440	130
DB1.contig872	373	178	32
DB1.contig873	373	807	257
DB1.contig874	373	327	82
DB1.contig875	372	192	44
DB1.contig876	372	112	27
DB1.contig877	372	151	55
DB1.contig878	371	95	31
DB1.contig879	371	1033	262
DB1.contig880	371	122	18
DB1.contig881	370	117	14
DB1.contig882	370	164	22
DB1.contig883	370	147	18
DB1.contig884	369	1153	133
DB1.contig885	369	21769	3292
DB1.contig886	369	373	123
DB1.contig887	369	133	40
DB1.contig888	369	287	67
DB1.contig889	368	864	118
DB1.contig890	367	253	48
DB1.contig891	366	337	88
DB1.contig892	366	317	75
DB1.contig893	365	399	111
DB1.contig894	365	269	85
DB1.contig895	364	293	79
DB1.contig896	363	1501	286
DB1.contig897	363	135	27
DB1.contig898	361	412	124
DB1.contig899	361	172	45
DB1.contig900	361	488	106
DB1.contig901	360	313	107
DB1.contig902	360	307	79
DB1.contig903	360	254	49
DB1.contig904	359	55	11
DB1.contig905	359	213	72
DB1.contig906	359	285	97
DB1.contig907	359	189	36
DB1.contig908	358	314	47
DB1.contig909	358	37	12
DB1.contig910	358	744	115
DB1.contig911	358	133	33
DB1.contig912	356	265	48
DB1.contig913	356	228	39
DB1.contig914	356	615	147
DB1.contig915	354	556	94
DB1.contig916	354	757	211
DB1.contig917	354	108	27
DB1.contig918	354	945	268
DB1.contig919	352	2236	452
DB1.contig920	352	121	17
DB1.contig921	352	290	81
DB1.contig922	352	564	165
DB1.contig923	352	211	83
DB1.contig924	352	453	130
DB1.contig925	351	1032	378
DB1.contig926	351	535	152
DB1.contig927	350	359	63
DB1.contig928	350	294	64
DB1.contig929	350	186	40
DB1.contig930	350	212	42
DB1.contig931	349	70	21
DB1.contig932	349	250	89
DB1.contig933	349	167	50
DB1.contig934	348	569	81
DB1.contig935	348	317	56
DB1.contig936	348	102	22
DB1.contig937	347	843	272
DB1.contig938	347	280	43
DB1.contig939	347	377	113
DB1.contig940	347	423	98
DB1.contig941	346	85	22
DB1.contig942	345	168	32
DB1.contig943	345	185	56
DB1.contig944	345	746	247
DB1.contig945	345	315	56
DB1.contig946	344	133	21
DB1.contig947	344	233	85
DB1.contig948	343	795	137
DB1.contig949	343	78	19
DB1.contig950	343	385	96
DB1.contig951	343	160	46
DB1.contig952	343	256	90
DB1.contig953	342	292	79
DB1.contig954	342	782	142
DB1.contig955	342	600	55
DB1.contig956	342	384	151
DB1.contig957	342	159	67
DB1.contig958	342	13	12
DB1.contig959	342	661	163
DB1.contig960	342	807	168
DB1.contig961	342	292	58
DB1.contig962	342	161	52
DB1.contig963	341	196	26
DB1.contig964	341	9415	5155
DB1.contig965	341	260	45
DB1.contig966	341	399	55
DB1.contig967	341	271	67
DB1.contig968	341	205	42
DB1.contig969	340	101	18
DB1.contig970	340	178	53
DB1.contig971	340	492	143
DB1.contig972	340	233	65
DB1.contig973	339	256	29
DB1.contig974	339	224	61
DB1.contig975	339	108	34
DB1.contig976	339	379	70
DB1.contig977	338	228	77
DB1.contig978	338	181	46
DB1.contig979	338	514	96
DB1.contig980	338	99	49
DB1.contig981	337	390	61
DB1.contig982	336	87	31
DB1.contig983	336	505	123
DB1.contig984	335	900	139
DB1.contig985	335	8	5
DB1.contig986	334	124	40
DB1.contig987	334	831	139
DB1.contig988	334	201	78
DB1.contig989	333	123	36
DB1.contig990	333	235	41
DB1.contig991	333	196	60
DB1.contig992	333	262	86
DB1.contig993	333	426	122
DB1.contig994	333	591	121
DB1.contig995	333	694	278
DB1.contig996	332	95	13
DB1.contig997	332	151	57
DB1.contig998	332	135	39
DB1.contig999	331	141	31
DB1.contig1000	331	264	92
DB1.contig1001	331	239	31
DB1.contig1002	330	711	96
DB1.contig1003	330	680	93
DB1.contig1004	330	313	59
DB1.contig1005	330	124	47
DB1.contig1006	330	498	111
DB1.contig1007	329	639	127
DB1.contig1008	329	199	48
DB1.contig1009	329	1040	239
DB1.contig1010	329	187	65
DB1.contig1011	329	572	93
DB1.contig1012	328	432	135
DB1.contig1013	328	611	165
DB1.contig1014	327	199	40
DB1.contig1015	327	240	60
DB1.contig1016	327	4068	668
DB1.contig1017	326	105	57
DB1.contig1018	326	310	49
DB1.contig1019	326	157	59
DB1.contig1020	326	15447	2545
DB1.contig1021	326	79	21
DB1.contig1022	326	219	47
DB1.contig1023	325	87	27
DB1.contig1024	325	793	95
DB1.contig1025	325	387	74
DB1.contig1026	324	562	88
DB1.contig1027	324	64	15
DB1.contig1028	324	92	13
DB1.contig1029	324	229	67
DB1.contig1030	324	620	149
DB1.contig1031	324	422	43
DB1.contig1032	324	112	57
DB1.contig1033	323	170	34
DB1.contig1034	323	685	140
DB1.contig1035	323	116	33
DB1.contig1036	323	143	68
DB1.contig1037	323	190	53
DB1.contig1038	323	112	18
DB1.contig1039	323	364	95
DB1.contig1040	322	342	125
DB1.contig1041	322	299	60
DB1.contig1042	321	331	48
DB1.contig1043	321	166	41
DB1.contig1044	320	224	52
DB1.contig1045	320	390	101
DB1.contig1046	320	178	26
DB1.contig1047	320	55	11
DB1.contig1048	319	392	139
DB1.contig1049	319	61	12
DB1.contig1050	319	240	63
DB1.contig1051	319	227	60
DB1.contig1052	318	190	51
DB1.contig1053	317	442	170
DB1.contig1054	317	16	6
DB1.contig1055	317	158	60
DB1.contig1056	317	937	246
DB1.contig1057	316	73	9
DB1.contig1058	316	240	42
DB1.contig1059	316	49	10
DB1.contig1060	316	202	54
DB1.contig1061	316	858	266
DB1.contig1062	316	361	50
DB1.contig1063	315	306	78
DB1.contig1064	315	54	16
DB1.contig1065	315	698	148
DB1.contig1066	315	227	52
DB1.contig1067	314	227	64
DB1.contig1068	314	64	17
DB1.contig1069	314	173	19
DB1.contig1070	314	123	18
DB1.contig1071	314	104	31
DB1.contig1072	314	224	37
DB1.contig1073	314	129	43
DB1.contig1074	313	120	28
DB1.contig1075	313	50	17
DB1.contig1076	313	56	14
DB1.contig1077	313	204	36
DB1.contig1078	313	217	52
DB1.contig1079	312	154	53
DB1.contig1080	312	253	80
DB1.contig1081	312	222	42
DB1.contig1082	312	392	68
DB1.contig1083	312	377	113
DB1.contig1084	312	85	18
DB1.contig1085	312	412	120
DB1.contig1086	311	399	93
DB1.contig1087	311	252	136
DB1.contig1088	311	218	64
DB1.contig1089	311	172	45
DB1.contig1090	310	709	222
DB1.contig1091	309	580	116
DB1.contig1092	309	363	72
DB1.contig1093	309	118	56
DB1.contig1094	309	95	35
DB1.contig1095	308	324	89
DB1.contig1096	308	185	26
DB1.contig1097	308	220	49
DB1.contig1098	308	185	33
DB1.contig1099	308	570	45
DB1.contig1100	307	119	39
DB1.contig1101	307	65	9
DB1.contig1102	307	32	13
DB1.contig1103	307	171	40
DB1.contig1104	307	343	109
DB1.contig1105	306	138	18
DB1.contig1106	306	501	164
DB1.contig1107	306	131	18
DB1.contig1108	306	270	66
DB1.contig1109	306	97	24
DB1.contig1110	306	520	161
DB1.contig1111	306	94	27
DB1.contig1112	306	212	70
DB1.contig1113	305	26	7
DB1.contig1114	305	234	68
DB1.contig1115	305	183	32
DB1.contig1116	305	498	174
DB1.contig1117	305	840	173
DB1.contig1118	305	222	41
DB1.contig1119	305	495	156
DB1.contig1120	304	88	22
DB1.contig1121	304	420	67
DB1.contig1122	304	137	32
DB1.contig1123	304	87	9
DB1.contig1124	303	285	57
DB1.contig1125	303	261	42
DB1.contig1126	303	157	41
DB1.contig1127	303	588	133
DB1.contig1128	302	290	65
DB1.contig1129	302	121	21
DB1.contig1130	302	258	39
DB1.contig1131	302	152	33
DB1.contig1132	302	140	35
DB1.contig1133	302	139	23
DB1.contig1134	302	82	25
DB1.contig1135	301	116	32
DB1.contig1136	301	156	24
DB1.contig1137	301	223	55
DB1.contig1138	301	64	15
DB1.contig1139	301	139	24
DB1.contig1140	301	28	10
DB1.contig1141	301	541	116
DB1.contig1142	301	68	22
DB1.contig1143	301	210	51
DB1.contig1144	300	149	69
DB1.contig1145	300	721	216
DB1.contig1146	300	251	81
DB1.contig1147	300	202	44
*	0	0	73367838
