D3891.contig1	43862	254479	8293
D3891.contig2	43697	6791248	222335
D3891.contig3	42596	542891	16985
D3891.contig4	41807	155434	4598
D3891.contig5	41356	119209	3228
D3891.contig6	41159	186062	4622
D3891.contig7	38046	130623	4033
D3891.contig8	37613	115516	1983
D3891.contig9	33672	78125	2132
D3891.contig10	32269	35115	807
D3891.contig11	29668	9933	259
D3891.contig12	26679	50955	1006
D3891.contig13	24487	14442	432
D3891.contig14	21805	7258	118
D3891.contig15	21734	36065	603
D3891.contig16	20881	6682	171
D3891.contig17	19494	112794	2977
D3891.contig18	18487	3501	51
D3891.contig19	18139	7658	158
D3891.contig20	17298	11486	345
D3891.contig21	17155	4938	82
D3891.contig22	16774	2720	51
D3891.contig23	16577	48002	1202
D3891.contig24	16462	8209	186
D3891.contig25	16172	23816	451
D3891.contig26	15671	5775	66
D3891.contig27	15597	25651	711
D3891.contig28	15300	3908	107
D3891.contig29	14542	6133	107
D3891.contig30	14248	7189	176
D3891.contig31	14202	31544	585
D3891.contig32	14184	11791	287
D3891.contig33	13891	11015	309
D3891.contig34	12789	26090	741
D3891.contig35	12157	17072	472
D3891.contig36	11955	2607	65
D3891.contig37	11766	6543	125
D3891.contig38	11447	2737	56
D3891.contig39	11263	2315	40
D3891.contig40	11070	2057	31
D3891.contig41	10989	7024	225
D3891.contig42	10980	4409	118
D3891.contig43	10971	7016	203
D3891.contig44	10681	2281	68
D3891.contig45	10583	3653	99
D3891.contig46	10567	2678	68
D3891.contig47	10352	7823	173
D3891.contig48	10153	238408	7476
D3891.contig49	9912	24095	789
D3891.contig50	9807	2261	62
D3891.contig51	9632	2709	52
D3891.contig52	9620	3250	77
D3891.contig53	9579	3255	91
D3891.contig54	9502	40113	1300
D3891.contig55	9246	54229	1407
D3891.contig56	8930	1459	21
D3891.contig57	8925	924	24
D3891.contig58	8603	2241	63
D3891.contig59	7869	7569	179
D3891.contig60	7678	930	26
D3891.contig61	7652	4529	94
D3891.contig62	7512	2801	55
D3891.contig63	7218	1445	29
D3891.contig64	7156	3034	48
D3891.contig65	7108	1216	44
D3891.contig66	6797	811	23
D3891.contig67	6752	4620	84
D3891.contig68	6567	1169	17
D3891.contig69	6557	703	19
D3891.contig70	6483	21695	556
D3891.contig71	6435	736	24
D3891.contig72	6364	29667	868
D3891.contig73	6189	796	28
D3891.contig74	6048	3407	111
D3891.contig75	6012	981	24
D3891.contig76	6009	5670	171
D3891.contig77	5862	1971	27
D3891.contig78	5569	1059	30
D3891.contig79	5527	477	20
D3891.contig80	5520	1372	33
D3891.contig81	5350	723	16
D3891.contig82	5129	1364	46
D3891.contig83	5071	519	29
D3891.contig84	5052	596	17
D3891.contig85	4996	1370	58
D3891.contig86	4891	1021	22
D3891.contig87	4854	1348	26
D3891.contig88	4803	1134	18
D3891.contig89	4712	1745	50
D3891.contig90	4652	2937	81
D3891.contig91	4594	990	26
D3891.contig92	4586	1131	27
D3891.contig93	4525	527	9
D3891.contig94	4520	1940	39
D3891.contig95	4498	4812	87
D3891.contig96	4162	778	23
D3891.contig97	4155	775	14
D3891.contig98	4149	1536	50
D3891.contig99	4131	1862	36
D3891.contig100	4120	1123	19
D3891.contig101	4066	631	23
D3891.contig102	3985	1101	32
D3891.contig103	3930	904	27
D3891.contig104	3882	569	14
D3891.contig105	3859	806	22
D3891.contig106	3841	2207	56
D3891.contig107	3796	532	27
D3891.contig108	3783	510	19
D3891.contig109	3752	1243	47
D3891.contig110	3576	507	16
D3891.contig111	3571	302	24
D3891.contig112	3566	13609	350
D3891.contig113	3549	531	20
D3891.contig114	3542	84857	1472
D3891.contig115	3513	3915	83
D3891.contig116	3435	4004	126
D3891.contig117	3435	1875	63
D3891.contig118	3432	292	12
D3891.contig119	3389	525	11
D3891.contig120	3380	623	28
D3891.contig121	3345	792	11
D3891.contig122	3277	315	27
D3891.contig123	3253	520241	6465
D3891.contig124	3182	3055	57
D3891.contig125	3176	1080	41
D3891.contig126	3125	5072	68
D3891.contig127	3047	1129	28
D3891.contig128	3046	303	10
D3891.contig129	3045	320	5
D3891.contig130	2996	677	17
D3891.contig131	2989	300	14
D3891.contig132	2984	669	21
D3891.contig133	2974	376	12
D3891.contig134	2934	272	8
D3891.contig135	2873	13436	613
D3891.contig136	2842	4008	155
D3891.contig137	2819	253	5
D3891.contig138	2819	593	16
D3891.contig139	2796	745	31
D3891.contig140	2786	195	13
D3891.contig141	2781	223	9
D3891.contig142	2755	319	10
D3891.contig143	2746	203	6
D3891.contig144	2728	448	12
D3891.contig145	2723	349	8
D3891.contig146	2712	1558	35
D3891.contig147	2707	351	14
D3891.contig148	2702	240	16
D3891.contig149	2626	354	5
D3891.contig150	2613	270	13
D3891.contig151	2578	135	10
D3891.contig152	2561	279	9
D3891.contig153	2559	240	17
D3891.contig154	2550	173	11
D3891.contig155	2504	20647	250
D3891.contig156	2476	288	11
D3891.contig157	2471	316	13
D3891.contig158	2470	375	17
D3891.contig159	2468	653	23
D3891.contig160	2457	1403	39
D3891.contig161	2455	927	14
D3891.contig162	2442	255	11
D3891.contig163	2432	279	9
D3891.contig164	2419	301	11
D3891.contig165	2402	3382	161
D3891.contig166	2402	205	9
D3891.contig167	2401	467	31
D3891.contig168	2396	268	12
D3891.contig169	2387	1733	29
D3891.contig170	2366	327	10
D3891.contig171	2332	433	12
D3891.contig172	2299	160	6
D3891.contig173	2284	885	26
D3891.contig174	2272	272	11
D3891.contig175	2264	258	9
D3891.contig176	2262	27896	126
D3891.contig177	2242	388	16
D3891.contig178	2224	299	13
D3891.contig179	2215	54163	524
D3891.contig180	2214	308	6
D3891.contig181	2197	214	18
D3891.contig182	2194	158	8
D3891.contig183	2179	252	10
D3891.contig184	2178	308	14
D3891.contig185	2136	171	12
D3891.contig186	2134	2013	148
D3891.contig187	2130	652	16
D3891.contig188	2123	247	13
D3891.contig189	2115	154	11
D3891.contig190	2109	170	10
D3891.contig191	2091	160	6
D3891.contig192	2068	146	10
D3891.contig193	2045	11998	393
D3891.contig194	2042	136	11
D3891.contig195	2031	163	12
D3891.contig196	2023	233	6
D3891.contig197	2013	151	6
D3891.contig198	2010	225	8
D3891.contig199	2006	155	10
D3891.contig200	1974	765	17
D3891.contig201	1974	530	9
D3891.contig202	1972	2459	64
D3891.contig203	1969	131	11
D3891.contig204	1964	471	14
D3891.contig205	1960	817	54
D3891.contig206	1938	230	7
D3891.contig207	1925	180	4
D3891.contig208	1920	8086	313
D3891.contig209	1916	124	6
D3891.contig210	1892	118	4
D3891.contig211	1866	228	10
D3891.contig212	1829	518	14
D3891.contig213	1813	139	5
D3891.contig214	1812	4524	140
D3891.contig215	1795	87	7
D3891.contig216	1779	153	6
D3891.contig217	1777	245	11
D3891.contig218	1760	647	45
D3891.contig219	1758	150	10
D3891.contig220	1756	174	11
D3891.contig221	1744	240	20
D3891.contig222	1739	99	6
D3891.contig223	1730	178	10
D3891.contig224	1728	134	12
D3891.contig225	1727	117	8
D3891.contig226	1720	571	13
D3891.contig227	1720	140	4
D3891.contig228	1719	336	12
D3891.contig229	1715	541	8
D3891.contig230	1691	162	7
D3891.contig231	1691	438	9
D3891.contig232	1680	318	11
D3891.contig233	1674	300	16
D3891.contig234	1673	222	14
D3891.contig235	1671	121	7
D3891.contig236	1663	151	11
D3891.contig237	1658	268	14
D3891.contig238	1657	235	7
D3891.contig239	1650	107	7
D3891.contig240	1645	113	11
D3891.contig241	1633	910	33
D3891.contig242	1631	442	12
D3891.contig243	1604	128	4
D3891.contig244	1598	138	12
D3891.contig245	1595	81	3
D3891.contig246	1595	90	10
D3891.contig247	1582	22219	110
D3891.contig248	1581	355	9
D3891.contig249	1568	139	4
D3891.contig250	1566	106	6
D3891.contig251	1566	145	8
D3891.contig252	1561	169	9
D3891.contig253	1558	152	3
D3891.contig254	1538	468	14
D3891.contig255	1529	171	17
D3891.contig256	1513	73	8
D3891.contig257	1511	71	10
D3891.contig258	1510	167	7
D3891.contig259	1503	178	3
D3891.contig260	1501	86	10
D3891.contig261	1498	103	6
D3891.contig262	1479	85	16
D3891.contig263	1478	83	6
D3891.contig264	1474	99	6
D3891.contig265	1472	66	4
D3891.contig266	1472	833	24
D3891.contig267	1456	124	7
D3891.contig268	1429	438	7
D3891.contig269	1425	163	14
D3891.contig270	1423	75	9
D3891.contig271	1411	227	18
D3891.contig272	1374	110	11
D3891.contig273	1369	116	10
D3891.contig274	1365	366	17
D3891.contig275	1362	95	8
D3891.contig276	1357	116	7
D3891.contig277	1349	117	2
D3891.contig278	1347	119	5
D3891.contig279	1339	114	10
D3891.contig280	1335	50	8
D3891.contig281	1324	95	10
D3891.contig282	1323	8393	146
D3891.contig283	1323	139	18
D3891.contig284	1319	133	11
D3891.contig285	1304	98	10
D3891.contig286	1299	118	11
D3891.contig287	1296	132	12
D3891.contig288	1295	91	6
D3891.contig289	1289	1563	41
D3891.contig290	1288	64	8
D3891.contig291	1284	107	1
D3891.contig292	1282	102	6
D3891.contig293	1279	100	3
D3891.contig294	1276	70	4
D3891.contig295	1273	131	8
D3891.contig296	1272	152	4
D3891.contig297	1269	323	11
D3891.contig298	1264	47	11
D3891.contig299	1262	70	12
D3891.contig300	1261	2391	50
D3891.contig301	1256	697	37
D3891.contig302	1248	187	9
D3891.contig303	1246	83	4
D3891.contig304	1244	98	11
D3891.contig305	1233	104	5
D3891.contig306	1231	71	11
D3891.contig307	1223	6793	259
D3891.contig308	1219	108	6
D3891.contig309	1219	82	3
D3891.contig310	1217	279	16
D3891.contig311	1215	67	4
D3891.contig312	1215	85	9
D3891.contig313	1212	170	8
D3891.contig314	1212	66	9
D3891.contig315	1210	132	6
D3891.contig316	1204	139	13
D3891.contig317	1204	148	2
D3891.contig318	1200	130	14
D3891.contig319	1200	138	1
D3891.contig320	1200	84	11
D3891.contig321	1199	87	2
D3891.contig322	1190	73	12
D3891.contig323	1189	72	13
D3891.contig324	1184	72	11
D3891.contig325	1180	122	5
D3891.contig326	1178	152	12
D3891.contig327	1174	69	10
D3891.contig328	1173	95	8
D3891.contig329	1162	88	4
D3891.contig330	1159	78	3
D3891.contig331	1158	76	4
D3891.contig332	1157	52	3
D3891.contig333	1154	114	7
D3891.contig334	1153	81	6
D3891.contig335	1142	133	8
D3891.contig336	1141	107	15
D3891.contig337	1139	81	9
D3891.contig338	1137	57	8
D3891.contig339	1136	67	7
D3891.contig340	1135	97	4
D3891.contig341	1134	58	6
D3891.contig342	1130	83	4
D3891.contig343	1117	59	5
D3891.contig344	1112	588	66
D3891.contig345	1111	56	10
D3891.contig346	1109	156	7
D3891.contig347	1106	62	8
D3891.contig348	1103	93	9
D3891.contig349	1096	85	4
D3891.contig350	1094	53	13
D3891.contig351	1093	99	3
D3891.contig352	1088	152	10
D3891.contig353	1074	53	9
D3891.contig354	1069	51	9
D3891.contig355	1063	8167	212
D3891.contig356	1062	7521	464
D3891.contig357	1061	93	10
D3891.contig358	1059	582	19
D3891.contig359	1057	90	13
D3891.contig360	1057	77	8
D3891.contig361	1056	8588	393
D3891.contig362	1055	101	4
D3891.contig363	1053	89	4
D3891.contig364	1051	826	5
D3891.contig365	1042	66	4
D3891.contig366	1041	46	8
D3891.contig367	1040	78	13
D3891.contig368	1030	95	5
D3891.contig369	1030	108	5
D3891.contig370	1029	118	5
D3891.contig371	1027	44	4
D3891.contig372	1027	99	5
D3891.contig373	1025	72	8
D3891.contig374	1024	94	4
D3891.contig375	1022	37	9
D3891.contig376	1019	65	3
D3891.contig377	1018	95	6
D3891.contig378	1016	115	5
D3891.contig379	1015	9986	425
D3891.contig380	1014	50	6
D3891.contig381	1010	83	7
D3891.contig382	1001	62	8
D3891.contig383	991	130	6
D3891.contig384	991	1853	63
D3891.contig385	986	51	12
D3891.contig386	986	58	3
D3891.contig387	986	488	18
D3891.contig388	985	133	8
D3891.contig389	982	4495	216
D3891.contig390	982	107	10
D3891.contig391	978	6727	303
D3891.contig392	969	63	10
D3891.contig393	968	74	7
D3891.contig394	968	62	11
D3891.contig395	968	55	5
D3891.contig396	967	41	5
D3891.contig397	967	215	11
D3891.contig398	964	49	4
D3891.contig399	963	7857	88
D3891.contig400	962	117	5
D3891.contig401	961	39	8
D3891.contig402	960	65	5
D3891.contig403	958	40	8
D3891.contig404	958	157	5
D3891.contig405	957	7706	236
D3891.contig406	956	114	10
D3891.contig407	951	1393	109
D3891.contig408	949	31	7
D3891.contig409	944	65	15
D3891.contig410	940	174	9
D3891.contig411	938	62	6
D3891.contig412	933	30	6
D3891.contig413	927	93	6
D3891.contig414	926	112	10
D3891.contig415	925	4822	541
D3891.contig416	923	193	3
D3891.contig417	922	73	4
D3891.contig418	922	120	7
D3891.contig419	922	51	10
D3891.contig420	920	98	7
D3891.contig421	919	49	4
D3891.contig422	917	53	7
D3891.contig423	917	430	12
D3891.contig424	914	74	5
D3891.contig425	913	74	6
D3891.contig426	913	38	5
D3891.contig427	913	53	6
D3891.contig428	910	949	29
D3891.contig429	909	56	4
D3891.contig430	908	40	5
D3891.contig431	906	66	8
D3891.contig432	905	41	8
D3891.contig433	899	43	9
D3891.contig434	897	34	6
D3891.contig435	896	44	7
D3891.contig436	896	52	2
D3891.contig437	894	47	1
D3891.contig438	893	44	7
D3891.contig439	893	31	7
D3891.contig440	892	27	7
D3891.contig441	888	48	5
D3891.contig442	886	47	5
D3891.contig443	883	45	3
D3891.contig444	876	110	3
D3891.contig445	874	74	1
D3891.contig446	866	33	3
D3891.contig447	860	67	10
D3891.contig448	858	48	6
D3891.contig449	856	4527	287
D3891.contig450	856	66	11
D3891.contig451	856	76	2
D3891.contig452	855	39	5
D3891.contig453	852	58	4
D3891.contig454	852	77	5
D3891.contig455	848	48	7
D3891.contig456	845	77	3
D3891.contig457	843	55	6
D3891.contig458	842	98	6
D3891.contig459	839	43	4
D3891.contig460	838	33	8
D3891.contig461	832	95	6
D3891.contig462	831	51	7
D3891.contig463	831	34	10
D3891.contig464	831	47	5
D3891.contig465	829	53	7
D3891.contig466	828	37	6
D3891.contig467	828	138	4
D3891.contig468	824	46	10
D3891.contig469	823	111	27
D3891.contig470	821	49	6
D3891.contig471	816	56	3
D3891.contig472	816	38	5
D3891.contig473	815	55	7
D3891.contig474	812	3251	129
D3891.contig475	811	170	3
D3891.contig476	809	45	10
D3891.contig477	807	76	7
D3891.contig478	805	27	2
D3891.contig479	802	104	10
D3891.contig480	796	61	7
D3891.contig481	795	77	5
D3891.contig482	787	32	3
D3891.contig483	786	43	5
D3891.contig484	785	50	16
D3891.contig485	784	64	3
D3891.contig486	779	34	8
D3891.contig487	777	66	2
D3891.contig488	776	38	8
D3891.contig489	775	29	9
D3891.contig490	774	133	2
D3891.contig491	773	41	10
D3891.contig492	772	208	6
D3891.contig493	772	36	2
D3891.contig494	771	54	3
D3891.contig495	770	33	6
D3891.contig496	766	33	9
D3891.contig497	765	84	10
D3891.contig498	764	35	7
D3891.contig499	764	50	9
D3891.contig500	763	37	10
D3891.contig501	761	54	5
D3891.contig502	760	132	6
D3891.contig503	758	30	8
D3891.contig504	757	55	8
D3891.contig505	756	61	11
D3891.contig506	755	48	13
D3891.contig507	750	25	4
D3891.contig508	750	2754	183
D3891.contig509	749	48	10
D3891.contig510	746	46	3
D3891.contig511	745	42	13
D3891.contig512	745	41	9
D3891.contig513	743	45	4
D3891.contig514	743	26	5
D3891.contig515	742	24	4
D3891.contig516	742	50	7
D3891.contig517	737	40	10
D3891.contig518	735	31	2
D3891.contig519	733	72	4
D3891.contig520	728	115	16
D3891.contig521	727	47	6
D3891.contig522	727	57	8
D3891.contig523	726	62	3
D3891.contig524	726	38	8
D3891.contig525	725	30	6
D3891.contig526	724	38	5
D3891.contig527	724	37	1
D3891.contig528	723	73	5
D3891.contig529	721	46	6
D3891.contig530	721	40	6
D3891.contig531	718	42	6
D3891.contig532	718	30	7
D3891.contig533	717	90	5
D3891.contig534	715	41	7
D3891.contig535	714	36	10
D3891.contig536	711	45	8
D3891.contig537	709	31	5
D3891.contig538	709	41	7
D3891.contig539	709	32	4
D3891.contig540	707	19	3
D3891.contig541	707	25	2
D3891.contig542	706	27	7
D3891.contig543	704	22	7
D3891.contig544	704	61	10
D3891.contig545	703	73	7
D3891.contig546	702	24	7
D3891.contig547	701	23	8
D3891.contig548	699	46	7
D3891.contig549	698	22	6
D3891.contig550	694	66	17
D3891.contig551	692	36	9
D3891.contig552	690	30	10
D3891.contig553	689	31	5
D3891.contig554	688	56	6
D3891.contig555	688	44	3
D3891.contig556	688	31	3
D3891.contig557	685	6384	670
D3891.contig558	685	26	2
D3891.contig559	685	45	1
D3891.contig560	685	105	7
D3891.contig561	684	29	5
D3891.contig562	683	40	5
D3891.contig563	683	40	4
D3891.contig564	682	185	2
D3891.contig565	680	29	9
D3891.contig566	679	37	9
D3891.contig567	679	49	4
D3891.contig568	678	24	7
D3891.contig569	677	50	6
D3891.contig570	676	32	7
D3891.contig571	675	28	6
D3891.contig572	674	38	6
D3891.contig573	673	42	9
D3891.contig574	673	19	7
D3891.contig575	673	27	6
D3891.contig576	672	25	4
D3891.contig577	672	55	6
D3891.contig578	669	42	3
D3891.contig579	669	66	7
D3891.contig580	668	39	4
D3891.contig581	667	50	6
D3891.contig582	665	29	3
D3891.contig583	664	45	0
D3891.contig584	662	4496	661
D3891.contig585	661	32	5
D3891.contig586	660	71	19
D3891.contig587	660	180	17
D3891.contig588	660	28	6
D3891.contig589	657	38	7
D3891.contig590	655	23	9
D3891.contig591	654	43	13
D3891.contig592	653	36	2
D3891.contig593	652	30	6
D3891.contig594	651	868	11
D3891.contig595	651	44	7
D3891.contig596	650	49	6
D3891.contig597	647	48	4
D3891.contig598	646	27	4
D3891.contig599	646	36	4
D3891.contig600	645	89	18
D3891.contig601	644	32	6
D3891.contig602	644	46	10
D3891.contig603	643	59	3
D3891.contig604	642	27	3
D3891.contig605	638	24	6
D3891.contig606	637	84	4
D3891.contig607	635	3645	222
D3891.contig608	634	137	4
D3891.contig609	633	56	3
D3891.contig610	631	33	4
D3891.contig611	630	30	10
D3891.contig612	630	26	5
D3891.contig613	629	2055	105
D3891.contig614	627	37	5
D3891.contig615	626	22	6
D3891.contig616	626	42	3
D3891.contig617	625	22	4
D3891.contig618	625	19	2
D3891.contig619	624	36	11
D3891.contig620	622	64	2
D3891.contig621	622	40	5
D3891.contig622	621	37	6
D3891.contig623	621	27	8
D3891.contig624	619	31	5
D3891.contig625	619	56	7
D3891.contig626	618	41	7
D3891.contig627	618	19	7
D3891.contig628	618	40	4
D3891.contig629	617	18	4
D3891.contig630	617	6642	62
D3891.contig631	617	66	3
D3891.contig632	617	19	1
D3891.contig633	615	31	5
D3891.contig634	614	21	7
D3891.contig635	613	38	6
D3891.contig636	611	36	7
D3891.contig637	611	50	4
D3891.contig638	611	31	5
D3891.contig639	610	29	9
D3891.contig640	610	20	4
D3891.contig641	609	22	2
D3891.contig642	607	305	11
D3891.contig643	606	23	5
D3891.contig644	605	43	3
D3891.contig645	605	31	10
D3891.contig646	604	19	3
D3891.contig647	602	47	1
D3891.contig648	602	32	5
D3891.contig649	601	23	1
D3891.contig650	600	26	6
D3891.contig651	599	19	4
D3891.contig652	599	36	3
D3891.contig653	597	27	5
D3891.contig654	596	51	5
D3891.contig655	594	43	5
D3891.contig656	593	27	6
D3891.contig657	593	33	3
D3891.contig658	593	77	10
D3891.contig659	589	20	6
D3891.contig660	587	36	6
D3891.contig661	587	140	1
D3891.contig662	584	26	2
D3891.contig663	584	55	3
D3891.contig664	582	21	4
D3891.contig665	582	21	3
D3891.contig666	581	24	5
D3891.contig667	581	45	6
D3891.contig668	578	114	9
D3891.contig669	577	19	6
D3891.contig670	577	21	4
D3891.contig671	576	27	5
D3891.contig672	574	20	3
D3891.contig673	573	23	9
D3891.contig674	572	24	10
D3891.contig675	572	17	8
D3891.contig676	571	24	4
D3891.contig677	571	63	0
D3891.contig678	570	99	5
D3891.contig679	570	27	6
D3891.contig680	569	38	0
D3891.contig681	569	25	2
D3891.contig682	569	25	2
D3891.contig683	569	19	5
D3891.contig684	568	23	5
D3891.contig685	568	16	6
D3891.contig686	567	65	2
D3891.contig687	564	27	2
D3891.contig688	563	40	3
D3891.contig689	562	27	10
D3891.contig690	562	65	2
D3891.contig691	562	24	6
D3891.contig692	560	15	3
D3891.contig693	559	34	10
D3891.contig694	559	29	4
D3891.contig695	559	35	4
D3891.contig696	559	22	2
D3891.contig697	558	30	9
D3891.contig698	557	2327	272
D3891.contig699	556	35	12
D3891.contig700	556	2637	117
D3891.contig701	556	17	6
D3891.contig702	554	17	7
D3891.contig703	553	23	3
D3891.contig704	552	23	3
D3891.contig705	551	18	2
D3891.contig706	551	30	10
D3891.contig707	550	67	3
D3891.contig708	550	24	2
D3891.contig709	549	23	3
D3891.contig710	547	32	4
D3891.contig711	546	32	5
D3891.contig712	545	37	7
D3891.contig713	544	69	4
D3891.contig714	544	26	3
D3891.contig715	543	29	11
D3891.contig716	541	32	1
D3891.contig717	541	15	5
D3891.contig718	539	29	10
D3891.contig719	538	30	7
D3891.contig720	537	76	7
D3891.contig721	537	23	6
D3891.contig722	537	34	5
D3891.contig723	535	14	7
D3891.contig724	535	22	4
D3891.contig725	535	28	7
D3891.contig726	534	25	3
D3891.contig727	533	17	3
D3891.contig728	532	28	6
D3891.contig729	529	220	17
D3891.contig730	528	71	6
D3891.contig731	527	28	6
D3891.contig732	526	19	7
D3891.contig733	526	41	7
D3891.contig734	526	13	5
D3891.contig735	525	30	4
D3891.contig736	525	16	5
D3891.contig737	523	22	3
D3891.contig738	523	19	6
D3891.contig739	523	22	10
D3891.contig740	522	26	0
D3891.contig741	521	124	6
D3891.contig742	520	15	1
D3891.contig743	519	29	7
D3891.contig744	519	304	20
D3891.contig745	519	12	4
D3891.contig746	519	19	3
D3891.contig747	517	31	6
D3891.contig748	517	32	0
D3891.contig749	516	21	4
D3891.contig750	514	53	3
D3891.contig751	513	15	10
D3891.contig752	513	16	2
D3891.contig753	513	47	2
D3891.contig754	511	22	9
D3891.contig755	511	69	5
D3891.contig756	510	21	7
D3891.contig757	506	32	8
D3891.contig758	506	21	11
D3891.contig759	505	33	15
D3891.contig760	504	28	8
D3891.contig761	504	24	4
D3891.contig762	503	29	5
D3891.contig763	502	90	18
D3891.contig764	502	24	3
D3891.contig765	502	19	5
D3891.contig766	502	30	7
D3891.contig767	501	35	3
D3891.contig768	501	27	9
D3891.contig769	500	24	5
D3891.contig770	500	19	7
D3891.contig771	500	34	4
D3891.contig772	500	31	4
D3891.contig773	498	30	2
D3891.contig774	498	25	6
D3891.contig775	498	35	7
D3891.contig776	498	36	4
D3891.contig777	497	16	6
D3891.contig778	496	19	3
D3891.contig779	495	27	3
D3891.contig780	493	36	4
D3891.contig781	492	15	5
D3891.contig782	492	18	4
D3891.contig783	492	21	7
D3891.contig784	491	28	11
D3891.contig785	491	16	7
D3891.contig786	490	34	0
D3891.contig787	488	14	6
D3891.contig788	487	22	6
D3891.contig789	487	29	11
D3891.contig790	487	27	7
D3891.contig791	486	13	7
D3891.contig792	485	70	0
D3891.contig793	485	22	6
D3891.contig794	485	21	10
D3891.contig795	483	22	5
D3891.contig796	482	31	11
D3891.contig797	481	4631	495
D3891.contig798	481	19	9
D3891.contig799	479	19	3
D3891.contig800	479	33	11
D3891.contig801	479	18	6
D3891.contig802	479	29	6
D3891.contig803	479	6	4
D3891.contig804	477	27	4
D3891.contig805	477	50	8
D3891.contig806	476	15	5
D3891.contig807	475	16	6
D3891.contig808	475	19	13
D3891.contig809	475	19	8
D3891.contig810	474	18	2
D3891.contig811	474	26	1
D3891.contig812	474	13	1
D3891.contig813	473	2707	246
D3891.contig814	473	14	6
D3891.contig815	472	25	7
D3891.contig816	472	23	7
D3891.contig817	471	13	3
D3891.contig818	470	29	2
D3891.contig819	470	24	5
D3891.contig820	468	20	0
D3891.contig821	467	11	7
D3891.contig822	467	21	13
D3891.contig823	467	44	8
D3891.contig824	466	73	2
D3891.contig825	464	16	2
D3891.contig826	464	18	1
D3891.contig827	464	37	5
D3891.contig828	464	14	5
D3891.contig829	464	27	8
D3891.contig830	463	22	3
D3891.contig831	462	16	6
D3891.contig832	461	18	3
D3891.contig833	461	16	3
D3891.contig834	461	11	8
D3891.contig835	461	25	5
D3891.contig836	460	14	4
D3891.contig837	459	26	9
D3891.contig838	458	20	4
D3891.contig839	457	24	10
D3891.contig840	456	23	4
D3891.contig841	456	18	6
D3891.contig842	455	17	2
D3891.contig843	454	13	3
D3891.contig844	454	27	5
D3891.contig845	453	21	8
D3891.contig846	453	20	7
D3891.contig847	453	43	4
D3891.contig848	452	14	6
D3891.contig849	452	14	4
D3891.contig850	452	28	8
D3891.contig851	452	43	12
D3891.contig852	451	13	5
D3891.contig853	451	14	4
D3891.contig854	449	96	2
D3891.contig855	448	21	3
D3891.contig856	448	20	0
D3891.contig857	448	1796	193
D3891.contig858	447	27	8
D3891.contig859	447	11	5
D3891.contig860	447	13	6
D3891.contig861	446	15	5
D3891.contig862	446	42	8
D3891.contig863	446	14	3
D3891.contig864	445	17	5
D3891.contig865	445	11	5
D3891.contig866	445	21	6
D3891.contig867	443	27	2
D3891.contig868	443	31	3
D3891.contig869	442	135	1
D3891.contig870	442	16	3
D3891.contig871	442	16	6
D3891.contig872	442	15	4
D3891.contig873	441	34	6
D3891.contig874	440	18	4
D3891.contig875	440	26	2
D3891.contig876	439	17	5
D3891.contig877	439	13	4
D3891.contig878	438	27	3
D3891.contig879	437	18	4
D3891.contig880	436	14	4
D3891.contig881	436	49	2
D3891.contig882	436	16	9
D3891.contig883	435	26	3
D3891.contig884	435	27	0
D3891.contig885	433	27	4
D3891.contig886	433	8	4
D3891.contig887	432	24	2
D3891.contig888	432	41	6
D3891.contig889	432	21	1
D3891.contig890	432	17	1
D3891.contig891	431	5	3
D3891.contig892	429	15	3
D3891.contig893	429	18	4
D3891.contig894	428	1414	140
D3891.contig895	428	24	6
D3891.contig896	427	30	8
D3891.contig897	426	8	6
D3891.contig898	426	14	2
D3891.contig899	425	23	4
D3891.contig900	425	13	5
D3891.contig901	424	36	2
D3891.contig902	424	15	14
D3891.contig903	424	17	5
D3891.contig904	423	16	6
D3891.contig905	422	11	7
D3891.contig906	422	24	7
D3891.contig907	420	18	12
D3891.contig908	420	20	6
D3891.contig909	419	12	9
D3891.contig910	417	15	6
D3891.contig911	417	9	5
D3891.contig912	416	10	2
D3891.contig913	416	42	2
D3891.contig914	416	14	3
D3891.contig915	415	12	8
D3891.contig916	413	11	4
D3891.contig917	413	6	6
D3891.contig918	413	15	4
D3891.contig919	413	27	1
D3891.contig920	412	12	3
D3891.contig921	411	13	3
D3891.contig922	411	12	6
D3891.contig923	409	13	5
D3891.contig924	408	18	5
D3891.contig925	407	662	151
D3891.contig926	407	10	8
D3891.contig927	407	19	3
D3891.contig928	406	13	3
D3891.contig929	406	19	4
D3891.contig930	406	19	7
D3891.contig931	406	23	5
D3891.contig932	405	112	8
D3891.contig933	405	20	12
D3891.contig934	405	11	7
D3891.contig935	405	16	10
D3891.contig936	404	18	3
D3891.contig937	404	8	4
D3891.contig938	404	30	9
D3891.contig939	404	11	9
D3891.contig940	403	15	5
D3891.contig941	402	15	1
D3891.contig942	402	15	3
D3891.contig943	402	16	8
D3891.contig944	401	13	7
D3891.contig945	400	16	3
D3891.contig946	400	25	11
D3891.contig947	400	24	7
D3891.contig948	400	19	7
D3891.contig949	400	14	6
D3891.contig950	400	18	2
D3891.contig951	400	12	7
D3891.contig952	399	19	3
D3891.contig953	399	19	8
D3891.contig954	399	1746	63
D3891.contig955	399	10	4
D3891.contig956	399	15	5
D3891.contig957	398	17	6
D3891.contig958	398	15	6
D3891.contig959	398	16	1
D3891.contig960	397	18	4
D3891.contig961	397	9	3
D3891.contig962	397	10	2
D3891.contig963	396	10	6
D3891.contig964	396	20	1
D3891.contig965	395	15	5
D3891.contig966	395	13	7
D3891.contig967	395	25	1
D3891.contig968	394	22	8
D3891.contig969	394	20	6
D3891.contig970	394	22	4
D3891.contig971	393	20	4
D3891.contig972	393	19	5
D3891.contig973	392	14	3
D3891.contig974	392	1242	42
D3891.contig975	391	12	8
D3891.contig976	391	9	1
D3891.contig977	390	16	3
D3891.contig978	390	17	5
D3891.contig979	390	17	3
D3891.contig980	390	18	6
D3891.contig981	389	10	6
D3891.contig982	389	11	7
D3891.contig983	389	17	3
D3891.contig984	389	19	4
D3891.contig985	388	16	0
D3891.contig986	388	28	3
D3891.contig987	387	16	8
D3891.contig988	387	22	3
D3891.contig989	387	21	3
D3891.contig990	386	14	5
D3891.contig991	386	39	2
D3891.contig992	385	6	2
D3891.contig993	384	23	3
D3891.contig994	384	11	11
D3891.contig995	384	12	0
D3891.contig996	384	133	25
D3891.contig997	383	18	3
D3891.contig998	383	14	4
D3891.contig999	383	20	9
D3891.contig1000	382	32	2
D3891.contig1001	382	20	4
D3891.contig1002	381	11	5
D3891.contig1003	381	32	6
D3891.contig1004	381	12	7
D3891.contig1005	380	20	7
D3891.contig1006	380	17	6
D3891.contig1007	380	43	2
D3891.contig1008	380	27	3
D3891.contig1009	378	12	6
D3891.contig1010	378	14	3
D3891.contig1011	378	28	4
D3891.contig1012	377	7	3
D3891.contig1013	377	16	5
D3891.contig1014	376	44	4
D3891.contig1015	376	11	0
D3891.contig1016	376	14	5
D3891.contig1017	376	10	4
D3891.contig1018	375	13	3
D3891.contig1019	374	19	0
D3891.contig1020	373	42	7
D3891.contig1021	373	9	5
D3891.contig1022	372	20	8
D3891.contig1023	372	13	7
D3891.contig1024	372	17	4
D3891.contig1025	372	15	13
D3891.contig1026	372	17	9
D3891.contig1027	372	12	5
D3891.contig1028	371	27	4
D3891.contig1029	371	9	7
D3891.contig1030	371	26	9
D3891.contig1031	371	18	4
D3891.contig1032	370	14	4
D3891.contig1033	369	12	4
D3891.contig1034	369	39	2
D3891.contig1035	369	16	2
D3891.contig1036	369	405	19
D3891.contig1037	369	12	4
D3891.contig1038	368	1332	36
D3891.contig1039	368	6	5
D3891.contig1040	368	8	8
D3891.contig1041	368	16	1
D3891.contig1042	368	16	12
D3891.contig1043	368	21	4
D3891.contig1044	368	13	3
D3891.contig1045	367	18	8
D3891.contig1046	367	15	2
D3891.contig1047	367	10	6
D3891.contig1048	366	69	7
D3891.contig1049	366	7	5
D3891.contig1050	366	36	0
D3891.contig1051	366	18	7
D3891.contig1052	365	13	6
D3891.contig1053	365	28	0
D3891.contig1054	365	9	5
D3891.contig1055	364	11	5
D3891.contig1056	364	103	15
D3891.contig1057	364	15	7
D3891.contig1058	364	11	1
D3891.contig1059	363	16	2
D3891.contig1060	363	7	5
D3891.contig1061	363	22	6
D3891.contig1062	362	19	9
D3891.contig1063	362	10	2
D3891.contig1064	360	11	6
D3891.contig1065	359	22	1
D3891.contig1066	359	11	5
D3891.contig1067	359	15	1
D3891.contig1068	359	10	8
D3891.contig1069	359	13	2
D3891.contig1070	359	8	6
D3891.contig1071	359	17	6
D3891.contig1072	359	7	7
D3891.contig1073	359	22	5
D3891.contig1074	358	12	5
D3891.contig1075	358	16	4
D3891.contig1076	358	17	9
D3891.contig1077	358	14	1
D3891.contig1078	358	12	3
D3891.contig1079	358	47	2
D3891.contig1080	357	20	3
D3891.contig1081	357	19	0
D3891.contig1082	357	11	9
D3891.contig1083	357	27	5
D3891.contig1084	356	17	4
D3891.contig1085	356	14	4
D3891.contig1086	356	6	4
D3891.contig1087	355	11	2
D3891.contig1088	355	6	4
D3891.contig1089	355	13	5
D3891.contig1090	354	11	7
D3891.contig1091	354	9	5
D3891.contig1092	353	15	5
D3891.contig1093	353	22	6
D3891.contig1094	353	11	2
D3891.contig1095	353	17	5
D3891.contig1096	352	9	5
D3891.contig1097	352	313	6
D3891.contig1098	352	30	3
D3891.contig1099	352	20	4
D3891.contig1100	352	22	3
D3891.contig1101	352	13	1
D3891.contig1102	352	16	2
D3891.contig1103	351	6	4
D3891.contig1104	351	8	4
D3891.contig1105	351	8	2
D3891.contig1106	350	10	2
D3891.contig1107	350	18	4
D3891.contig1108	350	12	6
D3891.contig1109	350	9	5
D3891.contig1110	350	8	3
D3891.contig1111	350	7	3
D3891.contig1112	350	12	4
D3891.contig1113	349	9	4
D3891.contig1114	349	22	9
D3891.contig1115	348	12	4
D3891.contig1116	348	1333	63
D3891.contig1117	347	12	6
D3891.contig1118	346	12	2
D3891.contig1119	345	10	6
D3891.contig1120	344	12	6
D3891.contig1121	344	17	4
D3891.contig1122	344	12	6
D3891.contig1123	344	10	3
D3891.contig1124	343	13	3
D3891.contig1125	343	15	0
D3891.contig1126	343	14	4
D3891.contig1127	343	12	6
D3891.contig1128	342	12	4
D3891.contig1129	341	9	5
D3891.contig1130	341	8	4
D3891.contig1131	341	24	4
D3891.contig1132	341	16	8
D3891.contig1133	341	14	3
D3891.contig1134	341	7	3
D3891.contig1135	340	17	3
D3891.contig1136	340	26	2
D3891.contig1137	340	14	7
D3891.contig1138	340	10	5
D3891.contig1139	340	14	1
D3891.contig1140	340	14	4
D3891.contig1141	340	14	2
D3891.contig1142	339	4	2
D3891.contig1143	338	17	3
D3891.contig1144	338	9	3
D3891.contig1145	337	19	5
D3891.contig1146	337	25	7
D3891.contig1147	337	19	1
D3891.contig1148	337	5	3
D3891.contig1149	336	15	6
D3891.contig1150	336	10	4
D3891.contig1151	336	14	4
D3891.contig1152	336	17	8
D3891.contig1153	336	26	1
D3891.contig1154	335	8	5
D3891.contig1155	335	14	4
D3891.contig1156	334	7	5
D3891.contig1157	334	11	5
D3891.contig1158	334	22	3
D3891.contig1159	334	12	5
D3891.contig1160	333	14	7
D3891.contig1161	333	4	2
D3891.contig1162	333	9	5
D3891.contig1163	332	9	3
D3891.contig1164	332	8	1
D3891.contig1165	332	9	3
D3891.contig1166	332	7	5
D3891.contig1167	331	19	6
D3891.contig1168	331	16	4
D3891.contig1169	331	18	0
D3891.contig1170	331	8	2
D3891.contig1171	331	19	5
D3891.contig1172	330	30	2
D3891.contig1173	330	11	3
D3891.contig1174	330	9	3
D3891.contig1175	329	6	4
D3891.contig1176	329	18	3
D3891.contig1177	329	12	4
D3891.contig1178	329	13	1
D3891.contig1179	328	15	2
D3891.contig1180	328	9	5
D3891.contig1181	328	10	6
D3891.contig1182	327	8	4
D3891.contig1183	327	9	6
D3891.contig1184	327	14	2
D3891.contig1185	327	24	9
D3891.contig1186	326	8	0
D3891.contig1187	326	35	3
D3891.contig1188	326	12	2
D3891.contig1189	326	8	2
D3891.contig1190	326	10	4
D3891.contig1191	325	7	7
D3891.contig1192	325	9	3
D3891.contig1193	325	16	3
D3891.contig1194	325	10	3
D3891.contig1195	324	18	6
D3891.contig1196	324	14	1
D3891.contig1197	324	10	3
D3891.contig1198	323	10	4
D3891.contig1199	323	23	0
D3891.contig1200	323	7	3
D3891.contig1201	323	10	10
D3891.contig1202	323	6	4
D3891.contig1203	322	13	8
D3891.contig1204	322	31	1
D3891.contig1205	321	4	2
D3891.contig1206	321	16	4
D3891.contig1207	321	10	3
D3891.contig1208	321	10	6
D3891.contig1209	321	14	7
D3891.contig1210	321	9	5
D3891.contig1211	321	12	4
D3891.contig1212	321	23	5
D3891.contig1213	320	12	1
D3891.contig1214	320	9	2
D3891.contig1215	320	10	4
D3891.contig1216	320	8	2
D3891.contig1217	320	5	5
D3891.contig1218	320	17	6
D3891.contig1219	319	14	2
D3891.contig1220	319	11	5
D3891.contig1221	319	16	8
D3891.contig1222	319	12	7
D3891.contig1223	319	16	4
D3891.contig1224	318	19	3
D3891.contig1225	318	10	4
D3891.contig1226	318	10	4
D3891.contig1227	318	4	4
D3891.contig1228	317	12	6
D3891.contig1229	317	94	24
D3891.contig1230	317	31	4
D3891.contig1231	316	16	2
D3891.contig1232	316	6	4
D3891.contig1233	316	16	4
D3891.contig1234	316	13	5
D3891.contig1235	315	3	3
D3891.contig1236	315	8	2
D3891.contig1237	315	15	3
D3891.contig1238	315	6	2
D3891.contig1239	315	5	3
D3891.contig1240	315	16	8
D3891.contig1241	314	23	4
D3891.contig1242	314	9	4
D3891.contig1243	314	11	5
D3891.contig1244	314	12	5
D3891.contig1245	313	8	6
D3891.contig1246	313	14	1
D3891.contig1247	313	32	4
D3891.contig1248	313	24	3
D3891.contig1249	313	15	5
D3891.contig1250	313	14	1
D3891.contig1251	312	12	4
D3891.contig1252	312	10	2
D3891.contig1253	311	8	6
D3891.contig1254	311	9	3
D3891.contig1255	310	11	5
D3891.contig1256	310	33	1
D3891.contig1257	310	11	1
D3891.contig1258	309	6	2
D3891.contig1259	309	7	3
D3891.contig1260	309	15	1
D3891.contig1261	309	8	4
D3891.contig1262	309	5	3
D3891.contig1263	309	8	4
D3891.contig1264	308	7	3
D3891.contig1265	308	9	4
D3891.contig1266	308	6	3
D3891.contig1267	308	13	2
D3891.contig1268	307	6	1
D3891.contig1269	307	23	5
D3891.contig1270	307	8	3
D3891.contig1271	307	9	4
D3891.contig1272	307	6	4
D3891.contig1273	306	10	8
D3891.contig1274	306	3	3
D3891.contig1275	305	4	2
D3891.contig1276	305	11	5
D3891.contig1277	305	46	4
D3891.contig1278	305	10	4
D3891.contig1279	305	9	3
D3891.contig1280	304	8	6
D3891.contig1281	304	5	3
D3891.contig1282	304	10	4
D3891.contig1283	304	9	7
D3891.contig1284	304	5	5
D3891.contig1285	304	9	4
D3891.contig1286	304	32	1
D3891.contig1287	304	27	12
D3891.contig1288	304	11	3
D3891.contig1289	303	9	5
D3891.contig1290	303	16	4
D3891.contig1291	303	13	3
D3891.contig1292	303	8	6
D3891.contig1293	303	15	3
D3891.contig1294	303	8	4
D3891.contig1295	302	20	4
D3891.contig1296	302	10	2
D3891.contig1297	302	5	0
D3891.contig1298	302	5	5
D3891.contig1299	301	11	2
D3891.contig1300	301	7	1
D3891.contig1301	301	15	3
D3891.contig1302	301	10	6
D3891.contig1303	300	113	10
D3891.contig1304	300	8	2
D3891.contig1305	300	9	3
D3891.contig1306	300	5	5
D3891.contig1307	300	17	3
D3891.contig1308	300	5	3
D3891.contig1309	300	13	4
*	0	0	120424
