RB2.contig1	1314	157	73
RB2.contig2	1295	2406953	108720
RB2.contig3	1293	4004585	274584
RB2.contig4	1285	427650	48083
RB2.contig5	1131	7401	3510
RB2.contig6	1033	179	94
RB2.contig7	1022	441512	98242
RB2.contig8	994	1117773	159920
RB2.contig9	932	160	88
RB2.contig10	884	64	30
RB2.contig11	883	23161	10564
RB2.contig12	879	888752	54968
RB2.contig13	849	64	24
RB2.contig14	810	79	52
RB2.contig15	783	72	34
RB2.contig16	776	810	412
RB2.contig17	770	29539	1140
RB2.contig18	750	43518	16808
RB2.contig19	714	2180	598
RB2.contig20	675	761	373
RB2.contig21	611	12982	4989
RB2.contig22	595	100	55
RB2.contig23	580	187939	28885
RB2.contig24	578	269	165
RB2.contig25	568	49760	18527
RB2.contig26	558	32	11
RB2.contig27	543	332	154
RB2.contig28	539	24	10
RB2.contig29	529	17	8
RB2.contig30	481	90245	12330
RB2.contig31	461	57	35
RB2.contig32	433	14838	3297
RB2.contig33	427	6760	1398
RB2.contig34	419	20	10
RB2.contig35	416	2595	1587
RB2.contig36	416	19	7
RB2.contig37	413	129394	49049
RB2.contig38	412	23572	11249
RB2.contig39	402	14	4
RB2.contig40	396	17	2
RB2.contig41	379	1154	788
RB2.contig42	371	13549	5950
RB2.contig43	365	65	45
RB2.contig44	363	45513	9287
RB2.contig45	355	969	546
RB2.contig46	333	1050	288
RB2.contig47	330	159	73
RB2.contig48	327	130333	52314
RB2.contig49	325	26	10
*	0	0	16271534
