D401.contig1	172851	0	0
D401.contig2	102387	12	8
D401.contig3	99607	120	77
D401.contig4	91962	148	34
D401.contig5	87938	2	0
D401.contig6	86859	1	1
D401.contig7	86547	0	0
D401.contig8	82447	8	8
D401.contig9	78111	11	9
D401.contig10	77178	7	3
D401.contig11	72060	0	0
D401.contig12	71606	5	1
D401.contig13	69505	0	0
D401.contig14	68038	38	12
D401.contig15	64712	0	0
D401.contig16	58927	0	0
D401.contig17	57187	112	86
D401.contig18	56031	13	9
D401.contig19	55661	7	2
D401.contig20	55302	6	4
D401.contig21	53768	0	0
D401.contig22	53739	4	2
D401.contig23	50463	90	43
D401.contig24	49364	134	65
D401.contig25	49277	1	1
D401.contig26	48357	0	0
D401.contig27	47837	14	4
D401.contig28	47536	0	0
D401.contig29	46872	264	81
D401.contig30	46779	45	19
D401.contig31	46052	2	2
D401.contig32	44683	26315	312
D401.contig33	44586	0	0
D401.contig34	42635	1145	15
D401.contig35	42492	0	0
D401.contig36	40367	0	0
D401.contig37	40363	1	1
D401.contig38	39851	0	0
D401.contig39	39835	11	5
D401.contig40	38995	4	2
D401.contig41	38768	0	0
D401.contig42	38734	0	0
D401.contig43	38631	0	0
D401.contig44	38630	1	1
D401.contig45	38573	38587	1004
D401.contig46	38415	0	0
D401.contig47	38015	4	1
D401.contig48	37963	2997429	100657
D401.contig49	37899	2	2
D401.contig50	37655	846590	27282
D401.contig51	37605	0	0
D401.contig52	36937	16	3
D401.contig53	36198	9561	244
D401.contig54	35815	0	0
D401.contig55	35659	14190	235
D401.contig56	35433	34	15
D401.contig57	35335	47	2
D401.contig58	35127	21	5
D401.contig59	34541	1548	428
D401.contig60	34510	539	168
D401.contig61	34285	0	0
D401.contig62	31861	1	1
D401.contig63	31743	134	56
D401.contig64	31705	0	0
D401.contig65	31545	3	3
D401.contig66	31473	0	0
D401.contig67	31292	0	0
D401.contig68	31046	2	0
D401.contig69	30488	0	0
D401.contig70	29909	9991	174
D401.contig71	29907	4	2
D401.contig72	29608	1	1
D401.contig73	29010	408	128
D401.contig74	28798	0	0
D401.contig75	28231	5	1
D401.contig76	28096	49924	1013
D401.contig77	27917	0	0
D401.contig78	27842	100436	2545
D401.contig79	27782	0	0
D401.contig80	27666	97	1
D401.contig81	27418	11	7
D401.contig82	26864	1	1
D401.contig83	26733	2	2
D401.contig84	26270	1	1
D401.contig85	25723	0	0
D401.contig86	25467	0	0
D401.contig87	25183	3	1
D401.contig88	24529	0	0
D401.contig89	23708	0	0
D401.contig90	23665	0	0
D401.contig91	23435	0	0
D401.contig92	23230	0	0
D401.contig93	22866	12	2
D401.contig94	22831	1	1
D401.contig95	22450	1	1
D401.contig96	21971	0	0
D401.contig97	21636	0	0
D401.contig98	21522	121	3
D401.contig99	21431	26	6
D401.contig100	21391	11	5
D401.contig101	21120	7344	94
D401.contig102	20825	0	0
D401.contig103	20807	8	0
D401.contig104	20479	57907	883
D401.contig105	20354	0	0
D401.contig106	19907	2014173	58046
D401.contig107	19444	18	0
D401.contig108	19402	0	0
D401.contig109	19287	1	1
D401.contig110	19183	0	0
D401.contig111	19095	0	0
D401.contig112	19021	33	14
D401.contig113	18605	172	31
D401.contig114	18432	10	8
D401.contig115	18196	3767	42
D401.contig116	17865	16786	649
D401.contig117	17860	274	6
D401.contig118	17613	2995	76
D401.contig119	17609	1	1
D401.contig120	17531	3040	78
D401.contig121	17227	0	0
D401.contig122	17129	5	1
D401.contig123	17050	1	1
D401.contig124	16663	1	1
D401.contig125	16282	0	0
D401.contig126	16265	4690	266
D401.contig127	16192	9	3
D401.contig128	16049	0	0
D401.contig129	15762	0	0
D401.contig130	15717	36	11
D401.contig131	15548	12	5
D401.contig132	15518	22140	572
D401.contig133	15187	0	0
D401.contig134	15130	0	0
D401.contig135	15051	0	0
D401.contig136	14934	15771	282
D401.contig137	14805	0	0
D401.contig138	14744	0	0
D401.contig139	14693	2105	84
D401.contig140	14606	7540	225
D401.contig141	14603	3	0
D401.contig142	14599	0	0
D401.contig143	14398	115	65
D401.contig144	14359	327	36
D401.contig145	14355	7656	155
D401.contig146	14274	28	11
D401.contig147	14235	2015	69
D401.contig148	14223	52177	735
D401.contig149	14185	1445	97
D401.contig150	14095	0	0
D401.contig151	14069	55265	1752
D401.contig152	14016	766	16
D401.contig153	13913	636	24
D401.contig154	13802	1	1
D401.contig155	13782	0	0
D401.contig156	13763	0	0
D401.contig157	13697	0	0
D401.contig158	13672	5010	153
D401.contig159	13606	8	3
D401.contig160	13504	11418	348
D401.contig161	13376	4	4
D401.contig162	13349	0	0
D401.contig163	13303	4187	157
D401.contig164	13302	10741	261
D401.contig165	13185	0	0
D401.contig166	13120	1	1
D401.contig167	13111	0	0
D401.contig168	13108	2	2
D401.contig169	13096	1	1
D401.contig170	13063	2994	92
D401.contig171	13048	5621	95
D401.contig172	12978	0	0
D401.contig173	12914	135	15
D401.contig174	12878	0	0
D401.contig175	12782	4456	77
D401.contig176	12482	0	0
D401.contig177	12464	4490	72
D401.contig178	12431	6555	261
D401.contig179	12379	0	0
D401.contig180	12369	3318	191
D401.contig181	12357	2313	44
D401.contig182	12353	1	0
D401.contig183	12220	13228	326
D401.contig184	12179	1250	29
D401.contig185	12132	2	2
D401.contig186	12112	30	14
D401.contig187	12062	43066	769
D401.contig188	12045	1007	31
D401.contig189	12038	1	1
D401.contig190	11979	0	0
D401.contig191	11892	11	1
D401.contig192	11826	1294	38
D401.contig193	11754	15898	535
D401.contig194	11715	59	34
D401.contig195	11692	0	0
D401.contig196	11672	33	12
D401.contig197	11501	1759	37
D401.contig198	11451	17	11
D401.contig199	11427	34	12
D401.contig200	11395	6281	154
D401.contig201	11345	0	0
D401.contig202	11339	0	0
D401.contig203	11257	0	0
D401.contig204	11246	23	12
D401.contig205	11187	52	42
D401.contig206	11166	0	0
D401.contig207	11140	0	0
D401.contig208	11098	1	1
D401.contig209	11014	0	0
D401.contig210	11012	14	8
D401.contig211	10946	69315	2196
D401.contig212	10802	2502	51
D401.contig213	10746	7	1
D401.contig214	10736	8607	247
D401.contig215	10692	746	23
D401.contig216	10634	19	14
D401.contig217	10581	2300	42
D401.contig218	10560	6145	235
D401.contig219	10512	10	5
D401.contig220	10492	2231	148
D401.contig221	10461	0	0
D401.contig222	10415	1522	24
D401.contig223	10401	1863	66
D401.contig224	10375	1027	20
D401.contig225	10361	1445	51
D401.contig226	10326	0	0
D401.contig227	10321	749	26
D401.contig228	10309	0	0
D401.contig229	10308	0	0
D401.contig230	10284	1	1
D401.contig231	10279	0	0
D401.contig232	10189	1339	42
D401.contig233	10079	6415	162
D401.contig234	10038	7	3
D401.contig235	9903	1050	25
D401.contig236	9824	29417	595
D401.contig237	9812	16179	432
D401.contig238	9718	0	0
D401.contig239	9623	0	0
D401.contig240	9429	2626	83
D401.contig241	9329	0	0
D401.contig242	9239	2	0
D401.contig243	9216	0	0
D401.contig244	9205	11463	283
D401.contig245	9177	4	0
D401.contig246	9153	1	1
D401.contig247	9096	0	0
D401.contig248	8980	591	13
D401.contig249	8974	12627	386
D401.contig250	8969	0	0
D401.contig251	8966	1541	31
D401.contig252	8916	880	25
D401.contig253	8892	0	0
D401.contig254	8879	622	11
D401.contig255	8846	2950	51
D401.contig256	8803	0	0
D401.contig257	8772	0	0
D401.contig258	8692	442	16
D401.contig259	8671	0	0
D401.contig260	8650	0	0
D401.contig261	8602	0	0
D401.contig262	8530	6278	219
D401.contig263	8523	0	0
D401.contig264	8476	0	0
D401.contig265	8475	3757	143
D401.contig266	8474	0	0
D401.contig267	8468	3762	217
D401.contig268	8456	0	0
D401.contig269	8410	2	2
D401.contig270	8396	4	2
D401.contig271	8351	23	7
D401.contig272	8343	3054	55
D401.contig273	8305	0	0
D401.contig274	8304	8036	356
D401.contig275	8300	942	127
D401.contig276	8296	10545	644
D401.contig277	8266	3	3
D401.contig278	8264	2574	271
D401.contig279	8258	566	34
D401.contig280	8235	0	0
D401.contig281	8226	668	26
D401.contig282	8112	1427	37
D401.contig283	8098	3641	189
D401.contig284	8052	0	0
D401.contig285	8024	0	0
D401.contig286	7911	0	0
D401.contig287	7873	0	0
D401.contig288	7843	0	0
D401.contig289	7806	0	0
D401.contig290	7806	0	0
D401.contig291	7772	63	16
D401.contig292	7716	18148	597
D401.contig293	7709	601	38
D401.contig294	7701	2687	237
D401.contig295	7696	583	19
D401.contig296	7651	0	0
D401.contig297	7601	0	0
D401.contig298	7496	0	0
D401.contig299	7487	3409	737
D401.contig300	7482	0	0
D401.contig301	7466	616	24
D401.contig302	7435	0	0
D401.contig303	7395	0	0
D401.contig304	7352	730	21
D401.contig305	7314	83	21
D401.contig306	7284	464	30
D401.contig307	7284	635	17
D401.contig308	7275	3525	194
D401.contig309	7259	967	41
D401.contig310	7239	1126	51
D401.contig311	7202	0	0
D401.contig312	7192	0	0
D401.contig313	7185	7	1
D401.contig314	7160	64	2
D401.contig315	7153	817	24
D401.contig316	7151	0	0
D401.contig317	7101	0	0
D401.contig318	7028	0	0
D401.contig319	6996	8506	398
D401.contig320	6967	0	0
D401.contig321	6957	792	21
D401.contig322	6892	0	0
D401.contig323	6871	0	0
D401.contig324	6855	0	0
D401.contig325	6831	86	4
D401.contig326	6787	768	23
D401.contig327	6783	517	26
D401.contig328	6767	0	0
D401.contig329	6761	1414	50
D401.contig330	6755	4340	196
D401.contig331	6726	455	26
D401.contig332	6668	0	0
D401.contig333	6648	465	11
D401.contig334	6637	411	13
D401.contig335	6548	0	0
D401.contig336	6530	450	16
D401.contig337	6514	891	43
D401.contig338	6467	383	19
D401.contig339	6459	780	22
D401.contig340	6456	1275	18
D401.contig341	6441	651	17
D401.contig342	6393	3156	85
D401.contig343	6385	270	11
D401.contig344	6384	679	111
D401.contig345	6373	910253	43119
D401.contig346	6364	0	0
D401.contig347	6360	0	0
D401.contig348	6325	446	14
D401.contig349	6316	17576	404
D401.contig350	6278	0	0
D401.contig351	6259	547	11
D401.contig352	6244	0	0
D401.contig353	6241	0	0
D401.contig354	6205	1905	55
D401.contig355	6195	15640	177
D401.contig356	6183	0	0
D401.contig357	6156	0	0
D401.contig358	6120	0	0
D401.contig359	6120	0	0
D401.contig360	6106	0	0
D401.contig361	6101	764	24
D401.contig362	6099	0	0
D401.contig363	6088	11	8
D401.contig364	6085	0	0
D401.contig365	6015	0	0
D401.contig366	6006	0	0
D401.contig367	5994	408	8
D401.contig368	5992	375	15
D401.contig369	5969	1	1
D401.contig370	5916	430	11
D401.contig371	5913	372	20
D401.contig372	5889	114	58
D401.contig373	5886	504	65
D401.contig374	5881	1500	104
D401.contig375	5839	1131	35
D401.contig376	5828	1142	67
D401.contig377	5822	1635	53
D401.contig378	5780	0	0
D401.contig379	5778	16	6
D401.contig380	5778	1507	388
D401.contig381	5775	584046	19502
D401.contig382	5742	579	10
D401.contig383	5738	1372	81
D401.contig384	5682	0	0
D401.contig385	5673	334	6
D401.contig386	5652	603	18
D401.contig387	5635	3585	145
D401.contig388	5632	0	0
D401.contig389	5541	0	0
D401.contig390	5442	349	9
D401.contig391	5435	268	16
D401.contig392	5433	49	3
D401.contig393	5430	382	18
D401.contig394	5417	0	0
D401.contig395	5416	13	9
D401.contig396	5404	0	0
D401.contig397	5389	1	1
D401.contig398	5368	0	0
D401.contig399	5352	5023	108
D401.contig400	5343	377	27
D401.contig401	5342	13860	496
D401.contig402	5314	0	0
D401.contig403	5311	4040	200
D401.contig404	5308	224248	4388
D401.contig405	5307	0	0
D401.contig406	5305	0	0
D401.contig407	5291	338	12
D401.contig408	5270	1	1
D401.contig409	5230	0	0
D401.contig410	5198	0	0
D401.contig411	5192	1406	25
D401.contig412	5190	0	0
D401.contig413	5187	0	0
D401.contig414	5181	329	15
D401.contig415	5156	488	15
D401.contig416	5143	4580	104
D401.contig417	5143	829	79
D401.contig418	5143	0	0
D401.contig419	5141	0	0
D401.contig420	5116	454	9
D401.contig421	5105	4066	212
D401.contig422	5099	14670	628
D401.contig423	5088	7	5
D401.contig424	5076	0	0
D401.contig425	5069	0	0
D401.contig426	5057	1100	52
D401.contig427	5036	10512	386
D401.contig428	5026	1258	74
D401.contig429	5011	1	0
D401.contig430	4992	762	22
D401.contig431	4984	470	17
D401.contig432	4983	58	34
D401.contig433	4977	638	16
D401.contig434	4945	0	0
D401.contig435	4939	17	7
D401.contig436	4922	412	15
D401.contig437	4918	398	28
D401.contig438	4918	559	101
D401.contig439	4915	20	5
D401.contig440	4914	905	178
D401.contig441	4911	353	9
D401.contig442	4898	2698	54
D401.contig443	4893	0	0
D401.contig444	4884	373	8
D401.contig445	4874	3612	129
D401.contig446	4869	0	0
D401.contig447	4867	0	0
D401.contig448	4861	0	0
D401.contig449	4860	0	0
D401.contig450	4819	0	0
D401.contig451	4814	0	0
D401.contig452	4797	4898	148
D401.contig453	4790	0	0
D401.contig454	4784	0	0
D401.contig455	4761	1680	73
D401.contig456	4755	0	0
D401.contig457	4739	8420	71
D401.contig458	4736	0	0
D401.contig459	4712	0	0
D401.contig460	4666	1	0
D401.contig461	4665	7485	182
D401.contig462	4651	0	0
D401.contig463	4648	1	1
D401.contig464	4647	9021	195
D401.contig465	4642	382	10
D401.contig466	4638	204	12
D401.contig467	4627	0	0
D401.contig468	4613	776	16
D401.contig469	4606	4	4
D401.contig470	4595	61422	2001
D401.contig471	4595	398	27
D401.contig472	4593	0	0
D401.contig473	4587	6996	515
D401.contig474	4575	1	1
D401.contig475	4556	1499	107
D401.contig476	4541	1301	28
D401.contig477	4538	0	0
D401.contig478	4535	834	50
D401.contig479	4502	359	52
D401.contig480	4490	212	12
D401.contig481	4474	10	6
D401.contig482	4457	0	0
D401.contig483	4428	188	10
D401.contig484	4419	1942	369
D401.contig485	4414	475	35
D401.contig486	4410	0	0
D401.contig487	4403	0	0
D401.contig488	4385	8493	374
D401.contig489	4382	174	6
D401.contig490	4375	649	81
D401.contig491	4372	19	1
D401.contig492	4347	4122	3012
D401.contig493	4333	448	30
D401.contig494	4329	0	0
D401.contig495	4317	4081	235
D401.contig496	4316	659	22
D401.contig497	4314	0	0
D401.contig498	4296	414	28
D401.contig499	4289	2	2
D401.contig500	4272	278	10
D401.contig501	4272	6	2
D401.contig502	4270	409	28
D401.contig503	4268	0	0
D401.contig504	4262	0	0
D401.contig505	4252	0	0
D401.contig506	4244	186	3
D401.contig507	4224	0	0
D401.contig508	4215	0	0
D401.contig509	4181	0	0
D401.contig510	4160	0	0
D401.contig511	4152	2343	295
D401.contig512	4150	205	11
D401.contig513	4140	5977	3542
D401.contig514	4136	0	0
D401.contig515	4122	0	0
D401.contig516	4120	1811	141
D401.contig517	4117	447	167
D401.contig518	4107	6979	612
D401.contig519	4104	0	0
D401.contig520	4094	232	13
D401.contig521	4069	918	492
D401.contig522	4053	1066	59
D401.contig523	4053	0	0
D401.contig524	4032	2378	154
D401.contig525	4029	837	11
D401.contig526	4018	659	70
D401.contig527	4007	0	0
D401.contig528	4000	0	0
D401.contig529	3994	1298	120
D401.contig530	3984	0	0
D401.contig531	3974	256	8
D401.contig532	3973	128	6
D401.contig533	3948	0	0
D401.contig534	3944	413	13
D401.contig535	3929	0	0
D401.contig536	3928	0	0
D401.contig537	3927	250	12
D401.contig538	3922	0	0
D401.contig539	3914	172	7
D401.contig540	3902	352	16
D401.contig541	3899	2331	23
D401.contig542	3890	354	56
D401.contig543	3878	192	12
D401.contig544	3857	1071	16
D401.contig545	3846	14709	254
D401.contig546	3832	239	3
D401.contig547	3824	247	19
D401.contig548	3821	0	0
D401.contig549	3811	1	0
D401.contig550	3806	721	30
D401.contig551	3802	447	42
D401.contig552	3789	0	0
D401.contig553	3778	0	0
D401.contig554	3769	50	2
D401.contig555	3759	0	0
D401.contig556	3742	1013	73
D401.contig557	3738	5117	134
D401.contig558	3718	173	9
D401.contig559	3717	1837	516
D401.contig560	3715	158	12
D401.contig561	3708	199	5
D401.contig562	3705	0	0
D401.contig563	3704	167	13
D401.contig564	3702	325	21
D401.contig565	3699	0	0
D401.contig566	3695	0	0
D401.contig567	3680	0	0
D401.contig568	3667	980	321
D401.contig569	3662	216	9
D401.contig570	3653	1	1
D401.contig571	3636	204	4
D401.contig572	3628	496	41
D401.contig573	3626	342	29
D401.contig574	3604	177	12
D401.contig575	3589	168	6
D401.contig576	3585	89	6
D401.contig577	3584	516	24
D401.contig578	3582	0	0
D401.contig579	3580	0	0
D401.contig580	3578	179	17
D401.contig581	3577	0	0
D401.contig582	3568	0	0
D401.contig583	3566	200	9
D401.contig584	3563	0	0
D401.contig585	3562	0	0
D401.contig586	3550	1000	116
D401.contig587	3548	32	30
D401.contig588	3543	241	12
D401.contig589	3520	0	0
D401.contig590	3518	0	0
D401.contig591	3517	0	0
D401.contig592	3513	1202	179
D401.contig593	3512	0	0
D401.contig594	3504	5	1
D401.contig595	3502	1	1
D401.contig596	3501	0	0
D401.contig597	3495	0	0
D401.contig598	3489	0	0
D401.contig599	3481	0	0
D401.contig600	3449	812	226
D401.contig601	3435	6348	281
D401.contig602	3435	144	3
D401.contig603	3429	0	0
D401.contig604	3423	354	24
D401.contig605	3422	468	78
D401.contig606	3411	641	65
D401.contig607	3407	974	526
D401.contig608	3407	423	47
D401.contig609	3402	0	0
D401.contig610	3389	131	7
D401.contig611	3385	7	3
D401.contig612	3382	0	0
D401.contig613	3377	228	12
D401.contig614	3377	146	10
D401.contig615	3365	662	92
D401.contig616	3360	231	7
D401.contig617	3346	0	0
D401.contig618	3343	698	309
D401.contig619	3342	0	0
D401.contig620	3338	0	0
D401.contig621	3318	877	19
D401.contig622	3316	0	0
D401.contig623	3298	315	35
D401.contig624	3289	0	0
D401.contig625	3285	0	0
D401.contig626	3283	0	0
D401.contig627	3280	192	4
D401.contig628	3262	559	185
D401.contig629	3261	152	8
D401.contig630	3254	152	8
D401.contig631	3249	397	63
D401.contig632	3242	123	4
D401.contig633	3242	190	12
D401.contig634	3241	282	55
D401.contig635	3236	1343	115
D401.contig636	3232	13	1
D401.contig637	3230	239	21
D401.contig638	3229	0	0
D401.contig639	3228	0	0
D401.contig640	3227	165	11
D401.contig641	3227	383	17
D401.contig642	3222	2	0
D401.contig643	3214	1	1
D401.contig644	3213	1650	153
D401.contig645	3204	0	0
D401.contig646	3199	494	7
D401.contig647	3186	155	14
D401.contig648	3163	4459	282
D401.contig649	3158	27403	1560
D401.contig650	3156	463	40
D401.contig651	3150	227	11
D401.contig652	3144	0	0
D401.contig653	3137	792	115
D401.contig654	3137	892	62
D401.contig655	3135	262	16
D401.contig656	3126	209	15
D401.contig657	3121	0	0
D401.contig658	3116	898	123
D401.contig659	3111	145	11
D401.contig660	3108	185	9
D401.contig661	3097	0	0
D401.contig662	3097	1263	15
D401.contig663	3090	0	0
D401.contig664	3088	380	30
D401.contig665	3084	0	0
D401.contig666	3083	6369	1603
D401.contig667	3076	0	0
D401.contig668	3064	100	14
D401.contig669	3059	0	0
D401.contig670	3051	355	103
D401.contig671	3033	92	6
D401.contig672	3033	152	4
D401.contig673	3027	187	6
D401.contig674	3026	0	0
D401.contig675	3018	143	15
D401.contig676	3003	162	2
*	0	0	760808
