D401.contig1	172851	0	0
D401.contig2	102387	15799	250
D401.contig3	99607	5693	341
D401.contig4	91962	10598	220
D401.contig5	87938	3906	66
D401.contig6	86859	9198	182
D401.contig7	86547	21137	402
D401.contig8	82447	7913	173
D401.contig9	78111	4248	67
D401.contig10	77178	2459	48
D401.contig11	72060	3565	62
D401.contig12	71606	1788398	93961
D401.contig13	69505	4801	623
D401.contig14	68038	7326	116
D401.contig15	64712	4879	93
D401.contig16	58927	0	0
D401.contig17	57187	4808	62
D401.contig18	56031	2133	33
D401.contig19	55661	6534	96
D401.contig20	55302	3451	37
D401.contig21	53768	3838	82
D401.contig22	53739	1846	36
D401.contig23	50463	2957	82
D401.contig24	49364	1625	31
D401.contig25	49277	9297	191
D401.contig26	48357	2664	40
D401.contig27	47837	2024	39
D401.contig28	47536	0	0
D401.contig29	46872	1803	36
D401.contig30	46779	3961	96
D401.contig31	46052	1408	22
D401.contig32	44683	0	0
D401.contig33	44586	5606	90
D401.contig34	42635	0	0
D401.contig35	42492	5457	82
D401.contig36	40367	0	0
D401.contig37	40363	1422	29
D401.contig38	39851	0	0
D401.contig39	39835	1723	29
D401.contig40	38995	9331	173
D401.contig41	38768	354	68
D401.contig42	38734	0	0
D401.contig43	38631	2001	22
D401.contig44	38630	3569	91
D401.contig45	38573	202	52
D401.contig46	38415	0	0
D401.contig47	38015	3710	60
D401.contig48	37963	10	4
D401.contig49	37899	31020	649
D401.contig50	37655	2	0
D401.contig51	37605	13586	299
D401.contig52	36937	1585	21
D401.contig53	36198	7	1
D401.contig54	35815	1767	49
D401.contig55	35659	0	0
D401.contig56	35433	1043	31
D401.contig57	35335	729	9
D401.contig58	35127	4683	96
D401.contig59	34541	5866	370
D401.contig60	34510	2239	39
D401.contig61	34285	0	0
D401.contig62	31861	6883	197
D401.contig63	31743	1622	26
D401.contig64	31705	28	16
D401.contig65	31545	2093	43
D401.contig66	31473	2630	61
D401.contig67	31292	35	12
D401.contig68	31046	1449	30
D401.contig69	30488	4799	137
D401.contig70	29909	0	0
D401.contig71	29907	1270	29
D401.contig72	29608	1569	18
D401.contig73	29010	1659	34
D401.contig74	28798	3051	63
D401.contig75	28231	1421	47
D401.contig76	28096	1	1
D401.contig77	27917	9612	127
D401.contig78	27842	1	0
D401.contig79	27782	1887	26
D401.contig80	27666	1304	24
D401.contig81	27418	1677	59
D401.contig82	26864	508	17
D401.contig83	26733	740	11
D401.contig84	26270	886	19
D401.contig85	25723	9213	232
D401.contig86	25467	4357	44
D401.contig87	25183	526	9
D401.contig88	24529	1311	500
D401.contig89	23708	496	12
D401.contig90	23665	1758	35
D401.contig91	23435	1192	32
D401.contig92	23230	2796	40
D401.contig93	22866	480	10
D401.contig94	22831	952	20
D401.contig95	22450	421	7
D401.contig96	21971	14319	286
D401.contig97	21636	5966	121
D401.contig98	21522	1951	116
D401.contig99	21431	1093	25
D401.contig100	21391	1481	69
D401.contig101	21120	0	0
D401.contig102	20825	9328	528
D401.contig103	20807	0	0
D401.contig104	20479	19	1
D401.contig105	20354	1190	24
D401.contig106	19907	5	1
D401.contig107	19444	0	0
D401.contig108	19402	266	84
D401.contig109	19287	983	114
D401.contig110	19183	1401	28
D401.contig111	19095	1294	16
D401.contig112	19021	1749	43
D401.contig113	18605	809	24
D401.contig114	18432	474	10
D401.contig115	18196	8	0
D401.contig116	17865	0	0
D401.contig117	17860	0	0
D401.contig118	17613	52	14
D401.contig119	17609	328	12
D401.contig120	17531	0	0
D401.contig121	17227	642	22
D401.contig122	17129	1040	168
D401.contig123	17050	10668	417
D401.contig124	16663	519	13
D401.contig125	16282	245	11
D401.contig126	16265	986	146
D401.contig127	16192	363	9
D401.contig128	16049	2580	48
D401.contig129	15762	0	0
D401.contig130	15717	340	4
D401.contig131	15548	2678	42
D401.contig132	15518	0	0
D401.contig133	15187	75	19
D401.contig134	15130	400	7
D401.contig135	15051	520	14
D401.contig136	14934	0	0
D401.contig137	14805	570	8
D401.contig138	14744	885	18
D401.contig139	14693	0	0
D401.contig140	14606	0	0
D401.contig141	14603	3269	72
D401.contig142	14599	297	25
D401.contig143	14398	575	5
D401.contig144	14359	5	3
D401.contig145	14355	0	0
D401.contig146	14274	666	17
D401.contig147	14235	0	0
D401.contig148	14223	0	0
D401.contig149	14185	0	0
D401.contig150	14095	83	17
D401.contig151	14069	1	0
D401.contig152	14016	0	0
D401.contig153	13913	0	0
D401.contig154	13802	4909	178
D401.contig155	13782	689	18
D401.contig156	13763	542	15
D401.contig157	13697	1336	43
D401.contig158	13672	0	0
D401.contig159	13606	635	21
D401.contig160	13504	0	0
D401.contig161	13376	441	26
D401.contig162	13349	5753	126
D401.contig163	13303	0	0
D401.contig164	13302	0	0
D401.contig165	13185	0	0
D401.contig166	13120	1126	30
D401.contig167	13111	2480	73
D401.contig168	13108	529	10
D401.contig169	13096	3620	83
D401.contig170	13063	0	0
D401.contig171	13048	0	0
D401.contig172	12978	584	11
D401.contig173	12914	0	0
D401.contig174	12878	0	0
D401.contig175	12782	0	0
D401.contig176	12482	2531	121
D401.contig177	12464	0	0
D401.contig178	12431	0	0
D401.contig179	12379	0	0
D401.contig180	12369	0	0
D401.contig181	12357	8	0
D401.contig182	12353	0	0
D401.contig183	12220	0	0
D401.contig184	12179	0	0
D401.contig185	12132	778	15
D401.contig186	12112	3159	91
D401.contig187	12062	0	0
D401.contig188	12045	0	0
D401.contig189	12038	597	9
D401.contig190	11979	0	0
D401.contig191	11892	0	0
D401.contig192	11826	0	0
D401.contig193	11754	0	0
D401.contig194	11715	871	211
D401.contig195	11692	624	26
D401.contig196	11672	6221	130
D401.contig197	11501	0	0
D401.contig198	11451	221	5
D401.contig199	11427	124	3
D401.contig200	11395	0	0
D401.contig201	11345	487	7
D401.contig202	11339	793	15
D401.contig203	11257	0	0
D401.contig204	11246	228	7
D401.contig205	11187	4432	139
D401.contig206	11166	222	5
D401.contig207	11140	199	3
D401.contig208	11098	857	21
D401.contig209	11014	1	0
D401.contig210	11012	233	7
D401.contig211	10946	0	0
D401.contig212	10802	0	0
D401.contig213	10746	177	1
D401.contig214	10736	0	0
D401.contig215	10692	0	0
D401.contig216	10634	1967	50
D401.contig217	10581	1	1
D401.contig218	10560	0	0
D401.contig219	10512	7686	545
D401.contig220	10492	0	0
D401.contig221	10461	250	6
D401.contig222	10415	0	0
D401.contig223	10401	41	15
D401.contig224	10375	0	0
D401.contig225	10361	1	1
D401.contig226	10326	34859	5505
D401.contig227	10321	0	0
D401.contig228	10309	0	0
D401.contig229	10308	0	0
D401.contig230	10284	2245	47
D401.contig231	10279	599	25
D401.contig232	10189	0	0
D401.contig233	10079	0	0
D401.contig234	10038	339	9
D401.contig235	9903	0	0
D401.contig236	9824	21	12
D401.contig237	9812	0	0
D401.contig238	9718	7168	161
D401.contig239	9623	305	4
D401.contig240	9429	0	0
D401.contig241	9329	6044	159
D401.contig242	9239	96	3
D401.contig243	9216	147	15
D401.contig244	9205	2	0
D401.contig245	9177	401	11
D401.contig246	9153	307	15
D401.contig247	9096	224	16
D401.contig248	8980	0	0
D401.contig249	8974	0	0
D401.contig250	8969	1531	23
D401.contig251	8966	0	0
D401.contig252	8916	0	0
D401.contig253	8892	176	3
D401.contig254	8879	0	0
D401.contig255	8846	1	1
D401.contig256	8803	62	0
D401.contig257	8772	2532	183
D401.contig258	8692	0	0
D401.contig259	8671	9	1
D401.contig260	8650	0	0
D401.contig261	8602	76	3
D401.contig262	8530	0	0
D401.contig263	8523	436	9
D401.contig264	8476	296	10
D401.contig265	8475	0	0
D401.contig266	8474	0	0
D401.contig267	8468	0	0
D401.contig268	8456	115	1
D401.contig269	8410	297	4
D401.contig270	8396	126	3
D401.contig271	8351	160	2
D401.contig272	8343	0	0
D401.contig273	8305	355	13
D401.contig274	8304	0	0
D401.contig275	8300	1243	128
D401.contig276	8296	0	0
D401.contig277	8266	223	5
D401.contig278	8264	0	0
D401.contig279	8258	0	0
D401.contig280	8235	131	1
D401.contig281	8226	0	0
D401.contig282	8112	0	0
D401.contig283	8098	0	0
D401.contig284	8052	76	2
D401.contig285	8024	448	6
D401.contig286	7911	147	7
D401.contig287	7873	0	0
D401.contig288	7843	364	8
D401.contig289	7806	0	0
D401.contig290	7806	154	0
D401.contig291	7772	8	4
D401.contig292	7716	4	2
D401.contig293	7709	0	0
D401.contig294	7701	0	0
D401.contig295	7696	0	0
D401.contig296	7651	238222	16412
D401.contig297	7601	87	5
D401.contig298	7496	283	3
D401.contig299	7487	0	0
D401.contig300	7482	0	0
D401.contig301	7466	0	0
D401.contig302	7435	0	0
D401.contig303	7395	0	0
D401.contig304	7352	0	0
D401.contig305	7314	5820	224
D401.contig306	7284	0	0
D401.contig307	7284	0	0
D401.contig308	7275	0	0
D401.contig309	7259	0	0
D401.contig310	7239	0	0
D401.contig311	7202	4763	79
D401.contig312	7192	0	0
D401.contig313	7185	62	2
D401.contig314	7160	0	0
D401.contig315	7153	0	0
D401.contig316	7151	0	0
D401.contig317	7101	0	0
D401.contig318	7028	77	3
D401.contig319	6996	0	0
D401.contig320	6967	152	10
D401.contig321	6957	132	55
D401.contig322	6892	0	0
D401.contig323	6871	248	9
D401.contig324	6855	0	0
D401.contig325	6831	0	0
D401.contig326	6787	0	0
D401.contig327	6783	0	0
D401.contig328	6767	285	13
D401.contig329	6761	0	0
D401.contig330	6755	10	2
D401.contig331	6726	0	0
D401.contig332	6668	0	0
D401.contig333	6648	0	0
D401.contig334	6637	0	0
D401.contig335	6548	323	17
D401.contig336	6530	0	0
D401.contig337	6514	0	0
D401.contig338	6467	2	0
D401.contig339	6459	0	0
D401.contig340	6456	1	0
D401.contig341	6441	0	0
D401.contig342	6393	0	0
D401.contig343	6385	0	0
D401.contig344	6384	0	0
D401.contig345	6373	1	1
D401.contig346	6364	222	8
D401.contig347	6360	90	5
D401.contig348	6325	21	7
D401.contig349	6316	0	0
D401.contig350	6278	207	9
D401.contig351	6259	0	0
D401.contig352	6244	284	6
D401.contig353	6241	1271	58
D401.contig354	6205	0	0
D401.contig355	6195	0	0
D401.contig356	6183	99	1
D401.contig357	6156	251	8
D401.contig358	6120	0	0
D401.contig359	6120	34	0
D401.contig360	6106	190	7
D401.contig361	6101	16	0
D401.contig362	6099	2	0
D401.contig363	6088	2099	86
D401.contig364	6085	398	21
D401.contig365	6015	0	0
D401.contig366	6006	0	0
D401.contig367	5994	0	0
D401.contig368	5992	0	0
D401.contig369	5969	126	2
D401.contig370	5916	0	0
D401.contig371	5913	0	0
D401.contig372	5889	1495	90
D401.contig373	5886	0	0
D401.contig374	5881	0	0
D401.contig375	5839	0	0
D401.contig376	5828	0	0
D401.contig377	5822	8	0
D401.contig378	5780	0	0
D401.contig379	5778	143	6
D401.contig380	5778	0	0
D401.contig381	5775	0	0
D401.contig382	5742	2	0
D401.contig383	5738	0	0
D401.contig384	5682	0	0
D401.contig385	5673	0	0
D401.contig386	5652	0	0
D401.contig387	5635	41	0
D401.contig388	5632	97	3
D401.contig389	5541	29378	1298
D401.contig390	5442	0	0
D401.contig391	5435	0	0
D401.contig392	5433	0	0
D401.contig393	5430	1	1
D401.contig394	5417	1335	344
D401.contig395	5416	101	4
D401.contig396	5404	99697	4568
D401.contig397	5389	732	18
D401.contig398	5368	1521	59
D401.contig399	5352	0	0
D401.contig400	5343	0	0
D401.contig401	5342	0	0
D401.contig402	5314	106	4
D401.contig403	5311	0	0
D401.contig404	5308	0	0
D401.contig405	5307	0	0
D401.contig406	5305	127	1
D401.contig407	5291	207	11
D401.contig408	5270	61	1
D401.contig409	5230	41	1
D401.contig410	5198	1970	86
D401.contig411	5192	4	0
D401.contig412	5190	521	17
D401.contig413	5187	0	0
D401.contig414	5181	0	0
D401.contig415	5156	2	0
D401.contig416	5143	0	0
D401.contig417	5143	0	0
D401.contig418	5143	387	6
D401.contig419	5141	4941	143
D401.contig420	5116	3	1
D401.contig421	5105	0	0
D401.contig422	5099	1	0
D401.contig423	5088	137	7
D401.contig424	5076	127688	12936
D401.contig425	5069	3045	183
D401.contig426	5057	0	0
D401.contig427	5036	0	0
D401.contig428	5026	0	0
D401.contig429	5011	90	4
D401.contig430	4992	0	0
D401.contig431	4984	1	1
D401.contig432	4983	48	1
D401.contig433	4977	0	0
D401.contig434	4945	4180	191
D401.contig435	4939	1706287	68185
D401.contig436	4922	0	0
D401.contig437	4918	5	3
D401.contig438	4918	0	0
D401.contig439	4915	670	27
D401.contig440	4914	0	0
D401.contig441	4911	0	0
D401.contig442	4898	0	0
D401.contig443	4893	301	17
D401.contig444	4884	0	0
D401.contig445	4874	7	1
D401.contig446	4869	134	5
D401.contig447	4867	543	9
D401.contig448	4861	0	0
D401.contig449	4860	168	5
D401.contig450	4819	37	3
D401.contig451	4814	0	0
D401.contig452	4797	0	0
D401.contig453	4790	12119	1780
D401.contig454	4784	87	5
D401.contig455	4761	0	0
D401.contig456	4755	0	0
D401.contig457	4739	0	0
D401.contig458	4736	4747	209
D401.contig459	4712	0	0
D401.contig460	4666	89	2
D401.contig461	4665	0	0
D401.contig462	4651	40	12
D401.contig463	4648	218	3
D401.contig464	4647	0	0
D401.contig465	4642	0	0
D401.contig466	4638	0	0
D401.contig467	4627	49	1
D401.contig468	4613	0	0
D401.contig469	4606	939	105
D401.contig470	4595	0	0
D401.contig471	4595	0	0
D401.contig472	4593	3323	202
D401.contig473	4587	2	0
D401.contig474	4575	89	23
D401.contig475	4556	0	0
D401.contig476	4541	0	0
D401.contig477	4538	83	1
D401.contig478	4535	0	0
D401.contig479	4502	0	0
D401.contig480	4490	0	0
D401.contig481	4474	3678	210
D401.contig482	4457	6	0
D401.contig483	4428	0	0
D401.contig484	4419	0	0
D401.contig485	4414	0	0
D401.contig486	4410	91	8
D401.contig487	4403	1	1
D401.contig488	4385	2	1
D401.contig489	4382	0	0
D401.contig490	4375	0	0
D401.contig491	4372	0	0
D401.contig492	4347	0	0
D401.contig493	4333	0	0
D401.contig494	4329	80	3
D401.contig495	4317	0	0
D401.contig496	4316	0	0
D401.contig497	4314	0	0
D401.contig498	4296	0	0
D401.contig499	4289	903163	28137
D401.contig500	4272	0	0
D401.contig501	4272	106	3
D401.contig502	4270	0	0
D401.contig503	4268	272	7
D401.contig504	4262	58	5
D401.contig505	4252	79	2
D401.contig506	4244	0	0
D401.contig507	4224	131	3
D401.contig508	4215	140	6
D401.contig509	4181	0	0
D401.contig510	4160	0	0
D401.contig511	4152	0	0
D401.contig512	4150	0	0
D401.contig513	4140	0	0
D401.contig514	4136	2	0
D401.contig515	4122	0	0
D401.contig516	4120	0	0
D401.contig517	4117	0	0
D401.contig518	4107	0	0
D401.contig519	4104	2044	64
D401.contig520	4094	3	2
D401.contig521	4069	2	0
D401.contig522	4053	0	0
D401.contig523	4053	2620	81
D401.contig524	4032	1	1
D401.contig525	4029	0	0
D401.contig526	4018	0	0
D401.contig527	4007	207	9
D401.contig528	4000	18	0
D401.contig529	3994	0	0
D401.contig530	3984	0	0
D401.contig531	3974	0	0
D401.contig532	3973	0	0
D401.contig533	3948	293	22
D401.contig534	3944	0	0
D401.contig535	3929	0	0
D401.contig536	3928	1873	118
D401.contig537	3927	0	0
D401.contig538	3922	164	6
D401.contig539	3914	0	0
D401.contig540	3902	0	0
D401.contig541	3899	0	0
D401.contig542	3890	0	0
D401.contig543	3878	0	0
D401.contig544	3857	0	0
D401.contig545	3846	0	0
D401.contig546	3832	0	0
D401.contig547	3824	0	0
D401.contig548	3821	29	1
D401.contig549	3811	73	5
D401.contig550	3806	0	0
D401.contig551	3802	0	0
D401.contig552	3789	1164	90
D401.contig553	3778	0	0
D401.contig554	3769	0	0
D401.contig555	3759	25	1
D401.contig556	3742	0	0
D401.contig557	3738	19	0
D401.contig558	3718	0	0
D401.contig559	3717	0	0
D401.contig560	3715	0	0
D401.contig561	3708	0	0
D401.contig562	3705	887	73
D401.contig563	3704	1	1
D401.contig564	3702	0	0
D401.contig565	3699	61	4
D401.contig566	3695	0	0
D401.contig567	3680	26	4
D401.contig568	3667	0	0
D401.contig569	3662	0	0
D401.contig570	3653	74	2
D401.contig571	3636	0	0
D401.contig572	3628	0	0
D401.contig573	3626	0	0
D401.contig574	3604	0	0
D401.contig575	3589	0	0
D401.contig576	3585	0	0
D401.contig577	3584	0	0
D401.contig578	3582	201	2
D401.contig579	3580	142	13
D401.contig580	3578	0	0
D401.contig581	3577	0	0
D401.contig582	3568	0	0
D401.contig583	3566	0	0
D401.contig584	3563	25	1
D401.contig585	3562	29	1
D401.contig586	3550	0	0
D401.contig587	3548	62	2
D401.contig588	3543	0	0
D401.contig589	3520	0	0
D401.contig590	3518	3723	256
D401.contig591	3517	0	0
D401.contig592	3513	0	0
D401.contig593	3512	0	0
D401.contig594	3504	0	0
D401.contig595	3502	361	28
D401.contig596	3501	0	0
D401.contig597	3495	633	19
D401.contig598	3489	59	2
D401.contig599	3481	63	1
D401.contig600	3449	0	0
D401.contig601	3435	0	0
D401.contig602	3435	0	0
D401.contig603	3429	3100	141
D401.contig604	3423	0	0
D401.contig605	3422	0	0
D401.contig606	3411	0	0
D401.contig607	3407	0	0
D401.contig608	3407	47	5
D401.contig609	3402	99	3
D401.contig610	3389	0	0
D401.contig611	3385	121	11
D401.contig612	3382	59	3
D401.contig613	3377	0	0
D401.contig614	3377	74	6
D401.contig615	3365	0	0
D401.contig616	3360	0	0
D401.contig617	3346	18	2
D401.contig618	3343	0	0
D401.contig619	3342	39	5
D401.contig620	3338	0	0
D401.contig621	3318	0	0
D401.contig622	3316	0	0
D401.contig623	3298	0	0
D401.contig624	3289	74	6
D401.contig625	3285	222	2
D401.contig626	3283	50	4
D401.contig627	3280	2	0
D401.contig628	3262	0	0
D401.contig629	3261	0	0
D401.contig630	3254	0	0
D401.contig631	3249	0	0
D401.contig632	3242	0	0
D401.contig633	3242	0	0
D401.contig634	3241	3453	167
D401.contig635	3236	0	0
D401.contig636	3232	0	0
D401.contig637	3230	0	0
D401.contig638	3229	19	3
D401.contig639	3228	109	5
D401.contig640	3227	0	0
D401.contig641	3227	0	0
D401.contig642	3222	68	4
D401.contig643	3214	1399	71
D401.contig644	3213	0	0
D401.contig645	3204	0	0
D401.contig646	3199	0	0
D401.contig647	3186	0	0
D401.contig648	3163	0	0
D401.contig649	3158	0	0
D401.contig650	3156	314	144
D401.contig651	3150	0	0
D401.contig652	3144	77	2
D401.contig653	3137	0	0
D401.contig654	3137	0	0
D401.contig655	3135	0	0
D401.contig656	3126	0	0
D401.contig657	3121	0	0
D401.contig658	3116	92	35
D401.contig659	3111	0	0
D401.contig660	3108	0	0
D401.contig661	3097	0	0
D401.contig662	3097	1	0
D401.contig663	3090	0	0
D401.contig664	3088	0	0
D401.contig665	3084	0	0
D401.contig666	3083	0	0
D401.contig667	3076	87	1
D401.contig668	3064	0	0
D401.contig669	3059	0	0
D401.contig670	3051	0	0
D401.contig671	3033	0	0
D401.contig672	3033	0	0
D401.contig673	3027	0	0
D401.contig674	3026	74	8
D401.contig675	3018	0	0
D401.contig676	3003	0	0
*	0	0	3974144
