D401.contig1	172851	0	0
D401.contig2	102387	107913	2276
D401.contig3	99607	37823	1300
D401.contig4	91962	52109	1334
D401.contig5	87938	33510	624
D401.contig6	86859	59083	1224
D401.contig7	86547	139391	3124
D401.contig8	82447	50893	998
D401.contig9	78111	29852	581
D401.contig10	77178	27329	541
D401.contig11	72060	41631	837
D401.contig12	71606	6	0
D401.contig13	69505	0	0
D401.contig14	68038	43842	1079
D401.contig15	64712	56601	1396
D401.contig16	58927	0	0
D401.contig17	57187	46813	879
D401.contig18	56031	13265	287
D401.contig19	55661	48612	1046
D401.contig20	55302	37048	823
D401.contig21	53768	36706	762
D401.contig22	53739	23748	507
D401.contig23	50463	34216	775
D401.contig24	49364	13447	335
D401.contig25	49277	44449	1060
D401.contig26	48357	18979	368
D401.contig27	47837	15900	600
D401.contig28	47536	0	0
D401.contig29	46872	12647	294
D401.contig30	46779	31906	732
D401.contig31	46052	19069	351
D401.contig32	44683	2	0
D401.contig33	44586	34426	707
D401.contig34	42635	0	0
D401.contig35	42492	26004	561
D401.contig36	40367	0	0
D401.contig37	40363	9306	195
D401.contig38	39851	0	0
D401.contig39	39835	8784	239
D401.contig40	38995	68228	1672
D401.contig41	38768	28010	5430
D401.contig42	38734	1992	77
D401.contig43	38631	12833	282
D401.contig44	38630	30616	837
D401.contig45	38573	0	0
D401.contig46	38415	0	0
D401.contig47	38015	26514	573
D401.contig48	37963	6	1
D401.contig49	37899	116299	3492
D401.contig50	37655	0	0
D401.contig51	37605	42720	1386
D401.contig52	36937	13788	255
D401.contig53	36198	1171	225
D401.contig54	35815	10291	291
D401.contig55	35659	0	0
D401.contig56	35433	8912	222
D401.contig57	35335	5792	156
D401.contig58	35127	26179	716
D401.contig59	34541	34708	2233
D401.contig60	34510	33655	616
D401.contig61	34285	0	0
D401.contig62	31861	32465	896
D401.contig63	31743	28710	653
D401.contig64	31705	0	0
D401.contig65	31545	9614	250
D401.contig66	31473	12353	315
D401.contig67	31292	0	0
D401.contig68	31046	5991	121
D401.contig69	30488	27371	717
D401.contig70	29909	47	23
D401.contig71	29907	8879	193
D401.contig72	29608	11301	213
D401.contig73	29010	15264	321
D401.contig74	28798	21376	462
D401.contig75	28231	17511	475
D401.contig76	28096	3625	87
D401.contig77	27917	281020	11514
D401.contig78	27842	0	0
D401.contig79	27782	8162	178
D401.contig80	27666	6169	127
D401.contig81	27418	11330	438
D401.contig82	26864	4028	184
D401.contig83	26733	8086	156
D401.contig84	26270	4848	103
D401.contig85	25723	38461	1447
D401.contig86	25467	12081	263
D401.contig87	25183	8568	159
D401.contig88	24529	5	0
D401.contig89	23708	1274	38
D401.contig90	23665	8012	182
D401.contig91	23435	16344	278
D401.contig92	23230	12389	326
D401.contig93	22866	2556	67
D401.contig94	22831	13065	280
D401.contig95	22450	6683	135
D401.contig96	21971	101576	3051
D401.contig97	21636	87688	2316
D401.contig98	21522	9937	783
D401.contig99	21431	4645	136
D401.contig100	21391	11543	557
D401.contig101	21120	0	0
D401.contig102	20825	48342	6833
D401.contig103	20807	0	0
D401.contig104	20479	807	113
D401.contig105	20354	3249	80
D401.contig106	19907	100	22
D401.contig107	19444	0	0
D401.contig108	19402	456	137
D401.contig109	19287	10996	540
D401.contig110	19183	2666	62
D401.contig111	19095	15076	284
D401.contig112	19021	9895	259
D401.contig113	18605	23	2
D401.contig114	18432	2240	178
D401.contig115	18196	2	2
D401.contig116	17865	0	0
D401.contig117	17860	81	25
D401.contig118	17613	0	0
D401.contig119	17609	4101	107
D401.contig120	17531	29	1
D401.contig121	17227	2762	91
D401.contig122	17129	6472	921
D401.contig123	17050	69958	6350
D401.contig124	16663	2396	72
D401.contig125	16282	3231	90
D401.contig126	16265	6667	1007
D401.contig127	16192	14655	622
D401.contig128	16049	13907	392
D401.contig129	15762	0	0
D401.contig130	15717	7176	176
D401.contig131	15548	4801	180
D401.contig132	15518	0	0
D401.contig133	15187	37	5
D401.contig134	15130	853	34
D401.contig135	15051	3247	74
D401.contig136	14934	448	11
D401.contig137	14805	2678	90
D401.contig138	14744	8538	151
D401.contig139	14693	46	2
D401.contig140	14606	887	43
D401.contig141	14603	14329	346
D401.contig142	14599	2127	176
D401.contig143	14398	5378	172
D401.contig144	14359	2	0
D401.contig145	14355	0	0
D401.contig146	14274	1828	78
D401.contig147	14235	315	26
D401.contig148	14223	0	0
D401.contig149	14185	12	0
D401.contig150	14095	39	3
D401.contig151	14069	4	0
D401.contig152	14016	124	38
D401.contig153	13913	0	0
D401.contig154	13802	18751	980
D401.contig155	13782	8498	158
D401.contig156	13763	11923	266
D401.contig157	13697	12002	566
D401.contig158	13672	34	0
D401.contig159	13606	5996	182
D401.contig160	13504	0	0
D401.contig161	13376	4103	234
D401.contig162	13349	33457	1003
D401.contig163	13303	0	0
D401.contig164	13302	0	0
D401.contig165	13185	0	0
D401.contig166	13120	1446	42
D401.contig167	13111	11828	391
D401.contig168	13108	2679	118
D401.contig169	13096	27196	730
D401.contig170	13063	0	0
D401.contig171	13048	676	22
D401.contig172	12978	2775	89
D401.contig173	12914	4641	110
D401.contig174	12878	0	0
D401.contig175	12782	47	11
D401.contig176	12482	11157	482
D401.contig177	12464	0	0
D401.contig178	12431	0	0
D401.contig179	12379	0	0
D401.contig180	12369	38	24
D401.contig181	12357	0	0
D401.contig182	12353	241	103
D401.contig183	12220	0	0
D401.contig184	12179	0	0
D401.contig185	12132	8421	208
D401.contig186	12112	12560	440
D401.contig187	12062	2565	79
D401.contig188	12045	0	0
D401.contig189	12038	8495	224
D401.contig190	11979	0	0
D401.contig191	11892	0	0
D401.contig192	11826	0	0
D401.contig193	11754	0	0
D401.contig194	11715	8071	663
D401.contig195	11692	3475	123
D401.contig196	11672	16105	422
D401.contig197	11501	52	14
D401.contig198	11451	4424	113
D401.contig199	11427	438	10
D401.contig200	11395	96	4
D401.contig201	11345	1902	40
D401.contig202	11339	42508	849
D401.contig203	11257	0	0
D401.contig204	11246	1415	33
D401.contig205	11187	41241	1625
D401.contig206	11166	1279	38
D401.contig207	11140	2051	63
D401.contig208	11098	2306	82
D401.contig209	11014	0	0
D401.contig210	11012	4293	166
D401.contig211	10946	1150	736
D401.contig212	10802	0	0
D401.contig213	10746	1979	76
D401.contig214	10736	2	0
D401.contig215	10692	18	1
D401.contig216	10634	14169	304
D401.contig217	10581	76	15
D401.contig218	10560	0	0
D401.contig219	10512	49044	3269
D401.contig220	10492	0	0
D401.contig221	10461	6107	113
D401.contig222	10415	0	0
D401.contig223	10401	375	174
D401.contig224	10375	0	0
D401.contig225	10361	16	7
D401.contig226	10326	0	0
D401.contig227	10321	0	0
D401.contig228	10309	0	0
D401.contig229	10308	0	0
D401.contig230	10284	14626	421
D401.contig231	10279	3764	173
D401.contig232	10189	75	1
D401.contig233	10079	8	0
D401.contig234	10038	999	48
D401.contig235	9903	0	0
D401.contig236	9824	113	15
D401.contig237	9812	4	0
D401.contig238	9718	30732	777
D401.contig239	9623	2354	61
D401.contig240	9429	0	0
D401.contig241	9329	28578	913
D401.contig242	9239	570	24
D401.contig243	9216	41	7
D401.contig244	9205	39	7
D401.contig245	9177	7369	304
D401.contig246	9153	2392	146
D401.contig247	9096	3213	210
D401.contig248	8980	0	0
D401.contig249	8974	73	6
D401.contig250	8969	3108	102
D401.contig251	8966	111	3
D401.contig252	8916	0	0
D401.contig253	8892	747	20
D401.contig254	8879	12	1
D401.contig255	8846	79	7
D401.contig256	8803	2293	66
D401.contig257	8772	9490	1119
D401.contig258	8692	0	0
D401.contig259	8671	0	0
D401.contig260	8650	0	0
D401.contig261	8602	785	56
D401.contig262	8530	0	0
D401.contig263	8523	1549	40
D401.contig264	8476	1963	56
D401.contig265	8475	0	0
D401.contig266	8474	0	0
D401.contig267	8468	0	0
D401.contig268	8456	545	15
D401.contig269	8410	1458	33
D401.contig270	8396	819	10
D401.contig271	8351	919	21
D401.contig272	8343	0	0
D401.contig273	8305	1497	81
D401.contig274	8304	5	1
D401.contig275	8300	13982	975
D401.contig276	8296	2	0
D401.contig277	8266	8078	273
D401.contig278	8264	0	0
D401.contig279	8258	2	0
D401.contig280	8235	792	16
D401.contig281	8226	0	0
D401.contig282	8112	0	0
D401.contig283	8098	0	0
D401.contig284	8052	1052	49
D401.contig285	8024	3251	64
D401.contig286	7911	566	30
D401.contig287	7873	0	0
D401.contig288	7843	4417	91
D401.contig289	7806	0	0
D401.contig290	7806	951	33
D401.contig291	7772	2218	954
D401.contig292	7716	25	10
D401.contig293	7709	51	3
D401.contig294	7701	59	9
D401.contig295	7696	0	0
D401.contig296	7651	0	0
D401.contig297	7601	589	13
D401.contig298	7496	2305	64
D401.contig299	7487	0	0
D401.contig300	7482	0	0
D401.contig301	7466	0	0
D401.contig302	7435	0	0
D401.contig303	7395	0	0
D401.contig304	7352	321	9
D401.contig305	7314	43996	1971
D401.contig306	7284	32	6
D401.contig307	7284	0	0
D401.contig308	7275	0	0
D401.contig309	7259	0	0
D401.contig310	7239	45	3
D401.contig311	7202	21231	561
D401.contig312	7192	0	0
D401.contig313	7185	224	15
D401.contig314	7160	0	0
D401.contig315	7153	5	0
D401.contig316	7151	0	0
D401.contig317	7101	0	0
D401.contig318	7028	391	6
D401.contig319	6996	9	1
D401.contig320	6967	905	35
D401.contig321	6957	820	393
D401.contig322	6892	0	0
D401.contig323	6871	5576	257
D401.contig324	6855	0	0
D401.contig325	6831	346	6
D401.contig326	6787	0	0
D401.contig327	6783	3	0
D401.contig328	6767	1548	45
D401.contig329	6761	40	18
D401.contig330	6755	153	33
D401.contig331	6726	0	0
D401.contig332	6668	0	0
D401.contig333	6648	202	4
D401.contig334	6637	0	0
D401.contig335	6548	1587	90
D401.contig336	6530	0	0
D401.contig337	6514	0	0
D401.contig338	6467	594	40
D401.contig339	6459	111	7
D401.contig340	6456	2	0
D401.contig341	6441	0	0
D401.contig342	6393	0	0
D401.contig343	6385	0	0
D401.contig344	6384	0	0
D401.contig345	6373	1	1
D401.contig346	6364	1660	99
D401.contig347	6360	566	19
D401.contig348	6325	124	32
D401.contig349	6316	0	0
D401.contig350	6278	618	24
D401.contig351	6259	0	0
D401.contig352	6244	1035	55
D401.contig353	6241	6372	273
D401.contig354	6205	76	5
D401.contig355	6195	0	0
D401.contig356	6183	1262	26
D401.contig357	6156	586	60
D401.contig358	6120	0	0
D401.contig359	6120	403	22
D401.contig360	6106	810	22
D401.contig361	6101	42	2
D401.contig362	6099	0	0
D401.contig363	6088	8363	625
D401.contig364	6085	3862	175
D401.contig365	6015	0	0
D401.contig366	6006	0	0
D401.contig367	5994	0	0
D401.contig368	5992	5	1
D401.contig369	5969	756	32
D401.contig370	5916	3339	130
D401.contig371	5913	24	0
D401.contig372	5889	11266	853
D401.contig373	5886	0	0
D401.contig374	5881	2	1
D401.contig375	5839	0	0
D401.contig376	5828	0	0
D401.contig377	5822	0	0
D401.contig378	5780	0	0
D401.contig379	5778	668	30
D401.contig380	5778	0	0
D401.contig381	5775	2	2
D401.contig382	5742	0	0
D401.contig383	5738	20	2
D401.contig384	5682	0	0
D401.contig385	5673	425	53
D401.contig386	5652	41	5
D401.contig387	5635	359	11
D401.contig388	5632	1506	78
D401.contig389	5541	24033	1602
D401.contig390	5442	0	0
D401.contig391	5435	0	0
D401.contig392	5433	0	0
D401.contig393	5430	2	0
D401.contig394	5417	0	0
D401.contig395	5416	1100	76
D401.contig396	5404	0	0
D401.contig397	5389	10172	331
D401.contig398	5368	16397	589
D401.contig399	5352	0	0
D401.contig400	5343	15	3
D401.contig401	5342	20	4
D401.contig402	5314	468	26
D401.contig403	5311	0	0
D401.contig404	5308	0	0
D401.contig405	5307	0	0
D401.contig406	5305	2588	44
D401.contig407	5291	262	16
D401.contig408	5270	495	43
D401.contig409	5230	0	0
D401.contig410	5198	9516	436
D401.contig411	5192	8	0
D401.contig412	5190	5109	80
D401.contig413	5187	0	0
D401.contig414	5181	0	0
D401.contig415	5156	194	8
D401.contig416	5143	0	0
D401.contig417	5143	14	1
D401.contig418	5143	2982	64
D401.contig419	5141	29970	989
D401.contig420	5116	36	15
D401.contig421	5105	0	0
D401.contig422	5099	0	0
D401.contig423	5088	2196	181
D401.contig424	5076	0	0
D401.contig425	5069	29327	2224
D401.contig426	5057	0	0
D401.contig427	5036	104	7
D401.contig428	5026	0	0
D401.contig429	5011	291	22
D401.contig430	4992	75	6
D401.contig431	4984	0	0
D401.contig432	4983	180	8
D401.contig433	4977	0	0
D401.contig434	4945	20874	1113
D401.contig435	4939	1976189	121775
D401.contig436	4922	0	0
D401.contig437	4918	5	3
D401.contig438	4918	1	1
D401.contig439	4915	8768	283
D401.contig440	4914	0	0
D401.contig441	4911	3	0
D401.contig442	4898	95	6
D401.contig443	4893	1113	49
D401.contig444	4884	12	4
D401.contig445	4874	61	22
D401.contig446	4869	503	33
D401.contig447	4867	1773	47
D401.contig448	4861	0	0
D401.contig449	4860	541	18
D401.contig450	4819	320	20
D401.contig451	4814	0	0
D401.contig452	4797	0	0
D401.contig453	4790	37212	4496
D401.contig454	4784	1151	71
D401.contig455	4761	77	4
D401.contig456	4755	0	0
D401.contig457	4739	0	0
D401.contig458	4736	26006	1623
D401.contig459	4712	0	0
D401.contig460	4666	1124	42
D401.contig461	4665	0	0
D401.contig462	4651	4	1
D401.contig463	4648	289	7
D401.contig464	4647	0	0
D401.contig465	4642	0	0
D401.contig466	4638	0	0
D401.contig467	4627	413	18
D401.contig468	4613	0	0
D401.contig469	4606	9223	966
D401.contig470	4595	0	0
D401.contig471	4595	2	0
D401.contig472	4593	24982	1791
D401.contig473	4587	0	0
D401.contig474	4575	705	49
D401.contig475	4556	88	10
D401.contig476	4541	0	0
D401.contig477	4538	307	5
D401.contig478	4535	0	0
D401.contig479	4502	94	8
D401.contig480	4490	0	0
D401.contig481	4474	37726	2399
D401.contig482	4457	0	0
D401.contig483	4428	14	4
D401.contig484	4419	0	0
D401.contig485	4414	0	0
D401.contig486	4410	223	19
D401.contig487	4403	217	16
D401.contig488	4385	0	0
D401.contig489	4382	2	0
D401.contig490	4375	272	12
D401.contig491	4372	0	0
D401.contig492	4347	229	21
D401.contig493	4333	0	0
D401.contig494	4329	219	19
D401.contig495	4317	0	0
D401.contig496	4316	0	0
D401.contig497	4314	0	0
D401.contig498	4296	0	0
D401.contig499	4289	3	0
D401.contig500	4272	1201	61
D401.contig501	4272	2500	130
D401.contig502	4270	0	0
D401.contig503	4268	1482	26
D401.contig504	4262	230	25
D401.contig505	4252	275	13
D401.contig506	4244	0	0
D401.contig507	4224	1507	39
D401.contig508	4215	1916	106
D401.contig509	4181	0	0
D401.contig510	4160	303	50
D401.contig511	4152	0	0
D401.contig512	4150	0	0
D401.contig513	4140	6	0
D401.contig514	4136	0	0
D401.contig515	4122	0	0
D401.contig516	4120	0	0
D401.contig517	4117	0	0
D401.contig518	4107	254	40
D401.contig519	4104	8889	408
D401.contig520	4094	36	10
D401.contig521	4069	0	0
D401.contig522	4053	0	0
D401.contig523	4053	13672	357
D401.contig524	4032	454	28
D401.contig525	4029	0	0
D401.contig526	4018	132	18
D401.contig527	4007	613	16
D401.contig528	4000	233	7
D401.contig529	3994	0	0
D401.contig530	3984	0	0
D401.contig531	3974	0	0
D401.contig532	3973	0	0
D401.contig533	3948	4294	249
D401.contig534	3944	0	0
D401.contig535	3929	0	0
D401.contig536	3928	10036	1028
D401.contig537	3927	27	13
D401.contig538	3922	388	13
D401.contig539	3914	0	0
D401.contig540	3902	0	0
D401.contig541	3899	0	0
D401.contig542	3890	0	0
D401.contig543	3878	0	0
D401.contig544	3857	59	1
D401.contig545	3846	31	1
D401.contig546	3832	0	0
D401.contig547	3824	0	0
D401.contig548	3821	188	10
D401.contig549	3811	458	18
D401.contig550	3806	0	0
D401.contig551	3802	0	0
D401.contig552	3789	11583	1103
D401.contig553	3778	0	0
D401.contig554	3769	0	0
D401.contig555	3759	98	5
D401.contig556	3742	109	9
D401.contig557	3738	0	0
D401.contig558	3718	0	0
D401.contig559	3717	120	22
D401.contig560	3715	0	0
D401.contig561	3708	546	65
D401.contig562	3705	8523	751
D401.contig563	3704	27	5
D401.contig564	3702	0	0
D401.contig565	3699	408	18
D401.contig566	3695	18	10
D401.contig567	3680	225	21
D401.contig568	3667	29	3
D401.contig569	3662	0	0
D401.contig570	3653	942	48
D401.contig571	3636	18	0
D401.contig572	3628	5	1
D401.contig573	3626	25	5
D401.contig574	3604	42	2
D401.contig575	3589	0	0
D401.contig576	3585	0	0
D401.contig577	3584	26	4
D401.contig578	3582	0	0
D401.contig579	3580	913	48
D401.contig580	3578	0	0
D401.contig581	3577	0	0
D401.contig582	3568	0	0
D401.contig583	3566	0	0
D401.contig584	3563	239	29
D401.contig585	3562	1217	73
D401.contig586	3550	0	0
D401.contig587	3548	182	14
D401.contig588	3543	8	0
D401.contig589	3520	0	0
D401.contig590	3518	21071	1735
D401.contig591	3517	0	0
D401.contig592	3513	52	6
D401.contig593	3512	0	0
D401.contig594	3504	0	0
D401.contig595	3502	1771	194
D401.contig596	3501	0	0
D401.contig597	3495	3373	127
D401.contig598	3489	639	36
D401.contig599	3481	432	4
D401.contig600	3449	1413	138
D401.contig601	3435	52	4
D401.contig602	3435	0	0
D401.contig603	3429	18316	1085
D401.contig604	3423	0	0
D401.contig605	3422	23	1
D401.contig606	3411	0	0
D401.contig607	3407	0	0
D401.contig608	3407	429	86
D401.contig609	3402	365	14
D401.contig610	3389	2	2
D401.contig611	3385	352	39
D401.contig612	3382	117	8
D401.contig613	3377	0	0
D401.contig614	3377	362	36
D401.contig615	3365	0	0
D401.contig616	3360	0	0
D401.contig617	3346	66	6
D401.contig618	3343	8	0
D401.contig619	3342	1064	72
D401.contig620	3338	0	0
D401.contig621	3318	0	0
D401.contig622	3316	0	0
D401.contig623	3298	0	0
D401.contig624	3289	339	20
D401.contig625	3285	624	7
D401.contig626	3283	402	45
D401.contig627	3280	0	0
D401.contig628	3262	4	0
D401.contig629	3261	0	0
D401.contig630	3254	32	2
D401.contig631	3249	128	12
D401.contig632	3242	0	0
D401.contig633	3242	0	0
D401.contig634	3241	14146	803
D401.contig635	3236	0	0
D401.contig636	3232	0	0
D401.contig637	3230	2	0
D401.contig638	3229	102	10
D401.contig639	3228	949	65
D401.contig640	3227	0	0
D401.contig641	3227	0	0
D401.contig642	3222	221	10
D401.contig643	3214	9178	405
D401.contig644	3213	0	0
D401.contig645	3204	0	0
D401.contig646	3199	18	2
D401.contig647	3186	0	0
D401.contig648	3163	0	0
D401.contig649	3158	290	212
D401.contig650	3156	2202	928
D401.contig651	3150	0	0
D401.contig652	3144	57	4
D401.contig653	3137	0	0
D401.contig654	3137	460	101
D401.contig655	3135	0	0
D401.contig656	3126	500	45
D401.contig657	3121	0	0
D401.contig658	3116	507	234
D401.contig659	3111	22	2
D401.contig660	3108	0	0
D401.contig661	3097	0	0
D401.contig662	3097	2	0
D401.contig663	3090	0	0
D401.contig664	3088	19	1
D401.contig665	3084	0	0
D401.contig666	3083	0	0
D401.contig667	3076	366	15
D401.contig668	3064	0	0
D401.contig669	3059	0	0
D401.contig670	3051	0	0
D401.contig671	3033	2	0
D401.contig672	3033	0	0
D401.contig673	3027	56	3
D401.contig674	3026	496	46
D401.contig675	3018	0	0
D401.contig676	3003	0	0
*	0	0	2137560
