D401.contig1	172851	0	0
D401.contig2	102387	58466	1254
D401.contig3	99607	28938	685
D401.contig4	91962	46583	1181
D401.contig5	87938	15654	305
D401.contig6	86859	31629	681
D401.contig7	86547	84853	1668
D401.contig8	82447	25740	632
D401.contig9	78111	19133	363
D401.contig10	77178	15067	247
D401.contig11	72060	15871	313
D401.contig12	71606	569134	35518
D401.contig13	69505	0	0
D401.contig14	68038	25733	474
D401.contig15	64712	21318	482
D401.contig16	58927	2	0
D401.contig17	57187	16219	324
D401.contig18	56031	9131	240
D401.contig19	55661	25915	487
D401.contig20	55302	15594	279
D401.contig21	53768	15306	402
D401.contig22	53739	9866	235
D401.contig23	50463	11145	264
D401.contig24	49364	8717	179
D401.contig25	49277	35654	769
D401.contig26	48357	11249	233
D401.contig27	47837	8305	268
D401.contig28	47536	0	0
D401.contig29	46872	7722	183
D401.contig30	46779	16601	513
D401.contig31	46052	5885	140
D401.contig32	44683	2	0
D401.contig33	44586	20793	399
D401.contig34	42635	876	28
D401.contig35	42492	25319	522
D401.contig36	40367	0	0
D401.contig37	40363	4784	86
D401.contig38	39851	0	0
D401.contig39	39835	7124	159
D401.contig40	38995	41255	860
D401.contig41	38768	0	0
D401.contig42	38734	3	0
D401.contig43	38631	7338	119
D401.contig44	38630	22727	674
D401.contig45	38573	2	0
D401.contig46	38415	0	0
D401.contig47	38015	11424	233
D401.contig48	37963	1	1
D401.contig49	37899	90208	2183
D401.contig50	37655	1	1
D401.contig51	37605	44168	1069
D401.contig52	36937	8380	186
D401.contig53	36198	1	0
D401.contig54	35815	7274	183
D401.contig55	35659	0	0
D401.contig56	35433	6884	136
D401.contig57	35335	3290	93
D401.contig58	35127	14069	342
D401.contig59	34541	19768	1640
D401.contig60	34510	8276	170
D401.contig61	34285	0	0
D401.contig62	31861	14922	463
D401.contig63	31743	8892	172
D401.contig64	31705	0	0
D401.contig65	31545	9745	188
D401.contig66	31473	6018	129
D401.contig67	31292	0	0
D401.contig68	31046	5457	90
D401.contig69	30488	15466	384
D401.contig70	29909	17	11
D401.contig71	29907	5894	131
D401.contig72	29608	7972	152
D401.contig73	29010	8177	178
D401.contig74	28798	13592	298
D401.contig75	28231	5090	160
D401.contig76	28096	223	37
D401.contig77	27917	24588	471
D401.contig78	27842	755	135
D401.contig79	27782	6924	139
D401.contig80	27666	4624	108
D401.contig81	27418	10117	336
D401.contig82	26864	2354	73
D401.contig83	26733	4277	99
D401.contig84	26270	3580	60
D401.contig85	25723	30209	1064
D401.contig86	25467	8249	168
D401.contig87	25183	3431	74
D401.contig88	24529	2	0
D401.contig89	23708	2242	74
D401.contig90	23665	9985	212
D401.contig91	23435	6407	117
D401.contig92	23230	7707	162
D401.contig93	22866	2196	66
D401.contig94	22831	3899	115
D401.contig95	22450	2317	54
D401.contig96	21971	45751	1332
D401.contig97	21636	20390	480
D401.contig98	21522	7206	504
D401.contig99	21431	3737	95
D401.contig100	21391	5387	213
D401.contig101	21120	0	0
D401.contig102	20825	33241	1894
D401.contig103	20807	0	0
D401.contig104	20479	1187	44
D401.contig105	20354	6189	135
D401.contig106	19907	15	3
D401.contig107	19444	936	318
D401.contig108	19402	935	300
D401.contig109	19287	5339	159
D401.contig110	19183	2918	75
D401.contig111	19095	6584	117
D401.contig112	19021	6466	216
D401.contig113	18605	1	1
D401.contig114	18432	2322	50
D401.contig115	18196	0	0
D401.contig116	17865	0	0
D401.contig117	17860	0	0
D401.contig118	17613	0	0
D401.contig119	17609	980	46
D401.contig120	17531	37	3
D401.contig121	17227	1961	74
D401.contig122	17129	5458	251
D401.contig123	17050	37580	1829
D401.contig124	16663	1149	25
D401.contig125	16282	1102	32
D401.contig126	16265	3661	594
D401.contig127	16192	1618	33
D401.contig128	16049	10351	270
D401.contig129	15762	2	1
D401.contig130	15717	1408	40
D401.contig131	15548	4246	89
D401.contig132	15518	0	0
D401.contig133	15187	0	0
D401.contig134	15130	1103	24
D401.contig135	15051	2908	70
D401.contig136	14934	46	5
D401.contig137	14805	2865	67
D401.contig138	14744	3923	80
D401.contig139	14693	55	7
D401.contig140	14606	14	3
D401.contig141	14603	9677	223
D401.contig142	14599	1777	184
D401.contig143	14398	2843	108
D401.contig144	14359	2	1
D401.contig145	14355	0	0
D401.contig146	14274	2303	119
D401.contig147	14235	69	9
D401.contig148	14223	0	0
D401.contig149	14185	34	4
D401.contig150	14095	0	0
D401.contig151	14069	688	187
D401.contig152	14016	2	2
D401.contig153	13913	326	44
D401.contig154	13802	13199	701
D401.contig155	13782	2751	51
D401.contig156	13763	2157	70
D401.contig157	13697	5527	252
D401.contig158	13672	25	5
D401.contig159	13606	2215	66
D401.contig160	13504	0	0
D401.contig161	13376	1898	152
D401.contig162	13349	23761	550
D401.contig163	13303	0	0
D401.contig164	13302	0	0
D401.contig165	13185	0	0
D401.contig166	13120	1953	82
D401.contig167	13111	6325	227
D401.contig168	13108	1628	48
D401.contig169	13096	10689	385
D401.contig170	13063	6	6
D401.contig171	13048	49	4
D401.contig172	12978	1614	53
D401.contig173	12914	9	2
D401.contig174	12878	0	0
D401.contig175	12782	27	7
D401.contig176	12482	7352	459
D401.contig177	12464	0	0
D401.contig178	12431	0	0
D401.contig179	12379	0	0
D401.contig180	12369	0	0
D401.contig181	12357	52	6
D401.contig182	12353	0	0
D401.contig183	12220	0	0
D401.contig184	12179	0	0
D401.contig185	12132	2993	72
D401.contig186	12112	10188	316
D401.contig187	12062	69	3
D401.contig188	12045	0	0
D401.contig189	12038	2434	41
D401.contig190	11979	0	0
D401.contig191	11892	0	0
D401.contig192	11826	0	0
D401.contig193	11754	26	6
D401.contig194	11715	2690	295
D401.contig195	11692	2978	120
D401.contig196	11672	14613	314
D401.contig197	11501	22	6
D401.contig198	11451	778	25
D401.contig199	11427	1150	23
D401.contig200	11395	28	2
D401.contig201	11345	2451	47
D401.contig202	11339	2270	60
D401.contig203	11257	0	0
D401.contig204	11246	926	26
D401.contig205	11187	14145	687
D401.contig206	11166	1474	41
D401.contig207	11140	1382	38
D401.contig208	11098	2934	117
D401.contig209	11014	0	0
D401.contig210	11012	1513	75
D401.contig211	10946	86	2
D401.contig212	10802	37	3
D401.contig213	10746	1327	45
D401.contig214	10736	67	7
D401.contig215	10692	26	2
D401.contig216	10634	5058	88
D401.contig217	10581	13	2
D401.contig218	10560	0	0
D401.contig219	10512	31922	2772
D401.contig220	10492	55	5
D401.contig221	10461	977	29
D401.contig222	10415	0	0
D401.contig223	10401	261	106
D401.contig224	10375	2	0
D401.contig225	10361	3	3
D401.contig226	10326	0	0
D401.contig227	10321	32	4
D401.contig228	10309	0	0
D401.contig229	10308	0	0
D401.contig230	10284	6062	176
D401.contig231	10279	3023	154
D401.contig232	10189	38	2
D401.contig233	10079	8	2
D401.contig234	10038	1031	59
D401.contig235	9903	0	0
D401.contig236	9824	56	19
D401.contig237	9812	0	0
D401.contig238	9718	23860	570
D401.contig239	9623	1601	50
D401.contig240	9429	0	0
D401.contig241	9329	20721	654
D401.contig242	9239	719	24
D401.contig243	9216	0	0
D401.contig244	9205	0	0
D401.contig245	9177	1643	49
D401.contig246	9153	915	62
D401.contig247	9096	1174	84
D401.contig248	8980	0	0
D401.contig249	8974	141	28
D401.contig250	8969	6023	122
D401.contig251	8966	3	1
D401.contig252	8916	19	5
D401.contig253	8892	443	13
D401.contig254	8879	49	5
D401.contig255	8846	12	0
D401.contig256	8803	965	39
D401.contig257	8772	7484	805
D401.contig258	8692	0	0
D401.contig259	8671	0	0
D401.contig260	8650	0	0
D401.contig261	8602	738	33
D401.contig262	8530	38	6
D401.contig263	8523	898	36
D401.contig264	8476	1244	54
D401.contig265	8475	13	1
D401.contig266	8474	0	0
D401.contig267	8468	6	0
D401.contig268	8456	477	12
D401.contig269	8410	1781	37
D401.contig270	8396	757	18
D401.contig271	8351	1199	57
D401.contig272	8343	561	35
D401.contig273	8305	1240	91
D401.contig274	8304	4	0
D401.contig275	8300	5260	541
D401.contig276	8296	0	0
D401.contig277	8266	1446	35
D401.contig278	8264	0	0
D401.contig279	8258	22	6
D401.contig280	8235	590	14
D401.contig281	8226	0	0
D401.contig282	8112	0	0
D401.contig283	8098	0	0
D401.contig284	8052	260	10
D401.contig285	8024	2115	30
D401.contig286	7911	559	31
D401.contig287	7873	0	0
D401.contig288	7843	1671	30
D401.contig289	7806	0	0
D401.contig290	7806	1154	42
D401.contig291	7772	11	3
D401.contig292	7716	17	9
D401.contig293	7709	26	4
D401.contig294	7701	11	3
D401.contig295	7696	0	0
D401.contig296	7651	245	17
D401.contig297	7601	454	24
D401.contig298	7496	1116	26
D401.contig299	7487	46	6
D401.contig300	7482	0	0
D401.contig301	7466	0	0
D401.contig302	7435	0	0
D401.contig303	7395	0	0
D401.contig304	7352	39	5
D401.contig305	7314	22691	1122
D401.contig306	7284	0	0
D401.contig307	7284	0	0
D401.contig308	7275	0	0
D401.contig309	7259	0	0
D401.contig310	7239	61	5
D401.contig311	7202	18950	364
D401.contig312	7192	0	0
D401.contig313	7185	293	11
D401.contig314	7160	9	7
D401.contig315	7153	32	12
D401.contig316	7151	0	0
D401.contig317	7101	0	0
D401.contig318	7028	601	16
D401.contig319	6996	41	5
D401.contig320	6967	491	51
D401.contig321	6957	570	308
D401.contig322	6892	0	0
D401.contig323	6871	802	58
D401.contig324	6855	0	0
D401.contig325	6831	4	0
D401.contig326	6787	0	0
D401.contig327	6783	10	4
D401.contig328	6767	807	23
D401.contig329	6761	1	1
D401.contig330	6755	52	8
D401.contig331	6726	0	0
D401.contig332	6668	0	0
D401.contig333	6648	46	6
D401.contig334	6637	0	0
D401.contig335	6548	953	74
D401.contig336	6530	60	8
D401.contig337	6514	0	0
D401.contig338	6467	7	1
D401.contig339	6459	172	20
D401.contig340	6456	21	3
D401.contig341	6441	0	0
D401.contig342	6393	0	0
D401.contig343	6385	0	0
D401.contig344	6384	4	0
D401.contig345	6373	1	1
D401.contig346	6364	1641	81
D401.contig347	6360	467	16
D401.contig348	6325	92	24
D401.contig349	6316	0	0
D401.contig350	6278	338	12
D401.contig351	6259	16	0
D401.contig352	6244	1034	46
D401.contig353	6241	5219	290
D401.contig354	6205	2	0
D401.contig355	6195	0	0
D401.contig356	6183	545	25
D401.contig357	6156	448	20
D401.contig358	6120	0	0
D401.contig359	6120	327	13
D401.contig360	6106	705	21
D401.contig361	6101	75	3
D401.contig362	6099	0	0
D401.contig363	6088	6435	433
D401.contig364	6085	848	36
D401.contig365	6015	0	0
D401.contig366	6006	0	0
D401.contig367	5994	0	0
D401.contig368	5992	0	0
D401.contig369	5969	510	22
D401.contig370	5916	18	4
D401.contig371	5913	17	5
D401.contig372	5889	6448	543
D401.contig373	5886	20	2
D401.contig374	5881	38	8
D401.contig375	5839	0	0
D401.contig376	5828	85	13
D401.contig377	5822	0	0
D401.contig378	5780	0	0
D401.contig379	5778	811	24
D401.contig380	5778	25	3
D401.contig381	5775	306	23
D401.contig382	5742	0	0
D401.contig383	5738	33	8
D401.contig384	5682	0	0
D401.contig385	5673	2	2
D401.contig386	5652	30	4
D401.contig387	5635	92	1
D401.contig388	5632	872	42
D401.contig389	5541	45880	2506
D401.contig390	5442	0	0
D401.contig391	5435	0	0
D401.contig392	5433	88	18
D401.contig393	5430	0	0
D401.contig394	5417	0	0
D401.contig395	5416	463	23
D401.contig396	5404	3756	213
D401.contig397	5389	1887	85
D401.contig398	5368	4779	237
D401.contig399	5352	0	0
D401.contig400	5343	16	5
D401.contig401	5342	6	0
D401.contig402	5314	389	27
D401.contig403	5311	5	3
D401.contig404	5308	0	0
D401.contig405	5307	0	0
D401.contig406	5305	759	10
D401.contig407	5291	383	21
D401.contig408	5270	312	21
D401.contig409	5230	9207	441
D401.contig410	5198	9136	424
D401.contig411	5192	23	1
D401.contig412	5190	2134	42
D401.contig413	5187	0	0
D401.contig414	5181	0	0
D401.contig415	5156	0	0
D401.contig416	5143	30	10
D401.contig417	5143	13	1
D401.contig418	5143	1454	23
D401.contig419	5141	19109	635
D401.contig420	5116	21	12
D401.contig421	5105	0	0
D401.contig422	5099	329	114
D401.contig423	5088	695	60
D401.contig424	5076	0	0
D401.contig425	5069	12370	986
D401.contig426	5057	0	0
D401.contig427	5036	54	0
D401.contig428	5026	6	4
D401.contig429	5011	236	15
D401.contig430	4992	14	0
D401.contig431	4984	0	0
D401.contig432	4983	329	9
D401.contig433	4977	0	0
D401.contig434	4945	14569	792
D401.contig435	4939	953578	32473
D401.contig436	4922	12	2
D401.contig437	4918	18	6
D401.contig438	4918	18	6
D401.contig439	4915	2956	141
D401.contig440	4914	2	1
D401.contig441	4911	1	0
D401.contig442	4898	0	0
D401.contig443	4893	543	37
D401.contig444	4884	81	11
D401.contig445	4874	54	17
D401.contig446	4869	776	46
D401.contig447	4867	1580	30
D401.contig448	4861	0	0
D401.contig449	4860	683	18
D401.contig450	4819	240	18
D401.contig451	4814	0	0
D401.contig452	4797	0	0
D401.contig453	4790	15983	1887
D401.contig454	4784	592	34
D401.contig455	4761	1	0
D401.contig456	4755	0	0
D401.contig457	4739	0	0
D401.contig458	4736	18360	1275
D401.contig459	4712	0	0
D401.contig460	4666	348	16
D401.contig461	4665	0	0
D401.contig462	4651	0	0
D401.contig463	4648	836	17
D401.contig464	4647	9	1
D401.contig465	4642	0	0
D401.contig466	4638	0	0
D401.contig467	4627	249	6
D401.contig468	4613	0	0
D401.contig469	4606	5062	600
D401.contig470	4595	28	1
D401.contig471	4595	46	2
D401.contig472	4593	14330	1161
D401.contig473	4587	13	3
D401.contig474	4575	523	33
D401.contig475	4556	3	1
D401.contig476	4541	2	0
D401.contig477	4538	501	13
D401.contig478	4535	0	0
D401.contig479	4502	36	12
D401.contig480	4490	0	0
D401.contig481	4474	15779	1064
D401.contig482	4457	0	0
D401.contig483	4428	22	4
D401.contig484	4419	9	1
D401.contig485	4414	0	0
D401.contig486	4410	306	21
D401.contig487	4403	0	0
D401.contig488	4385	0	0
D401.contig489	4382	2	0
D401.contig490	4375	104	7
D401.contig491	4372	0	0
D401.contig492	4347	9	3
D401.contig493	4333	19	3
D401.contig494	4329	320	25
D401.contig495	4317	44	4
D401.contig496	4316	0	0
D401.contig497	4314	0	0
D401.contig498	4296	1	1
D401.contig499	4289	14931	252
D401.contig500	4272	0	0
D401.contig501	4272	255	14
D401.contig502	4270	41	4
D401.contig503	4268	952	11
D401.contig504	4262	298	24
D401.contig505	4252	414	17
D401.contig506	4244	0	0
D401.contig507	4224	930	14
D401.contig508	4215	558	48
D401.contig509	4181	0	0
D401.contig510	4160	0	0
D401.contig511	4152	36	2
D401.contig512	4150	0	0
D401.contig513	4140	1	1
D401.contig514	4136	0	0
D401.contig515	4122	0	0
D401.contig516	4120	9	1
D401.contig517	4117	25	5
D401.contig518	4107	18	2
D401.contig519	4104	8099	373
D401.contig520	4094	21	2
D401.contig521	4069	20	0
D401.contig522	4053	84	7
D401.contig523	4053	6292	159
D401.contig524	4032	4	2
D401.contig525	4029	0	0
D401.contig526	4018	37	4
D401.contig527	4007	866	17
D401.contig528	4000	164	1
D401.contig529	3994	0	0
D401.contig530	3984	0	0
D401.contig531	3974	0	0
D401.contig532	3973	3	1
D401.contig533	3948	1702	101
D401.contig534	3944	0	0
D401.contig535	3929	1	1
D401.contig536	3928	6792	522
D401.contig537	3927	0	0
D401.contig538	3922	529	29
D401.contig539	3914	0	0
D401.contig540	3902	0	0
D401.contig541	3899	0	0
D401.contig542	3890	86	20
D401.contig543	3878	0	0
D401.contig544	3857	4	2
D401.contig545	3846	8	0
D401.contig546	3832	0	0
D401.contig547	3824	0	0
D401.contig548	3821	528	29
D401.contig549	3811	454	14
D401.contig550	3806	12	2
D401.contig551	3802	3	0
D401.contig552	3789	4902	573
D401.contig553	3778	0	0
D401.contig554	3769	0	0
D401.contig555	3759	74	6
D401.contig556	3742	6	2
D401.contig557	3738	0	0
D401.contig558	3718	0	0
D401.contig559	3717	6	2
D401.contig560	3715	0	0
D401.contig561	3708	25	3
D401.contig562	3705	4870	474
D401.contig563	3704	26	0
D401.contig564	3702	0	0
D401.contig565	3699	114	9
D401.contig566	3695	0	0
D401.contig567	3680	204	18
D401.contig568	3667	5	5
D401.contig569	3662	0	0
D401.contig570	3653	418	18
D401.contig571	3636	20	8
D401.contig572	3628	6	0
D401.contig573	3626	18	0
D401.contig574	3604	12	2
D401.contig575	3589	0	0
D401.contig576	3585	0	0
D401.contig577	3584	31	5
D401.contig578	3582	26	3
D401.contig579	3580	241	17
D401.contig580	3578	0	0
D401.contig581	3577	0	0
D401.contig582	3568	57	11
D401.contig583	3566	0	0
D401.contig584	3563	294	37
D401.contig585	3562	279	21
D401.contig586	3550	2	0
D401.contig587	3548	236	23
D401.contig588	3543	20	1
D401.contig589	3520	0	0
D401.contig590	3518	16640	1689
D401.contig591	3517	0	0
D401.contig592	3513	2	0
D401.contig593	3512	0	0
D401.contig594	3504	0	0
D401.contig595	3502	1566	192
D401.contig596	3501	0	0
D401.contig597	3495	2765	85
D401.contig598	3489	297	19
D401.contig599	3481	382	7
D401.contig600	3449	18	4
D401.contig601	3435	27	1
D401.contig602	3435	0	0
D401.contig603	3429	13466	745
D401.contig604	3423	25	3
D401.contig605	3422	4	0
D401.contig606	3411	3	1
D401.contig607	3407	56	14
D401.contig608	3407	183	36
D401.contig609	3402	280	13
D401.contig610	3389	0	0
D401.contig611	3385	281	42
D401.contig612	3382	166	10
D401.contig613	3377	0	0
D401.contig614	3377	174	22
D401.contig615	3365	6	0
D401.contig616	3360	11	1
D401.contig617	3346	123	13
D401.contig618	3343	30	4
D401.contig619	3342	301	43
D401.contig620	3338	0	0
D401.contig621	3318	25	2
D401.contig622	3316	0	0
D401.contig623	3298	0	0
D401.contig624	3289	300	18
D401.contig625	3285	650	13
D401.contig626	3283	238	24
D401.contig627	3280	0	0
D401.contig628	3262	1	0
D401.contig629	3261	0	0
D401.contig630	3254	8	0
D401.contig631	3249	7	1
D401.contig632	3242	0	0
D401.contig633	3242	0	0
D401.contig634	3241	9684	467
D401.contig635	3236	0	0
D401.contig636	3232	122	16
D401.contig637	3230	10	2
D401.contig638	3229	110	16
D401.contig639	3228	287	25
D401.contig640	3227	0	0
D401.contig641	3227	0	0
D401.contig642	3222	385	18
D401.contig643	3214	5624	263
D401.contig644	3213	206	62
D401.contig645	3204	0	0
D401.contig646	3199	8	0
D401.contig647	3186	2	0
D401.contig648	3163	0	0
D401.contig649	3158	26	13
D401.contig650	3156	1341	646
D401.contig651	3150	0	0
D401.contig652	3144	161	8
D401.contig653	3137	13	1
D401.contig654	3137	23	5
D401.contig655	3135	0	0
D401.contig656	3126	0	0
D401.contig657	3121	0	0
D401.contig658	3116	347	156
D401.contig659	3111	0	0
D401.contig660	3108	0	0
D401.contig661	3097	0	0
D401.contig662	3097	5	1
D401.contig663	3090	0	0
D401.contig664	3088	70	15
D401.contig665	3084	0	0
D401.contig666	3083	2	2
D401.contig667	3076	242	5
D401.contig668	3064	21	3
D401.contig669	3059	0	0
D401.contig670	3051	24	12
D401.contig671	3033	11	1
D401.contig672	3033	0	0
D401.contig673	3027	6	0
D401.contig674	3026	192	28
D401.contig675	3018	0	0
D401.contig676	3003	0	0
*	0	0	7060530
