D401.contig1	172851	0	0
D401.contig2	102387	3878	59
D401.contig3	99607	1242	21
D401.contig4	91962	2607	55
D401.contig5	87938	1174	20
D401.contig6	86859	2641	29
D401.contig7	86547	5413	96
D401.contig8	82447	1711	48
D401.contig9	78111	1276	20
D401.contig10	77178	1354	20
D401.contig11	72060	896	22
D401.contig12	71606	10	1
D401.contig13	69505	0	0
D401.contig14	68038	1727	25
D401.contig15	64712	1192	24
D401.contig16	58927	0	0
D401.contig17	57187	1245	19
D401.contig18	56031	567	9
D401.contig19	55661	2508	53
D401.contig20	55302	1221	25
D401.contig21	53768	1351	34
D401.contig22	53739	1059	21
D401.contig23	50463	911	25
D401.contig24	49364	567	11
D401.contig25	49277	1491	25
D401.contig26	48357	826	8
D401.contig27	47837	507	18
D401.contig28	47536	0	0
D401.contig29	46872	437	9
D401.contig30	46779	940	25
D401.contig31	46052	486	14
D401.contig32	44683	3	3
D401.contig33	44586	1403	27
D401.contig34	42635	0	0
D401.contig35	42492	1462	25
D401.contig36	40367	0	0
D401.contig37	40363	385	11
D401.contig38	39851	0	0
D401.contig39	39835	538	7
D401.contig40	38995	2527	38
D401.contig41	38768	0	0
D401.contig42	38734	0	0
D401.contig43	38631	551	5
D401.contig44	38630	1451	43
D401.contig45	38573	0	0
D401.contig46	38415	0	0
D401.contig47	38015	1571	31
D401.contig48	37963	0	0
D401.contig49	37899	6068	144
D401.contig50	37655	0	0
D401.contig51	37605	2102	51
D401.contig52	36937	443	6
D401.contig53	36198	0	0
D401.contig54	35815	738	21
D401.contig55	35659	98	82
D401.contig56	35433	466	9
D401.contig57	35335	356	6
D401.contig58	35127	1217	35
D401.contig59	34541	2733	129
D401.contig60	34510	460	9
D401.contig61	34285	0	0
D401.contig62	31861	1699	26
D401.contig63	31743	496	11
D401.contig64	31705	1	1
D401.contig65	31545	628	10
D401.contig66	31473	1019	14
D401.contig67	31292	0	0
D401.contig68	31046	375	8
D401.contig69	30488	1055	22
D401.contig70	29909	174	80
D401.contig71	29907	296	6
D401.contig72	29608	456	8
D401.contig73	29010	465	3
D401.contig74	28798	897	18
D401.contig75	28231	313	12
D401.contig76	28096	0	0
D401.contig77	27917	1217	12
D401.contig78	27842	0	0
D401.contig79	27782	582	10
D401.contig80	27666	304	3
D401.contig81	27418	433	16
D401.contig82	26864	201	5
D401.contig83	26733	207	6
D401.contig84	26270	263	6
D401.contig85	25723	1876	75
D401.contig86	25467	612	11
D401.contig87	25183	276	7
D401.contig88	24529	0	0
D401.contig89	23708	118	2
D401.contig90	23665	400	6
D401.contig91	23435	439	6
D401.contig92	23230	539	9
D401.contig93	22866	111	3
D401.contig94	22831	316	5
D401.contig95	22450	412	6
D401.contig96	21971	3476	81
D401.contig97	21636	1054	16
D401.contig98	21522	380	39
D401.contig99	21431	273	7
D401.contig100	21391	423	20
D401.contig101	21120	166	2
D401.contig102	20825	1498	80
D401.contig103	20807	0	0
D401.contig104	20479	915	31
D401.contig105	20354	356	4
D401.contig106	19907	0	0
D401.contig107	19444	0	0
D401.contig108	19402	36	13
D401.contig109	19287	267	6
D401.contig110	19183	305	7
D401.contig111	19095	391	8
D401.contig112	19021	448	10
D401.contig113	18605	0	0
D401.contig114	18432	156	2
D401.contig115	18196	0	0
D401.contig116	17865	0	0
D401.contig117	17860	1	1
D401.contig118	17613	0	0
D401.contig119	17609	58	4
D401.contig120	17531	0	0
D401.contig121	17227	79	4
D401.contig122	17129	252	16
D401.contig123	17050	1734	68
D401.contig124	16663	125	1
D401.contig125	16282	161	3
D401.contig126	16265	226	43
D401.contig127	16192	84	1
D401.contig128	16049	485	12
D401.contig129	15762	0	0
D401.contig130	15717	89	3
D401.contig131	15548	371	5
D401.contig132	15518	0	0
D401.contig133	15187	0	0
D401.contig134	15130	77	3
D401.contig135	15051	84	3
D401.contig136	14934	0	0
D401.contig137	14805	339	4
D401.contig138	14744	146	1
D401.contig139	14693	4	2
D401.contig140	14606	0	0
D401.contig141	14603	490	14
D401.contig142	14599	173	11
D401.contig143	14398	148	0
D401.contig144	14359	0	0
D401.contig145	14355	0	0
D401.contig146	14274	234	4
D401.contig147	14235	0	0
D401.contig148	14223	0	0
D401.contig149	14185	0	0
D401.contig150	14095	0	0
D401.contig151	14069	0	0
D401.contig152	14016	89	0
D401.contig153	13913	0	0
D401.contig154	13802	1241	53
D401.contig155	13782	213	5
D401.contig156	13763	158	3
D401.contig157	13697	411	16
D401.contig158	13672	0	0
D401.contig159	13606	145	9
D401.contig160	13504	0	0
D401.contig161	13376	262	9
D401.contig162	13349	1304	32
D401.contig163	13303	0	0
D401.contig164	13302	0	0
D401.contig165	13185	0	0
D401.contig166	13120	62	2
D401.contig167	13111	597	13
D401.contig168	13108	92	1
D401.contig169	13096	542	13
D401.contig170	13063	0	0
D401.contig171	13048	0	0
D401.contig172	12978	106	4
D401.contig173	12914	853	241
D401.contig174	12878	0	0
D401.contig175	12782	0	0
D401.contig176	12482	620	24
D401.contig177	12464	76	6
D401.contig178	12431	0	0
D401.contig179	12379	0	0
D401.contig180	12369	0	0
D401.contig181	12357	0	0
D401.contig182	12353	0	0
D401.contig183	12220	0	0
D401.contig184	12179	2	0
D401.contig185	12132	143	6
D401.contig186	12112	919	30
D401.contig187	12062	0	0
D401.contig188	12045	0	0
D401.contig189	12038	224	1
D401.contig190	11979	0	0
D401.contig191	11892	0	0
D401.contig192	11826	0	0
D401.contig193	11754	0	0
D401.contig194	11715	227	14
D401.contig195	11692	277	2
D401.contig196	11672	1350	30
D401.contig197	11501	0	0
D401.contig198	11451	140	4
D401.contig199	11427	54	1
D401.contig200	11395	0	0
D401.contig201	11345	147	3
D401.contig202	11339	270	8
D401.contig203	11257	0	0
D401.contig204	11246	65	2
D401.contig205	11187	1430	59
D401.contig206	11166	56	2
D401.contig207	11140	176	6
D401.contig208	11098	162	6
D401.contig209	11014	0	0
D401.contig210	11012	134	3
D401.contig211	10946	2	0
D401.contig212	10802	0	0
D401.contig213	10746	56	4
D401.contig214	10736	0	0
D401.contig215	10692	0	0
D401.contig216	10634	344	6
D401.contig217	10581	0	0
D401.contig218	10560	0	0
D401.contig219	10512	2081	189
D401.contig220	10492	0	0
D401.contig221	10461	76	0
D401.contig222	10415	0	0
D401.contig223	10401	22	10
D401.contig224	10375	0	0
D401.contig225	10361	0	0
D401.contig226	10326	2	0
D401.contig227	10321	0	0
D401.contig228	10309	0	0
D401.contig229	10308	0	0
D401.contig230	10284	597	20
D401.contig231	10279	132	4
D401.contig232	10189	0	0
D401.contig233	10079	0	0
D401.contig234	10038	103	3
D401.contig235	9903	0	0
D401.contig236	9824	0	0
D401.contig237	9812	0	0
D401.contig238	9718	1531	26
D401.contig239	9623	187	4
D401.contig240	9429	0	0
D401.contig241	9329	1288	31
D401.contig242	9239	31	1
D401.contig243	9216	0	0
D401.contig244	9205	0	0
D401.contig245	9177	162	4
D401.contig246	9153	46	1
D401.contig247	9096	67	2
D401.contig248	8980	0	0
D401.contig249	8974	0	0
D401.contig250	8969	443	6
D401.contig251	8966	0	0
D401.contig252	8916	0	0
D401.contig253	8892	19	0
D401.contig254	8879	0	0
D401.contig255	8846	0	0
D401.contig256	8803	42	1
D401.contig257	8772	769	76
D401.contig258	8692	0	0
D401.contig259	8671	0	0
D401.contig260	8650	0	0
D401.contig261	8602	145	5
D401.contig262	8530	0	0
D401.contig263	8523	74	2
D401.contig264	8476	64	3
D401.contig265	8475	0	0
D401.contig266	8474	0	0
D401.contig267	8468	0	0
D401.contig268	8456	151	5
D401.contig269	8410	79	1
D401.contig270	8396	45	1
D401.contig271	8351	100	2
D401.contig272	8343	0	0
D401.contig273	8305	85	8
D401.contig274	8304	0	0
D401.contig275	8300	675	57
D401.contig276	8296	0	0
D401.contig277	8266	112	3
D401.contig278	8264	0	0
D401.contig279	8258	0	0
D401.contig280	8235	36	1
D401.contig281	8226	0	0
D401.contig282	8112	0	0
D401.contig283	8098	0	0
D401.contig284	8052	19	1
D401.contig285	8024	186	2
D401.contig286	7911	18	0
D401.contig287	7873	0	0
D401.contig288	7843	78	2
D401.contig289	7806	0	0
D401.contig290	7806	129	2
D401.contig291	7772	5	1
D401.contig292	7716	3	1
D401.contig293	7709	0	0
D401.contig294	7701	0	0
D401.contig295	7696	0	0
D401.contig296	7651	0	0
D401.contig297	7601	21	1
D401.contig298	7496	91	1
D401.contig299	7487	0	0
D401.contig300	7482	0	0
D401.contig301	7466	0	0
D401.contig302	7435	0	0
D401.contig303	7395	0	0
D401.contig304	7352	0	0
D401.contig305	7314	1632	97
D401.contig306	7284	2538	2152
D401.contig307	7284	0	0
D401.contig308	7275	0	0
D401.contig309	7259	0	0
D401.contig310	7239	0	0
D401.contig311	7202	1490	31
D401.contig312	7192	0	0
D401.contig313	7185	62	2
D401.contig314	7160	12	0
D401.contig315	7153	0	0
D401.contig316	7151	0	0
D401.contig317	7101	0	0
D401.contig318	7028	38	4
D401.contig319	6996	0	0
D401.contig320	6967	45	6
D401.contig321	6957	163741	37263
D401.contig322	6892	0	0
D401.contig323	6871	70	2
D401.contig324	6855	0	0
D401.contig325	6831	30	2
D401.contig326	6787	0	0
D401.contig327	6783	0	0
D401.contig328	6767	49	1
D401.contig329	6761	0	0
D401.contig330	6755	1	1
D401.contig331	6726	0	0
D401.contig332	6668	0	0
D401.contig333	6648	0	0
D401.contig334	6637	0	0
D401.contig335	6548	79	8
D401.contig336	6530	0	0
D401.contig337	6514	0	0
D401.contig338	6467	0	0
D401.contig339	6459	0	0
D401.contig340	6456	0	0
D401.contig341	6441	0	0
D401.contig342	6393	0	0
D401.contig343	6385	0	0
D401.contig344	6384	0	0
D401.contig345	6373	0	0
D401.contig346	6364	222	16
D401.contig347	6360	29	1
D401.contig348	6325	11	3
D401.contig349	6316	0	0
D401.contig350	6278	28	0
D401.contig351	6259	0	0
D401.contig352	6244	57	1
D401.contig353	6241	351	11
D401.contig354	6205	0	0
D401.contig355	6195	0	0
D401.contig356	6183	57	2
D401.contig357	6156	50	5
D401.contig358	6120	0	0
D401.contig359	6120	42	2
D401.contig360	6106	43	3
D401.contig361	6101	6	1
D401.contig362	6099	0	0
D401.contig363	6088	680	47
D401.contig364	6085	46	2
D401.contig365	6015	0	0
D401.contig366	6006	0	0
D401.contig367	5994	0	0
D401.contig368	5992	0	0
D401.contig369	5969	51	3
D401.contig370	5916	0	0
D401.contig371	5913	0	0
D401.contig372	5889	739	51
D401.contig373	5886	0	0
D401.contig374	5881	0	0
D401.contig375	5839	0	0
D401.contig376	5828	0	0
D401.contig377	5822	0	0
D401.contig378	5780	0	0
D401.contig379	5778	32	0
D401.contig380	5778	0	0
D401.contig381	5775	0	0
D401.contig382	5742	0	0
D401.contig383	5738	0	0
D401.contig384	5682	0	0
D401.contig385	5673	0	0
D401.contig386	5652	0	0
D401.contig387	5635	4	0
D401.contig388	5632	71	2
D401.contig389	5541	1695	85
D401.contig390	5442	0	0
D401.contig391	5435	0	0
D401.contig392	5433	0	0
D401.contig393	5430	0	0
D401.contig394	5417	0	0
D401.contig395	5416	58	2
D401.contig396	5404	0	0
D401.contig397	5389	123	2
D401.contig398	5368	533	27
D401.contig399	5352	0	0
D401.contig400	5343	0	0
D401.contig401	5342	0	0
D401.contig402	5314	33	1
D401.contig403	5311	0	0
D401.contig404	5308	0	0
D401.contig405	5307	0	0
D401.contig406	5305	42	1
D401.contig407	5291	25	3
D401.contig408	5270	26	0
D401.contig409	5230	0	0
D401.contig410	5198	390	20
D401.contig411	5192	0	0
D401.contig412	5190	121	0
D401.contig413	5187	0	0
D401.contig414	5181	0	0
D401.contig415	5156	4	0
D401.contig416	5143	2711	701
D401.contig417	5143	0	0
D401.contig418	5143	71	2
D401.contig419	5141	1201	27
D401.contig420	5116	1	0
D401.contig421	5105	0	0
D401.contig422	5099	0	0
D401.contig423	5088	72	4
D401.contig424	5076	0	0
D401.contig425	5069	1145	78
D401.contig426	5057	0	0
D401.contig427	5036	0	0
D401.contig428	5026	0	0
D401.contig429	5011	28	0
D401.contig430	4992	0	0
D401.contig431	4984	0	0
D401.contig432	4983	13	0
D401.contig433	4977	0	0
D401.contig434	4945	911	55
D401.contig435	4939	93725	2244
D401.contig436	4922	0	0
D401.contig437	4918	2	0
D401.contig438	4918	0	0
D401.contig439	4915	422	11
D401.contig440	4914	0	0
D401.contig441	4911	4	0
D401.contig442	4898	0	0
D401.contig443	4893	49	0
D401.contig444	4884	0	0
D401.contig445	4874	5	3
D401.contig446	4869	59	5
D401.contig447	4867	169	1
D401.contig448	4861	0	0
D401.contig449	4860	34	1
D401.contig450	4819	19	1
D401.contig451	4814	0	0
D401.contig452	4797	0	0
D401.contig453	4790	869	113
D401.contig454	4784	39	3
D401.contig455	4761	0	0
D401.contig456	4755	0	0
D401.contig457	4739	0	0
D401.contig458	4736	1049	66
D401.contig459	4712	0	0
D401.contig460	4666	30	1
D401.contig461	4665	0	0
D401.contig462	4651	0	0
D401.contig463	4648	52	1
D401.contig464	4647	0	0
D401.contig465	4642	0	0
D401.contig466	4638	0	0
D401.contig467	4627	21	1
D401.contig468	4613	0	0
D401.contig469	4606	288	41
D401.contig470	4595	0	0
D401.contig471	4595	0	0
D401.contig472	4593	1030	94
D401.contig473	4587	0	0
D401.contig474	4575	50	2
D401.contig475	4556	0	0
D401.contig476	4541	0	0
D401.contig477	4538	88	3
D401.contig478	4535	0	0
D401.contig479	4502	0	0
D401.contig480	4490	0	0
D401.contig481	4474	1501	78
D401.contig482	4457	0	0
D401.contig483	4428	0	0
D401.contig484	4419	0	0
D401.contig485	4414	0	0
D401.contig486	4410	55	3
D401.contig487	4403	0	0
D401.contig488	4385	0	0
D401.contig489	4382	0	0
D401.contig490	4375	0	0
D401.contig491	4372	0	0
D401.contig492	4347	0	0
D401.contig493	4333	0	0
D401.contig494	4329	50	6
D401.contig495	4317	0	0
D401.contig496	4316	0	0
D401.contig497	4314	0	0
D401.contig498	4296	0	0
D401.contig499	4289	2	0
D401.contig500	4272	3	0
D401.contig501	4272	30	0
D401.contig502	4270	0	0
D401.contig503	4268	72	1
D401.contig504	4262	15	1
D401.contig505	4252	44	0
D401.contig506	4244	0	0
D401.contig507	4224	44	1
D401.contig508	4215	41	2
D401.contig509	4181	0	0
D401.contig510	4160	0	0
D401.contig511	4152	0	0
D401.contig512	4150	0	0
D401.contig513	4140	0	0
D401.contig514	4136	0	0
D401.contig515	4122	0	0
D401.contig516	4120	0	0
D401.contig517	4117	0	0
D401.contig518	4107	0	0
D401.contig519	4104	260	14
D401.contig520	4094	2	2
D401.contig521	4069	0	0
D401.contig522	4053	0	0
D401.contig523	4053	483	5
D401.contig524	4032	0	0
D401.contig525	4029	0	0
D401.contig526	4018	0	0
D401.contig527	4007	40	2
D401.contig528	4000	5	0
D401.contig529	3994	0	0
D401.contig530	3984	0	0
D401.contig531	3974	0	0
D401.contig532	3973	0	0
D401.contig533	3948	161	4
D401.contig534	3944	0	0
D401.contig535	3929	0	0
D401.contig536	3928	684	41
D401.contig537	3927	17	9
D401.contig538	3922	16	0
D401.contig539	3914	0	0
D401.contig540	3902	0	0
D401.contig541	3899	0	0
D401.contig542	3890	0	0
D401.contig543	3878	0	0
D401.contig544	3857	0	0
D401.contig545	3846	0	0
D401.contig546	3832	0	0
D401.contig547	3824	0	0
D401.contig548	3821	17	0
D401.contig549	3811	71	4
D401.contig550	3806	0	0
D401.contig551	3802	0	0
D401.contig552	3789	477	45
D401.contig553	3778	0	0
D401.contig554	3769	0	0
D401.contig555	3759	19	1
D401.contig556	3742	0	0
D401.contig557	3738	0	0
D401.contig558	3718	0	0
D401.contig559	3717	0	0
D401.contig560	3715	0	0
D401.contig561	3708	0	0
D401.contig562	3705	264	32
D401.contig563	3704	0	0
D401.contig564	3702	0	0
D401.contig565	3699	11	1
D401.contig566	3695	0	0
D401.contig567	3680	18	2
D401.contig568	3667	0	0
D401.contig569	3662	0	0
D401.contig570	3653	38	1
D401.contig571	3636	0	0
D401.contig572	3628	0	0
D401.contig573	3626	0	0
D401.contig574	3604	0	0
D401.contig575	3589	0	0
D401.contig576	3585	0	0
D401.contig577	3584	0	0
D401.contig578	3582	0	0
D401.contig579	3580	26	3
D401.contig580	3578	0	0
D401.contig581	3577	0	0
D401.contig582	3568	0	0
D401.contig583	3566	0	0
D401.contig584	3563	13	3
D401.contig585	3562	19	0
D401.contig586	3550	0	0
D401.contig587	3548	7	0
D401.contig588	3543	0	0
D401.contig589	3520	0	0
D401.contig590	3518	814	73
D401.contig591	3517	0	0
D401.contig592	3513	0	0
D401.contig593	3512	0	0
D401.contig594	3504	0	0
D401.contig595	3502	88	8
D401.contig596	3501	0	0
D401.contig597	3495	298	12
D401.contig598	3489	29	4
D401.contig599	3481	28	1
D401.contig600	3449	0	0
D401.contig601	3435	0	0
D401.contig602	3435	0	0
D401.contig603	3429	881	42
D401.contig604	3423	0	0
D401.contig605	3422	0	0
D401.contig606	3411	0	0
D401.contig607	3407	0	0
D401.contig608	3407	11	1
D401.contig609	3402	48	2
D401.contig610	3389	2	0
D401.contig611	3385	9	1
D401.contig612	3382	14	1
D401.contig613	3377	0	0
D401.contig614	3377	8	0
D401.contig615	3365	0	0
D401.contig616	3360	0	0
D401.contig617	3346	11	1
D401.contig618	3343	0	0
D401.contig619	3342	9	1
D401.contig620	3338	0	0
D401.contig621	3318	0	0
D401.contig622	3316	0	0
D401.contig623	3298	0	0
D401.contig624	3289	23	2
D401.contig625	3285	35	0
D401.contig626	3283	10	2
D401.contig627	3280	0	0
D401.contig628	3262	0	0
D401.contig629	3261	0	0
D401.contig630	3254	0	0
D401.contig631	3249	0	0
D401.contig632	3242	0	0
D401.contig633	3242	0	0
D401.contig634	3241	861	54
D401.contig635	3236	0	0
D401.contig636	3232	0	0
D401.contig637	3230	0	0
D401.contig638	3229	12	2
D401.contig639	3228	30	2
D401.contig640	3227	0	0
D401.contig641	3227	0	0
D401.contig642	3222	24	1
D401.contig643	3214	500	18
D401.contig644	3213	0	0
D401.contig645	3204	0	0
D401.contig646	3199	0	0
D401.contig647	3186	0	0
D401.contig648	3163	0	0
D401.contig649	3158	0	0
D401.contig650	3156	348282	32605
D401.contig651	3150	0	0
D401.contig652	3144	21	3
D401.contig653	3137	0	0
D401.contig654	3137	0	0
D401.contig655	3135	0	0
D401.contig656	3126	0	0
D401.contig657	3121	0	0
D401.contig658	3116	17	9
D401.contig659	3111	4	0
D401.contig660	3108	0	0
D401.contig661	3097	0	0
D401.contig662	3097	0	0
D401.contig663	3090	0	0
D401.contig664	3088	0	0
D401.contig665	3084	0	0
D401.contig666	3083	0	0
D401.contig667	3076	49	1
D401.contig668	3064	0	0
D401.contig669	3059	0	0
D401.contig670	3051	0	0
D401.contig671	3033	0	0
D401.contig672	3033	0	0
D401.contig673	3027	0	0
D401.contig674	3026	11	1
D401.contig675	3018	0	0
D401.contig676	3003	0	0
*	0	0	5175364
