D401.contig1	172851	0	0
D401.contig2	102387	97545	2196
D401.contig3	99607	33702	871
D401.contig4	91962	49003	1391
D401.contig5	87938	28399	566
D401.contig6	86859	43148	1062
D401.contig7	86547	103856	2628
D401.contig8	82447	37170	962
D401.contig9	78111	31207	646
D401.contig10	77178	17397	386
D401.contig11	72060	22924	569
D401.contig12	71606	60188	3013
D401.contig13	69505	0	0
D401.contig14	68038	43670	969
D401.contig15	64712	26559	769
D401.contig16	58927	0	0
D401.contig17	57187	22757	643
D401.contig18	56031	9502	230
D401.contig19	55661	32099	723
D401.contig20	55302	17122	408
D401.contig21	53768	28311	743
D401.contig22	53739	18214	475
D401.contig23	50463	18821	532
D401.contig24	49364	10276	226
D401.contig25	49277	30274	807
D401.contig26	48357	14885	374
D401.contig27	47837	10528	364
D401.contig28	47536	0	0
D401.contig29	46872	14621	354
D401.contig30	46779	18481	633
D401.contig31	46052	9385	235
D401.contig32	44683	0	0
D401.contig33	44586	30194	697
D401.contig34	42635	0	0
D401.contig35	42492	35619	741
D401.contig36	40367	0	0
D401.contig37	40363	7756	184
D401.contig38	39851	0	0
D401.contig39	39835	8652	213
D401.contig40	38995	62319	1521
D401.contig41	38768	0	0
D401.contig42	38734	4	2
D401.contig43	38631	6877	153
D401.contig44	38630	28673	872
D401.contig45	38573	0	0
D401.contig46	38415	0	0
D401.contig47	38015	19981	515
D401.contig48	37963	14	5
D401.contig49	37899	111981	3623
D401.contig50	37655	0	0
D401.contig51	37605	34150	1149
D401.contig52	36937	7150	172
D401.contig53	36198	0	0
D401.contig54	35815	15572	511
D401.contig55	35659	19	3
D401.contig56	35433	7704	163
D401.contig57	35335	6976	184
D401.contig58	35127	16111	442
D401.contig59	34541	41007	2425
D401.contig60	34510	13773	282
D401.contig61	34285	0	0
D401.contig62	31861	19158	616
D401.contig63	31743	11871	260
D401.contig64	31705	6059	589
D401.contig65	31545	9654	254
D401.contig66	31473	16266	408
D401.contig67	31292	0	0
D401.contig68	31046	7399	133
D401.contig69	30488	21686	571
D401.contig70	29909	1	1
D401.contig71	29907	8172	182
D401.contig72	29608	7693	179
D401.contig73	29010	10919	291
D401.contig74	28798	14892	335
D401.contig75	28231	8027	246
D401.contig76	28096	349	14
D401.contig77	27917	19671	510
D401.contig78	27842	91235	16053
D401.contig79	27782	8792	190
D401.contig80	27666	5694	121
D401.contig81	27418	8264	329
D401.contig82	26864	3767	134
D401.contig83	26733	6069	124
D401.contig84	26270	6532	125
D401.contig85	25723	35187	1532
D401.contig86	25467	13655	322
D401.contig87	25183	3870	100
D401.contig88	24529	0	0
D401.contig89	23708	2437	71
D401.contig90	23665	9025	231
D401.contig91	23435	8383	193
D401.contig92	23230	14065	357
D401.contig93	22866	2786	86
D401.contig94	22831	7175	199
D401.contig95	22450	4059	106
D401.contig96	21971	72907	2194
D401.contig97	21636	26850	854
D401.contig98	21522	8935	680
D401.contig99	21431	5082	163
D401.contig100	21391	5902	299
D401.contig101	21120	6	0
D401.contig102	20825	35476	1616
D401.contig103	20807	0	0
D401.contig104	20479	13	5
D401.contig105	20354	6320	150
D401.contig106	19907	43040	3579
D401.contig107	19444	0	0
D401.contig108	19402	699	260
D401.contig109	19287	7252	210
D401.contig110	19183	4807	132
D401.contig111	19095	6699	148
D401.contig112	19021	16069	530
D401.contig113	18605	0	0
D401.contig114	18432	2616	81
D401.contig115	18196	0	0
D401.contig116	17865	0	0
D401.contig117	17860	1	1
D401.contig118	17613	0	0
D401.contig119	17609	1586	61
D401.contig120	17531	30	4
D401.contig121	17227	2912	110
D401.contig122	17129	5198	200
D401.contig123	17050	47162	1931
D401.contig124	16663	2272	60
D401.contig125	16282	2396	64
D401.contig126	16265	4569	743
D401.contig127	16192	2412	66
D401.contig128	16049	19147	514
D401.contig129	15762	7	3
D401.contig130	15717	1243	41
D401.contig131	15548	5955	189
D401.contig132	15518	0	0
D401.contig133	15187	2	0
D401.contig134	15130	1176	38
D401.contig135	15051	3925	108
D401.contig136	14934	0	0
D401.contig137	14805	5627	141
D401.contig138	14744	6411	149
D401.contig139	14693	0	0
D401.contig140	14606	5	1
D401.contig141	14603	11293	318
D401.contig142	14599	2192	166
D401.contig143	14398	5780	149
D401.contig144	14359	0	0
D401.contig145	14355	0	0
D401.contig146	14274	3457	194
D401.contig147	14235	0	0
D401.contig148	14223	0	0
D401.contig149	14185	12	2
D401.contig150	14095	3	1
D401.contig151	14069	337335	28856
D401.contig152	14016	3	1
D401.contig153	13913	0	0
D401.contig154	13802	15972	794
D401.contig155	13782	3909	94
D401.contig156	13763	4654	144
D401.contig157	13697	11858	519
D401.contig158	13672	14	0
D401.contig159	13606	5095	148
D401.contig160	13504	0	0
D401.contig161	13376	2716	188
D401.contig162	13349	27195	925
D401.contig163	13303	0	0
D401.contig164	13302	0	0
D401.contig165	13185	2	0
D401.contig166	13120	2386	104
D401.contig167	13111	9060	284
D401.contig168	13108	3869	138
D401.contig169	13096	12769	412
D401.contig170	13063	0	0
D401.contig171	13048	15	0
D401.contig172	12978	3963	120
D401.contig173	12914	13	1
D401.contig174	12878	0	0
D401.contig175	12782	221	33
D401.contig176	12482	11794	648
D401.contig177	12464	0	0
D401.contig178	12431	0	0
D401.contig179	12379	0	0
D401.contig180	12369	0	0
D401.contig181	12357	0	0
D401.contig182	12353	2	0
D401.contig183	12220	0	0
D401.contig184	12179	0	0
D401.contig185	12132	3755	110
D401.contig186	12112	8145	293
D401.contig187	12062	4	0
D401.contig188	12045	0	0
D401.contig189	12038	2085	43
D401.contig190	11979	0	0
D401.contig191	11892	0	0
D401.contig192	11826	0	0
D401.contig193	11754	3447	305
D401.contig194	11715	4175	331
D401.contig195	11692	6367	256
D401.contig196	11672	17550	455
D401.contig197	11501	146	12
D401.contig198	11451	2232	80
D401.contig199	11427	1358	44
D401.contig200	11395	9	0
D401.contig201	11345	2836	63
D401.contig202	11339	6729	158
D401.contig203	11257	0	0
D401.contig204	11246	2022	49
D401.contig205	11187	17623	755
D401.contig206	11166	1497	36
D401.contig207	11140	2141	96
D401.contig208	11098	2733	131
D401.contig209	11014	9	1
D401.contig210	11012	1979	109
D401.contig211	10946	273	35
D401.contig212	10802	0	0
D401.contig213	10746	1262	44
D401.contig214	10736	14	1
D401.contig215	10692	4	0
D401.contig216	10634	5754	136
D401.contig217	10581	38	10
D401.contig218	10560	0	0
D401.contig219	10512	65159	4124
D401.contig220	10492	1	1
D401.contig221	10461	1324	41
D401.contig222	10415	0	0
D401.contig223	10401	255	97
D401.contig224	10375	0	0
D401.contig225	10361	25	14
D401.contig226	10326	0	0
D401.contig227	10321	0	0
D401.contig228	10309	0	0
D401.contig229	10308	0	0
D401.contig230	10284	11685	457
D401.contig231	10279	3184	137
D401.contig232	10189	64	4
D401.contig233	10079	0	0
D401.contig234	10038	1768	84
D401.contig235	9903	0	0
D401.contig236	9824	31	18
D401.contig237	9812	0	0
D401.contig238	9718	27156	718
D401.contig239	9623	2350	62
D401.contig240	9429	0	0
D401.contig241	9329	19465	759
D401.contig242	9239	1138	46
D401.contig243	9216	0	0
D401.contig244	9205	10	0
D401.contig245	9177	4549	160
D401.contig246	9153	1189	91
D401.contig247	9096	560	46
D401.contig248	8980	0	0
D401.contig249	8974	73849	12827
D401.contig250	8969	7246	168
D401.contig251	8966	9	1
D401.contig252	8916	0	0
D401.contig253	8892	969	32
D401.contig254	8879	0	0
D401.contig255	8846	7	1
D401.contig256	8803	1052	40
D401.contig257	8772	16624	1447
D401.contig258	8692	17	1
D401.contig259	8671	0	0
D401.contig260	8650	0	0
D401.contig261	8602	927	33
D401.contig262	8530	311	23
D401.contig263	8523	1097	44
D401.contig264	8476	1261	53
D401.contig265	8475	14	0
D401.contig266	8474	0	0
D401.contig267	8468	3	1
D401.contig268	8456	877	29
D401.contig269	8410	1496	31
D401.contig270	8396	1884	45
D401.contig271	8351	1293	67
D401.contig272	8343	10	0
D401.contig273	8305	2754	127
D401.contig274	8304	35	3
D401.contig275	8300	4049	479
D401.contig276	8296	0	0
D401.contig277	8266	1549	62
D401.contig278	8264	2	0
D401.contig279	8258	5	1
D401.contig280	8235	423	7
D401.contig281	8226	0	0
D401.contig282	8112	0	0
D401.contig283	8098	0	0
D401.contig284	8052	722	36
D401.contig285	8024	2580	55
D401.contig286	7911	732	25
D401.contig287	7873	0	0
D401.contig288	7843	2812	65
D401.contig289	7806	0	0
D401.contig290	7806	1060	45
D401.contig291	7772	7	3
D401.contig292	7716	11	6
D401.contig293	7709	31	1
D401.contig294	7701	27	1
D401.contig295	7696	0	0
D401.contig296	7651	4	0
D401.contig297	7601	1210	54
D401.contig298	7496	1837	53
D401.contig299	7487	19	10
D401.contig300	7482	0	0
D401.contig301	7466	0	0
D401.contig302	7435	0	0
D401.contig303	7395	0	0
D401.contig304	7352	2	0
D401.contig305	7314	23659	1157
D401.contig306	7284	1	1
D401.contig307	7284	0	0
D401.contig308	7275	0	0
D401.contig309	7259	1	0
D401.contig310	7239	50	4
D401.contig311	7202	19486	516
D401.contig312	7192	0	0
D401.contig313	7185	627	35
D401.contig314	7160	0	0
D401.contig315	7153	2	0
D401.contig316	7151	0	0
D401.contig317	7101	0	0
D401.contig318	7028	857	40
D401.contig319	6996	28	3
D401.contig320	6967	895	35
D401.contig321	6957	490	258
D401.contig322	6892	1907	254
D401.contig323	6871	1473	91
D401.contig324	6855	0	0
D401.contig325	6831	128	8
D401.contig326	6787	0	0
D401.contig327	6783	0	0
D401.contig328	6767	771	35
D401.contig329	6761	9	1
D401.contig330	6755	45	13
D401.contig331	6726	0	0
D401.contig332	6668	0	0
D401.contig333	6648	8	0
D401.contig334	6637	1	1
D401.contig335	6548	996	72
D401.contig336	6530	5	3
D401.contig337	6514	0	0
D401.contig338	6467	132	9
D401.contig339	6459	4	0
D401.contig340	6456	48	6
D401.contig341	6441	0	0
D401.contig342	6393	0	0
D401.contig343	6385	0	0
D401.contig344	6384	1	1
D401.contig345	6373	29092	2498
D401.contig346	6364	2145	127
D401.contig347	6360	414	13
D401.contig348	6325	74	20
D401.contig349	6316	0	0
D401.contig350	6278	421	16
D401.contig351	6259	6	0
D401.contig352	6244	2273	91
D401.contig353	6241	5914	307
D401.contig354	6205	3	0
D401.contig355	6195	0	0
D401.contig356	6183	506	14
D401.contig357	6156	644	29
D401.contig358	6120	0	0
D401.contig359	6120	558	41
D401.contig360	6106	989	46
D401.contig361	6101	68	1
D401.contig362	6099	0	0
D401.contig363	6088	7318	483
D401.contig364	6085	1664	97
D401.contig365	6015	0	0
D401.contig366	6006	0	0
D401.contig367	5994	0	0
D401.contig368	5992	0	0
D401.contig369	5969	843	48
D401.contig370	5916	0	0
D401.contig371	5913	50	2
D401.contig372	5889	8672	668
D401.contig373	5886	24	2
D401.contig374	5881	27	3
D401.contig375	5839	0	0
D401.contig376	5828	0	0
D401.contig377	5822	0	0
D401.contig378	5780	0	0
D401.contig379	5778	891	50
D401.contig380	5778	12	6
D401.contig381	5775	7439	570
D401.contig382	5742	0	0
D401.contig383	5738	0	0
D401.contig384	5682	0	0
D401.contig385	5673	0	0
D401.contig386	5652	10	2
D401.contig387	5635	139	4
D401.contig388	5632	1093	71
D401.contig389	5541	19704	1415
D401.contig390	5442	0	0
D401.contig391	5435	0	0
D401.contig392	5433	0	0
D401.contig393	5430	0	0
D401.contig394	5417	0	0
D401.contig395	5416	820	49
D401.contig396	5404	0	0
D401.contig397	5389	2971	137
D401.contig398	5368	6119	319
D401.contig399	5352	0	0
D401.contig400	5343	22	12
D401.contig401	5342	0	0
D401.contig402	5314	480	32
D401.contig403	5311	1520	170
D401.contig404	5308	7	3
D401.contig405	5307	0	0
D401.contig406	5305	818	13
D401.contig407	5291	149	11
D401.contig408	5270	697	51
D401.contig409	5230	2	2
D401.contig410	5198	13132	579
D401.contig411	5192	4	1
D401.contig412	5190	2529	52
D401.contig413	5187	0	0
D401.contig414	5181	0	0
D401.contig415	5156	6	0
D401.contig416	5143	0	0
D401.contig417	5143	1	1
D401.contig418	5143	1287	27
D401.contig419	5141	18011	648
D401.contig420	5116	76	14
D401.contig421	5105	0	0
D401.contig422	5099	103726	19503
D401.contig423	5088	962	82
D401.contig424	5076	0	0
D401.contig425	5069	21564	1742
D401.contig426	5057	0	0
D401.contig427	5036	11	3
D401.contig428	5026	4	0
D401.contig429	5011	238	16
D401.contig430	4992	88	3
D401.contig431	4984	0	0
D401.contig432	4983	564	28
D401.contig433	4977	0	0
D401.contig434	4945	15026	894
D401.contig435	4939	159660	6733
D401.contig436	4922	0	0
D401.contig437	4918	16	9
D401.contig438	4918	17	9
D401.contig439	4915	3254	168
D401.contig440	4914	6	3
D401.contig441	4911	1	1
D401.contig442	4898	1	0
D401.contig443	4893	770	44
D401.contig444	4884	0	0
D401.contig445	4874	35	14
D401.contig446	4869	843	57
D401.contig447	4867	1847	42
D401.contig448	4861	0	0
D401.contig449	4860	1644	71
D401.contig450	4819	776	42
D401.contig451	4814	0	0
D401.contig452	4797	0	0
D401.contig453	4790	22257	1770
D401.contig454	4784	1233	75
D401.contig455	4761	0	0
D401.contig456	4755	0	0
D401.contig457	4739	0	0
D401.contig458	4736	14116	915
D401.contig459	4712	0	0
D401.contig460	4666	964	61
D401.contig461	4665	0	0
D401.contig462	4651	0	0
D401.contig463	4648	836	18
D401.contig464	4647	0	0
D401.contig465	4642	0	0
D401.contig466	4638	0	0
D401.contig467	4627	232	9
D401.contig468	4613	0	0
D401.contig469	4606	7707	892
D401.contig470	4595	37	4
D401.contig471	4595	0	0
D401.contig472	4593	18446	1510
D401.contig473	4587	5	1
D401.contig474	4575	644	67
D401.contig475	4556	4	0
D401.contig476	4541	0	0
D401.contig477	4538	785	17
D401.contig478	4535	0	0
D401.contig479	4502	34	0
D401.contig480	4490	0	0
D401.contig481	4474	23881	1529
D401.contig482	4457	0	0
D401.contig483	4428	2	0
D401.contig484	4419	7	4
D401.contig485	4414	0	0
D401.contig486	4410	265	20
D401.contig487	4403	0	0
D401.contig488	4385	0	0
D401.contig489	4382	22	2
D401.contig490	4375	2	2
D401.contig491	4372	0	0
D401.contig492	4347	60	50
D401.contig493	4333	7	0
D401.contig494	4329	429	24
D401.contig495	4317	6	0
D401.contig496	4316	0	0
D401.contig497	4314	0	0
D401.contig498	4296	2	0
D401.contig499	4289	624	20
D401.contig500	4272	0	0
D401.contig501	4272	632	32
D401.contig502	4270	2	0
D401.contig503	4268	2171	36
D401.contig504	4262	311	22
D401.contig505	4252	372	16
D401.contig506	4244	0	0
D401.contig507	4224	810	20
D401.contig508	4215	513	34
D401.contig509	4181	0	0
D401.contig510	4160	0	0
D401.contig511	4152	5	2
D401.contig512	4150	0	0
D401.contig513	4140	28	8
D401.contig514	4136	0	0
D401.contig515	4122	0	0
D401.contig516	4120	7	1
D401.contig517	4117	5	3
D401.contig518	4107	7	1
D401.contig519	4104	10530	590
D401.contig520	4094	10	5
D401.contig521	4069	38	12
D401.contig522	4053	0	0
D401.contig523	4053	10339	311
D401.contig524	4032	8	2
D401.contig525	4029	9	0
D401.contig526	4018	59	9
D401.contig527	4007	1424	36
D401.contig528	4000	350	7
D401.contig529	3994	0	0
D401.contig530	3984	0	0
D401.contig531	3974	0	0
D401.contig532	3973	0	0
D401.contig533	3948	2817	165
D401.contig534	3944	0	0
D401.contig535	3929	26	0
D401.contig536	3928	9714	802
D401.contig537	3927	2	0
D401.contig538	3922	827	16
D401.contig539	3914	0	0
D401.contig540	3902	0	0
D401.contig541	3899	0	0
D401.contig542	3890	87	10
D401.contig543	3878	0	0
D401.contig544	3857	9	2
D401.contig545	3846	0	0
D401.contig546	3832	0	0
D401.contig547	3824	0	0
D401.contig548	3821	194	9
D401.contig549	3811	663	24
D401.contig550	3806	0	0
D401.contig551	3802	1	1
D401.contig552	3789	4563	411
D401.contig553	3778	0	0
D401.contig554	3769	0	0
D401.contig555	3759	58	6
D401.contig556	3742	0	0
D401.contig557	3738	0	0
D401.contig558	3718	0	0
D401.contig559	3717	10	7
D401.contig560	3715	0	0
D401.contig561	3708	15	1
D401.contig562	3705	7325	740
D401.contig563	3704	13	7
D401.contig564	3702	0	0
D401.contig565	3699	846	55
D401.contig566	3695	0	0
D401.contig567	3680	202	16
D401.contig568	3667	4	2
D401.contig569	3662	0	0
D401.contig570	3653	505	22
D401.contig571	3636	0	0
D401.contig572	3628	0	0
D401.contig573	3626	0	0
D401.contig574	3604	0	0
D401.contig575	3589	0	0
D401.contig576	3585	0	0
D401.contig577	3584	12	5
D401.contig578	3582	0	0
D401.contig579	3580	509	36
D401.contig580	3578	0	0
D401.contig581	3577	0	0
D401.contig582	3568	0	0
D401.contig583	3566	0	0
D401.contig584	3563	365	34
D401.contig585	3562	393	21
D401.contig586	3550	2	2
D401.contig587	3548	364	32
D401.contig588	3543	0	0
D401.contig589	3520	0	0
D401.contig590	3518	21012	1971
D401.contig591	3517	0	0
D401.contig592	3513	7	1
D401.contig593	3512	0	0
D401.contig594	3504	0	0
D401.contig595	3502	1631	197
D401.contig596	3501	0	0
D401.contig597	3495	3711	114
D401.contig598	3489	284	21
D401.contig599	3481	415	4
D401.contig600	3449	12	4
D401.contig601	3435	0	0
D401.contig602	3435	0	0
D401.contig603	3429	19050	1184
D401.contig604	3423	0	0
D401.contig605	3422	0	0
D401.contig606	3411	741	38
D401.contig607	3407	38	15
D401.contig608	3407	125	24
D401.contig609	3402	376	21
D401.contig610	3389	4	2
D401.contig611	3385	551	65
D401.contig612	3382	204	9
D401.contig613	3377	0	0
D401.contig614	3377	26	2
D401.contig615	3365	52	4
D401.contig616	3360	0	0
D401.contig617	3346	121	15
D401.contig618	3343	4	4
D401.contig619	3342	370	38
D401.contig620	3338	0	0
D401.contig621	3318	0	0
D401.contig622	3316	0	0
D401.contig623	3298	0	0
D401.contig624	3289	399	33
D401.contig625	3285	1278	25
D401.contig626	3283	224	19
D401.contig627	3280	0	0
D401.contig628	3262	4	3
D401.contig629	3261	0	0
D401.contig630	3254	1	1
D401.contig631	3249	140	17
D401.contig632	3242	0	0
D401.contig633	3242	0	0
D401.contig634	3241	10709	576
D401.contig635	3236	0	0
D401.contig636	3232	0	0
D401.contig637	3230	57	5
D401.contig638	3229	178	16
D401.contig639	3228	389	25
D401.contig640	3227	0	0
D401.contig641	3227	0	0
D401.contig642	3222	254	16
D401.contig643	3214	3922	319
D401.contig644	3213	25334	11976
D401.contig645	3204	0	0
D401.contig646	3199	0	0
D401.contig647	3186	0	0
D401.contig648	3163	0	0
D401.contig649	3158	147	35
D401.contig650	3156	1103	512
D401.contig651	3150	0	0
D401.contig652	3144	240	16
D401.contig653	3137	1	1
D401.contig654	3137	2	0
D401.contig655	3135	0	0
D401.contig656	3126	0	0
D401.contig657	3121	0	0
D401.contig658	3116	544	239
D401.contig659	3111	0	0
D401.contig660	3108	0	0
D401.contig661	3097	0	0
D401.contig662	3097	19	1
D401.contig663	3090	0	0
D401.contig664	3088	9	5
D401.contig665	3084	0	0
D401.contig666	3083	3	1
D401.contig667	3076	496	11
D401.contig668	3064	0	0
D401.contig669	3059	0	0
D401.contig670	3051	5	3
D401.contig671	3033	9	3
D401.contig672	3033	0	0
D401.contig673	3027	1	0
D401.contig674	3026	353	37
D401.contig675	3018	0	0
D401.contig676	3003	0	0
*	0	0	5979114
