D3520.contig1	114672	60366	1259
D3520.contig2	71619	662023	18419
D3520.contig3	59029	204814	5111
D3520.contig4	58729	38889	914
D3520.contig5	55294	28104	571
D3520.contig6	53454	26057	471
D3520.contig7	52896	63838	1240
D3520.contig8	52496	24471	496
D3520.contig9	51319	20301	346
D3520.contig10	50066	44298	810
D3520.contig11	48435	18260	366
D3520.contig12	46339	22876	441
D3520.contig13	44772	25384	553
D3520.contig14	44509	2577715	69032
D3520.contig15	43850	15882	293
D3520.contig16	42989	341674	8831
D3520.contig17	41847	39677	1012
D3520.contig18	41722	175873	4071
D3520.contig19	40806	10850	210
D3520.contig20	40792	94784	2010
D3520.contig21	39751	16600	331
D3520.contig22	39373	9856	162
D3520.contig23	38752	15000	261
D3520.contig24	38535	22401	481
D3520.contig25	37533	9280	176
D3520.contig26	37193	44087	1027
D3520.contig27	36295	11350	228
D3520.contig28	35135	87115	1858
D3520.contig29	35091	12772	227
D3520.contig30	34269	9700	215
D3520.contig31	34248	222277	4625
D3520.contig32	34082	16035	359
D3520.contig33	34004	9298	216
D3520.contig34	33592	21405	434
D3520.contig35	33587	35246	677
D3520.contig36	32939	33609	630
D3520.contig37	31879	8871	168
D3520.contig38	30958	41953	1066
D3520.contig39	30945	13823	252
D3520.contig40	30647	30211	601
D3520.contig41	29935	56420	1132
D3520.contig42	29456	9938	187
D3520.contig43	29383	15764	379
D3520.contig44	29322	5974	108
D3520.contig45	29113	6938	132
D3520.contig46	28858	4691	90
D3520.contig47	28443	9510	174
D3520.contig48	27992	81203	1879
D3520.contig49	27938	9657	281
D3520.contig50	27709	21181	516
D3520.contig51	27685	39972	741
D3520.contig52	26855	12535	257
D3520.contig53	26750	213308	4375
D3520.contig54	26570	5878	116
D3520.contig55	25925	7891	146
D3520.contig56	25924	60010	1340
D3520.contig57	25595	19700	452
D3520.contig58	24939	9151	175
D3520.contig59	24885	5487	108
D3520.contig60	24610	12079	284
D3520.contig61	24549	19089	362
D3520.contig62	23115	3483	69
D3520.contig63	22014	14911	365
D3520.contig64	21972	7573	149
D3520.contig65	21902	3497	78
D3520.contig66	21871	4418	101
D3520.contig67	21761	6402	136
D3520.contig68	21752	5220	109
D3520.contig69	21523	6851	132
D3520.contig70	21495	96758	2384
D3520.contig71	20985	3949	93
D3520.contig72	20971	5101	91
D3520.contig73	20114	3833	70
D3520.contig74	19974	3243	57
D3520.contig75	19866	20135	445
D3520.contig76	18951	50102	1111
D3520.contig77	18936	5095	161
D3520.contig78	18744	4715	92
D3520.contig79	18709	3814	80
D3520.contig80	18477	7616	146
D3520.contig81	18062	2730	65
D3520.contig82	17642	4317	75
D3520.contig83	17607	2239	54
D3520.contig84	17562	5061	90
D3520.contig85	17527	23833	602
D3520.contig86	16950	8582	165
D3520.contig87	16847	9482	180
D3520.contig88	16827	4086	75
D3520.contig89	16746	4086	75
D3520.contig90	16632	2628	53
D3520.contig91	16488	4112	83
D3520.contig92	15959	2266	54
D3520.contig93	15740	4226	87
D3520.contig94	15726	2898	72
D3520.contig95	15614	2239	33
D3520.contig96	15333	76877	2074
D3520.contig97	15119	8308	176
D3520.contig98	14892	2577	73
D3520.contig99	14878	5145	88
D3520.contig100	14848	2550	68
D3520.contig101	14714	3919	79
D3520.contig102	14657	3656	40
D3520.contig103	14390	2150	32
D3520.contig104	14236	17559	431
D3520.contig105	14092	55806	2246
D3520.contig106	14076	23271	386
D3520.contig107	14070	7034	139
D3520.contig108	14059	8957	193
D3520.contig109	13853	2916	54
D3520.contig110	13779	3931	88
D3520.contig111	13774	2265	60
D3520.contig112	13290	2905	53
D3520.contig113	13033	1674	44
D3520.contig114	13005	48940	1083
D3520.contig115	12548	2038	50
D3520.contig116	12457	1636	31
D3520.contig117	12156	2939	57
D3520.contig118	12123	10622	241
D3520.contig119	11949	2744	54
D3520.contig120	11931	2911	69
D3520.contig121	11900	4116	77
D3520.contig122	11860	2473	43
D3520.contig123	11845	2541	95
D3520.contig124	11772	3153	56
D3520.contig125	11634	1876	35
D3520.contig126	11576	2650	80
D3520.contig127	11537	2210	43
D3520.contig128	11528	2077	40
D3520.contig129	11380	2025	44
D3520.contig130	11133	4633	73
D3520.contig131	11127	2078	41
D3520.contig132	11056	2586	62
D3520.contig133	10861	3967	70
D3520.contig134	10691	1275	32
D3520.contig135	10667	1602	24
D3520.contig136	10562	1621	34
D3520.contig137	10561	1913	43
D3520.contig138	10461	2453	40
D3520.contig139	10413	2189	67
D3520.contig140	10348	1201	20
D3520.contig141	10252	1790	33
D3520.contig142	10249	2481	56
D3520.contig143	10165	2242	49
D3520.contig144	10144	2731	57
D3520.contig145	9974	2350	61
D3520.contig146	9943	4114	109
D3520.contig147	9901	1642	34
D3520.contig148	9881	1532	43
D3520.contig149	9866	1278	38
D3520.contig150	9785	1850	57
D3520.contig151	9768	1404	30
D3520.contig152	9749	2447	67
D3520.contig153	9715	1165	30
D3520.contig154	9497	1658	29
D3520.contig155	9466	1679	57
D3520.contig156	9442	8702	208
D3520.contig157	9321	20548	415
D3520.contig158	9269	1318	27
D3520.contig159	9226	1155	41
D3520.contig160	9092	1884	51
D3520.contig161	9068	12005	318
D3520.contig162	8930	1043	27
D3520.contig163	8732	1729	35
D3520.contig164	8722	1642	37
D3520.contig165	8706	1307	36
D3520.contig166	8703	986	47
D3520.contig167	8698	1393	37
D3520.contig168	8612	1224	33
D3520.contig169	8570	3052	62
D3520.contig170	8546	1682	40
D3520.contig171	8407	1575	51
D3520.contig172	8399	1255	27
D3520.contig173	8326	1624	43
D3520.contig174	8194	1128	22
D3520.contig175	8144	1526	34
D3520.contig176	8140	7657	150
D3520.contig177	8028	1122	36
D3520.contig178	7958	960	25
D3520.contig179	7956	1380	32
D3520.contig180	7888	1029	30
D3520.contig181	7865	824	20
D3520.contig182	7846	1832	40
D3520.contig183	7838	1160	51
D3520.contig184	7711	1273	35
D3520.contig185	7652	1902	34
D3520.contig186	7624	1988	28
D3520.contig187	7600	904	23
D3520.contig188	7556	6345	81
D3520.contig189	7550	1267	26
D3520.contig190	7541	1554	33
D3520.contig191	7532	1150	18
D3520.contig192	7449	2887	71
D3520.contig193	7397	951	18
D3520.contig194	7217	998	25
D3520.contig195	7214	1506	31
D3520.contig196	7170	1142	22
D3520.contig197	7093	4786	142
D3520.contig198	6993	696	26
D3520.contig199	6963	1552	43
D3520.contig200	6958	864	21
D3520.contig201	6871	2973	75
D3520.contig202	6865	1015	22
D3520.contig203	6851	21380	528
D3520.contig204	6825	9068	146
D3520.contig205	6804	1750	36
D3520.contig206	6750	1684	36
D3520.contig207	6710	875	19
D3520.contig208	6677	2799	62
D3520.contig209	6673	814	36
D3520.contig210	6604	1617	38
D3520.contig211	6555	2612	61
D3520.contig212	6546	738	36
D3520.contig213	6535	831	22
D3520.contig214	6508	907	20
D3520.contig215	6504	703	16
D3520.contig216	6488	1107	29
D3520.contig217	6484	1079	23
D3520.contig218	6422	1040	16
D3520.contig219	6416	1241	23
D3520.contig220	6400	967	27
D3520.contig221	6380	801	14
D3520.contig222	6357	1094	38
D3520.contig223	6306	2739	61
D3520.contig224	6254	16114	327
D3520.contig225	6212	1389	42
D3520.contig226	6185	1267	29
D3520.contig227	6162	951	20
D3520.contig228	6125	994	32
D3520.contig229	6088	1077	27
D3520.contig230	6075	822	22
D3520.contig231	6061	531	18
D3520.contig232	6033	962	27
D3520.contig233	5988	713	25
D3520.contig234	5978	625	25
D3520.contig235	5801	5678	167
D3520.contig236	5788	19087	360
D3520.contig237	5770	578	18
D3520.contig238	5758	5471	117
D3520.contig239	5736	9684	203
D3520.contig240	5735	744	18
D3520.contig241	5729	647	23
D3520.contig242	5716	708	22
D3520.contig243	5652	912	12
D3520.contig244	5638	724	21
D3520.contig245	5633	875	27
D3520.contig246	5624	611	10
D3520.contig247	5573	618	23
D3520.contig248	5533	613	12
D3520.contig249	5504	1555	30
D3520.contig250	5415	832	20
D3520.contig251	5406	1204	23
D3520.contig252	5378	3567	124
D3520.contig253	5308	795	26
D3520.contig254	5270	859	21
D3520.contig255	5243	1002	29
D3520.contig256	5239	684	12
D3520.contig257	5206	531	14
D3520.contig258	5178	811	23
D3520.contig259	5151	20636	477
D3520.contig260	5138	983	57
D3520.contig261	5126	796	20
D3520.contig262	5094	448	21
D3520.contig263	5078	502	15
D3520.contig264	5066	595	5
D3520.contig265	5061	818	23
D3520.contig266	5059	610	24
D3520.contig267	5038	959762	27161
D3520.contig268	4968	743	13
D3520.contig269	4899	735	19
D3520.contig270	4894	45278	1889
D3520.contig271	4882	783	34
D3520.contig272	4880	753	17
D3520.contig273	4861	8427	269
D3520.contig274	4859	541	12
D3520.contig275	4852	833	27
D3520.contig276	4841	718	19
D3520.contig277	4823	583	18
D3520.contig278	4817	1362	25
D3520.contig279	4801	851	26
D3520.contig280	4799	459	23
D3520.contig281	4706	511	20
D3520.contig282	4706	422	8
D3520.contig283	4696	850	19
D3520.contig284	4657	731	19
D3520.contig285	4656	493	9
D3520.contig286	4624	472	13
D3520.contig287	4591	525	20
D3520.contig288	4587	539	24
D3520.contig289	4565	830	26
D3520.contig290	4563	405	14
D3520.contig291	4550	491	9
D3520.contig292	4547	4630	59
D3520.contig293	4547	2513	69
D3520.contig294	4543	555	20
D3520.contig295	4458	599	18
D3520.contig296	4453	435	22
D3520.contig297	4429	4594	82
D3520.contig298	4416	706	19
D3520.contig299	4403	510	12
D3520.contig300	4353	622	14
D3520.contig301	4352	434	15
D3520.contig302	4335	432	19
D3520.contig303	4325	563	31
D3520.contig304	4325	1003	23
D3520.contig305	4320	527	15
D3520.contig306	4289	15004	249
D3520.contig307	4258	2443	56
D3520.contig308	4233	2656	34
D3520.contig309	4232	396	15
D3520.contig310	4211	412	12
D3520.contig311	4174	375	5
D3520.contig312	4139	404	12
D3520.contig313	4119	371	17
D3520.contig314	4091	354	18
D3520.contig315	4064	429	17
D3520.contig316	4026	523	18
D3520.contig317	4006	325	14
D3520.contig318	4002	447	13
D3520.contig319	3976	506	25
D3520.contig320	3950	395	16
D3520.contig321	3949	522	27
D3520.contig322	3934	6419	125
D3520.contig323	3932	489	21
D3520.contig324	3898	658	24
D3520.contig325	3888	363	14
D3520.contig326	3887	401	17
D3520.contig327	3867	468	9
D3520.contig328	3857	1701	64
D3520.contig329	3845	501	16
D3520.contig330	3826	406	22
D3520.contig331	3816	404	9
D3520.contig332	3797	482	22
D3520.contig333	3716	421	13
D3520.contig334	3714	472	14
D3520.contig335	3711	445	17
D3520.contig336	3706	4822	104
D3520.contig337	3700	431	12
D3520.contig338	3698	512	28
D3520.contig339	3696	627	15
D3520.contig340	3684	400	14
D3520.contig341	3683	346	13
D3520.contig342	3640	375	11
D3520.contig343	3638	347	20
D3520.contig344	3632	458	21
D3520.contig345	3617	438	7
D3520.contig346	3601	522	11
D3520.contig347	3595	505	23
D3520.contig348	3584	417	16
D3520.contig349	3583	360	23
D3520.contig350	3580	367	16
D3520.contig351	3555	328	9
D3520.contig352	3537	732	34
D3520.contig353	3525	372	13
D3520.contig354	3510	349	12
D3520.contig355	3507	358	12
D3520.contig356	3498	5590	134
D3520.contig357	3496	384	9
D3520.contig358	3471	436	11
D3520.contig359	3450	383	8
D3520.contig360	3434	322	12
D3520.contig361	3433	274	12
D3520.contig362	3431	275	11
D3520.contig363	3430	4067	96
D3520.contig364	3423	366	18
D3520.contig365	3420	306	24
D3520.contig366	3402	340	10
D3520.contig367	3400	461	20
D3520.contig368	3399	408	12
D3520.contig369	3375	938	20
D3520.contig370	3368	449	13
D3520.contig371	3366	305	13
D3520.contig372	3358	304	9
D3520.contig373	3338	313	8
D3520.contig374	3325	427	12
D3520.contig375	3324	297	12
D3520.contig376	3323	384	8
D3520.contig377	3318	12796	313
D3520.contig378	3312	478	22
D3520.contig379	3305	448	18
D3520.contig380	3280	273	17
D3520.contig381	3275	465	14
D3520.contig382	3270	522	30
D3520.contig383	3256	484	21
D3520.contig384	3244	336	8
D3520.contig385	3241	393	16
D3520.contig386	3234	446	14
D3520.contig387	3231	486	8
D3520.contig388	3226	3819	94
D3520.contig389	3217	360	4
D3520.contig390	3197	230	6
D3520.contig391	3187	232	9
D3520.contig392	3183	5414	83
D3520.contig393	3178	356	12
D3520.contig394	3139	309	13
D3520.contig395	3135	281	9
D3520.contig396	3130	448	12
D3520.contig397	3129	391	12
D3520.contig398	3126	261	10
D3520.contig399	3126	366	16
D3520.contig400	3114	309	8
D3520.contig401	3085	493	15
D3520.contig402	3078	374	0
D3520.contig403	3077	403	19
D3520.contig404	3073	314	24
D3520.contig405	3062	279	5
D3520.contig406	3052	276	6
D3520.contig407	3047	359	24
D3520.contig408	3035	560	19
D3520.contig409	3023	366	15
D3520.contig410	3011	756	17
D3520.contig411	3007	297	10
D3520.contig412	3003	304	10
D3520.contig413	2987	3697	81
D3520.contig414	2976	309	10
D3520.contig415	2973	453	24
D3520.contig416	2964	353	15
D3520.contig417	2956	430	30
D3520.contig418	2953	274	8
D3520.contig419	2944	297	15
D3520.contig420	2943	283	27
D3520.contig421	2940	308	11
D3520.contig422	2929	274	17
D3520.contig423	2922	578	19
D3520.contig424	2916	243	10
D3520.contig425	2912	272	14
D3520.contig426	2893	415	25
D3520.contig427	2892	133496	1985
D3520.contig428	2891	216	9
D3520.contig429	2886	219	13
D3520.contig430	2881	207	16
D3520.contig431	2872	304	4
D3520.contig432	2870	219	14
D3520.contig433	2867	378	5
D3520.contig434	2845	224	11
D3520.contig435	2812	1254	47
D3520.contig436	2811	265	20
D3520.contig437	2810	277	20
D3520.contig438	2794	373	9
D3520.contig439	2794	275	13
D3520.contig440	2790	242	9
D3520.contig441	2788	322	14
D3520.contig442	2785	253	22
D3520.contig443	2779	269	18
D3520.contig444	2757	257	6
D3520.contig445	2731	222	12
D3520.contig446	2727	370	18
D3520.contig447	2722	326	31
D3520.contig448	2721	1912	49
D3520.contig449	2715	267	6
D3520.contig450	2702	152	9
D3520.contig451	2702	264	8
D3520.contig452	2697	708	25
D3520.contig453	2694	1444	34
D3520.contig454	2677	231	8
D3520.contig455	2660	350	9
D3520.contig456	2651	278	8
D3520.contig457	2646	430	14
D3520.contig458	2639	189	12
D3520.contig459	2639	198	11
D3520.contig460	2637	276	12
D3520.contig461	2633	171	10
D3520.contig462	2628	234	7
D3520.contig463	2614	282	13
D3520.contig464	2612	228	11
D3520.contig465	2600	295	14
D3520.contig466	2598	215	13
D3520.contig467	2595	454	9
D3520.contig468	2591	350	8
D3520.contig469	2568	346	19
D3520.contig470	2566	206	8
D3520.contig471	2562	245	11
D3520.contig472	2561	304	10
D3520.contig473	2554	211	8
D3520.contig474	2550	259	11
D3520.contig475	2516	156	12
D3520.contig476	2515	311	6
D3520.contig477	2510	238	14
D3520.contig478	2508	527	15
D3520.contig479	2496	201	6
D3520.contig480	2484	351	27
D3520.contig481	2483	274	11
D3520.contig482	2482	185	14
D3520.contig483	2479	175	6
D3520.contig484	2478	373	17
D3520.contig485	2472	212	9
D3520.contig486	2471	473	9
D3520.contig487	2471	245	7
D3520.contig488	2459	174	14
D3520.contig489	2457	273	4
D3520.contig490	2456	228	9
D3520.contig491	2449	178	6
D3520.contig492	2447	334	7
D3520.contig493	2445	145	10
D3520.contig494	2439	310	13
D3520.contig495	2435	212	15
D3520.contig496	2432	240	13
D3520.contig497	2432	313	10
D3520.contig498	2427	1865	50
D3520.contig499	2417	261	3
D3520.contig500	2410	228	10
D3520.contig501	2399	212	12
D3520.contig502	2397	278	23
D3520.contig503	2390	186	11
D3520.contig504	2388	204	8
D3520.contig505	2385	267	10
D3520.contig506	2374	312	12
D3520.contig507	2360	407	9
D3520.contig508	2356	174	12
D3520.contig509	2341	196	6
D3520.contig510	2335	191	14
D3520.contig511	2331	2165	11
D3520.contig512	2331	189	14
D3520.contig513	2327	240	5
D3520.contig514	2322	234	11
D3520.contig515	2316	252	15
D3520.contig516	2309	197	6
D3520.contig517	2308	302	9
D3520.contig518	2302	177	4
D3520.contig519	2297	207	12
D3520.contig520	2296	273	8
D3520.contig521	2289	401	13
D3520.contig522	2287	229	15
D3520.contig523	2285	178	14
D3520.contig524	2283	182	11
D3520.contig525	2278	290	22
D3520.contig526	2276	233	9
D3520.contig527	2276	161	12
D3520.contig528	2266	359	9
D3520.contig529	2265	187	21
D3520.contig530	2262	199	7
D3520.contig531	2257	136	18
D3520.contig532	2252	208	11
D3520.contig533	2251	261	7
D3520.contig534	2242	209	16
D3520.contig535	2241	236	6
D3520.contig536	2235	198	6
D3520.contig537	2233	162	18
D3520.contig538	2226	224	4
D3520.contig539	2224	360	10
D3520.contig540	2195	178	9
D3520.contig541	2189	147	5
D3520.contig542	2173	192	10
D3520.contig543	2170	131	7
D3520.contig544	2166	250	6
D3520.contig545	2159	175	9
D3520.contig546	2157	154	13
D3520.contig547	2153	245	13
D3520.contig548	2150	180	13
D3520.contig549	2149	208	10
D3520.contig550	2145	276	10
D3520.contig551	2135	129	7
D3520.contig552	2130	123	9
D3520.contig553	2120	160	13
D3520.contig554	2120	161	6
D3520.contig555	2106	211	18
D3520.contig556	2097	228	7
D3520.contig557	2090	205	8
D3520.contig558	2083	187	3
D3520.contig559	2082	256	10
D3520.contig560	2078	662	13
D3520.contig561	2077	167	12
D3520.contig562	2075	267	16
D3520.contig563	2075	207	7
D3520.contig564	2068	157	8
D3520.contig565	2068	181	9
D3520.contig566	2060	174	8
D3520.contig567	2046	136	14
D3520.contig568	2037	290	12
D3520.contig569	2036	159	11
D3520.contig570	2035	194	11
D3520.contig571	2034	310	16
D3520.contig572	2033	170	10
D3520.contig573	2031	347	7
D3520.contig574	2029	168	15
D3520.contig575	2028	141	10
D3520.contig576	2023	291	7
D3520.contig577	2022	118	3
D3520.contig578	2019	107	10
D3520.contig579	2018	249	13
D3520.contig580	2014	167	6
D3520.contig581	2006	412	13
D3520.contig582	2001	228	13
D3520.contig583	1998	181	7
D3520.contig584	1987	159	6
D3520.contig585	1982	1235	32
D3520.contig586	1980	159	11
D3520.contig587	1975	214	9
D3520.contig588	1971	134	4
D3520.contig589	1970	572	23
D3520.contig590	1968	239	13
D3520.contig591	1966	132	5
D3520.contig592	1964	341	10
D3520.contig593	1963	189	12
D3520.contig594	1963	201	6
D3520.contig595	1957	141	7
D3520.contig596	1954	151	10
D3520.contig597	1954	175	14
D3520.contig598	1952	106	11
D3520.contig599	1944	129	11
D3520.contig600	1943	114	9
D3520.contig601	1940	116	13
D3520.contig602	1935	202	7
D3520.contig603	1934	163	8
D3520.contig604	1933	10747	251
D3520.contig605	1933	184	7
D3520.contig606	1933	167	9
D3520.contig607	1931	146	9
D3520.contig608	1918	1886	31
D3520.contig609	1911	152	11
D3520.contig610	1909	174	17
D3520.contig611	1907	265	3
D3520.contig612	1906	409	12
D3520.contig613	1904	107	7
D3520.contig614	1902	128	3
D3520.contig615	1898	392	16
D3520.contig616	1887	147	13
D3520.contig617	1886	124	13
D3520.contig618	1883	194	10
D3520.contig619	1881	1765	53
D3520.contig620	1879	163	15
D3520.contig621	1879	93	7
D3520.contig622	1873	167	2
D3520.contig623	1872	189	10
D3520.contig624	1872	132	8
D3520.contig625	1867	143	9
D3520.contig626	1863	165	12
D3520.contig627	1862	151	7
D3520.contig628	1862	142	10
D3520.contig629	1853	113	9
D3520.contig630	1848	166	13
D3520.contig631	1844	119	12
D3520.contig632	1843	377	11
D3520.contig633	1839	364	13
D3520.contig634	1838	3597	69
D3520.contig635	1835	113	13
D3520.contig636	1831	136	14
D3520.contig637	1831	246	12
D3520.contig638	1830	716	35
D3520.contig639	1827	171	19
D3520.contig640	1827	251	8
D3520.contig641	1826	139	7
D3520.contig642	1824	155	7
D3520.contig643	1815	164	8
D3520.contig644	1810	89	10
D3520.contig645	1807	155	11
D3520.contig646	1806	123	18
D3520.contig647	1805	212	8
D3520.contig648	1801	122	9
D3520.contig649	1798	141	14
D3520.contig650	1797	186	4
D3520.contig651	1796	108	7
D3520.contig652	1790	107	8
D3520.contig653	1789	1887	59
D3520.contig654	1786	174	9
D3520.contig655	1763	150	10
D3520.contig656	1761	148	15
D3520.contig657	1760	125	8
D3520.contig658	1756	30121	774
D3520.contig659	1753	1446	44
D3520.contig660	1749	288	11
D3520.contig661	1747	239	21
D3520.contig662	1746	155	4
D3520.contig663	1745	143	14
D3520.contig664	1735	1451	33
D3520.contig665	1728	97	7
D3520.contig666	1726	145	13
D3520.contig667	1725	286	6
D3520.contig668	1721	158	13
D3520.contig669	1719	153	16
D3520.contig670	1718	175	14
D3520.contig671	1716	201	0
D3520.contig672	1711	98	6
D3520.contig673	1704	102	13
D3520.contig674	1697	102	5
D3520.contig675	1695	149	9
D3520.contig676	1693	350	16
D3520.contig677	1692	163	8
D3520.contig678	1688	6297	231
D3520.contig679	1683	119	7
D3520.contig680	1682	137	7
D3520.contig681	1682	186	7
D3520.contig682	1681	145	5
D3520.contig683	1675	210	6
D3520.contig684	1674	157	5
D3520.contig685	1670	242	10
D3520.contig686	1670	153	11
D3520.contig687	1668	213	7
D3520.contig688	1657	108	10
D3520.contig689	1656	108	5
D3520.contig690	1654	2458	46
D3520.contig691	1647	131	9
D3520.contig692	1637	129	14
D3520.contig693	1637	130	11
D3520.contig694	1634	119	15
D3520.contig695	1626	129	6
D3520.contig696	1625	169	11
D3520.contig697	1622	150	9
D3520.contig698	1622	102	6
D3520.contig699	1618	124	10
D3520.contig700	1612	98	13
D3520.contig701	1612	264	15
D3520.contig702	1611	115	17
D3520.contig703	1606	135	1
D3520.contig704	1603	106	16
D3520.contig705	1589	128	7
D3520.contig706	1582	89	6
D3520.contig707	1581	89	10
D3520.contig708	1580	100	12
D3520.contig709	1575	94	9
D3520.contig710	1574	147	11
D3520.contig711	1568	134	11
D3520.contig712	1568	127	7
D3520.contig713	1566	92	12
D3520.contig714	1563	83	4
D3520.contig715	1563	101	12
D3520.contig716	1561	105	7
D3520.contig717	1559	159	7
D3520.contig718	1558	207	6
D3520.contig719	1558	85	6
D3520.contig720	1556	84	10
D3520.contig721	1551	216	6
D3520.contig722	1545	84	12
D3520.contig723	1541	208	8
D3520.contig724	1537	124	7
D3520.contig725	1535	151	9
D3520.contig726	1534	80	6
D3520.contig727	1532	97	4
D3520.contig728	1522	119	10
D3520.contig729	1522	103	9
D3520.contig730	1518	88	4
D3520.contig731	1499	139	8
D3520.contig732	1499	110	7
D3520.contig733	1497	81	12
D3520.contig734	1494	146	9
D3520.contig735	1491	110	24
D3520.contig736	1489	8742	142
D3520.contig737	1489	93	6
D3520.contig738	1489	113	12
D3520.contig739	1486	94	5
D3520.contig740	1481	111	10
D3520.contig741	1480	459	12
D3520.contig742	1480	132	5
D3520.contig743	1475	104	10
D3520.contig744	1473	224	20
D3520.contig745	1471	125	5
D3520.contig746	1464	145	9
D3520.contig747	1461	105	7
D3520.contig748	1453	73	4
D3520.contig749	1446	83	9
D3520.contig750	1446	132	13
D3520.contig751	1444	142	8
D3520.contig752	1441	166	8
D3520.contig753	1441	69	10
D3520.contig754	1437	181	18
D3520.contig755	1429	71	20
D3520.contig756	1428	86	6
D3520.contig757	1427	205	12
D3520.contig758	1424	92	5
D3520.contig759	1422	165	10
D3520.contig760	1421	87	7
D3520.contig761	1419	82	11
D3520.contig762	1418	208	6
D3520.contig763	1416	983	12
D3520.contig764	1412	76	12
D3520.contig765	1410	87	10
D3520.contig766	1402	86	10
D3520.contig767	1401	135	6
D3520.contig768	1397	84	9
D3520.contig769	1396	95	8
D3520.contig770	1394	104	15
D3520.contig771	1394	98	9
D3520.contig772	1393	100	11
D3520.contig773	1391	156	10
D3520.contig774	1390	126	10
D3520.contig775	1384	119	7
D3520.contig776	1383	102	19
D3520.contig777	1383	128	4
D3520.contig778	1376	82	10
D3520.contig779	1376	115	11
D3520.contig780	1376	202	12
D3520.contig781	1375	166	5
D3520.contig782	1375	147	5
D3520.contig783	1371	1468	24
D3520.contig784	1371	109	10
D3520.contig785	1371	114	13
D3520.contig786	1370	120	5
D3520.contig787	1369	134	8
D3520.contig788	1367	169	15
D3520.contig789	1366	68	9
D3520.contig790	1363	75	13
D3520.contig791	1360	107	9
D3520.contig792	1360	76	4
D3520.contig793	1358	116	9
D3520.contig794	1358	118	6
D3520.contig795	1358	233	24
D3520.contig796	1354	92	11
D3520.contig797	1351	87	12
D3520.contig798	1348	84	7
D3520.contig799	1340	122	11
D3520.contig800	1340	91	5
D3520.contig801	1340	54	10
D3520.contig802	1339	118	10
D3520.contig803	1339	117	6
D3520.contig804	1333	51	12
D3520.contig805	1330	7458	124
D3520.contig806	1326	129	3
D3520.contig807	1326	63	4
D3520.contig808	1325	77	7
D3520.contig809	1325	122	7
D3520.contig810	1324	60	12
D3520.contig811	1323	131	8
D3520.contig812	1323	98	9
D3520.contig813	1322	81	11
D3520.contig814	1320	101	7
D3520.contig815	1318	81	15
D3520.contig816	1315	112	5
D3520.contig817	1314	103	9
D3520.contig818	1314	112	8
D3520.contig819	1312	107	6
D3520.contig820	1311	94	5
D3520.contig821	1308	149	12
D3520.contig822	1308	4063	200
D3520.contig823	1307	95	7
D3520.contig824	1306	55	10
D3520.contig825	1306	100	9
D3520.contig826	1299	117	18
D3520.contig827	1297	56	10
D3520.contig828	1296	175	9
D3520.contig829	1296	170	2
D3520.contig830	1292	90	9
D3520.contig831	1292	78	14
D3520.contig832	1290	162	13
D3520.contig833	1290	78	3
D3520.contig834	1287	1850	32
D3520.contig835	1287	55	7
D3520.contig836	1284	91	7
D3520.contig837	1281	52	3
D3520.contig838	1280	73	9
D3520.contig839	1278	124	14
D3520.contig840	1274	75	9
D3520.contig841	1270	1788	37
D3520.contig842	1268	87	10
D3520.contig843	1265	130	14
D3520.contig844	1265	160	14
D3520.contig845	1264	65	5
D3520.contig846	1263	90	6
D3520.contig847	1259	127	11
D3520.contig848	1257	71	11
D3520.contig849	1256	139	10
D3520.contig850	1254	54	10
D3520.contig851	1250	123	6
D3520.contig852	1248	107	3
D3520.contig853	1248	109	8
D3520.contig854	1244	2431	82
D3520.contig855	1242	74	4
D3520.contig856	1241	84	10
D3520.contig857	1241	63	2
D3520.contig858	1239	90	8
D3520.contig859	1238	98	8
D3520.contig860	1234	64	12
D3520.contig861	1230	76	7
D3520.contig862	1228	83	23
D3520.contig863	1224	55	5
D3520.contig864	1223	130	12
D3520.contig865	1223	84	6
D3520.contig866	1223	73	5
D3520.contig867	1220	99	8
D3520.contig868	1219	92	5
D3520.contig869	1218	103	19
D3520.contig870	1214	94	3
D3520.contig871	1212	52	3
D3520.contig872	1209	80	9
D3520.contig873	1208	107	11
D3520.contig874	1207	59	4
D3520.contig875	1207	138	7
D3520.contig876	1206	109	3
D3520.contig877	1206	55	12
D3520.contig878	1202	78	1
D3520.contig879	1201	57	6
D3520.contig880	1201	127	12
D3520.contig881	1200	90	11
D3520.contig882	1199	148	9
D3520.contig883	1198	44	12
D3520.contig884	1196	69	16
D3520.contig885	1196	109	3
D3520.contig886	1194	94	10
D3520.contig887	1193	108	7
D3520.contig888	1193	135	2
D3520.contig889	1192	59	8
D3520.contig890	1192	92	5
D3520.contig891	1190	1459	29
D3520.contig892	1190	76	4
D3520.contig893	1188	228	6
D3520.contig894	1187	48	15
D3520.contig895	1186	85	6
D3520.contig896	1181	124	10
D3520.contig897	1181	75	13
D3520.contig898	1180	156	10
D3520.contig899	1177	95	7
D3520.contig900	1177	115	7
D3520.contig901	1176	76	13
D3520.contig902	1175	106	13
D3520.contig903	1171	68	16
D3520.contig904	1170	99	4
D3520.contig905	1170	84	5
D3520.contig906	1169	1112	8
D3520.contig907	1167	51	12
D3520.contig908	1167	69	10
D3520.contig909	1165	59	8
D3520.contig910	1165	84	6
D3520.contig911	1164	120	8
D3520.contig912	1163	82	13
D3520.contig913	1162	75	11
D3520.contig914	1161	67	5
D3520.contig915	1159	58	6
D3520.contig916	1158	59	3
D3520.contig917	1155	56	7
D3520.contig918	1154	102	9
D3520.contig919	1153	76	13
D3520.contig920	1150	75	5
D3520.contig921	1147	94	7
D3520.contig922	1147	48	10
D3520.contig923	1146	107	8
D3520.contig924	1145	115	10
D3520.contig925	1144	77	7
D3520.contig926	1143	59	13
D3520.contig927	1143	81	13
D3520.contig928	1142	87	12
D3520.contig929	1139	56	6
D3520.contig930	1138	53	5
D3520.contig931	1136	162	7
D3520.contig932	1134	105	5
D3520.contig933	1133	82	7
D3520.contig934	1132	110	12
D3520.contig935	1131	44	11
D3520.contig936	1126	65	27
D3520.contig937	1124	56	13
D3520.contig938	1124	71	7
D3520.contig939	1123	82	15
D3520.contig940	1123	202	2
D3520.contig941	1123	59	8
D3520.contig942	1123	63	3
D3520.contig943	1123	82	4
D3520.contig944	1123	79	8
D3520.contig945	1121	134	13
D3520.contig946	1120	96	6
D3520.contig947	1118	75	8
D3520.contig948	1117	174	27
D3520.contig949	1116	97	11
D3520.contig950	1114	83	10
D3520.contig951	1114	81	6
D3520.contig952	1114	57	9
D3520.contig953	1113	64	1
D3520.contig954	1113	62	6
D3520.contig955	1111	68	7
D3520.contig956	1110	51	6
D3520.contig957	1109	110	8
D3520.contig958	1108	74	10
D3520.contig959	1108	65	9
D3520.contig960	1106	73	13
D3520.contig961	1106	55	11
D3520.contig962	1106	40	10
D3520.contig963	1104	59	9
D3520.contig964	1102	60	14
D3520.contig965	1101	81	9
D3520.contig966	1098	134	10
D3520.contig967	1095	141	12
D3520.contig968	1093	97	5
D3520.contig969	1091	79	14
D3520.contig970	1091	75	8
D3520.contig971	1091	68	12
D3520.contig972	1089	84	12
D3520.contig973	1086	49	12
D3520.contig974	1085	1940	38
D3520.contig975	1081	70	13
D3520.contig976	1079	87	5
D3520.contig977	1078	68	8
D3520.contig978	1077	133	5
D3520.contig979	1075	67	4
D3520.contig980	1074	84	4
D3520.contig981	1073	118	8
D3520.contig982	1072	73	6
D3520.contig983	1071	69	5
D3520.contig984	1071	68	6
D3520.contig985	1071	89	7
D3520.contig986	1070	42	6
D3520.contig987	1068	59	7
D3520.contig988	1068	53	12
D3520.contig989	1067	119	12
D3520.contig990	1067	55	11
D3520.contig991	1066	52	5
D3520.contig992	1064	2162	37
D3520.contig993	1064	137	14
D3520.contig994	1064	84	3
D3520.contig995	1064	62	8
D3520.contig996	1063	3859	269
D3520.contig997	1061	106	13
D3520.contig998	1061	36	4
D3520.contig999	1061	41	12
D3520.contig1000	1061	83	9
D3520.contig1001	1054	52	10
D3520.contig1002	1053	76	10
D3520.contig1003	1052	62	14
D3520.contig1004	1050	59	14
D3520.contig1005	1049	51	8
D3520.contig1006	1049	39	9
D3520.contig1007	1049	38	8
D3520.contig1008	1045	48	6
D3520.contig1009	1045	41	9
D3520.contig1010	1043	53	2
D3520.contig1011	1042	202	11
D3520.contig1012	1041	97	8
D3520.contig1013	1041	49	6
D3520.contig1014	1041	88	8
D3520.contig1015	1040	53	13
D3520.contig1016	1040	84	8
D3520.contig1017	1036	68	12
D3520.contig1018	1036	49	11
D3520.contig1019	1035	52	6
D3520.contig1020	1034	34	11
D3520.contig1021	1034	98	14
D3520.contig1022	1032	62	7
D3520.contig1023	1031	79	5
D3520.contig1024	1031	82	11
D3520.contig1025	1031	67	8
D3520.contig1026	1030	50	8
D3520.contig1027	1029	123	10
D3520.contig1028	1024	3291	76
D3520.contig1029	1022	251	8
D3520.contig1030	1016	86	7
D3520.contig1031	1016	75	9
D3520.contig1032	1015	61	6
D3520.contig1033	1013	87	5
D3520.contig1034	1012	45	4
D3520.contig1035	1011	68	4
D3520.contig1036	1011	47	9
D3520.contig1037	1009	40	9
D3520.contig1038	1009	67	9
D3520.contig1039	1006	50	6
D3520.contig1040	1006	115	6
D3520.contig1041	1006	69	13
D3520.contig1042	1005	35	5
D3520.contig1043	1004	664	10
D3520.contig1044	1004	33	3
D3520.contig1045	1003	53	10
D3520.contig1046	1003	78	9
D3520.contig1047	1003	47	12
D3520.contig1048	1003	69	6
D3520.contig1049	997	124	2
D3520.contig1050	997	65	6
D3520.contig1051	997	95	5
D3520.contig1052	997	46	11
D3520.contig1053	997	47	6
D3520.contig1054	996	61	8
D3520.contig1055	996	56	14
D3520.contig1056	996	1061	27
D3520.contig1057	995	68	5
D3520.contig1058	995	56	16
D3520.contig1059	994	78	9
D3520.contig1060	994	98	9
D3520.contig1061	994	56	9
D3520.contig1062	994	55	4
D3520.contig1063	993	90	3
D3520.contig1064	991	51	2
D3520.contig1065	988	50	11
D3520.contig1066	988	87	4
D3520.contig1067	987	1555	64
D3520.contig1068	985	58	15
D3520.contig1069	984	90	16
D3520.contig1070	984	41	10
D3520.contig1071	984	4369	158
D3520.contig1072	982	54	12
D3520.contig1073	982	36	5
D3520.contig1074	982	43	11
D3520.contig1075	982	65	6
D3520.contig1076	981	58	4
D3520.contig1077	981	44	6
D3520.contig1078	980	80	4
D3520.contig1079	980	181	0
D3520.contig1080	977	42	18
D3520.contig1081	977	42	6
D3520.contig1082	976	69	5
D3520.contig1083	976	94	8
D3520.contig1084	975	97	3
D3520.contig1085	974	56	6
D3520.contig1086	972	50	4
D3520.contig1087	969	43	9
D3520.contig1088	969	50	9
D3520.contig1089	968	75	14
D3520.contig1090	968	57	4
D3520.contig1091	967	42	15
D3520.contig1092	967	40	7
D3520.contig1093	966	72	6
D3520.contig1094	963	70	12
D3520.contig1095	962	40	6
D3520.contig1096	962	75	11
D3520.contig1097	962	120	14
D3520.contig1098	961	74	7
D3520.contig1099	960	43	6
D3520.contig1100	960	130	4
D3520.contig1101	959	9148	406
D3520.contig1102	955	64	9
D3520.contig1103	955	60	12
D3520.contig1104	954	62	4
D3520.contig1105	953	35	9
D3520.contig1106	953	50	7
D3520.contig1107	951	64	11
D3520.contig1108	951	79	3
D3520.contig1109	950	59	6
D3520.contig1110	949	47	10
D3520.contig1111	948	77	15
D3520.contig1112	948	67	16
D3520.contig1113	948	97	3
D3520.contig1114	946	40	1
D3520.contig1115	946	57	2
D3520.contig1116	945	32	10
D3520.contig1117	945	62	6
D3520.contig1118	944	1469	26
D3520.contig1119	942	48	6
D3520.contig1120	942	66	13
D3520.contig1121	937	62	2
D3520.contig1122	937	201	8
D3520.contig1123	936	44	6
D3520.contig1124	929	73	4
D3520.contig1125	926	51	9
D3520.contig1126	925	92	7
D3520.contig1127	925	67	5
D3520.contig1128	924	73	6
D3520.contig1129	923	75	4
D3520.contig1130	921	46	9
D3520.contig1131	921	27	9
D3520.contig1132	920	44	8
D3520.contig1133	919	33	7
D3520.contig1134	919	66	7
D3520.contig1135	919	60	9
D3520.contig1136	916	60	10
D3520.contig1137	915	72	11
D3520.contig1138	914	1800	39
D3520.contig1139	912	52	7
D3520.contig1140	911	34	4
D3520.contig1141	908	82	17
D3520.contig1142	908	30	8
D3520.contig1143	908	28	5
D3520.contig1144	906	85	4
D3520.contig1145	905	54	9
D3520.contig1146	904	30	7
D3520.contig1147	904	27	11
D3520.contig1148	904	36	10
D3520.contig1149	903	61	6
D3520.contig1150	903	37	3
D3520.contig1151	901	57	9
D3520.contig1152	900	84	11
D3520.contig1153	897	50	9
D3520.contig1154	896	81	6
D3520.contig1155	895	58	13
D3520.contig1156	895	40	12
D3520.contig1157	894	54	5
D3520.contig1158	894	245183	7099
D3520.contig1159	893	94	3
D3520.contig1160	892	54	6
D3520.contig1161	892	44	7
D3520.contig1162	891	37	4
D3520.contig1163	888	44	5
D3520.contig1164	887	61	4
D3520.contig1165	886	44	7
D3520.contig1166	885	51	7
D3520.contig1167	884	61	14
D3520.contig1168	882	46	8
D3520.contig1169	882	67	4
D3520.contig1170	882	58	5
D3520.contig1171	881	53	7
D3520.contig1172	880	54	12
D3520.contig1173	880	119	4
D3520.contig1174	878	47	9
D3520.contig1175	877	29	12
D3520.contig1176	876	70	10
D3520.contig1177	871	61	3
D3520.contig1178	870	40	6
D3520.contig1179	868	32	12
D3520.contig1180	867	59	10
D3520.contig1181	867	64	14
D3520.contig1182	867	58	5
D3520.contig1183	867	67	11
D3520.contig1184	866	62	7
D3520.contig1185	866	73	4
D3520.contig1186	864	34	8
D3520.contig1187	863	55	6
D3520.contig1188	863	45	5
D3520.contig1189	862	67	2
D3520.contig1190	861	50	10
D3520.contig1191	861	45	7
D3520.contig1192	860	45	6
D3520.contig1193	860	54	7
D3520.contig1194	860	28	8
D3520.contig1195	857	52	6
D3520.contig1196	857	56	8
D3520.contig1197	856	40	15
D3520.contig1198	856	45	7
D3520.contig1199	856	30	8
D3520.contig1200	855	44	8
D3520.contig1201	854	48	8
D3520.contig1202	851	45	8
D3520.contig1203	850	36	2
D3520.contig1204	849	42	6
D3520.contig1205	849	32	5
D3520.contig1206	848	45	12
D3520.contig1207	847	53	12
D3520.contig1208	847	42	5
D3520.contig1209	846	42	5
D3520.contig1210	846	55	7
D3520.contig1211	845	41	11
D3520.contig1212	845	57	9
D3520.contig1213	845	70	3
D3520.contig1214	844	44	6
D3520.contig1215	843	62	1
D3520.contig1216	843	41	3
D3520.contig1217	842	58	10
D3520.contig1218	842	33	7
D3520.contig1219	842	53	8
D3520.contig1220	841	66	5
D3520.contig1221	841	61	11
D3520.contig1222	839	45	6
D3520.contig1223	838	63	3
D3520.contig1224	837	54	4
D3520.contig1225	837	41	8
D3520.contig1226	837	41	16
D3520.contig1227	837	68	6
D3520.contig1228	836	80	7
D3520.contig1229	836	54	3
D3520.contig1230	835	71	10
D3520.contig1231	835	42	2
D3520.contig1232	835	33	5
D3520.contig1233	834	32	12
D3520.contig1234	833	54	12
D3520.contig1235	833	58	12
D3520.contig1236	833	30	6
D3520.contig1237	833	78	9
D3520.contig1238	833	37	7
D3520.contig1239	832	34	10
D3520.contig1240	830	74	11
D3520.contig1241	830	45	10
D3520.contig1242	830	37	7
D3520.contig1243	828	45	8
D3520.contig1244	826	39	9
D3520.contig1245	826	90	1
D3520.contig1246	825	1525	41
D3520.contig1247	824	103	2
D3520.contig1248	823	45	9
D3520.contig1249	821	45	6
D3520.contig1250	821	41	13
D3520.contig1251	821	33	10
D3520.contig1252	820	3668	104
D3520.contig1253	819	40	11
D3520.contig1254	818	56	8
D3520.contig1255	817	30	4
D3520.contig1256	817	41	9
D3520.contig1257	816	24	9
D3520.contig1258	814	54	10
D3520.contig1259	814	75	10
D3520.contig1260	814	52	11
D3520.contig1261	813	71	10
D3520.contig1262	812	27	6
D3520.contig1263	811	70	6
D3520.contig1264	810	32	5
D3520.contig1265	809	42	9
D3520.contig1266	809	25	3
D3520.contig1267	808	55	2
D3520.contig1268	807	64	11
D3520.contig1269	807	62	7
D3520.contig1270	807	49	7
D3520.contig1271	807	35	11
D3520.contig1272	807	36	5
D3520.contig1273	807	44	4
D3520.contig1274	806	36	9
D3520.contig1275	806	44	8
D3520.contig1276	805	31	8
D3520.contig1277	805	37	7
D3520.contig1278	804	72	1
D3520.contig1279	804	20	7
D3520.contig1280	803	35	9
D3520.contig1281	803	35	5
D3520.contig1282	803	44	7
D3520.contig1283	803	57	10
D3520.contig1284	802	48	3
D3520.contig1285	802	40	4
D3520.contig1286	801	65	10
D3520.contig1287	801	41	10
D3520.contig1288	799	136	2
D3520.contig1289	795	33	5
D3520.contig1290	795	42	6
D3520.contig1291	793	54	6
D3520.contig1292	792	94	10
D3520.contig1293	790	22	5
D3520.contig1294	790	36	12
D3520.contig1295	790	29	16
D3520.contig1296	789	41	4
D3520.contig1297	789	44	2
D3520.contig1298	789	61	5
D3520.contig1299	789	36	29
D3520.contig1300	788	38	7
D3520.contig1301	788	35	11
D3520.contig1302	788	40	10
D3520.contig1303	787	48	13
D3520.contig1304	787	50	12
D3520.contig1305	787	45	12
D3520.contig1306	785	31	7
D3520.contig1307	784	28	9
D3520.contig1308	784	71502	6552
D3520.contig1309	784	48	9
D3520.contig1310	784	51	6
D3520.contig1311	782	55	4
D3520.contig1312	782	45	6
D3520.contig1313	782	33	10
D3520.contig1314	782	39	6
D3520.contig1315	780	50	11
D3520.contig1316	780	32	10
D3520.contig1317	779	43	7
D3520.contig1318	778	39	13
D3520.contig1319	778	39	13
D3520.contig1320	778	57	13
D3520.contig1321	777	42	10
D3520.contig1322	777	24	8
D3520.contig1323	776	60	8
D3520.contig1324	776	31	6
D3520.contig1325	776	35	12
D3520.contig1326	775	39	13
D3520.contig1327	775	38	12
D3520.contig1328	775	24	6
D3520.contig1329	774	35	14
D3520.contig1330	774	31	15
D3520.contig1331	774	46	10
D3520.contig1332	774	35	5
D3520.contig1333	772	39	8
D3520.contig1334	772	28	8
D3520.contig1335	771	24	5
D3520.contig1336	771	72	19
D3520.contig1337	770	42	3
D3520.contig1338	770	62	9
D3520.contig1339	770	32	8
D3520.contig1340	770	31	11
D3520.contig1341	770	38	3
D3520.contig1342	769	35	4
D3520.contig1343	768	99	2
D3520.contig1344	768	31	13
D3520.contig1345	768	24	7
D3520.contig1346	768	42	9
D3520.contig1347	767	37	6
D3520.contig1348	766	26	4
D3520.contig1349	765	35	11
D3520.contig1350	765	32	10
D3520.contig1351	765	31	6
D3520.contig1352	764	45	8
D3520.contig1353	764	37	1
D3520.contig1354	763	49	10
D3520.contig1355	763	49	14
D3520.contig1356	763	32	14
D3520.contig1357	762	41	8
D3520.contig1358	762	26	8
D3520.contig1359	761	124445	12627
D3520.contig1360	760	53	5
D3520.contig1361	760	36	1
D3520.contig1362	759	46	11
D3520.contig1363	758	50	3
D3520.contig1364	757	65	5
D3520.contig1365	757	29	12
D3520.contig1366	757	42	9
D3520.contig1367	753	39	4
D3520.contig1368	753	1785	61
D3520.contig1369	753	58	4
D3520.contig1370	752	30	3
D3520.contig1371	752	43	6
D3520.contig1372	751	53	3
D3520.contig1373	750	37	11
D3520.contig1374	750	42	4
D3520.contig1375	750	46	13
D3520.contig1376	748	57	6
D3520.contig1377	747	24	16
D3520.contig1378	747	36	8
D3520.contig1379	747	56	12
D3520.contig1380	747	47	9
D3520.contig1381	746	30	8
D3520.contig1382	746	33	6
D3520.contig1383	746	32	5
D3520.contig1384	746	53	4
D3520.contig1385	746	43	6
D3520.contig1386	746	52	6
D3520.contig1387	745	30	2
D3520.contig1388	744	45	3
D3520.contig1389	743	23	3
D3520.contig1390	742	54	11
D3520.contig1391	741	44	3
D3520.contig1392	741	86	9
D3520.contig1393	740	38	12
D3520.contig1394	740	37	6
D3520.contig1395	739	33	7
D3520.contig1396	739	60	13
D3520.contig1397	739	25	7
D3520.contig1398	738	40	8
D3520.contig1399	738	185518	4425
D3520.contig1400	738	35	10
D3520.contig1401	737	56	6
D3520.contig1402	736	75	6
D3520.contig1403	735	30	13
D3520.contig1404	735	35	11
D3520.contig1405	735	55	5
D3520.contig1406	735	55	2
D3520.contig1407	734	41	8
D3520.contig1408	734	27	4
D3520.contig1409	733	57	10
D3520.contig1410	733	24	12
D3520.contig1411	733	55	5
D3520.contig1412	733	41	8
D3520.contig1413	732	83	5
D3520.contig1414	732	42	8
D3520.contig1415	731	41	9
D3520.contig1416	731	37	10
D3520.contig1417	730	74	23
D3520.contig1418	730	29	7
D3520.contig1419	730	23	3
D3520.contig1420	729	42	14
D3520.contig1421	729	42	5
D3520.contig1422	727	32	5
D3520.contig1423	727	35	8
D3520.contig1424	727	33	9
D3520.contig1425	725	39	4
D3520.contig1426	724	362	12
D3520.contig1427	724	32	8
D3520.contig1428	723	47	5
D3520.contig1429	723	34	3
D3520.contig1430	722	39	7
D3520.contig1431	722	30	8
D3520.contig1432	722	44	11
D3520.contig1433	721	29	11
D3520.contig1434	720	40	9
D3520.contig1435	720	111744	8384
D3520.contig1436	719	32	2
D3520.contig1437	719	41	6
D3520.contig1438	719	68	6
D3520.contig1439	719	36	4
D3520.contig1440	719	44	12
D3520.contig1441	719	36	8
D3520.contig1442	718	27	11
D3520.contig1443	718	35	7
D3520.contig1444	717	121291	9209
D3520.contig1445	717	35	9
D3520.contig1446	716	22	4
D3520.contig1447	716	69	5
D3520.contig1448	716	42	5
D3520.contig1449	715	35	11
D3520.contig1450	715	31	3
D3520.contig1451	715	31	1
D3520.contig1452	715	21	4
D3520.contig1453	714	35	9
D3520.contig1454	714	23	7
D3520.contig1455	712	34	3
D3520.contig1456	711	36	7
D3520.contig1457	711	25	8
D3520.contig1458	710	37	12
D3520.contig1459	710	40	14
D3520.contig1460	710	28	2
D3520.contig1461	710	30	5
D3520.contig1462	710	48	17
D3520.contig1463	709	32	8
D3520.contig1464	709	19	9
D3520.contig1465	709	27	5
D3520.contig1466	708	40	11
D3520.contig1467	707	70	2
D3520.contig1468	707	884	33
D3520.contig1469	707	25	5
D3520.contig1470	706	46	8
D3520.contig1471	706	23	8
D3520.contig1472	706	27	8
D3520.contig1473	706	43	7
D3520.contig1474	704	25	10
D3520.contig1475	703	31	10
D3520.contig1476	702	61	3
D3520.contig1477	702	40	3
D3520.contig1478	702	21	8
D3520.contig1479	701	33	3
D3520.contig1480	700	38	2
D3520.contig1481	700	82	7
D3520.contig1482	700	29	6
D3520.contig1483	700	44	5
D3520.contig1484	699	42	8
D3520.contig1485	699	54	14
D3520.contig1486	699	39	4
D3520.contig1487	698	37	12
D3520.contig1488	697	122687	17340
D3520.contig1489	697	35	4
D3520.contig1490	696	28	11
D3520.contig1491	695	29	3
D3520.contig1492	695	26	8
D3520.contig1493	695	25	3
D3520.contig1494	695	56	9
D3520.contig1495	695	28	11
D3520.contig1496	694	40	12
D3520.contig1497	694	53	4
D3520.contig1498	693	49	7
D3520.contig1499	693	28	8
D3520.contig1500	692	41	8
D3520.contig1501	692	50	8
D3520.contig1502	691	27	6
D3520.contig1503	691	37	4
D3520.contig1504	691	22	6
D3520.contig1505	690	41	6
D3520.contig1506	690	32	3
D3520.contig1507	690	47	12
D3520.contig1508	690	20	2
D3520.contig1509	688	20	11
D3520.contig1510	687	64	4
D3520.contig1511	687	68	3
D3520.contig1512	687	27	4
D3520.contig1513	687	24	4
D3520.contig1514	686	44	6
D3520.contig1515	686	62	4
D3520.contig1516	686	36	11
D3520.contig1517	686	20	6
D3520.contig1518	685	28	13
D3520.contig1519	685	38	6
D3520.contig1520	684	31	7
D3520.contig1521	683	28	5
D3520.contig1522	683	22	10
D3520.contig1523	683	53	3
D3520.contig1524	682	31	8
D3520.contig1525	682	90	3
D3520.contig1526	681	42	9
D3520.contig1527	681	27	10
D3520.contig1528	681	29	17
D3520.contig1529	680	38	9
D3520.contig1530	680	33	11
D3520.contig1531	680	29	9
D3520.contig1532	679	37	9
D3520.contig1533	679	17	4
D3520.contig1534	678	30	8
D3520.contig1535	678	36	3
D3520.contig1536	678	27	8
D3520.contig1537	678	23	3
D3520.contig1538	678	47	10
D3520.contig1539	677	62	17
D3520.contig1540	677	29	5
D3520.contig1541	675	47	7
D3520.contig1542	675	36	4
D3520.contig1543	675	26	9
D3520.contig1544	675	82	4
D3520.contig1545	675	59	8
D3520.contig1546	674	41	12
D3520.contig1547	674	24	6
D3520.contig1548	673	30	9
D3520.contig1549	673	37	13
D3520.contig1550	673	33	3
D3520.contig1551	671	22	8
D3520.contig1552	671	28	4
D3520.contig1553	671	33	2
D3520.contig1554	670	27	8
D3520.contig1555	670	41	7
D3520.contig1556	669	28	5
D3520.contig1557	669	42	14
D3520.contig1558	669	36	6
D3520.contig1559	669	22	3
D3520.contig1560	669	44	6
D3520.contig1561	668	26	6
D3520.contig1562	668	423	25
D3520.contig1563	668	50	6
D3520.contig1564	668	27	8
D3520.contig1565	667	43	4
D3520.contig1566	667	44	9
D3520.contig1567	667	255	15
D3520.contig1568	667	29	9
D3520.contig1569	666	24	8
D3520.contig1570	666	32	8
D3520.contig1571	665	20	4
D3520.contig1572	665	34	17
D3520.contig1573	665	24	7
D3520.contig1574	665	41	8
D3520.contig1575	665	36	7
D3520.contig1576	664	42	14
D3520.contig1577	664	25	10
D3520.contig1578	664	28	7
D3520.contig1579	664	38	2
D3520.contig1580	664	38	9
D3520.contig1581	663	263	10
D3520.contig1582	663	71	11
D3520.contig1583	663	34	3
D3520.contig1584	662	73	6
D3520.contig1585	662	37	8
D3520.contig1586	662	26	8
D3520.contig1587	661	34	6
D3520.contig1588	661	43	4
D3520.contig1589	661	35	5
D3520.contig1590	660	22	4
D3520.contig1591	660	37	12
D3520.contig1592	660	33	9
D3520.contig1593	660	26	6
D3520.contig1594	659	50	11
D3520.contig1595	659	26	10
D3520.contig1596	659	28	10
D3520.contig1597	658	21	13
D3520.contig1598	658	26	8
D3520.contig1599	658	37	7
D3520.contig1600	657	31	3
D3520.contig1601	657	92	4
D3520.contig1602	657	21	7
D3520.contig1603	656	36	5
D3520.contig1604	656	36	4
D3520.contig1605	656	23	8
D3520.contig1606	655	62	9
D3520.contig1607	655	42	1
D3520.contig1608	655	39	9
D3520.contig1609	655	41	5
D3520.contig1610	654	35	1
D3520.contig1611	653	46	11
D3520.contig1612	653	144106	4492
D3520.contig1613	653	42	5
D3520.contig1614	652	32	10
D3520.contig1615	652	37	11
D3520.contig1616	650	38	6
D3520.contig1617	650	35	10
D3520.contig1618	650	20	5
D3520.contig1619	650	33	5
D3520.contig1620	649	31	9
D3520.contig1621	649	24	7
D3520.contig1622	649	33	6
D3520.contig1623	649	36	1
D3520.contig1624	649	23	3
D3520.contig1625	649	28	8
D3520.contig1626	649	29	11
D3520.contig1627	648	52	11
D3520.contig1628	647	25	5
D3520.contig1629	647	22	9
D3520.contig1630	646	28	3
D3520.contig1631	645	43	8
D3520.contig1632	645	31	8
D3520.contig1633	645	28	3
D3520.contig1634	644	31	4
D3520.contig1635	644	39	11
D3520.contig1636	642	17	6
D3520.contig1637	642	33	9
D3520.contig1638	641	31	7
D3520.contig1639	641	29	14
D3520.contig1640	641	31	7
D3520.contig1641	641	48	12
D3520.contig1642	641	36	6
D3520.contig1643	640	41	8
D3520.contig1644	640	21	9
D3520.contig1645	640	44	5
D3520.contig1646	639	21	6
D3520.contig1647	639	36	7
D3520.contig1648	639	34	6
D3520.contig1649	639	24	14
D3520.contig1650	638	73	9
D3520.contig1651	638	38	2
D3520.contig1652	637	26	12
D3520.contig1653	637	32	7
D3520.contig1654	637	36	7
D3520.contig1655	636	20	12
D3520.contig1656	636	33	10
D3520.contig1657	636	20	5
D3520.contig1658	635	48	13
D3520.contig1659	635	23	9
D3520.contig1660	634	29	13
D3520.contig1661	634	24	6
D3520.contig1662	633	24	12
D3520.contig1663	633	33	5
D3520.contig1664	632	26	3
D3520.contig1665	632	35	7
D3520.contig1666	631	43	8
D3520.contig1667	631	23	8
D3520.contig1668	630	16	6
D3520.contig1669	630	33	9
D3520.contig1670	630	18	7
D3520.contig1671	630	50	4
D3520.contig1672	630	25	11
D3520.contig1673	629	27	2
D3520.contig1674	628	30	2
D3520.contig1675	628	31	7
D3520.contig1676	627	58	6
D3520.contig1677	627	34	8
D3520.contig1678	627	44	4
D3520.contig1679	626	37	7
D3520.contig1680	625	21	9
D3520.contig1681	625	26	10
D3520.contig1682	625	38	3
D3520.contig1683	625	26	5
D3520.contig1684	625	29	9
D3520.contig1685	624	28	4
D3520.contig1686	624	41	6
D3520.contig1687	624	26	2
D3520.contig1688	624	14	5
D3520.contig1689	624	35	9
D3520.contig1690	623	19	5
D3520.contig1691	623	19	5
D3520.contig1692	623	36	2
D3520.contig1693	623	37	6
D3520.contig1694	622	84	11
D3520.contig1695	621	36	10
D3520.contig1696	621	23	9
D3520.contig1697	621	25	3
D3520.contig1698	620	19	6
D3520.contig1699	619	30	6
D3520.contig1700	619	45	0
D3520.contig1701	618	56	6
D3520.contig1702	618	23	10
D3520.contig1703	618	28	10
D3520.contig1704	617	30	5
D3520.contig1705	617	31	2
D3520.contig1706	617	40	7
D3520.contig1707	617	46	13
D3520.contig1708	616	25	11
D3520.contig1709	616	20	9
D3520.contig1710	615	27	6
D3520.contig1711	615	30	8
D3520.contig1712	615	23	6
D3520.contig1713	615	26	5
D3520.contig1714	614	42	9
D3520.contig1715	614	21	7
D3520.contig1716	613	21	9
D3520.contig1717	613	22	4
D3520.contig1718	613	26	7
D3520.contig1719	613	43	15
D3520.contig1720	613	25	4
D3520.contig1721	612	29	8
D3520.contig1722	611	39	2
D3520.contig1723	611	24	8
D3520.contig1724	611	19	5
D3520.contig1725	610	30	8
D3520.contig1726	609	39	6
D3520.contig1727	609	32	4
D3520.contig1728	609	53	3
D3520.contig1729	609	82	15
D3520.contig1730	608	29	4
D3520.contig1731	608	6435	147
D3520.contig1732	607	18	8
D3520.contig1733	607	46	0
D3520.contig1734	607	26	10
D3520.contig1735	607	41	6
D3520.contig1736	607	23	2
D3520.contig1737	606	30	6
D3520.contig1738	606	41	10
D3520.contig1739	606	23	9
D3520.contig1740	605	19	12
D3520.contig1741	604	33	4
D3520.contig1742	603	24	8
D3520.contig1743	603	25	5
D3520.contig1744	603	39	12
D3520.contig1745	603	27	6
D3520.contig1746	602	30	8
D3520.contig1747	602	47	5
D3520.contig1748	602	23	5
D3520.contig1749	602	28	6
D3520.contig1750	602	22	1
D3520.contig1751	602	20	2
D3520.contig1752	601	19	6
D3520.contig1753	601	19	6
D3520.contig1754	601	24	3
D3520.contig1755	601	32	9
D3520.contig1756	601	35	19
D3520.contig1757	601	22	4
D3520.contig1758	601	26	9
D3520.contig1759	600	27	10
D3520.contig1760	599	65	4
D3520.contig1761	599	31	7
D3520.contig1762	599	38	13
D3520.contig1763	599	54	5
D3520.contig1764	599	33	11
D3520.contig1765	597	41	8
D3520.contig1766	597	40	4
D3520.contig1767	597	23	5
D3520.contig1768	597	35	6
D3520.contig1769	596	37	8
D3520.contig1770	596	55	5
D3520.contig1771	596	48	5
D3520.contig1772	596	25	4
D3520.contig1773	595	24	8
D3520.contig1774	595	50	13
D3520.contig1775	595	23	3
D3520.contig1776	595	20	4
D3520.contig1777	594	29	3
D3520.contig1778	594	23	7
D3520.contig1779	594	24	9
D3520.contig1780	594	88	7
D3520.contig1781	593	25	2
D3520.contig1782	593	26	4
D3520.contig1783	593	36	5
D3520.contig1784	593	43	4
D3520.contig1785	593	17	6
D3520.contig1786	593	32	5
D3520.contig1787	592	26	9
D3520.contig1788	591	26	11
D3520.contig1789	591	60	2
D3520.contig1790	591	90380	2801
D3520.contig1791	590	35	10
D3520.contig1792	590	13	9
D3520.contig1793	590	24	5
D3520.contig1794	589	18	7
D3520.contig1795	589	76186	2911
D3520.contig1796	589	94909	6765
D3520.contig1797	588	36	5
D3520.contig1798	588	16	9
D3520.contig1799	587	28	2
D3520.contig1800	587	16	7
D3520.contig1801	586	43	7
D3520.contig1802	586	33	9
D3520.contig1803	586	26	7
D3520.contig1804	586	20	7
D3520.contig1805	585	22	7
D3520.contig1806	585	20	8
D3520.contig1807	584	11	7
D3520.contig1808	584	18	8
D3520.contig1809	583	57	6
D3520.contig1810	581	23	7
D3520.contig1811	581	41	9
D3520.contig1812	580	647	9
D3520.contig1813	580	30	8
D3520.contig1814	580	23	9
D3520.contig1815	579	32	7
D3520.contig1816	579	39	13
D3520.contig1817	579	38	8
D3520.contig1818	579	21	3
D3520.contig1819	578	24	5
D3520.contig1820	578	18	6
D3520.contig1821	578	36	8
D3520.contig1822	577	26	10
D3520.contig1823	577	40	7
D3520.contig1824	577	20	8
D3520.contig1825	577	29	13
D3520.contig1826	577	45	12
D3520.contig1827	577	23	5
D3520.contig1828	576	13	5
D3520.contig1829	576	30	10
D3520.contig1830	576	60	12
D3520.contig1831	576	16	4
D3520.contig1832	576	24	8
D3520.contig1833	576	23	4
D3520.contig1834	575	24	7
D3520.contig1835	575	34	7
D3520.contig1836	575	19	9
D3520.contig1837	574	38	12
D3520.contig1838	574	16	6
D3520.contig1839	574	21	5
D3520.contig1840	574	16	4
D3520.contig1841	573	27	3
D3520.contig1842	573	21	5
D3520.contig1843	573	25	11
D3520.contig1844	572	28	22
D3520.contig1845	572	18	10
D3520.contig1846	572	18	10
D3520.contig1847	572	43	8
D3520.contig1848	571	28	4
D3520.contig1849	570	28	5
D3520.contig1850	570	44	11
D3520.contig1851	570	16	3
D3520.contig1852	569	30	9
D3520.contig1853	568	41	9
D3520.contig1854	568	13	3
D3520.contig1855	568	43	10
D3520.contig1856	568	26	7
D3520.contig1857	568	23	5
D3520.contig1858	567	22	6
D3520.contig1859	567	39	2
D3520.contig1860	566	23	9
D3520.contig1861	566	28	16
D3520.contig1862	566	35	7
D3520.contig1863	566	28	10
D3520.contig1864	566	21	5
D3520.contig1865	566	17	5
D3520.contig1866	566	21	8
D3520.contig1867	565	23	7
D3520.contig1868	565	22	8
D3520.contig1869	565	15	8
D3520.contig1870	564	18	4
D3520.contig1871	563	21	4
D3520.contig1872	563	16	4
D3520.contig1873	563	23	16
D3520.contig1874	563	20	6
D3520.contig1875	562	33	8
D3520.contig1876	561	22	8
D3520.contig1877	560	38	5
D3520.contig1878	560	30	6
D3520.contig1879	560	13	5
D3520.contig1880	560	33	12
D3520.contig1881	558	19	4
D3520.contig1882	558	27	4
D3520.contig1883	558	25	9
D3520.contig1884	557	28	9
D3520.contig1885	557	20	8
D3520.contig1886	556	26	8
D3520.contig1887	556	15	7
D3520.contig1888	556	57	8
D3520.contig1889	556	17	5
D3520.contig1890	556	21	8
D3520.contig1891	555	103	7
D3520.contig1892	555	46	7
D3520.contig1893	555	16	2
D3520.contig1894	555	58	2
D3520.contig1895	555	23	6
D3520.contig1896	555	19	5
D3520.contig1897	554	24	4
D3520.contig1898	553	24	3
D3520.contig1899	553	59	2
D3520.contig1900	553	18	8
D3520.contig1901	552	29	4
D3520.contig1902	552	21	0
D3520.contig1903	552	30	11
D3520.contig1904	552	19	3
D3520.contig1905	552	13	5
D3520.contig1906	552	20	6
D3520.contig1907	551	17	6
D3520.contig1908	551	29	5
D3520.contig1909	551	17	2
D3520.contig1910	551	14	8
D3520.contig1911	550	24	6
D3520.contig1912	550	28	13
D3520.contig1913	549	48	3
D3520.contig1914	549	3283	88
D3520.contig1915	549	14	2
D3520.contig1916	549	17	5
D3520.contig1917	549	28	7
D3520.contig1918	548	17	4
D3520.contig1919	547	27	9
D3520.contig1920	547	23	3
D3520.contig1921	547	12	8
D3520.contig1922	547	17	7
D3520.contig1923	547	22	4
D3520.contig1924	547	17	7
D3520.contig1925	547	21	7
D3520.contig1926	546	15	8
D3520.contig1927	545	26	11
D3520.contig1928	545	29	12
D3520.contig1929	545	24	3
D3520.contig1930	545	23	8
D3520.contig1931	545	29	7
D3520.contig1932	545	19	4
D3520.contig1933	544	35	4
D3520.contig1934	544	8	8
D3520.contig1935	544	21	3
D3520.contig1936	544	31	12
D3520.contig1937	544	20	14
D3520.contig1938	544	28	10
D3520.contig1939	544	14	12
D3520.contig1940	544	33	7
D3520.contig1941	543	43	15
D3520.contig1942	543	26	13
D3520.contig1943	543	21	10
D3520.contig1944	542	16	4
D3520.contig1945	542	18	8
D3520.contig1946	542	35	10
D3520.contig1947	541	24	11
D3520.contig1948	541	26	4
D3520.contig1949	541	21	7
D3520.contig1950	541	29	10
D3520.contig1951	540	26	4
D3520.contig1952	540	17	8
D3520.contig1953	540	23	3
D3520.contig1954	540	33	9
D3520.contig1955	540	19	4
D3520.contig1956	539	4004	108
D3520.contig1957	539	38	4
D3520.contig1958	539	18	6
D3520.contig1959	539	11	5
D3520.contig1960	539	19	3
D3520.contig1961	538	33	7
D3520.contig1962	538	27	4
D3520.contig1963	537	25	4
D3520.contig1964	537	27	10
D3520.contig1965	537	37	9
D3520.contig1966	537	29	3
D3520.contig1967	537	26	11
D3520.contig1968	537	21	9
D3520.contig1969	536	23	10
D3520.contig1970	536	15	3
D3520.contig1971	536	12	4
D3520.contig1972	535	39	6
D3520.contig1973	535	21	8
D3520.contig1974	535	33	7
D3520.contig1975	534	28	6
D3520.contig1976	534	24	6
D3520.contig1977	533	33	12
D3520.contig1978	533	20	1
D3520.contig1979	533	30	11
D3520.contig1980	533	24	3
D3520.contig1981	532	38	9
D3520.contig1982	532	12	6
D3520.contig1983	532	36	7
D3520.contig1984	532	44	3
D3520.contig1985	532	21	4
D3520.contig1986	532	16	5
D3520.contig1987	531	34	9
D3520.contig1988	531	50	11
D3520.contig1989	531	20	6
D3520.contig1990	531	41	8
D3520.contig1991	531	16	8
D3520.contig1992	531	9	5
D3520.contig1993	530	19	7
D3520.contig1994	530	17	7
D3520.contig1995	530	23	9
D3520.contig1996	529	22	12
D3520.contig1997	529	25	8
D3520.contig1998	529	20	15
D3520.contig1999	529	22	6
D3520.contig2000	529	12	4
D3520.contig2001	528	48	5
D3520.contig2002	528	26	7
D3520.contig2003	527	34	6
D3520.contig2004	527	25	6
D3520.contig2005	527	30	7
D3520.contig2006	526	20	5
D3520.contig2007	526	34	0
D3520.contig2008	526	25	7
D3520.contig2009	526	6317	109
D3520.contig2010	526	12	8
D3520.contig2011	525	42	4
D3520.contig2012	525	38	19
D3520.contig2013	525	45	3
D3520.contig2014	525	14	4
D3520.contig2015	524	28	3
D3520.contig2016	524	51	2
D3520.contig2017	524	15	5
D3520.contig2018	523	21	7
D3520.contig2019	523	23	6
D3520.contig2020	523	34	5
D3520.contig2021	523	56	1
D3520.contig2022	523	37	13
D3520.contig2023	523	25	7
D3520.contig2024	522	28	3
D3520.contig2025	522	17	7
D3520.contig2026	522	19	12
D3520.contig2027	522	29	5
D3520.contig2028	522	25	8
D3520.contig2029	522	13	5
D3520.contig2030	522	111	2
D3520.contig2031	520	15	4
D3520.contig2032	519	31	2
D3520.contig2033	519	14	10
D3520.contig2034	519	10	8
D3520.contig2035	519	28	9
D3520.contig2036	518	15	7
D3520.contig2037	518	19	5
D3520.contig2038	517	23	8
D3520.contig2039	517	26	8
D3520.contig2040	517	27	5
D3520.contig2041	517	23	7
D3520.contig2042	516	20	7
D3520.contig2043	515	19	11
D3520.contig2044	513	24	9
D3520.contig2045	513	15	3
D3520.contig2046	513	28	9
D3520.contig2047	513	20	3
D3520.contig2048	513	24	10
D3520.contig2049	513	18	8
D3520.contig2050	513	24	8
D3520.contig2051	512	15	6
D3520.contig2052	512	35	3
D3520.contig2053	512	20	4
D3520.contig2054	512	23	4
D3520.contig2055	511	29	10
D3520.contig2056	511	12	10
D3520.contig2057	511	27	6
D3520.contig2058	511	13	10
D3520.contig2059	511	15	3
D3520.contig2060	510	27	9
D3520.contig2061	510	27	8
D3520.contig2062	510	1661	159
D3520.contig2063	510	3587	102
D3520.contig2064	510	85	5
D3520.contig2065	510	34	1
D3520.contig2066	510	21	7
D3520.contig2067	509	18	5
D3520.contig2068	509	25	8
D3520.contig2069	509	379	7
D3520.contig2070	508	18	10
D3520.contig2071	508	10	5
D3520.contig2072	508	16	4
D3520.contig2073	507	16	6
D3520.contig2074	507	21	4
D3520.contig2075	506	27	2
D3520.contig2076	506	21647	3491
D3520.contig2077	506	16	6
D3520.contig2078	506	17	11
D3520.contig2079	506	27	12
D3520.contig2080	505	13	5
D3520.contig2081	505	20	5
D3520.contig2082	505	23	9
D3520.contig2083	505	17	6
D3520.contig2084	505	25	12
D3520.contig2085	505	14	8
D3520.contig2086	505	28	10
D3520.contig2087	505	95	3
D3520.contig2088	505	39	2
D3520.contig2089	505	14	6
D3520.contig2090	505	27	6
D3520.contig2091	505	12	4
D3520.contig2092	504	23	10
D3520.contig2093	503	19	4
D3520.contig2094	503	20	6
D3520.contig2095	503	13	5
D3520.contig2096	502	30	16
D3520.contig2097	502	27	2
D3520.contig2098	502	23	8
D3520.contig2099	502	53	9
D3520.contig2100	502	24	7
D3520.contig2101	501	24	4
D3520.contig2102	501	13	11
D3520.contig2103	501	19	3
D3520.contig2104	500	14	5
D3520.contig2105	500	15	3
D3520.contig2106	500	13	9
D3520.contig2107	500	44	10
D3520.contig2108	499	19	2
D3520.contig2109	499	13	7
D3520.contig2110	499	52	4
D3520.contig2111	499	30	15
D3520.contig2112	499	12	9
D3520.contig2113	499	11	4
D3520.contig2114	499	40	7
D3520.contig2115	499	26	5
D3520.contig2116	498	20	10
D3520.contig2117	497	27	5
D3520.contig2118	497	15	6
D3520.contig2119	497	25	16
D3520.contig2120	497	17	7
D3520.contig2121	497	9	5
D3520.contig2122	497	46	5
D3520.contig2123	497	19	10
D3520.contig2124	497	32	4
D3520.contig2125	497	17	5
D3520.contig2126	496	15	7
D3520.contig2127	495	20	8
D3520.contig2128	495	15	3
D3520.contig2129	495	27	6
D3520.contig2130	495	19	12
D3520.contig2131	495	26	13
D3520.contig2132	495	31	7
D3520.contig2133	494	22	11
D3520.contig2134	494	29	4
D3520.contig2135	494	11	6
D3520.contig2136	493	30	15
D3520.contig2137	493	20	4
D3520.contig2138	493	17	5
D3520.contig2139	493	33	2
D3520.contig2140	493	23	8
D3520.contig2141	493	30	8
D3520.contig2142	492	28	11
D3520.contig2143	492	14	8
D3520.contig2144	492	15	5
D3520.contig2145	492	12	6
D3520.contig2146	492	23	8
D3520.contig2147	492	27	6
D3520.contig2148	491	28	2
D3520.contig2149	491	11	7
D3520.contig2150	491	10	4
D3520.contig2151	491	22	5
D3520.contig2152	490	45	3
D3520.contig2153	489	20	9
D3520.contig2154	489	33	5
D3520.contig2155	488	20	6
D3520.contig2156	488	21	4
D3520.contig2157	488	12	6
D3520.contig2158	488	25	8
D3520.contig2159	488	34	4
D3520.contig2160	488	18	1
D3520.contig2161	487	13	5
D3520.contig2162	487	32	5
D3520.contig2163	487	35	2
D3520.contig2164	487	20	9
D3520.contig2165	486	24	2
D3520.contig2166	486	13	7
D3520.contig2167	486	11	3
D3520.contig2168	486	38	8
D3520.contig2169	486	13	9
D3520.contig2170	486	29	5
D3520.contig2171	486	33	3
D3520.contig2172	485	17	5
D3520.contig2173	485	37	15
D3520.contig2174	485	29	6
D3520.contig2175	485	25	7
D3520.contig2176	484	20	14
D3520.contig2177	484	19	6
D3520.contig2178	484	444	25
D3520.contig2179	483	16	2
D3520.contig2180	483	33	8
D3520.contig2181	483	17	8
D3520.contig2182	483	20	4
D3520.contig2183	483	49	6
D3520.contig2184	482	20	10
D3520.contig2185	482	13	5
D3520.contig2186	481	18	1
D3520.contig2187	481	13	9
D3520.contig2188	481	23	7
D3520.contig2189	480	19	5
D3520.contig2190	480	16	8
D3520.contig2191	480	9	5
D3520.contig2192	480	14	6
D3520.contig2193	480	14	4
D3520.contig2194	479	18	7
D3520.contig2195	479	40	3
D3520.contig2196	479	17	5
D3520.contig2197	478	57	5
D3520.contig2198	478	15	7
D3520.contig2199	478	17	4
D3520.contig2200	478	22	8
D3520.contig2201	478	18	7
D3520.contig2202	478	14	7
D3520.contig2203	477	9	3
D3520.contig2204	477	26	13
D3520.contig2205	477	21	5
D3520.contig2206	477	13	3
D3520.contig2207	477	8	6
D3520.contig2208	476	15	7
D3520.contig2209	476	12	9
D3520.contig2210	476	48	10
D3520.contig2211	476	16	6
D3520.contig2212	476	24	4
D3520.contig2213	476	21	8
D3520.contig2214	476	13	7
D3520.contig2215	475	16	10
D3520.contig2216	475	17	9
D3520.contig2217	475	17	1
D3520.contig2218	474	18	2
D3520.contig2219	474	20	3
D3520.contig2220	473	18	1
D3520.contig2221	473	15	8
D3520.contig2222	473	14	8
D3520.contig2223	473	378	13
D3520.contig2224	472	16	5
D3520.contig2225	472	22	7
D3520.contig2226	472	20	3
D3520.contig2227	472	71	3
D3520.contig2228	472	14	9
D3520.contig2229	471	17	7
D3520.contig2230	471	15	5
D3520.contig2231	471	39	7
D3520.contig2232	471	15	6
D3520.contig2233	470	20	10
D3520.contig2234	470	19927	2892
D3520.contig2235	470	43	11
D3520.contig2236	470	19	2
D3520.contig2237	470	26	4
D3520.contig2238	470	18	4
D3520.contig2239	470	15	3
D3520.contig2240	469	14	2
D3520.contig2241	469	17	5
D3520.contig2242	469	20	7
D3520.contig2243	469	28	7
D3520.contig2244	469	26	4
D3520.contig2245	469	7	7
D3520.contig2246	468	19	7
D3520.contig2247	468	33	4
D3520.contig2248	468	24	2
D3520.contig2249	468	3264	96
D3520.contig2250	468	19	10
D3520.contig2251	467	16	10
D3520.contig2252	467	23	10
D3520.contig2253	466	19	5
D3520.contig2254	466	16	4
D3520.contig2255	466	31	13
D3520.contig2256	465	18	7
D3520.contig2257	465	26	11
D3520.contig2258	465	17	8
D3520.contig2259	465	21	5
D3520.contig2260	465	24	7
D3520.contig2261	465	18	4
D3520.contig2262	465	29	6
D3520.contig2263	465	6	4
D3520.contig2264	465	13	5
D3520.contig2265	465	10	6
D3520.contig2266	465	22	11
D3520.contig2267	464	28	4
D3520.contig2268	464	37	9
D3520.contig2269	464	27	13
D3520.contig2270	464	30	6
D3520.contig2271	463	26	11
D3520.contig2272	463	8	6
D3520.contig2273	463	15	3
D3520.contig2274	463	16	4
D3520.contig2275	463	34	3
D3520.contig2276	462	14	6
D3520.contig2277	462	30	8
D3520.contig2278	462	38	3
D3520.contig2279	462	19	9
D3520.contig2280	462	66	1
D3520.contig2281	462	16	3
D3520.contig2282	462	16	9
D3520.contig2283	462	26	12
D3520.contig2284	461	16	8
D3520.contig2285	461	25	2
D3520.contig2286	461	19	3
D3520.contig2287	461	24	7
D3520.contig2288	461	24	7
D3520.contig2289	461	16	4
D3520.contig2290	460	23	8
D3520.contig2291	460	29	8
D3520.contig2292	460	12	8
D3520.contig2293	460	26	14
D3520.contig2294	459	18	2
D3520.contig2295	459	26	14
D3520.contig2296	459	13	1
D3520.contig2297	459	12	12
D3520.contig2298	458	25	9
D3520.contig2299	458	12	7
D3520.contig2300	458	22	5
D3520.contig2301	458	22	7
D3520.contig2302	457	16	12
D3520.contig2303	457	16	7
D3520.contig2304	457	16	3
D3520.contig2305	456	14	5
D3520.contig2306	456	17	6
D3520.contig2307	456	27	5
D3520.contig2308	455	11	3
D3520.contig2309	455	20	10
D3520.contig2310	455	34	3
D3520.contig2311	455	14	3
D3520.contig2312	455	19	7
D3520.contig2313	455	15	11
D3520.contig2314	455	16	8
D3520.contig2315	454	20	7
D3520.contig2316	454	14	6
D3520.contig2317	453	23	4
D3520.contig2318	453	10	6
D3520.contig2319	453	9	7
D3520.contig2320	453	21	5
D3520.contig2321	453	24	8
D3520.contig2322	453	24	10
D3520.contig2323	453	13	5
D3520.contig2324	452	18	6
D3520.contig2325	452	28	16
D3520.contig2326	452	23	4
D3520.contig2327	452	16	7
D3520.contig2328	452	11	5
D3520.contig2329	451	14	8
D3520.contig2330	451	24	3
D3520.contig2331	450	14	2
D3520.contig2332	450	24	10
D3520.contig2333	450	17	7
D3520.contig2334	450	21	2
D3520.contig2335	449	9	1
D3520.contig2336	449	23	13
D3520.contig2337	449	20	11
D3520.contig2338	449	15	5
D3520.contig2339	449	19	5
D3520.contig2340	448	35	4
D3520.contig2341	448	37	6
D3520.contig2342	448	8	7
D3520.contig2343	448	17	10
D3520.contig2344	448	22	6
D3520.contig2345	448	29	8
D3520.contig2346	447	13	4
D3520.contig2347	447	33	4
D3520.contig2348	447	14	4
D3520.contig2349	446	30	7
D3520.contig2350	446	24	16
D3520.contig2351	446	12	2
D3520.contig2352	446	14	7
D3520.contig2353	446	19	7
D3520.contig2354	446	19	5
D3520.contig2355	446	10	4
D3520.contig2356	446	21	11
D3520.contig2357	446	25	3
D3520.contig2358	445	14	10
D3520.contig2359	445	25	17
D3520.contig2360	445	11	2
D3520.contig2361	445	19	3
D3520.contig2362	445	274	19
D3520.contig2363	445	19	9
D3520.contig2364	444	21	9
D3520.contig2365	444	20	10
D3520.contig2366	444	34	9
D3520.contig2367	444	18	11
D3520.contig2368	444	9	6
D3520.contig2369	444	21	5
D3520.contig2370	444	13	5
D3520.contig2371	443	12	8
D3520.contig2372	443	28	4
D3520.contig2373	443	20	9
D3520.contig2374	443	15	7
D3520.contig2375	443	19	3
D3520.contig2376	443	26	17
D3520.contig2377	443	29	10
D3520.contig2378	443	18	10
D3520.contig2379	443	11	3
D3520.contig2380	442	10	6
D3520.contig2381	442	14	6
D3520.contig2382	442	21	10
D3520.contig2383	442	20	10
D3520.contig2384	442	13	6
D3520.contig2385	442	26	4
D3520.contig2386	441	12	6
D3520.contig2387	441	15	6
D3520.contig2388	441	22	3
D3520.contig2389	441	11	6
D3520.contig2390	441	9	5
D3520.contig2391	441	13	2
D3520.contig2392	441	15	9
D3520.contig2393	440	19	8
D3520.contig2394	440	20	8
D3520.contig2395	440	9	3
D3520.contig2396	440	20	8
D3520.contig2397	439	27	3
D3520.contig2398	439	20	9
D3520.contig2399	439	24	5
D3520.contig2400	439	19	2
D3520.contig2401	439	16	4
D3520.contig2402	438	7	5
D3520.contig2403	438	15	3
D3520.contig2404	438	18	7
D3520.contig2405	438	12	6
D3520.contig2406	438	21	5
D3520.contig2407	437	10	5
D3520.contig2408	437	14	8
D3520.contig2409	437	17	5
D3520.contig2410	436	14	8
D3520.contig2411	436	26	3
D3520.contig2412	436	28	6
D3520.contig2413	436	15	4
D3520.contig2414	436	8	5
D3520.contig2415	435	18	6
D3520.contig2416	435	34	5
D3520.contig2417	435	17	3
D3520.contig2418	435	10	2
D3520.contig2419	435	18	6
D3520.contig2420	435	33	7
D3520.contig2421	435	23	2
D3520.contig2422	435	19	7
D3520.contig2423	435	13	6
D3520.contig2424	435	7	5
D3520.contig2425	435	33	4
D3520.contig2426	435	14	4
D3520.contig2427	434	23	3
D3520.contig2428	434	131	1
D3520.contig2429	434	19	5
D3520.contig2430	434	20	2
D3520.contig2431	434	7	3
D3520.contig2432	433	19	1
D3520.contig2433	433	12	4
D3520.contig2434	433	13	6
D3520.contig2435	433	1674	32
D3520.contig2436	432	27	10
D3520.contig2437	432	13	3
D3520.contig2438	432	17	15
D3520.contig2439	432	16	5
D3520.contig2440	432	19	7
D3520.contig2441	431	13	9
D3520.contig2442	431	13	5
D3520.contig2443	431	15	8
D3520.contig2444	431	15	5
D3520.contig2445	431	18	9
D3520.contig2446	431	15	7
D3520.contig2447	431	10	2
D3520.contig2448	431	17	4
D3520.contig2449	431	17	9
D3520.contig2450	430	34	10
D3520.contig2451	430	27	5
D3520.contig2452	430	16	5
D3520.contig2453	430	52	3
D3520.contig2454	430	21	1
D3520.contig2455	429	40	11
D3520.contig2456	429	8	2
D3520.contig2457	428	23	8
D3520.contig2458	428	10	6
D3520.contig2459	428	18	4
D3520.contig2460	427	11	7
D3520.contig2461	427	7	5
D3520.contig2462	427	13	5
D3520.contig2463	426	12	3
D3520.contig2464	426	16	2
D3520.contig2465	426	16	8
D3520.contig2466	426	14	6
D3520.contig2467	425	16	6
D3520.contig2468	425	30	8
D3520.contig2469	425	20	10
D3520.contig2470	425	11	4
D3520.contig2471	425	19	8
D3520.contig2472	425	20	4
D3520.contig2473	425	23	8
D3520.contig2474	425	15	9
D3520.contig2475	424	14	6
D3520.contig2476	424	11	9
D3520.contig2477	424	16	5
D3520.contig2478	423	16	12
D3520.contig2479	423	11	4
D3520.contig2480	423	15	10
D3520.contig2481	423	23	6
D3520.contig2482	423	24	10
D3520.contig2483	423	17	7
D3520.contig2484	423	12	4
D3520.contig2485	422	12	2
D3520.contig2486	422	13	5
D3520.contig2487	422	22	6
D3520.contig2488	422	40	6
D3520.contig2489	421	18	2
D3520.contig2490	421	14	7
D3520.contig2491	421	11	4
D3520.contig2492	421	12	6
D3520.contig2493	420	15	7
D3520.contig2494	420	19	3
D3520.contig2495	420	30	6
D3520.contig2496	420	8	4
D3520.contig2497	419	9	5
D3520.contig2498	419	28	4
D3520.contig2499	419	10	5
D3520.contig2500	419	23	6
D3520.contig2501	419	27	8
D3520.contig2502	419	15	7
D3520.contig2503	419	15	3
D3520.contig2504	419	13	7
D3520.contig2505	418	11	2
D3520.contig2506	418	31	3
D3520.contig2507	418	15	6
D3520.contig2508	418	17	8
D3520.contig2509	418	20	5
D3520.contig2510	418	18	5
D3520.contig2511	418	12	7
D3520.contig2512	418	14	4
D3520.contig2513	417	14	12
D3520.contig2514	417	17	11
D3520.contig2515	417	86	1
D3520.contig2516	417	13	5
D3520.contig2517	416	13	5
D3520.contig2518	416	12	4
D3520.contig2519	416	11	9
D3520.contig2520	416	18	8
D3520.contig2521	416	32	3
D3520.contig2522	416	18	3
D3520.contig2523	415	9	7
D3520.contig2524	415	17	3
D3520.contig2525	415	11	7
D3520.contig2526	414	13	3
D3520.contig2527	414	7	4
D3520.contig2528	414	10	6
D3520.contig2529	414	15	8
D3520.contig2530	414	12	4
D3520.contig2531	414	16	1
D3520.contig2532	414	16	5
D3520.contig2533	413	8	6
D3520.contig2534	413	26	3
D3520.contig2535	413	12	6
D3520.contig2536	413	15	5
D3520.contig2537	413	16	8
D3520.contig2538	413	17	5
D3520.contig2539	412	23	7
D3520.contig2540	412	18	4
D3520.contig2541	412	11	5
D3520.contig2542	412	16	5
D3520.contig2543	412	15	8
D3520.contig2544	412	12	8
D3520.contig2545	412	15	11
D3520.contig2546	412	7	7
D3520.contig2547	412	11	5
D3520.contig2548	412	16	10
D3520.contig2549	412	11	5
D3520.contig2550	412	16	0
D3520.contig2551	411	16	5
D3520.contig2552	411	14	8
D3520.contig2553	411	11	9
D3520.contig2554	411	17	2
D3520.contig2555	410	14	6
D3520.contig2556	410	15	7
D3520.contig2557	410	10	8
D3520.contig2558	410	7	1
D3520.contig2559	410	10	4
D3520.contig2560	410	23	4
D3520.contig2561	410	12	8
D3520.contig2562	409	23	0
D3520.contig2563	409	17	9
D3520.contig2564	409	12	4
D3520.contig2565	408	13	7
D3520.contig2566	408	15	7
D3520.contig2567	408	18596	3302
D3520.contig2568	408	20	7
D3520.contig2569	408	14	4
D3520.contig2570	408	14	4
D3520.contig2571	408	20	4
D3520.contig2572	408	25	3
D3520.contig2573	407	18	8
D3520.contig2574	407	57	0
D3520.contig2575	407	18	5
D3520.contig2576	407	17	8
D3520.contig2577	407	10	4
D3520.contig2578	407	10	3
D3520.contig2579	407	11	5
D3520.contig2580	407	20	10
D3520.contig2581	407	16	7
D3520.contig2582	407	21	8
D3520.contig2583	407	17	8
D3520.contig2584	407	12	3
D3520.contig2585	406	19	5
D3520.contig2586	406	15	6
D3520.contig2587	406	16	6
D3520.contig2588	406	9	5
D3520.contig2589	406	13	2
D3520.contig2590	406	14	2
D3520.contig2591	405	11	7
D3520.contig2592	405	21	5
D3520.contig2593	405	9	3
D3520.contig2594	405	12	4
D3520.contig2595	405	1103	42
D3520.contig2596	405	11	5
D3520.contig2597	405	17	9
D3520.contig2598	405	22	7
D3520.contig2599	405	13	5
D3520.contig2600	405	10	5
D3520.contig2601	405	17	8
D3520.contig2602	404	18	8
D3520.contig2603	404	10	4
D3520.contig2604	404	11	2
D3520.contig2605	404	8	4
D3520.contig2606	404	20	8
D3520.contig2607	403	12	8
D3520.contig2608	403	19	9
D3520.contig2609	403	13	7
D3520.contig2610	403	20	2
D3520.contig2611	402	7	5
D3520.contig2612	402	18	4
D3520.contig2613	402	14	3
D3520.contig2614	402	19	5
D3520.contig2615	401	10	5
D3520.contig2616	401	16	3
D3520.contig2617	401	10	3
D3520.contig2618	401	8	6
D3520.contig2619	401	26	3
D3520.contig2620	401	11	4
D3520.contig2621	401	13	6
D3520.contig2622	401	6	6
D3520.contig2623	401	10	6
D3520.contig2624	400	511	4
D3520.contig2625	400	15	7
D3520.contig2626	400	11	7
D3520.contig2627	400	288	3
D3520.contig2628	400	13	9
D3520.contig2629	400	11	3
D3520.contig2630	400	10	2
D3520.contig2631	400	16	10
D3520.contig2632	399	9	3
D3520.contig2633	399	24	4
D3520.contig2634	399	30	8
D3520.contig2635	399	11	4
D3520.contig2636	399	12	4
D3520.contig2637	399	15	4
D3520.contig2638	399	10	8
D3520.contig2639	399	10	2
D3520.contig2640	398	13	5
D3520.contig2641	398	7	4
D3520.contig2642	398	15	3
D3520.contig2643	398	22	8
D3520.contig2644	398	24	5
D3520.contig2645	398	17	10
D3520.contig2646	398	16	1
D3520.contig2647	398	11	5
D3520.contig2648	398	10	8
D3520.contig2649	398	45165	5609
D3520.contig2650	398	23	5
D3520.contig2651	398	9	4
D3520.contig2652	398	26	10
D3520.contig2653	397	18	6
D3520.contig2654	397	8	2
D3520.contig2655	397	12	4
D3520.contig2656	397	16	11
D3520.contig2657	397	13	5
D3520.contig2658	397	20	1
D3520.contig2659	397	977	57
D3520.contig2660	396	14	2
D3520.contig2661	396	14	13
D3520.contig2662	396	10	5
D3520.contig2663	396	17	3
D3520.contig2664	396	11	7
D3520.contig2665	396	14	3
D3520.contig2666	396	15	6
D3520.contig2667	396	15	1
D3520.contig2668	395	12	6
D3520.contig2669	395	13	7
D3520.contig2670	395	8	8
D3520.contig2671	395	24	5
D3520.contig2672	395	11	4
D3520.contig2673	395	13	6
D3520.contig2674	395	10	8
D3520.contig2675	395	7	1
D3520.contig2676	394	16	11
D3520.contig2677	394	14	4
D3520.contig2678	394	21	13
D3520.contig2679	394	10	2
D3520.contig2680	394	17	11
D3520.contig2681	394	18	2
D3520.contig2682	394	19	3
D3520.contig2683	394	10	7
D3520.contig2684	394	15	8
D3520.contig2685	393	10	6
D3520.contig2686	393	29	6
D3520.contig2687	393	12	7
D3520.contig2688	393	142	4
D3520.contig2689	393	19	3
D3520.contig2690	393	11	7
D3520.contig2691	393	13	7
D3520.contig2692	393	10	4
D3520.contig2693	393	11	4
D3520.contig2694	392	10	5
D3520.contig2695	392	13	5
D3520.contig2696	392	13	9
D3520.contig2697	392	14	4
D3520.contig2698	392	11	9
D3520.contig2699	392	14	10
D3520.contig2700	391	16	3
D3520.contig2701	391	38529	2549
D3520.contig2702	391	55	2
D3520.contig2703	391	32	2
D3520.contig2704	391	14	0
D3520.contig2705	391	5	5
D3520.contig2706	390	12	4
D3520.contig2707	390	10	4
D3520.contig2708	390	7	3
D3520.contig2709	390	16	6
D3520.contig2710	390	11	5
D3520.contig2711	390	8	4
D3520.contig2712	390	13	3
D3520.contig2713	389	7	5
D3520.contig2714	389	14	3
D3520.contig2715	389	14	8
D3520.contig2716	389	47	4
D3520.contig2717	389	20	7
D3520.contig2718	389	11	5
D3520.contig2719	389	13	7
D3520.contig2720	388	13	13
D3520.contig2721	388	12	2
D3520.contig2722	388	14	4
D3520.contig2723	388	72742	6649
D3520.contig2724	387	8	6
D3520.contig2725	387	15	9
D3520.contig2726	387	19	12
D3520.contig2727	387	17	7
D3520.contig2728	387	9	5
D3520.contig2729	387	11	4
D3520.contig2730	387	16	6
D3520.contig2731	387	13	11
D3520.contig2732	387	23	9
D3520.contig2733	386	11	8
D3520.contig2734	386	20	3
D3520.contig2735	386	13	7
D3520.contig2736	386	15	5
D3520.contig2737	386	12	10
D3520.contig2738	386	6	5
D3520.contig2739	386	10	3
D3520.contig2740	386	12	4
D3520.contig2741	385	38	3
D3520.contig2742	385	20	8
D3520.contig2743	385	16	6
D3520.contig2744	385	8	2
D3520.contig2745	385	9	5
D3520.contig2746	385	22	7
D3520.contig2747	385	29	1
D3520.contig2748	385	7	3
D3520.contig2749	385	14	6
D3520.contig2750	384	28	2
D3520.contig2751	384	10	7
D3520.contig2752	384	15	5
D3520.contig2753	384	19	7
D3520.contig2754	384	20	14
D3520.contig2755	384	13	4
D3520.contig2756	383	16	7
D3520.contig2757	383	15	2
D3520.contig2758	383	13	5
D3520.contig2759	382	18	4
D3520.contig2760	382	10	8
D3520.contig2761	382	11	5
D3520.contig2762	382	17	4
D3520.contig2763	382	8	5
D3520.contig2764	382	13	5
D3520.contig2765	382	23	2
D3520.contig2766	382	10	6
D3520.contig2767	382	15	8
D3520.contig2768	382	17	2
D3520.contig2769	381	10	8
D3520.contig2770	381	19	7
D3520.contig2771	381	18	2
D3520.contig2772	381	19	8
D3520.contig2773	381	15	7
D3520.contig2774	381	19	7
D3520.contig2775	381	13	7
D3520.contig2776	381	15	3
D3520.contig2777	381	11	5
D3520.contig2778	381	14	2
D3520.contig2779	381	10	5
D3520.contig2780	380	10	6
D3520.contig2781	380	10	6
D3520.contig2782	380	12	8
D3520.contig2783	380	13	4
D3520.contig2784	380	14	4
D3520.contig2785	380	11	4
D3520.contig2786	380	9	0
D3520.contig2787	380	16	2
D3520.contig2788	380	11	4
D3520.contig2789	379	17	5
D3520.contig2790	379	14	6
D3520.contig2791	379	27	9
D3520.contig2792	379	19	3
D3520.contig2793	379	11	5
D3520.contig2794	379	11	3
D3520.contig2795	379	14	2
D3520.contig2796	379	2891	61
D3520.contig2797	379	22	1
D3520.contig2798	379	14	4
D3520.contig2799	378	9	1
D3520.contig2800	378	11	3
D3520.contig2801	378	12	7
D3520.contig2802	378	11	7
D3520.contig2803	378	25	4
D3520.contig2804	378	13	2
D3520.contig2805	378	16	7
D3520.contig2806	378	12	2
D3520.contig2807	377	13	5
D3520.contig2808	377	13	5
D3520.contig2809	377	14	4
D3520.contig2810	377	20	3
D3520.contig2811	377	10	6
D3520.contig2812	377	18	3
D3520.contig2813	377	7	5
D3520.contig2814	377	7	2
D3520.contig2815	377	15	10
D3520.contig2816	376	10	6
D3520.contig2817	376	12	2
D3520.contig2818	376	19	7
D3520.contig2819	376	11	5
D3520.contig2820	376	14	10
D3520.contig2821	376	16	4
D3520.contig2822	376	15	5
D3520.contig2823	375	9	5
D3520.contig2824	375	8	6
D3520.contig2825	375	20	10
D3520.contig2826	375	21	3
D3520.contig2827	375	9	5
D3520.contig2828	375	14	6
D3520.contig2829	375	8	6
D3520.contig2830	375	9	5
D3520.contig2831	375	42730	5208
D3520.contig2832	375	11	5
D3520.contig2833	374	11	3
D3520.contig2834	374	15	5
D3520.contig2835	374	10	6
D3520.contig2836	374	25	1
D3520.contig2837	374	15	1
D3520.contig2838	373	15	4
D3520.contig2839	373	16	2
D3520.contig2840	373	9	5
D3520.contig2841	373	17	4
D3520.contig2842	373	17	10
D3520.contig2843	373	13	6
D3520.contig2844	373	19	1
D3520.contig2845	373	6	3
D3520.contig2846	373	13	7
D3520.contig2847	372	20	6
D3520.contig2848	372	15	7
D3520.contig2849	372	12	4
D3520.contig2850	372	19	9
D3520.contig2851	372	12	6
D3520.contig2852	372	23	6
D3520.contig2853	372	10	5
D3520.contig2854	372	14	6
D3520.contig2855	372	22	8
D3520.contig2856	372	4	4
D3520.contig2857	371	5	3
D3520.contig2858	371	19	5
D3520.contig2859	371	20	2
D3520.contig2860	371	10	4
D3520.contig2861	371	7	4
D3520.contig2862	371	15	9
D3520.contig2863	371	17	4
D3520.contig2864	371	9	5
D3520.contig2865	371	7	5
D3520.contig2866	371	9	3
D3520.contig2867	370	12	7
D3520.contig2868	370	12	5
D3520.contig2869	370	10	6
D3520.contig2870	369	16	8
D3520.contig2871	369	10	8
D3520.contig2872	369	10	6
D3520.contig2873	369	17	5
D3520.contig2874	369	13	3
D3520.contig2875	369	15	5
D3520.contig2876	369	18	5
D3520.contig2877	369	11	3
D3520.contig2878	369	14	9
D3520.contig2879	369	10	4
D3520.contig2880	368	16	3
D3520.contig2881	368	8	6
D3520.contig2882	368	13	5
D3520.contig2883	368	18	2
D3520.contig2884	368	14	4
D3520.contig2885	368	4	4
D3520.contig2886	368	2470	74
D3520.contig2887	368	13	6
D3520.contig2888	368	7	5
D3520.contig2889	367	22	7
D3520.contig2890	367	8	4
D3520.contig2891	367	17	8
D3520.contig2892	367	11	2
D3520.contig2893	367	7	5
D3520.contig2894	367	15	9
D3520.contig2895	366	27	3
D3520.contig2896	366	10	2
D3520.contig2897	366	13	10
D3520.contig2898	366	24	4
D3520.contig2899	366	7	4
D3520.contig2900	366	12	6
D3520.contig2901	366	12	6
D3520.contig2902	366	17	6
D3520.contig2903	366	7	3
D3520.contig2904	366	9	7
D3520.contig2905	366	10	8
D3520.contig2906	366	14	8
D3520.contig2907	366	21	4
D3520.contig2908	366	22	2
D3520.contig2909	365	21	10
D3520.contig2910	365	20	6
D3520.contig2911	365	4	4
D3520.contig2912	365	14	1
D3520.contig2913	365	11	4
D3520.contig2914	365	10	8
D3520.contig2915	365	15	5
D3520.contig2916	365	9	3
D3520.contig2917	365	25	4
D3520.contig2918	365	14	6
D3520.contig2919	364	83	12
D3520.contig2920	364	18	4
D3520.contig2921	364	12	7
D3520.contig2922	364	4	4
D3520.contig2923	364	5	1
D3520.contig2924	364	14	3
D3520.contig2925	363	14	5
D3520.contig2926	363	11	5
D3520.contig2927	363	12	4
D3520.contig2928	363	11	4
D3520.contig2929	363	21	6
D3520.contig2930	363	9	5
D3520.contig2931	363	5	5
D3520.contig2932	363	12	8
D3520.contig2933	363	15	4
D3520.contig2934	363	12	2
D3520.contig2935	363	17	9
D3520.contig2936	363	9	5
D3520.contig2937	363	10	2
D3520.contig2938	362	10	7
D3520.contig2939	362	8	4
D3520.contig2940	362	12	2
D3520.contig2941	362	9	5
D3520.contig2942	362	9	6
D3520.contig2943	362	10	4
D3520.contig2944	362	17	6
D3520.contig2945	362	10	6
D3520.contig2946	362	5	5
D3520.contig2947	362	12	3
D3520.contig2948	361	20	3
D3520.contig2949	361	8	5
D3520.contig2950	361	16	3
D3520.contig2951	361	13	5
D3520.contig2952	361	10	10
D3520.contig2953	361	21	5
D3520.contig2954	361	15	4
D3520.contig2955	361	7	3
D3520.contig2956	361	7	4
D3520.contig2957	361	8	4
D3520.contig2958	361	46113	4726
D3520.contig2959	361	12	7
D3520.contig2960	361	8	2
D3520.contig2961	361	13	6
D3520.contig2962	360	10	4
D3520.contig2963	360	4	3
D3520.contig2964	360	11	2
D3520.contig2965	360	12	4
D3520.contig2966	360	13	13
D3520.contig2967	360	22	9
D3520.contig2968	360	8	4
D3520.contig2969	359	8	8
D3520.contig2970	359	7	7
D3520.contig2971	359	18	1
D3520.contig2972	359	10	4
D3520.contig2973	359	9	8
D3520.contig2974	359	17	7
D3520.contig2975	359	10	8
D3520.contig2976	359	7	5
D3520.contig2977	358	12	5
D3520.contig2978	358	9	5
D3520.contig2979	358	15	2
D3520.contig2980	358	9	5
D3520.contig2981	358	12	5
D3520.contig2982	358	20	9
D3520.contig2983	358	15	4
D3520.contig2984	358	12	5
D3520.contig2985	358	17	5
D3520.contig2986	358	11	8
D3520.contig2987	358	20	5
D3520.contig2988	358	9	4
D3520.contig2989	358	10	6
D3520.contig2990	357	32	4
D3520.contig2991	357	9	2
D3520.contig2992	357	6	6
D3520.contig2993	357	17	5
D3520.contig2994	357	7	3
D3520.contig2995	357	17	6
D3520.contig2996	357	14	9
D3520.contig2997	357	10	2
D3520.contig2998	356	10	4
D3520.contig2999	356	10	1
D3520.contig3000	356	11	7
D3520.contig3001	356	10	5
D3520.contig3002	356	24	2
D3520.contig3003	356	10	6
D3520.contig3004	356	10	5
D3520.contig3005	356	17	3
D3520.contig3006	356	15	7
D3520.contig3007	356	11	6
D3520.contig3008	356	10	8
D3520.contig3009	356	15	6
D3520.contig3010	356	13	8
D3520.contig3011	356	8	4
D3520.contig3012	355	13	3
D3520.contig3013	355	11	3
D3520.contig3014	355	12	2
D3520.contig3015	355	16	10
D3520.contig3016	355	16	7
D3520.contig3017	355	20	6
D3520.contig3018	355	18	11
D3520.contig3019	354	6	4
D3520.contig3020	354	12	6
D3520.contig3021	354	16	5
D3520.contig3022	354	7	5
D3520.contig3023	354	17	5
D3520.contig3024	354	8	7
D3520.contig3025	353	19	5
D3520.contig3026	353	8	4
D3520.contig3027	353	10	5
D3520.contig3028	353	7	3
D3520.contig3029	353	10	2
D3520.contig3030	353	7	7
D3520.contig3031	353	11	6
D3520.contig3032	353	17	5
D3520.contig3033	353	11	3
D3520.contig3034	353	14	8
D3520.contig3035	352	10	4
D3520.contig3036	352	10	8
D3520.contig3037	352	7	5
D3520.contig3038	352	15	11
D3520.contig3039	352	7	7
D3520.contig3040	352	12	5
D3520.contig3041	352	12	4
D3520.contig3042	352	7	5
D3520.contig3043	352	10	4
D3520.contig3044	352	13	7
D3520.contig3045	351	10	5
D3520.contig3046	351	15	3
D3520.contig3047	351	12	2
D3520.contig3048	351	14	6
D3520.contig3049	351	13	4
D3520.contig3050	351	19	3
D3520.contig3051	351	9	9
D3520.contig3052	351	6	4
D3520.contig3053	351	14	5
D3520.contig3054	351	744	123
D3520.contig3055	351	13	9
D3520.contig3056	351	8	6
D3520.contig3057	350	10	5
D3520.contig3058	350	10	6
D3520.contig3059	350	11	7
D3520.contig3060	350	8	4
D3520.contig3061	350	15	4
D3520.contig3062	350	20	7
D3520.contig3063	350	11	7
D3520.contig3064	349	28	12
D3520.contig3065	349	14	11
D3520.contig3066	349	1683	81
D3520.contig3067	349	4	4
D3520.contig3068	349	22	2
D3520.contig3069	349	9	6
D3520.contig3070	349	5	5
D3520.contig3071	349	17	1
D3520.contig3072	349	9	7
D3520.contig3073	349	9	5
D3520.contig3074	348	7	3
D3520.contig3075	348	6	5
D3520.contig3076	348	27	3
D3520.contig3077	348	7	5
D3520.contig3078	348	121	5
D3520.contig3079	348	13	5
D3520.contig3080	348	15	6
D3520.contig3081	348	16	4
D3520.contig3082	348	8	4
D3520.contig3083	348	22	3
D3520.contig3084	348	32	4
D3520.contig3085	347	10	4
D3520.contig3086	347	13	3
D3520.contig3087	347	10	6
D3520.contig3088	347	6	4
D3520.contig3089	347	1316	50
D3520.contig3090	347	15	11
D3520.contig3091	347	7	7
D3520.contig3092	347	12	1
D3520.contig3093	347	11	8
D3520.contig3094	346	14	4
D3520.contig3095	346	16	4
D3520.contig3096	346	15	5
D3520.contig3097	346	14	5
D3520.contig3098	346	15	5
D3520.contig3099	346	15	2
D3520.contig3100	346	11	5
D3520.contig3101	346	8	4
D3520.contig3102	346	7	5
D3520.contig3103	346	16	3
D3520.contig3104	346	13	9
D3520.contig3105	346	7	3
D3520.contig3106	345	8	6
D3520.contig3107	345	9	5
D3520.contig3108	345	19	0
D3520.contig3109	345	14	6
D3520.contig3110	345	10	6
D3520.contig3111	345	17	7
D3520.contig3112	345	24	8
D3520.contig3113	345	7	3
D3520.contig3114	345	9	6
D3520.contig3115	345	16	2
D3520.contig3116	344	8	5
D3520.contig3117	344	7	5
D3520.contig3118	344	13	3
D3520.contig3119	344	10	2
D3520.contig3120	344	9	7
D3520.contig3121	344	14	6
D3520.contig3122	344	10	6
D3520.contig3123	344	13	7
D3520.contig3124	344	6	2
D3520.contig3125	344	14	8
D3520.contig3126	344	17	5
D3520.contig3127	343	16	3
D3520.contig3128	343	14	5
D3520.contig3129	343	14	2
D3520.contig3130	343	13	5
D3520.contig3131	343	20	8
D3520.contig3132	343	9	2
D3520.contig3133	343	249	4
D3520.contig3134	343	11	4
D3520.contig3135	343	19	2
D3520.contig3136	343	13	8
D3520.contig3137	343	11	5
D3520.contig3138	343	14	6
D3520.contig3139	342	12	5
D3520.contig3140	342	12	5
D3520.contig3141	342	22	8
D3520.contig3142	342	17	2
D3520.contig3143	342	8	2
D3520.contig3144	342	11	5
D3520.contig3145	342	12	4
D3520.contig3146	342	5	3
D3520.contig3147	342	11	2
D3520.contig3148	342	9	5
D3520.contig3149	342	12	5
D3520.contig3150	342	7	3
D3520.contig3151	342	12	8
D3520.contig3152	341	12	6
D3520.contig3153	341	15	7
D3520.contig3154	341	5	3
D3520.contig3155	341	11	6
D3520.contig3156	341	7	3
D3520.contig3157	341	5	5
D3520.contig3158	341	6	6
D3520.contig3159	341	9	7
D3520.contig3160	341	7	6
D3520.contig3161	340	15	5
D3520.contig3162	340	10	5
D3520.contig3163	340	7	5
D3520.contig3164	340	11	3
D3520.contig3165	340	9	7
D3520.contig3166	340	7	5
D3520.contig3167	340	9	4
D3520.contig3168	340	8	4
D3520.contig3169	340	9	3
D3520.contig3170	340	4	2
D3520.contig3171	340	26	3
D3520.contig3172	340	13	9
D3520.contig3173	340	13	3
D3520.contig3174	340	8	8
D3520.contig3175	339	7	1
D3520.contig3176	339	11	4
D3520.contig3177	339	10	7
D3520.contig3178	339	9	3
D3520.contig3179	339	13	5
D3520.contig3180	339	13	3
D3520.contig3181	338	9	5
D3520.contig3182	338	8	6
D3520.contig3183	338	11	3
D3520.contig3184	338	4	2
D3520.contig3185	338	15	2
D3520.contig3186	338	13	7
D3520.contig3187	338	5	5
D3520.contig3188	338	4	4
D3520.contig3189	338	12	6
D3520.contig3190	338	13	7
D3520.contig3191	337	7	7
D3520.contig3192	337	10	2
D3520.contig3193	337	274	8
D3520.contig3194	337	10	8
D3520.contig3195	337	10	5
D3520.contig3196	336	10	1
D3520.contig3197	336	13	7
D3520.contig3198	336	11	7
D3520.contig3199	336	11	7
D3520.contig3200	336	11	6
D3520.contig3201	336	17	10
D3520.contig3202	336	19	4
D3520.contig3203	336	16	12
D3520.contig3204	335	7	5
D3520.contig3205	335	7	3
D3520.contig3206	335	14	7
D3520.contig3207	335	8	5
D3520.contig3208	335	5	4
D3520.contig3209	335	9	6
D3520.contig3210	335	10	5
D3520.contig3211	335	15	5
D3520.contig3212	335	8	5
D3520.contig3213	335	11	7
D3520.contig3214	335	13	4
D3520.contig3215	335	4	2
D3520.contig3216	335	16	3
D3520.contig3217	334	14	6
D3520.contig3218	334	9	5
D3520.contig3219	334	17	9
D3520.contig3220	334	18	8
D3520.contig3221	334	14	7
D3520.contig3222	334	8	3
D3520.contig3223	334	17	5
D3520.contig3224	334	5	3
D3520.contig3225	334	10	4
D3520.contig3226	334	7	3
D3520.contig3227	333	7	5
D3520.contig3228	333	7	7
D3520.contig3229	333	9	5
D3520.contig3230	333	11	7
D3520.contig3231	333	7	6
D3520.contig3232	333	5	1
D3520.contig3233	333	11	9
D3520.contig3234	333	5	5
D3520.contig3235	333	15	7
D3520.contig3236	333	12	6
D3520.contig3237	332	19	2
D3520.contig3238	332	10	1
D3520.contig3239	332	8	4
D3520.contig3240	332	10	6
D3520.contig3241	332	12	3
D3520.contig3242	332	15	9
D3520.contig3243	332	10	4
D3520.contig3244	331	17	3
D3520.contig3245	331	16	7
D3520.contig3246	331	13	11
D3520.contig3247	331	11	3
D3520.contig3248	331	13	7
D3520.contig3249	331	25	5
D3520.contig3250	331	11	5
D3520.contig3251	331	11	5
D3520.contig3252	331	20	4
D3520.contig3253	331	11	6
D3520.contig3254	331	11	1
D3520.contig3255	331	7	3
D3520.contig3256	331	7	5
D3520.contig3257	331	18	6
D3520.contig3258	331	4	4
D3520.contig3259	331	13	7
D3520.contig3260	330	7	3
D3520.contig3261	330	12	6
D3520.contig3262	330	8	3
D3520.contig3263	330	10	3
D3520.contig3264	330	9	5
D3520.contig3265	330	14	4
D3520.contig3266	330	15	3
D3520.contig3267	330	9	7
D3520.contig3268	330	8	4
D3520.contig3269	330	25	4
D3520.contig3270	329	6	6
D3520.contig3271	329	9	3
D3520.contig3272	329	5	3
D3520.contig3273	329	5	5
D3520.contig3274	329	12	4
D3520.contig3275	329	8	8
D3520.contig3276	329	13	9
D3520.contig3277	329	19	7
D3520.contig3278	328	7	5
D3520.contig3279	328	6	4
D3520.contig3280	328	150	14
D3520.contig3281	328	6	2
D3520.contig3282	328	11	3
D3520.contig3283	328	12	4
D3520.contig3284	328	14	4
D3520.contig3285	328	11	5
D3520.contig3286	328	23	8
D3520.contig3287	328	7	4
D3520.contig3288	327	9	4
D3520.contig3289	327	7	5
D3520.contig3290	327	21	4
D3520.contig3291	327	9	3
D3520.contig3292	327	4034	509
D3520.contig3293	327	10	4
D3520.contig3294	327	15	13
D3520.contig3295	327	6	6
D3520.contig3296	327	10	5
D3520.contig3297	326	16	10
D3520.contig3298	326	19	8
D3520.contig3299	326	5	3
D3520.contig3300	326	16	11
D3520.contig3301	326	16	1
D3520.contig3302	326	6	4
D3520.contig3303	326	4	4
D3520.contig3304	326	8	2
D3520.contig3305	326	6	4
D3520.contig3306	326	10	4
D3520.contig3307	325	5	5
D3520.contig3308	325	7	3
D3520.contig3309	325	20	2
D3520.contig3310	325	11	1
D3520.contig3311	325	13	2
D3520.contig3312	325	6	3
D3520.contig3313	325	10	6
D3520.contig3314	325	9	7
D3520.contig3315	325	21	5
D3520.contig3316	325	13	6
D3520.contig3317	325	8	6
D3520.contig3318	325	10	6
D3520.contig3319	324	9	5
D3520.contig3320	324	5	5
D3520.contig3321	324	10	5
D3520.contig3322	324	6	4
D3520.contig3323	324	23	5
D3520.contig3324	324	8	3
D3520.contig3325	324	13	7
D3520.contig3326	324	21	9
D3520.contig3327	324	6	4
D3520.contig3328	324	9	4
D3520.contig3329	324	16	3
D3520.contig3330	323	14	2
D3520.contig3331	323	16	8
D3520.contig3332	323	9	5
D3520.contig3333	323	10	6
D3520.contig3334	323	11	8
D3520.contig3335	323	8	6
D3520.contig3336	323	19	6
D3520.contig3337	323	9	7
D3520.contig3338	323	13	5
D3520.contig3339	323	12	10
D3520.contig3340	322	4	2
D3520.contig3341	322	13	5
D3520.contig3342	322	9	5
D3520.contig3343	322	8	2
D3520.contig3344	322	5	5
D3520.contig3345	322	11	6
D3520.contig3346	322	6	2
D3520.contig3347	322	18	7
D3520.contig3348	322	6	3
D3520.contig3349	322	7	3
D3520.contig3350	322	14	4
D3520.contig3351	322	8	4
D3520.contig3352	322	11	7
D3520.contig3353	321	13	9
D3520.contig3354	321	11	2
D3520.contig3355	321	9	2
D3520.contig3356	321	15	5
D3520.contig3357	321	20	8
D3520.contig3358	321	6	4
D3520.contig3359	321	12	4
D3520.contig3360	321	8	8
D3520.contig3361	321	15	7
D3520.contig3362	321	12	6
D3520.contig3363	320	14	6
D3520.contig3364	320	9	5
D3520.contig3365	320	6	4
D3520.contig3366	320	10	8
D3520.contig3367	320	11	3
D3520.contig3368	320	12	8
D3520.contig3369	320	8	4
D3520.contig3370	320	9	7
D3520.contig3371	319	9	5
D3520.contig3372	319	17	6
D3520.contig3373	319	7	3
D3520.contig3374	319	6	4
D3520.contig3375	319	19	9
D3520.contig3376	319	7	3
D3520.contig3377	319	10	8
D3520.contig3378	319	12	6
D3520.contig3379	319	13	5
D3520.contig3380	319	19	1
D3520.contig3381	319	12	3
D3520.contig3382	319	7	7
D3520.contig3383	319	12	7
D3520.contig3384	318	12	5
D3520.contig3385	318	21	4
D3520.contig3386	318	6	5
D3520.contig3387	318	30	1
D3520.contig3388	318	12	4
D3520.contig3389	318	14	2
D3520.contig3390	318	27	6
D3520.contig3391	318	22	3
D3520.contig3392	318	7	6
D3520.contig3393	317	10	5
D3520.contig3394	317	9	1
D3520.contig3395	317	23	9
D3520.contig3396	317	19	3
D3520.contig3397	317	12	10
D3520.contig3398	317	8	1
D3520.contig3399	317	11	6
D3520.contig3400	317	10	4
D3520.contig3401	317	10	2
D3520.contig3402	317	8	4
D3520.contig3403	317	10	5
D3520.contig3404	316	12	2
D3520.contig3405	316	16	1
D3520.contig3406	316	7	7
D3520.contig3407	316	12	6
D3520.contig3408	316	6	2
D3520.contig3409	316	12	3
D3520.contig3410	316	16	3
D3520.contig3411	316	12	3
D3520.contig3412	316	13	8
D3520.contig3413	316	190	6
D3520.contig3414	316	21	5
D3520.contig3415	315	119	13
D3520.contig3416	315	8	4
D3520.contig3417	315	7	3
D3520.contig3418	315	12	8
D3520.contig3419	315	16	4
D3520.contig3420	315	10	2
D3520.contig3421	315	10	8
D3520.contig3422	315	7	5
D3520.contig3423	315	9	5
D3520.contig3424	315	5	5
D3520.contig3425	315	10	10
D3520.contig3426	314	9	5
D3520.contig3427	314	13	7
D3520.contig3428	314	16	2
D3520.contig3429	314	13	3
D3520.contig3430	314	9	6
D3520.contig3431	314	11	5
D3520.contig3432	314	9	7
D3520.contig3433	314	9	5
D3520.contig3434	314	11	9
D3520.contig3435	314	10	3
D3520.contig3436	313	16	4
D3520.contig3437	313	8	4
D3520.contig3438	313	6	6
D3520.contig3439	313	4	1
D3520.contig3440	313	8	6
D3520.contig3441	313	12	8
D3520.contig3442	313	22	8
D3520.contig3443	313	7	4
D3520.contig3444	313	13	12
D3520.contig3445	313	13	6
D3520.contig3446	313	8	2
D3520.contig3447	313	5	5
D3520.contig3448	313	10	2
D3520.contig3449	313	8	4
D3520.contig3450	312	12	0
D3520.contig3451	312	9	7
D3520.contig3452	312	8	6
D3520.contig3453	312	13	7
D3520.contig3454	312	8	4
D3520.contig3455	312	20	13
D3520.contig3456	312	11	4
D3520.contig3457	312	8	4
D3520.contig3458	312	14	3
D3520.contig3459	311	10	5
D3520.contig3460	311	13	3
D3520.contig3461	311	8	4
D3520.contig3462	311	21	8
D3520.contig3463	311	11	8
D3520.contig3464	311	9	5
D3520.contig3465	311	16	3
D3520.contig3466	311	11	6
D3520.contig3467	311	8	6
D3520.contig3468	311	10	8
D3520.contig3469	311	5	3
D3520.contig3470	311	14	2
D3520.contig3471	311	21	0
D3520.contig3472	311	9	7
D3520.contig3473	311	13	1
D3520.contig3474	311	14	8
D3520.contig3475	311	15	7
D3520.contig3476	310	16	5
D3520.contig3477	310	4	4
D3520.contig3478	310	24	3
D3520.contig3479	310	271	22
D3520.contig3480	310	9	4
D3520.contig3481	310	8	3
D3520.contig3482	310	7	3
D3520.contig3483	310	11	7
D3520.contig3484	310	9	4
D3520.contig3485	310	10	4
D3520.contig3486	310	12	9
D3520.contig3487	310	10	6
D3520.contig3488	310	11	2
D3520.contig3489	310	14	7
D3520.contig3490	310	9	5
D3520.contig3491	310	9	5
D3520.contig3492	310	14	6
D3520.contig3493	310	11	7
D3520.contig3494	310	19	5
D3520.contig3495	309	10	6
D3520.contig3496	309	10	8
D3520.contig3497	309	5	5
D3520.contig3498	309	5	5
D3520.contig3499	309	5	3
D3520.contig3500	309	6	4
D3520.contig3501	309	8	3
D3520.contig3502	309	15	12
D3520.contig3503	309	4	2
D3520.contig3504	309	10	4
D3520.contig3505	309	8	5
D3520.contig3506	309	4	4
D3520.contig3507	309	9	7
D3520.contig3508	309	8	4
D3520.contig3509	308	7	5
D3520.contig3510	308	6	2
D3520.contig3511	308	17	1
D3520.contig3512	308	5	5
D3520.contig3513	308	15	8
D3520.contig3514	308	10	6
D3520.contig3515	308	11	11
D3520.contig3516	308	6	5
D3520.contig3517	308	8	4
D3520.contig3518	307	5	3
D3520.contig3519	307	9	3
D3520.contig3520	307	9	3
D3520.contig3521	307	57218	1933
D3520.contig3522	307	13	5
D3520.contig3523	307	13	2
D3520.contig3524	307	9	7
D3520.contig3525	307	11	6
D3520.contig3526	307	9	7
D3520.contig3527	307	11	3
D3520.contig3528	307	5	4
D3520.contig3529	307	9	4
D3520.contig3530	307	6	6
D3520.contig3531	307	6	3
D3520.contig3532	307	7	5
D3520.contig3533	306	8	2
D3520.contig3534	306	15	9
D3520.contig3535	306	14	6
D3520.contig3536	306	10	2
D3520.contig3537	306	10	7
D3520.contig3538	306	13	6
D3520.contig3539	306	15	3
D3520.contig3540	306	9	1
D3520.contig3541	306	7	7
D3520.contig3542	306	11	4
D3520.contig3543	306	19	5
D3520.contig3544	306	6	6
D3520.contig3545	306	9	7
D3520.contig3546	306	10	4
D3520.contig3547	305	6	4
D3520.contig3548	305	13	6
D3520.contig3549	305	15	6
D3520.contig3550	305	8	6
D3520.contig3551	305	9	5
D3520.contig3552	305	4	4
D3520.contig3553	305	10	7
D3520.contig3554	305	13	3
D3520.contig3555	304	11	4
D3520.contig3556	304	11	4
D3520.contig3557	304	12	3
D3520.contig3558	304	10	7
D3520.contig3559	304	6	6
D3520.contig3560	304	16	5
D3520.contig3561	304	10	4
D3520.contig3562	304	14	8
D3520.contig3563	304	12	3
D3520.contig3564	304	7	5
D3520.contig3565	304	9	3
D3520.contig3566	304	15	6
D3520.contig3567	304	7	5
D3520.contig3568	304	9	3
D3520.contig3569	304	16	6
D3520.contig3570	304	9	6
D3520.contig3571	304	6	5
D3520.contig3572	304	4	3
D3520.contig3573	304	11	2
D3520.contig3574	304	12	3
D3520.contig3575	304	13	7
D3520.contig3576	304	10	2
D3520.contig3577	303	11	7
D3520.contig3578	303	7	5
D3520.contig3579	303	8	4
D3520.contig3580	303	5	5
D3520.contig3581	303	9	9
D3520.contig3582	303	9	5
D3520.contig3583	303	7	3
D3520.contig3584	303	10	3
D3520.contig3585	303	7	4
D3520.contig3586	303	19	8
D3520.contig3587	303	9	3
D3520.contig3588	303	13	7
D3520.contig3589	303	8	4
D3520.contig3590	303	10	1
D3520.contig3591	302	12	7
D3520.contig3592	302	6	2
D3520.contig3593	302	38	10
D3520.contig3594	302	4	2
D3520.contig3595	302	9	3
D3520.contig3596	302	6	4
D3520.contig3597	302	8	2
D3520.contig3598	302	7	5
D3520.contig3599	302	56892	10187
D3520.contig3600	302	12	1
D3520.contig3601	302	7	3
D3520.contig3602	302	8	4
D3520.contig3603	302	7	6
D3520.contig3604	302	23700	3755
D3520.contig3605	302	16203	3471
D3520.contig3606	302	17	7
D3520.contig3607	302	12	4
D3520.contig3608	302	14	2
D3520.contig3609	302	5	5
D3520.contig3610	302	22	3
D3520.contig3611	301	4	4
D3520.contig3612	301	6	6
D3520.contig3613	301	5	3
D3520.contig3614	301	4	4
D3520.contig3615	301	3	3
D3520.contig3616	301	9	5
D3520.contig3617	301	13	3
D3520.contig3618	301	10	5
D3520.contig3619	301	9	3
D3520.contig3620	301	7	5
D3520.contig3621	301	8	1
D3520.contig3622	301	6	4
D3520.contig3623	301	9	5
D3520.contig3624	301	5	4
D3520.contig3625	301	6	4
D3520.contig3626	301	6	4
D3520.contig3627	300	6	2
D3520.contig3628	300	8	6
D3520.contig3629	300	5874	745
D3520.contig3630	300	8	2
D3520.contig3631	300	7	3
D3520.contig3632	300	10	3
D3520.contig3633	300	6	3
D3520.contig3634	300	6	2
D3520.contig3635	300	7	3
D3520.contig3636	300	9	7
D3520.contig3637	300	6	6
D3520.contig3638	300	7	2
*	0	0	168254
