D3750.contig1	45917	4777986	99313
D3750.contig2	37179	840	46
D3750.contig3	31252	10	2
D3750.contig4	27569	16	0
D3750.contig5	27441	105576	2574
D3750.contig6	21600	1520	1294
D3750.contig7	19758	1	1
D3750.contig8	18718	0	0
D3750.contig9	18623	7993	2420
D3750.contig10	17808	2	0
D3750.contig11	15388	580	454
D3750.contig12	12634	67426	13793
D3750.contig13	12015	0	0
D3750.contig14	11961	27	7
D3750.contig15	11646	0	0
D3750.contig16	11582	244	26
D3750.contig17	11078	60	8
D3750.contig18	11022	1	1
D3750.contig19	10940	8	4
D3750.contig20	10877	0	0
D3750.contig21	10625	290	5
D3750.contig22	10405	71	11
D3750.contig23	10367	31168	5620
D3750.contig24	10197	403	130
D3750.contig25	10166	115	8
D3750.contig26	9342	0	0
D3750.contig27	9284	986	27
D3750.contig28	9171	0	0
D3750.contig29	9146	1485	264
D3750.contig30	8106	0	0
D3750.contig31	7910	1	1
D3750.contig32	7893	24	4
D3750.contig33	7833	3421	2370
D3750.contig34	7674	0	0
D3750.contig35	7456	4	0
D3750.contig36	7287	0	0
D3750.contig37	7156	29	5
D3750.contig38	7099	0	0
D3750.contig39	7021	6250	177
D3750.contig40	7006	4279	108
D3750.contig41	6754	0	0
D3750.contig42	6725	83553	18697
D3750.contig43	6602	0	0
D3750.contig44	6358	0	0
D3750.contig45	6311	2	0
D3750.contig46	6247	17084	9962
D3750.contig47	5789	0	0
D3750.contig48	5665	49	21
D3750.contig49	5621	8	8
D3750.contig50	5518	42	7
D3750.contig51	5442	616	31
D3750.contig52	5442	5936	1087
D3750.contig53	5346	0	0
D3750.contig54	5169	1	0
D3750.contig55	5137	0	0
D3750.contig56	5123	978	61
D3750.contig57	4985	0	0
D3750.contig58	4868	2706	625
D3750.contig59	4835	26	0
D3750.contig60	4786	0	0
D3750.contig61	4783	0	0
D3750.contig62	4694	0	0
D3750.contig63	4629	1771	39
D3750.contig64	4624	51	4
D3750.contig65	4563	131	27
D3750.contig66	4529	2	0
D3750.contig67	4463	5487	147
D3750.contig68	4309	6	1
D3750.contig69	4276	316	33
D3750.contig70	4126	0	0
D3750.contig71	4093	20	2
D3750.contig72	4056	21	7
D3750.contig73	4013	0	0
D3750.contig74	3992	0	0
D3750.contig75	3945	0	0
D3750.contig76	3944	12	12
D3750.contig77	3764	1	1
D3750.contig78	3563	0	0
D3750.contig79	3544	6	2
D3750.contig80	3497	0	0
D3750.contig81	3447	33	3
D3750.contig82	3371	1706	212
D3750.contig83	3336	0	0
D3750.contig84	3319	0	0
D3750.contig85	3260	763	22
D3750.contig86	3129	6	6
D3750.contig87	3095	0	0
D3750.contig88	3083	134	30
D3750.contig89	3037	24005	2377
D3750.contig90	3017	84	21
D3750.contig91	3007	0	0
D3750.contig92	2933	60	1
D3750.contig93	2877	714	41
D3750.contig94	2841	0	0
D3750.contig95	2817	312	47
D3750.contig96	2804	58	3
D3750.contig97	2786	4422	136
D3750.contig98	2785	0	0
D3750.contig99	2653	0	0
D3750.contig100	2614	0	0
D3750.contig101	2584	266	252
D3750.contig102	2534	0	0
D3750.contig103	2499	0	0
D3750.contig104	2477	47	2
D3750.contig105	2467	277452	109426
D3750.contig106	2439	1	0
D3750.contig107	2435	1307	110
D3750.contig108	2428	0	0
D3750.contig109	2398	986	87
D3750.contig110	2362	15	6
D3750.contig111	2359	158	9
D3750.contig112	2299	473	12
D3750.contig113	2292	937	30
D3750.contig114	2239	205	62
D3750.contig115	2212	22	1
D3750.contig116	2204	3971	1636
D3750.contig117	2177	16121	5902
D3750.contig118	2168	60	2
D3750.contig119	2158	0	0
D3750.contig120	2117	0	0
D3750.contig121	2088	6	6
D3750.contig122	2083	209	66
D3750.contig123	2075	0	0
D3750.contig124	2068	0	0
D3750.contig125	2066	694	30
D3750.contig126	2061	1	1
D3750.contig127	2035	10	1
D3750.contig128	1997	8	0
D3750.contig129	1986	9	9
D3750.contig130	1976	0	0
D3750.contig131	1938	297	263
D3750.contig132	1933	6	0
D3750.contig133	1933	0	0
D3750.contig134	1933	215	9
D3750.contig135	1870	2	0
D3750.contig136	1846	0	0
D3750.contig137	1788	15	2
D3750.contig138	1769	0	0
D3750.contig139	1703	1	1
D3750.contig140	1697	0	0
D3750.contig141	1679	3	3
D3750.contig142	1677	0	0
D3750.contig143	1670	4	4
D3750.contig144	1665	6	4
D3750.contig145	1663	10	0
D3750.contig146	1657	77	13
D3750.contig147	1650	0	0
D3750.contig148	1646	0	0
D3750.contig149	1642	0	0
D3750.contig150	1622	12	0
D3750.contig151	1612	16	7
D3750.contig152	1608	664	113
D3750.contig153	1590	2	0
D3750.contig154	1575	45	9
D3750.contig155	1557	2	0
D3750.contig156	1551	0	0
D3750.contig157	1547	0	0
D3750.contig158	1520	0	0
D3750.contig159	1507	0	0
D3750.contig160	1496	180	43
D3750.contig161	1484	0	0
D3750.contig162	1466	43492	4634
D3750.contig163	1441	2	2
D3750.contig164	1418	1	1
D3750.contig165	1388	4	0
D3750.contig166	1326	4	0
D3750.contig167	1325	431	34
D3750.contig168	1307	0	0
D3750.contig169	1287	0	0
D3750.contig170	1280	0	0
D3750.contig171	1280	0	0
D3750.contig172	1276	0	0
D3750.contig173	1275	1	1
D3750.contig174	1257	95	10
D3750.contig175	1235	0	0
D3750.contig176	1227	2	0
D3750.contig177	1209	3	0
D3750.contig178	1203	0	0
D3750.contig179	1192	40	6
D3750.contig180	1186	0	0
D3750.contig181	1179	0	0
D3750.contig182	1158	1	1
D3750.contig183	1155	0	0
D3750.contig184	1154	0	0
D3750.contig185	1138	0	0
D3750.contig186	1136	0	0
D3750.contig187	1133	0	0
D3750.contig188	1060	6	0
D3750.contig189	1055	0	0
D3750.contig190	1055	63	42
D3750.contig191	1050	0	0
D3750.contig192	1048	17	2
D3750.contig193	1038	483	51
D3750.contig194	1034	0	0
D3750.contig195	1027	0	0
D3750.contig196	1024	0	0
D3750.contig197	1022	0	0
D3750.contig198	1016	0	0
D3750.contig199	1014	0	0
D3750.contig200	1001	0	0
D3750.contig201	997	0	0
D3750.contig202	995	0	0
D3750.contig203	993	0	0
D3750.contig204	987	0	0
D3750.contig205	969	0	0
D3750.contig206	964	0	0
D3750.contig207	962	0	0
D3750.contig208	953	0	0
D3750.contig209	952	61	55
D3750.contig210	944	0	0
D3750.contig211	944	0	0
D3750.contig212	943	8	1
D3750.contig213	936	0	0
D3750.contig214	927	67	64
D3750.contig215	925	0	0
D3750.contig216	924	0	0
D3750.contig217	924	72	9
D3750.contig218	913	2	2
D3750.contig219	912	0	0
D3750.contig220	909	66	21
D3750.contig221	908	1	1
D3750.contig222	907	0	0
D3750.contig223	898	852	224
D3750.contig224	898	0	0
D3750.contig225	897	0	0
D3750.contig226	895	1	1
D3750.contig227	891	0	0
D3750.contig228	891	0	0
D3750.contig229	888	0	0
D3750.contig230	886	19	1
D3750.contig231	879	0	0
D3750.contig232	876	1303	352
D3750.contig233	876	0	0
D3750.contig234	871	0	0
D3750.contig235	857	0	0
D3750.contig236	856	0	0
D3750.contig237	852	12	1
D3750.contig238	852	2212	744
D3750.contig239	850	0	0
D3750.contig240	848	0	0
D3750.contig241	841	0	0
D3750.contig242	837	1	1
D3750.contig243	837	0	0
D3750.contig244	834	3	1
D3750.contig245	833	63	26
D3750.contig246	827	0	0
D3750.contig247	823	4	4
D3750.contig248	822	0	0
D3750.contig249	820	0	0
D3750.contig250	817	0	0
D3750.contig251	808	0	0
D3750.contig252	806	0	0
D3750.contig253	806	0	0
D3750.contig254	802	0	0
D3750.contig255	797	0	0
D3750.contig256	795	0	0
D3750.contig257	795	0	0
D3750.contig258	794	0	0
D3750.contig259	787	0	0
D3750.contig260	784	174	39
D3750.contig261	781	5	3
D3750.contig262	764	0	0
D3750.contig263	762	0	0
D3750.contig264	757	2	0
D3750.contig265	750	627	191
D3750.contig266	741	0	0
D3750.contig267	739	1	1
D3750.contig268	737	0	0
D3750.contig269	733	0	0
D3750.contig270	731	764	8
D3750.contig271	731	4	2
D3750.contig272	731	0	0
D3750.contig273	727	0	0
D3750.contig274	726	2	0
D3750.contig275	726	4	2
D3750.contig276	721	0	0
D3750.contig277	717	98	78
D3750.contig278	716	0	0
D3750.contig279	714	0	0
D3750.contig280	713	0	0
D3750.contig281	711	1	1
D3750.contig282	711	13	1
D3750.contig283	703	0	0
D3750.contig284	702	0	0
D3750.contig285	702	1	1
D3750.contig286	701	0	0
D3750.contig287	700	0	0
D3750.contig288	699	13	3
D3750.contig289	697	3183	804
D3750.contig290	693	0	0
D3750.contig291	692	250	62
D3750.contig292	687	2	2
D3750.contig293	686	0	0
D3750.contig294	686	0	0
D3750.contig295	685	23	2
D3750.contig296	683	0	0
D3750.contig297	681	86	24
D3750.contig298	680	0	0
D3750.contig299	680	4	2
D3750.contig300	677	259	112
D3750.contig301	676	0	0
D3750.contig302	675	0	0
D3750.contig303	673	10	6
D3750.contig304	671	0	0
D3750.contig305	669	9	1
D3750.contig306	668	0	0
D3750.contig307	668	0	0
D3750.contig308	664	0	0
D3750.contig309	664	0	0
D3750.contig310	663	0	0
D3750.contig311	663	0	0
D3750.contig312	659	0	0
D3750.contig313	655	10	0
D3750.contig314	655	135	37
D3750.contig315	650	2	0
D3750.contig316	649	0	0
D3750.contig317	649	0	0
D3750.contig318	648	0	0
D3750.contig319	646	0	0
D3750.contig320	644	0	0
D3750.contig321	643	7	1
D3750.contig322	643	0	0
D3750.contig323	641	3	3
D3750.contig324	640	0	0
D3750.contig325	639	0	0
D3750.contig326	638	0	0
D3750.contig327	636	0	0
D3750.contig328	634	548	159
D3750.contig329	628	0	0
D3750.contig330	626	0	0
D3750.contig331	624	2	0
D3750.contig332	622	0	0
D3750.contig333	615	0	0
D3750.contig334	609	0	0
D3750.contig335	606	0	0
D3750.contig336	605	0	0
D3750.contig337	604	132	35
D3750.contig338	601	0	0
D3750.contig339	598	0	0
D3750.contig340	598	0	0
D3750.contig341	596	1	1
D3750.contig342	589	137	50
D3750.contig343	588	256	213
D3750.contig344	585	0	0
D3750.contig345	585	0	0
D3750.contig346	584	0	0
D3750.contig347	583	0	0
D3750.contig348	583	6	1
D3750.contig349	582	0	0
D3750.contig350	579	0	0
D3750.contig351	579	0	0
D3750.contig352	577	0	0
D3750.contig353	577	4	1
D3750.contig354	576	0	0
D3750.contig355	576	0	0
D3750.contig356	575	21225	11139
D3750.contig357	575	0	0
D3750.contig358	574	476	137
D3750.contig359	574	0	0
D3750.contig360	573	41	17
D3750.contig361	570	0	0
D3750.contig362	567	1	1
D3750.contig363	566	5	1
D3750.contig364	565	0	0
D3750.contig365	562	0	0
D3750.contig366	558	0	0
D3750.contig367	558	2	0
D3750.contig368	557	33	31
D3750.contig369	555	13779	9824
D3750.contig370	552	0	0
D3750.contig371	548	0	0
D3750.contig372	548	0	0
D3750.contig373	541	0	0
D3750.contig374	541	8	2
D3750.contig375	538	1	1
D3750.contig376	537	131	27
D3750.contig377	537	1	0
D3750.contig378	537	0	0
D3750.contig379	536	0	0
D3750.contig380	534	0	0
D3750.contig381	534	5	3
D3750.contig382	533	0	0
D3750.contig383	532	27	27
D3750.contig384	531	802	134
D3750.contig385	529	0	0
D3750.contig386	523	0	0
D3750.contig387	523	0	0
D3750.contig388	522	0	0
D3750.contig389	522	0	0
D3750.contig390	518	0	0
D3750.contig391	518	0	0
D3750.contig392	517	0	0
D3750.contig393	517	0	0
D3750.contig394	516	0	0
D3750.contig395	515	0	0
D3750.contig396	515	0	0
D3750.contig397	514	0	0
D3750.contig398	514	0	0
D3750.contig399	514	0	0
D3750.contig400	513	0	0
D3750.contig401	513	0	0
D3750.contig402	512	0	0
D3750.contig403	512	3593	1499
D3750.contig404	512	0	0
D3750.contig405	511	0	0
D3750.contig406	511	0	0
D3750.contig407	510	0	0
D3750.contig408	510	0	0
D3750.contig409	510	0	0
D3750.contig410	510	0	0
D3750.contig411	507	44	43
D3750.contig412	504	5	2
D3750.contig413	503	0	0
D3750.contig414	502	0	0
D3750.contig415	501	0	0
D3750.contig416	500	0	0
D3750.contig417	499	0	0
D3750.contig418	499	0	0
D3750.contig419	499	0	0
D3750.contig420	498	0	0
D3750.contig421	497	4	2
D3750.contig422	497	0	0
D3750.contig423	496	0	0
D3750.contig424	493	0	0
D3750.contig425	493	0	0
D3750.contig426	493	14	12
D3750.contig427	492	0	0
D3750.contig428	491	0	0
D3750.contig429	491	0	0
D3750.contig430	489	0	0
D3750.contig431	488	0	0
D3750.contig432	487	0	0
D3750.contig433	487	0	0
D3750.contig434	486	0	0
D3750.contig435	485	0	0
D3750.contig436	483	0	0
D3750.contig437	482	0	0
D3750.contig438	482	0	0
D3750.contig439	482	0	0
D3750.contig440	480	0	0
D3750.contig441	480	54	28
D3750.contig442	479	0	0
D3750.contig443	479	0	0
D3750.contig444	478	1	1
D3750.contig445	477	0	0
D3750.contig446	477	0	0
D3750.contig447	475	0	0
D3750.contig448	474	0	0
D3750.contig449	474	0	0
D3750.contig450	473	0	0
D3750.contig451	471	0	0
D3750.contig452	470	0	0
D3750.contig453	470	0	0
D3750.contig454	468	0	0
D3750.contig455	468	0	0
D3750.contig456	467	0	0
D3750.contig457	466	104	3
D3750.contig458	466	9	9
D3750.contig459	465	0	0
D3750.contig460	465	0	0
D3750.contig461	464	1	1
D3750.contig462	464	0	0
D3750.contig463	462	0	0
D3750.contig464	462	0	0
D3750.contig465	462	0	0
D3750.contig466	460	0	0
D3750.contig467	460	1	1
D3750.contig468	460	0	0
D3750.contig469	459	0	0
D3750.contig470	458	0	0
D3750.contig471	458	5	3
D3750.contig472	457	0	0
D3750.contig473	457	35	15
D3750.contig474	457	0	0
D3750.contig475	455	0	0
D3750.contig476	453	0	0
D3750.contig477	453	2	0
D3750.contig478	448	0	0
D3750.contig479	447	36	34
D3750.contig480	447	0	0
D3750.contig481	447	0	0
D3750.contig482	447	0	0
D3750.contig483	445	0	0
D3750.contig484	444	0	0
D3750.contig485	441	0	0
D3750.contig486	441	518	135
D3750.contig487	439	0	0
D3750.contig488	438	1	0
D3750.contig489	438	1472	796
D3750.contig490	437	0	0
D3750.contig491	436	0	0
D3750.contig492	436	0	0
D3750.contig493	435	23	13
D3750.contig494	435	0	0
D3750.contig495	435	0	0
D3750.contig496	434	0	0
D3750.contig497	432	348	154
D3750.contig498	431	0	0
D3750.contig499	431	0	0
D3750.contig500	431	0	0
D3750.contig501	430	0	0
D3750.contig502	430	0	0
D3750.contig503	430	0	0
D3750.contig504	428	0	0
D3750.contig505	428	0	0
D3750.contig506	426	0	0
D3750.contig507	426	0	0
D3750.contig508	426	0	0
D3750.contig509	426	16	11
D3750.contig510	426	2	0
D3750.contig511	424	0	0
D3750.contig512	423	0	0
D3750.contig513	421	0	0
D3750.contig514	421	0	0
D3750.contig515	419	0	0
D3750.contig516	418	5	0
D3750.contig517	415	0	0
D3750.contig518	415	0	0
D3750.contig519	414	0	0
D3750.contig520	413	0	0
D3750.contig521	412	0	0
D3750.contig522	412	0	0
D3750.contig523	411	0	0
D3750.contig524	410	0	0
D3750.contig525	407	0	0
D3750.contig526	407	0	0
D3750.contig527	407	0	0
D3750.contig528	406	0	0
D3750.contig529	406	0	0
D3750.contig530	406	167	100
D3750.contig531	405	0	0
D3750.contig532	404	0	0
D3750.contig533	403	0	0
D3750.contig534	403	0	0
D3750.contig535	401	193	109
D3750.contig536	401	0	0
D3750.contig537	400	0	0
D3750.contig538	400	0	0
D3750.contig539	400	0	0
D3750.contig540	399	0	0
D3750.contig541	399	0	0
D3750.contig542	399	0	0
D3750.contig543	399	4	4
D3750.contig544	398	0	0
D3750.contig545	397	0	0
D3750.contig546	397	0	0
D3750.contig547	396	4	2
D3750.contig548	395	251	125
D3750.contig549	393	0	0
D3750.contig550	391	0	0
D3750.contig551	391	0	0
D3750.contig552	391	214	144
D3750.contig553	391	0	0
D3750.contig554	389	1	1
D3750.contig555	388	0	0
D3750.contig556	387	0	0
D3750.contig557	387	5	1
D3750.contig558	387	0	0
D3750.contig559	386	0	0
D3750.contig560	386	0	0
D3750.contig561	386	0	0
D3750.contig562	385	0	0
D3750.contig563	385	0	0
D3750.contig564	385	0	0
D3750.contig565	385	0	0
D3750.contig566	383	48	27
D3750.contig567	383	0	0
D3750.contig568	382	41	19
D3750.contig569	381	0	0
D3750.contig570	381	0	0
D3750.contig571	380	2151	1008
D3750.contig572	379	0	0
D3750.contig573	379	0	0
D3750.contig574	379	0	0
D3750.contig575	378	0	0
D3750.contig576	378	0	0
D3750.contig577	377	0	0
D3750.contig578	376	0	0
D3750.contig579	376	0	0
D3750.contig580	375	0	0
D3750.contig581	375	0	0
D3750.contig582	375	15	3
D3750.contig583	375	0	0
D3750.contig584	374	0	0
D3750.contig585	373	0	0
D3750.contig586	373	0	0
D3750.contig587	371	0	0
D3750.contig588	371	0	0
D3750.contig589	371	0	0
D3750.contig590	370	0	0
D3750.contig591	369	1619	1150
D3750.contig592	369	0	0
D3750.contig593	368	0	0
D3750.contig594	368	0	0
D3750.contig595	368	0	0
D3750.contig596	368	0	0
D3750.contig597	368	53	45
D3750.contig598	368	0	0
D3750.contig599	366	0	0
D3750.contig600	365	0	0
D3750.contig601	364	0	0
D3750.contig602	364	0	0
D3750.contig603	364	0	0
D3750.contig604	363	0	0
D3750.contig605	363	0	0
D3750.contig606	363	0	0
D3750.contig607	363	0	0
D3750.contig608	362	0	0
D3750.contig609	362	0	0
D3750.contig610	361	0	0
D3750.contig611	361	0	0
D3750.contig612	361	0	0
D3750.contig613	359	0	0
D3750.contig614	359	0	0
D3750.contig615	358	0	0
D3750.contig616	357	0	0
D3750.contig617	356	3	1
D3750.contig618	356	0	0
D3750.contig619	356	0	0
D3750.contig620	355	0	0
D3750.contig621	355	0	0
D3750.contig622	355	0	0
D3750.contig623	354	0	0
D3750.contig624	353	0	0
D3750.contig625	353	0	0
D3750.contig626	352	0	0
D3750.contig627	351	0	0
D3750.contig628	350	0	0
D3750.contig629	350	0	0
D3750.contig630	350	0	0
D3750.contig631	350	0	0
D3750.contig632	350	0	0
D3750.contig633	349	0	0
D3750.contig634	348	9	4
D3750.contig635	348	0	0
D3750.contig636	347	841	366
D3750.contig637	345	0	0
D3750.contig638	345	0	0
D3750.contig639	343	0	0
D3750.contig640	342	0	0
D3750.contig641	342	0	0
D3750.contig642	342	0	0
D3750.contig643	342	0	0
D3750.contig644	342	0	0
D3750.contig645	341	0	0
D3750.contig646	341	0	0
D3750.contig647	340	0	0
D3750.contig648	340	0	0
D3750.contig649	339	0	0
D3750.contig650	339	91	65
D3750.contig651	338	0	0
D3750.contig652	338	0	0
D3750.contig653	337	10	8
D3750.contig654	336	0	0
D3750.contig655	336	0	0
D3750.contig656	336	5	3
D3750.contig657	335	1	1
D3750.contig658	334	0	0
D3750.contig659	334	0	0
D3750.contig660	334	0	0
D3750.contig661	334	0	0
D3750.contig662	333	0	0
D3750.contig663	333	0	0
D3750.contig664	333	0	0
D3750.contig665	332	2	2
D3750.contig666	332	0	0
D3750.contig667	332	14	8
D3750.contig668	332	0	0
D3750.contig669	331	0	0
D3750.contig670	331	0	0
D3750.contig671	331	0	0
D3750.contig672	330	13	9
D3750.contig673	328	11	9
D3750.contig674	327	0	0
D3750.contig675	325	2	2
D3750.contig676	325	0	0
D3750.contig677	324	0	0
D3750.contig678	323	0	0
D3750.contig679	323	0	0
D3750.contig680	322	0	0
D3750.contig681	322	0	0
D3750.contig682	322	0	0
D3750.contig683	322	0	0
D3750.contig684	322	0	0
D3750.contig685	322	0	0
D3750.contig686	321	0	0
D3750.contig687	321	0	0
D3750.contig688	321	0	0
D3750.contig689	320	0	0
D3750.contig690	319	0	0
D3750.contig691	319	0	0
D3750.contig692	319	0	0
D3750.contig693	319	0	0
D3750.contig694	318	0	0
D3750.contig695	317	0	0
D3750.contig696	316	0	0
D3750.contig697	316	0	0
D3750.contig698	316	0	0
D3750.contig699	316	0	0
D3750.contig700	316	0	0
D3750.contig701	315	0	0
D3750.contig702	315	0	0
D3750.contig703	315	0	0
D3750.contig704	315	0	0
D3750.contig705	315	0	0
D3750.contig706	314	1	1
D3750.contig707	314	0	0
D3750.contig708	314	0	0
D3750.contig709	314	1	1
D3750.contig710	313	0	0
D3750.contig711	313	0	0
D3750.contig712	312	53	37
D3750.contig713	311	0	0
D3750.contig714	311	0	0
D3750.contig715	311	0	0
D3750.contig716	311	0	0
D3750.contig717	311	0	0
D3750.contig718	310	0	0
D3750.contig719	310	976	556
D3750.contig720	309	0	0
D3750.contig721	308	0	0
D3750.contig722	308	0	0
D3750.contig723	308	4	0
D3750.contig724	308	0	0
D3750.contig725	308	0	0
D3750.contig726	308	0	0
D3750.contig727	307	0	0
D3750.contig728	307	0	0
D3750.contig729	307	0	0
D3750.contig730	306	0	0
D3750.contig731	306	36758	15839
D3750.contig732	306	0	0
D3750.contig733	305	0	0
D3750.contig734	305	0	0
D3750.contig735	304	0	0
D3750.contig736	303	0	0
D3750.contig737	303	0	0
D3750.contig738	302	0	0
D3750.contig739	302	0	0
D3750.contig740	302	0	0
D3750.contig741	301	0	0
D3750.contig742	301	0	0
D3750.contig743	301	78	43
D3750.contig744	301	0	0
D3750.contig745	301	0	0
D3750.contig746	301	0	0
D3750.contig747	300	0	0
D3750.contig748	300	0	0
D3750.contig749	300	0	0
D3750.contig750	300	0	0
D3750.contig751	300	0	0
D3750.contig752	300	0	0
*	0	0	94411884
