D3331.contig1	77867	5	3
D3331.contig2	53036	0	0
D3331.contig3	49427	0	0
D3331.contig4	45525	0	0
D3331.contig5	43059	0	0
D3331.contig6	42315	15	6
D3331.contig7	40095	774	186
D3331.contig8	39154	5	2
D3331.contig9	36081	1	1
D3331.contig10	33379	2	0
D3331.contig11	32834	7	3
D3331.contig12	30779	0	0
D3331.contig13	30672	55	11
D3331.contig14	26518	5	3
D3331.contig15	23285	2	0
D3331.contig16	23063	0	0
D3331.contig17	22510	0	0
D3331.contig18	21534	715	117
D3331.contig19	20666	9	3
D3331.contig20	19359	3837	1456
D3331.contig21	18433	1074	513
D3331.contig22	18285	6	1
D3331.contig23	17529	0	0
D3331.contig24	16908	5	3
D3331.contig25	16399	1	1
D3331.contig26	16376	1965	787
D3331.contig27	15661	4	0
D3331.contig28	14966	0	0
D3331.contig29	14659	0	0
D3331.contig30	14023	2	0
D3331.contig31	13928	0	0
D3331.contig32	13208	3	3
D3331.contig33	12589	2	0
D3331.contig34	12050	0	0
D3331.contig35	11478	1	1
D3331.contig36	11429	0	0
D3331.contig37	11376	2	0
D3331.contig38	11209	0	0
D3331.contig39	11111	0	0
D3331.contig40	10879	0	0
D3331.contig41	10853	0	0
D3331.contig42	10314	8	1
D3331.contig43	10219	0	0
D3331.contig44	10073	5	3
D3331.contig45	9901	0	0
D3331.contig46	9867	0	0
D3331.contig47	9586	2	0
D3331.contig48	9516	5	1
D3331.contig49	9259	3	1
D3331.contig50	9008	0	0
D3331.contig51	8795	2	0
D3331.contig52	8542	10	7
D3331.contig53	8507	0	0
D3331.contig54	8420	0	0
D3331.contig55	8318	0	0
D3331.contig56	8113	0	0
D3331.contig57	8104	0	0
D3331.contig58	8019	0	0
D3331.contig59	7757	0	0
D3331.contig60	7600	0	0
D3331.contig61	7557	9	1
D3331.contig62	7535	0	0
D3331.contig63	7321	0	0
D3331.contig64	7065	0	0
D3331.contig65	6994	0	0
D3331.contig66	6984	0	0
D3331.contig67	6940	0	0
D3331.contig68	6844	2	0
D3331.contig69	6791	0	0
D3331.contig70	6600	0	0
D3331.contig71	6412	0	0
D3331.contig72	6402	0	0
D3331.contig73	6261	0	0
D3331.contig74	6121	0	0
D3331.contig75	6101	7286	2747
D3331.contig76	6091	0	0
D3331.contig77	6060	0	0
D3331.contig78	6006	0	0
D3331.contig79	5881	0	0
D3331.contig80	5861	4	0
D3331.contig81	5852	0	0
D3331.contig82	5781	0	0
D3331.contig83	5606	0	0
D3331.contig84	5549	0	0
D3331.contig85	5447	117	54
D3331.contig86	5327	0	0
D3331.contig87	5309	1	1
D3331.contig88	5307	0	0
D3331.contig89	5288	0	0
D3331.contig90	5242	0	0
D3331.contig91	5218	0	0
D3331.contig92	5207	0	0
D3331.contig93	5142	0	0
D3331.contig94	5085	0	0
D3331.contig95	5045	0	0
D3331.contig96	5030	0	0
D3331.contig97	4992	0	0
D3331.contig98	4975	0	0
D3331.contig99	4968	0	0
D3331.contig100	4953	0	0
D3331.contig101	4747	0	0
D3331.contig102	4675	8509574	2341003
D3331.contig103	4625	0	0
D3331.contig104	4608	0	0
D3331.contig105	4601	0	0
D3331.contig106	4466	0	0
D3331.contig107	4448	0	0
D3331.contig108	4395	0	0
D3331.contig109	4313	0	0
D3331.contig110	4289	49	9
D3331.contig111	4198	2	0
D3331.contig112	4177	0	0
D3331.contig113	4110	0	0
D3331.contig114	4095	0	0
D3331.contig115	4055	0	0
D3331.contig116	4033	0	0
D3331.contig117	3833	0	0
D3331.contig118	3832	0	0
D3331.contig119	3804	9	1
D3331.contig120	3799	0	0
D3331.contig121	3799	2	0
D3331.contig122	3756	0	0
D3331.contig123	3724	0	0
D3331.contig124	3707	0	0
D3331.contig125	3705	0	0
D3331.contig126	3667	1532	728
D3331.contig127	3654	0	0
D3331.contig128	3651	0	0
D3331.contig129	3621	0	0
D3331.contig130	3578	0	0
D3331.contig131	3548	0	0
D3331.contig132	3547	2	0
D3331.contig133	3545	1	1
D3331.contig134	3526	0	0
D3331.contig135	3491	0	0
D3331.contig136	3473	0	0
D3331.contig137	3444	0	0
D3331.contig138	3422	0	0
D3331.contig139	3392	2771163	708385
D3331.contig140	3373	2	1
D3331.contig141	3369	2	2
D3331.contig142	3346	0	0
D3331.contig143	3316	0	0
D3331.contig144	3282	0	0
D3331.contig145	3257	0	0
D3331.contig146	3235	1	1
D3331.contig147	3227	0	0
D3331.contig148	3223	0	0
D3331.contig149	3206	0	0
D3331.contig150	3177	0	0
D3331.contig151	3174	2	0
D3331.contig152	3092	0	0
D3331.contig153	3083	0	0
D3331.contig154	3057	0	0
D3331.contig155	3055	9025	2873
D3331.contig156	3037	0	0
D3331.contig157	3034	0	0
D3331.contig158	3010	0	0
D3331.contig159	2979	2	0
D3331.contig160	2955	0	0
D3331.contig161	2944	2	0
D3331.contig162	2940	0	0
D3331.contig163	2934	0	0
D3331.contig164	2930	0	0
D3331.contig165	2916	0	0
D3331.contig166	2904	0	0
D3331.contig167	2902	0	0
D3331.contig168	2876	0	0
D3331.contig169	2757	0	0
D3331.contig170	2739	0	0
D3331.contig171	2734	0	0
D3331.contig172	2724	0	0
D3331.contig173	2706	0	0
D3331.contig174	2691	0	0
D3331.contig175	2669	0	0
D3331.contig176	2632	0	0
D3331.contig177	2615	0	0
D3331.contig178	2584	0	0
D3331.contig179	2560	0	0
D3331.contig180	2560	0	0
D3331.contig181	2536	0	0
D3331.contig182	2527	0	0
D3331.contig183	2507	0	0
D3331.contig184	2496	0	0
D3331.contig185	2451	0	0
D3331.contig186	2450	0	0
D3331.contig187	2449	0	0
D3331.contig188	2446	0	0
D3331.contig189	2426	2	0
D3331.contig190	2393	0	0
D3331.contig191	2383	0	0
D3331.contig192	2353	0	0
D3331.contig193	2346	0	0
D3331.contig194	2339	0	0
D3331.contig195	2332	0	0
D3331.contig196	2313	0	0
D3331.contig197	2305	0	0
D3331.contig198	2305	0	0
D3331.contig199	2264	2	0
D3331.contig200	2248	3	1
D3331.contig201	2237	0	0
D3331.contig202	2226	0	0
D3331.contig203	2225	0	0
D3331.contig204	2204	0	0
D3331.contig205	2202	0	0
D3331.contig206	2188	0	0
D3331.contig207	2156	0	0
D3331.contig208	2153	22	12
D3331.contig209	2146	0	0
D3331.contig210	2128	0	0
D3331.contig211	2127	0	0
D3331.contig212	2126	2	0
D3331.contig213	2094	0	0
D3331.contig214	2090	0	0
D3331.contig215	2082	0	0
D3331.contig216	2071	0	0
D3331.contig217	2071	0	0
D3331.contig218	2067	0	0
D3331.contig219	2063	0	0
D3331.contig220	2061	1	1
D3331.contig221	2058	0	0
D3331.contig222	2056	0	0
D3331.contig223	2051	0	0
D3331.contig224	2044	0	0
D3331.contig225	2042	0	0
D3331.contig226	2039	0	0
D3331.contig227	2017	14	4
D3331.contig228	2008	0	0
D3331.contig229	2008	0	0
D3331.contig230	2006	0	0
D3331.contig231	2002	2	1
D3331.contig232	1999	0	0
D3331.contig233	1985	0	0
D3331.contig234	1984	0	0
D3331.contig235	1954	0	0
D3331.contig236	1954	0	0
D3331.contig237	1950	0	0
D3331.contig238	1933	0	0
D3331.contig239	1928	0	0
D3331.contig240	1917	0	0
D3331.contig241	1909	1	0
D3331.contig242	1907	0	0
D3331.contig243	1900	0	0
D3331.contig244	1893	46	11
D3331.contig245	1891	0	0
D3331.contig246	1881	0	0
D3331.contig247	1879	0	0
D3331.contig248	1863	0	0
D3331.contig249	1863	0	0
D3331.contig250	1861	0	0
D3331.contig251	1859	0	0
D3331.contig252	1848	0	0
D3331.contig253	1844	0	0
D3331.contig254	1827	0	0
D3331.contig255	1818	1	1
D3331.contig256	1811	0	0
D3331.contig257	1805	0	0
D3331.contig258	1803	0	0
D3331.contig259	1800	0	0
D3331.contig260	1789	0	0
D3331.contig261	1750	0	0
D3331.contig262	1748	1	0
D3331.contig263	1745	0	0
D3331.contig264	1744	0	0
D3331.contig265	1731	0	0
D3331.contig266	1727	0	0
D3331.contig267	1725	0	0
D3331.contig268	1715	2	0
D3331.contig269	1713	0	0
D3331.contig270	1692	0	0
D3331.contig271	1687	0	0
D3331.contig272	1686	0	0
D3331.contig273	1682	34	3
D3331.contig274	1680	0	0
D3331.contig275	1675	0	0
D3331.contig276	1667	0	0
D3331.contig277	1661	0	0
D3331.contig278	1660	0	0
D3331.contig279	1655	0	0
D3331.contig280	1654	0	0
D3331.contig281	1652	0	0
D3331.contig282	1646	0	0
D3331.contig283	1642	0	0
D3331.contig284	1640	0	0
D3331.contig285	1640	0	0
D3331.contig286	1635	0	0
D3331.contig287	1635	0	0
D3331.contig288	1607	0	0
D3331.contig289	1589	0	0
D3331.contig290	1586	1356	694
D3331.contig291	1585	0	0
D3331.contig292	1584	0	0
D3331.contig293	1583	0	0
D3331.contig294	1577	0	0
D3331.contig295	1573	0	0
D3331.contig296	1569	0	0
D3331.contig297	1568	0	0
D3331.contig298	1568	0	0
D3331.contig299	1566	0	0
D3331.contig300	1563	0	0
D3331.contig301	1543	0	0
D3331.contig302	1540	0	0
D3331.contig303	1539	1	0
D3331.contig304	1525	0	0
D3331.contig305	1523	0	0
D3331.contig306	1510	0	0
D3331.contig307	1505	0	0
D3331.contig308	1496	0	0
D3331.contig309	1495	0	0
D3331.contig310	1495	0	0
D3331.contig311	1487	0	0
D3331.contig312	1486	4	3
D3331.contig313	1486	38	11
D3331.contig314	1485	0	0
D3331.contig315	1483	0	0
D3331.contig316	1478	0	0
D3331.contig317	1469	0	0
D3331.contig318	1468	0	0
D3331.contig319	1463	0	0
D3331.contig320	1462	0	0
D3331.contig321	1448	0	0
D3331.contig322	1443	0	0
D3331.contig323	1441	0	0
D3331.contig324	1437	0	0
D3331.contig325	1436	0	0
D3331.contig326	1434	0	0
D3331.contig327	1434	0	0
D3331.contig328	1432	0	0
D3331.contig329	1431	0	0
D3331.contig330	1424	0	0
D3331.contig331	1420	0	0
D3331.contig332	1419	42	10
D3331.contig333	1416	0	0
D3331.contig334	1405	1	0
D3331.contig335	1403	0	0
D3331.contig336	1396	0	0
D3331.contig337	1394	0	0
D3331.contig338	1394	0	0
D3331.contig339	1387	0	0
D3331.contig340	1385	0	0
D3331.contig341	1383	0	0
D3331.contig342	1381	0	0
D3331.contig343	1380	0	0
D3331.contig344	1377	0	0
D3331.contig345	1376	0	0
D3331.contig346	1371	0	0
D3331.contig347	1371	0	0
D3331.contig348	1366	0	0
D3331.contig349	1357	0	0
D3331.contig350	1355	0	0
D3331.contig351	1350	0	0
D3331.contig352	1348	0	0
D3331.contig353	1347	0	0
D3331.contig354	1346	0	0
D3331.contig355	1346	0	0
D3331.contig356	1344	0	0
D3331.contig357	1343	0	0
D3331.contig358	1342	0	0
D3331.contig359	1338	0	0
D3331.contig360	1328	0	0
D3331.contig361	1326	0	0
D3331.contig362	1322	0	0
D3331.contig363	1322	0	0
D3331.contig364	1320	2	0
D3331.contig365	1315	0	0
D3331.contig366	1308	0	0
D3331.contig367	1307	0	0
D3331.contig368	1303	0	0
D3331.contig369	1299	0	0
D3331.contig370	1298	0	0
D3331.contig371	1296	0	0
D3331.contig372	1292	0	0
D3331.contig373	1291	0	0
D3331.contig374	1287	0	0
D3331.contig375	1285	0	0
D3331.contig376	1283	0	0
D3331.contig377	1282	0	0
D3331.contig378	1281	0	0
D3331.contig379	1278	0	0
D3331.contig380	1274	0	0
D3331.contig381	1270	0	0
D3331.contig382	1261	0	0
D3331.contig383	1255	0	0
D3331.contig384	1250	0	0
D3331.contig385	1249	0	0
D3331.contig386	1247	0	0
D3331.contig387	1247	0	0
D3331.contig388	1243	0	0
D3331.contig389	1241	1	1
D3331.contig390	1241	0	0
D3331.contig391	1239	0	0
D3331.contig392	1238	0	0
D3331.contig393	1238	10583	8865
D3331.contig394	1236	0	0
D3331.contig395	1234	0	0
D3331.contig396	1231	0	0
D3331.contig397	1230	0	0
D3331.contig398	1227	0	0
D3331.contig399	1226	0	0
D3331.contig400	1225	0	0
D3331.contig401	1220	0	0
D3331.contig402	1219	0	0
D3331.contig403	1212	0	0
D3331.contig404	1211	0	0
D3331.contig405	1211	0	0
D3331.contig406	1208	0	0
D3331.contig407	1195	0	0
D3331.contig408	1191	0	0
D3331.contig409	1188	0	0
D3331.contig410	1184	0	0
D3331.contig411	1183	0	0
D3331.contig412	1181	0	0
D3331.contig413	1181	0	0
D3331.contig414	1180	0	0
D3331.contig415	1180	0	0
D3331.contig416	1173	0	0
D3331.contig417	1173	0	0
D3331.contig418	1172	0	0
D3331.contig419	1170	0	0
D3331.contig420	1169	0	0
D3331.contig421	1168	0	0
D3331.contig422	1165	0	0
D3331.contig423	1164	0	0
D3331.contig424	1164	0	0
D3331.contig425	1164	0	0
D3331.contig426	1160	0	0
D3331.contig427	1160	0	0
D3331.contig428	1160	0	0
D3331.contig429	1157	0	0
D3331.contig430	1148	0	0
D3331.contig431	1145	0	0
D3331.contig432	1142	0	0
D3331.contig433	1140	0	0
D3331.contig434	1136	0	0
D3331.contig435	1133	0	0
D3331.contig436	1133	0	0
D3331.contig437	1123	0	0
D3331.contig438	1119	0	0
D3331.contig439	1118	0	0
D3331.contig440	1118	0	0
D3331.contig441	1117	2	0
D3331.contig442	1116	0	0
D3331.contig443	1114	0	0
D3331.contig444	1114	0	0
D3331.contig445	1111	0	0
D3331.contig446	1110	0	0
D3331.contig447	1105	11	4
D3331.contig448	1097	0	0
D3331.contig449	1097	0	0
D3331.contig450	1096	0	0
D3331.contig451	1091	0	0
D3331.contig452	1088	3	1
D3331.contig453	1085	0	0
D3331.contig454	1085	0	0
D3331.contig455	1083	0	0
D3331.contig456	1082	0	0
D3331.contig457	1082	0	0
D3331.contig458	1082	0	0
D3331.contig459	1081	0	0
D3331.contig460	1078	0	0
D3331.contig461	1078	2	1
D3331.contig462	1075	12	2
D3331.contig463	1072	0	0
D3331.contig464	1071	0	0
D3331.contig465	1071	0	0
D3331.contig466	1066	0	0
D3331.contig467	1059	0	0
D3331.contig468	1059	0	0
D3331.contig469	1057	0	0
D3331.contig470	1055	0	0
D3331.contig471	1047	0	0
D3331.contig472	1046	0	0
D3331.contig473	1045	0	0
D3331.contig474	1044	0	0
D3331.contig475	1033	0	0
D3331.contig476	1030	0	0
D3331.contig477	1025	0	0
D3331.contig478	1025	0	0
D3331.contig479	1024	0	0
D3331.contig480	1024	0	0
D3331.contig481	1023	0	0
D3331.contig482	1022	0	0
D3331.contig483	1022	0	0
D3331.contig484	1016	0	0
D3331.contig485	1015	0	0
D3331.contig486	1013	0	0
D3331.contig487	1010	0	0
D3331.contig488	1010	0	0
D3331.contig489	1008	0	0
D3331.contig490	1003	0	0
D3331.contig491	999	0	0
D3331.contig492	999	0	0
D3331.contig493	997	0	0
D3331.contig494	997	0	0
D3331.contig495	996	0	0
D3331.contig496	993	0	0
D3331.contig497	992	1701	753
D3331.contig498	992	0	0
D3331.contig499	990	0	0
D3331.contig500	986	0	0
D3331.contig501	986	0	0
D3331.contig502	981	828	418
D3331.contig503	975	0	0
D3331.contig504	975	0	0
D3331.contig505	975	0	0
D3331.contig506	974	0	0
D3331.contig507	974	0	0
D3331.contig508	971	0	0
D3331.contig509	971	0	0
D3331.contig510	969	0	0
D3331.contig511	968	0	0
D3331.contig512	968	0	0
D3331.contig513	967	0	0
D3331.contig514	966	0	0
D3331.contig515	966	0	0
D3331.contig516	963	0	0
D3331.contig517	960	0	0
D3331.contig518	958	0	0
D3331.contig519	956	0	0
D3331.contig520	955	0	0
D3331.contig521	954	0	0
D3331.contig522	952	0	0
D3331.contig523	950	0	0
D3331.contig524	949	0	0
D3331.contig525	948	0	0
D3331.contig526	944	0	0
D3331.contig527	943	0	0
D3331.contig528	943	0	0
D3331.contig529	941	0	0
D3331.contig530	940	0	0
D3331.contig531	940	0	0
D3331.contig532	939	0	0
D3331.contig533	938	0	0
D3331.contig534	936	0	0
D3331.contig535	934	0	0
D3331.contig536	932	6	0
D3331.contig537	931	0	0
D3331.contig538	931	0	0
D3331.contig539	931	0	0
D3331.contig540	928	0	0
D3331.contig541	927	0	0
D3331.contig542	927	0	0
D3331.contig543	927	0	0
D3331.contig544	926	3	3
D3331.contig545	925	0	0
D3331.contig546	923	0	0
D3331.contig547	922	1368	305
D3331.contig548	921	148	48
D3331.contig549	920	0	0
D3331.contig550	917	0	0
D3331.contig551	917	0	0
D3331.contig552	917	0	0
D3331.contig553	917	0	0
D3331.contig554	915	0	0
D3331.contig555	915	0	0
D3331.contig556	914	0	0
D3331.contig557	914	0	0
D3331.contig558	913	0	0
D3331.contig559	913	0	0
D3331.contig560	911	0	0
D3331.contig561	909	0	0
D3331.contig562	902	0	0
D3331.contig563	902	0	0
D3331.contig564	901	0	0
D3331.contig565	899	0	0
D3331.contig566	898	0	0
D3331.contig567	895	0	0
D3331.contig568	893	0	0
D3331.contig569	890	0	0
D3331.contig570	889	0	0
D3331.contig571	885	0	0
D3331.contig572	884	0	0
D3331.contig573	884	0	0
D3331.contig574	882	0	0
D3331.contig575	881	0	0
D3331.contig576	877	0	0
D3331.contig577	877	0	0
D3331.contig578	877	0	0
D3331.contig579	875	0	0
D3331.contig580	874	0	0
D3331.contig581	872	0	0
D3331.contig582	869	0	0
D3331.contig583	868	0	0
D3331.contig584	867	0	0
D3331.contig585	866	0	0
D3331.contig586	865	0	0
D3331.contig587	864	0	0
D3331.contig588	862	0	0
D3331.contig589	857	0	0
D3331.contig590	856	0	0
D3331.contig591	853	0	0
D3331.contig592	853	0	0
D3331.contig593	853	0	0
D3331.contig594	851	0	0
D3331.contig595	850	0	0
D3331.contig596	850	0	0
D3331.contig597	850	0	0
D3331.contig598	849	0	0
D3331.contig599	849	0	0
D3331.contig600	849	0	0
D3331.contig601	849	0	0
D3331.contig602	846	0	0
D3331.contig603	846	0	0
D3331.contig604	844	0	0
D3331.contig605	843	0	0
D3331.contig606	842	0	0
D3331.contig607	841	0	0
D3331.contig608	839	0	0
D3331.contig609	837	0	0
D3331.contig610	837	0	0
D3331.contig611	837	0	0
D3331.contig612	834	0	0
D3331.contig613	833	0	0
D3331.contig614	833	0	0
D3331.contig615	832	0	0
D3331.contig616	831	0	0
D3331.contig617	829	0	0
D3331.contig618	826	0	0
D3331.contig619	825	0	0
D3331.contig620	823	0	0
D3331.contig621	823	0	0
D3331.contig622	823	0	0
D3331.contig623	820	0	0
D3331.contig624	819	0	0
D3331.contig625	818	0	0
D3331.contig626	817	0	0
D3331.contig627	817	0	0
D3331.contig628	817	0	0
D3331.contig629	816	0	0
D3331.contig630	814	0	0
D3331.contig631	813	536	294
D3331.contig632	813	0	0
D3331.contig633	812	0	0
D3331.contig634	810	0	0
D3331.contig635	810	0	0
D3331.contig636	810	0	0
D3331.contig637	809	0	0
D3331.contig638	809	0	0
D3331.contig639	808	0	0
D3331.contig640	808	0	0
D3331.contig641	807	0	0
D3331.contig642	806	0	0
D3331.contig643	804	0	0
D3331.contig644	803	0	0
D3331.contig645	802	0	0
D3331.contig646	801	0	0
D3331.contig647	800	0	0
D3331.contig648	800	0	0
D3331.contig649	800	0	0
D3331.contig650	796	3547	3016
D3331.contig651	795	0	0
D3331.contig652	793	0	0
D3331.contig653	793	0	0
D3331.contig654	793	0	0
D3331.contig655	793	0	0
D3331.contig656	790	0	0
D3331.contig657	790	0	0
D3331.contig658	789	0	0
D3331.contig659	789	0	0
D3331.contig660	788	0	0
D3331.contig661	788	0	0
D3331.contig662	787	0	0
D3331.contig663	787	0	0
D3331.contig664	785	0	0
D3331.contig665	783	1626	672
D3331.contig666	783	0	0
D3331.contig667	782	0	0
D3331.contig668	782	0	0
D3331.contig669	781	0	0
D3331.contig670	780	0	0
D3331.contig671	779	0	0
D3331.contig672	778	0	0
D3331.contig673	778	0	0
D3331.contig674	776	0	0
D3331.contig675	775	0	0
D3331.contig676	773	0	0
D3331.contig677	772	0	0
D3331.contig678	772	0	0
D3331.contig679	771	0	0
D3331.contig680	770	0	0
D3331.contig681	768	0	0
D3331.contig682	767	0	0
D3331.contig683	765	0	0
D3331.contig684	764	0	0
D3331.contig685	761	0	0
D3331.contig686	760	0	0
D3331.contig687	760	0	0
D3331.contig688	759	0	0
D3331.contig689	758	0	0
D3331.contig690	757	0	0
D3331.contig691	756	0	0
D3331.contig692	755	0	0
D3331.contig693	754	0	0
D3331.contig694	754	0	0
D3331.contig695	754	0	0
D3331.contig696	753	0	0
D3331.contig697	751	0	0
D3331.contig698	750	0	0
D3331.contig699	749	0	0
D3331.contig700	749	0	0
D3331.contig701	748	0	0
D3331.contig702	747	2	1
D3331.contig703	747	3458	1145
D3331.contig704	746	0	0
D3331.contig705	745	0	0
D3331.contig706	742	0	0
D3331.contig707	742	0	0
D3331.contig708	741	0	0
D3331.contig709	741	0	0
D3331.contig710	738	0	0
D3331.contig711	738	0	0
D3331.contig712	737	0	0
D3331.contig713	735	0	0
D3331.contig714	734	0	0
D3331.contig715	733	0	0
D3331.contig716	731	0	0
D3331.contig717	731	0	0
D3331.contig718	731	0	0
D3331.contig719	730	0	0
D3331.contig720	730	0	0
D3331.contig721	730	0	0
D3331.contig722	730	0	0
D3331.contig723	729	0	0
D3331.contig724	728	0	0
D3331.contig725	727	0	0
D3331.contig726	726	0	0
D3331.contig727	725	0	0
D3331.contig728	725	0	0
D3331.contig729	723	0	0
D3331.contig730	721	0	0
D3331.contig731	721	0	0
D3331.contig732	720	0	0
D3331.contig733	720	0	0
D3331.contig734	720	0	0
D3331.contig735	719	0	0
D3331.contig736	719	0	0
D3331.contig737	717	0	0
D3331.contig738	717	0	0
D3331.contig739	717	0	0
D3331.contig740	716	0	0
D3331.contig741	715	0	0
D3331.contig742	713	0	0
D3331.contig743	713	0	0
D3331.contig744	713	0	0
D3331.contig745	712	0	0
D3331.contig746	712	0	0
D3331.contig747	712	0	0
D3331.contig748	711	0	0
D3331.contig749	711	0	0
D3331.contig750	709	0	0
D3331.contig751	709	0	0
D3331.contig752	709	0	0
D3331.contig753	707	0	0
D3331.contig754	704	0	0
D3331.contig755	704	0	0
D3331.contig756	703	84	72
D3331.contig757	703	0	0
D3331.contig758	702	0	0
D3331.contig759	701	0	0
D3331.contig760	701	0	0
D3331.contig761	699	0	0
D3331.contig762	699	0	0
D3331.contig763	699	809609	168702
D3331.contig764	699	0	0
D3331.contig765	698	0	0
D3331.contig766	698	0	0
D3331.contig767	697	0	0
D3331.contig768	697	0	0
D3331.contig769	697	0	0
D3331.contig770	696	0	0
D3331.contig771	696	0	0
D3331.contig772	694	0	0
D3331.contig773	694	0	0
D3331.contig774	693	0	0
D3331.contig775	692	0	0
D3331.contig776	691	0	0
D3331.contig777	691	0	0
D3331.contig778	689	0	0
D3331.contig779	689	0	0
D3331.contig780	688	0	0
D3331.contig781	688	0	0
D3331.contig782	688	0	0
D3331.contig783	686	0	0
D3331.contig784	686	0	0
D3331.contig785	684	0	0
D3331.contig786	684	0	0
D3331.contig787	683	0	0
D3331.contig788	683	0	0
D3331.contig789	682	0	0
D3331.contig790	681	0	0
D3331.contig791	680	0	0
D3331.contig792	680	0	0
D3331.contig793	679	0	0
D3331.contig794	677	0	0
D3331.contig795	676	0	0
D3331.contig796	674	0	0
D3331.contig797	674	0	0
D3331.contig798	672	0	0
D3331.contig799	672	0	0
D3331.contig800	671	0	0
D3331.contig801	671	0	0
D3331.contig802	671	0	0
D3331.contig803	670	3002	2661
D3331.contig804	669	0	0
D3331.contig805	669	0	0
D3331.contig806	669	0	0
D3331.contig807	669	3	1
D3331.contig808	668	0	0
D3331.contig809	668	0	0
D3331.contig810	667	0	0
D3331.contig811	667	0	0
D3331.contig812	667	0	0
D3331.contig813	666	0	0
D3331.contig814	666	0	0
D3331.contig815	666	0	0
D3331.contig816	666	0	0
D3331.contig817	665	0	0
D3331.contig818	665	0	0
D3331.contig819	665	0	0
D3331.contig820	665	0	0
D3331.contig821	664	0	0
D3331.contig822	662	0	0
D3331.contig823	662	0	0
D3331.contig824	662	0	0
D3331.contig825	661	0	0
D3331.contig826	661	0	0
D3331.contig827	660	0	0
D3331.contig828	660	0	0
D3331.contig829	660	0	0
D3331.contig830	659	0	0
D3331.contig831	656	0	0
D3331.contig832	655	0	0
D3331.contig833	655	0	0
D3331.contig834	654	0	0
D3331.contig835	653	0	0
D3331.contig836	653	140	56
D3331.contig837	653	0	0
D3331.contig838	653	0	0
D3331.contig839	653	0	0
D3331.contig840	652	0	0
D3331.contig841	652	0	0
D3331.contig842	651	0	0
D3331.contig843	649	0	0
D3331.contig844	647	0	0
D3331.contig845	647	282	164
D3331.contig846	647	0	0
D3331.contig847	647	0	0
D3331.contig848	647	0	0
D3331.contig849	645	0	0
D3331.contig850	644	0	0
D3331.contig851	644	0	0
D3331.contig852	643	0	0
D3331.contig853	642	0	0
D3331.contig854	642	0	0
D3331.contig855	642	0	0
D3331.contig856	641	0	0
D3331.contig857	640	0	0
D3331.contig858	640	0	0
D3331.contig859	640	0	0
D3331.contig860	639	0	0
D3331.contig861	639	0	0
D3331.contig862	638	0	0
D3331.contig863	637	0	0
D3331.contig864	637	0	0
D3331.contig865	637	0	0
D3331.contig866	636	0	0
D3331.contig867	636	9	3
D3331.contig868	636	0	0
D3331.contig869	634	0	0
D3331.contig870	634	0	0
D3331.contig871	633	0	0
D3331.contig872	633	0	0
D3331.contig873	632	0	0
D3331.contig874	630	0	0
D3331.contig875	630	0	0
D3331.contig876	630	0	0
D3331.contig877	628	0	0
D3331.contig878	628	0	0
D3331.contig879	628	0	0
D3331.contig880	627	0	0
D3331.contig881	627	0	0
D3331.contig882	627	0	0
D3331.contig883	627	0	0
D3331.contig884	626	0	0
D3331.contig885	626	0	0
D3331.contig886	625	0	0
D3331.contig887	625	0	0
D3331.contig888	625	0	0
D3331.contig889	624	0	0
D3331.contig890	624	0	0
D3331.contig891	624	0	0
D3331.contig892	624	0	0
D3331.contig893	624	0	0
D3331.contig894	623	0	0
D3331.contig895	623	0	0
D3331.contig896	622	0	0
D3331.contig897	622	0	0
D3331.contig898	620	0	0
D3331.contig899	619	0	0
D3331.contig900	619	0	0
D3331.contig901	619	0	0
D3331.contig902	618	0	0
D3331.contig903	617	0	0
D3331.contig904	617	0	0
D3331.contig905	617	0	0
D3331.contig906	617	0	0
D3331.contig907	616	0	0
D3331.contig908	616	0	0
D3331.contig909	615	0	0
D3331.contig910	614	0	0
D3331.contig911	614	0	0
D3331.contig912	614	0	0
D3331.contig913	613	0	0
D3331.contig914	613	0	0
D3331.contig915	611	0	0
D3331.contig916	610	0	0
D3331.contig917	610	0	0
D3331.contig918	610	0	0
D3331.contig919	609	0	0
D3331.contig920	608	0	0
D3331.contig921	608	0	0
D3331.contig922	608	0	0
D3331.contig923	608	0	0
D3331.contig924	608	0	0
D3331.contig925	608	0	0
D3331.contig926	606	0	0
D3331.contig927	606	0	0
D3331.contig928	605	0	0
D3331.contig929	604	0	0
D3331.contig930	601	0	0
D3331.contig931	601	0	0
D3331.contig932	601	0	0
D3331.contig933	601	0	0
D3331.contig934	600	1548098	393778
D3331.contig935	600	0	0
D3331.contig936	600	0	0
D3331.contig937	599	0	0
D3331.contig938	599	0	0
D3331.contig939	599	0	0
D3331.contig940	599	0	0
D3331.contig941	599	0	0
D3331.contig942	598	1	1
D3331.contig943	598	0	0
D3331.contig944	598	0	0
D3331.contig945	598	0	0
D3331.contig946	597	0	0
D3331.contig947	597	0	0
D3331.contig948	595	0	0
D3331.contig949	595	0	0
D3331.contig950	594	0	0
D3331.contig951	594	0	0
D3331.contig952	594	0	0
D3331.contig953	593	0	0
D3331.contig954	593	0	0
D3331.contig955	592	0	0
D3331.contig956	592	0	0
D3331.contig957	591	0	0
D3331.contig958	591	0	0
D3331.contig959	590	0	0
D3331.contig960	590	0	0
D3331.contig961	590	0	0
D3331.contig962	590	0	0
D3331.contig963	589	0	0
D3331.contig964	589	0	0
D3331.contig965	589	0	0
D3331.contig966	588	0	0
D3331.contig967	588	0	0
D3331.contig968	588	0	0
D3331.contig969	587	0	0
D3331.contig970	587	0	0
D3331.contig971	587	0	0
D3331.contig972	587	0	0
D3331.contig973	586	0	0
D3331.contig974	586	0	0
D3331.contig975	586	0	0
D3331.contig976	586	0	0
D3331.contig977	586	0	0
D3331.contig978	585	0	0
D3331.contig979	585	0	0
D3331.contig980	584	1623500	425763
D3331.contig981	584	0	0
D3331.contig982	584	0	0
D3331.contig983	583	0	0
D3331.contig984	583	0	0
D3331.contig985	581	0	0
D3331.contig986	581	2	0
D3331.contig987	580	1060	513
D3331.contig988	580	0	0
D3331.contig989	580	0	0
D3331.contig990	579	0	0
D3331.contig991	579	0	0
D3331.contig992	579	0	0
D3331.contig993	579	0	0
D3331.contig994	578	0	0
D3331.contig995	578	0	0
D3331.contig996	576	0	0
D3331.contig997	576	0	0
D3331.contig998	575	0	0
D3331.contig999	575	0	0
D3331.contig1000	574	0	0
D3331.contig1001	573	0	0
D3331.contig1002	573	0	0
D3331.contig1003	571	0	0
D3331.contig1004	571	0	0
D3331.contig1005	570	0	0
D3331.contig1006	569	0	0
D3331.contig1007	569	0	0
D3331.contig1008	569	0	0
D3331.contig1009	569	0	0
D3331.contig1010	568	0	0
D3331.contig1011	568	0	0
D3331.contig1012	567	0	0
D3331.contig1013	567	0	0
D3331.contig1014	567	0	0
D3331.contig1015	567	0	0
D3331.contig1016	566	0	0
D3331.contig1017	565	0	0
D3331.contig1018	565	0	0
D3331.contig1019	565	0	0
D3331.contig1020	564	0	0
D3331.contig1021	564	0	0
D3331.contig1022	564	0	0
D3331.contig1023	564	0	0
D3331.contig1024	564	0	0
D3331.contig1025	563	0	0
D3331.contig1026	563	0	0
D3331.contig1027	562	0	0
D3331.contig1028	562	0	0
D3331.contig1029	561	0	0
D3331.contig1030	561	0	0
D3331.contig1031	561	0	0
D3331.contig1032	561	0	0
D3331.contig1033	560	0	0
D3331.contig1034	559	0	0
D3331.contig1035	558	0	0
D3331.contig1036	558	0	0
D3331.contig1037	557	0	0
D3331.contig1038	554	0	0
D3331.contig1039	554	0	0
D3331.contig1040	553	0	0
D3331.contig1041	553	0	0
D3331.contig1042	553	0	0
D3331.contig1043	552	0	0
D3331.contig1044	551	0	0
D3331.contig1045	551	0	0
D3331.contig1046	551	0	0
D3331.contig1047	550	0	0
D3331.contig1048	549	0	0
D3331.contig1049	549	0	0
D3331.contig1050	548	0	0
D3331.contig1051	548	0	0
D3331.contig1052	548	0	0
D3331.contig1053	547	0	0
D3331.contig1054	547	0	0
D3331.contig1055	546	0	0
D3331.contig1056	546	0	0
D3331.contig1057	546	0	0
D3331.contig1058	546	0	0
D3331.contig1059	545	0	0
D3331.contig1060	545	0	0
D3331.contig1061	545	0	0
D3331.contig1062	545	0	0
D3331.contig1063	545	0	0
D3331.contig1064	545	0	0
D3331.contig1065	544	0	0
D3331.contig1066	544	0	0
D3331.contig1067	544	0	0
D3331.contig1068	544	0	0
D3331.contig1069	544	0	0
D3331.contig1070	544	0	0
D3331.contig1071	543	0	0
D3331.contig1072	543	0	0
D3331.contig1073	543	0	0
D3331.contig1074	542	0	0
D3331.contig1075	542	0	0
D3331.contig1076	542	0	0
D3331.contig1077	541	0	0
D3331.contig1078	541	0	0
D3331.contig1079	541	0	0
D3331.contig1080	540	0	0
D3331.contig1081	540	0	0
D3331.contig1082	540	0	0
D3331.contig1083	540	0	0
D3331.contig1084	539	0	0
D3331.contig1085	539	0	0
D3331.contig1086	539	44	37
D3331.contig1087	538	0	0
D3331.contig1088	538	0	0
D3331.contig1089	538	0	0
D3331.contig1090	538	0	0
D3331.contig1091	537	0	0
D3331.contig1092	537	0	0
D3331.contig1093	537	0	0
D3331.contig1094	537	0	0
D3331.contig1095	536	0	0
D3331.contig1096	536	0	0
D3331.contig1097	536	0	0
D3331.contig1098	536	0	0
D3331.contig1099	536	0	0
D3331.contig1100	535	0	0
D3331.contig1101	535	0	0
D3331.contig1102	534	0	0
D3331.contig1103	534	0	0
D3331.contig1104	534	0	0
D3331.contig1105	534	0	0
D3331.contig1106	533	0	0
D3331.contig1107	533	0	0
D3331.contig1108	533	0	0
D3331.contig1109	533	0	0
D3331.contig1110	532	413	166
D3331.contig1111	532	0	0
D3331.contig1112	532	0	0
D3331.contig1113	531	0	0
D3331.contig1114	531	0	0
D3331.contig1115	531	0	0
D3331.contig1116	531	0	0
D3331.contig1117	530	0	0
D3331.contig1118	530	0	0
D3331.contig1119	529	0	0
D3331.contig1120	529	0	0
D3331.contig1121	529	0	0
D3331.contig1122	528	0	0
D3331.contig1123	528	0	0
D3331.contig1124	528	0	0
D3331.contig1125	527	0	0
D3331.contig1126	527	0	0
D3331.contig1127	527	0	0
D3331.contig1128	526	0	0
D3331.contig1129	526	0	0
D3331.contig1130	526	0	0
D3331.contig1131	525	0	0
D3331.contig1132	525	0	0
D3331.contig1133	525	0	0
D3331.contig1134	525	0	0
D3331.contig1135	525	0	0
D3331.contig1136	524	0	0
D3331.contig1137	524	0	0
D3331.contig1138	524	0	0
D3331.contig1139	524	0	0
D3331.contig1140	523	0	0
D3331.contig1141	523	0	0
D3331.contig1142	523	0	0
D3331.contig1143	523	0	0
D3331.contig1144	522	0	0
D3331.contig1145	522	0	0
D3331.contig1146	522	0	0
D3331.contig1147	522	0	0
D3331.contig1148	521	0	0
D3331.contig1149	521	0	0
D3331.contig1150	521	0	0
D3331.contig1151	521	48	45
D3331.contig1152	521	0	0
D3331.contig1153	521	0	0
D3331.contig1154	520	0	0
D3331.contig1155	520	0	0
D3331.contig1156	520	0	0
D3331.contig1157	520	0	0
D3331.contig1158	520	0	0
D3331.contig1159	520	0	0
D3331.contig1160	520	0	0
D3331.contig1161	519	0	0
D3331.contig1162	519	0	0
D3331.contig1163	519	0	0
D3331.contig1164	519	0	0
D3331.contig1165	518	0	0
D3331.contig1166	518	0	0
D3331.contig1167	518	0	0
D3331.contig1168	517	0	0
D3331.contig1169	517	0	0
D3331.contig1170	517	0	0
D3331.contig1171	516	0	0
D3331.contig1172	516	0	0
D3331.contig1173	516	0	0
D3331.contig1174	515	0	0
D3331.contig1175	514	0	0
D3331.contig1176	514	0	0
D3331.contig1177	514	0	0
D3331.contig1178	514	0	0
D3331.contig1179	514	0	0
D3331.contig1180	513	0	0
D3331.contig1181	513	0	0
D3331.contig1182	513	0	0
D3331.contig1183	512	0	0
D3331.contig1184	512	0	0
D3331.contig1185	512	0	0
D3331.contig1186	511	239	171
D3331.contig1187	511	0	0
D3331.contig1188	511	0	0
D3331.contig1189	511	0	0
D3331.contig1190	511	0	0
D3331.contig1191	510	0	0
D3331.contig1192	510	0	0
D3331.contig1193	510	0	0
D3331.contig1194	509	0	0
D3331.contig1195	509	42	23
D3331.contig1196	509	0	0
D3331.contig1197	508	0	0
D3331.contig1198	508	0	0
D3331.contig1199	508	0	0
D3331.contig1200	507	0	0
D3331.contig1201	507	0	0
D3331.contig1202	506	0	0
D3331.contig1203	506	0	0
D3331.contig1204	506	0	0
D3331.contig1205	506	0	0
D3331.contig1206	506	0	0
D3331.contig1207	505	0	0
D3331.contig1208	505	0	0
D3331.contig1209	504	0	0
D3331.contig1210	504	0	0
D3331.contig1211	504	0	0
D3331.contig1212	503	0	0
D3331.contig1213	503	0	0
D3331.contig1214	502	0	0
D3331.contig1215	502	0	0
D3331.contig1216	501	0	0
D3331.contig1217	501	0	0
D3331.contig1218	500	0	0
D3331.contig1219	499	0	0
D3331.contig1220	499	0	0
D3331.contig1221	499	0	0
D3331.contig1222	499	0	0
D3331.contig1223	498	0	0
D3331.contig1224	498	0	0
D3331.contig1225	498	1	1
D3331.contig1226	498	0	0
D3331.contig1227	497	0	0
D3331.contig1228	496	0	0
D3331.contig1229	496	0	0
D3331.contig1230	495	0	0
D3331.contig1231	495	310	145
D3331.contig1232	495	0	0
D3331.contig1233	494	0	0
D3331.contig1234	494	0	0
D3331.contig1235	494	0	0
D3331.contig1236	493	0	0
D3331.contig1237	493	0	0
D3331.contig1238	493	0	0
D3331.contig1239	493	0	0
D3331.contig1240	493	0	0
D3331.contig1241	493	0	0
D3331.contig1242	493	0	0
D3331.contig1243	492	0	0
D3331.contig1244	492	0	0
D3331.contig1245	492	0	0
D3331.contig1246	491	6	0
D3331.contig1247	490	0	0
D3331.contig1248	490	0	0
D3331.contig1249	490	0	0
D3331.contig1250	490	0	0
D3331.contig1251	490	0	0
D3331.contig1252	490	0	0
D3331.contig1253	489	0	0
D3331.contig1254	489	0	0
D3331.contig1255	489	0	0
D3331.contig1256	488	0	0
D3331.contig1257	486	0	0
D3331.contig1258	486	0	0
D3331.contig1259	486	0	0
D3331.contig1260	485	0	0
D3331.contig1261	485	0	0
D3331.contig1262	484	0	0
D3331.contig1263	484	0	0
D3331.contig1264	484	0	0
D3331.contig1265	484	0	0
D3331.contig1266	483	0	0
D3331.contig1267	483	0	0
D3331.contig1268	483	0	0
D3331.contig1269	483	0	0
D3331.contig1270	483	0	0
D3331.contig1271	483	0	0
D3331.contig1272	482	0	0
D3331.contig1273	482	0	0
D3331.contig1274	482	0	0
D3331.contig1275	481	0	0
D3331.contig1276	481	0	0
D3331.contig1277	480	0	0
D3331.contig1278	480	0	0
D3331.contig1279	480	0	0
D3331.contig1280	479	0	0
D3331.contig1281	478	0	0
D3331.contig1282	477	0	0
D3331.contig1283	477	0	0
D3331.contig1284	477	0	0
D3331.contig1285	477	0	0
D3331.contig1286	476	0	0
D3331.contig1287	476	0	0
D3331.contig1288	476	0	0
D3331.contig1289	476	2	0
D3331.contig1290	476	0	0
D3331.contig1291	475	0	0
D3331.contig1292	475	0	0
D3331.contig1293	475	0	0
D3331.contig1294	474	0	0
D3331.contig1295	474	0	0
D3331.contig1296	474	0	0
D3331.contig1297	474	0	0
D3331.contig1298	474	0	0
D3331.contig1299	474	0	0
D3331.contig1300	473	0	0
D3331.contig1301	472	0	0
D3331.contig1302	472	0	0
D3331.contig1303	472	0	0
D3331.contig1304	472	0	0
D3331.contig1305	472	0	0
D3331.contig1306	472	0	0
D3331.contig1307	471	0	0
D3331.contig1308	471	0	0
D3331.contig1309	470	0	0
D3331.contig1310	470	0	0
D3331.contig1311	470	0	0
D3331.contig1312	470	0	0
D3331.contig1313	470	0	0
D3331.contig1314	470	0	0
D3331.contig1315	470	0	0
D3331.contig1316	469	0	0
D3331.contig1317	469	0	0
D3331.contig1318	469	0	0
D3331.contig1319	468	0	0
D3331.contig1320	468	0	0
D3331.contig1321	468	0	0
D3331.contig1322	468	0	0
D3331.contig1323	468	0	0
D3331.contig1324	467	0	0
D3331.contig1325	467	0	0
D3331.contig1326	467	0	0
D3331.contig1327	467	0	0
D3331.contig1328	467	0	0
D3331.contig1329	467	0	0
D3331.contig1330	467	0	0
D3331.contig1331	466	0	0
D3331.contig1332	466	0	0
D3331.contig1333	466	0	0
D3331.contig1334	466	0	0
D3331.contig1335	465	0	0
D3331.contig1336	465	0	0
D3331.contig1337	465	0	0
D3331.contig1338	465	0	0
D3331.contig1339	464	0	0
D3331.contig1340	463	0	0
D3331.contig1341	463	0	0
D3331.contig1342	463	0	0
D3331.contig1343	463	0	0
D3331.contig1344	463	0	0
D3331.contig1345	462	0	0
D3331.contig1346	462	0	0
D3331.contig1347	462	0	0
D3331.contig1348	462	0	0
D3331.contig1349	461	0	0
D3331.contig1350	461	0	0
D3331.contig1351	460	0	0
D3331.contig1352	460	0	0
D3331.contig1353	460	0	0
D3331.contig1354	460	0	0
D3331.contig1355	460	0	0
D3331.contig1356	460	0	0
D3331.contig1357	460	0	0
D3331.contig1358	459	0	0
D3331.contig1359	459	0	0
D3331.contig1360	459	0	0
D3331.contig1361	459	0	0
D3331.contig1362	459	0	0
D3331.contig1363	459	0	0
D3331.contig1364	458	0	0
D3331.contig1365	458	0	0
D3331.contig1366	458	0	0
D3331.contig1367	457	0	0
D3331.contig1368	457	0	0
D3331.contig1369	456	0	0
D3331.contig1370	456	0	0
D3331.contig1371	456	0	0
D3331.contig1372	455	0	0
D3331.contig1373	454	0	0
D3331.contig1374	454	0	0
D3331.contig1375	454	0	0
D3331.contig1376	453	0	0
D3331.contig1377	453	0	0
D3331.contig1378	453	0	0
D3331.contig1379	453	0	0
D3331.contig1380	453	0	0
D3331.contig1381	453	0	0
D3331.contig1382	453	0	0
D3331.contig1383	452	0	0
D3331.contig1384	452	0	0
D3331.contig1385	452	0	0
D3331.contig1386	452	0	0
D3331.contig1387	452	0	0
D3331.contig1388	452	0	0
D3331.contig1389	451	0	0
D3331.contig1390	451	0	0
D3331.contig1391	451	0	0
D3331.contig1392	450	0	0
D3331.contig1393	450	0	0
D3331.contig1394	450	0	0
D3331.contig1395	450	0	0
D3331.contig1396	449	0	0
D3331.contig1397	449	0	0
D3331.contig1398	449	0	0
D3331.contig1399	449	0	0
D3331.contig1400	449	0	0
D3331.contig1401	448	0	0
D3331.contig1402	448	0	0
D3331.contig1403	448	0	0
D3331.contig1404	448	0	0
D3331.contig1405	448	0	0
D3331.contig1406	447	0	0
D3331.contig1407	447	0	0
D3331.contig1408	447	0	0
D3331.contig1409	447	0	0
D3331.contig1410	447	0	0
D3331.contig1411	447	0	0
D3331.contig1412	446	0	0
D3331.contig1413	446	0	0
D3331.contig1414	446	0	0
D3331.contig1415	446	0	0
D3331.contig1416	446	1	1
D3331.contig1417	446	0	0
D3331.contig1418	445	0	0
D3331.contig1419	444	0	0
D3331.contig1420	444	0	0
D3331.contig1421	444	0	0
D3331.contig1422	444	0	0
D3331.contig1423	444	0	0
D3331.contig1424	443	0	0
D3331.contig1425	443	0	0
D3331.contig1426	442	0	0
D3331.contig1427	442	0	0
D3331.contig1428	442	0	0
D3331.contig1429	442	0	0
D3331.contig1430	441	0	0
D3331.contig1431	441	0	0
D3331.contig1432	441	0	0
D3331.contig1433	441	0	0
D3331.contig1434	441	0	0
D3331.contig1435	440	1	1
D3331.contig1436	440	0	0
D3331.contig1437	440	0	0
D3331.contig1438	440	0	0
D3331.contig1439	440	0	0
D3331.contig1440	439	0	0
D3331.contig1441	439	0	0
D3331.contig1442	439	0	0
D3331.contig1443	439	0	0
D3331.contig1444	439	0	0
D3331.contig1445	439	0	0
D3331.contig1446	439	0	0
D3331.contig1447	439	0	0
D3331.contig1448	438	0	0
D3331.contig1449	438	0	0
D3331.contig1450	437	0	0
D3331.contig1451	437	0	0
D3331.contig1452	437	0	0
D3331.contig1453	437	0	0
D3331.contig1454	437	0	0
D3331.contig1455	437	0	0
D3331.contig1456	436	0	0
D3331.contig1457	436	0	0
D3331.contig1458	436	0	0
D3331.contig1459	436	0	0
D3331.contig1460	436	0	0
D3331.contig1461	435	0	0
D3331.contig1462	435	0	0
D3331.contig1463	435	0	0
D3331.contig1464	435	0	0
D3331.contig1465	435	0	0
D3331.contig1466	435	0	0
D3331.contig1467	434	0	0
D3331.contig1468	434	0	0
D3331.contig1469	434	0	0
D3331.contig1470	434	0	0
D3331.contig1471	434	0	0
D3331.contig1472	434	0	0
D3331.contig1473	434	0	0
D3331.contig1474	434	0	0
D3331.contig1475	433	0	0
D3331.contig1476	433	0	0
D3331.contig1477	433	0	0
D3331.contig1478	433	0	0
D3331.contig1479	432	0	0
D3331.contig1480	432	0	0
D3331.contig1481	432	0	0
D3331.contig1482	432	0	0
D3331.contig1483	432	0	0
D3331.contig1484	432	0	0
D3331.contig1485	431	0	0
D3331.contig1486	431	0	0
D3331.contig1487	431	0	0
D3331.contig1488	431	0	0
D3331.contig1489	431	0	0
D3331.contig1490	431	0	0
D3331.contig1491	430	0	0
D3331.contig1492	430	0	0
D3331.contig1493	430	0	0
D3331.contig1494	430	0	0
D3331.contig1495	430	0	0
D3331.contig1496	430	0	0
D3331.contig1497	429	0	0
D3331.contig1498	428	0	0
D3331.contig1499	428	0	0
D3331.contig1500	428	0	0
D3331.contig1501	428	0	0
D3331.contig1502	428	0	0
D3331.contig1503	428	0	0
D3331.contig1504	427	0	0
D3331.contig1505	427	0	0
D3331.contig1506	427	0	0
D3331.contig1507	427	0	0
D3331.contig1508	426	0	0
D3331.contig1509	426	1	1
D3331.contig1510	426	0	0
D3331.contig1511	426	0	0
D3331.contig1512	426	0	0
D3331.contig1513	426	0	0
D3331.contig1514	425	0	0
D3331.contig1515	425	0	0
D3331.contig1516	425	0	0
D3331.contig1517	425	0	0
D3331.contig1518	425	0	0
D3331.contig1519	423	0	0
D3331.contig1520	423	0	0
D3331.contig1521	423	0	0
D3331.contig1522	423	0	0
D3331.contig1523	423	0	0
D3331.contig1524	422	0	0
D3331.contig1525	422	0	0
D3331.contig1526	422	0	0
D3331.contig1527	422	0	0
D3331.contig1528	422	0	0
D3331.contig1529	421	0	0
D3331.contig1530	421	0	0
D3331.contig1531	421	0	0
D3331.contig1532	421	0	0
D3331.contig1533	420	0	0
D3331.contig1534	420	0	0
D3331.contig1535	420	0	0
D3331.contig1536	420	0	0
D3331.contig1537	419	0	0
D3331.contig1538	419	0	0
D3331.contig1539	419	0	0
D3331.contig1540	419	0	0
D3331.contig1541	418	0	0
D3331.contig1542	418	0	0
D3331.contig1543	418	0	0
D3331.contig1544	417	0	0
D3331.contig1545	417	0	0
D3331.contig1546	416	0	0
D3331.contig1547	416	0	0
D3331.contig1548	416	0	0
D3331.contig1549	416	0	0
D3331.contig1550	416	0	0
D3331.contig1551	416	0	0
D3331.contig1552	416	0	0
D3331.contig1553	415	0	0
D3331.contig1554	415	0	0
D3331.contig1555	415	0	0
D3331.contig1556	414	0	0
D3331.contig1557	414	0	0
D3331.contig1558	414	0	0
D3331.contig1559	414	0	0
D3331.contig1560	414	0	0
D3331.contig1561	413	0	0
D3331.contig1562	413	0	0
D3331.contig1563	413	0	0
D3331.contig1564	412	0	0
D3331.contig1565	412	0	0
D3331.contig1566	412	0	0
D3331.contig1567	411	0	0
D3331.contig1568	411	0	0
D3331.contig1569	411	0	0
D3331.contig1570	411	0	0
D3331.contig1571	411	0	0
D3331.contig1572	411	0	0
D3331.contig1573	410	0	0
D3331.contig1574	410	0	0
D3331.contig1575	410	0	0
D3331.contig1576	410	0	0
D3331.contig1577	410	0	0
D3331.contig1578	410	0	0
D3331.contig1579	410	0	0
D3331.contig1580	409	0	0
D3331.contig1581	409	0	0
D3331.contig1582	408	0	0
D3331.contig1583	408	0	0
D3331.contig1584	408	0	0
D3331.contig1585	408	0	0
D3331.contig1586	408	0	0
D3331.contig1587	408	0	0
D3331.contig1588	407	0	0
D3331.contig1589	407	0	0
D3331.contig1590	407	0	0
D3331.contig1591	407	0	0
D3331.contig1592	407	0	0
D3331.contig1593	406	0	0
D3331.contig1594	406	0	0
D3331.contig1595	406	25	18
D3331.contig1596	406	0	0
D3331.contig1597	406	0	0
D3331.contig1598	405	0	0
D3331.contig1599	405	0	0
D3331.contig1600	405	0	0
D3331.contig1601	405	1078	434
D3331.contig1602	405	0	0
D3331.contig1603	405	0	0
D3331.contig1604	405	0	0
D3331.contig1605	404	0	0
D3331.contig1606	404	0	0
D3331.contig1607	404	0	0
D3331.contig1608	404	0	0
D3331.contig1609	404	0	0
D3331.contig1610	404	0	0
D3331.contig1611	403	0	0
D3331.contig1612	403	0	0
D3331.contig1613	403	0	0
D3331.contig1614	403	0	0
D3331.contig1615	402	0	0
D3331.contig1616	402	0	0
D3331.contig1617	402	0	0
D3331.contig1618	402	0	0
D3331.contig1619	401	0	0
D3331.contig1620	401	0	0
D3331.contig1621	401	0	0
D3331.contig1622	400	0	0
D3331.contig1623	400	0	0
D3331.contig1624	400	0	0
D3331.contig1625	400	0	0
D3331.contig1626	400	0	0
D3331.contig1627	400	0	0
D3331.contig1628	400	0	0
D3331.contig1629	400	0	0
D3331.contig1630	400	0	0
D3331.contig1631	399	0	0
D3331.contig1632	399	0	0
D3331.contig1633	399	0	0
D3331.contig1634	398	0	0
D3331.contig1635	398	0	0
D3331.contig1636	398	0	0
D3331.contig1637	398	0	0
D3331.contig1638	398	0	0
D3331.contig1639	398	0	0
D3331.contig1640	398	0	0
D3331.contig1641	397	0	0
D3331.contig1642	397	0	0
D3331.contig1643	397	0	0
D3331.contig1644	397	0	0
D3331.contig1645	397	0	0
D3331.contig1646	397	0	0
D3331.contig1647	396	0	0
D3331.contig1648	396	0	0
D3331.contig1649	396	0	0
D3331.contig1650	396	0	0
D3331.contig1651	396	0	0
D3331.contig1652	396	0	0
D3331.contig1653	396	0	0
D3331.contig1654	396	0	0
D3331.contig1655	395	0	0
D3331.contig1656	395	0	0
D3331.contig1657	395	0	0
D3331.contig1658	395	0	0
D3331.contig1659	395	0	0
D3331.contig1660	395	0	0
D3331.contig1661	395	0	0
D3331.contig1662	394	0	0
D3331.contig1663	394	0	0
D3331.contig1664	394	0	0
D3331.contig1665	394	0	0
D3331.contig1666	394	0	0
D3331.contig1667	394	0	0
D3331.contig1668	394	0	0
D3331.contig1669	393	0	0
D3331.contig1670	393	0	0
D3331.contig1671	393	0	0
D3331.contig1672	393	0	0
D3331.contig1673	392	0	0
D3331.contig1674	392	0	0
D3331.contig1675	392	0	0
D3331.contig1676	392	0	0
D3331.contig1677	392	0	0
D3331.contig1678	391	0	0
D3331.contig1679	391	0	0
D3331.contig1680	391	0	0
D3331.contig1681	390	0	0
D3331.contig1682	390	0	0
D3331.contig1683	390	0	0
D3331.contig1684	390	0	0
D3331.contig1685	390	0	0
D3331.contig1686	390	0	0
D3331.contig1687	389	0	0
D3331.contig1688	389	0	0
D3331.contig1689	389	0	0
D3331.contig1690	389	0	0
D3331.contig1691	389	0	0
D3331.contig1692	389	0	0
D3331.contig1693	388	0	0
D3331.contig1694	388	420	138
D3331.contig1695	388	0	0
D3331.contig1696	387	0	0
D3331.contig1697	387	0	0
D3331.contig1698	387	0	0
D3331.contig1699	387	0	0
D3331.contig1700	387	0	0
D3331.contig1701	387	0	0
D3331.contig1702	387	0	0
D3331.contig1703	386	0	0
D3331.contig1704	386	0	0
D3331.contig1705	386	0	0
D3331.contig1706	386	0	0
D3331.contig1707	385	0	0
D3331.contig1708	385	0	0
D3331.contig1709	385	0	0
D3331.contig1710	385	0	0
D3331.contig1711	385	0	0
D3331.contig1712	385	0	0
D3331.contig1713	384	0	0
D3331.contig1714	384	0	0
D3331.contig1715	384	0	0
D3331.contig1716	384	0	0
D3331.contig1717	384	0	0
D3331.contig1718	383	0	0
D3331.contig1719	383	0	0
D3331.contig1720	383	0	0
D3331.contig1721	383	0	0
D3331.contig1722	383	0	0
D3331.contig1723	383	1015	449
D3331.contig1724	383	0	0
D3331.contig1725	382	0	0
D3331.contig1726	382	0	0
D3331.contig1727	382	0	0
D3331.contig1728	382	0	0
D3331.contig1729	382	0	0
D3331.contig1730	382	0	0
D3331.contig1731	381	0	0
D3331.contig1732	381	0	0
D3331.contig1733	381	0	0
D3331.contig1734	381	0	0
D3331.contig1735	381	0	0
D3331.contig1736	381	0	0
D3331.contig1737	381	0	0
D3331.contig1738	381	0	0
D3331.contig1739	380	0	0
D3331.contig1740	380	1	0
D3331.contig1741	379	0	0
D3331.contig1742	379	0	0
D3331.contig1743	379	0	0
D3331.contig1744	379	0	0
D3331.contig1745	379	0	0
D3331.contig1746	379	0	0
D3331.contig1747	379	0	0
D3331.contig1748	378	0	0
D3331.contig1749	378	0	0
D3331.contig1750	378	0	0
D3331.contig1751	378	0	0
D3331.contig1752	377	0	0
D3331.contig1753	377	0	0
D3331.contig1754	376	0	0
D3331.contig1755	376	0	0
D3331.contig1756	376	0	0
D3331.contig1757	376	0	0
D3331.contig1758	376	0	0
D3331.contig1759	376	0	0
D3331.contig1760	376	0	0
D3331.contig1761	376	0	0
D3331.contig1762	376	0	0
D3331.contig1763	376	0	0
D3331.contig1764	375	0	0
D3331.contig1765	375	0	0
D3331.contig1766	375	0	0
D3331.contig1767	375	0	0
D3331.contig1768	374	0	0
D3331.contig1769	374	0	0
D3331.contig1770	373	0	0
D3331.contig1771	373	0	0
D3331.contig1772	373	0	0
D3331.contig1773	373	0	0
D3331.contig1774	372	0	0
D3331.contig1775	372	0	0
D3331.contig1776	372	0	0
D3331.contig1777	372	0	0
D3331.contig1778	372	0	0
D3331.contig1779	371	0	0
D3331.contig1780	371	0	0
D3331.contig1781	371	0	0
D3331.contig1782	371	0	0
D3331.contig1783	371	0	0
D3331.contig1784	371	0	0
D3331.contig1785	371	0	0
D3331.contig1786	370	0	0
D3331.contig1787	370	0	0
D3331.contig1788	370	0	0
D3331.contig1789	369	0	0
D3331.contig1790	369	0	0
D3331.contig1791	369	0	0
D3331.contig1792	369	0	0
D3331.contig1793	369	0	0
D3331.contig1794	369	0	0
D3331.contig1795	369	0	0
D3331.contig1796	369	0	0
D3331.contig1797	369	0	0
D3331.contig1798	369	0	0
D3331.contig1799	368	0	0
D3331.contig1800	368	0	0
D3331.contig1801	368	0	0
D3331.contig1802	368	0	0
D3331.contig1803	368	0	0
D3331.contig1804	368	0	0
D3331.contig1805	368	0	0
D3331.contig1806	368	0	0
D3331.contig1807	367	0	0
D3331.contig1808	367	0	0
D3331.contig1809	366	0	0
D3331.contig1810	366	0	0
D3331.contig1811	366	0	0
D3331.contig1812	366	0	0
D3331.contig1813	366	0	0
D3331.contig1814	366	0	0
D3331.contig1815	366	0	0
D3331.contig1816	366	0	0
D3331.contig1817	365	0	0
D3331.contig1818	365	0	0
D3331.contig1819	365	0	0
D3331.contig1820	365	0	0
D3331.contig1821	365	0	0
D3331.contig1822	364	0	0
D3331.contig1823	364	0	0
D3331.contig1824	364	0	0
D3331.contig1825	364	0	0
D3331.contig1826	364	0	0
D3331.contig1827	364	0	0
D3331.contig1828	364	0	0
D3331.contig1829	364	0	0
D3331.contig1830	364	0	0
D3331.contig1831	364	0	0
D3331.contig1832	364	0	0
D3331.contig1833	364	0	0
D3331.contig1834	364	0	0
D3331.contig1835	363	0	0
D3331.contig1836	363	0	0
D3331.contig1837	363	0	0
D3331.contig1838	363	0	0
D3331.contig1839	363	0	0
D3331.contig1840	363	0	0
D3331.contig1841	363	0	0
D3331.contig1842	363	0	0
D3331.contig1843	362	0	0
D3331.contig1844	362	0	0
D3331.contig1845	362	0	0
D3331.contig1846	362	0	0
D3331.contig1847	362	0	0
D3331.contig1848	362	0	0
D3331.contig1849	362	0	0
D3331.contig1850	361	0	0
D3331.contig1851	361	0	0
D3331.contig1852	361	0	0
D3331.contig1853	361	0	0
D3331.contig1854	361	0	0
D3331.contig1855	361	0	0
D3331.contig1856	361	0	0
D3331.contig1857	360	0	0
D3331.contig1858	360	0	0
D3331.contig1859	360	0	0
D3331.contig1860	360	0	0
D3331.contig1861	360	0	0
D3331.contig1862	360	0	0
D3331.contig1863	360	0	0
D3331.contig1864	360	0	0
D3331.contig1865	360	0	0
D3331.contig1866	359	0	0
D3331.contig1867	359	0	0
D3331.contig1868	359	0	0
D3331.contig1869	359	0	0
D3331.contig1870	359	0	0
D3331.contig1871	359	0	0
D3331.contig1872	359	0	0
D3331.contig1873	358	0	0
D3331.contig1874	358	0	0
D3331.contig1875	358	0	0
D3331.contig1876	358	0	0
D3331.contig1877	358	0	0
D3331.contig1878	358	0	0
D3331.contig1879	358	0	0
D3331.contig1880	357	0	0
D3331.contig1881	357	0	0
D3331.contig1882	357	0	0
D3331.contig1883	357	0	0
D3331.contig1884	357	2	1
D3331.contig1885	357	0	0
D3331.contig1886	357	0	0
D3331.contig1887	357	0	0
D3331.contig1888	356	192	91
D3331.contig1889	356	0	0
D3331.contig1890	356	0	0
D3331.contig1891	356	3	0
D3331.contig1892	356	0	0
D3331.contig1893	356	0	0
D3331.contig1894	356	0	0
D3331.contig1895	355	0	0
D3331.contig1896	355	0	0
D3331.contig1897	355	0	0
D3331.contig1898	355	0	0
D3331.contig1899	355	0	0
D3331.contig1900	355	0	0
D3331.contig1901	355	0	0
D3331.contig1902	354	0	0
D3331.contig1903	354	0	0
D3331.contig1904	354	0	0
D3331.contig1905	354	0	0
D3331.contig1906	354	0	0
D3331.contig1907	354	0	0
D3331.contig1908	354	0	0
D3331.contig1909	354	0	0
D3331.contig1910	354	0	0
D3331.contig1911	354	0	0
D3331.contig1912	354	0	0
D3331.contig1913	354	0	0
D3331.contig1914	354	0	0
D3331.contig1915	353	0	0
D3331.contig1916	353	0	0
D3331.contig1917	353	0	0
D3331.contig1918	353	0	0
D3331.contig1919	353	0	0
D3331.contig1920	353	0	0
D3331.contig1921	353	0	0
D3331.contig1922	353	0	0
D3331.contig1923	353	0	0
D3331.contig1924	353	0	0
D3331.contig1925	352	0	0
D3331.contig1926	352	0	0
D3331.contig1927	352	0	0
D3331.contig1928	352	0	0
D3331.contig1929	352	0	0
D3331.contig1930	351	0	0
D3331.contig1931	351	0	0
D3331.contig1932	351	0	0
D3331.contig1933	351	0	0
D3331.contig1934	351	0	0
D3331.contig1935	351	0	0
D3331.contig1936	351	0	0
D3331.contig1937	351	0	0
D3331.contig1938	351	0	0
D3331.contig1939	351	0	0
D3331.contig1940	351	0	0
D3331.contig1941	351	0	0
D3331.contig1942	351	0	0
D3331.contig1943	351	0	0
D3331.contig1944	350	0	0
D3331.contig1945	350	0	0
D3331.contig1946	350	0	0
D3331.contig1947	350	2	1
D3331.contig1948	350	0	0
D3331.contig1949	350	0	0
D3331.contig1950	350	0	0
D3331.contig1951	350	0	0
D3331.contig1952	350	0	0
D3331.contig1953	350	0	0
D3331.contig1954	349	0	0
D3331.contig1955	349	0	0
D3331.contig1956	349	0	0
D3331.contig1957	349	0	0
D3331.contig1958	349	0	0
D3331.contig1959	349	0	0
D3331.contig1960	349	0	0
D3331.contig1961	349	0	0
D3331.contig1962	349	0	0
D3331.contig1963	349	0	0
D3331.contig1964	349	0	0
D3331.contig1965	349	0	0
D3331.contig1966	348	0	0
D3331.contig1967	348	0	0
D3331.contig1968	348	0	0
D3331.contig1969	348	0	0
D3331.contig1970	348	0	0
D3331.contig1971	348	0	0
D3331.contig1972	348	0	0
D3331.contig1973	348	0	0
D3331.contig1974	347	0	0
D3331.contig1975	347	0	0
D3331.contig1976	347	0	0
D3331.contig1977	347	0	0
D3331.contig1978	347	0	0
D3331.contig1979	347	0	0
D3331.contig1980	346	0	0
D3331.contig1981	346	0	0
D3331.contig1982	346	0	0
D3331.contig1983	346	0	0
D3331.contig1984	346	0	0
D3331.contig1985	346	0	0
D3331.contig1986	346	0	0
D3331.contig1987	346	0	0
D3331.contig1988	346	0	0
D3331.contig1989	345	41	33
D3331.contig1990	345	0	0
D3331.contig1991	345	0	0
D3331.contig1992	345	0	0
D3331.contig1993	345	0	0
D3331.contig1994	344	0	0
D3331.contig1995	344	0	0
D3331.contig1996	344	0	0
D3331.contig1997	344	0	0
D3331.contig1998	344	0	0
D3331.contig1999	344	0	0
D3331.contig2000	343	0	0
D3331.contig2001	343	0	0
D3331.contig2002	343	0	0
D3331.contig2003	343	0	0
D3331.contig2004	343	0	0
D3331.contig2005	342	0	0
D3331.contig2006	342	0	0
D3331.contig2007	342	0	0
D3331.contig2008	342	0	0
D3331.contig2009	342	0	0
D3331.contig2010	341	0	0
D3331.contig2011	341	0	0
D3331.contig2012	341	0	0
D3331.contig2013	341	0	0
D3331.contig2014	341	0	0
D3331.contig2015	341	0	0
D3331.contig2016	341	0	0
D3331.contig2017	341	0	0
D3331.contig2018	341	0	0
D3331.contig2019	340	0	0
D3331.contig2020	340	0	0
D3331.contig2021	340	0	0
D3331.contig2022	340	0	0
D3331.contig2023	340	0	0
D3331.contig2024	340	0	0
D3331.contig2025	340	0	0
D3331.contig2026	339	0	0
D3331.contig2027	339	0	0
D3331.contig2028	339	0	0
D3331.contig2029	339	0	0
D3331.contig2030	339	0	0
D3331.contig2031	339	0	0
D3331.contig2032	339	0	0
D3331.contig2033	339	0	0
D3331.contig2034	338	0	0
D3331.contig2035	338	0	0
D3331.contig2036	338	0	0
D3331.contig2037	338	0	0
D3331.contig2038	338	0	0
D3331.contig2039	338	0	0
D3331.contig2040	338	0	0
D3331.contig2041	338	0	0
D3331.contig2042	338	0	0
D3331.contig2043	338	0	0
D3331.contig2044	338	0	0
D3331.contig2045	338	0	0
D3331.contig2046	338	0	0
D3331.contig2047	337	0	0
D3331.contig2048	337	0	0
D3331.contig2049	337	0	0
D3331.contig2050	337	0	0
D3331.contig2051	337	0	0
D3331.contig2052	337	0	0
D3331.contig2053	337	0	0
D3331.contig2054	337	0	0
D3331.contig2055	336	0	0
D3331.contig2056	336	0	0
D3331.contig2057	336	0	0
D3331.contig2058	336	0	0
D3331.contig2059	336	0	0
D3331.contig2060	336	0	0
D3331.contig2061	336	0	0
D3331.contig2062	335	0	0
D3331.contig2063	335	0	0
D3331.contig2064	335	0	0
D3331.contig2065	335	0	0
D3331.contig2066	335	0	0
D3331.contig2067	335	0	0
D3331.contig2068	335	0	0
D3331.contig2069	335	0	0
D3331.contig2070	335	0	0
D3331.contig2071	335	0	0
D3331.contig2072	334	0	0
D3331.contig2073	334	0	0
D3331.contig2074	334	0	0
D3331.contig2075	334	0	0
D3331.contig2076	334	0	0
D3331.contig2077	334	962	450
D3331.contig2078	334	0	0
D3331.contig2079	333	0	0
D3331.contig2080	333	0	0
D3331.contig2081	333	0	0
D3331.contig2082	333	0	0
D3331.contig2083	333	0	0
D3331.contig2084	333	0	0
D3331.contig2085	333	0	0
D3331.contig2086	333	0	0
D3331.contig2087	332	0	0
D3331.contig2088	332	0	0
D3331.contig2089	332	0	0
D3331.contig2090	332	0	0
D3331.contig2091	332	0	0
D3331.contig2092	332	0	0
D3331.contig2093	332	0	0
D3331.contig2094	331	0	0
D3331.contig2095	331	0	0
D3331.contig2096	331	0	0
D3331.contig2097	331	0	0
D3331.contig2098	331	0	0
D3331.contig2099	331	0	0
D3331.contig2100	331	0	0
D3331.contig2101	331	0	0
D3331.contig2102	330	0	0
D3331.contig2103	330	0	0
D3331.contig2104	330	0	0
D3331.contig2105	330	0	0
D3331.contig2106	330	0	0
D3331.contig2107	330	0	0
D3331.contig2108	330	0	0
D3331.contig2109	330	0	0
D3331.contig2110	330	0	0
D3331.contig2111	330	0	0
D3331.contig2112	329	1	1
D3331.contig2113	329	0	0
D3331.contig2114	329	0	0
D3331.contig2115	329	0	0
D3331.contig2116	329	0	0
D3331.contig2117	329	0	0
D3331.contig2118	329	0	0
D3331.contig2119	329	0	0
D3331.contig2120	329	0	0
D3331.contig2121	329	0	0
D3331.contig2122	329	0	0
D3331.contig2123	329	0	0
D3331.contig2124	329	0	0
D3331.contig2125	329	0	0
D3331.contig2126	329	0	0
D3331.contig2127	328	0	0
D3331.contig2128	328	0	0
D3331.contig2129	328	0	0
D3331.contig2130	328	0	0
D3331.contig2131	328	0	0
D3331.contig2132	328	0	0
D3331.contig2133	328	0	0
D3331.contig2134	328	0	0
D3331.contig2135	328	0	0
D3331.contig2136	328	0	0
D3331.contig2137	327	0	0
D3331.contig2138	327	0	0
D3331.contig2139	327	0	0
D3331.contig2140	327	0	0
D3331.contig2141	327	1199	488
D3331.contig2142	327	0	0
D3331.contig2143	326	0	0
D3331.contig2144	326	0	0
D3331.contig2145	326	0	0
D3331.contig2146	326	0	0
D3331.contig2147	326	0	0
D3331.contig2148	326	0	0
D3331.contig2149	326	0	0
D3331.contig2150	326	0	0
D3331.contig2151	326	0	0
D3331.contig2152	325	0	0
D3331.contig2153	325	0	0
D3331.contig2154	325	0	0
D3331.contig2155	325	0	0
D3331.contig2156	325	0	0
D3331.contig2157	325	0	0
D3331.contig2158	325	0	0
D3331.contig2159	325	0	0
D3331.contig2160	325	0	0
D3331.contig2161	325	0	0
D3331.contig2162	325	0	0
D3331.contig2163	324	0	0
D3331.contig2164	324	0	0
D3331.contig2165	324	0	0
D3331.contig2166	324	1	1
D3331.contig2167	324	0	0
D3331.contig2168	324	0	0
D3331.contig2169	324	0	0
D3331.contig2170	324	0	0
D3331.contig2171	323	341	177
D3331.contig2172	323	0	0
D3331.contig2173	323	0	0
D3331.contig2174	323	0	0
D3331.contig2175	323	0	0
D3331.contig2176	323	0	0
D3331.contig2177	323	0	0
D3331.contig2178	323	0	0
D3331.contig2179	323	0	0
D3331.contig2180	323	0	0
D3331.contig2181	323	0	0
D3331.contig2182	322	0	0
D3331.contig2183	322	0	0
D3331.contig2184	322	0	0
D3331.contig2185	322	0	0
D3331.contig2186	322	0	0
D3331.contig2187	322	0	0
D3331.contig2188	321	0	0
D3331.contig2189	321	0	0
D3331.contig2190	321	0	0
D3331.contig2191	321	0	0
D3331.contig2192	321	0	0
D3331.contig2193	321	0	0
D3331.contig2194	321	0	0
D3331.contig2195	320	0	0
D3331.contig2196	320	0	0
D3331.contig2197	320	0	0
D3331.contig2198	320	0	0
D3331.contig2199	320	0	0
D3331.contig2200	320	0	0
D3331.contig2201	320	0	0
D3331.contig2202	319	0	0
D3331.contig2203	319	0	0
D3331.contig2204	319	0	0
D3331.contig2205	319	0	0
D3331.contig2206	319	0	0
D3331.contig2207	319	0	0
D3331.contig2208	319	0	0
D3331.contig2209	319	0	0
D3331.contig2210	319	233	94
D3331.contig2211	319	0	0
D3331.contig2212	319	0	0
D3331.contig2213	319	0	0
D3331.contig2214	318	0	0
D3331.contig2215	318	0	0
D3331.contig2216	318	0	0
D3331.contig2217	318	2	0
D3331.contig2218	318	0	0
D3331.contig2219	318	0	0
D3331.contig2220	318	0	0
D3331.contig2221	317	0	0
D3331.contig2222	317	0	0
D3331.contig2223	317	0	0
D3331.contig2224	317	0	0
D3331.contig2225	317	0	0
D3331.contig2226	317	0	0
D3331.contig2227	317	0	0
D3331.contig2228	317	0	0
D3331.contig2229	317	0	0
D3331.contig2230	317	0	0
D3331.contig2231	316	0	0
D3331.contig2232	316	0	0
D3331.contig2233	316	0	0
D3331.contig2234	316	0	0
D3331.contig2235	316	0	0
D3331.contig2236	316	0	0
D3331.contig2237	316	0	0
D3331.contig2238	316	0	0
D3331.contig2239	316	0	0
D3331.contig2240	316	0	0
D3331.contig2241	316	0	0
D3331.contig2242	315	0	0
D3331.contig2243	315	0	0
D3331.contig2244	315	0	0
D3331.contig2245	315	0	0
D3331.contig2246	315	0	0
D3331.contig2247	315	0	0
D3331.contig2248	315	0	0
D3331.contig2249	315	0	0
D3331.contig2250	315	0	0
D3331.contig2251	314	0	0
D3331.contig2252	314	0	0
D3331.contig2253	314	0	0
D3331.contig2254	314	0	0
D3331.contig2255	314	0	0
D3331.contig2256	314	0	0
D3331.contig2257	314	0	0
D3331.contig2258	314	0	0
D3331.contig2259	314	0	0
D3331.contig2260	314	0	0
D3331.contig2261	314	0	0
D3331.contig2262	314	0	0
D3331.contig2263	314	0	0
D3331.contig2264	314	0	0
D3331.contig2265	314	0	0
D3331.contig2266	314	0	0
D3331.contig2267	313	0	0
D3331.contig2268	313	0	0
D3331.contig2269	313	0	0
D3331.contig2270	313	0	0
D3331.contig2271	313	0	0
D3331.contig2272	313	0	0
D3331.contig2273	313	0	0
D3331.contig2274	312	0	0
D3331.contig2275	312	0	0
D3331.contig2276	312	0	0
D3331.contig2277	312	0	0
D3331.contig2278	312	0	0
D3331.contig2279	312	0	0
D3331.contig2280	312	0	0
D3331.contig2281	312	0	0
D3331.contig2282	312	0	0
D3331.contig2283	312	0	0
D3331.contig2284	312	0	0
D3331.contig2285	312	0	0
D3331.contig2286	312	0	0
D3331.contig2287	312	0	0
D3331.contig2288	312	0	0
D3331.contig2289	311	0	0
D3331.contig2290	311	0	0
D3331.contig2291	311	0	0
D3331.contig2292	311	0	0
D3331.contig2293	311	0	0
D3331.contig2294	311	0	0
D3331.contig2295	311	0	0
D3331.contig2296	311	0	0
D3331.contig2297	311	0	0
D3331.contig2298	311	0	0
D3331.contig2299	310	0	0
D3331.contig2300	310	0	0
D3331.contig2301	310	0	0
D3331.contig2302	310	0	0
D3331.contig2303	310	0	0
D3331.contig2304	310	0	0
D3331.contig2305	310	0	0
D3331.contig2306	310	0	0
D3331.contig2307	310	0	0
D3331.contig2308	310	0	0
D3331.contig2309	309	0	0
D3331.contig2310	309	0	0
D3331.contig2311	309	0	0
D3331.contig2312	309	0	0
D3331.contig2313	309	5	3
D3331.contig2314	309	0	0
D3331.contig2315	309	0	0
D3331.contig2316	309	0	0
D3331.contig2317	309	0	0
D3331.contig2318	308	0	0
D3331.contig2319	308	0	0
D3331.contig2320	308	0	0
D3331.contig2321	308	0	0
D3331.contig2322	308	0	0
D3331.contig2323	308	0	0
D3331.contig2324	308	0	0
D3331.contig2325	308	0	0
D3331.contig2326	308	0	0
D3331.contig2327	308	0	0
D3331.contig2328	308	0	0
D3331.contig2329	308	0	0
D3331.contig2330	307	0	0
D3331.contig2331	307	0	0
D3331.contig2332	307	0	0
D3331.contig2333	307	0	0
D3331.contig2334	307	0	0
D3331.contig2335	307	0	0
D3331.contig2336	307	0	0
D3331.contig2337	307	0	0
D3331.contig2338	307	0	0
D3331.contig2339	307	0	0
D3331.contig2340	307	0	0
D3331.contig2341	307	0	0
D3331.contig2342	307	0	0
D3331.contig2343	307	0	0
D3331.contig2344	307	0	0
D3331.contig2345	307	0	0
D3331.contig2346	307	0	0
D3331.contig2347	307	0	0
D3331.contig2348	307	0	0
D3331.contig2349	307	0	0
D3331.contig2350	307	0	0
D3331.contig2351	306	0	0
D3331.contig2352	306	0	0
D3331.contig2353	306	0	0
D3331.contig2354	306	0	0
D3331.contig2355	306	0	0
D3331.contig2356	306	0	0
D3331.contig2357	306	275	90
D3331.contig2358	306	0	0
D3331.contig2359	306	0	0
D3331.contig2360	306	0	0
D3331.contig2361	306	0	0
D3331.contig2362	305	0	0
D3331.contig2363	305	0	0
D3331.contig2364	305	0	0
D3331.contig2365	305	0	0
D3331.contig2366	305	0	0
D3331.contig2367	305	0	0
D3331.contig2368	305	0	0
D3331.contig2369	305	0	0
D3331.contig2370	305	0	0
D3331.contig2371	305	0	0
D3331.contig2372	305	0	0
D3331.contig2373	305	0	0
D3331.contig2374	305	0	0
D3331.contig2375	305	0	0
D3331.contig2376	304	0	0
D3331.contig2377	304	0	0
D3331.contig2378	304	0	0
D3331.contig2379	304	0	0
D3331.contig2380	304	0	0
D3331.contig2381	304	0	0
D3331.contig2382	304	0	0
D3331.contig2383	304	0	0
D3331.contig2384	304	0	0
D3331.contig2385	304	0	0
D3331.contig2386	303	0	0
D3331.contig2387	303	0	0
D3331.contig2388	303	0	0
D3331.contig2389	303	0	0
D3331.contig2390	303	0	0
D3331.contig2391	303	0	0
D3331.contig2392	303	0	0
D3331.contig2393	303	0	0
D3331.contig2394	303	0	0
D3331.contig2395	303	0	0
D3331.contig2396	303	0	0
D3331.contig2397	303	0	0
D3331.contig2398	303	0	0
D3331.contig2399	303	0	0
D3331.contig2400	303	0	0
D3331.contig2401	303	0	0
D3331.contig2402	303	0	0
D3331.contig2403	302	0	0
D3331.contig2404	302	0	0
D3331.contig2405	302	0	0
D3331.contig2406	302	0	0
D3331.contig2407	302	0	0
D3331.contig2408	302	0	0
D3331.contig2409	302	0	0
D3331.contig2410	302	0	0
D3331.contig2411	302	0	0
D3331.contig2412	302	0	0
D3331.contig2413	302	0	0
D3331.contig2414	302	0	0
D3331.contig2415	301	0	0
D3331.contig2416	301	0	0
D3331.contig2417	301	0	0
D3331.contig2418	301	0	0
D3331.contig2419	301	0	0
D3331.contig2420	301	0	0
D3331.contig2421	301	0	0
D3331.contig2422	301	0	0
D3331.contig2423	301	0	0
D3331.contig2424	301	0	0
D3331.contig2425	301	0	0
D3331.contig2426	300	0	0
D3331.contig2427	300	0	0
D3331.contig2428	300	0	0
D3331.contig2429	300	0	0
D3331.contig2430	300	0	0
D3331.contig2431	300	0	0
D3331.contig2432	300	0	0
D3331.contig2433	300	0	0
D3331.contig2434	300	0	0
D3331.contig2435	300	0	0
D3331.contig2436	300	0	0
D3331.contig2437	300	0	0
D3331.contig2438	300	0	0
D3331.contig2439	300	0	0
D3331.contig2440	300	0	0
*	0	0	80957974
