D3450.contig1	67113	48496	860
D3450.contig2	27485	10254	173
D3450.contig3	16802	16491	276
D3450.contig4	14435	4335	87
D3450.contig5	13945	1968	40
D3450.contig6	13419	2736	46
D3450.contig7	10531	1877	47
D3450.contig8	10343	2589	80
D3450.contig9	9320	1961	44
D3450.contig10	8845	999	18
D3450.contig11	8392	999	14
D3450.contig12	7917	1114	26
D3450.contig13	7670	1693	31
D3450.contig14	7059	700	16
D3450.contig15	6580	1243	41
D3450.contig16	5821	566	18
D3450.contig17	4732	522	17
D3450.contig18	4610	383	7
D3450.contig19	3928	414	22
D3450.contig20	3669	403	13
D3450.contig21	3158	245	14
D3450.contig22	3068	205	7
D3450.contig23	3030	405	13
D3450.contig24	2982	207	20
D3450.contig25	2912	291	9
D3450.contig26	2803	305	8
D3450.contig27	2774	291	12
D3450.contig28	2660	272	10
D3450.contig29	2587	173	5
D3450.contig30	2551	240	9
D3450.contig31	2549	218	14
D3450.contig32	2534	323	16
D3450.contig33	2387	216	14
D3450.contig34	2368	202	5
D3450.contig35	2272	271	18
D3450.contig36	2265	210	7
D3450.contig37	2226	170	10
D3450.contig38	2193	252	13
D3450.contig39	2092	266	10
D3450.contig40	2078	286	24
D3450.contig41	1954	169	4
D3450.contig42	1925	127	4
D3450.contig43	1925	204	5
D3450.contig44	1919	171	9
D3450.contig45	1910	137	10
D3450.contig46	1908	157	15
D3450.contig47	1885	152	5
D3450.contig48	1843	214	18
D3450.contig49	1834	164	11
D3450.contig50	1712	7582	236
D3450.contig51	1704	137	3
D3450.contig52	1671	126	8
D3450.contig53	1625	130	15
D3450.contig54	1576	102	9
D3450.contig55	1558	158	9
D3450.contig56	1527	97	4
D3450.contig57	1473	58	7
D3450.contig58	1453	152	16
D3450.contig59	1441	111	5
D3450.contig60	1440	98	6
D3450.contig61	1421	104	14
D3450.contig62	1393	83	10
D3450.contig63	1368	94	4
D3450.contig64	1365	74	4
D3450.contig65	1305	141	9
D3450.contig66	1297	96	6
D3450.contig67	1285	1901	83
D3450.contig68	1284	103	7
D3450.contig69	1283	112	22
D3450.contig70	1259	3958	44
D3450.contig71	1248	80	7
D3450.contig72	1221	61	10
D3450.contig73	1206	98	2
D3450.contig74	1193	59	7
D3450.contig75	1190	69	4
D3450.contig76	1179	75	5
D3450.contig77	1152	90	6
D3450.contig78	1151	58	8
D3450.contig79	1147	54	5
D3450.contig80	1096	73	7
D3450.contig81	1088	50	4
D3450.contig82	1084	60	7
D3450.contig83	1083	87	8
D3450.contig84	1069	851	153
D3450.contig85	1061	62	5
D3450.contig86	1042	53	11
D3450.contig87	1025	48	3
D3450.contig88	1018	56	7
D3450.contig89	1000	134	28
D3450.contig90	990	61	4
D3450.contig91	988	61	12
D3450.contig92	979	53	8
D3450.contig93	974	46	6
D3450.contig94	963	57	17
D3450.contig95	936	46	4
D3450.contig96	910	49	6
D3450.contig97	908	55	12
D3450.contig98	904	37	4
D3450.contig99	900	44	5
D3450.contig100	900	51	10
D3450.contig101	886	31	1
D3450.contig102	876	50	9
D3450.contig103	870	58	8
D3450.contig104	868	78	11
D3450.contig105	857	33	9
D3450.contig106	856	41	10
D3450.contig107	845	46	7
D3450.contig108	836	670	126
D3450.contig109	835	49	6
D3450.contig110	834	40	10
D3450.contig111	831	51	7
D3450.contig112	829	41	9
D3450.contig113	827	55	9
D3450.contig114	826	38	8
D3450.contig115	814	33	6
D3450.contig116	808	22	6
D3450.contig117	805	48	8
D3450.contig118	799	3288	18
D3450.contig119	787	35	12
D3450.contig120	777	36	10
D3450.contig121	766	47	9
D3450.contig122	765	43	7
D3450.contig123	755	25	4
D3450.contig124	747	24	7
D3450.contig125	742	34	7
D3450.contig126	741	52	8
D3450.contig127	739	76	8
D3450.contig128	738	54	8
D3450.contig129	733	39	2
D3450.contig130	733	49	11
D3450.contig131	727	39	10
D3450.contig132	727	47	5
D3450.contig133	723	49	9
D3450.contig134	716	58	12
D3450.contig135	710	105	11
D3450.contig136	705	25	5
D3450.contig137	703	684	2
D3450.contig138	699	36	5
D3450.contig139	699	44	6
D3450.contig140	696	249	31
D3450.contig141	695	33	7
D3450.contig142	681	19	7
D3450.contig143	675	36	7
D3450.contig144	669	48	4
D3450.contig145	668	41	8
D3450.contig146	665	40	4
D3450.contig147	661	68	1
D3450.contig148	655	31	2
D3450.contig149	650	26	6
D3450.contig150	646	54	5
D3450.contig151	639	353	26
D3450.contig152	639	36	7
D3450.contig153	635	26	6
D3450.contig154	634	33	5
D3450.contig155	634	33	9
D3450.contig156	632	27	5
D3450.contig157	631	17	5
D3450.contig158	630	21	8
D3450.contig159	629	32	10
D3450.contig160	624	47	13
D3450.contig161	619	30	5
D3450.contig162	614	22	7
D3450.contig163	611	15	3
D3450.contig164	607	104	6
D3450.contig165	606	45	3
D3450.contig166	602	21	5
D3450.contig167	601	34	8
D3450.contig168	601	34	8
D3450.contig169	601	25	10
D3450.contig170	599	20	3
D3450.contig171	599	127	5
D3450.contig172	595	25	9
D3450.contig173	595	16	8
D3450.contig174	592	32	6
D3450.contig175	588	40	11
D3450.contig176	587	23	4
D3450.contig177	584	55	9
D3450.contig178	583	16	6
D3450.contig179	579	42	3
D3450.contig180	576	37	1
D3450.contig181	574	19	7
D3450.contig182	572	55	7
D3450.contig183	565	102	14
D3450.contig184	560	68	2
D3450.contig185	560	27	10
D3450.contig186	559	33	9
D3450.contig187	555	63	3
D3450.contig188	550	25	7
D3450.contig189	550	81	7
D3450.contig190	545	32	5
D3450.contig191	544	28	6
D3450.contig192	542	15	8
D3450.contig193	542	32	11
D3450.contig194	542	26	8
D3450.contig195	542	22	6
D3450.contig196	542	15	3
D3450.contig197	540	24	6
D3450.contig198	540	16	2
D3450.contig199	538	37	9
D3450.contig200	537	646	14
D3450.contig201	536	16	4
D3450.contig202	534	9	1
D3450.contig203	532	13	7
D3450.contig204	529	30	5
D3450.contig205	529	725	23
D3450.contig206	527	120	4
D3450.contig207	526	21	5
D3450.contig208	525	20	5
D3450.contig209	523	33	5
D3450.contig210	523	21	7
D3450.contig211	521	15	5
D3450.contig212	521	37	12
D3450.contig213	521	177	11
D3450.contig214	520	400	70
D3450.contig215	518	27	4
D3450.contig216	514	21	3
D3450.contig217	512	17	5
D3450.contig218	511	17	2
D3450.contig219	511	29	10
D3450.contig220	509	33	7
D3450.contig221	509	17	5
D3450.contig222	499	56	2
D3450.contig223	497	25	4
D3450.contig224	493	112	6
D3450.contig225	491	20	11
D3450.contig226	489	17	8
D3450.contig227	489	20	10
D3450.contig228	488	20	6
D3450.contig229	488	29	4
D3450.contig230	488	23	3
D3450.contig231	487	14	9
D3450.contig232	487	23	7
D3450.contig233	486	16	13
D3450.contig234	486	177	37
D3450.contig235	483	19	5
D3450.contig236	481	125	9
D3450.contig237	479	39	4
D3450.contig238	478	19	7
D3450.contig239	478	16	6
D3450.contig240	478	11	7
D3450.contig241	475	87	19
D3450.contig242	475	34	8
D3450.contig243	475	12	8
D3450.contig244	474	15	9
D3450.contig245	474	15	7
D3450.contig246	473	27	6
D3450.contig247	472	10	8
D3450.contig248	471	25	4
D3450.contig249	469	20	10
D3450.contig250	466	22	6
D3450.contig251	463	11	10
D3450.contig252	461	9	1
D3450.contig253	461	1081	45
D3450.contig254	457	8	6
D3450.contig255	457	9	4
D3450.contig256	455	19	13
D3450.contig257	454	4	2
D3450.contig258	454	17	6
D3450.contig259	453	17	4
D3450.contig260	452	34	3
D3450.contig261	452	18	5
D3450.contig262	451	20	10
D3450.contig263	451	65	3
D3450.contig264	450	15	6
D3450.contig265	444	27	5
D3450.contig266	444	425	29
D3450.contig267	443	12	4
D3450.contig268	441	16	3
D3450.contig269	440	12	10
D3450.contig270	437	138	10
D3450.contig271	435	18	6
D3450.contig272	433	65	7
D3450.contig273	432	47	9
D3450.contig274	432	19	7
D3450.contig275	431	28	3
D3450.contig276	431	32	8
D3450.contig277	429	253	45
D3450.contig278	429	17	6
D3450.contig279	429	26	7
D3450.contig280	428	19	7
D3450.contig281	427	13	5
D3450.contig282	427	21	4
D3450.contig283	427	52	0
D3450.contig284	426	14	4
D3450.contig285	425	14	2
D3450.contig286	424	102	26
D3450.contig287	424	19	4
D3450.contig288	424	17	5
D3450.contig289	423	21	11
D3450.contig290	422	11	9
D3450.contig291	421	25	3
D3450.contig292	420	3	0
D3450.contig293	420	18	3
D3450.contig294	417	20	3
D3450.contig295	416	939	11
D3450.contig296	415	14	8
D3450.contig297	415	19	4
D3450.contig298	414	12	0
D3450.contig299	414	14	0
D3450.contig300	413	115	9
D3450.contig301	412	13	7
D3450.contig302	412	7	0
D3450.contig303	410	9	4
D3450.contig304	410	3	1
D3450.contig305	410	33	3
D3450.contig306	408	16	9
D3450.contig307	407	4	0
D3450.contig308	407	11	4
D3450.contig309	407	17	6
D3450.contig310	406	14	4
D3450.contig311	406	16	7
D3450.contig312	405	17	8
D3450.contig313	403	23	6
D3450.contig314	402	2	0
D3450.contig315	402	11	4
D3450.contig316	402	14	3
D3450.contig317	402	17	6
D3450.contig318	401	15	1
D3450.contig319	400	13	7
D3450.contig320	399	13	4
D3450.contig321	399	26	2
D3450.contig322	397	9	5
D3450.contig323	397	18	1
D3450.contig324	396	11	5
D3450.contig325	396	13	7
D3450.contig326	396	6	0
D3450.contig327	394	12	8
D3450.contig328	394	13	7
D3450.contig329	394	12	5
D3450.contig330	394	9	7
D3450.contig331	394	20	0
D3450.contig332	393	61	7
D3450.contig333	393	13	3
D3450.contig334	392	12	4
D3450.contig335	392	16	3
D3450.contig336	391	32	12
D3450.contig337	391	14	6
D3450.contig338	389	10	6
D3450.contig339	389	61	5
D3450.contig340	387	12	8
D3450.contig341	387	39	17
D3450.contig342	386	15	6
D3450.contig343	386	20	6
D3450.contig344	386	17	4
D3450.contig345	385	25	10
D3450.contig346	385	19	5
D3450.contig347	385	11	1
D3450.contig348	385	4	0
D3450.contig349	383	3	0
D3450.contig350	382	12	0
D3450.contig351	380	22	4
D3450.contig352	380	11	3
D3450.contig353	380	15	7
D3450.contig354	379	26	2
D3450.contig355	379	11	5
D3450.contig356	379	14	1
D3450.contig357	378	7	7
D3450.contig358	377	20	0
D3450.contig359	377	10	6
D3450.contig360	376	16	6
D3450.contig361	375	14	8
D3450.contig362	374	30	4
D3450.contig363	374	29	3
D3450.contig364	373	63	3
D3450.contig365	373	14	7
D3450.contig366	373	11	4
D3450.contig367	372	2	0
D3450.contig368	372	14	7
D3450.contig369	372	13	9
D3450.contig370	372	11	7
D3450.contig371	370	10	5
D3450.contig372	369	10	3
D3450.contig373	369	13	7
D3450.contig374	368	19	0
D3450.contig375	368	2	0
D3450.contig376	368	17	4
D3450.contig377	368	43	5
D3450.contig378	366	75	13
D3450.contig379	365	10	2
D3450.contig380	365	15	9
D3450.contig381	364	14	0
D3450.contig382	363	17	10
D3450.contig383	363	8	5
D3450.contig384	362	15	6
D3450.contig385	362	12	8
D3450.contig386	361	34	2
D3450.contig387	361	33	9
D3450.contig388	361	50	2
D3450.contig389	361	10	7
D3450.contig390	359	18	2
D3450.contig391	358	4	0
D3450.contig392	358	4	2
D3450.contig393	357	25	3
D3450.contig394	357	2	0
D3450.contig395	357	2	0
D3450.contig396	355	13	5
D3450.contig397	355	10	0
D3450.contig398	355	6	0
D3450.contig399	354	24	5
D3450.contig400	353	16	4
D3450.contig401	352	12	6
D3450.contig402	352	49	11
D3450.contig403	352	17	5
D3450.contig404	352	9	7
D3450.contig405	351	13	1
D3450.contig406	350	4	0
D3450.contig407	350	11	5
D3450.contig408	349	4	0
D3450.contig409	349	13	9
D3450.contig410	349	13	5
D3450.contig411	349	23	1
D3450.contig412	349	9	7
D3450.contig413	348	13	6
D3450.contig414	348	8	2
D3450.contig415	347	9	3
D3450.contig416	346	28	0
D3450.contig417	346	9	2
D3450.contig418	345	19	3
D3450.contig419	345	15	1
D3450.contig420	344	12	6
D3450.contig421	344	24	6
D3450.contig422	344	6	0
D3450.contig423	343	1	1
D3450.contig424	342	4	0
D3450.contig425	342	11	3
D3450.contig426	342	12	7
D3450.contig427	341	2	0
D3450.contig428	341	9	1
D3450.contig429	341	8	6
D3450.contig430	340	6	4
D3450.contig431	340	0	0
D3450.contig432	340	2	0
D3450.contig433	340	7	5
D3450.contig434	340	12	3
D3450.contig435	339	32	2
D3450.contig436	339	12	0
D3450.contig437	338	11	6
D3450.contig438	338	20	0
D3450.contig439	338	12	5
D3450.contig440	338	13	5
D3450.contig441	337	7	1
D3450.contig442	337	9	5
D3450.contig443	337	4	4
D3450.contig444	336	401	37
D3450.contig445	336	21	1
D3450.contig446	336	14	6
D3450.contig447	335	10	4
D3450.contig448	335	7	2
D3450.contig449	335	18	11
D3450.contig450	334	566	10
D3450.contig451	334	10	8
D3450.contig452	334	8	8
D3450.contig453	333	10	4
D3450.contig454	333	9	2
D3450.contig455	333	9	7
D3450.contig456	333	2	0
D3450.contig457	332	5	5
D3450.contig458	332	21	3
D3450.contig459	332	8	4
D3450.contig460	332	6	0
D3450.contig461	332	0	0
D3450.contig462	332	10	4
D3450.contig463	331	2	0
D3450.contig464	331	13	5
D3450.contig465	331	40	4
D3450.contig466	331	15	4
D3450.contig467	330	49	3
D3450.contig468	330	14	7
D3450.contig469	330	76	0
D3450.contig470	329	48	4
D3450.contig471	329	13	4
D3450.contig472	329	16	2
D3450.contig473	329	6	0
D3450.contig474	329	16	0
D3450.contig475	329	52	6
D3450.contig476	328	102	4
D3450.contig477	328	16	3
D3450.contig478	327	13	7
D3450.contig479	326	28	2
D3450.contig480	325	22	7
D3450.contig481	325	13	5
D3450.contig482	325	10	4
D3450.contig483	324	8	4
D3450.contig484	324	11	7
D3450.contig485	323	10	5
D3450.contig486	321	11	5
D3450.contig487	321	161	29
D3450.contig488	321	169	1
D3450.contig489	321	1	1
D3450.contig490	321	11	5
D3450.contig491	320	14	4
D3450.contig492	320	11	7
D3450.contig493	319	2	0
D3450.contig494	319	10	6
D3450.contig495	319	12	4
D3450.contig496	318	7	5
D3450.contig497	318	12	8
D3450.contig498	317	8	0
D3450.contig499	316	24	2
D3450.contig500	315	2	0
D3450.contig501	314	2	0
D3450.contig502	314	5	3
D3450.contig503	314	6	0
D3450.contig504	314	28	0
D3450.contig505	314	18	4
D3450.contig506	312	7	3
D3450.contig507	312	21	1
D3450.contig508	311	29	5
D3450.contig509	311	9	6
D3450.contig510	310	37	6
D3450.contig511	308	12	3
D3450.contig512	307	11	5
D3450.contig513	307	8	6
D3450.contig514	306	8	4
D3450.contig515	306	6	6
D3450.contig516	306	8	6
D3450.contig517	306	8	4
D3450.contig518	304	35	9
D3450.contig519	304	6	4
D3450.contig520	304	9	7
D3450.contig521	303	14	2
D3450.contig522	303	7	6
D3450.contig523	303	5	1
D3450.contig524	303	27	5
D3450.contig525	303	6	4
D3450.contig526	302	9	1
D3450.contig527	302	12	6
D3450.contig528	302	12	4
D3450.contig529	302	80	2
D3450.contig530	302	7	7
D3450.contig531	302	12	1
D3450.contig532	301	4	2
D3450.contig533	301	55	11
D3450.contig534	301	9	3
D3450.contig535	301	6	4
D3450.contig536	301	24	4
D3450.contig537	300	13	5
D3450.contig538	300	8	5
D3450.contig539	300	14	5
D3450.contig540	300	2	2
*	0	0	58296
