D3940.contig1	41281	95376	3013
D3940.contig2	37263	2	0
D3940.contig3	27242	57	15
D3940.contig4	26704	2	2
D3940.contig5	21250	752	632
D3940.contig6	16875	28	24
D3940.contig7	14067	3128	39
D3940.contig8	13534	4696	289
D3940.contig9	13183	10581	941
D3940.contig10	10894	5122	2406
D3940.contig11	10815	0	0
D3940.contig12	10572	0	0
D3940.contig13	10360	151	9
D3940.contig14	10281	4	2
D3940.contig15	9730	0	0
D3940.contig16	9633	0	0
D3940.contig17	9305	454	43
D3940.contig18	9218	3412	641
D3940.contig19	9084	0	0
D3940.contig20	8588	222	15
D3940.contig21	7658	3	1
D3940.contig22	6205	0	0
D3940.contig23	6095	0	0
D3940.contig24	5793	2	0
D3940.contig25	5554	0	0
D3940.contig26	5389	0	0
D3940.contig27	5265	22	7
D3940.contig28	5009	0	0
D3940.contig29	4927	61	7
D3940.contig30	4817	3994	136
D3940.contig31	4775	718	85
D3940.contig32	4637	178	18
D3940.contig33	4545	0	0
D3940.contig34	4472	0	0
D3940.contig35	4457	0	0
D3940.contig36	4336	0	0
D3940.contig37	4297	7	2
D3940.contig38	4042	0	0
D3940.contig39	3980	39849	19488
D3940.contig40	3894	1227	148
D3940.contig41	3871	0	0
D3940.contig42	3868	75	23
D3940.contig43	3851	180	120
D3940.contig44	3814	0	0
D3940.contig45	3734	0	0
D3940.contig46	3688	0	0
D3940.contig47	3557	49	12
D3940.contig48	3526	40	4
D3940.contig49	3461	0	0
D3940.contig50	3400	0	0
D3940.contig51	3289	169	9
D3940.contig52	3209	0	0
D3940.contig53	3200	149	11
D3940.contig54	3164	14420	10984
D3940.contig55	3161	0	0
D3940.contig56	3040	62	4
D3940.contig57	3005	0	0
D3940.contig58	2977	0	0
D3940.contig59	2882	2	0
D3940.contig60	2870	73397	26469
D3940.contig61	2868	19477	886
D3940.contig62	2842	31	1
D3940.contig63	2812	29	7
D3940.contig64	2795	0	0
D3940.contig65	2652	0	0
D3940.contig66	2613	13	0
D3940.contig67	2480	0	0
D3940.contig68	2422	0	0
D3940.contig69	2403	0	0
D3940.contig70	2400	152	39
D3940.contig71	2333	0	0
D3940.contig72	2237	71	38
D3940.contig73	2200	30	0
D3940.contig74	2145	10914	732
D3940.contig75	2142	0	0
D3940.contig76	2125	14	1
D3940.contig77	2096	423	405
D3940.contig78	2080	0	0
D3940.contig79	2024	1	1
D3940.contig80	2022	7	4
D3940.contig81	1961	0	0
D3940.contig82	1871	1139	109
D3940.contig83	1854	0	0
D3940.contig84	1842	7	1
D3940.contig85	1837	17	3
D3940.contig86	1830	490	82
D3940.contig87	1819	2910	214
D3940.contig88	1797	2	0
D3940.contig89	1774	0	0
D3940.contig90	1774	11	1
D3940.contig91	1752	0	0
D3940.contig92	1749	0	0
D3940.contig93	1723	97804	10734
D3940.contig94	1719	0	0
D3940.contig95	1715	0	0
D3940.contig96	1708	0	0
D3940.contig97	1696	0	0
D3940.contig98	1674	1206	44
D3940.contig99	1613	2	2
D3940.contig100	1591	1385	293
D3940.contig101	1559	0	0
D3940.contig102	1557	12551	1281
D3940.contig103	1554	0	0
D3940.contig104	1538	28428	4020
D3940.contig105	1513	185	52
D3940.contig106	1503	0	0
D3940.contig107	1501	15	4
D3940.contig108	1490	0	0
D3940.contig109	1476	14	4
D3940.contig110	1464	0	0
D3940.contig111	1460	121	121
D3940.contig112	1454	83	83
D3940.contig113	1447	58	13
D3940.contig114	1417	695	83
D3940.contig115	1415	8	1
D3940.contig116	1406	0	0
D3940.contig117	1401	19	6
D3940.contig118	1400	0	0
D3940.contig119	1396	0	0
D3940.contig120	1395	0	0
D3940.contig121	1387	847	215
D3940.contig122	1384	0	0
D3940.contig123	1383	6045	576
D3940.contig124	1382	2	0
D3940.contig125	1373	0	0
D3940.contig126	1330	0	0
D3940.contig127	1319	3	1
D3940.contig128	1298	0	0
D3940.contig129	1288	0	0
D3940.contig130	1277	2	0
D3940.contig131	1274	9	3
D3940.contig132	1265	0	0
D3940.contig133	1260	0	0
D3940.contig134	1259	0	0
D3940.contig135	1231	41	8
D3940.contig136	1224	7	1
D3940.contig137	1222	0	0
D3940.contig138	1220	0	0
D3940.contig139	1219	426	43
D3940.contig140	1218	70	70
D3940.contig141	1214	0	0
D3940.contig142	1201	11	1
D3940.contig143	1193	0	0
D3940.contig144	1192	0	0
D3940.contig145	1178	0	0
D3940.contig146	1172	0	0
D3940.contig147	1171	0	0
D3940.contig148	1170	9930	2237
D3940.contig149	1161	3873	857
D3940.contig150	1135	0	0
D3940.contig151	1134	0	0
D3940.contig152	1109	349735	80129
D3940.contig153	1096	0	0
D3940.contig154	1095	0	0
D3940.contig155	1094	0	0
D3940.contig156	1093	9485	1646
D3940.contig157	1086	0	0
D3940.contig158	1083	0	0
D3940.contig159	1076	0	0
D3940.contig160	1069	0	0
D3940.contig161	1059	0	0
D3940.contig162	1058	0	0
D3940.contig163	1048	0	0
D3940.contig164	1044	0	0
D3940.contig165	1041	0	0
D3940.contig166	1034	0	0
D3940.contig167	1025	0	0
D3940.contig168	1017	0	0
D3940.contig169	1015	0	0
D3940.contig170	1011	0	0
D3940.contig171	1006	0	0
D3940.contig172	996	0	0
D3940.contig173	987	193	37
D3940.contig174	985	7	7
D3940.contig175	985	2	2
D3940.contig176	985	0	0
D3940.contig177	977	995	134
D3940.contig178	973	0	0
D3940.contig179	972	5177	1244
D3940.contig180	970	0	0
D3940.contig181	969	0	0
D3940.contig182	962	0	0
D3940.contig183	961	23053	2525
D3940.contig184	951	0	0
D3940.contig185	948	10	1
D3940.contig186	945	8	0
D3940.contig187	944	0	0
D3940.contig188	935	0	0
D3940.contig189	934	215720	80033
D3940.contig190	924	0	0
D3940.contig191	919	48	12
D3940.contig192	915	958	148
D3940.contig193	915	0	0
D3940.contig194	913	14	6
D3940.contig195	909	0	0
D3940.contig196	907	0	0
D3940.contig197	906	0	0
D3940.contig198	899	3	1
D3940.contig199	897	35869	9392
D3940.contig200	897	0	0
D3940.contig201	896	0	0
D3940.contig202	893	0	0
D3940.contig203	892	0	0
D3940.contig204	888	91	71
D3940.contig205	880	2	0
D3940.contig206	876	0	0
D3940.contig207	876	0	0
D3940.contig208	876	0	0
D3940.contig209	875	0	0
D3940.contig210	871	0	0
D3940.contig211	868	0	0
D3940.contig212	864	0	0
D3940.contig213	855	0	0
D3940.contig214	853	0	0
D3940.contig215	850	1	0
D3940.contig216	841	5	5
D3940.contig217	837	19	2
D3940.contig218	831	0	0
D3940.contig219	830	2	0
D3940.contig220	825	3796	632
D3940.contig221	820	0	0
D3940.contig222	818	41850	12904
D3940.contig223	817	0	0
D3940.contig224	809	0	0
D3940.contig225	808	0	0
D3940.contig226	807	1748	381
D3940.contig227	806	0	0
D3940.contig228	795	0	0
D3940.contig229	787	51	15
D3940.contig230	784	0	0
D3940.contig231	783	0	0
D3940.contig232	783	0	0
D3940.contig233	783	0	0
D3940.contig234	782	11	4
D3940.contig235	772	3346	755
D3940.contig236	771	0	0
D3940.contig237	767	96	55
D3940.contig238	765	1	1
D3940.contig239	757	353	103
D3940.contig240	755	2	0
D3940.contig241	750	0	0
D3940.contig242	750	0	0
D3940.contig243	746	0	0
D3940.contig244	745	0	0
D3940.contig245	745	0	0
D3940.contig246	737	2	0
D3940.contig247	736	0	0
D3940.contig248	734	51	51
D3940.contig249	732	0	0
D3940.contig250	732	0	0
D3940.contig251	732	0	0
D3940.contig252	728	2586	550
D3940.contig253	724	25928	7992
D3940.contig254	722	0	0
D3940.contig255	721	0	0
D3940.contig256	719	0	0
D3940.contig257	716	0	0
D3940.contig258	713	0	0
D3940.contig259	713	0	0
D3940.contig260	709	0	0
D3940.contig261	707	0	0
D3940.contig262	704	0	0
D3940.contig263	704	0	0
D3940.contig264	703	0	0
D3940.contig265	701	2	2
D3940.contig266	699	0	0
D3940.contig267	698	9734	3455
D3940.contig268	695	0	0
D3940.contig269	694	15	4
D3940.contig270	694	0	0
D3940.contig271	690	0	0
D3940.contig272	689	0	0
D3940.contig273	683	0	0
D3940.contig274	682	0	0
D3940.contig275	680	0	0
D3940.contig276	677	26	12
D3940.contig277	676	0	0
D3940.contig278	669	5	3
D3940.contig279	664	6	3
D3940.contig280	663	0	0
D3940.contig281	662	0	0
D3940.contig282	661	14	11
D3940.contig283	659	0	0
D3940.contig284	657	0	0
D3940.contig285	655	0	0
D3940.contig286	652	0	0
D3940.contig287	649	0	0
D3940.contig288	649	0	0
D3940.contig289	648	5	1
D3940.contig290	648	0	0
D3940.contig291	647	3	3
D3940.contig292	645	0	0
D3940.contig293	642	0	0
D3940.contig294	641	0	0
D3940.contig295	640	0	0
D3940.contig296	638	0	0
D3940.contig297	635	0	0
D3940.contig298	633	0	0
D3940.contig299	631	18	8
D3940.contig300	630	0	0
D3940.contig301	628	0	0
D3940.contig302	625	0	0
D3940.contig303	624	15	6
D3940.contig304	624	0	0
D3940.contig305	615	3	0
D3940.contig306	612	54	42
D3940.contig307	612	27	9
D3940.contig308	611	28	16
D3940.contig309	611	0	0
D3940.contig310	605	0	0
D3940.contig311	604	0	0
D3940.contig312	604	0	0
D3940.contig313	599	90	35
D3940.contig314	598	0	0
D3940.contig315	598	0	0
D3940.contig316	594	22	9
D3940.contig317	594	0	0
D3940.contig318	591	80	39
D3940.contig319	590	463	445
D3940.contig320	590	0	0
D3940.contig321	590	0	0
D3940.contig322	589	78	62
D3940.contig323	586	0	0
D3940.contig324	586	0	0
D3940.contig325	585	42	13
D3940.contig326	583	0	0
D3940.contig327	581	16398	9382
D3940.contig328	580	0	0
D3940.contig329	579	64	18
D3940.contig330	575	0	0
D3940.contig331	572	0	0
D3940.contig332	571	0	0
D3940.contig333	569	0	0
D3940.contig334	567	29	29
D3940.contig335	567	0	0
D3940.contig336	566	16949	6578
D3940.contig337	564	0	0
D3940.contig338	564	0	0
D3940.contig339	563	0	0
D3940.contig340	561	0	0
D3940.contig341	560	0	0
D3940.contig342	559	327	44
D3940.contig343	558	0	0
D3940.contig344	557	8	1
D3940.contig345	555	0	0
D3940.contig346	555	31	17
D3940.contig347	555	0	0
D3940.contig348	554	0	0
D3940.contig349	554	17	15
D3940.contig350	552	5	1
D3940.contig351	551	0	0
D3940.contig352	550	5	1
D3940.contig353	547	0	0
D3940.contig354	544	0	0
D3940.contig355	544	5667	1696
D3940.contig356	543	0	0
D3940.contig357	543	3105	1633
D3940.contig358	543	0	0
D3940.contig359	541	0	0
D3940.contig360	541	0	0
D3940.contig361	539	0	0
D3940.contig362	539	3	1
D3940.contig363	538	2311	585
D3940.contig364	534	6	2
D3940.contig365	534	0	0
D3940.contig366	534	34	13
D3940.contig367	529	0	0
D3940.contig368	529	0	0
D3940.contig369	527	9	9
D3940.contig370	526	141	137
D3940.contig371	526	0	0
D3940.contig372	525	9	7
D3940.contig373	523	2047	1171
D3940.contig374	522	17430	5657
D3940.contig375	522	7881	3730
D3940.contig376	521	0	0
D3940.contig377	520	0	0
D3940.contig378	520	4	3
D3940.contig379	519	40	22
D3940.contig380	518	0	0
D3940.contig381	518	27255	11551
D3940.contig382	516	0	0
D3940.contig383	515	0	0
D3940.contig384	512	0	0
D3940.contig385	511	17	9
D3940.contig386	511	0	0
D3940.contig387	509	24	24
D3940.contig388	507	21	21
D3940.contig389	506	0	0
D3940.contig390	505	0	0
D3940.contig391	504	0	0
D3940.contig392	502	0	0
D3940.contig393	501	0	0
D3940.contig394	500	15	5
D3940.contig395	500	5	0
D3940.contig396	497	3	1
D3940.contig397	496	0	0
D3940.contig398	495	0	0
D3940.contig399	494	0	0
D3940.contig400	493	0	0
D3940.contig401	492	0	0
D3940.contig402	492	2	0
D3940.contig403	492	0	0
D3940.contig404	490	0	0
D3940.contig405	489	0	0
D3940.contig406	489	0	0
D3940.contig407	488	0	0
D3940.contig408	488	1800	578
D3940.contig409	488	0	0
D3940.contig410	485	0	0
D3940.contig411	483	0	0
D3940.contig412	482	0	0
D3940.contig413	480	0	0
D3940.contig414	477	0	0
D3940.contig415	475	0	0
D3940.contig416	474	0	0
D3940.contig417	474	0	0
D3940.contig418	473	0	0
D3940.contig419	473	5	3
D3940.contig420	472	0	0
D3940.contig421	471	0	0
D3940.contig422	471	8	5
D3940.contig423	470	0	0
D3940.contig424	470	0	0
D3940.contig425	469	2	1
D3940.contig426	469	0	0
D3940.contig427	468	0	0
D3940.contig428	465	0	0
D3940.contig429	464	0	0
D3940.contig430	464	0	0
D3940.contig431	463	0	0
D3940.contig432	462	0	0
D3940.contig433	462	0	0
D3940.contig434	461	0	0
D3940.contig435	461	0	0
D3940.contig436	460	0	0
D3940.contig437	460	19	19
D3940.contig438	460	0	0
D3940.contig439	458	0	0
D3940.contig440	458	0	0
D3940.contig441	457	0	0
D3940.contig442	457	4	4
D3940.contig443	456	2239	1276
D3940.contig444	456	0	0
D3940.contig445	455	0	0
D3940.contig446	455	0	0
D3940.contig447	452	0	0
D3940.contig448	452	2	2
D3940.contig449	451	0	0
D3940.contig450	451	0	0
D3940.contig451	450	0	0
D3940.contig452	448	3	2
D3940.contig453	448	5986	3152
D3940.contig454	448	0	0
D3940.contig455	448	0	0
D3940.contig456	448	0	0
D3940.contig457	447	0	0
D3940.contig458	447	14	14
D3940.contig459	447	0	0
D3940.contig460	446	0	0
D3940.contig461	446	0	0
D3940.contig462	445	0	0
D3940.contig463	445	0	0
D3940.contig464	445	0	0
D3940.contig465	444	0	0
D3940.contig466	444	0	0
D3940.contig467	443	0	0
D3940.contig468	442	11341	4209
D3940.contig469	442	0	0
D3940.contig470	442	0	0
D3940.contig471	442	0	0
D3940.contig472	441	0	0
D3940.contig473	441	4769	1688
D3940.contig474	440	0	0
D3940.contig475	440	0	0
D3940.contig476	439	1	1
D3940.contig477	439	0	0
D3940.contig478	439	0	0
D3940.contig479	439	0	0
D3940.contig480	439	0	0
D3940.contig481	437	0	0
D3940.contig482	437	0	0
D3940.contig483	437	0	0
D3940.contig484	436	14	1
D3940.contig485	436	7	7
D3940.contig486	436	0	0
D3940.contig487	435	0	0
D3940.contig488	434	16494	6018
D3940.contig489	432	0	0
D3940.contig490	432	0	0
D3940.contig491	432	0	0
D3940.contig492	431	0	0
D3940.contig493	431	0	0
D3940.contig494	430	0	0
D3940.contig495	430	0	0
D3940.contig496	430	15	15
D3940.contig497	430	0	0
D3940.contig498	430	0	0
D3940.contig499	429	0	0
D3940.contig500	429	182	70
D3940.contig501	428	0	0
D3940.contig502	427	0	0
D3940.contig503	427	0	0
D3940.contig504	424	0	0
D3940.contig505	424	25	7
D3940.contig506	424	0	0
D3940.contig507	423	15909	6624
D3940.contig508	422	0	0
D3940.contig509	422	49031	27438
D3940.contig510	422	0	0
D3940.contig511	421	0	0
D3940.contig512	420	0	0
D3940.contig513	418	0	0
D3940.contig514	418	0	0
D3940.contig515	417	218	212
D3940.contig516	417	0	0
D3940.contig517	416	730	293
D3940.contig518	416	3	1
D3940.contig519	416	0	0
D3940.contig520	414	0	0
D3940.contig521	414	0	0
D3940.contig522	413	0	0
D3940.contig523	413	0	0
D3940.contig524	413	0	0
D3940.contig525	412	1113	598
D3940.contig526	412	0	0
D3940.contig527	412	0	0
D3940.contig528	411	0	0
D3940.contig529	411	7209	4412
D3940.contig530	410	0	0
D3940.contig531	410	11554	7825
D3940.contig532	410	0	0
D3940.contig533	408	0	0
D3940.contig534	408	0	0
D3940.contig535	408	0	0
D3940.contig536	407	1575	335
D3940.contig537	407	0	0
D3940.contig538	406	162	116
D3940.contig539	405	0	0
D3940.contig540	405	3	1
D3940.contig541	404	2	0
D3940.contig542	404	1564	961
D3940.contig543	404	0	0
D3940.contig544	404	0	0
D3940.contig545	404	0	0
D3940.contig546	403	0	0
D3940.contig547	403	0	0
D3940.contig548	402	0	0
D3940.contig549	401	0	0
D3940.contig550	398	4	3
D3940.contig551	397	0	0
D3940.contig552	397	0	0
D3940.contig553	397	0	0
D3940.contig554	397	0	0
D3940.contig555	397	0	0
D3940.contig556	396	8073	4045
D3940.contig557	396	0	0
D3940.contig558	395	1603	519
D3940.contig559	395	0	0
D3940.contig560	394	0	0
D3940.contig561	394	1	1
D3940.contig562	394	0	0
D3940.contig563	393	2	2
D3940.contig564	393	8	3
D3940.contig565	393	36	28
D3940.contig566	392	0	0
D3940.contig567	391	0	0
D3940.contig568	391	0	0
D3940.contig569	391	815	362
D3940.contig570	391	0	0
D3940.contig571	390	6	2
D3940.contig572	390	0	0
D3940.contig573	388	0	0
D3940.contig574	387	0	0
D3940.contig575	387	0	0
D3940.contig576	387	0	0
D3940.contig577	386	0	0
D3940.contig578	385	0	0
D3940.contig579	385	0	0
D3940.contig580	384	0	0
D3940.contig581	383	20	8
D3940.contig582	383	1395	537
D3940.contig583	383	0	0
D3940.contig584	382	2	0
D3940.contig585	382	0	0
D3940.contig586	382	0	0
D3940.contig587	381	0	0
D3940.contig588	381	0	0
D3940.contig589	381	29780	16807
D3940.contig590	380	31038	14313
D3940.contig591	380	0	0
D3940.contig592	380	0	0
D3940.contig593	380	2	0
D3940.contig594	379	3	1
D3940.contig595	379	4	2
D3940.contig596	379	0	0
D3940.contig597	379	1	1
D3940.contig598	379	0	0
D3940.contig599	378	0	0
D3940.contig600	377	0	0
D3940.contig601	377	0	0
D3940.contig602	377	7	3
D3940.contig603	377	8	1
D3940.contig604	375	0	0
D3940.contig605	375	56	32
D3940.contig606	375	0	0
D3940.contig607	375	1	1
D3940.contig608	374	0	0
D3940.contig609	374	0	0
D3940.contig610	374	1	1
D3940.contig611	373	0	0
D3940.contig612	373	0	0
D3940.contig613	373	0	0
D3940.contig614	372	0	0
D3940.contig615	372	0	0
D3940.contig616	371	0	0
D3940.contig617	371	0	0
D3940.contig618	371	0	0
D3940.contig619	370	0	0
D3940.contig620	370	0	0
D3940.contig621	370	0	0
D3940.contig622	369	0	0
D3940.contig623	368	0	0
D3940.contig624	368	170	69
D3940.contig625	368	0	0
D3940.contig626	367	0	0
D3940.contig627	366	0	0
D3940.contig628	366	0	0
D3940.contig629	366	0	0
D3940.contig630	365	0	0
D3940.contig631	365	0	0
D3940.contig632	365	3	3
D3940.contig633	364	0	0
D3940.contig634	364	16	8
D3940.contig635	364	0	0
D3940.contig636	363	0	0
D3940.contig637	363	0	0
D3940.contig638	362	0	0
D3940.contig639	362	0	0
D3940.contig640	361	0	0
D3940.contig641	361	0	0
D3940.contig642	360	0	0
D3940.contig643	360	0	0
D3940.contig644	359	0	0
D3940.contig645	359	0	0
D3940.contig646	359	8	5
D3940.contig647	359	0	0
D3940.contig648	358	0	0
D3940.contig649	358	10	6
D3940.contig650	357	50398	30442
D3940.contig651	357	0	0
D3940.contig652	357	2	0
D3940.contig653	356	0	0
D3940.contig654	356	0	0
D3940.contig655	356	0	0
D3940.contig656	356	15895	12607
D3940.contig657	355	0	0
D3940.contig658	355	10	10
D3940.contig659	354	644	283
D3940.contig660	354	0	0
D3940.contig661	354	0	0
D3940.contig662	353	0	0
D3940.contig663	353	0	0
D3940.contig664	353	0	0
D3940.contig665	352	0	0
D3940.contig666	352	0	0
D3940.contig667	352	0	0
D3940.contig668	351	0	0
D3940.contig669	351	0	0
D3940.contig670	351	0	0
D3940.contig671	351	0	0
D3940.contig672	351	0	0
D3940.contig673	351	0	0
D3940.contig674	350	0	0
D3940.contig675	350	0	0
D3940.contig676	350	0	0
D3940.contig677	349	0	0
D3940.contig678	349	0	0
D3940.contig679	349	0	0
D3940.contig680	349	0	0
D3940.contig681	348	0	0
D3940.contig682	348	0	0
D3940.contig683	347	39	31
D3940.contig684	346	0	0
D3940.contig685	346	0	0
D3940.contig686	346	0	0
D3940.contig687	345	296	226
D3940.contig688	345	0	0
D3940.contig689	344	430	137
D3940.contig690	344	0	0
D3940.contig691	344	0	0
D3940.contig692	344	187	31
D3940.contig693	344	21	10
D3940.contig694	343	0	0
D3940.contig695	343	0	0
D3940.contig696	342	0	0
D3940.contig697	342	0	0
D3940.contig698	342	0	0
D3940.contig699	342	0	0
D3940.contig700	341	0	0
D3940.contig701	341	34	20
D3940.contig702	341	1	1
D3940.contig703	341	0	0
D3940.contig704	341	0	0
D3940.contig705	341	0	0
D3940.contig706	340	0	0
D3940.contig707	340	0	0
D3940.contig708	340	0	0
D3940.contig709	340	0	0
D3940.contig710	339	0	0
D3940.contig711	339	0	0
D3940.contig712	339	30	24
D3940.contig713	339	0	0
D3940.contig714	339	0	0
D3940.contig715	339	0	0
D3940.contig716	339	0	0
D3940.contig717	338	0	0
D3940.contig718	338	1	1
D3940.contig719	338	0	0
D3940.contig720	338	0	0
D3940.contig721	338	0	0
D3940.contig722	338	0	0
D3940.contig723	337	0	0
D3940.contig724	337	0	0
D3940.contig725	336	7	3
D3940.contig726	336	0	0
D3940.contig727	335	0	0
D3940.contig728	335	0	0
D3940.contig729	334	0	0
D3940.contig730	334	0	0
D3940.contig731	334	12	12
D3940.contig732	334	0	0
D3940.contig733	333	0	0
D3940.contig734	333	0	0
D3940.contig735	333	0	0
D3940.contig736	333	395	173
D3940.contig737	333	0	0
D3940.contig738	333	8	3
D3940.contig739	333	0	0
D3940.contig740	333	0	0
D3940.contig741	333	0	0
D3940.contig742	332	0	0
D3940.contig743	332	0	0
D3940.contig744	332	0	0
D3940.contig745	332	0	0
D3940.contig746	332	0	0
D3940.contig747	331	0	0
D3940.contig748	330	0	0
D3940.contig749	330	0	0
D3940.contig750	330	0	0
D3940.contig751	330	0	0
D3940.contig752	329	4	2
D3940.contig753	328	0	0
D3940.contig754	328	0	0
D3940.contig755	327	0	0
D3940.contig756	326	2858	1796
D3940.contig757	326	0	0
D3940.contig758	326	0	0
D3940.contig759	326	28	23
D3940.contig760	326	0	0
D3940.contig761	326	0	0
D3940.contig762	325	0	0
D3940.contig763	324	0	0
D3940.contig764	324	0	0
D3940.contig765	324	2280	1179
D3940.contig766	324	0	0
D3940.contig767	323	0	0
D3940.contig768	323	922	259
D3940.contig769	322	1290	656
D3940.contig770	322	0	0
D3940.contig771	321	2	2
D3940.contig772	321	0	0
D3940.contig773	321	0	0
D3940.contig774	321	0	0
D3940.contig775	321	0	0
D3940.contig776	320	0	0
D3940.contig777	320	0	0
D3940.contig778	320	0	0
D3940.contig779	320	0	0
D3940.contig780	319	0	0
D3940.contig781	319	0	0
D3940.contig782	318	0	0
D3940.contig783	318	6883	4051
D3940.contig784	318	0	0
D3940.contig785	317	0	0
D3940.contig786	317	0	0
D3940.contig787	317	0	0
D3940.contig788	317	0	0
D3940.contig789	317	22	16
D3940.contig790	317	0	0
D3940.contig791	316	20507	16303
D3940.contig792	316	0	0
D3940.contig793	316	0	0
D3940.contig794	316	0	0
D3940.contig795	316	2	0
D3940.contig796	316	0	0
D3940.contig797	315	0	0
D3940.contig798	315	0	0
D3940.contig799	315	9	5
D3940.contig800	315	0	0
D3940.contig801	315	0	0
D3940.contig802	315	0	0
D3940.contig803	315	993	409
D3940.contig804	314	0	0
D3940.contig805	314	13	13
D3940.contig806	314	0	0
D3940.contig807	314	0	0
D3940.contig808	314	0	0
D3940.contig809	313	0	0
D3940.contig810	313	0	0
D3940.contig811	313	0	0
D3940.contig812	313	10681	6669
D3940.contig813	313	0	0
D3940.contig814	312	0	0
D3940.contig815	312	0	0
D3940.contig816	312	0	0
D3940.contig817	311	0	0
D3940.contig818	311	0	0
D3940.contig819	311	0	0
D3940.contig820	310	0	0
D3940.contig821	310	0	0
D3940.contig822	309	0	0
D3940.contig823	309	0	0
D3940.contig824	309	0	0
D3940.contig825	309	2	2
D3940.contig826	308	0	0
D3940.contig827	308	0	0
D3940.contig828	308	0	0
D3940.contig829	307	0	0
D3940.contig830	307	0	0
D3940.contig831	307	0	0
D3940.contig832	307	0	0
D3940.contig833	307	0	0
D3940.contig834	307	0	0
D3940.contig835	307	3	1
D3940.contig836	306	0	0
D3940.contig837	306	0	0
D3940.contig838	306	0	0
D3940.contig839	305	0	0
D3940.contig840	305	0	0
D3940.contig841	305	0	0
D3940.contig842	305	0	0
D3940.contig843	304	12740	8582
D3940.contig844	304	0	0
D3940.contig845	303	0	0
D3940.contig846	303	0	0
D3940.contig847	303	0	0
D3940.contig848	303	0	0
D3940.contig849	303	0	0
D3940.contig850	302	0	0
D3940.contig851	302	2	0
D3940.contig852	302	0	0
D3940.contig853	302	0	0
D3940.contig854	302	0	0
D3940.contig855	302	0	0
D3940.contig856	301	9	9
D3940.contig857	301	0	0
D3940.contig858	301	0	0
D3940.contig859	301	0	0
D3940.contig860	301	0	0
D3940.contig861	301	0	0
D3940.contig862	300	0	0
D3940.contig863	300	0	0
D3940.contig864	300	19	15
D3940.contig865	300	0	0
*	0	0	98209734
