D3521.contig1	74651	1	1
D3521.contig2	62037	9	1
D3521.contig3	46873	0	0
D3521.contig4	44926	1	1
D3521.contig5	42119	67	17
D3521.contig6	39224	4	4
D3521.contig7	34027	4	4
D3521.contig8	33990	12	8
D3521.contig9	33831	4	2
D3521.contig10	33227	6	4
D3521.contig11	32074	2	0
D3521.contig12	31410	20	10
D3521.contig13	31036	62	46
D3521.contig14	29553	0	0
D3521.contig15	29486	2	0
D3521.contig16	26857	2	0
D3521.contig17	23897	23	3
D3521.contig18	22575	0	0
D3521.contig19	22559	2	0
D3521.contig20	21660	0	0
D3521.contig21	19679	4	0
D3521.contig22	19498	0	0
D3521.contig23	18164	6	2
D3521.contig24	16982	5	1
D3521.contig25	16283	19	3
D3521.contig26	14351	1	1
D3521.contig27	14063	0	0
D3521.contig28	14045	0	0
D3521.contig29	13557	0	0
D3521.contig30	13256	0	0
D3521.contig31	13254	0	0
D3521.contig32	13208	0	0
D3521.contig33	12185	1	1
D3521.contig34	12025	0	0
D3521.contig35	11656	0	0
D3521.contig36	11166	0	0
D3521.contig37	11166	0	0
D3521.contig38	11057	0	0
D3521.contig39	10442	2	2
D3521.contig40	10105	0	0
D3521.contig41	10035	0	0
D3521.contig42	9945	0	0
D3521.contig43	9704	0	0
D3521.contig44	9486	0	0
D3521.contig45	9472	0	0
D3521.contig46	9355	0	0
D3521.contig47	9299	10	6
D3521.contig48	9188	0	0
D3521.contig49	9175	0	0
D3521.contig50	8911	0	0
D3521.contig51	8841	0	0
D3521.contig52	8807	0	0
D3521.contig53	8716	0	0
D3521.contig54	8493	0	0
D3521.contig55	8382	0	0
D3521.contig56	8280	0	0
D3521.contig57	8266	0	0
D3521.contig58	8129	0	0
D3521.contig59	8051	0	0
D3521.contig60	7843	0	0
D3521.contig61	7807	0	0
D3521.contig62	7722	0	0
D3521.contig63	7556	9	3
D3521.contig64	7264	0	0
D3521.contig65	7184	0	0
D3521.contig66	7023	0	0
D3521.contig67	6910	0	0
D3521.contig68	6817	0	0
D3521.contig69	6817	0	0
D3521.contig70	6813	0	0
D3521.contig71	6697	0	0
D3521.contig72	6684	0	0
D3521.contig73	6608	2	0
D3521.contig74	6605	0	0
D3521.contig75	6586	0	0
D3521.contig76	6547	0	0
D3521.contig77	6542	0	0
D3521.contig78	6492	29704	22163
D3521.contig79	6453	0	0
D3521.contig80	6442	0	0
D3521.contig81	6377	0	0
D3521.contig82	6356	0	0
D3521.contig83	6299	0	0
D3521.contig84	6280	0	0
D3521.contig85	6272	0	0
D3521.contig86	6266	0	0
D3521.contig87	6123	0	0
D3521.contig88	6081	2	0
D3521.contig89	6069	0	0
D3521.contig90	5885	0	0
D3521.contig91	5882	0	0
D3521.contig92	5805	2	2
D3521.contig93	5736	0	0
D3521.contig94	5703	0	0
D3521.contig95	5674	0	0
D3521.contig96	5593	0	0
D3521.contig97	5572	0	0
D3521.contig98	5457	0	0
D3521.contig99	5395	0	0
D3521.contig100	5375	0	0
D3521.contig101	5264	0	0
D3521.contig102	5191	0	0
D3521.contig103	5096	0	0
D3521.contig104	5091	0	0
D3521.contig105	4914	0	0
D3521.contig106	4909	0	0
D3521.contig107	4698	0	0
D3521.contig108	4692	0	0
D3521.contig109	4647	0	0
D3521.contig110	4646	0	0
D3521.contig111	4634	0	0
D3521.contig112	4606	0	0
D3521.contig113	4598	0	0
D3521.contig114	4595	0	0
D3521.contig115	4549	0	0
D3521.contig116	4402	0	0
D3521.contig117	4398	0	0
D3521.contig118	4395	0	0
D3521.contig119	4323	0	0
D3521.contig120	4311	0	0
D3521.contig121	4289	47	10
D3521.contig122	4274	0	0
D3521.contig123	4188	0	0
D3521.contig124	4150	0	0
D3521.contig125	4130	0	0
D3521.contig126	4109	0	0
D3521.contig127	4090	0	0
D3521.contig128	4088	0	0
D3521.contig129	4080	0	0
D3521.contig130	4077	0	0
D3521.contig131	4024	0	0
D3521.contig132	3998	0	0
D3521.contig133	3991	0	0
D3521.contig134	3961	0	0
D3521.contig135	3947	0	0
D3521.contig136	3911	0	0
D3521.contig137	3907	0	0
D3521.contig138	3888	0	0
D3521.contig139	3885	0	0
D3521.contig140	3845	0	0
D3521.contig141	3832	0	0
D3521.contig142	3781	0	0
D3521.contig143	3776	0	0
D3521.contig144	3760	2	0
D3521.contig145	3740	0	0
D3521.contig146	3690	0	0
D3521.contig147	3685	0	0
D3521.contig148	3685	0	0
D3521.contig149	3682	0	0
D3521.contig150	3659	24	8
D3521.contig151	3616	0	0
D3521.contig152	3518	0	0
D3521.contig153	3508	0	0
D3521.contig154	3493	0	0
D3521.contig155	3478	0	0
D3521.contig156	3423	0	0
D3521.contig157	3399	0	0
D3521.contig158	3379	0	0
D3521.contig159	3376	0	0
D3521.contig160	3308	2	0
D3521.contig161	3302	0	0
D3521.contig162	3280	0	0
D3521.contig163	3260	0	0
D3521.contig164	3253	0	0
D3521.contig165	3251	0	0
D3521.contig166	3205	0	0
D3521.contig167	3204	0	0
D3521.contig168	3176	0	0
D3521.contig169	3156	0	0
D3521.contig170	3143	0	0
D3521.contig171	3118	0	0
D3521.contig172	3088	0	0
D3521.contig173	3042	0	0
D3521.contig174	3019	0	0
D3521.contig175	3016	0	0
D3521.contig176	2998	0	0
D3521.contig177	2989	0	0
D3521.contig178	2981	0	0
D3521.contig179	2977	0	0
D3521.contig180	2964	0	0
D3521.contig181	2963	0	0
D3521.contig182	2954	8	0
D3521.contig183	2936	0	0
D3521.contig184	2932	0	0
D3521.contig185	2919	0	0
D3521.contig186	2895	0	0
D3521.contig187	2879	0	0
D3521.contig188	2877	0	0
D3521.contig189	2850	0	0
D3521.contig190	2839	0	0
D3521.contig191	2815	3	1
D3521.contig192	2801	0	0
D3521.contig193	2796	0	0
D3521.contig194	2785	0	0
D3521.contig195	2775	0	0
D3521.contig196	2767	0	0
D3521.contig197	2765	0	0
D3521.contig198	2764	0	0
D3521.contig199	2750	0	0
D3521.contig200	2742	0	0
D3521.contig201	2720	0	0
D3521.contig202	2704	0	0
D3521.contig203	2702	1	1
D3521.contig204	2691	0	0
D3521.contig205	2691	0	0
D3521.contig206	2683	0	0
D3521.contig207	2682	0	0
D3521.contig208	2671	0	0
D3521.contig209	2658	0	0
D3521.contig210	2654	0	0
D3521.contig211	2647	0	0
D3521.contig212	2641	0	0
D3521.contig213	2624	0	0
D3521.contig214	2597	0	0
D3521.contig215	2595	0	0
D3521.contig216	2592	0	0
D3521.contig217	2577	0	0
D3521.contig218	2577	0	0
D3521.contig219	2558	0	0
D3521.contig220	2539	0	0
D3521.contig221	2535	0	0
D3521.contig222	2507	0	0
D3521.contig223	2503	0	0
D3521.contig224	2494	0	0
D3521.contig225	2492	0	0
D3521.contig226	2478	1	1
D3521.contig227	2472	0	0
D3521.contig228	2472	0	0
D3521.contig229	2470	0	0
D3521.contig230	2457	0	0
D3521.contig231	2447	0	0
D3521.contig232	2446	0	0
D3521.contig233	2445	0	0
D3521.contig234	2437	0	0
D3521.contig235	2428	0	0
D3521.contig236	2422	0	0
D3521.contig237	2407	0	0
D3521.contig238	2401	0	0
D3521.contig239	2400	0	0
D3521.contig240	2385	0	0
D3521.contig241	2354	0	0
D3521.contig242	2345	0	0
D3521.contig243	2339	0	0
D3521.contig244	2338	0	0
D3521.contig245	2334	0	0
D3521.contig246	2298	0	0
D3521.contig247	2297	0	0
D3521.contig248	2288	0	0
D3521.contig249	2277	0	0
D3521.contig250	2257	9	0
D3521.contig251	2252	0	0
D3521.contig252	2250	0	0
D3521.contig253	2248	0	0
D3521.contig254	2247	0	0
D3521.contig255	2243	0	0
D3521.contig256	2235	0	0
D3521.contig257	2213	0	0
D3521.contig258	2211	0	0
D3521.contig259	2199	0	0
D3521.contig260	2199	1	1
D3521.contig261	2195	0	0
D3521.contig262	2185	0	0
D3521.contig263	2180	0	0
D3521.contig264	2178	0	0
D3521.contig265	2157	0	0
D3521.contig266	2144	4	0
D3521.contig267	2137	0	0
D3521.contig268	2131	0	0
D3521.contig269	2128	6	0
D3521.contig270	2113	0	0
D3521.contig271	2111	0	0
D3521.contig272	2089	0	0
D3521.contig273	2075	0	0
D3521.contig274	2067	0	0
D3521.contig275	2067	0	0
D3521.contig276	2065	0	0
D3521.contig277	2047	0	0
D3521.contig278	2047	0	0
D3521.contig279	2045	0	0
D3521.contig280	2033	0	0
D3521.contig281	2032	0	0
D3521.contig282	2032	0	0
D3521.contig283	2004	0	0
D3521.contig284	2001	0	0
D3521.contig285	1996	0	0
D3521.contig286	1987	0	0
D3521.contig287	1975	0	0
D3521.contig288	1963	0	0
D3521.contig289	1960	0	0
D3521.contig290	1958	0	0
D3521.contig291	1956	0	0
D3521.contig292	1943	0	0
D3521.contig293	1940	2	0
D3521.contig294	1939	0	0
D3521.contig295	1939	0	0
D3521.contig296	1932	0	0
D3521.contig297	1929	0	0
D3521.contig298	1926	0	0
D3521.contig299	1924	0	0
D3521.contig300	1924	0	0
D3521.contig301	1924	0	0
D3521.contig302	1922	0	0
D3521.contig303	1919	0	0
D3521.contig304	1911	0	0
D3521.contig305	1901	0	0
D3521.contig306	1896	75	73
D3521.contig307	1895	0	0
D3521.contig308	1890	0	0
D3521.contig309	1889	0	0
D3521.contig310	1888	10168	1916
D3521.contig311	1888	0	0
D3521.contig312	1888	0	0
D3521.contig313	1887	0	0
D3521.contig314	1884	0	0
D3521.contig315	1883	0	0
D3521.contig316	1877	0	0
D3521.contig317	1876	0	0
D3521.contig318	1875	0	0
D3521.contig319	1872	0	0
D3521.contig320	1871	0	0
D3521.contig321	1871	0	0
D3521.contig322	1871	0	0
D3521.contig323	1869	0	0
D3521.contig324	1868	0	0
D3521.contig325	1861	0	0
D3521.contig326	1860	0	0
D3521.contig327	1857	0	0
D3521.contig328	1856	0	0
D3521.contig329	1855	0	0
D3521.contig330	1851	0	0
D3521.contig331	1847	35	3
D3521.contig332	1842	0	0
D3521.contig333	1838	0	0
D3521.contig334	1836	0	0
D3521.contig335	1823	0	0
D3521.contig336	1821	0	0
D3521.contig337	1815	0	0
D3521.contig338	1811	0	0
D3521.contig339	1802	0	0
D3521.contig340	1796	0	0
D3521.contig341	1794	0	0
D3521.contig342	1792	0	0
D3521.contig343	1789	0	0
D3521.contig344	1777	0	0
D3521.contig345	1777	0	0
D3521.contig346	1773	0	0
D3521.contig347	1770	0	0
D3521.contig348	1764	0	0
D3521.contig349	1757	0	0
D3521.contig350	1756	0	0
D3521.contig351	1752	0	0
D3521.contig352	1750	0	0
D3521.contig353	1750	0	0
D3521.contig354	1749	0	0
D3521.contig355	1745	0	0
D3521.contig356	1743	0	0
D3521.contig357	1740	0	0
D3521.contig358	1736	0	0
D3521.contig359	1734	0	0
D3521.contig360	1734	0	0
D3521.contig361	1732	0	0
D3521.contig362	1720	0	0
D3521.contig363	1720	0	0
D3521.contig364	1719	0	0
D3521.contig365	1718	0	0
D3521.contig366	1713	0	0
D3521.contig367	1709	0	0
D3521.contig368	1707	0	0
D3521.contig369	1706	0	0
D3521.contig370	1702	0	0
D3521.contig371	1699	0	0
D3521.contig372	1695	0	0
D3521.contig373	1695	0	0
D3521.contig374	1688	0	0
D3521.contig375	1688	0	0
D3521.contig376	1688	0	0
D3521.contig377	1681	0	0
D3521.contig378	1667	0	0
D3521.contig379	1655	2	2
D3521.contig380	1653	0	0
D3521.contig381	1652	0	0
D3521.contig382	1644	2	0
D3521.contig383	1638	0	0
D3521.contig384	1632	0	0
D3521.contig385	1630	0	0
D3521.contig386	1622	0	0
D3521.contig387	1622	0	0
D3521.contig388	1618	0	0
D3521.contig389	1617	0	0
D3521.contig390	1613	0	0
D3521.contig391	1606	0	0
D3521.contig392	1598	0	0
D3521.contig393	1596	0	0
D3521.contig394	1590	0	0
D3521.contig395	1585	0	0
D3521.contig396	1577	0	0
D3521.contig397	1577	0	0
D3521.contig398	1573	0	0
D3521.contig399	1571	0	0
D3521.contig400	1569	0	0
D3521.contig401	1566	0	0
D3521.contig402	1566	0	0
D3521.contig403	1564	0	0
D3521.contig404	1562	0	0
D3521.contig405	1560	0	0
D3521.contig406	1557	0	0
D3521.contig407	1548	0	0
D3521.contig408	1548	0	0
D3521.contig409	1545	0	0
D3521.contig410	1545	0	0
D3521.contig411	1542	0	0
D3521.contig412	1540	0	0
D3521.contig413	1538	0	0
D3521.contig414	1538	0	0
D3521.contig415	1536	0	0
D3521.contig416	1522	0	0
D3521.contig417	1511	0	0
D3521.contig418	1500	0	0
D3521.contig419	1497	0	0
D3521.contig420	1494	0	0
D3521.contig421	1494	0	0
D3521.contig422	1493	0	0
D3521.contig423	1491	0	0
D3521.contig424	1488	0	0
D3521.contig425	1483	0	0
D3521.contig426	1478	0	0
D3521.contig427	1473	0	0
D3521.contig428	1472	0	0
D3521.contig429	1470	0	0
D3521.contig430	1462	0	0
D3521.contig431	1457	0	0
D3521.contig432	1453	0	0
D3521.contig433	1450	0	0
D3521.contig434	1450	0	0
D3521.contig435	1449	0	0
D3521.contig436	1446	0	0
D3521.contig437	1436	0	0
D3521.contig438	1436	0	0
D3521.contig439	1434	0	0
D3521.contig440	1433	0	0
D3521.contig441	1426	0	0
D3521.contig442	1425	0	0
D3521.contig443	1424	0	0
D3521.contig444	1421	0	0
D3521.contig445	1421	0	0
D3521.contig446	1421	0	0
D3521.contig447	1420	0	0
D3521.contig448	1420	0	0
D3521.contig449	1416	0	0
D3521.contig450	1413	0	0
D3521.contig451	1413	0	0
D3521.contig452	1412	0	0
D3521.contig453	1411	0	0
D3521.contig454	1401	0	0
D3521.contig455	1401	0	0
D3521.contig456	1401	0	0
D3521.contig457	1397	0	0
D3521.contig458	1395	0	0
D3521.contig459	1395	0	0
D3521.contig460	1394	0	0
D3521.contig461	1386	0	0
D3521.contig462	1383	0	0
D3521.contig463	1380	0	0
D3521.contig464	1371	0	0
D3521.contig465	1371	0	0
D3521.contig466	1369	0	0
D3521.contig467	1366	0	0
D3521.contig468	1360	0	0
D3521.contig469	1359	0	0
D3521.contig470	1357	0	0
D3521.contig471	1355	0	0
D3521.contig472	1354	0	0
D3521.contig473	1351	0	0
D3521.contig474	1348	0	0
D3521.contig475	1348	0	0
D3521.contig476	1347	0	0
D3521.contig477	1347	0	0
D3521.contig478	1342	0	0
D3521.contig479	1342	0	0
D3521.contig480	1342	10	8
D3521.contig481	1338	0	0
D3521.contig482	1337	0	0
D3521.contig483	1335	0	0
D3521.contig484	1333	0	0
D3521.contig485	1328	0	0
D3521.contig486	1325	0	0
D3521.contig487	1323	0	0
D3521.contig488	1323	0	0
D3521.contig489	1323	0	0
D3521.contig490	1318	0	0
D3521.contig491	1318	0	0
D3521.contig492	1316	0	0
D3521.contig493	1315	0	0
D3521.contig494	1315	0	0
D3521.contig495	1313	0	0
D3521.contig496	1312	0	0
D3521.contig497	1310	0	0
D3521.contig498	1306	0	0
D3521.contig499	1305	0	0
D3521.contig500	1300	0	0
D3521.contig501	1296	0	0
D3521.contig502	1295	0	0
D3521.contig503	1295	0	0
D3521.contig504	1293	0	0
D3521.contig505	1291	0	0
D3521.contig506	1291	0	0
D3521.contig507	1287	0	0
D3521.contig508	1285	0	0
D3521.contig509	1282	0	0
D3521.contig510	1281	0	0
D3521.contig511	1278	0	0
D3521.contig512	1276	0	0
D3521.contig513	1275	0	0
D3521.contig514	1273	0	0
D3521.contig515	1269	0	0
D3521.contig516	1267	0	0
D3521.contig517	1267	0	0
D3521.contig518	1266	0	0
D3521.contig519	1265	0	0
D3521.contig520	1264	0	0
D3521.contig521	1264	0	0
D3521.contig522	1263	0	0
D3521.contig523	1258	0	0
D3521.contig524	1258	0	0
D3521.contig525	1254	0	0
D3521.contig526	1254	0	0
D3521.contig527	1253	0	0
D3521.contig528	1251	0	0
D3521.contig529	1251	0	0
D3521.contig530	1250	0	0
D3521.contig531	1247	0	0
D3521.contig532	1246	0	0
D3521.contig533	1244	0	0
D3521.contig534	1242	0	0
D3521.contig535	1238	0	0
D3521.contig536	1234	0	0
D3521.contig537	1232	0	0
D3521.contig538	1226	9	0
D3521.contig539	1226	0	0
D3521.contig540	1225	0	0
D3521.contig541	1222	0	0
D3521.contig542	1222	0	0
D3521.contig543	1222	0	0
D3521.contig544	1222	0	0
D3521.contig545	1221	0	0
D3521.contig546	1220	0	0
D3521.contig547	1219	0	0
D3521.contig548	1219	0	0
D3521.contig549	1216	0	0
D3521.contig550	1213	0	0
D3521.contig551	1213	0	0
D3521.contig552	1211	0	0
D3521.contig553	1210	0	0
D3521.contig554	1209	0	0
D3521.contig555	1209	0	0
D3521.contig556	1207	0	0
D3521.contig557	1205	0	0
D3521.contig558	1203	0	0
D3521.contig559	1201	0	0
D3521.contig560	1201	0	0
D3521.contig561	1200	0	0
D3521.contig562	1200	0	0
D3521.contig563	1193	0	0
D3521.contig564	1192	0	0
D3521.contig565	1191	0	0
D3521.contig566	1190	0	0
D3521.contig567	1190	0	0
D3521.contig568	1188	0	0
D3521.contig569	1186	0	0
D3521.contig570	1186	0	0
D3521.contig571	1186	1	1
D3521.contig572	1179	0	0
D3521.contig573	1179	0	0
D3521.contig574	1178	0	0
D3521.contig575	1178	0	0
D3521.contig576	1177	0	0
D3521.contig577	1172	0	0
D3521.contig578	1166	0	0
D3521.contig579	1166	0	0
D3521.contig580	1165	0	0
D3521.contig581	1162	0	0
D3521.contig582	1161	0	0
D3521.contig583	1159	0	0
D3521.contig584	1159	0	0
D3521.contig585	1157	0	0
D3521.contig586	1157	0	0
D3521.contig587	1157	0	0
D3521.contig588	1154	0	0
D3521.contig589	1150	0	0
D3521.contig590	1150	0	0
D3521.contig591	1149	0	0
D3521.contig592	1141	0	0
D3521.contig593	1140	0	0
D3521.contig594	1140	15	13
D3521.contig595	1133	0	0
D3521.contig596	1131	2	0
D3521.contig597	1129	0	0
D3521.contig598	1129	0	0
D3521.contig599	1126	0	0
D3521.contig600	1123	0	0
D3521.contig601	1122	0	0
D3521.contig602	1119	0	0
D3521.contig603	1118	0	0
D3521.contig604	1117	0	0
D3521.contig605	1117	0	0
D3521.contig606	1117	0	0
D3521.contig607	1113	0	0
D3521.contig608	1112	0	0
D3521.contig609	1111	0	0
D3521.contig610	1110	0	0
D3521.contig611	1110	0	0
D3521.contig612	1108	0	0
D3521.contig613	1108	0	0
D3521.contig614	1104	0	0
D3521.contig615	1102	0	0
D3521.contig616	1102	0	0
D3521.contig617	1101	0	0
D3521.contig618	1100	0	0
D3521.contig619	1100	0	0
D3521.contig620	1100	0	0
D3521.contig621	1098	0	0
D3521.contig622	1098	0	0
D3521.contig623	1097	0	0
D3521.contig624	1097	0	0
D3521.contig625	1093	0	0
D3521.contig626	1093	0	0
D3521.contig627	1090	0	0
D3521.contig628	1088	0	0
D3521.contig629	1087	0	0
D3521.contig630	1087	0	0
D3521.contig631	1086	0	0
D3521.contig632	1083	0	0
D3521.contig633	1081	0	0
D3521.contig634	1080	0	0
D3521.contig635	1079	0	0
D3521.contig636	1078	0	0
D3521.contig637	1077	0	0
D3521.contig638	1077	0	0
D3521.contig639	1076	0	0
D3521.contig640	1075	0	0
D3521.contig641	1073	0	0
D3521.contig642	1073	0	0
D3521.contig643	1072	0	0
D3521.contig644	1071	0	0
D3521.contig645	1071	0	0
D3521.contig646	1070	0	0
D3521.contig647	1069	0	0
D3521.contig648	1069	0	0
D3521.contig649	1068	0	0
D3521.contig650	1067	0	0
D3521.contig651	1066	0	0
D3521.contig652	1063	0	0
D3521.contig653	1063	0	0
D3521.contig654	1060	0	0
D3521.contig655	1059	0	0
D3521.contig656	1058	0	0
D3521.contig657	1057	0	0
D3521.contig658	1054	0	0
D3521.contig659	1054	0	0
D3521.contig660	1053	0	0
D3521.contig661	1052	0	0
D3521.contig662	1051	0	0
D3521.contig663	1051	0	0
D3521.contig664	1047	0	0
D3521.contig665	1041	0	0
D3521.contig666	1040	0	0
D3521.contig667	1040	2	0
D3521.contig668	1040	0	0
D3521.contig669	1039	0	0
D3521.contig670	1036	0	0
D3521.contig671	1035	0	0
D3521.contig672	1034	0	0
D3521.contig673	1031	2	0
D3521.contig674	1030	0	0
D3521.contig675	1027	0	0
D3521.contig676	1027	0	0
D3521.contig677	1025	0	0
D3521.contig678	1025	0	0
D3521.contig679	1025	0	0
D3521.contig680	1024	0	0
D3521.contig681	1022	0	0
D3521.contig682	1022	0	0
D3521.contig683	1021	0	0
D3521.contig684	1021	0	0
D3521.contig685	1021	0	0
D3521.contig686	1020	24	24
D3521.contig687	1019	0	0
D3521.contig688	1019	0	0
D3521.contig689	1018	0	0
D3521.contig690	1018	0	0
D3521.contig691	1018	0	0
D3521.contig692	1016	0	0
D3521.contig693	1015	0	0
D3521.contig694	1015	0	0
D3521.contig695	1015	0	0
D3521.contig696	1013	0	0
D3521.contig697	1013	2	0
D3521.contig698	1011	0	0
D3521.contig699	1010	0	0
D3521.contig700	1009	0	0
D3521.contig701	1008	0	0
D3521.contig702	1005	0	0
D3521.contig703	1003	0	0
D3521.contig704	1003	0	0
D3521.contig705	1003	0	0
D3521.contig706	1002	0	0
D3521.contig707	1001	0	0
D3521.contig708	998	0	0
D3521.contig709	998	0	0
D3521.contig710	998	0	0
D3521.contig711	998	0	0
D3521.contig712	997	0	0
D3521.contig713	996	0	0
D3521.contig714	996	0	0
D3521.contig715	995	0	0
D3521.contig716	995	0	0
D3521.contig717	994	0	0
D3521.contig718	993	0	0
D3521.contig719	993	0	0
D3521.contig720	992	0	0
D3521.contig721	991	0	0
D3521.contig722	986	0	0
D3521.contig723	986	0	0
D3521.contig724	985	1	1
D3521.contig725	985	0	0
D3521.contig726	984	0	0
D3521.contig727	983	0	0
D3521.contig728	980	0	0
D3521.contig729	979	0	0
D3521.contig730	978	0	0
D3521.contig731	977	0	0
D3521.contig732	976	0	0
D3521.contig733	976	0	0
D3521.contig734	975	0	0
D3521.contig735	975	0	0
D3521.contig736	974	0	0
D3521.contig737	974	0	0
D3521.contig738	972	0	0
D3521.contig739	971	0	0
D3521.contig740	971	0	0
D3521.contig741	967	0	0
D3521.contig742	966	0	0
D3521.contig743	966	0	0
D3521.contig744	966	0	0
D3521.contig745	965	0	0
D3521.contig746	963	0	0
D3521.contig747	963	0	0
D3521.contig748	961	0	0
D3521.contig749	961	0	0
D3521.contig750	960	0	0
D3521.contig751	960	0	0
D3521.contig752	959	0	0
D3521.contig753	959	0	0
D3521.contig754	957	0	0
D3521.contig755	956	0	0
D3521.contig756	955	124	36
D3521.contig757	954	0	0
D3521.contig758	949	0	0
D3521.contig759	948	0	0
D3521.contig760	947	0	0
D3521.contig761	947	0	0
D3521.contig762	947	0	0
D3521.contig763	945	0	0
D3521.contig764	945	0	0
D3521.contig765	945	0	0
D3521.contig766	942	0	0
D3521.contig767	942	0	0
D3521.contig768	941	0	0
D3521.contig769	940	0	0
D3521.contig770	937	0	0
D3521.contig771	936	2	0
D3521.contig772	935	0	0
D3521.contig773	935	0	0
D3521.contig774	933	0	0
D3521.contig775	933	0	0
D3521.contig776	933	0	0
D3521.contig777	932	0	0
D3521.contig778	932	0	0
D3521.contig779	931	34	29
D3521.contig780	931	0	0
D3521.contig781	931	0	0
D3521.contig782	929	0	0
D3521.contig783	928	0	0
D3521.contig784	928	0	0
D3521.contig785	927	0	0
D3521.contig786	927	0	0
D3521.contig787	927	0	0
D3521.contig788	926	0	0
D3521.contig789	925	0	0
D3521.contig790	925	0	0
D3521.contig791	925	0	0
D3521.contig792	922	0	0
D3521.contig793	922	0	0
D3521.contig794	920	0	0
D3521.contig795	919	0	0
D3521.contig796	918	0	0
D3521.contig797	916	0	0
D3521.contig798	916	0	0
D3521.contig799	915	0	0
D3521.contig800	914	0	0
D3521.contig801	914	0	0
D3521.contig802	914	0	0
D3521.contig803	913	0	0
D3521.contig804	913	0	0
D3521.contig805	913	0	0
D3521.contig806	913	0	0
D3521.contig807	913	0	0
D3521.contig808	911	0	0
D3521.contig809	911	0	0
D3521.contig810	910	0	0
D3521.contig811	910	0	0
D3521.contig812	910	0	0
D3521.contig813	908	0	0
D3521.contig814	908	0	0
D3521.contig815	905	0	0
D3521.contig816	904	0	0
D3521.contig817	904	0	0
D3521.contig818	904	0	0
D3521.contig819	903	0	0
D3521.contig820	903	0	0
D3521.contig821	902	0	0
D3521.contig822	901	0	0
D3521.contig823	899	0	0
D3521.contig824	899	0	0
D3521.contig825	898	0	0
D3521.contig826	898	0	0
D3521.contig827	897	0	0
D3521.contig828	895	0	0
D3521.contig829	895	0	0
D3521.contig830	894	0	0
D3521.contig831	891	0	0
D3521.contig832	890	0	0
D3521.contig833	890	0	0
D3521.contig834	889	0	0
D3521.contig835	888	0	0
D3521.contig836	887	0	0
D3521.contig837	887	0	0
D3521.contig838	885	0	0
D3521.contig839	885	0	0
D3521.contig840	885	0	0
D3521.contig841	884	0	0
D3521.contig842	884	0	0
D3521.contig843	883	0	0
D3521.contig844	883	0	0
D3521.contig845	881	0	0
D3521.contig846	879	0	0
D3521.contig847	879	0	0
D3521.contig848	878	18	8
D3521.contig849	877	0	0
D3521.contig850	876	0	0
D3521.contig851	876	0	0
D3521.contig852	875	0	0
D3521.contig853	875	0	0
D3521.contig854	874	0	0
D3521.contig855	873	0	0
D3521.contig856	873	0	0
D3521.contig857	873	0	0
D3521.contig858	872	0	0
D3521.contig859	872	0	0
D3521.contig860	870	12	12
D3521.contig861	870	0	0
D3521.contig862	870	0	0
D3521.contig863	870	0	0
D3521.contig864	870	0	0
D3521.contig865	869	0	0
D3521.contig866	868	0	0
D3521.contig867	868	0	0
D3521.contig868	867	0	0
D3521.contig869	866	0	0
D3521.contig870	864	0	0
D3521.contig871	863	0	0
D3521.contig872	863	0	0
D3521.contig873	863	0	0
D3521.contig874	862	0	0
D3521.contig875	862	0	0
D3521.contig876	862	0	0
D3521.contig877	861	0	0
D3521.contig878	860	0	0
D3521.contig879	856	0	0
D3521.contig880	856	0	0
D3521.contig881	855	0	0
D3521.contig882	855	0	0
D3521.contig883	854	0	0
D3521.contig884	854	0	0
D3521.contig885	854	0	0
D3521.contig886	854	0	0
D3521.contig887	853	0	0
D3521.contig888	853	0	0
D3521.contig889	853	0	0
D3521.contig890	852	0	0
D3521.contig891	852	0	0
D3521.contig892	852	0	0
D3521.contig893	852	0	0
D3521.contig894	851	0	0
D3521.contig895	851	0	0
D3521.contig896	851	0	0
D3521.contig897	851	0	0
D3521.contig898	849	0	0
D3521.contig899	849	0	0
D3521.contig900	848	0	0
D3521.contig901	848	0	0
D3521.contig902	847	0	0
D3521.contig903	847	0	0
D3521.contig904	847	0	0
D3521.contig905	846	0	0
D3521.contig906	846	0	0
D3521.contig907	845	0	0
D3521.contig908	845	0	0
D3521.contig909	844	0	0
D3521.contig910	844	0	0
D3521.contig911	844	0	0
D3521.contig912	843	0	0
D3521.contig913	842	0	0
D3521.contig914	841	0	0
D3521.contig915	841	0	0
D3521.contig916	841	0	0
D3521.contig917	838	0	0
D3521.contig918	838	0	0
D3521.contig919	837	0	0
D3521.contig920	837	1	1
D3521.contig921	837	0	0
D3521.contig922	836	0	0
D3521.contig923	835	1	1
D3521.contig924	834	0	0
D3521.contig925	834	0	0
D3521.contig926	833	0	0
D3521.contig927	833	0	0
D3521.contig928	832	0	0
D3521.contig929	829	0	0
D3521.contig930	828	0	0
D3521.contig931	828	0	0
D3521.contig932	825	0	0
D3521.contig933	825	0	0
D3521.contig934	824	0	0
D3521.contig935	824	0	0
D3521.contig936	824	0	0
D3521.contig937	824	0	0
D3521.contig938	822	0	0
D3521.contig939	820	0	0
D3521.contig940	820	0	0
D3521.contig941	819	0	0
D3521.contig942	819	0	0
D3521.contig943	818	0	0
D3521.contig944	818	0	0
D3521.contig945	818	0	0
D3521.contig946	817	0	0
D3521.contig947	816	0	0
D3521.contig948	815	0	0
D3521.contig949	814	0	0
D3521.contig950	814	0	0
D3521.contig951	813	0	0
D3521.contig952	812	0	0
D3521.contig953	811	0	0
D3521.contig954	811	0	0
D3521.contig955	810	0	0
D3521.contig956	810	0	0
D3521.contig957	810	0	0
D3521.contig958	810	0	0
D3521.contig959	806	0	0
D3521.contig960	806	0	0
D3521.contig961	805	0	0
D3521.contig962	804	0	0
D3521.contig963	804	0	0
D3521.contig964	804	0	0
D3521.contig965	804	0	0
D3521.contig966	803	0	0
D3521.contig967	802	0	0
D3521.contig968	802	0	0
D3521.contig969	801	0	0
D3521.contig970	801	0	0
D3521.contig971	800	0	0
D3521.contig972	800	0	0
D3521.contig973	799	0	0
D3521.contig974	799	0	0
D3521.contig975	798	0	0
D3521.contig976	798	0	0
D3521.contig977	798	0	0
D3521.contig978	798	0	0
D3521.contig979	797	1	1
D3521.contig980	796	0	0
D3521.contig981	796	0	0
D3521.contig982	795	0	0
D3521.contig983	794	0	0
D3521.contig984	793	0	0
D3521.contig985	793	0	0
D3521.contig986	793	0	0
D3521.contig987	793	0	0
D3521.contig988	792	0	0
D3521.contig989	792	0	0
D3521.contig990	790	0	0
D3521.contig991	790	0	0
D3521.contig992	790	0	0
D3521.contig993	790	0	0
D3521.contig994	790	0	0
D3521.contig995	789	0	0
D3521.contig996	785	0	0
D3521.contig997	785	0	0
D3521.contig998	784	3	1
D3521.contig999	784	0	0
D3521.contig1000	784	0	0
D3521.contig1001	783	0	0
D3521.contig1002	782	0	0
D3521.contig1003	780	0	0
D3521.contig1004	780	0	0
D3521.contig1005	779	0	0
D3521.contig1006	778	0	0
D3521.contig1007	778	9	9
D3521.contig1008	778	0	0
D3521.contig1009	777	0	0
D3521.contig1010	777	0	0
D3521.contig1011	776	0	0
D3521.contig1012	775	0	0
D3521.contig1013	773	0	0
D3521.contig1014	772	0	0
D3521.contig1015	771	0	0
D3521.contig1016	770	0	0
D3521.contig1017	770	0	0
D3521.contig1018	769	0	0
D3521.contig1019	768	0	0
D3521.contig1020	768	0	0
D3521.contig1021	767	0	0
D3521.contig1022	766	0	0
D3521.contig1023	766	0	0
D3521.contig1024	766	0	0
D3521.contig1025	766	0	0
D3521.contig1026	766	0	0
D3521.contig1027	765	0	0
D3521.contig1028	764	0	0
D3521.contig1029	764	0	0
D3521.contig1030	764	0	0
D3521.contig1031	763	0	0
D3521.contig1032	763	0	0
D3521.contig1033	763	0	0
D3521.contig1034	763	0	0
D3521.contig1035	762	0	0
D3521.contig1036	761	0	0
D3521.contig1037	760	0	0
D3521.contig1038	760	0	0
D3521.contig1039	760	0	0
D3521.contig1040	759	0	0
D3521.contig1041	758	0	0
D3521.contig1042	757	0	0
D3521.contig1043	757	0	0
D3521.contig1044	755	81	71
D3521.contig1045	755	0	0
D3521.contig1046	755	0	0
D3521.contig1047	754	0	0
D3521.contig1048	753	0	0
D3521.contig1049	752	0	0
D3521.contig1050	752	0	0
D3521.contig1051	751	0	0
D3521.contig1052	751	0	0
D3521.contig1053	751	0	0
D3521.contig1054	751	0	0
D3521.contig1055	750	0	0
D3521.contig1056	750	0	0
D3521.contig1057	750	0	0
D3521.contig1058	748	0	0
D3521.contig1059	747	0	0
D3521.contig1060	747	0	0
D3521.contig1061	746	0	0
D3521.contig1062	745	0	0
D3521.contig1063	745	0	0
D3521.contig1064	743	0	0
D3521.contig1065	743	0	0
D3521.contig1066	743	0	0
D3521.contig1067	742	0	0
D3521.contig1068	741	0	0
D3521.contig1069	740	0	0
D3521.contig1070	739	0	0
D3521.contig1071	739	0	0
D3521.contig1072	738	0	0
D3521.contig1073	738	0	0
D3521.contig1074	737	0	0
D3521.contig1075	737	0	0
D3521.contig1076	737	0	0
D3521.contig1077	737	0	0
D3521.contig1078	736	0	0
D3521.contig1079	736	0	0
D3521.contig1080	736	0	0
D3521.contig1081	735	0	0
D3521.contig1082	735	0	0
D3521.contig1083	735	0	0
D3521.contig1084	734	0	0
D3521.contig1085	733	0	0
D3521.contig1086	733	0	0
D3521.contig1087	733	0	0
D3521.contig1088	732	0	0
D3521.contig1089	732	0	0
D3521.contig1090	731	0	0
D3521.contig1091	731	0	0
D3521.contig1092	730	0	0
D3521.contig1093	730	0	0
D3521.contig1094	729	0	0
D3521.contig1095	729	0	0
D3521.contig1096	729	0	0
D3521.contig1097	728	0	0
D3521.contig1098	728	0	0
D3521.contig1099	728	0	0
D3521.contig1100	727	0	0
D3521.contig1101	727	0	0
D3521.contig1102	725	0	0
D3521.contig1103	725	0	0
D3521.contig1104	723	0	0
D3521.contig1105	723	0	0
D3521.contig1106	723	0	0
D3521.contig1107	723	0	0
D3521.contig1108	722	0	0
D3521.contig1109	722	0	0
D3521.contig1110	721	0	0
D3521.contig1111	720	0	0
D3521.contig1112	720	0	0
D3521.contig1113	720	0	0
D3521.contig1114	720	0	0
D3521.contig1115	720	0	0
D3521.contig1116	719	0	0
D3521.contig1117	719	0	0
D3521.contig1118	719	0	0
D3521.contig1119	719	0	0
D3521.contig1120	718	0	0
D3521.contig1121	717	0	0
D3521.contig1122	717	0	0
D3521.contig1123	716	0	0
D3521.contig1124	716	0	0
D3521.contig1125	715	0	0
D3521.contig1126	715	0	0
D3521.contig1127	715	0	0
D3521.contig1128	714	0	0
D3521.contig1129	714	0	0
D3521.contig1130	714	0	0
D3521.contig1131	713	0	0
D3521.contig1132	713	0	0
D3521.contig1133	712	0	0
D3521.contig1134	712	0	0
D3521.contig1135	712	0	0
D3521.contig1136	711	0	0
D3521.contig1137	711	0	0
D3521.contig1138	710	0	0
D3521.contig1139	710	0	0
D3521.contig1140	709	0	0
D3521.contig1141	709	0	0
D3521.contig1142	708	0	0
D3521.contig1143	708	0	0
D3521.contig1144	707	0	0
D3521.contig1145	707	0	0
D3521.contig1146	707	0	0
D3521.contig1147	707	0	0
D3521.contig1148	706	0	0
D3521.contig1149	706	0	0
D3521.contig1150	705	0	0
D3521.contig1151	705	0	0
D3521.contig1152	705	0	0
D3521.contig1153	705	0	0
D3521.contig1154	704	0	0
D3521.contig1155	704	0	0
D3521.contig1156	703	0	0
D3521.contig1157	703	0	0
D3521.contig1158	703	0	0
D3521.contig1159	703	0	0
D3521.contig1160	703	0	0
D3521.contig1161	702	0	0
D3521.contig1162	702	0	0
D3521.contig1163	701	0	0
D3521.contig1164	701	0	0
D3521.contig1165	701	0	0
D3521.contig1166	701	0	0
D3521.contig1167	700	0	0
D3521.contig1168	700	0	0
D3521.contig1169	700	0	0
D3521.contig1170	700	0	0
D3521.contig1171	699	0	0
D3521.contig1172	698	0	0
D3521.contig1173	698	0	0
D3521.contig1174	698	0	0
D3521.contig1175	698	0	0
D3521.contig1176	698	0	0
D3521.contig1177	696	0	0
D3521.contig1178	695	0	0
D3521.contig1179	695	0	0
D3521.contig1180	695	0	0
D3521.contig1181	694	0	0
D3521.contig1182	694	0	0
D3521.contig1183	694	0	0
D3521.contig1184	693	0	0
D3521.contig1185	693	0	0
D3521.contig1186	692	0	0
D3521.contig1187	692	0	0
D3521.contig1188	692	0	0
D3521.contig1189	691	0	0
D3521.contig1190	691	0	0
D3521.contig1191	691	0	0
D3521.contig1192	691	0	0
D3521.contig1193	690	0	0
D3521.contig1194	689	0	0
D3521.contig1195	689	0	0
D3521.contig1196	689	0	0
D3521.contig1197	688	0	0
D3521.contig1198	688	0	0
D3521.contig1199	688	0	0
D3521.contig1200	688	0	0
D3521.contig1201	687	0	0
D3521.contig1202	686	0	0
D3521.contig1203	686	0	0
D3521.contig1204	685	0	0
D3521.contig1205	685	0	0
D3521.contig1206	685	0	0
D3521.contig1207	685	0	0
D3521.contig1208	683	0	0
D3521.contig1209	683	0	0
D3521.contig1210	683	0	0
D3521.contig1211	682	0	0
D3521.contig1212	681	0	0
D3521.contig1213	681	0	0
D3521.contig1214	681	0	0
D3521.contig1215	681	0	0
D3521.contig1216	681	0	0
D3521.contig1217	680	0	0
D3521.contig1218	680	0	0
D3521.contig1219	679	0	0
D3521.contig1220	679	0	0
D3521.contig1221	677	0	0
D3521.contig1222	677	0	0
D3521.contig1223	677	0	0
D3521.contig1224	676	0	0
D3521.contig1225	676	0	0
D3521.contig1226	676	0	0
D3521.contig1227	675	0	0
D3521.contig1228	675	0	0
D3521.contig1229	675	154	139
D3521.contig1230	674	0	0
D3521.contig1231	674	0	0
D3521.contig1232	674	0	0
D3521.contig1233	673	0	0
D3521.contig1234	673	0	0
D3521.contig1235	672	0	0
D3521.contig1236	672	0	0
D3521.contig1237	671	0	0
D3521.contig1238	671	0	0
D3521.contig1239	670	0	0
D3521.contig1240	670	0	0
D3521.contig1241	670	0	0
D3521.contig1242	670	0	0
D3521.contig1243	669	0	0
D3521.contig1244	669	0	0
D3521.contig1245	669	0	0
D3521.contig1246	669	0	0
D3521.contig1247	668	0	0
D3521.contig1248	668	0	0
D3521.contig1249	667	0	0
D3521.contig1250	667	0	0
D3521.contig1251	667	0	0
D3521.contig1252	667	0	0
D3521.contig1253	666	0	0
D3521.contig1254	666	0	0
D3521.contig1255	666	0	0
D3521.contig1256	665	0	0
D3521.contig1257	665	0	0
D3521.contig1258	664	0	0
D3521.contig1259	664	0	0
D3521.contig1260	663	0	0
D3521.contig1261	663	0	0
D3521.contig1262	663	0	0
D3521.contig1263	662	0	0
D3521.contig1264	662	0	0
D3521.contig1265	662	0	0
D3521.contig1266	662	0	0
D3521.contig1267	661	54	47
D3521.contig1268	661	0	0
D3521.contig1269	661	0	0
D3521.contig1270	661	0	0
D3521.contig1271	660	0	0
D3521.contig1272	660	0	0
D3521.contig1273	660	0	0
D3521.contig1274	659	0	0
D3521.contig1275	658	0	0
D3521.contig1276	658	0	0
D3521.contig1277	658	0	0
D3521.contig1278	658	0	0
D3521.contig1279	657	0	0
D3521.contig1280	657	1	1
D3521.contig1281	657	0	0
D3521.contig1282	656	0	0
D3521.contig1283	656	0	0
D3521.contig1284	656	0	0
D3521.contig1285	655	0	0
D3521.contig1286	655	0	0
D3521.contig1287	655	0	0
D3521.contig1288	654	0	0
D3521.contig1289	654	0	0
D3521.contig1290	654	0	0
D3521.contig1291	654	0	0
D3521.contig1292	654	0	0
D3521.contig1293	653	0	0
D3521.contig1294	653	0	0
D3521.contig1295	653	0	0
D3521.contig1296	651	0	0
D3521.contig1297	651	0	0
D3521.contig1298	651	0	0
D3521.contig1299	650	0	0
D3521.contig1300	649	0	0
D3521.contig1301	649	0	0
D3521.contig1302	648	0	0
D3521.contig1303	647	0	0
D3521.contig1304	647	1	0
D3521.contig1305	646	0	0
D3521.contig1306	646	0	0
D3521.contig1307	645	0	0
D3521.contig1308	644	0	0
D3521.contig1309	644	0	0
D3521.contig1310	644	0	0
D3521.contig1311	643	0	0
D3521.contig1312	643	0	0
D3521.contig1313	643	0	0
D3521.contig1314	643	0	0
D3521.contig1315	643	0	0
D3521.contig1316	643	0	0
D3521.contig1317	642	0	0
D3521.contig1318	642	0	0
D3521.contig1319	642	0	0
D3521.contig1320	641	0	0
D3521.contig1321	641	0	0
D3521.contig1322	641	0	0
D3521.contig1323	641	0	0
D3521.contig1324	640	0	0
D3521.contig1325	640	0	0
D3521.contig1326	640	0	0
D3521.contig1327	639	0	0
D3521.contig1328	639	0	0
D3521.contig1329	639	0	0
D3521.contig1330	639	0	0
D3521.contig1331	638	0	0
D3521.contig1332	638	0	0
D3521.contig1333	637	0	0
D3521.contig1334	637	0	0
D3521.contig1335	636	0	0
D3521.contig1336	635	0	0
D3521.contig1337	635	0	0
D3521.contig1338	635	0	0
D3521.contig1339	635	0	0
D3521.contig1340	634	0	0
D3521.contig1341	634	0	0
D3521.contig1342	634	0	0
D3521.contig1343	634	0	0
D3521.contig1344	632	0	0
D3521.contig1345	632	0	0
D3521.contig1346	632	0	0
D3521.contig1347	632	0	0
D3521.contig1348	632	0	0
D3521.contig1349	631	0	0
D3521.contig1350	631	0	0
D3521.contig1351	630	0	0
D3521.contig1352	630	0	0
D3521.contig1353	630	0	0
D3521.contig1354	630	0	0
D3521.contig1355	629	0	0
D3521.contig1356	629	0	0
D3521.contig1357	629	0	0
D3521.contig1358	629	0	0
D3521.contig1359	629	0	0
D3521.contig1360	627	0	0
D3521.contig1361	627	0	0
D3521.contig1362	626	0	0
D3521.contig1363	626	0	0
D3521.contig1364	626	0	0
D3521.contig1365	626	0	0
D3521.contig1366	626	0	0
D3521.contig1367	625	0	0
D3521.contig1368	625	0	0
D3521.contig1369	625	0	0
D3521.contig1370	625	0	0
D3521.contig1371	624	0	0
D3521.contig1372	623	0	0
D3521.contig1373	623	0	0
D3521.contig1374	623	0	0
D3521.contig1375	623	0	0
D3521.contig1376	623	0	0
D3521.contig1377	623	0	0
D3521.contig1378	623	0	0
D3521.contig1379	623	0	0
D3521.contig1380	622	0	0
D3521.contig1381	622	0	0
D3521.contig1382	622	0	0
D3521.contig1383	622	0	0
D3521.contig1384	622	0	0
D3521.contig1385	621	0	0
D3521.contig1386	621	0	0
D3521.contig1387	621	0	0
D3521.contig1388	621	0	0
D3521.contig1389	620	0	0
D3521.contig1390	620	0	0
D3521.contig1391	619	0	0
D3521.contig1392	619	13	13
D3521.contig1393	618	0	0
D3521.contig1394	618	0	0
D3521.contig1395	618	0	0
D3521.contig1396	618	0	0
D3521.contig1397	618	0	0
D3521.contig1398	617	0	0
D3521.contig1399	617	0	0
D3521.contig1400	617	0	0
D3521.contig1401	616	0	0
D3521.contig1402	616	0	0
D3521.contig1403	616	0	0
D3521.contig1404	615	0	0
D3521.contig1405	614	0	0
D3521.contig1406	612	0	0
D3521.contig1407	612	0	0
D3521.contig1408	612	0	0
D3521.contig1409	612	0	0
D3521.contig1410	611	0	0
D3521.contig1411	611	0	0
D3521.contig1412	611	0	0
D3521.contig1413	611	0	0
D3521.contig1414	610	0	0
D3521.contig1415	610	0	0
D3521.contig1416	610	0	0
D3521.contig1417	610	0	0
D3521.contig1418	610	0	0
D3521.contig1419	610	0	0
D3521.contig1420	609	0	0
D3521.contig1421	609	0	0
D3521.contig1422	608	0	0
D3521.contig1423	608	0	0
D3521.contig1424	608	25	25
D3521.contig1425	607	0	0
D3521.contig1426	607	0	0
D3521.contig1427	607	0	0
D3521.contig1428	606	0	0
D3521.contig1429	606	0	0
D3521.contig1430	606	0	0
D3521.contig1431	605	0	0
D3521.contig1432	605	0	0
D3521.contig1433	605	0	0
D3521.contig1434	604	0	0
D3521.contig1435	604	0	0
D3521.contig1436	603	0	0
D3521.contig1437	603	0	0
D3521.contig1438	603	0	0
D3521.contig1439	603	0	0
D3521.contig1440	603	0	0
D3521.contig1441	603	0	0
D3521.contig1442	602	0	0
D3521.contig1443	602	0	0
D3521.contig1444	602	0	0
D3521.contig1445	601	0	0
D3521.contig1446	601	0	0
D3521.contig1447	601	0	0
D3521.contig1448	600	0	0
D3521.contig1449	599	0	0
D3521.contig1450	599	0	0
D3521.contig1451	599	0	0
D3521.contig1452	599	0	0
D3521.contig1453	599	0	0
D3521.contig1454	599	0	0
D3521.contig1455	599	0	0
D3521.contig1456	598	0	0
D3521.contig1457	598	0	0
D3521.contig1458	598	0	0
D3521.contig1459	598	0	0
D3521.contig1460	598	0	0
D3521.contig1461	597	0	0
D3521.contig1462	597	0	0
D3521.contig1463	597	0	0
D3521.contig1464	597	0	0
D3521.contig1465	597	0	0
D3521.contig1466	596	0	0
D3521.contig1467	596	0	0
D3521.contig1468	595	0	0
D3521.contig1469	595	0	0
D3521.contig1470	594	0	0
D3521.contig1471	594	0	0
D3521.contig1472	594	0	0
D3521.contig1473	594	0	0
D3521.contig1474	594	0	0
D3521.contig1475	594	0	0
D3521.contig1476	593	0	0
D3521.contig1477	593	0	0
D3521.contig1478	593	0	0
D3521.contig1479	593	0	0
D3521.contig1480	593	0	0
D3521.contig1481	593	0	0
D3521.contig1482	592	0	0
D3521.contig1483	592	0	0
D3521.contig1484	592	0	0
D3521.contig1485	592	0	0
D3521.contig1486	591	0	0
D3521.contig1487	591	0	0
D3521.contig1488	590	0	0
D3521.contig1489	589	0	0
D3521.contig1490	589	0	0
D3521.contig1491	589	0	0
D3521.contig1492	587	0	0
D3521.contig1493	587	0	0
D3521.contig1494	587	0	0
D3521.contig1495	586	0	0
D3521.contig1496	586	0	0
D3521.contig1497	586	0	0
D3521.contig1498	585	1	0
D3521.contig1499	585	0	0
D3521.contig1500	585	0	0
D3521.contig1501	585	0	0
D3521.contig1502	584	0	0
D3521.contig1503	583	0	0
D3521.contig1504	583	0	0
D3521.contig1505	583	0	0
D3521.contig1506	582	0	0
D3521.contig1507	582	0	0
D3521.contig1508	582	0	0
D3521.contig1509	582	0	0
D3521.contig1510	581	0	0
D3521.contig1511	580	0	0
D3521.contig1512	580	0	0
D3521.contig1513	580	0	0
D3521.contig1514	580	0	0
D3521.contig1515	579	0	0
D3521.contig1516	579	0	0
D3521.contig1517	579	0	0
D3521.contig1518	579	0	0
D3521.contig1519	578	0	0
D3521.contig1520	578	0	0
D3521.contig1521	577	0	0
D3521.contig1522	576	0	0
D3521.contig1523	576	0	0
D3521.contig1524	575	0	0
D3521.contig1525	575	0	0
D3521.contig1526	575	0	0
D3521.contig1527	575	0	0
D3521.contig1528	574	0	0
D3521.contig1529	574	0	0
D3521.contig1530	574	0	0
D3521.contig1531	573	0	0
D3521.contig1532	573	0	0
D3521.contig1533	573	0	0
D3521.contig1534	572	0	0
D3521.contig1535	571	0	0
D3521.contig1536	571	0	0
D3521.contig1537	571	0	0
D3521.contig1538	571	0	0
D3521.contig1539	571	0	0
D3521.contig1540	570	0	0
D3521.contig1541	570	0	0
D3521.contig1542	570	0	0
D3521.contig1543	570	0	0
D3521.contig1544	570	0	0
D3521.contig1545	570	0	0
D3521.contig1546	570	0	0
D3521.contig1547	570	0	0
D3521.contig1548	570	0	0
D3521.contig1549	569	0	0
D3521.contig1550	569	0	0
D3521.contig1551	569	0	0
D3521.contig1552	568	0	0
D3521.contig1553	568	0	0
D3521.contig1554	568	0	0
D3521.contig1555	568	0	0
D3521.contig1556	568	0	0
D3521.contig1557	567	0	0
D3521.contig1558	567	0	0
D3521.contig1559	567	0	0
D3521.contig1560	566	0	0
D3521.contig1561	566	0	0
D3521.contig1562	566	0	0
D3521.contig1563	566	0	0
D3521.contig1564	565	0	0
D3521.contig1565	565	0	0
D3521.contig1566	565	0	0
D3521.contig1567	565	0	0
D3521.contig1568	565	0	0
D3521.contig1569	565	0	0
D3521.contig1570	564	0	0
D3521.contig1571	564	0	0
D3521.contig1572	564	0	0
D3521.contig1573	564	0	0
D3521.contig1574	563	0	0
D3521.contig1575	563	0	0
D3521.contig1576	563	0	0
D3521.contig1577	563	0	0
D3521.contig1578	563	0	0
D3521.contig1579	562	0	0
D3521.contig1580	562	0	0
D3521.contig1581	562	0	0
D3521.contig1582	562	0	0
D3521.contig1583	561	0	0
D3521.contig1584	561	0	0
D3521.contig1585	561	0	0
D3521.contig1586	560	0	0
D3521.contig1587	560	0	0
D3521.contig1588	560	0	0
D3521.contig1589	559	0	0
D3521.contig1590	559	0	0
D3521.contig1591	559	0	0
D3521.contig1592	557	0	0
D3521.contig1593	557	0	0
D3521.contig1594	557	0	0
D3521.contig1595	556	0	0
D3521.contig1596	555	0	0
D3521.contig1597	555	0	0
D3521.contig1598	555	0	0
D3521.contig1599	555	0	0
D3521.contig1600	554	0	0
D3521.contig1601	554	0	0
D3521.contig1602	554	0	0
D3521.contig1603	554	0	0
D3521.contig1604	553	0	0
D3521.contig1605	553	0	0
D3521.contig1606	553	0	0
D3521.contig1607	552	0	0
D3521.contig1608	552	0	0
D3521.contig1609	552	0	0
D3521.contig1610	552	1	1
D3521.contig1611	551	0	0
D3521.contig1612	551	0	0
D3521.contig1613	551	0	0
D3521.contig1614	551	0	0
D3521.contig1615	551	0	0
D3521.contig1616	551	0	0
D3521.contig1617	551	0	0
D3521.contig1618	550	0	0
D3521.contig1619	550	0	0
D3521.contig1620	550	0	0
D3521.contig1621	550	0	0
D3521.contig1622	549	0	0
D3521.contig1623	549	0	0
D3521.contig1624	549	0	0
D3521.contig1625	549	0	0
D3521.contig1626	549	0	0
D3521.contig1627	548	0	0
D3521.contig1628	548	0	0
D3521.contig1629	548	0	0
D3521.contig1630	548	0	0
D3521.contig1631	548	0	0
D3521.contig1632	548	0	0
D3521.contig1633	548	0	0
D3521.contig1634	548	0	0
D3521.contig1635	547	0	0
D3521.contig1636	547	0	0
D3521.contig1637	546	0	0
D3521.contig1638	546	0	0
D3521.contig1639	546	0	0
D3521.contig1640	545	0	0
D3521.contig1641	545	0	0
D3521.contig1642	545	0	0
D3521.contig1643	544	0	0
D3521.contig1644	544	0	0
D3521.contig1645	544	0	0
D3521.contig1646	544	0	0
D3521.contig1647	544	0	0
D3521.contig1648	544	0	0
D3521.contig1649	543	0	0
D3521.contig1650	543	0	0
D3521.contig1651	543	0	0
D3521.contig1652	543	0	0
D3521.contig1653	543	0	0
D3521.contig1654	542	0	0
D3521.contig1655	542	0	0
D3521.contig1656	542	0	0
D3521.contig1657	542	0	0
D3521.contig1658	542	0	0
D3521.contig1659	542	0	0
D3521.contig1660	541	0	0
D3521.contig1661	541	0	0
D3521.contig1662	541	0	0
D3521.contig1663	540	0	0
D3521.contig1664	540	0	0
D3521.contig1665	540	0	0
D3521.contig1666	540	0	0
D3521.contig1667	540	0	0
D3521.contig1668	540	0	0
D3521.contig1669	539	0	0
D3521.contig1670	539	0	0
D3521.contig1671	538	0	0
D3521.contig1672	538	0	0
D3521.contig1673	538	0	0
D3521.contig1674	538	0	0
D3521.contig1675	538	0	0
D3521.contig1676	538	0	0
D3521.contig1677	537	0	0
D3521.contig1678	537	0	0
D3521.contig1679	537	0	0
D3521.contig1680	537	0	0
D3521.contig1681	537	0	0
D3521.contig1682	536	0	0
D3521.contig1683	536	0	0
D3521.contig1684	536	0	0
D3521.contig1685	536	0	0
D3521.contig1686	536	0	0
D3521.contig1687	536	0	0
D3521.contig1688	535	0	0
D3521.contig1689	535	0	0
D3521.contig1690	535	0	0
D3521.contig1691	535	0	0
D3521.contig1692	535	0	0
D3521.contig1693	534	0	0
D3521.contig1694	534	0	0
D3521.contig1695	534	0	0
D3521.contig1696	533	0	0
D3521.contig1697	533	0	0
D3521.contig1698	533	0	0
D3521.contig1699	533	0	0
D3521.contig1700	532	0	0
D3521.contig1701	532	0	0
D3521.contig1702	532	0	0
D3521.contig1703	532	0	0
D3521.contig1704	532	0	0
D3521.contig1705	532	0	0
D3521.contig1706	532	0	0
D3521.contig1707	531	0	0
D3521.contig1708	531	0	0
D3521.contig1709	531	0	0
D3521.contig1710	531	0	0
D3521.contig1711	530	0	0
D3521.contig1712	530	0	0
D3521.contig1713	530	0	0
D3521.contig1714	530	0	0
D3521.contig1715	530	0	0
D3521.contig1716	530	0	0
D3521.contig1717	530	0	0
D3521.contig1718	529	0	0
D3521.contig1719	529	0	0
D3521.contig1720	528	2	2
D3521.contig1721	528	0	0
D3521.contig1722	528	0	0
D3521.contig1723	528	0	0
D3521.contig1724	528	0	0
D3521.contig1725	528	0	0
D3521.contig1726	527	0	0
D3521.contig1727	527	0	0
D3521.contig1728	527	0	0
D3521.contig1729	526	0	0
D3521.contig1730	526	0	0
D3521.contig1731	526	0	0
D3521.contig1732	526	0	0
D3521.contig1733	526	0	0
D3521.contig1734	525	0	0
D3521.contig1735	525	0	0
D3521.contig1736	525	0	0
D3521.contig1737	525	0	0
D3521.contig1738	525	0	0
D3521.contig1739	524	0	0
D3521.contig1740	524	0	0
D3521.contig1741	524	0	0
D3521.contig1742	524	0	0
D3521.contig1743	524	0	0
D3521.contig1744	524	0	0
D3521.contig1745	524	0	0
D3521.contig1746	523	0	0
D3521.contig1747	523	0	0
D3521.contig1748	523	0	0
D3521.contig1749	523	0	0
D3521.contig1750	523	0	0
D3521.contig1751	523	0	0
D3521.contig1752	523	0	0
D3521.contig1753	523	0	0
D3521.contig1754	522	0	0
D3521.contig1755	522	0	0
D3521.contig1756	522	0	0
D3521.contig1757	522	0	0
D3521.contig1758	522	0	0
D3521.contig1759	521	0	0
D3521.contig1760	521	0	0
D3521.contig1761	520	0	0
D3521.contig1762	520	0	0
D3521.contig1763	520	0	0
D3521.contig1764	519	0	0
D3521.contig1765	519	0	0
D3521.contig1766	519	0	0
D3521.contig1767	519	0	0
D3521.contig1768	518	0	0
D3521.contig1769	518	0	0
D3521.contig1770	518	0	0
D3521.contig1771	518	0	0
D3521.contig1772	518	0	0
D3521.contig1773	517	0	0
D3521.contig1774	516	0	0
D3521.contig1775	516	0	0
D3521.contig1776	516	0	0
D3521.contig1777	516	0	0
D3521.contig1778	515	0	0
D3521.contig1779	515	0	0
D3521.contig1780	515	0	0
D3521.contig1781	515	0	0
D3521.contig1782	514	0	0
D3521.contig1783	514	0	0
D3521.contig1784	513	0	0
D3521.contig1785	513	0	0
D3521.contig1786	513	0	0
D3521.contig1787	513	0	0
D3521.contig1788	513	0	0
D3521.contig1789	513	0	0
D3521.contig1790	513	0	0
D3521.contig1791	513	0	0
D3521.contig1792	512	0	0
D3521.contig1793	512	0	0
D3521.contig1794	512	0	0
D3521.contig1795	512	0	0
D3521.contig1796	511	0	0
D3521.contig1797	511	0	0
D3521.contig1798	511	0	0
D3521.contig1799	511	0	0
D3521.contig1800	511	0	0
D3521.contig1801	511	0	0
D3521.contig1802	510	0	0
D3521.contig1803	510	0	0
D3521.contig1804	510	0	0
D3521.contig1805	510	0	0
D3521.contig1806	510	0	0
D3521.contig1807	510	0	0
D3521.contig1808	509	0	0
D3521.contig1809	509	0	0
D3521.contig1810	509	0	0
D3521.contig1811	509	0	0
D3521.contig1812	509	0	0
D3521.contig1813	509	118253	62591
D3521.contig1814	508	0	0
D3521.contig1815	508	0	0
D3521.contig1816	508	0	0
D3521.contig1817	507	0	0
D3521.contig1818	507	0	0
D3521.contig1819	507	0	0
D3521.contig1820	507	0	0
D3521.contig1821	506	0	0
D3521.contig1822	505	0	0
D3521.contig1823	505	0	0
D3521.contig1824	505	0	0
D3521.contig1825	504	0	0
D3521.contig1826	504	0	0
D3521.contig1827	504	0	0
D3521.contig1828	504	0	0
D3521.contig1829	504	0	0
D3521.contig1830	504	0	0
D3521.contig1831	503	0	0
D3521.contig1832	503	0	0
D3521.contig1833	503	0	0
D3521.contig1834	503	0	0
D3521.contig1835	502	0	0
D3521.contig1836	502	0	0
D3521.contig1837	502	0	0
D3521.contig1838	501	0	0
D3521.contig1839	501	0	0
D3521.contig1840	501	0	0
D3521.contig1841	501	0	0
D3521.contig1842	501	0	0
D3521.contig1843	501	0	0
D3521.contig1844	500	0	0
D3521.contig1845	500	0	0
D3521.contig1846	500	0	0
D3521.contig1847	500	0	0
D3521.contig1848	500	0	0
D3521.contig1849	500	0	0
D3521.contig1850	500	0	0
D3521.contig1851	499	0	0
D3521.contig1852	499	0	0
D3521.contig1853	499	0	0
D3521.contig1854	499	0	0
D3521.contig1855	499	1	1
D3521.contig1856	499	0	0
D3521.contig1857	498	0	0
D3521.contig1858	498	0	0
D3521.contig1859	498	0	0
D3521.contig1860	498	0	0
D3521.contig1861	498	0	0
D3521.contig1862	497	0	0
D3521.contig1863	497	0	0
D3521.contig1864	497	0	0
D3521.contig1865	497	0	0
D3521.contig1866	496	0	0
D3521.contig1867	496	0	0
D3521.contig1868	496	0	0
D3521.contig1869	496	0	0
D3521.contig1870	495	0	0
D3521.contig1871	495	0	0
D3521.contig1872	495	0	0
D3521.contig1873	495	0	0
D3521.contig1874	495	0	0
D3521.contig1875	495	0	0
D3521.contig1876	495	0	0
D3521.contig1877	495	0	0
D3521.contig1878	495	0	0
D3521.contig1879	494	0	0
D3521.contig1880	494	0	0
D3521.contig1881	494	0	0
D3521.contig1882	494	0	0
D3521.contig1883	493	0	0
D3521.contig1884	493	0	0
D3521.contig1885	493	0	0
D3521.contig1886	492	0	0
D3521.contig1887	492	0	0
D3521.contig1888	492	0	0
D3521.contig1889	492	0	0
D3521.contig1890	491	0	0
D3521.contig1891	491	0	0
D3521.contig1892	491	0	0
D3521.contig1893	490	0	0
D3521.contig1894	490	0	0
D3521.contig1895	490	0	0
D3521.contig1896	490	0	0
D3521.contig1897	490	0	0
D3521.contig1898	489	0	0
D3521.contig1899	489	0	0
D3521.contig1900	489	0	0
D3521.contig1901	489	0	0
D3521.contig1902	489	0	0
D3521.contig1903	489	0	0
D3521.contig1904	488	0	0
D3521.contig1905	488	0	0
D3521.contig1906	488	0	0
D3521.contig1907	488	0	0
D3521.contig1908	488	0	0
D3521.contig1909	488	0	0
D3521.contig1910	488	0	0
D3521.contig1911	487	0	0
D3521.contig1912	487	0	0
D3521.contig1913	487	0	0
D3521.contig1914	486	0	0
D3521.contig1915	485	0	0
D3521.contig1916	485	0	0
D3521.contig1917	485	0	0
D3521.contig1918	485	0	0
D3521.contig1919	484	0	0
D3521.contig1920	484	0	0
D3521.contig1921	484	0	0
D3521.contig1922	484	0	0
D3521.contig1923	484	0	0
D3521.contig1924	483	0	0
D3521.contig1925	483	0	0
D3521.contig1926	482	0	0
D3521.contig1927	482	0	0
D3521.contig1928	482	0	0
D3521.contig1929	482	0	0
D3521.contig1930	482	12	12
D3521.contig1931	482	0	0
D3521.contig1932	481	0	0
D3521.contig1933	481	0	0
D3521.contig1934	481	0	0
D3521.contig1935	481	0	0
D3521.contig1936	481	0	0
D3521.contig1937	481	0	0
D3521.contig1938	481	0	0
D3521.contig1939	481	0	0
D3521.contig1940	481	0	0
D3521.contig1941	480	0	0
D3521.contig1942	480	0	0
D3521.contig1943	480	0	0
D3521.contig1944	480	0	0
D3521.contig1945	480	1	1
D3521.contig1946	480	0	0
D3521.contig1947	480	0	0
D3521.contig1948	480	0	0
D3521.contig1949	480	0	0
D3521.contig1950	480	0	0
D3521.contig1951	479	0	0
D3521.contig1952	479	0	0
D3521.contig1953	479	0	0
D3521.contig1954	478	0	0
D3521.contig1955	478	0	0
D3521.contig1956	478	0	0
D3521.contig1957	478	0	0
D3521.contig1958	477	0	0
D3521.contig1959	477	0	0
D3521.contig1960	477	0	0
D3521.contig1961	477	0	0
D3521.contig1962	477	0	0
D3521.contig1963	477	0	0
D3521.contig1964	476	0	0
D3521.contig1965	476	0	0
D3521.contig1966	475	0	0
D3521.contig1967	475	0	0
D3521.contig1968	475	0	0
D3521.contig1969	474	0	0
D3521.contig1970	474	0	0
D3521.contig1971	474	0	0
D3521.contig1972	474	0	0
D3521.contig1973	474	0	0
D3521.contig1974	474	0	0
D3521.contig1975	474	0	0
D3521.contig1976	474	0	0
D3521.contig1977	474	0	0
D3521.contig1978	473	2	2
D3521.contig1979	473	0	0
D3521.contig1980	473	0	0
D3521.contig1981	473	0	0
D3521.contig1982	473	0	0
D3521.contig1983	473	0	0
D3521.contig1984	473	0	0
D3521.contig1985	473	0	0
D3521.contig1986	472	0	0
D3521.contig1987	472	0	0
D3521.contig1988	472	0	0
D3521.contig1989	472	0	0
D3521.contig1990	472	0	0
D3521.contig1991	472	0	0
D3521.contig1992	471	0	0
D3521.contig1993	471	0	0
D3521.contig1994	471	0	0
D3521.contig1995	471	0	0
D3521.contig1996	471	0	0
D3521.contig1997	470	0	0
D3521.contig1998	470	0	0
D3521.contig1999	470	0	0
D3521.contig2000	470	0	0
D3521.contig2001	470	0	0
D3521.contig2002	470	0	0
D3521.contig2003	470	0	0
D3521.contig2004	470	0	0
D3521.contig2005	470	0	0
D3521.contig2006	469	0	0
D3521.contig2007	469	0	0
D3521.contig2008	469	0	0
D3521.contig2009	469	0	0
D3521.contig2010	468	0	0
D3521.contig2011	468	2	0
D3521.contig2012	468	0	0
D3521.contig2013	468	0	0
D3521.contig2014	468	0	0
D3521.contig2015	468	0	0
D3521.contig2016	467	0	0
D3521.contig2017	467	0	0
D3521.contig2018	467	0	0
D3521.contig2019	467	0	0
D3521.contig2020	467	0	0
D3521.contig2021	467	0	0
D3521.contig2022	467	0	0
D3521.contig2023	467	0	0
D3521.contig2024	466	0	0
D3521.contig2025	466	0	0
D3521.contig2026	466	0	0
D3521.contig2027	466	0	0
D3521.contig2028	466	0	0
D3521.contig2029	466	0	0
D3521.contig2030	465	0	0
D3521.contig2031	465	0	0
D3521.contig2032	465	0	0
D3521.contig2033	465	0	0
D3521.contig2034	465	0	0
D3521.contig2035	465	0	0
D3521.contig2036	464	0	0
D3521.contig2037	464	0	0
D3521.contig2038	464	0	0
D3521.contig2039	464	0	0
D3521.contig2040	464	0	0
D3521.contig2041	464	0	0
D3521.contig2042	464	0	0
D3521.contig2043	464	0	0
D3521.contig2044	463	0	0
D3521.contig2045	463	0	0
D3521.contig2046	463	0	0
D3521.contig2047	463	0	0
D3521.contig2048	463	0	0
D3521.contig2049	463	0	0
D3521.contig2050	463	0	0
D3521.contig2051	463	0	0
D3521.contig2052	463	0	0
D3521.contig2053	463	0	0
D3521.contig2054	462	0	0
D3521.contig2055	462	0	0
D3521.contig2056	462	0	0
D3521.contig2057	462	0	0
D3521.contig2058	462	0	0
D3521.contig2059	462	0	0
D3521.contig2060	462	0	0
D3521.contig2061	461	0	0
D3521.contig2062	461	0	0
D3521.contig2063	461	0	0
D3521.contig2064	461	0	0
D3521.contig2065	461	0	0
D3521.contig2066	460	0	0
D3521.contig2067	460	0	0
D3521.contig2068	460	0	0
D3521.contig2069	460	0	0
D3521.contig2070	460	0	0
D3521.contig2071	460	0	0
D3521.contig2072	459	0	0
D3521.contig2073	459	0	0
D3521.contig2074	459	0	0
D3521.contig2075	459	0	0
D3521.contig2076	459	0	0
D3521.contig2077	459	0	0
D3521.contig2078	458	0	0
D3521.contig2079	458	0	0
D3521.contig2080	458	0	0
D3521.contig2081	458	0	0
D3521.contig2082	458	0	0
D3521.contig2083	457	0	0
D3521.contig2084	457	0	0
D3521.contig2085	457	0	0
D3521.contig2086	457	0	0
D3521.contig2087	457	0	0
D3521.contig2088	457	0	0
D3521.contig2089	457	0	0
D3521.contig2090	457	0	0
D3521.contig2091	457	0	0
D3521.contig2092	456	0	0
D3521.contig2093	456	0	0
D3521.contig2094	456	0	0
D3521.contig2095	456	0	0
D3521.contig2096	456	0	0
D3521.contig2097	456	0	0
D3521.contig2098	456	0	0
D3521.contig2099	456	0	0
D3521.contig2100	456	0	0
D3521.contig2101	456	0	0
D3521.contig2102	455	0	0
D3521.contig2103	455	0	0
D3521.contig2104	455	0	0
D3521.contig2105	455	0	0
D3521.contig2106	455	0	0
D3521.contig2107	455	0	0
D3521.contig2108	455	0	0
D3521.contig2109	454	0	0
D3521.contig2110	454	0	0
D3521.contig2111	454	0	0
D3521.contig2112	454	0	0
D3521.contig2113	454	104	96
D3521.contig2114	454	0	0
D3521.contig2115	454	0	0
D3521.contig2116	454	0	0
D3521.contig2117	453	0	0
D3521.contig2118	453	0	0
D3521.contig2119	453	0	0
D3521.contig2120	453	0	0
D3521.contig2121	453	0	0
D3521.contig2122	453	0	0
D3521.contig2123	453	0	0
D3521.contig2124	452	0	0
D3521.contig2125	452	0	0
D3521.contig2126	452	0	0
D3521.contig2127	452	0	0
D3521.contig2128	452	0	0
D3521.contig2129	452	0	0
D3521.contig2130	452	1	1
D3521.contig2131	451	0	0
D3521.contig2132	451	0	0
D3521.contig2133	451	0	0
D3521.contig2134	451	0	0
D3521.contig2135	451	0	0
D3521.contig2136	451	0	0
D3521.contig2137	451	0	0
D3521.contig2138	450	0	0
D3521.contig2139	450	0	0
D3521.contig2140	450	0	0
D3521.contig2141	450	0	0
D3521.contig2142	450	0	0
D3521.contig2143	450	0	0
D3521.contig2144	450	0	0
D3521.contig2145	450	0	0
D3521.contig2146	450	0	0
D3521.contig2147	450	0	0
D3521.contig2148	450	0	0
D3521.contig2149	450	0	0
D3521.contig2150	449	0	0
D3521.contig2151	449	0	0
D3521.contig2152	449	0	0
D3521.contig2153	449	0	0
D3521.contig2154	449	0	0
D3521.contig2155	449	0	0
D3521.contig2156	449	0	0
D3521.contig2157	449	0	0
D3521.contig2158	449	0	0
D3521.contig2159	449	0	0
D3521.contig2160	448	0	0
D3521.contig2161	448	0	0
D3521.contig2162	448	0	0
D3521.contig2163	448	0	0
D3521.contig2164	448	0	0
D3521.contig2165	448	0	0
D3521.contig2166	447	0	0
D3521.contig2167	447	0	0
D3521.contig2168	447	0	0
D3521.contig2169	447	0	0
D3521.contig2170	447	0	0
D3521.contig2171	446	0	0
D3521.contig2172	446	0	0
D3521.contig2173	446	0	0
D3521.contig2174	446	0	0
D3521.contig2175	446	0	0
D3521.contig2176	446	0	0
D3521.contig2177	446	0	0
D3521.contig2178	446	0	0
D3521.contig2179	445	0	0
D3521.contig2180	445	0	0
D3521.contig2181	445	0	0
D3521.contig2182	445	0	0
D3521.contig2183	445	0	0
D3521.contig2184	445	0	0
D3521.contig2185	445	0	0
D3521.contig2186	445	0	0
D3521.contig2187	445	0	0
D3521.contig2188	445	0	0
D3521.contig2189	444	0	0
D3521.contig2190	444	0	0
D3521.contig2191	444	0	0
D3521.contig2192	444	0	0
D3521.contig2193	444	0	0
D3521.contig2194	443	0	0
D3521.contig2195	443	0	0
D3521.contig2196	443	0	0
D3521.contig2197	443	0	0
D3521.contig2198	443	0	0
D3521.contig2199	443	0	0
D3521.contig2200	443	0	0
D3521.contig2201	443	0	0
D3521.contig2202	442	0	0
D3521.contig2203	442	0	0
D3521.contig2204	442	0	0
D3521.contig2205	442	0	0
D3521.contig2206	442	0	0
D3521.contig2207	442	0	0
D3521.contig2208	441	0	0
D3521.contig2209	441	203	153
D3521.contig2210	441	0	0
D3521.contig2211	441	0	0
D3521.contig2212	440	0	0
D3521.contig2213	440	0	0
D3521.contig2214	440	0	0
D3521.contig2215	440	0	0
D3521.contig2216	440	0	0
D3521.contig2217	440	0	0
D3521.contig2218	440	0	0
D3521.contig2219	440	0	0
D3521.contig2220	439	0	0
D3521.contig2221	439	0	0
D3521.contig2222	439	0	0
D3521.contig2223	439	1	1
D3521.contig2224	439	0	0
D3521.contig2225	439	0	0
D3521.contig2226	438	0	0
D3521.contig2227	438	0	0
D3521.contig2228	438	0	0
D3521.contig2229	438	0	0
D3521.contig2230	438	0	0
D3521.contig2231	437	36	36
D3521.contig2232	437	0	0
D3521.contig2233	437	0	0
D3521.contig2234	437	0	0
D3521.contig2235	437	0	0
D3521.contig2236	437	0	0
D3521.contig2237	436	0	0
D3521.contig2238	436	0	0
D3521.contig2239	436	0	0
D3521.contig2240	436	0	0
D3521.contig2241	435	0	0
D3521.contig2242	435	0	0
D3521.contig2243	435	0	0
D3521.contig2244	435	0	0
D3521.contig2245	435	0	0
D3521.contig2246	435	0	0
D3521.contig2247	434	0	0
D3521.contig2248	434	0	0
D3521.contig2249	434	0	0
D3521.contig2250	434	0	0
D3521.contig2251	434	0	0
D3521.contig2252	434	0	0
D3521.contig2253	434	0	0
D3521.contig2254	433	0	0
D3521.contig2255	433	0	0
D3521.contig2256	433	0	0
D3521.contig2257	433	0	0
D3521.contig2258	433	0	0
D3521.contig2259	433	0	0
D3521.contig2260	432	0	0
D3521.contig2261	432	0	0
D3521.contig2262	432	0	0
D3521.contig2263	432	0	0
D3521.contig2264	432	0	0
D3521.contig2265	431	0	0
D3521.contig2266	431	0	0
D3521.contig2267	431	0	0
D3521.contig2268	431	0	0
D3521.contig2269	431	0	0
D3521.contig2270	431	0	0
D3521.contig2271	431	0	0
D3521.contig2272	431	0	0
D3521.contig2273	431	0	0
D3521.contig2274	431	0	0
D3521.contig2275	430	0	0
D3521.contig2276	430	0	0
D3521.contig2277	430	0	0
D3521.contig2278	430	0	0
D3521.contig2279	429	0	0
D3521.contig2280	429	0	0
D3521.contig2281	429	0	0
D3521.contig2282	429	0	0
D3521.contig2283	429	0	0
D3521.contig2284	429	0	0
D3521.contig2285	428	0	0
D3521.contig2286	428	0	0
D3521.contig2287	428	0	0
D3521.contig2288	428	0	0
D3521.contig2289	428	0	0
D3521.contig2290	428	0	0
D3521.contig2291	428	0	0
D3521.contig2292	428	0	0
D3521.contig2293	428	0	0
D3521.contig2294	428	0	0
D3521.contig2295	428	0	0
D3521.contig2296	427	0	0
D3521.contig2297	427	0	0
D3521.contig2298	427	0	0
D3521.contig2299	426	0	0
D3521.contig2300	426	0	0
D3521.contig2301	426	0	0
D3521.contig2302	426	0	0
D3521.contig2303	426	0	0
D3521.contig2304	426	0	0
D3521.contig2305	426	0	0
D3521.contig2306	425	0	0
D3521.contig2307	425	0	0
D3521.contig2308	425	0	0
D3521.contig2309	425	0	0
D3521.contig2310	425	0	0
D3521.contig2311	425	0	0
D3521.contig2312	425	0	0
D3521.contig2313	425	0	0
D3521.contig2314	425	0	0
D3521.contig2315	424	1	1
D3521.contig2316	424	0	0
D3521.contig2317	424	0	0
D3521.contig2318	424	0	0
D3521.contig2319	424	0	0
D3521.contig2320	424	0	0
D3521.contig2321	424	0	0
D3521.contig2322	424	0	0
D3521.contig2323	424	0	0
D3521.contig2324	423	0	0
D3521.contig2325	423	0	0
D3521.contig2326	423	0	0
D3521.contig2327	423	0	0
D3521.contig2328	423	0	0
D3521.contig2329	423	0	0
D3521.contig2330	423	0	0
D3521.contig2331	422	0	0
D3521.contig2332	422	0	0
D3521.contig2333	422	0	0
D3521.contig2334	422	0	0
D3521.contig2335	422	0	0
D3521.contig2336	422	0	0
D3521.contig2337	422	0	0
D3521.contig2338	421	0	0
D3521.contig2339	421	0	0
D3521.contig2340	421	0	0
D3521.contig2341	421	0	0
D3521.contig2342	421	0	0
D3521.contig2343	421	0	0
D3521.contig2344	420	0	0
D3521.contig2345	420	0	0
D3521.contig2346	420	1	1
D3521.contig2347	420	0	0
D3521.contig2348	420	0	0
D3521.contig2349	420	0	0
D3521.contig2350	420	0	0
D3521.contig2351	420	0	0
D3521.contig2352	420	0	0
D3521.contig2353	420	0	0
D3521.contig2354	420	0	0
D3521.contig2355	420	0	0
D3521.contig2356	420	0	0
D3521.contig2357	419	0	0
D3521.contig2358	419	0	0
D3521.contig2359	419	0	0
D3521.contig2360	418	0	0
D3521.contig2361	418	0	0
D3521.contig2362	418	0	0
D3521.contig2363	417	0	0
D3521.contig2364	417	0	0
D3521.contig2365	417	0	0
D3521.contig2366	417	0	0
D3521.contig2367	417	0	0
D3521.contig2368	417	0	0
D3521.contig2369	417	0	0
D3521.contig2370	417	0	0
D3521.contig2371	417	0	0
D3521.contig2372	417	0	0
D3521.contig2373	417	0	0
D3521.contig2374	416	0	0
D3521.contig2375	416	0	0
D3521.contig2376	416	0	0
D3521.contig2377	416	0	0
D3521.contig2378	416	0	0
D3521.contig2379	416	0	0
D3521.contig2380	415	0	0
D3521.contig2381	415	0	0
D3521.contig2382	415	0	0
D3521.contig2383	415	0	0
D3521.contig2384	415	0	0
D3521.contig2385	415	0	0
D3521.contig2386	414	0	0
D3521.contig2387	414	0	0
D3521.contig2388	414	0	0
D3521.contig2389	414	0	0
D3521.contig2390	414	0	0
D3521.contig2391	414	0	0
D3521.contig2392	414	0	0
D3521.contig2393	413	0	0
D3521.contig2394	413	0	0
D3521.contig2395	413	0	0
D3521.contig2396	413	0	0
D3521.contig2397	413	0	0
D3521.contig2398	413	0	0
D3521.contig2399	413	0	0
D3521.contig2400	413	0	0
D3521.contig2401	412	0	0
D3521.contig2402	412	0	0
D3521.contig2403	412	0	0
D3521.contig2404	411	0	0
D3521.contig2405	411	0	0
D3521.contig2406	410	0	0
D3521.contig2407	410	0	0
D3521.contig2408	410	0	0
D3521.contig2409	410	0	0
D3521.contig2410	409	0	0
D3521.contig2411	409	0	0
D3521.contig2412	409	0	0
D3521.contig2413	409	0	0
D3521.contig2414	409	0	0
D3521.contig2415	409	0	0
D3521.contig2416	408	0	0
D3521.contig2417	408	0	0
D3521.contig2418	408	0	0
D3521.contig2419	408	0	0
D3521.contig2420	408	0	0
D3521.contig2421	408	0	0
D3521.contig2422	408	0	0
D3521.contig2423	408	0	0
D3521.contig2424	408	0	0
D3521.contig2425	408	0	0
D3521.contig2426	408	0	0
D3521.contig2427	408	0	0
D3521.contig2428	408	0	0
D3521.contig2429	408	0	0
D3521.contig2430	408	0	0
D3521.contig2431	408	0	0
D3521.contig2432	408	0	0
D3521.contig2433	407	0	0
D3521.contig2434	407	0	0
D3521.contig2435	407	0	0
D3521.contig2436	407	0	0
D3521.contig2437	407	0	0
D3521.contig2438	407	0	0
D3521.contig2439	407	0	0
D3521.contig2440	407	0	0
D3521.contig2441	407	0	0
D3521.contig2442	406	0	0
D3521.contig2443	406	0	0
D3521.contig2444	406	0	0
D3521.contig2445	406	0	0
D3521.contig2446	406	0	0
D3521.contig2447	406	0	0
D3521.contig2448	405	0	0
D3521.contig2449	405	0	0
D3521.contig2450	405	0	0
D3521.contig2451	405	0	0
D3521.contig2452	405	0	0
D3521.contig2453	405	0	0
D3521.contig2454	405	0	0
D3521.contig2455	405	0	0
D3521.contig2456	405	0	0
D3521.contig2457	405	0	0
D3521.contig2458	405	0	0
D3521.contig2459	404	0	0
D3521.contig2460	404	0	0
D3521.contig2461	404	0	0
D3521.contig2462	404	0	0
D3521.contig2463	404	0	0
D3521.contig2464	404	0	0
D3521.contig2465	404	0	0
D3521.contig2466	404	0	0
D3521.contig2467	403	0	0
D3521.contig2468	403	0	0
D3521.contig2469	403	0	0
D3521.contig2470	403	1	1
D3521.contig2471	403	0	0
D3521.contig2472	403	0	0
D3521.contig2473	403	0	0
D3521.contig2474	403	0	0
D3521.contig2475	403	0	0
D3521.contig2476	402	0	0
D3521.contig2477	402	0	0
D3521.contig2478	402	0	0
D3521.contig2479	402	0	0
D3521.contig2480	402	0	0
D3521.contig2481	402	0	0
D3521.contig2482	402	0	0
D3521.contig2483	402	0	0
D3521.contig2484	402	0	0
D3521.contig2485	402	0	0
D3521.contig2486	402	0	0
D3521.contig2487	401	0	0
D3521.contig2488	401	0	0
D3521.contig2489	401	0	0
D3521.contig2490	401	0	0
D3521.contig2491	401	0	0
D3521.contig2492	401	7	7
D3521.contig2493	401	0	0
D3521.contig2494	401	0	0
D3521.contig2495	401	0	0
D3521.contig2496	401	1	1
D3521.contig2497	400	0	0
D3521.contig2498	400	0	0
D3521.contig2499	400	0	0
D3521.contig2500	400	0	0
D3521.contig2501	400	0	0
D3521.contig2502	399	0	0
D3521.contig2503	399	0	0
D3521.contig2504	399	0	0
D3521.contig2505	399	1	1
D3521.contig2506	399	0	0
D3521.contig2507	399	0	0
D3521.contig2508	399	0	0
D3521.contig2509	399	0	0
D3521.contig2510	399	0	0
D3521.contig2511	398	0	0
D3521.contig2512	398	0	0
D3521.contig2513	398	0	0
D3521.contig2514	398	0	0
D3521.contig2515	398	0	0
D3521.contig2516	398	0	0
D3521.contig2517	398	0	0
D3521.contig2518	397	0	0
D3521.contig2519	397	0	0
D3521.contig2520	397	0	0
D3521.contig2521	397	0	0
D3521.contig2522	397	0	0
D3521.contig2523	397	0	0
D3521.contig2524	397	0	0
D3521.contig2525	397	0	0
D3521.contig2526	397	0	0
D3521.contig2527	396	0	0
D3521.contig2528	396	0	0
D3521.contig2529	396	0	0
D3521.contig2530	396	0	0
D3521.contig2531	396	40	26
D3521.contig2532	396	0	0
D3521.contig2533	396	0	0
D3521.contig2534	396	0	0
D3521.contig2535	396	0	0
D3521.contig2536	396	0	0
D3521.contig2537	396	0	0
D3521.contig2538	396	0	0
D3521.contig2539	396	0	0
D3521.contig2540	396	0	0
D3521.contig2541	396	0	0
D3521.contig2542	396	0	0
D3521.contig2543	395	0	0
D3521.contig2544	395	0	0
D3521.contig2545	395	0	0
D3521.contig2546	395	0	0
D3521.contig2547	395	0	0
D3521.contig2548	395	0	0
D3521.contig2549	395	0	0
D3521.contig2550	395	0	0
D3521.contig2551	395	0	0
D3521.contig2552	395	0	0
D3521.contig2553	394	0	0
D3521.contig2554	394	0	0
D3521.contig2555	394	0	0
D3521.contig2556	394	0	0
D3521.contig2557	394	0	0
D3521.contig2558	394	0	0
D3521.contig2559	393	0	0
D3521.contig2560	393	0	0
D3521.contig2561	393	0	0
D3521.contig2562	392	0	0
D3521.contig2563	392	0	0
D3521.contig2564	392	0	0
D3521.contig2565	392	0	0
D3521.contig2566	392	0	0
D3521.contig2567	392	0	0
D3521.contig2568	392	0	0
D3521.contig2569	391	0	0
D3521.contig2570	391	0	0
D3521.contig2571	391	0	0
D3521.contig2572	391	0	0
D3521.contig2573	391	0	0
D3521.contig2574	391	0	0
D3521.contig2575	391	0	0
D3521.contig2576	391	0	0
D3521.contig2577	390	0	0
D3521.contig2578	390	0	0
D3521.contig2579	390	0	0
D3521.contig2580	390	0	0
D3521.contig2581	390	0	0
D3521.contig2582	390	0	0
D3521.contig2583	389	0	0
D3521.contig2584	389	0	0
D3521.contig2585	389	0	0
D3521.contig2586	389	0	0
D3521.contig2587	389	0	0
D3521.contig2588	389	0	0
D3521.contig2589	389	0	0
D3521.contig2590	389	0	0
D3521.contig2591	389	0	0
D3521.contig2592	389	0	0
D3521.contig2593	389	0	0
D3521.contig2594	388	0	0
D3521.contig2595	388	0	0
D3521.contig2596	388	0	0
D3521.contig2597	388	0	0
D3521.contig2598	388	0	0
D3521.contig2599	388	0	0
D3521.contig2600	388	0	0
D3521.contig2601	388	0	0
D3521.contig2602	388	0	0
D3521.contig2603	388	0	0
D3521.contig2604	388	0	0
D3521.contig2605	388	0	0
D3521.contig2606	388	0	0
D3521.contig2607	387	0	0
D3521.contig2608	387	0	0
D3521.contig2609	386	0	0
D3521.contig2610	386	0	0
D3521.contig2611	386	0	0
D3521.contig2612	386	0	0
D3521.contig2613	386	0	0
D3521.contig2614	385	0	0
D3521.contig2615	385	0	0
D3521.contig2616	385	0	0
D3521.contig2617	385	0	0
D3521.contig2618	385	0	0
D3521.contig2619	385	0	0
D3521.contig2620	385	0	0
D3521.contig2621	385	0	0
D3521.contig2622	385	0	0
D3521.contig2623	385	0	0
D3521.contig2624	385	1	1
D3521.contig2625	384	0	0
D3521.contig2626	384	0	0
D3521.contig2627	384	0	0
D3521.contig2628	384	0	0
D3521.contig2629	384	0	0
D3521.contig2630	384	0	0
D3521.contig2631	384	0	0
D3521.contig2632	383	0	0
D3521.contig2633	383	0	0
D3521.contig2634	383	0	0
D3521.contig2635	383	0	0
D3521.contig2636	383	0	0
D3521.contig2637	383	0	0
D3521.contig2638	383	0	0
D3521.contig2639	383	0	0
D3521.contig2640	382	0	0
D3521.contig2641	382	0	0
D3521.contig2642	382	0	0
D3521.contig2643	382	0	0
D3521.contig2644	382	0	0
D3521.contig2645	382	0	0
D3521.contig2646	382	0	0
D3521.contig2647	382	0	0
D3521.contig2648	381	0	0
D3521.contig2649	381	0	0
D3521.contig2650	381	0	0
D3521.contig2651	381	0	0
D3521.contig2652	380	0	0
D3521.contig2653	380	0	0
D3521.contig2654	380	0	0
D3521.contig2655	380	0	0
D3521.contig2656	380	0	0
D3521.contig2657	380	0	0
D3521.contig2658	380	0	0
D3521.contig2659	379	3	3
D3521.contig2660	379	0	0
D3521.contig2661	379	0	0
D3521.contig2662	379	0	0
D3521.contig2663	379	0	0
D3521.contig2664	379	0	0
D3521.contig2665	379	0	0
D3521.contig2666	379	0	0
D3521.contig2667	379	0	0
D3521.contig2668	379	0	0
D3521.contig2669	378	0	0
D3521.contig2670	378	0	0
D3521.contig2671	378	0	0
D3521.contig2672	378	0	0
D3521.contig2673	378	0	0
D3521.contig2674	378	0	0
D3521.contig2675	378	0	0
D3521.contig2676	378	0	0
D3521.contig2677	378	0	0
D3521.contig2678	378	0	0
D3521.contig2679	378	0	0
D3521.contig2680	378	0	0
D3521.contig2681	378	0	0
D3521.contig2682	377	0	0
D3521.contig2683	377	0	0
D3521.contig2684	377	0	0
D3521.contig2685	377	1162	728
D3521.contig2686	377	0	0
D3521.contig2687	377	0	0
D3521.contig2688	377	0	0
D3521.contig2689	377	0	0
D3521.contig2690	377	0	0
D3521.contig2691	377	0	0
D3521.contig2692	376	0	0
D3521.contig2693	376	0	0
D3521.contig2694	376	0	0
D3521.contig2695	376	0	0
D3521.contig2696	376	2	2
D3521.contig2697	375	0	0
D3521.contig2698	375	0	0
D3521.contig2699	375	0	0
D3521.contig2700	375	0	0
D3521.contig2701	375	0	0
D3521.contig2702	374	0	0
D3521.contig2703	374	0	0
D3521.contig2704	374	0	0
D3521.contig2705	374	0	0
D3521.contig2706	374	0	0
D3521.contig2707	373	0	0
D3521.contig2708	373	0	0
D3521.contig2709	373	0	0
D3521.contig2710	373	0	0
D3521.contig2711	373	0	0
D3521.contig2712	373	0	0
D3521.contig2713	373	0	0
D3521.contig2714	373	0	0
D3521.contig2715	373	0	0
D3521.contig2716	373	0	0
D3521.contig2717	373	0	0
D3521.contig2718	372	0	0
D3521.contig2719	372	0	0
D3521.contig2720	372	0	0
D3521.contig2721	372	0	0
D3521.contig2722	372	0	0
D3521.contig2723	372	0	0
D3521.contig2724	372	0	0
D3521.contig2725	372	0	0
D3521.contig2726	372	0	0
D3521.contig2727	372	0	0
D3521.contig2728	371	0	0
D3521.contig2729	371	0	0
D3521.contig2730	371	0	0
D3521.contig2731	371	0	0
D3521.contig2732	371	0	0
D3521.contig2733	370	0	0
D3521.contig2734	370	0	0
D3521.contig2735	370	0	0
D3521.contig2736	370	0	0
D3521.contig2737	370	0	0
D3521.contig2738	370	0	0
D3521.contig2739	370	0	0
D3521.contig2740	369	0	0
D3521.contig2741	369	0	0
D3521.contig2742	369	0	0
D3521.contig2743	369	0	0
D3521.contig2744	369	0	0
D3521.contig2745	369	0	0
D3521.contig2746	368	0	0
D3521.contig2747	368	0	0
D3521.contig2748	368	0	0
D3521.contig2749	368	0	0
D3521.contig2750	368	0	0
D3521.contig2751	368	0	0
D3521.contig2752	368	0	0
D3521.contig2753	368	0	0
D3521.contig2754	368	0	0
D3521.contig2755	367	0	0
D3521.contig2756	367	0	0
D3521.contig2757	367	0	0
D3521.contig2758	367	0	0
D3521.contig2759	367	0	0
D3521.contig2760	367	0	0
D3521.contig2761	367	0	0
D3521.contig2762	367	0	0
D3521.contig2763	366	0	0
D3521.contig2764	366	0	0
D3521.contig2765	366	0	0
D3521.contig2766	366	0	0
D3521.contig2767	366	0	0
D3521.contig2768	366	0	0
D3521.contig2769	366	0	0
D3521.contig2770	366	0	0
D3521.contig2771	365	0	0
D3521.contig2772	365	0	0
D3521.contig2773	365	0	0
D3521.contig2774	365	0	0
D3521.contig2775	365	0	0
D3521.contig2776	365	0	0
D3521.contig2777	365	0	0
D3521.contig2778	365	0	0
D3521.contig2779	365	0	0
D3521.contig2780	365	0	0
D3521.contig2781	365	0	0
D3521.contig2782	365	0	0
D3521.contig2783	365	0	0
D3521.contig2784	364	0	0
D3521.contig2785	364	0	0
D3521.contig2786	364	0	0
D3521.contig2787	364	0	0
D3521.contig2788	364	0	0
D3521.contig2789	364	0	0
D3521.contig2790	364	0	0
D3521.contig2791	364	0	0
D3521.contig2792	364	0	0
D3521.contig2793	364	0	0
D3521.contig2794	364	0	0
D3521.contig2795	364	0	0
D3521.contig2796	363	0	0
D3521.contig2797	363	0	0
D3521.contig2798	363	0	0
D3521.contig2799	363	0	0
D3521.contig2800	363	0	0
D3521.contig2801	363	0	0
D3521.contig2802	363	0	0
D3521.contig2803	363	0	0
D3521.contig2804	363	0	0
D3521.contig2805	362	0	0
D3521.contig2806	362	0	0
D3521.contig2807	362	0	0
D3521.contig2808	362	0	0
D3521.contig2809	362	0	0
D3521.contig2810	362	0	0
D3521.contig2811	362	0	0
D3521.contig2812	361	0	0
D3521.contig2813	361	0	0
D3521.contig2814	361	0	0
D3521.contig2815	361	0	0
D3521.contig2816	361	0	0
D3521.contig2817	361	0	0
D3521.contig2818	361	0	0
D3521.contig2819	361	0	0
D3521.contig2820	361	0	0
D3521.contig2821	361	0	0
D3521.contig2822	360	0	0
D3521.contig2823	360	0	0
D3521.contig2824	360	0	0
D3521.contig2825	360	0	0
D3521.contig2826	360	0	0
D3521.contig2827	360	0	0
D3521.contig2828	360	0	0
D3521.contig2829	360	0	0
D3521.contig2830	360	0	0
D3521.contig2831	359	0	0
D3521.contig2832	359	0	0
D3521.contig2833	359	0	0
D3521.contig2834	359	0	0
D3521.contig2835	359	0	0
D3521.contig2836	359	0	0
D3521.contig2837	359	0	0
D3521.contig2838	359	0	0
D3521.contig2839	359	0	0
D3521.contig2840	358	0	0
D3521.contig2841	358	0	0
D3521.contig2842	358	0	0
D3521.contig2843	358	0	0
D3521.contig2844	358	0	0
D3521.contig2845	358	0	0
D3521.contig2846	357	0	0
D3521.contig2847	357	0	0
D3521.contig2848	357	0	0
D3521.contig2849	357	0	0
D3521.contig2850	357	0	0
D3521.contig2851	357	1	1
D3521.contig2852	357	0	0
D3521.contig2853	357	0	0
D3521.contig2854	356	0	0
D3521.contig2855	356	0	0
D3521.contig2856	356	0	0
D3521.contig2857	356	0	0
D3521.contig2858	356	0	0
D3521.contig2859	356	0	0
D3521.contig2860	356	0	0
D3521.contig2861	356	0	0
D3521.contig2862	356	0	0
D3521.contig2863	356	0	0
D3521.contig2864	356	0	0
D3521.contig2865	356	0	0
D3521.contig2866	356	0	0
D3521.contig2867	356	0	0
D3521.contig2868	356	0	0
D3521.contig2869	355	0	0
D3521.contig2870	355	0	0
D3521.contig2871	355	0	0
D3521.contig2872	355	0	0
D3521.contig2873	355	0	0
D3521.contig2874	355	0	0
D3521.contig2875	355	0	0
D3521.contig2876	355	0	0
D3521.contig2877	355	0	0
D3521.contig2878	354	0	0
D3521.contig2879	354	0	0
D3521.contig2880	354	0	0
D3521.contig2881	354	0	0
D3521.contig2882	354	0	0
D3521.contig2883	354	0	0
D3521.contig2884	354	0	0
D3521.contig2885	353	0	0
D3521.contig2886	353	0	0
D3521.contig2887	353	0	0
D3521.contig2888	353	0	0
D3521.contig2889	353	0	0
D3521.contig2890	353	0	0
D3521.contig2891	353	0	0
D3521.contig2892	353	0	0
D3521.contig2893	353	0	0
D3521.contig2894	353	0	0
D3521.contig2895	353	0	0
D3521.contig2896	352	0	0
D3521.contig2897	352	0	0
D3521.contig2898	352	0	0
D3521.contig2899	352	0	0
D3521.contig2900	352	0	0
D3521.contig2901	352	0	0
D3521.contig2902	352	0	0
D3521.contig2903	352	0	0
D3521.contig2904	352	0	0
D3521.contig2905	351	0	0
D3521.contig2906	351	0	0
D3521.contig2907	351	1	1
D3521.contig2908	351	0	0
D3521.contig2909	351	0	0
D3521.contig2910	350	0	0
D3521.contig2911	350	0	0
D3521.contig2912	350	0	0
D3521.contig2913	350	0	0
D3521.contig2914	350	0	0
D3521.contig2915	350	0	0
D3521.contig2916	350	0	0
D3521.contig2917	349	0	0
D3521.contig2918	349	0	0
D3521.contig2919	349	0	0
D3521.contig2920	349	0	0
D3521.contig2921	349	0	0
D3521.contig2922	348	0	0
D3521.contig2923	348	0	0
D3521.contig2924	348	0	0
D3521.contig2925	348	0	0
D3521.contig2926	348	94	74
D3521.contig2927	348	0	0
D3521.contig2928	348	0	0
D3521.contig2929	348	0	0
D3521.contig2930	348	0	0
D3521.contig2931	348	0	0
D3521.contig2932	348	0	0
D3521.contig2933	348	0	0
D3521.contig2934	347	0	0
D3521.contig2935	347	0	0
D3521.contig2936	347	0	0
D3521.contig2937	347	0	0
D3521.contig2938	347	0	0
D3521.contig2939	347	0	0
D3521.contig2940	346	0	0
D3521.contig2941	346	0	0
D3521.contig2942	346	0	0
D3521.contig2943	346	0	0
D3521.contig2944	346	0	0
D3521.contig2945	346	0	0
D3521.contig2946	346	0	0
D3521.contig2947	346	0	0
D3521.contig2948	345	0	0
D3521.contig2949	345	0	0
D3521.contig2950	345	0	0
D3521.contig2951	345	0	0
D3521.contig2952	345	0	0
D3521.contig2953	345	0	0
D3521.contig2954	345	0	0
D3521.contig2955	345	0	0
D3521.contig2956	345	0	0
D3521.contig2957	345	0	0
D3521.contig2958	345	0	0
D3521.contig2959	344	0	0
D3521.contig2960	344	0	0
D3521.contig2961	344	0	0
D3521.contig2962	344	0	0
D3521.contig2963	344	0	0
D3521.contig2964	344	0	0
D3521.contig2965	344	0	0
D3521.contig2966	344	0	0
D3521.contig2967	344	0	0
D3521.contig2968	344	0	0
D3521.contig2969	344	0	0
D3521.contig2970	344	0	0
D3521.contig2971	344	0	0
D3521.contig2972	343	0	0
D3521.contig2973	343	0	0
D3521.contig2974	343	0	0
D3521.contig2975	343	0	0
D3521.contig2976	343	0	0
D3521.contig2977	343	0	0
D3521.contig2978	342	0	0
D3521.contig2979	342	0	0
D3521.contig2980	342	0	0
D3521.contig2981	342	0	0
D3521.contig2982	342	0	0
D3521.contig2983	342	0	0
D3521.contig2984	342	0	0
D3521.contig2985	342	0	0
D3521.contig2986	342	0	0
D3521.contig2987	342	0	0
D3521.contig2988	342	0	0
D3521.contig2989	342	0	0
D3521.contig2990	342	0	0
D3521.contig2991	342	0	0
D3521.contig2992	341	19526	14668
D3521.contig2993	341	0	0
D3521.contig2994	341	0	0
D3521.contig2995	341	0	0
D3521.contig2996	341	0	0
D3521.contig2997	341	0	0
D3521.contig2998	341	0	0
D3521.contig2999	340	0	0
D3521.contig3000	340	0	0
D3521.contig3001	340	0	0
D3521.contig3002	340	0	0
D3521.contig3003	340	0	0
D3521.contig3004	340	0	0
D3521.contig3005	340	0	0
D3521.contig3006	340	0	0
D3521.contig3007	340	0	0
D3521.contig3008	340	0	0
D3521.contig3009	340	0	0
D3521.contig3010	340	0	0
D3521.contig3011	340	0	0
D3521.contig3012	340	1	1
D3521.contig3013	340	0	0
D3521.contig3014	339	0	0
D3521.contig3015	339	0	0
D3521.contig3016	339	0	0
D3521.contig3017	339	0	0
D3521.contig3018	339	0	0
D3521.contig3019	339	0	0
D3521.contig3020	339	0	0
D3521.contig3021	339	0	0
D3521.contig3022	339	0	0
D3521.contig3023	339	0	0
D3521.contig3024	339	0	0
D3521.contig3025	338	0	0
D3521.contig3026	338	0	0
D3521.contig3027	338	5	3
D3521.contig3028	338	0	0
D3521.contig3029	338	0	0
D3521.contig3030	338	0	0
D3521.contig3031	338	0	0
D3521.contig3032	338	0	0
D3521.contig3033	338	0	0
D3521.contig3034	338	0	0
D3521.contig3035	338	0	0
D3521.contig3036	338	0	0
D3521.contig3037	338	0	0
D3521.contig3038	338	0	0
D3521.contig3039	338	0	0
D3521.contig3040	338	0	0
D3521.contig3041	338	0	0
D3521.contig3042	338	0	0
D3521.contig3043	337	0	0
D3521.contig3044	337	0	0
D3521.contig3045	337	0	0
D3521.contig3046	337	0	0
D3521.contig3047	337	0	0
D3521.contig3048	337	0	0
D3521.contig3049	337	0	0
D3521.contig3050	337	0	0
D3521.contig3051	337	0	0
D3521.contig3052	337	0	0
D3521.contig3053	337	0	0
D3521.contig3054	337	0	0
D3521.contig3055	337	0	0
D3521.contig3056	336	0	0
D3521.contig3057	336	0	0
D3521.contig3058	336	0	0
D3521.contig3059	336	0	0
D3521.contig3060	336	0	0
D3521.contig3061	336	0	0
D3521.contig3062	336	0	0
D3521.contig3063	336	0	0
D3521.contig3064	336	0	0
D3521.contig3065	336	0	0
D3521.contig3066	336	0	0
D3521.contig3067	335	0	0
D3521.contig3068	335	0	0
D3521.contig3069	335	0	0
D3521.contig3070	335	0	0
D3521.contig3071	335	0	0
D3521.contig3072	335	0	0
D3521.contig3073	335	0	0
D3521.contig3074	335	0	0
D3521.contig3075	334	0	0
D3521.contig3076	334	0	0
D3521.contig3077	334	0	0
D3521.contig3078	334	0	0
D3521.contig3079	334	0	0
D3521.contig3080	334	0	0
D3521.contig3081	334	0	0
D3521.contig3082	334	0	0
D3521.contig3083	334	0	0
D3521.contig3084	334	0	0
D3521.contig3085	334	0	0
D3521.contig3086	333	0	0
D3521.contig3087	333	0	0
D3521.contig3088	333	0	0
D3521.contig3089	333	0	0
D3521.contig3090	333	0	0
D3521.contig3091	333	0	0
D3521.contig3092	333	0	0
D3521.contig3093	333	0	0
D3521.contig3094	332	0	0
D3521.contig3095	332	0	0
D3521.contig3096	332	0	0
D3521.contig3097	332	0	0
D3521.contig3098	332	0	0
D3521.contig3099	332	0	0
D3521.contig3100	332	0	0
D3521.contig3101	332	0	0
D3521.contig3102	332	0	0
D3521.contig3103	331	0	0
D3521.contig3104	331	0	0
D3521.contig3105	331	0	0
D3521.contig3106	331	0	0
D3521.contig3107	331	0	0
D3521.contig3108	331	0	0
D3521.contig3109	331	0	0
D3521.contig3110	331	0	0
D3521.contig3111	331	0	0
D3521.contig3112	331	0	0
D3521.contig3113	331	0	0
D3521.contig3114	331	0	0
D3521.contig3115	331	0	0
D3521.contig3116	330	0	0
D3521.contig3117	330	0	0
D3521.contig3118	330	0	0
D3521.contig3119	330	0	0
D3521.contig3120	330	0	0
D3521.contig3121	330	0	0
D3521.contig3122	330	0	0
D3521.contig3123	330	0	0
D3521.contig3124	330	1	1
D3521.contig3125	330	0	0
D3521.contig3126	330	0	0
D3521.contig3127	330	0	0
D3521.contig3128	330	0	0
D3521.contig3129	330	0	0
D3521.contig3130	330	0	0
D3521.contig3131	330	0	0
D3521.contig3132	330	0	0
D3521.contig3133	329	0	0
D3521.contig3134	329	0	0
D3521.contig3135	329	0	0
D3521.contig3136	329	0	0
D3521.contig3137	329	0	0
D3521.contig3138	329	0	0
D3521.contig3139	329	0	0
D3521.contig3140	329	0	0
D3521.contig3141	329	0	0
D3521.contig3142	329	0	0
D3521.contig3143	329	0	0
D3521.contig3144	329	0	0
D3521.contig3145	328	0	0
D3521.contig3146	328	0	0
D3521.contig3147	328	0	0
D3521.contig3148	328	0	0
D3521.contig3149	328	0	0
D3521.contig3150	328	0	0
D3521.contig3151	328	0	0
D3521.contig3152	328	0	0
D3521.contig3153	327	0	0
D3521.contig3154	327	0	0
D3521.contig3155	327	0	0
D3521.contig3156	327	0	0
D3521.contig3157	327	0	0
D3521.contig3158	327	0	0
D3521.contig3159	327	0	0
D3521.contig3160	327	0	0
D3521.contig3161	327	0	0
D3521.contig3162	327	0	0
D3521.contig3163	327	0	0
D3521.contig3164	326	0	0
D3521.contig3165	326	0	0
D3521.contig3166	326	0	0
D3521.contig3167	326	0	0
D3521.contig3168	326	0	0
D3521.contig3169	326	0	0
D3521.contig3170	326	0	0
D3521.contig3171	326	0	0
D3521.contig3172	326	0	0
D3521.contig3173	326	0	0
D3521.contig3174	326	0	0
D3521.contig3175	326	0	0
D3521.contig3176	325	0	0
D3521.contig3177	325	0	0
D3521.contig3178	325	0	0
D3521.contig3179	325	0	0
D3521.contig3180	325	0	0
D3521.contig3181	325	0	0
D3521.contig3182	325	0	0
D3521.contig3183	325	0	0
D3521.contig3184	325	0	0
D3521.contig3185	325	0	0
D3521.contig3186	325	0	0
D3521.contig3187	325	0	0
D3521.contig3188	325	0	0
D3521.contig3189	324	0	0
D3521.contig3190	324	0	0
D3521.contig3191	324	0	0
D3521.contig3192	324	0	0
D3521.contig3193	324	0	0
D3521.contig3194	324	0	0
D3521.contig3195	324	0	0
D3521.contig3196	324	0	0
D3521.contig3197	324	0	0
D3521.contig3198	324	0	0
D3521.contig3199	324	0	0
D3521.contig3200	324	0	0
D3521.contig3201	324	0	0
D3521.contig3202	324	0	0
D3521.contig3203	324	6675	5404
D3521.contig3204	324	0	0
D3521.contig3205	324	0	0
D3521.contig3206	323	0	0
D3521.contig3207	323	0	0
D3521.contig3208	323	0	0
D3521.contig3209	323	0	0
D3521.contig3210	323	0	0
D3521.contig3211	323	0	0
D3521.contig3212	323	0	0
D3521.contig3213	323	0	0
D3521.contig3214	323	0	0
D3521.contig3215	323	0	0
D3521.contig3216	323	0	0
D3521.contig3217	323	0	0
D3521.contig3218	323	0	0
D3521.contig3219	323	0	0
D3521.contig3220	323	0	0
D3521.contig3221	323	0	0
D3521.contig3222	323	0	0
D3521.contig3223	323	0	0
D3521.contig3224	322	0	0
D3521.contig3225	322	0	0
D3521.contig3226	322	0	0
D3521.contig3227	322	0	0
D3521.contig3228	322	0	0
D3521.contig3229	322	0	0
D3521.contig3230	322	0	0
D3521.contig3231	322	0	0
D3521.contig3232	322	0	0
D3521.contig3233	322	0	0
D3521.contig3234	322	0	0
D3521.contig3235	321	0	0
D3521.contig3236	321	0	0
D3521.contig3237	321	0	0
D3521.contig3238	321	0	0
D3521.contig3239	321	0	0
D3521.contig3240	321	0	0
D3521.contig3241	321	0	0
D3521.contig3242	321	0	0
D3521.contig3243	321	0	0
D3521.contig3244	320	0	0
D3521.contig3245	320	0	0
D3521.contig3246	320	0	0
D3521.contig3247	320	0	0
D3521.contig3248	320	0	0
D3521.contig3249	320	0	0
D3521.contig3250	320	0	0
D3521.contig3251	320	0	0
D3521.contig3252	320	0	0
D3521.contig3253	320	0	0
D3521.contig3254	320	0	0
D3521.contig3255	320	0	0
D3521.contig3256	319	0	0
D3521.contig3257	319	0	0
D3521.contig3258	319	0	0
D3521.contig3259	319	0	0
D3521.contig3260	319	0	0
D3521.contig3261	319	0	0
D3521.contig3262	319	0	0
D3521.contig3263	318	0	0
D3521.contig3264	318	0	0
D3521.contig3265	318	0	0
D3521.contig3266	318	0	0
D3521.contig3267	318	0	0
D3521.contig3268	318	0	0
D3521.contig3269	318	0	0
D3521.contig3270	318	0	0
D3521.contig3271	317	0	0
D3521.contig3272	317	0	0
D3521.contig3273	317	0	0
D3521.contig3274	317	0	0
D3521.contig3275	317	0	0
D3521.contig3276	317	0	0
D3521.contig3277	317	0	0
D3521.contig3278	317	0	0
D3521.contig3279	317	0	0
D3521.contig3280	317	0	0
D3521.contig3281	317	0	0
D3521.contig3282	316	0	0
D3521.contig3283	316	0	0
D3521.contig3284	316	0	0
D3521.contig3285	316	0	0
D3521.contig3286	316	0	0
D3521.contig3287	316	0	0
D3521.contig3288	316	0	0
D3521.contig3289	316	0	0
D3521.contig3290	316	0	0
D3521.contig3291	316	0	0
D3521.contig3292	316	0	0
D3521.contig3293	316	0	0
D3521.contig3294	316	0	0
D3521.contig3295	315	0	0
D3521.contig3296	315	0	0
D3521.contig3297	315	0	0
D3521.contig3298	315	0	0
D3521.contig3299	315	0	0
D3521.contig3300	315	0	0
D3521.contig3301	315	0	0
D3521.contig3302	315	0	0
D3521.contig3303	315	0	0
D3521.contig3304	315	0	0
D3521.contig3305	315	0	0
D3521.contig3306	314	0	0
D3521.contig3307	314	0	0
D3521.contig3308	314	0	0
D3521.contig3309	314	0	0
D3521.contig3310	314	0	0
D3521.contig3311	314	0	0
D3521.contig3312	314	0	0
D3521.contig3313	314	0	0
D3521.contig3314	314	0	0
D3521.contig3315	314	0	0
D3521.contig3316	314	0	0
D3521.contig3317	314	0	0
D3521.contig3318	314	0	0
D3521.contig3319	314	0	0
D3521.contig3320	314	0	0
D3521.contig3321	314	0	0
D3521.contig3322	314	0	0
D3521.contig3323	314	0	0
D3521.contig3324	314	0	0
D3521.contig3325	313	0	0
D3521.contig3326	313	0	0
D3521.contig3327	313	0	0
D3521.contig3328	313	0	0
D3521.contig3329	313	0	0
D3521.contig3330	313	0	0
D3521.contig3331	313	0	0
D3521.contig3332	313	0	0
D3521.contig3333	313	0	0
D3521.contig3334	313	0	0
D3521.contig3335	313	0	0
D3521.contig3336	312	0	0
D3521.contig3337	312	0	0
D3521.contig3338	312	27	23
D3521.contig3339	312	0	0
D3521.contig3340	312	0	0
D3521.contig3341	312	0	0
D3521.contig3342	312	0	0
D3521.contig3343	312	0	0
D3521.contig3344	312	0	0
D3521.contig3345	312	0	0
D3521.contig3346	312	0	0
D3521.contig3347	312	0	0
D3521.contig3348	312	0	0
D3521.contig3349	312	0	0
D3521.contig3350	312	0	0
D3521.contig3351	312	0	0
D3521.contig3352	312	0	0
D3521.contig3353	312	0	0
D3521.contig3354	312	0	0
D3521.contig3355	312	0	0
D3521.contig3356	312	0	0
D3521.contig3357	312	0	0
D3521.contig3358	311	0	0
D3521.contig3359	311	0	0
D3521.contig3360	311	0	0
D3521.contig3361	311	0	0
D3521.contig3362	311	0	0
D3521.contig3363	311	0	0
D3521.contig3364	311	0	0
D3521.contig3365	311	0	0
D3521.contig3366	311	0	0
D3521.contig3367	311	0	0
D3521.contig3368	311	0	0
D3521.contig3369	311	0	0
D3521.contig3370	310	0	0
D3521.contig3371	310	0	0
D3521.contig3372	310	0	0
D3521.contig3373	310	0	0
D3521.contig3374	310	0	0
D3521.contig3375	310	0	0
D3521.contig3376	310	0	0
D3521.contig3377	310	0	0
D3521.contig3378	310	0	0
D3521.contig3379	310	0	0
D3521.contig3380	310	0	0
D3521.contig3381	310	0	0
D3521.contig3382	309	0	0
D3521.contig3383	309	0	0
D3521.contig3384	309	0	0
D3521.contig3385	309	0	0
D3521.contig3386	309	0	0
D3521.contig3387	309	0	0
D3521.contig3388	309	0	0
D3521.contig3389	309	0	0
D3521.contig3390	309	0	0
D3521.contig3391	309	0	0
D3521.contig3392	309	0	0
D3521.contig3393	309	0	0
D3521.contig3394	309	0	0
D3521.contig3395	309	0	0
D3521.contig3396	309	0	0
D3521.contig3397	309	0	0
D3521.contig3398	309	0	0
D3521.contig3399	309	0	0
D3521.contig3400	309	0	0
D3521.contig3401	308	0	0
D3521.contig3402	308	0	0
D3521.contig3403	308	0	0
D3521.contig3404	308	0	0
D3521.contig3405	308	0	0
D3521.contig3406	308	0	0
D3521.contig3407	308	0	0
D3521.contig3408	308	0	0
D3521.contig3409	308	0	0
D3521.contig3410	308	0	0
D3521.contig3411	308	0	0
D3521.contig3412	308	0	0
D3521.contig3413	307	0	0
D3521.contig3414	307	0	0
D3521.contig3415	307	0	0
D3521.contig3416	307	0	0
D3521.contig3417	307	0	0
D3521.contig3418	307	0	0
D3521.contig3419	307	0	0
D3521.contig3420	307	0	0
D3521.contig3421	307	0	0
D3521.contig3422	307	0	0
D3521.contig3423	307	0	0
D3521.contig3424	307	0	0
D3521.contig3425	307	0	0
D3521.contig3426	307	0	0
D3521.contig3427	307	0	0
D3521.contig3428	307	0	0
D3521.contig3429	307	0	0
D3521.contig3430	307	0	0
D3521.contig3431	307	0	0
D3521.contig3432	306	0	0
D3521.contig3433	306	0	0
D3521.contig3434	306	0	0
D3521.contig3435	306	0	0
D3521.contig3436	306	0	0
D3521.contig3437	306	0	0
D3521.contig3438	306	0	0
D3521.contig3439	306	0	0
D3521.contig3440	306	0	0
D3521.contig3441	306	0	0
D3521.contig3442	306	0	0
D3521.contig3443	305	0	0
D3521.contig3444	305	0	0
D3521.contig3445	305	0	0
D3521.contig3446	305	0	0
D3521.contig3447	305	0	0
D3521.contig3448	305	0	0
D3521.contig3449	305	0	0
D3521.contig3450	305	0	0
D3521.contig3451	305	0	0
D3521.contig3452	305	0	0
D3521.contig3453	305	0	0
D3521.contig3454	305	0	0
D3521.contig3455	305	0	0
D3521.contig3456	305	0	0
D3521.contig3457	305	0	0
D3521.contig3458	305	0	0
D3521.contig3459	304	0	0
D3521.contig3460	304	0	0
D3521.contig3461	304	0	0
D3521.contig3462	304	0	0
D3521.contig3463	304	0	0
D3521.contig3464	304	0	0
D3521.contig3465	304	0	0
D3521.contig3466	304	0	0
D3521.contig3467	304	0	0
D3521.contig3468	304	0	0
D3521.contig3469	304	0	0
D3521.contig3470	304	0	0
D3521.contig3471	304	0	0
D3521.contig3472	304	0	0
D3521.contig3473	304	0	0
D3521.contig3474	303	0	0
D3521.contig3475	303	0	0
D3521.contig3476	303	0	0
D3521.contig3477	303	0	0
D3521.contig3478	303	0	0
D3521.contig3479	303	0	0
D3521.contig3480	303	0	0
D3521.contig3481	303	0	0
D3521.contig3482	303	0	0
D3521.contig3483	303	0	0
D3521.contig3484	303	0	0
D3521.contig3485	303	0	0
D3521.contig3486	303	0	0
D3521.contig3487	303	0	0
D3521.contig3488	303	0	0
D3521.contig3489	303	0	0
D3521.contig3490	303	0	0
D3521.contig3491	303	10	8
D3521.contig3492	302	0	0
D3521.contig3493	302	0	0
D3521.contig3494	302	0	0
D3521.contig3495	302	0	0
D3521.contig3496	302	0	0
D3521.contig3497	302	0	0
D3521.contig3498	302	0	0
D3521.contig3499	302	0	0
D3521.contig3500	302	0	0
D3521.contig3501	302	0	0
D3521.contig3502	302	0	0
D3521.contig3503	302	0	0
D3521.contig3504	302	0	0
D3521.contig3505	302	0	0
D3521.contig3506	302	0	0
D3521.contig3507	302	0	0
D3521.contig3508	302	0	0
D3521.contig3509	302	0	0
D3521.contig3510	302	0	0
D3521.contig3511	302	0	0
D3521.contig3512	302	0	0
D3521.contig3513	302	0	0
D3521.contig3514	302	0	0
D3521.contig3515	302	0	0
D3521.contig3516	302	0	0
D3521.contig3517	301	0	0
D3521.contig3518	301	0	0
D3521.contig3519	301	0	0
D3521.contig3520	301	0	0
D3521.contig3521	301	0	0
D3521.contig3522	301	0	0
D3521.contig3523	301	0	0
D3521.contig3524	301	0	0
D3521.contig3525	301	0	0
D3521.contig3526	301	0	0
D3521.contig3527	301	0	0
D3521.contig3528	301	0	0
D3521.contig3529	301	0	0
D3521.contig3530	301	1	1
D3521.contig3531	301	0	0
D3521.contig3532	300	0	0
D3521.contig3533	300	0	0
D3521.contig3534	300	0	0
D3521.contig3535	300	0	0
D3521.contig3536	300	0	0
D3521.contig3537	300	0	0
D3521.contig3538	300	0	0
D3521.contig3539	300	0	0
D3521.contig3540	300	0	0
D3521.contig3541	300	0	0
D3521.contig3542	300	0	0
D3521.contig3543	300	0	0
D3521.contig3544	300	0	0
D3521.contig3545	300	0	0
D3521.contig3546	300	0	0
D3521.contig3547	300	0	0
D3521.contig3548	300	0	0
D3521.contig3549	300	0	0
D3521.contig3550	300	0	0
D3521.contig3551	300	0	0
D3521.contig3552	300	0	0
*	0	0	100057620
