R3750.contig1	2462	886	12
R3750.contig2	1947	14179	152
R3750.contig3	857	98858	792
R3750.contig4	815	27619	186
R3750.contig5	765	384	22
R3750.contig6	665	1454	14
R3750.contig7	613	2441	29
R3750.contig8	578	88	4
R3750.contig9	519	725	1
R3750.contig10	513	7171	63
R3750.contig11	470	3389	11
R3750.contig12	469	458	6
R3750.contig13	463	123	111
R3750.contig14	447	28	0
R3750.contig15	430	8	6
R3750.contig16	427	53	5
R3750.contig17	425	1448	28
R3750.contig18	416	671	17
R3750.contig19	396	41	1
R3750.contig20	396	82	2
R3750.contig21	396	56	0
R3750.contig22	379	1036	2
R3750.contig23	379	63	7
R3750.contig24	359	400	2
R3750.contig25	359	3	3
R3750.contig26	357	909	3
R3750.contig27	305	118	0
R3750.contig28	303	90	2
*	0	0	46876
