D352.contig1	140048	4549	73
D352.contig2	135599	12818	203
D352.contig3	124586	54	16
D352.contig4	123983	4341	59
D352.contig5	120622	6100	94
D352.contig6	106609	6836	165
D352.contig7	103007	4065	117
D352.contig8	102981	6109	95
D352.contig9	99666	5493	85
D352.contig10	98279	5838	103
D352.contig11	96856	3503	65
D352.contig12	95709	4258	50
D352.contig13	91876	15144	290
D352.contig14	91701	4224	48
D352.contig15	87552	2968	44
D352.contig16	82081	2744	47
D352.contig17	76965	7340	179
D352.contig18	74922	0	0
D352.contig19	73343	2109	41
D352.contig20	71620	7	1
D352.contig21	71519	7887	124
D352.contig22	65769	2780	50
D352.contig23	65487	1936	28
D352.contig24	64370	2	0
D352.contig25	62437	0	0
D352.contig26	62334	0	0
D352.contig27	62037	0	0
D352.contig28	61656	3	1
D352.contig29	60849	1790	31
D352.contig30	59372	19	1
D352.contig31	59029	0	0
D352.contig32	58756	2091	35
D352.contig33	57984	9279	168
D352.contig34	57918	2813	49
D352.contig35	57693	2905	375
D352.contig36	56797	6	2
D352.contig37	56669	15	9
D352.contig38	56414	2478	29
D352.contig39	55076	3260	61
D352.contig40	54749	7516	107
D352.contig41	54171	1307	24
D352.contig42	53736	3623	55
D352.contig43	53343	1439	18
D352.contig44	53146	8702	189
D352.contig45	52034	24	2
D352.contig46	51176	9917	173
D352.contig47	50128	7385	95
D352.contig48	49977	2	0
D352.contig49	49255	3687	91
D352.contig50	49164	3047	44
D352.contig51	48816	27	1
D352.contig52	48429	900	15
D352.contig53	47678	0	0
D352.contig54	47341	0	0
D352.contig55	45041	2	0
D352.contig56	44883	933	24
D352.contig57	44759	1065	269
D352.contig58	44640	36	22
D352.contig59	44620	3	1
D352.contig60	44510	1531	22
D352.contig61	44172	1	1
D352.contig62	42101	2935	75
D352.contig63	41847	0	0
D352.contig64	41492	6765	247
D352.contig65	40851	0	0
D352.contig66	40480	1529	30
D352.contig67	40030	5195	130
D352.contig68	39999	0	0
D352.contig69	39944	0	0
D352.contig70	39940	0	0
D352.contig71	39648	4114	108
D352.contig72	39288	609	13
D352.contig73	39113	0	0
D352.contig74	39095	1579	33
D352.contig75	38991	1284	18
D352.contig76	38185	1535	21
D352.contig77	37397	0	0
D352.contig78	37389	23777	463
D352.contig79	36975	0	0
D352.contig80	36470	2991	40
D352.contig81	35987	1	0
D352.contig82	35053	0	0
D352.contig83	34972	1564	16
D352.contig84	34517	0	0
D352.contig85	33990	2	0
D352.contig86	33716	3514	53
D352.contig87	33565	3867	68
D352.contig88	32877	900	15
D352.contig89	32680	0	0
D352.contig90	32599	0	0
D352.contig91	32548	739	15
D352.contig92	32136	883	12
D352.contig93	32110	1171	15
D352.contig94	32074	0	0
D352.contig95	31892	3059	85
D352.contig96	31829	2	0
D352.contig97	31297	376	4
D352.contig98	31234	12819	295
D352.contig99	31220	13	9
D352.contig100	30758	1311	45
D352.contig101	30733	0	0
D352.contig102	29508	0	0
D352.contig103	29159	0	0
D352.contig104	29120	14	2
D352.contig105	28939	849	14
D352.contig106	28691	443	12
D352.contig107	28680	0	0
D352.contig108	28582	5466	185
D352.contig109	28478	0	0
D352.contig110	27739	6	1
D352.contig111	27737	9048	386
D352.contig112	27579	1	1
D352.contig113	27489	0	0
D352.contig114	27092	13	1
D352.contig115	26880	2	2
D352.contig116	26467	8	0
D352.contig117	26394	874	17
D352.contig118	26255	8	0
D352.contig119	26200	550	14
D352.contig120	26017	600	15
D352.contig121	25686	1532	40
D352.contig122	25434	2500	186
D352.contig123	25429	0	0
D352.contig124	25283	596	10
D352.contig125	25078	568	11
D352.contig126	25067	0	0
D352.contig127	24975	394	6
D352.contig128	24651	608	15
D352.contig129	24389	0	0
D352.contig130	24103	1407	23
D352.contig131	23857	0	0
D352.contig132	23803	7091	212
D352.contig133	23369	0	0
D352.contig134	23195	4	0
D352.contig135	22586	2	2
D352.contig136	22501	3	1
D352.contig137	21820	0	0
D352.contig138	21792	9	3
D352.contig139	21710	409	8
D352.contig140	21421	1060	54
D352.contig141	21397	4	2
D352.contig142	21159	0	0
D352.contig143	21099	482	12
D352.contig144	21040	2367	99
D352.contig145	20851	3423	126
D352.contig146	20776	0	0
D352.contig147	20766	473	2
D352.contig148	20715	0	0
D352.contig149	20143	114	12
D352.contig150	19530	8443	1342
D352.contig151	19235	1058	20
D352.contig152	19195	109	43
D352.contig153	19186	330	14
D352.contig154	19094	0	0
D352.contig155	19069	0	0
D352.contig156	19054	448	9
D352.contig157	19052	0	0
D352.contig158	18854	2	0
D352.contig159	18541	0	0
D352.contig160	18462	298	8
D352.contig161	18341	577	23
D352.contig162	18310	0	0
D352.contig163	18272	5	1
D352.contig164	18255	0	0
D352.contig165	18116	348	5
D352.contig166	17953	0	0
D352.contig167	17737	0	0
D352.contig168	17713	0	0
D352.contig169	17618	4	0
D352.contig170	17508	0	0
D352.contig171	17494	6	0
D352.contig172	17467	0	0
D352.contig173	17444	16	0
D352.contig174	17373	0	0
D352.contig175	17309	0	0
D352.contig176	17294	6	0
D352.contig177	17209	0	0
D352.contig178	17198	0	0
D352.contig179	17148	195	5
D352.contig180	16969	0	0
D352.contig181	16948	774	26
D352.contig182	16896	0	0
D352.contig183	16891	0	0
D352.contig184	16636	0	0
D352.contig185	16466	527	18
D352.contig186	16321	4	2
D352.contig187	16288	33	1
D352.contig188	16168	0	0
D352.contig189	15684	0	0
D352.contig190	15545	0	0
D352.contig191	15451	2	0
D352.contig192	15436	0	0
D352.contig193	15286	151	5
D352.contig194	15281	43	1
D352.contig195	15207	203	3
D352.contig196	15157	0	0
D352.contig197	15073	336	7
D352.contig198	14980	275	7
D352.contig199	14978	515	15
D352.contig200	14973	182	79
D352.contig201	14766	0	0
D352.contig202	14757	0	0
D352.contig203	14717	0	0
D352.contig204	14674	8	0
D352.contig205	14660	726	6
D352.contig206	14646	324	7
D352.contig207	14603	2792	56
D352.contig208	14602	4	0
D352.contig209	14494	0	0
D352.contig210	14288	0	0
D352.contig211	14270	0	0
D352.contig212	14251	0	0
D352.contig213	14158	198	9
D352.contig214	14128	336	13
D352.contig215	14087	160	2
D352.contig216	14042	347	7
D352.contig217	13981	0	0
D352.contig218	13834	434	5
D352.contig219	13802	2474	81
D352.contig220	13771	12	0
D352.contig221	13683	0	0
D352.contig222	13599	0	0
D352.contig223	13577	0	0
D352.contig224	13555	0	0
D352.contig225	13434	0	0
D352.contig226	13424	5388	86
D352.contig227	13412	0	0
D352.contig228	13294	0	0
D352.contig229	13258	0	0
D352.contig230	13103	0	0
D352.contig231	13024	11	3
D352.contig232	12969	52	42
D352.contig233	12858	1524	21
D352.contig234	12819	127	5
D352.contig235	12762	236	9
D352.contig236	12628	0	0
D352.contig237	12565	0	0
D352.contig238	12508	0	0
D352.contig239	12436	2	0
D352.contig240	12377	854	14
D352.contig241	12313	0	0
D352.contig242	12207	0	0
D352.contig243	12203	1224	130
D352.contig244	12185	0	0
D352.contig245	12134	3029	59
D352.contig246	12067	0	0
D352.contig247	12003	0	0
D352.contig248	11956	0	0
D352.contig249	11949	0	0
D352.contig250	11849	0	0
D352.contig251	11805	0	0
D352.contig252	11738	2	0
D352.contig253	11659	0	0
D352.contig254	11623	0	0
D352.contig255	11605	0	0
D352.contig256	11479	0	0
D352.contig257	11435	0	0
D352.contig258	11431	0	0
D352.contig259	11416	73	3
D352.contig260	11358	0	0
D352.contig261	11339	267	2
D352.contig262	11318	0	0
D352.contig263	11281	0	0
D352.contig264	11233	0	0
D352.contig265	11231	16	0
D352.contig266	11211	482	14
D352.contig267	11204	16	2
D352.contig268	11165	0	0
D352.contig269	11090	166	8
D352.contig270	11032	0	0
D352.contig271	11014	0	0
D352.contig272	11012	229	16
D352.contig273	10968	241	5
D352.contig274	10891	0	0
D352.contig275	10871	0	0
D352.contig276	10724	0	0
D352.contig277	10707	0	0
D352.contig278	10707	0	0
D352.contig279	10624	0	0
D352.contig280	10609	0	0
D352.contig281	10583	0	0
D352.contig282	10547	0	0
D352.contig283	10536	0	0
D352.contig284	10527	115	19
D352.contig285	10486	0	0
D352.contig286	10476	0	0
D352.contig287	10453	0	0
D352.contig288	10388	0	0
D352.contig289	10365	0	0
D352.contig290	10326	0	0
D352.contig291	10318	0	0
D352.contig292	10245	0	0
D352.contig293	10181	2	0
D352.contig294	10169	182	1
D352.contig295	10164	101	3
D352.contig296	10130	1663	26
D352.contig297	10096	1	0
D352.contig298	10032	0	0
D352.contig299	10018	0	0
D352.contig300	9976	0	0
D352.contig301	9957	0	0
D352.contig302	9851	2	0
D352.contig303	9803	0	0
D352.contig304	9778	257	4
D352.contig305	9761	0	0
D352.contig306	9746	0	0
D352.contig307	9728	0	0
D352.contig308	9723	0	0
D352.contig309	9718	4346	83
D352.contig310	9714	0	0
D352.contig311	9711	337	15
D352.contig312	9683	0	0
D352.contig313	9632	0	0
D352.contig314	9628	180	6
D352.contig315	9544	258	9
D352.contig316	9516	0	0
D352.contig317	9470	0	0
D352.contig318	9442	0	0
D352.contig319	9357	0	0
D352.contig320	9347	0	0
D352.contig321	9339	1942	73
D352.contig322	9329	4334	84
D352.contig323	9279	832	35
D352.contig324	9261	137	1
D352.contig325	9256	4273	164
D352.contig326	9222	4	0
D352.contig327	9181	0	0
D352.contig328	9167	111	1
D352.contig329	9162	0	0
D352.contig330	9151	0	0
D352.contig331	9016	0	0
D352.contig332	8987	0	0
D352.contig333	8983	0	0
D352.contig334	8945	9	1
D352.contig335	8914	0	0
D352.contig336	8886	0	0
D352.contig337	8884	80	3
D352.contig338	8849	0	0
D352.contig339	8837	0	0
D352.contig340	8831	0	0
D352.contig341	8782	0	0
D352.contig342	8774	2998	61
D352.contig343	8664	327	9
D352.contig344	8655	1	1
D352.contig345	8617	0	0
D352.contig346	8601	0	0
D352.contig347	8562	0	0
D352.contig348	8507	3524	916
D352.contig349	8490	0	0
D352.contig350	8398	0	0
D352.contig351	8383	1	1
D352.contig352	8352	4	0
D352.contig353	8313	0	0
D352.contig354	8301	0	0
D352.contig355	8269	60	4
D352.contig356	8252	0	0
D352.contig357	8241	1454	59
D352.contig358	8236	0	0
D352.contig359	8225	0	0
D352.contig360	8167	2	0
D352.contig361	8155	0	0
D352.contig362	8140	0	0
D352.contig363	8138	0	0
D352.contig364	8039	165	10
D352.contig365	7982	0	0
D352.contig366	7979	0	0
D352.contig367	7974	0	0
D352.contig368	7935	0	0
D352.contig369	7922	1	1
D352.contig370	7898	51	0
D352.contig371	7883	148	6
D352.contig372	7847	0	0
D352.contig373	7843	0	0
D352.contig374	7748	0	0
D352.contig375	7735	0	0
D352.contig376	7728	0	0
D352.contig377	7724	0	0
D352.contig378	7722	0	0
D352.contig379	7692	2	0
D352.contig380	7661	0	0
D352.contig381	7607	0	0
D352.contig382	7590	0	0
D352.contig383	7578	125	5
D352.contig384	7575	29	3
D352.contig385	7570	0	0
D352.contig386	7562	93	7
D352.contig387	7556	0	0
D352.contig388	7551	1915	100
D352.contig389	7549	0	0
D352.contig390	7546	3660	139
D352.contig391	7509	0	0
D352.contig392	7506	0	0
D352.contig393	7500	0	0
D352.contig394	7487	0	0
D352.contig395	7481	0	0
D352.contig396	7456	0	0
D352.contig397	7451	0	0
D352.contig398	7426	2098	212
D352.contig399	7384	0	0
D352.contig400	7369	0	0
D352.contig401	7324	0	0
D352.contig402	7305	149	5
D352.contig403	7303	0	0
D352.contig404	7299	0	0
D352.contig405	7291	0	0
D352.contig406	7283	0	0
D352.contig407	7248	0	0
D352.contig408	7200	64	2
D352.contig409	7190	0	0
D352.contig410	7187	4	4
D352.contig411	7179	0	0
D352.contig412	7173	0	0
D352.contig413	7168	2	0
D352.contig414	7155	854	16
D352.contig415	7116	0	0
D352.contig416	7106	0	0
D352.contig417	7061	0	0
D352.contig418	7056	0	0
D352.contig419	7013	0	0
D352.contig420	6991	0	0
D352.contig421	6977	1	1
D352.contig422	6964	323	13
D352.contig423	6957	0	0
D352.contig424	6950	0	0
D352.contig425	6930	0	0
D352.contig426	6917	0	0
D352.contig427	6902	0	0
D352.contig428	6902	0	0
D352.contig429	6865	0	0
D352.contig430	6863	0	0
D352.contig431	6824	0	0
D352.contig432	6823	0	0
D352.contig433	6823	5	1
D352.contig434	6822	0	0
D352.contig435	6804	10	0
D352.contig436	6799	1	1
D352.contig437	6774	40	2
D352.contig438	6751	99	5
D352.contig439	6733	0	0
D352.contig440	6721	0	0
D352.contig441	6703	2	0
D352.contig442	6699	0	0
D352.contig443	6684	2	0
D352.contig444	6678	0	0
D352.contig445	6677	0	0
D352.contig446	6650	518	30
D352.contig447	6635	220	3
D352.contig448	6614	130	5
D352.contig449	6606	63	0
D352.contig450	6568	5	1
D352.contig451	6563	2	0
D352.contig452	6548	0	0
D352.contig453	6530	0	0
D352.contig454	6528	0	0
D352.contig455	6528	0	0
D352.contig456	6497	0	0
D352.contig457	6494	156	4
D352.contig458	6481	0	0
D352.contig459	6464	0	0
D352.contig460	6459	0	0
D352.contig461	6452	0	0
D352.contig462	6439	0	0
D352.contig463	6435	0	0
D352.contig464	6423	0	0
D352.contig465	6410	126	14
D352.contig466	6388	0	0
D352.contig467	6380	0	0
D352.contig468	6355	0	0
D352.contig469	6326	0	0
D352.contig470	6318	0	0
D352.contig471	6315	0	0
D352.contig472	6309	0	0
D352.contig473	6301	98	2
D352.contig474	6273	0	0
D352.contig475	6260	0	0
D352.contig476	6243	0	0
D352.contig477	6226	0	0
D352.contig478	6222	45	13
D352.contig479	6204	0	0
D352.contig480	6198	0	0
D352.contig481	6193	0	0
D352.contig482	6190	0	0
D352.contig483	6187	0	0
D352.contig484	6175	0	0
D352.contig485	6088	1786	107
D352.contig486	6079	3	1
D352.contig487	6069	0	0
D352.contig488	6052	0	0
D352.contig489	6024	0	0
D352.contig490	6020	0	0
D352.contig491	6011	0	0
D352.contig492	5992	0	0
D352.contig493	5975	0	0
D352.contig494	5974	0	0
D352.contig495	5971	0	0
D352.contig496	5971	0	0
D352.contig497	5965	2557	195
D352.contig498	5956	1	1
D352.contig499	5956	0	0
D352.contig500	5911	0	0
D352.contig501	5905	0	0
D352.contig502	5896	0	0
D352.contig503	5896	0	0
D352.contig504	5895	0	0
D352.contig505	5889	993	62
D352.contig506	5888	0	0
D352.contig507	5845	0	0
D352.contig508	5839	4	2
D352.contig509	5834	0	0
D352.contig510	5832	0	0
D352.contig511	5831	0	0
D352.contig512	5824	56	1
D352.contig513	5807	0	0
D352.contig514	5804	0	0
D352.contig515	5797	0	0
D352.contig516	5793	0	0
D352.contig517	5754	0	0
D352.contig518	5743	0	0
D352.contig519	5738	0	0
D352.contig520	5736	0	0
D352.contig521	5721	0	0
D352.contig522	5697	0	0
D352.contig523	5672	0	0
D352.contig524	5661	0	0
D352.contig525	5644	0	0
D352.contig526	5641	0	0
D352.contig527	5639	0	0
D352.contig528	5621	0	0
D352.contig529	5619	0	0
D352.contig530	5603	0	0
D352.contig531	5575	47	0
D352.contig532	5573	1	1
D352.contig533	5554	2	0
D352.contig534	5542	0	0
D352.contig535	5541	0	0
D352.contig536	5541	0	0
D352.contig537	5540	0	0
D352.contig538	5531	65	1
D352.contig539	5521	1237	328
D352.contig540	5518	0	0
D352.contig541	5493	0	0
D352.contig542	5483	0	0
D352.contig543	5465	3	1
D352.contig544	5448	0	0
D352.contig545	5445	0	0
D352.contig546	5443	0	0
D352.contig547	5425	8	2
D352.contig548	5419	0	0
D352.contig549	5395	0	0
D352.contig550	5395	4	0
D352.contig551	5395	0	0
D352.contig552	5393	0	0
D352.contig553	5391	0	0
D352.contig554	5391	0	0
D352.contig555	5384	0	0
D352.contig556	5382	0	0
D352.contig557	5373	0	0
D352.contig558	5372	0	0
D352.contig559	5368	1358	61
D352.contig560	5338	0	0
D352.contig561	5335	4	0
D352.contig562	5334	86	4
D352.contig563	5330	1000	71
D352.contig564	5319	53	2
D352.contig565	5295	0	0
D352.contig566	5252	0	0
D352.contig567	5246	0	0
D352.contig568	5231	0	0
D352.contig569	5192	0	0
D352.contig570	5184	0	0
D352.contig571	5149	0	0
D352.contig572	5133	0	0
D352.contig573	5129	0	0
D352.contig574	5121	0	0
D352.contig575	5118	0	0
D352.contig576	5113	0	0
D352.contig577	5108	0	0
D352.contig578	5105	0	0
D352.contig579	5096	0	0
D352.contig580	5093	0	0
D352.contig581	5091	0	0
D352.contig582	5076	0	0
D352.contig583	5058	0	0
D352.contig584	5058	0	0
D352.contig585	5044	0	0
D352.contig586	5041	6	0
D352.contig587	5038	983931	19844
D352.contig588	5020	0	0
D352.contig589	5016	0	0
D352.contig590	5015	0	0
D352.contig591	4999	0	0
D352.contig592	4984	95	17
D352.contig593	4974	0	0
D352.contig594	4972	183	33
D352.contig595	4967	0	0
D352.contig596	4964	0	0
D352.contig597	4954	116	6
D352.contig598	4951	29	2
D352.contig599	4936	0	0
D352.contig600	4934	0	0
D352.contig601	4925	4	0
D352.contig602	4925	84	3
D352.contig603	4908	0	0
D352.contig604	4897	0	0
D352.contig605	4892	0	0
D352.contig606	4889	4	0
D352.contig607	4882	0	0
D352.contig608	4878	133	11
D352.contig609	4876	0	0
D352.contig610	4871	78	5
D352.contig611	4866	0	0
D352.contig612	4857	0	0
D352.contig613	4844	1893	122
D352.contig614	4839	0	0
D352.contig615	4820	3	0
D352.contig616	4810	1	1
D352.contig617	4803	84	5
D352.contig618	4790	3246	409
D352.contig619	4773	0	0
D352.contig620	4761	0	0
D352.contig621	4759	0	0
D352.contig622	4750	2436	175
D352.contig623	4746	0	0
D352.contig624	4739	41	31
D352.contig625	4738	0	0
D352.contig626	4736	3116	157
D352.contig627	4719	0	0
D352.contig628	4711	0	0
D352.contig629	4704	17	1
D352.contig630	4679	0	0
D352.contig631	4665	0	0
D352.contig632	4658	0	0
D352.contig633	4657	0	0
D352.contig634	4650	0	0
D352.contig635	4648	0	0
D352.contig636	4644	0	0
D352.contig637	4642	4	0
D352.contig638	4634	0	0
D352.contig639	4611	0	0
D352.contig640	4611	0	0
D352.contig641	4606	1036	117
D352.contig642	4578	2	0
D352.contig643	4577	0	0
D352.contig644	4576	4	0
D352.contig645	4573	2145	447
D352.contig646	4569	0	0
D352.contig647	4566	0	0
D352.contig648	4561	0	0
D352.contig649	4558	0	0
D352.contig650	4554	0	0
D352.contig651	4551	0	0
D352.contig652	4549	0	0
D352.contig653	4547	0	0
D352.contig654	4538	0	0
D352.contig655	4531	0	0
D352.contig656	4524	0	0
D352.contig657	4509	86	4
D352.contig658	4503	0	0
D352.contig659	4501	0	0
D352.contig660	4498	2	0
D352.contig661	4492	0	0
D352.contig662	4490	0	0
D352.contig663	4479	0	0
D352.contig664	4464	60	6
D352.contig665	4459	0	0
D352.contig666	4457	0	0
D352.contig667	4454	0	0
D352.contig668	4453	2	0
D352.contig669	4448	0	0
D352.contig670	4446	0	0
D352.contig671	4443	0	0
D352.contig672	4443	40	2
D352.contig673	4429	0	0
D352.contig674	4428	0	0
D352.contig675	4403	0	0
D352.contig676	4398	0	0
D352.contig677	4393	0	0
D352.contig678	4391	0	0
D352.contig679	4390	37	1
D352.contig680	4379	0	0
D352.contig681	4378	0	0
D352.contig682	4370	0	0
D352.contig683	4363	0	0
D352.contig684	4362	0	0
D352.contig685	4355	0	0
D352.contig686	4347	0	0
D352.contig687	4336	0	0
D352.contig688	4334	0	0
D352.contig689	4321	0	0
D352.contig690	4321	0	0
D352.contig691	4312	0	0
D352.contig692	4309	0	0
D352.contig693	4308	0	0
D352.contig694	4305	0	0
D352.contig695	4304	9	1
D352.contig696	4302	0	0
D352.contig697	4294	0	0
D352.contig698	4289	65625	635
D352.contig699	4284	0	0
D352.contig700	4283	5	1
D352.contig701	4277	0	0
D352.contig702	4262	0	0
D352.contig703	4262	0	0
D352.contig704	4253	0	0
D352.contig705	4249	2142	165
D352.contig706	4248	0	0
D352.contig707	4247	80	5
D352.contig708	4244	96	1
D352.contig709	4243	0	0
D352.contig710	4241	1	1
D352.contig711	4209	0	0
D352.contig712	4207	0	0
D352.contig713	4206	1	1
D352.contig714	4205	0	0
D352.contig715	4203	4	0
D352.contig716	4202	0	0
D352.contig717	4195	0	0
D352.contig718	4189	0	0
D352.contig719	4184	0	0
D352.contig720	4166	0	0
D352.contig721	4163	0	0
D352.contig722	4160	0	0
D352.contig723	4159	0	0
D352.contig724	4154	0	0
D352.contig725	4141	0	0
D352.contig726	4121	3500	275
D352.contig727	4120	0	0
D352.contig728	4117	0	0
D352.contig729	4110	29	1
D352.contig730	4107	0	0
D352.contig731	4095	74	4
D352.contig732	4088	0	0
D352.contig733	4070	1862	122
D352.contig734	4063	0	0
D352.contig735	4055	40	2
D352.contig736	4053	0	0
D352.contig737	4052	8	0
D352.contig738	4043	0	0
D352.contig739	4036	0	0
D352.contig740	4035	0	0
D352.contig741	4028	0	0
D352.contig742	4023	0	0
D352.contig743	4021	36	4
D352.contig744	4020	2	0
D352.contig745	4014	0	0
D352.contig746	4014	7	0
D352.contig747	4011	0	0
D352.contig748	4003	0	0
D352.contig749	3983	4	0
D352.contig750	3977	0	0
D352.contig751	3971	0	0
D352.contig752	3968	61	2
D352.contig753	3967	0	0
D352.contig754	3963	0	0
D352.contig755	3954	121	2
D352.contig756	3943	0	0
D352.contig757	3928	0	0
D352.contig758	3919	0	0
D352.contig759	3914	0	0
D352.contig760	3914	0	0
D352.contig761	3902	0	0
D352.contig762	3895	0	0
D352.contig763	3889	0	0
D352.contig764	3888	0	0
D352.contig765	3887	0	0
D352.contig766	3876	32	0
D352.contig767	3875	0	0
D352.contig768	3868	0	0
D352.contig769	3867	0	0
D352.contig770	3865	0	0
D352.contig771	3861	0	0
D352.contig772	3860	0	0
D352.contig773	3846	0	0
D352.contig774	3845	4	0
D352.contig775	3840	0	0
D352.contig776	3834	0	0
D352.contig777	3821	0	0
D352.contig778	3813	0	0
D352.contig779	3806	84	1
D352.contig780	3804	0	0
D352.contig781	3802	0	0
D352.contig782	3777	10	2
D352.contig783	3769	51	3
D352.contig784	3766	0	0
D352.contig785	3765	0	0
D352.contig786	3762	0	0
D352.contig787	3754	0	0
D352.contig788	3748	0	0
D352.contig789	3746	0	0
D352.contig790	3738	1	1
D352.contig791	3730	0	0
D352.contig792	3726	0	0
D352.contig793	3724	0	0
D352.contig794	3715	0	0
D352.contig795	3713	68	4
D352.contig796	3710	0	0
D352.contig797	3709	0	0
D352.contig798	3705	867	72
D352.contig799	3703	42	1
D352.contig800	3701	0	0
D352.contig801	3695	39	3
D352.contig802	3692	0	0
D352.contig803	3691	0	0
D352.contig804	3683	0	0
D352.contig805	3683	0	0
D352.contig806	3681	0	0
D352.contig807	3680	1	1
D352.contig808	3671	0	0
D352.contig809	3664	46	0
D352.contig810	3658	0	0
D352.contig811	3655	0	0
D352.contig812	3651	0	0
D352.contig813	3651	0	0
D352.contig814	3649	0	0
D352.contig815	3648	0	0
D352.contig816	3642	0	0
D352.contig817	3635	0	0
D352.contig818	3634	0	0
D352.contig819	3632	0	0
D352.contig820	3629	0	0
D352.contig821	3625	0	0
D352.contig822	3625	0	0
D352.contig823	3624	0	0
D352.contig824	3624	0	0
D352.contig825	3616	69	4
D352.contig826	3601	0	0
D352.contig827	3599	0	0
D352.contig828	3596	77	0
D352.contig829	3591	0	0
D352.contig830	3577	0	0
D352.contig831	3573	0	0
D352.contig832	3569	2	0
D352.contig833	3561	0	0
D352.contig834	3560	28	2
D352.contig835	3559	0	0
D352.contig836	3556	0	0
D352.contig837	3556	0	0
D352.contig838	3553	5	1
D352.contig839	3550	4	0
D352.contig840	3548	2	0
D352.contig841	3544	0	0
D352.contig842	3540	0	0
D352.contig843	3532	0	0
D352.contig844	3531	0	0
D352.contig845	3527	483	18
D352.contig846	3527	0	0
D352.contig847	3523	0	0
D352.contig848	3521	0	0
D352.contig849	3517	0	0
D352.contig850	3515	0	0
D352.contig851	3515	0	0
D352.contig852	3514	1	1
D352.contig853	3514	33	5
D352.contig854	3511	0	0
D352.contig855	3510	0	0
D352.contig856	3501	0	0
D352.contig857	3494	0	0
D352.contig858	3492	0	0
D352.contig859	3492	0	0
D352.contig860	3479	3	1
D352.contig861	3475	0	0
D352.contig862	3470	0	0
D352.contig863	3465	4	0
D352.contig864	3465	0	0
D352.contig865	3462	0	0
D352.contig866	3459	0	0
D352.contig867	3455	880	80
D352.contig868	3453	4	1
D352.contig869	3450	0	0
D352.contig870	3449	0	0
D352.contig871	3447	0	0
D352.contig872	3446	0	0
D352.contig873	3446	0	0
D352.contig874	3442	0	0
D352.contig875	3438	0	0
D352.contig876	3437	0	0
D352.contig877	3422	29	3
D352.contig878	3412	0	0
D352.contig879	3411	0	0
D352.contig880	3404	5	5
D352.contig881	3402	10	0
D352.contig882	3402	0	0
D352.contig883	3401	0	0
D352.contig884	3394	0	0
D352.contig885	3392	77	5
D352.contig886	3391	0	0
D352.contig887	3389	0	0
D352.contig888	3388	0	0
D352.contig889	3387	0	0
D352.contig890	3384	3	1
D352.contig891	3384	0	0
D352.contig892	3382	0	0
D352.contig893	3371	0	0
D352.contig894	3365	0	0
D352.contig895	3361	0	0
D352.contig896	3357	0	0
D352.contig897	3339	0	0
D352.contig898	3332	0	0
D352.contig899	3327	10	2
D352.contig900	3326	0	0
D352.contig901	3326	0	0
D352.contig902	3325	0	0
D352.contig903	3325	0	0
D352.contig904	3323	0	0
D352.contig905	3322	2	0
D352.contig906	3314	0	0
D352.contig907	3312	0	0
D352.contig908	3311	0	0
D352.contig909	3306	0	0
D352.contig910	3303	0	0
D352.contig911	3301	0	0
D352.contig912	3299	0	0
D352.contig913	3293	0	0
D352.contig914	3286	42	2
D352.contig915	3283	0	0
D352.contig916	3280	0	0
D352.contig917	3279	0	0
D352.contig918	3278	0	0
D352.contig919	3275	0	0
D352.contig920	3273	0	0
D352.contig921	3271	0	0
D352.contig922	3267	5	1
D352.contig923	3267	40	3
D352.contig924	3266	0	0
D352.contig925	3259	0	0
D352.contig926	3250	0	0
D352.contig927	3250	0	0
D352.contig928	3243	0	0
D352.contig929	3238	0	0
D352.contig930	3235	0	0
D352.contig931	3235	0	0
D352.contig932	3228	0	0
D352.contig933	3216	0	0
D352.contig934	3214	0	0
D352.contig935	3214	1030	95
D352.contig936	3213	0	0
D352.contig937	3211	2	2
D352.contig938	3207	0	0
D352.contig939	3205	0	0
D352.contig940	3199	18	0
D352.contig941	3197	4	0
D352.contig942	3194	47	5
D352.contig943	3193	0	0
D352.contig944	3191	46	4
D352.contig945	3190	0	0
D352.contig946	3190	27	1
D352.contig947	3190	0	0
D352.contig948	3184	43	2
D352.contig949	3177	0	0
D352.contig950	3176	0	0
D352.contig951	3173	0	0
D352.contig952	3170	0	0
D352.contig953	3163	0	0
D352.contig954	3159	0	0
D352.contig955	3144	0	0
D352.contig956	3140	0	0
D352.contig957	3139	2	0
D352.contig958	3138	0	0
D352.contig959	3137	0	0
D352.contig960	3134	0	0
D352.contig961	3130	0	0
D352.contig962	3128	44	4
D352.contig963	3125	0	0
D352.contig964	3123	0	0
D352.contig965	3114	0	0
D352.contig966	3106	0	0
D352.contig967	3102	4	0
D352.contig968	3100	0	0
D352.contig969	3098	2	0
D352.contig970	3095	0	0
D352.contig971	3092	20	0
D352.contig972	3087	0	0
D352.contig973	3085	1	1
D352.contig974	3084	0	0
D352.contig975	3076	0	0
D352.contig976	3074	0	0
D352.contig977	3072	0	0
D352.contig978	3060	0	0
D352.contig979	3058	0	0
D352.contig980	3058	700	60
D352.contig981	3055	0	0
D352.contig982	3053	2	0
D352.contig983	3052	0	0
D352.contig984	3049	0	0
D352.contig985	3047	8	2
D352.contig986	3046	0	0
D352.contig987	3045	0	0
D352.contig988	3045	0	0
D352.contig989	3039	5	1
D352.contig990	3039	4	0
D352.contig991	3037	39	3
D352.contig992	3036	0	0
D352.contig993	3033	0	0
D352.contig994	3027	0	0
D352.contig995	3025	0	0
D352.contig996	3025	0	0
D352.contig997	3021	0	0
D352.contig998	3021	0	0
D352.contig999	3020	0	0
D352.contig1000	3019	0	0
D352.contig1001	3017	0	0
D352.contig1002	3010	0	0
D352.contig1003	3008	0	0
D352.contig1004	3007	3	1
D352.contig1005	3001	0	0
*	0	0	6954860
