D352.contig1	140048	0	0
D352.contig2	135599	1	0
D352.contig3	124586	530	21
D352.contig4	123983	0	0
D352.contig5	120622	0	0
D352.contig6	106609	3	1
D352.contig7	103007	2	1
D352.contig8	102981	0	0
D352.contig9	99666	2	0
D352.contig10	98279	2	0
D352.contig11	96856	0	0
D352.contig12	95709	0	0
D352.contig13	91876	0	0
D352.contig14	91701	2	0
D352.contig15	87552	0	0
D352.contig16	82081	0	0
D352.contig17	76965	1	0
D352.contig18	74922	346960	9030
D352.contig19	73343	0	0
D352.contig20	71620	1	0
D352.contig21	71519	1	1
D352.contig22	65769	0	0
D352.contig23	65487	0	0
D352.contig24	64370	7190	156
D352.contig25	62437	21609	433
D352.contig26	62334	7861	159
D352.contig27	62037	15	2
D352.contig28	61656	4	0
D352.contig29	60849	0	0
D352.contig30	59372	299	10
D352.contig31	59029	245	9
D352.contig32	58756	0	0
D352.contig33	57984	0	0
D352.contig34	57918	0	0
D352.contig35	57693	2771637	74544
D352.contig36	56797	5	1
D352.contig37	56669	54	4
D352.contig38	56414	2	0
D352.contig39	55076	0	0
D352.contig40	54749	0	0
D352.contig41	54171	3	0
D352.contig42	53736	1	0
D352.contig43	53343	0	0
D352.contig44	53146	2	0
D352.contig45	52034	174	6
D352.contig46	51176	3	1
D352.contig47	50128	0	0
D352.contig48	49977	11	1
D352.contig49	49255	2	0
D352.contig50	49164	0	0
D352.contig51	48816	6709	135
D352.contig52	48429	0	0
D352.contig53	47678	34291	682
D352.contig54	47341	50453	1062
D352.contig55	45041	73915	1537
D352.contig56	44883	2	0
D352.contig57	44759	2131	57
D352.contig58	44640	750586	18962
D352.contig59	44620	1300	20
D352.contig60	44510	0	0
D352.contig61	44172	4731	111
D352.contig62	42101	0	0
D352.contig63	41847	33	1
D352.contig64	41492	30609	691
D352.contig65	40851	41399	868
D352.contig66	40480	0	0
D352.contig67	40030	0	0
D352.contig68	39999	140774	3477
D352.contig69	39944	302	12
D352.contig70	39940	1826215	47594
D352.contig71	39648	2	2
D352.contig72	39288	0	0
D352.contig73	39113	10056	261
D352.contig74	39095	0	0
D352.contig75	38991	0	0
D352.contig76	38185	0	0
D352.contig77	37397	171895	3153
D352.contig78	37389	5	0
D352.contig79	36975	45197	1411
D352.contig80	36470	0	0
D352.contig81	35987	1362	50
D352.contig82	35053	10620	318
D352.contig83	34972	2	0
D352.contig84	34517	179023	5004
D352.contig85	33990	3	0
D352.contig86	33716	0	0
D352.contig87	33565	0	0
D352.contig88	32877	0	0
D352.contig89	32680	0	0
D352.contig90	32599	5676	138
D352.contig91	32548	0	0
D352.contig92	32136	0	0
D352.contig93	32110	2	0
D352.contig94	32074	3552	60
D352.contig95	31892	0	0
D352.contig96	31829	2	0
D352.contig97	31297	0	0
D352.contig98	31234	0	0
D352.contig99	31220	62532	1122
D352.contig100	30758	0	0
D352.contig101	30733	5950	209
D352.contig102	29508	13912	373
D352.contig103	29159	3	0
D352.contig104	29120	3753	74
D352.contig105	28939	0	0
D352.contig106	28691	0	0
D352.contig107	28680	14315	382
D352.contig108	28582	0	0
D352.contig109	28478	4945	145
D352.contig110	27739	39358	836
D352.contig111	27737	2	2
D352.contig112	27579	24674	946
D352.contig113	27489	207922	5134
D352.contig114	27092	4783	117
D352.contig115	26880	11930	315
D352.contig116	26467	18238	535
D352.contig117	26394	0	0
D352.contig118	26255	0	0
D352.contig119	26200	0	0
D352.contig120	26017	0	0
D352.contig121	25686	1	1
D352.contig122	25434	0	0
D352.contig123	25429	11478	239
D352.contig124	25283	0	0
D352.contig125	25078	0	0
D352.contig126	25067	3484	106
D352.contig127	24975	0	0
D352.contig128	24651	0	0
D352.contig129	24389	3127	65
D352.contig130	24103	0	0
D352.contig131	23857	5926	100
D352.contig132	23803	2	0
D352.contig133	23369	3423	80
D352.contig134	23195	3481	72
D352.contig135	22586	2730	62
D352.contig136	22501	0	0
D352.contig137	21820	153	14
D352.contig138	21792	0	0
D352.contig139	21710	0	0
D352.contig140	21421	0	0
D352.contig141	21397	4	0
D352.contig142	21159	36	2
D352.contig143	21099	3	1
D352.contig144	21040	2	0
D352.contig145	20851	429	45
D352.contig146	20776	0	0
D352.contig147	20766	0	0
D352.contig148	20715	1098	32
D352.contig149	20143	13125	364
D352.contig150	19530	7677	232
D352.contig151	19235	0	0
D352.contig152	19195	11510	219
D352.contig153	19186	155	7
D352.contig154	19094	8712	472
D352.contig155	19069	10362	229
D352.contig156	19054	0	0
D352.contig157	19052	250	5
D352.contig158	18854	0	0
D352.contig159	18541	12233	201
D352.contig160	18462	0	0
D352.contig161	18341	65493	1746
D352.contig162	18310	21540	394
D352.contig163	18272	2602	72
D352.contig164	18255	159	3
D352.contig165	18116	0	0
D352.contig166	17953	2043	45
D352.contig167	17737	2240	46
D352.contig168	17713	1947	47
D352.contig169	17618	4759	153
D352.contig170	17508	4627	152
D352.contig171	17494	26	0
D352.contig172	17467	12898	381
D352.contig173	17444	0	0
D352.contig174	17373	5693	80
D352.contig175	17309	1769	51
D352.contig176	17294	1450	48
D352.contig177	17209	6	0
D352.contig178	17198	22683	1060
D352.contig179	17148	0	0
D352.contig180	16969	2	2
D352.contig181	16948	0	0
D352.contig182	16896	2213	54
D352.contig183	16891	358	20
D352.contig184	16636	4325	109
D352.contig185	16466	0	0
D352.contig186	16321	31	1
D352.contig187	16288	2242	61
D352.contig188	16168	0	0
D352.contig189	15684	11025	134
D352.contig190	15545	4193	59
D352.contig191	15451	1168	44
D352.contig192	15436	3489	65
D352.contig193	15286	0	0
D352.contig194	15281	0	0
D352.contig195	15207	0	0
D352.contig196	15157	2182	28
D352.contig197	15073	0	0
D352.contig198	14980	11385	290
D352.contig199	14978	0	0
D352.contig200	14973	570	34
D352.contig201	14766	2671	33
D352.contig202	14757	215038	4956
D352.contig203	14717	4242	105
D352.contig204	14674	0	0
D352.contig205	14660	0	0
D352.contig206	14646	0	0
D352.contig207	14603	1	0
D352.contig208	14602	5191	172
D352.contig209	14494	1847	67
D352.contig210	14288	3	0
D352.contig211	14270	694	12
D352.contig212	14251	1134	14
D352.contig213	14158	0	0
D352.contig214	14128	0	0
D352.contig215	14087	0	0
D352.contig216	14042	0	0
D352.contig217	13981	1759	38
D352.contig218	13834	0	0
D352.contig219	13802	0	0
D352.contig220	13771	28	0
D352.contig221	13683	24129	426
D352.contig222	13599	0	0
D352.contig223	13577	0	0
D352.contig224	13555	0	0
D352.contig225	13434	0	0
D352.contig226	13424	0	0
D352.contig227	13412	2078	52
D352.contig228	13294	1855	64
D352.contig229	13258	2	0
D352.contig230	13103	0	0
D352.contig231	13024	1477	25
D352.contig232	12969	18198	394
D352.contig233	12858	0	0
D352.contig234	12819	0	0
D352.contig235	12762	0	0
D352.contig236	12628	114816	2542
D352.contig237	12565	387991	11078
D352.contig238	12508	0	0
D352.contig239	12436	0	0
D352.contig240	12377	0	0
D352.contig241	12313	6198	122
D352.contig242	12207	4670	109
D352.contig243	12203	0	0
D352.contig244	12185	78665	2276
D352.contig245	12134	0	0
D352.contig246	12067	4	0
D352.contig247	12003	612	14
D352.contig248	11956	2	0
D352.contig249	11949	87	1
D352.contig250	11849	18950	855
D352.contig251	11805	1111	27
D352.contig252	11738	877	17
D352.contig253	11659	0	0
D352.contig254	11623	1048082	46726
D352.contig255	11605	878	14
D352.contig256	11479	0	0
D352.contig257	11435	0	0
D352.contig258	11431	2343	59
D352.contig259	11416	269	9
D352.contig260	11358	0	0
D352.contig261	11339	0	0
D352.contig262	11318	1226	26
D352.contig263	11281	290	38
D352.contig264	11233	0	0
D352.contig265	11231	2	0
D352.contig266	11211	0	0
D352.contig267	11204	68	2
D352.contig268	11165	739	26
D352.contig269	11090	0	0
D352.contig270	11032	5	0
D352.contig271	11014	1164	34
D352.contig272	11012	0	0
D352.contig273	10968	0	0
D352.contig274	10891	2	2
D352.contig275	10871	0	0
D352.contig276	10724	6011	116
D352.contig277	10707	888	28
D352.contig278	10707	0	0
D352.contig279	10624	1118	34
D352.contig280	10609	755	23
D352.contig281	10583	2	1
D352.contig282	10547	1028	31
D352.contig283	10536	30	1
D352.contig284	10527	168	2
D352.contig285	10486	640	15
D352.contig286	10476	1396	44
D352.contig287	10453	0	0
D352.contig288	10388	1707	91
D352.contig289	10365	13539	424
D352.contig290	10326	0	0
D352.contig291	10318	2	0
D352.contig292	10245	0	0
D352.contig293	10181	9565	184
D352.contig294	10169	0	0
D352.contig295	10164	0	0
D352.contig296	10130	1	1
D352.contig297	10096	753	23
D352.contig298	10032	0	0
D352.contig299	10018	76	2
D352.contig300	9976	68466	4478
D352.contig301	9957	137573	5867
D352.contig302	9851	0	0
D352.contig303	9803	0	0
D352.contig304	9778	0	0
D352.contig305	9761	0	0
D352.contig306	9746	859	31
D352.contig307	9728	0	0
D352.contig308	9723	748	20
D352.contig309	9718	0	0
D352.contig310	9714	1507	50
D352.contig311	9711	0	0
D352.contig312	9683	590	19
D352.contig313	9632	604	18
D352.contig314	9628	0	0
D352.contig315	9544	0	0
D352.contig316	9516	0	0
D352.contig317	9470	2107	154
D352.contig318	9442	198613	8375
D352.contig319	9357	65	1
D352.contig320	9347	156	11
D352.contig321	9339	0	0
D352.contig322	9329	3	1
D352.contig323	9279	0	0
D352.contig324	9261	0	0
D352.contig325	9256	0	0
D352.contig326	9222	349	8
D352.contig327	9181	114532	5007
D352.contig328	9167	0	0
D352.contig329	9162	6	0
D352.contig330	9151	0	0
D352.contig331	9016	675	23
D352.contig332	8987	663	14
D352.contig333	8983	173	4
D352.contig334	8945	0	0
D352.contig335	8914	76	7
D352.contig336	8886	0	0
D352.contig337	8884	0	0
D352.contig338	8849	697	23
D352.contig339	8837	1018	34
D352.contig340	8831	1204	39
D352.contig341	8782	7	1
D352.contig342	8774	0	0
D352.contig343	8664	0	0
D352.contig344	8655	7	1
D352.contig345	8617	11768	569
D352.contig346	8601	866	44
D352.contig347	8562	0	0
D352.contig348	8507	1081	22
D352.contig349	8490	20	2
D352.contig350	8398	496	15
D352.contig351	8383	0	0
D352.contig352	8352	0	0
D352.contig353	8313	479	25
D352.contig354	8301	90	26
D352.contig355	8269	0	0
D352.contig356	8252	0	0
D352.contig357	8241	7	3
D352.contig358	8236	2041	43
D352.contig359	8225	0	0
D352.contig360	8167	1106	39
D352.contig361	8155	1315	30
D352.contig362	8140	446	8
D352.contig363	8138	49	0
D352.contig364	8039	0	0
D352.contig365	7982	477	6
D352.contig366	7979	0	0
D352.contig367	7974	581229	20558
D352.contig368	7935	678	28
D352.contig369	7922	66	2
D352.contig370	7898	0	0
D352.contig371	7883	0	0
D352.contig372	7847	973	19
D352.contig373	7843	0	0
D352.contig374	7748	0	0
D352.contig375	7735	2862	48
D352.contig376	7728	894	42
D352.contig377	7724	3	1
D352.contig378	7722	2	0
D352.contig379	7692	7	1
D352.contig380	7661	977	25
D352.contig381	7607	2	0
D352.contig382	7590	572	16
D352.contig383	7578	0	0
D352.contig384	7575	26	21
D352.contig385	7570	1024	50
D352.contig386	7562	0	0
D352.contig387	7556	28709	404
D352.contig388	7551	0	0
D352.contig389	7549	0	0
D352.contig390	7546	2	0
D352.contig391	7509	1	1
D352.contig392	7506	3921	47
D352.contig393	7500	386	16
D352.contig394	7487	935	20
D352.contig395	7481	1	1
D352.contig396	7456	0	0
D352.contig397	7451	10	0
D352.contig398	7426	0	0
D352.contig399	7384	311	14
D352.contig400	7369	0	0
D352.contig401	7324	0	0
D352.contig402	7305	4	2
D352.contig403	7303	1899	49
D352.contig404	7299	0	0
D352.contig405	7291	406	14
D352.contig406	7283	0	0
D352.contig407	7248	839	38
D352.contig408	7200	0	0
D352.contig409	7190	515	23
D352.contig410	7187	1628	58
D352.contig411	7179	0	0
D352.contig412	7173	10	1
D352.contig413	7168	435	9
D352.contig414	7155	0	0
D352.contig415	7116	351	9
D352.contig416	7106	0	0
D352.contig417	7061	4	3
D352.contig418	7056	839	15
D352.contig419	7013	2	1
D352.contig420	6991	0	0
D352.contig421	6977	33	1
D352.contig422	6964	0	0
D352.contig423	6957	375	10
D352.contig424	6950	0	0
D352.contig425	6930	2	0
D352.contig426	6917	1096	31
D352.contig427	6902	376	10
D352.contig428	6902	2160	55
D352.contig429	6865	284	19
D352.contig430	6863	0	0
D352.contig431	6824	3905	54
D352.contig432	6823	985	29
D352.contig433	6823	742	15
D352.contig434	6822	2	0
D352.contig435	6804	257	20
D352.contig436	6799	0	0
D352.contig437	6774	0	0
D352.contig438	6751	0	0
D352.contig439	6733	0	0
D352.contig440	6721	560	22
D352.contig441	6703	28	0
D352.contig442	6699	931	61
D352.contig443	6684	218	12
D352.contig444	6678	7186	268
D352.contig445	6677	319	11
D352.contig446	6650	0	0
D352.contig447	6635	0	0
D352.contig448	6614	0	0
D352.contig449	6606	0	0
D352.contig450	6568	452	18
D352.contig451	6563	7	1
D352.contig452	6548	0	0
D352.contig453	6530	13	1
D352.contig454	6528	351	13
D352.contig455	6528	245	10
D352.contig456	6497	0	0
D352.contig457	6494	0	0
D352.contig458	6481	0	0
D352.contig459	6464	516	9
D352.contig460	6459	887	25
D352.contig461	6452	70089	2506
D352.contig462	6439	638	32
D352.contig463	6435	237	6
D352.contig464	6423	1158	28
D352.contig465	6410	9463	427
D352.contig466	6388	349	13
D352.contig467	6380	0	0
D352.contig468	6355	472	11
D352.contig469	6326	0	0
D352.contig470	6318	0	0
D352.contig471	6315	466	8
D352.contig472	6309	0	0
D352.contig473	6301	0	0
D352.contig474	6273	0	0
D352.contig475	6260	0	0
D352.contig476	6243	0	0
D352.contig477	6226	29715	934
D352.contig478	6222	14561	505
D352.contig479	6204	657	15
D352.contig480	6198	657	27
D352.contig481	6193	0	0
D352.contig482	6190	4	0
D352.contig483	6187	0	0
D352.contig484	6175	79	3
D352.contig485	6088	39	4
D352.contig486	6079	820	56
D352.contig487	6069	576	17
D352.contig488	6052	2490	56
D352.contig489	6024	0	0
D352.contig490	6020	0	0
D352.contig491	6011	481	11
D352.contig492	5992	0	0
D352.contig493	5975	302	13
D352.contig494	5974	0	0
D352.contig495	5971	0	0
D352.contig496	5971	324	8
D352.contig497	5965	7	0
D352.contig498	5956	0	0
D352.contig499	5956	329	10
D352.contig500	5911	3	3
D352.contig501	5905	1653	60
D352.contig502	5896	0	0
D352.contig503	5896	969	19
D352.contig504	5895	0	0
D352.contig505	5889	0	0
D352.contig506	5888	4782	106
D352.contig507	5845	0	0
D352.contig508	5839	264	6
D352.contig509	5834	414	8
D352.contig510	5832	7447	387
D352.contig511	5831	0	0
D352.contig512	5824	0	0
D352.contig513	5807	291	11
D352.contig514	5804	380	9
D352.contig515	5797	0	0
D352.contig516	5793	30	0
D352.contig517	5754	0	0
D352.contig518	5743	2	0
D352.contig519	5738	27	3
D352.contig520	5736	6389	133
D352.contig521	5721	0	0
D352.contig522	5697	17	1
D352.contig523	5672	0	0
D352.contig524	5661	426	12
D352.contig525	5644	412	12
D352.contig526	5641	591	23
D352.contig527	5639	988	44
D352.contig528	5621	377	15
D352.contig529	5619	488	20
D352.contig530	5603	0	0
D352.contig531	5575	0	0
D352.contig532	5573	0	0
D352.contig533	5554	0	0
D352.contig534	5542	22	0
D352.contig535	5541	0	0
D352.contig536	5541	704	25
D352.contig537	5540	7325	210
D352.contig538	5531	0	0
D352.contig539	5521	299	18
D352.contig540	5518	294	4
D352.contig541	5493	340	22
D352.contig542	5483	0	0
D352.contig543	5465	0	0
D352.contig544	5448	153	9
D352.contig545	5445	0	0
D352.contig546	5443	627	14
D352.contig547	5425	330	9
D352.contig548	5419	486	21
D352.contig549	5395	0	0
D352.contig550	5395	0	0
D352.contig551	5395	2	0
D352.contig552	5393	12	4
D352.contig553	5391	344	12
D352.contig554	5391	543	17
D352.contig555	5384	0	0
D352.contig556	5382	1106	35
D352.contig557	5373	262	18
D352.contig558	5372	2	0
D352.contig559	5368	0	0
D352.contig560	5338	381	13
D352.contig561	5335	354	6
D352.contig562	5334	0	0
D352.contig563	5330	0	0
D352.contig564	5319	0	0
D352.contig565	5295	8	0
D352.contig566	5252	251	17
D352.contig567	5246	295	20
D352.contig568	5231	198022	7550
D352.contig569	5192	2	0
D352.contig570	5184	506	28
D352.contig571	5149	18	2
D352.contig572	5133	772	32
D352.contig573	5129	12	0
D352.contig574	5121	0	0
D352.contig575	5118	0	0
D352.contig576	5113	0	0
D352.contig577	5108	1109	50
D352.contig578	5105	0	0
D352.contig579	5096	0	0
D352.contig580	5093	0	0
D352.contig581	5091	24	2
D352.contig582	5076	537	13
D352.contig583	5058	198	8
D352.contig584	5058	0	0
D352.contig585	5044	0	0
D352.contig586	5041	508	20
D352.contig587	5038	18	5
D352.contig588	5020	0	0
D352.contig589	5016	241	23
D352.contig590	5015	267	11
D352.contig591	4999	324	16
D352.contig592	4984	2386	40
D352.contig593	4974	280	7
D352.contig594	4972	0	0
D352.contig595	4967	3645	56
D352.contig596	4964	317	21
D352.contig597	4954	463	22
D352.contig598	4951	0	0
D352.contig599	4936	0	0
D352.contig600	4934	0	0
D352.contig601	4925	13	5
D352.contig602	4925	0	0
D352.contig603	4908	1747	74
D352.contig604	4897	13	2
D352.contig605	4892	464	24
D352.contig606	4889	0	0
D352.contig607	4882	0	0
D352.contig608	4878	0	0
D352.contig609	4876	241	9
D352.contig610	4871	0	0
D352.contig611	4866	842	37
D352.contig612	4857	0	0
D352.contig613	4844	0	0
D352.contig614	4839	217	9
D352.contig615	4820	0	0
D352.contig616	4810	11899	271
D352.contig617	4803	0	0
D352.contig618	4790	2	0
D352.contig619	4773	22	4
D352.contig620	4761	0	0
D352.contig621	4759	0	0
D352.contig622	4750	0	0
D352.contig623	4746	382	24
D352.contig624	4739	903	65
D352.contig625	4738	2263	157
D352.contig626	4736	2	2
D352.contig627	4719	4	0
D352.contig628	4711	0	0
D352.contig629	4704	0	0
D352.contig630	4679	0	0
D352.contig631	4665	488	33
D352.contig632	4658	0	0
D352.contig633	4657	309	12
D352.contig634	4650	406	17
D352.contig635	4648	0	0
D352.contig636	4644	275	8
D352.contig637	4642	202	18
D352.contig638	4634	0	0
D352.contig639	4611	0	0
D352.contig640	4611	7	1
D352.contig641	4606	0	0
D352.contig642	4578	0	0
D352.contig643	4577	0	0
D352.contig644	4576	215	13
D352.contig645	4573	558	19
D352.contig646	4569	0	0
D352.contig647	4566	420	13
D352.contig648	4561	0	0
D352.contig649	4558	291	7
D352.contig650	4554	0	0
D352.contig651	4551	0	0
D352.contig652	4549	0	0
D352.contig653	4547	170	6
D352.contig654	4538	1503	54
D352.contig655	4531	189	5
D352.contig656	4524	0	0
D352.contig657	4509	0	0
D352.contig658	4503	0	0
D352.contig659	4501	222735	9696
D352.contig660	4498	0	0
D352.contig661	4492	305	15
D352.contig662	4490	44	1
D352.contig663	4479	349	9
D352.contig664	4464	0	0
D352.contig665	4459	0	0
D352.contig666	4457	464	13
D352.contig667	4454	260	9
D352.contig668	4453	80	0
D352.contig669	4448	2	0
D352.contig670	4446	0	0
D352.contig671	4443	0	0
D352.contig672	4443	0	0
D352.contig673	4429	474	14
D352.contig674	4428	1012	458
D352.contig675	4403	28	0
D352.contig676	4398	1	0
D352.contig677	4393	0	0
D352.contig678	4391	237	13
D352.contig679	4390	0	0
D352.contig680	4379	3	1
D352.contig681	4378	0	0
D352.contig682	4370	266	14
D352.contig683	4363	304	9
D352.contig684	4362	219	11
D352.contig685	4355	2	2
D352.contig686	4347	286	14
D352.contig687	4336	0	0
D352.contig688	4334	277	15
D352.contig689	4321	414	21
D352.contig690	4321	1	0
D352.contig691	4312	552	24
D352.contig692	4309	286	11
D352.contig693	4308	0	0
D352.contig694	4305	269	8
D352.contig695	4304	18	3
D352.contig696	4302	738	33
D352.contig697	4294	0	0
D352.contig698	4289	26773	368
D352.contig699	4284	0	0
D352.contig700	4283	0	0
D352.contig701	4277	0	0
D352.contig702	4262	0	0
D352.contig703	4262	0	0
D352.contig704	4253	233	13
D352.contig705	4249	0	0
D352.contig706	4248	9066	483
D352.contig707	4247	2	0
D352.contig708	4244	0	0
D352.contig709	4243	0	0
D352.contig710	4241	0	0
D352.contig711	4209	11	0
D352.contig712	4207	234	6
D352.contig713	4206	0	0
D352.contig714	4205	240	8
D352.contig715	4203	242	9
D352.contig716	4202	600	32
D352.contig717	4195	0	0
D352.contig718	4189	0	0
D352.contig719	4184	0	0
D352.contig720	4166	2	0
D352.contig721	4163	0	0
D352.contig722	4160	0	0
D352.contig723	4159	0	0
D352.contig724	4154	330	7
D352.contig725	4141	0	0
D352.contig726	4121	8	2
D352.contig727	4120	0	0
D352.contig728	4117	0	0
D352.contig729	4110	0	0
D352.contig730	4107	256	19
D352.contig731	4095	0	0
D352.contig732	4088	2	0
D352.contig733	4070	2	1
D352.contig734	4063	237	10
D352.contig735	4055	0	0
D352.contig736	4053	184	8
D352.contig737	4052	0	0
D352.contig738	4043	224	8
D352.contig739	4036	31053	2655
D352.contig740	4035	2	0
D352.contig741	4028	3	1
D352.contig742	4023	0	0
D352.contig743	4021	0	0
D352.contig744	4020	140	11
D352.contig745	4014	241	13
D352.contig746	4014	0	0
D352.contig747	4011	459	18
D352.contig748	4003	0	0
D352.contig749	3983	175	6
D352.contig750	3977	267	7
D352.contig751	3971	0	0
D352.contig752	3968	0	0
D352.contig753	3967	0	0
D352.contig754	3963	154	8
D352.contig755	3954	0	0
D352.contig756	3943	46	2
D352.contig757	3928	0	0
D352.contig758	3919	287	17
D352.contig759	3914	0	0
D352.contig760	3914	940	26
D352.contig761	3902	187	8
D352.contig762	3895	216	8
D352.contig763	3889	217	15
D352.contig764	3888	0	0
D352.contig765	3887	0	0
D352.contig766	3876	0	0
D352.contig767	3875	0	0
D352.contig768	3868	221	6
D352.contig769	3867	140	6
D352.contig770	3865	445	9
D352.contig771	3861	0	0
D352.contig772	3860	3973	449
D352.contig773	3846	152	12
D352.contig774	3845	0	0
D352.contig775	3840	56	23
D352.contig776	3834	0	0
D352.contig777	3821	0	0
D352.contig778	3813	0	0
D352.contig779	3806	0	0
D352.contig780	3804	249	11
D352.contig781	3802	0	0
D352.contig782	3777	0	0
D352.contig783	3769	0	0
D352.contig784	3766	168	12
D352.contig785	3765	226	12
D352.contig786	3762	0	0
D352.contig787	3754	377	29
D352.contig788	3748	184	5
D352.contig789	3746	0	0
D352.contig790	3738	145	5
D352.contig791	3730	0	0
D352.contig792	3726	62	4
D352.contig793	3724	219	18
D352.contig794	3715	0	0
D352.contig795	3713	0	0
D352.contig796	3710	45	1
D352.contig797	3709	196	14
D352.contig798	3705	0	0
D352.contig799	3703	0	0
D352.contig800	3701	0	0
D352.contig801	3695	0	0
D352.contig802	3692	31	1
D352.contig803	3691	0	0
D352.contig804	3683	386	54
D352.contig805	3683	0	0
D352.contig806	3681	184	12
D352.contig807	3680	0	0
D352.contig808	3671	1	1
D352.contig809	3664	0	0
D352.contig810	3658	0	0
D352.contig811	3655	153	9
D352.contig812	3651	27	1
D352.contig813	3651	117612	4340
D352.contig814	3649	390	30
D352.contig815	3648	251	13
D352.contig816	3642	0	0
D352.contig817	3635	177	13
D352.contig818	3634	2757	66
D352.contig819	3632	48384	1495
D352.contig820	3629	1528	58
D352.contig821	3625	247	13
D352.contig822	3625	0	0
D352.contig823	3624	0	0
D352.contig824	3624	273	16
D352.contig825	3616	0	0
D352.contig826	3601	176	16
D352.contig827	3599	177	10
D352.contig828	3596	0	0
D352.contig829	3591	0	0
D352.contig830	3577	11	1
D352.contig831	3573	0	0
D352.contig832	3569	241	19
D352.contig833	3561	0	0
D352.contig834	3560	0	0
D352.contig835	3559	2	0
D352.contig836	3556	242	22
D352.contig837	3556	267	11
D352.contig838	3553	0	0
D352.contig839	3550	22	0
D352.contig840	3548	0	0
D352.contig841	3544	229	9
D352.contig842	3540	370	14
D352.contig843	3532	152	6
D352.contig844	3531	0	0
D352.contig845	3527	84	32
D352.contig846	3527	180	7
D352.contig847	3523	0	0
D352.contig848	3521	0	0
D352.contig849	3517	0	0
D352.contig850	3515	12	0
D352.contig851	3515	111	7
D352.contig852	3514	0	0
D352.contig853	3514	0	0
D352.contig854	3511	0	0
D352.contig855	3510	0	0
D352.contig856	3501	469	10
D352.contig857	3494	0	0
D352.contig858	3492	0	0
D352.contig859	3492	0	0
D352.contig860	3479	0	0
D352.contig861	3475	0	0
D352.contig862	3470	0	0
D352.contig863	3465	241	25
D352.contig864	3465	0	0
D352.contig865	3462	686	17
D352.contig866	3459	27196	2905
D352.contig867	3455	0	0
D352.contig868	3453	150	7
D352.contig869	3450	0	0
D352.contig870	3449	0	0
D352.contig871	3447	216	12
D352.contig872	3446	0	0
D352.contig873	3446	0	0
D352.contig874	3442	172	10
D352.contig875	3438	212	12
D352.contig876	3437	586	19
D352.contig877	3422	0	0
D352.contig878	3412	0	0
D352.contig879	3411	0	0
D352.contig880	3404	0	0
D352.contig881	3402	0	0
D352.contig882	3402	9	1
D352.contig883	3401	0	0
D352.contig884	3394	2	0
D352.contig885	3392	236	22
D352.contig886	3391	0	0
D352.contig887	3389	2	2
D352.contig888	3388	0	0
D352.contig889	3387	0	0
D352.contig890	3384	1	1
D352.contig891	3384	167	7
D352.contig892	3382	170	12
D352.contig893	3371	0	0
D352.contig894	3365	297	13
D352.contig895	3361	0	0
D352.contig896	3357	3681	105
D352.contig897	3339	147	12
D352.contig898	3332	0	0
D352.contig899	3327	215	36
D352.contig900	3326	130	8
D352.contig901	3326	0	0
D352.contig902	3325	0	0
D352.contig903	3325	0	0
D352.contig904	3323	595	14
D352.contig905	3322	0	0
D352.contig906	3314	186	22
D352.contig907	3312	153	7
D352.contig908	3311	0	0
D352.contig909	3306	0	0
D352.contig910	3303	0	0
D352.contig911	3301	106	14
D352.contig912	3299	0	0
D352.contig913	3293	670	26
D352.contig914	3286	0	0
D352.contig915	3283	0	0
D352.contig916	3280	2	1
D352.contig917	3279	0	0
D352.contig918	3278	1	1
D352.contig919	3275	193	5
D352.contig920	3273	175	11
D352.contig921	3271	1	1
D352.contig922	3267	2	0
D352.contig923	3267	0	0
D352.contig924	3266	0	0
D352.contig925	3259	0	0
D352.contig926	3250	209	5
D352.contig927	3250	0	0
D352.contig928	3243	0	0
D352.contig929	3238	0	0
D352.contig930	3235	99	1
D352.contig931	3235	0	0
D352.contig932	3228	191	11
D352.contig933	3216	1	1
D352.contig934	3214	0	0
D352.contig935	3214	0	0
D352.contig936	3213	0	0
D352.contig937	3211	8601	1544
D352.contig938	3207	0	0
D352.contig939	3205	1	1
D352.contig940	3199	8	0
D352.contig941	3197	0	0
D352.contig942	3194	0	0
D352.contig943	3193	175	13
D352.contig944	3191	0	0
D352.contig945	3190	141	13
D352.contig946	3190	0	0
D352.contig947	3190	0	0
D352.contig948	3184	0	0
D352.contig949	3177	0	0
D352.contig950	3176	89	13
D352.contig951	3173	4	0
D352.contig952	3170	253	10
D352.contig953	3163	0	0
D352.contig954	3159	327	53
D352.contig955	3144	528	15
D352.contig956	3140	0	0
D352.contig957	3139	39	6
D352.contig958	3138	6	0
D352.contig959	3137	0	0
D352.contig960	3134	1	1
D352.contig961	3130	0	0
D352.contig962	3128	0	0
D352.contig963	3125	0	0
D352.contig964	3123	167	11
D352.contig965	3114	139	13
D352.contig966	3106	0	0
D352.contig967	3102	184	8
D352.contig968	3100	0	0
D352.contig969	3098	0	0
D352.contig970	3095	145	15
D352.contig971	3092	0	0
D352.contig972	3087	0	0
D352.contig973	3085	117	8
D352.contig974	3084	0	0
D352.contig975	3076	0	0
D352.contig976	3074	1	1
D352.contig977	3072	0	0
D352.contig978	3060	10	0
D352.contig979	3058	568	17
D352.contig980	3058	0	0
D352.contig981	3055	186	19
D352.contig982	3053	143	3
D352.contig983	3052	0	0
D352.contig984	3049	7	1
D352.contig985	3047	0	0
D352.contig986	3046	175	10
D352.contig987	3045	1	0
D352.contig988	3045	0	0
D352.contig989	3039	0	0
D352.contig990	3039	324	11
D352.contig991	3037	0	0
D352.contig992	3036	117	8
D352.contig993	3033	28	4
D352.contig994	3027	176	8
D352.contig995	3025	157	5
D352.contig996	3025	909	70
D352.contig997	3021	166	8
D352.contig998	3021	118	14
D352.contig999	3020	117	15
D352.contig1000	3019	1669	144
D352.contig1001	3017	2	0
D352.contig1002	3010	142	8
D352.contig1003	3008	205	15
D352.contig1004	3007	134	6
D352.contig1005	3001	0	0
*	0	0	1154246
