R3651.contig1	2459	219397	4578
R3651.contig2	2009	341989	9066
R3651.contig3	1788	10197	59
R3651.contig4	1166	9765	398
R3651.contig5	1101	5935	166
R3651.contig6	1071	21454	212
R3651.contig7	1062	53817	1004
R3651.contig8	1042	1866	41
R3651.contig9	1038	166295	8961
R3651.contig10	1018	36982	2626
R3651.contig11	988	24250	923
R3651.contig12	964	9633	129
R3651.contig13	958	2904	6
R3651.contig14	954	1598	34
R3651.contig15	906	55404	2426
R3651.contig16	858	53098	1862
R3651.contig17	847	71951	9993
R3651.contig18	844	62642	2495
R3651.contig19	842	183045	17404
R3651.contig20	839	70849	4582
R3651.contig21	787	468	4
R3651.contig22	777	5315	218
R3651.contig23	771	36903	861
R3651.contig24	755	121034	3567
R3651.contig25	745	71473	1524
R3651.contig26	726	62747	1099
R3651.contig27	723	29914	388
R3651.contig28	723	171	0
R3651.contig29	714	7598	553
R3651.contig30	709	33772	4559
R3651.contig31	708	8489	256
R3651.contig32	696	757	1
R3651.contig33	672	10218	957
R3651.contig34	668	65910	921
R3651.contig35	660	1086	1
R3651.contig36	652	36263	1315
R3651.contig37	648	29743	5583
R3651.contig38	642	12664	293
R3651.contig39	640	788	3
R3651.contig40	637	423	1
R3651.contig41	634	63921	7357
R3651.contig42	602	8572	388
R3651.contig43	601	15722	922
R3651.contig44	594	50909	2306
R3651.contig45	590	286	0
R3651.contig46	586	294	0
R3651.contig47	582	286	0
R3651.contig48	568	46547	5810
R3651.contig49	567	287	1
R3651.contig50	566	228825	3920
R3651.contig51	565	5193	193
R3651.contig52	563	256504	9350
R3651.contig53	555	156	0
R3651.contig54	553	69779	5090
R3651.contig55	553	7195	1341
R3651.contig56	549	46502	2636
R3651.contig57	543	19989	649
R3651.contig58	537	153	1
R3651.contig59	532	40473	1342
R3651.contig60	519	94	0
R3651.contig61	512	2576	37
R3651.contig62	508	5929	89
R3651.contig63	506	110902	9279
R3651.contig64	503	195246	29784
R3651.contig65	497	17	3
R3651.contig66	495	1917	463
R3651.contig67	494	229893	5363
R3651.contig68	493	1579	27
R3651.contig69	489	1085	14
R3651.contig70	484	278	0
R3651.contig71	483	6155	1117
R3651.contig72	481	898	9
R3651.contig73	479	16149	1381
R3651.contig74	474	24832	2715
R3651.contig75	466	21	7
R3651.contig76	455	420	0
R3651.contig77	451	4092	86
R3651.contig78	451	22266	3275
R3651.contig79	449	10447	306
R3651.contig80	445	79433	8966
R3651.contig81	443	13771	1589
R3651.contig82	437	64	4
R3651.contig83	436	129	7
R3651.contig84	432	2276	61
R3651.contig85	429	57845	5684
R3651.contig86	428	142	0
R3651.contig87	426	3215	94
R3651.contig88	417	7027	1001
R3651.contig89	415	98	0
R3651.contig90	414	29777	1544
R3651.contig91	406	38337	3840
R3651.contig92	401	34	0
R3651.contig93	400	79802	4274
R3651.contig94	398	60524	7256
R3651.contig95	395	603	26
R3651.contig96	394	33419	1333
R3651.contig97	391	7246	151
R3651.contig98	381	10042	600
R3651.contig99	381	4793	121
R3651.contig100	381	4927	34
R3651.contig101	374	9832	147
R3651.contig102	367	83	30
R3651.contig103	367	28	0
R3651.contig104	366	197898	32824
R3651.contig105	358	17169	1456
R3651.contig106	351	3554	77
R3651.contig107	344	9144	458
R3651.contig108	343	49	14
R3651.contig109	340	17613	797
R3651.contig110	339	11932	707
R3651.contig111	336	5066	172
R3651.contig112	325	18	2
R3651.contig113	322	604	6
R3651.contig114	321	6781	240
R3651.contig115	319	57	1
R3651.contig116	318	3075	152
R3651.contig117	313	2090	79
R3651.contig118	312	114087	5301
R3651.contig119	310	21	1
R3651.contig120	308	154434	31591
R3651.contig121	307	41420	3667
R3651.contig122	304	356	3
R3651.contig123	304	614	31
*	0	0	237638
