D3334.contig1	63711	50899	1207
D3334.contig2	44026	23728	532
D3334.contig3	42350	21805	460
D3334.contig4	40169	3166647	71761
D3334.contig5	38514	21172	360
D3334.contig6	38248	36417	852
D3334.contig7	36956	301513	5955
D3334.contig8	36092	1859987	54166
D3334.contig9	23747	37258	748
D3334.contig10	22796	4168	93
D3334.contig11	21341	46588	1149
D3334.contig12	18597	2468854	62816
D3334.contig13	18316	9008	131
D3334.contig14	18286	9797	258
D3334.contig15	17903	4371	80
D3334.contig16	16805	276004	6814
D3334.contig17	16500	3922	131
D3334.contig18	16495	7080	135
D3334.contig19	15842	250041	5986
D3334.contig20	15796	2313	79
D3334.contig21	14957	4055	105
D3334.contig22	14570	2884	31
D3334.contig23	13415	2172	58
D3334.contig24	12954	2199	57
D3334.contig25	12387	2805	51
D3334.contig26	12354	1514	30
D3334.contig27	11594	1752	56
D3334.contig28	11591	9514	266
D3334.contig29	10386	1471	30
D3334.contig30	10318	2227	47
D3334.contig31	10259	2357	49
D3334.contig32	9501	1715	33
D3334.contig33	9276	1868	65
D3334.contig34	9130	1212	34
D3334.contig35	8908	2097	39
D3334.contig36	8470	2866	61
D3334.contig37	8123	1017	20
D3334.contig38	7992	1245	31
D3334.contig39	7976	7661	154
D3334.contig40	7707	853	23
D3334.contig41	7591	2262	69
D3334.contig42	7466	1269	25
D3334.contig43	7431	3253	79
D3334.contig44	7283	1796	61
D3334.contig45	7230	1776	42
D3334.contig46	7226	1013	25
D3334.contig47	6747	1137	31
D3334.contig48	6743	1014	15
D3334.contig49	6641	774	17
D3334.contig50	6118	4866	54
D3334.contig51	5971	551	10
D3334.contig52	5930	906	21
D3334.contig53	5915	739	23
D3334.contig54	5891	2248	39
D3334.contig55	5879	1860	38
D3334.contig56	5131	951	10
D3334.contig57	5077	465	14
D3334.contig58	4928	413	13
D3334.contig59	4889	604	25
D3334.contig60	4886	970	19
D3334.contig61	4875	1394	33
D3334.contig62	4827	513	18
D3334.contig63	4497	662	16
D3334.contig64	4492	3724	36
D3334.contig65	4462	361	9
D3334.contig66	4321	829	16
D3334.contig67	4309	480	6
D3334.contig68	4289	714	15
D3334.contig69	4264	567	20
D3334.contig70	4072	273	5
D3334.contig71	4037	379	15
D3334.contig72	4024	264	15
D3334.contig73	3915	1816	45
D3334.contig74	3666	430	15
D3334.contig75	3647	3042	65
D3334.contig76	3463	482	29
D3334.contig77	3429	14906	419
D3334.contig78	3419	2343	55
D3334.contig79	3394	317	12
D3334.contig80	3285	431	17
D3334.contig81	3242	340	13
D3334.contig82	3154	305	3
D3334.contig83	3148	324	17
D3334.contig84	3137	1185	42
D3334.contig85	3037	374	9
D3334.contig86	2980	249	9
D3334.contig87	2966	11379	79
D3334.contig88	2924	32512	404
D3334.contig89	2912	392	17
D3334.contig90	2876	159324	1280
D3334.contig91	2867	594	7
D3334.contig92	2849	215	14
D3334.contig93	2845	520	15
D3334.contig94	2820	299	13
D3334.contig95	2797	514	10
D3334.contig96	2772	187	10
D3334.contig97	2760	290	10
D3334.contig98	2720	189	17
D3334.contig99	2719	745	47
D3334.contig100	2699	216	11
D3334.contig101	2689	246	7
D3334.contig102	2648	793	13
D3334.contig103	2626	211	13
D3334.contig104	2626	244	19
D3334.contig105	2607	196	4
D3334.contig106	2602	367	8
D3334.contig107	2540	1513	24
D3334.contig108	2525	332	21
D3334.contig109	2506	220	6
D3334.contig110	2498	155	21
D3334.contig111	2496	313	8
D3334.contig112	2444	797	51
D3334.contig113	2427	165340	3010
D3334.contig114	2357	251	9
D3334.contig115	2353	185	9
D3334.contig116	2313	174	10
D3334.contig117	2274	460	26
D3334.contig118	2274	189	13
D3334.contig119	2210	141	14
D3334.contig120	2202	122	10
D3334.contig121	2198	2930	132
D3334.contig122	2188	390	6
D3334.contig123	2185	205	12
D3334.contig124	2179	150	9
D3334.contig125	2173	175	8
D3334.contig126	2167	190	12
D3334.contig127	2166	153	16
D3334.contig128	2134	154	6
D3334.contig129	2111	24250	729
D3334.contig130	2108	162	6
D3334.contig131	2045	154	7
D3334.contig132	2043	153	9
D3334.contig133	2013	288	6
D3334.contig134	1996	121	13
D3334.contig135	1979	411	10
D3334.contig136	1972	147	6
D3334.contig137	1963	507	23
D3334.contig138	1962	251	14
D3334.contig139	1945	175	10
D3334.contig140	1933	1536	90
D3334.contig141	1928	184	14
D3334.contig142	1891	375	4
D3334.contig143	1822	261	13
D3334.contig144	1772	2025	70
D3334.contig145	1768	135	8
D3334.contig146	1766	1722	43
D3334.contig147	1765	96	9
D3334.contig148	1738	181	15
D3334.contig149	1716	108	8
D3334.contig150	1678	90	8
D3334.contig151	1664	145	10
D3334.contig152	1664	131	9
D3334.contig153	1660	111	11
D3334.contig154	1656	243	6
D3334.contig155	1623	108	10
D3334.contig156	1622	176	19
D3334.contig157	1621	165	6
D3334.contig158	1605	212	11
D3334.contig159	1603	196	6
D3334.contig160	1586	107	6
D3334.contig161	1584	420	12
D3334.contig162	1581	681	18
D3334.contig163	1581	128	8
D3334.contig164	1566	104	13
D3334.contig165	1565	107	6
D3334.contig166	1564	106	12
D3334.contig167	1564	238	10
D3334.contig168	1555	96	8
D3334.contig169	1537	2964	125
D3334.contig170	1535	101	5
D3334.contig171	1522	82	4
D3334.contig172	1520	77	8
D3334.contig173	1514	147	2
D3334.contig174	1509	188	1
D3334.contig175	1507	86	4
D3334.contig176	1496	478	18
D3334.contig177	1491	669	44
D3334.contig178	1460	154	12
D3334.contig179	1456	100	4
D3334.contig180	1453	124	3
D3334.contig181	1453	79	6
D3334.contig182	1450	100	6
D3334.contig183	1443	1086	39
D3334.contig184	1435	2901	106
D3334.contig185	1426	89	6
D3334.contig186	1418	79	5
D3334.contig187	1411	101	11
D3334.contig188	1385	114	8
D3334.contig189	1369	1537	189
D3334.contig190	1363	96	8
D3334.contig191	1358	90	12
D3334.contig192	1350	95	5
D3334.contig193	1329	1169	156
D3334.contig194	1327	93	3
D3334.contig195	1324	156	4
D3334.contig196	1320	115	10
D3334.contig197	1318	2566	145
D3334.contig198	1311	113	12
D3334.contig199	1310	132	8
D3334.contig200	1307	95	3
D3334.contig201	1303	1012	68
D3334.contig202	1302	86	10
D3334.contig203	1291	61	4
D3334.contig204	1288	61	10
D3334.contig205	1287	86	6
D3334.contig206	1268	79	2
D3334.contig207	1264	95	11
D3334.contig208	1252	94	15
D3334.contig209	1248	102	8
D3334.contig210	1245	52	6
D3334.contig211	1243	85	3
D3334.contig212	1240	73	6
D3334.contig213	1237	82	6
D3334.contig214	1237	69	14
D3334.contig215	1233	57	7
D3334.contig216	1225	91	7
D3334.contig217	1211	91	6
D3334.contig218	1199	123	4
D3334.contig219	1198	68	11
D3334.contig220	1197	48	5
D3334.contig221	1197	65	6
D3334.contig222	1194	71	12
D3334.contig223	1181	534	20
D3334.contig224	1179	77	9
D3334.contig225	1174	70	6
D3334.contig226	1170	100	8
D3334.contig227	1160	48	7
D3334.contig228	1160	821	22
D3334.contig229	1158	89	5
D3334.contig230	1153	227	51
D3334.contig231	1147	127	14
D3334.contig232	1141	76	20
D3334.contig233	1140	54	14
D3334.contig234	1136	55	8
D3334.contig235	1131	67	4
D3334.contig236	1129	94	4
D3334.contig237	1129	107	9
D3334.contig238	1129	105	16
D3334.contig239	1119	43	7
D3334.contig240	1118	89	5
D3334.contig241	1117	821	30
D3334.contig242	1114	46	7
D3334.contig243	1105	44	4
D3334.contig244	1096	50	7
D3334.contig245	1089	201	2
D3334.contig246	1078	88	21
D3334.contig247	1073	96	6
D3334.contig248	1066	63	7
D3334.contig249	1063	58	3
D3334.contig250	1060	161	30
D3334.contig251	1048	62	2
D3334.contig252	1048	190	9
D3334.contig253	1040	38	9
D3334.contig254	1040	56	15
D3334.contig255	1039	933	86
D3334.contig256	1038	786	34
D3334.contig257	1032	49	6
D3334.contig258	1026	55	8
D3334.contig259	1025	48	6
D3334.contig260	1024	67	10
D3334.contig261	1023	48	3
D3334.contig262	1010	113	7
D3334.contig263	1005	60	13
D3334.contig264	1002	122	12
D3334.contig265	1002	30	6
D3334.contig266	996	58	5
D3334.contig267	994	60	11
D3334.contig268	992	61	6
D3334.contig269	991	70	13
D3334.contig270	991	67	12
D3334.contig271	986	45	5
D3334.contig272	983	64	15
D3334.contig273	972	77	9
D3334.contig274	970	47	7
D3334.contig275	965	1915	85
D3334.contig276	963	46	6
D3334.contig277	963	73	2
D3334.contig278	961	35	5
D3334.contig279	955	61	18
D3334.contig280	953	40	5
D3334.contig281	951	47	4
D3334.contig282	949	62	14
D3334.contig283	946	47	5
D3334.contig284	945	40	5
D3334.contig285	940	295	13
D3334.contig286	933	41	7
D3334.contig287	928	201	5
D3334.contig288	927	51	9
D3334.contig289	926	133	12
D3334.contig290	919	408	10
D3334.contig291	914	71	7
D3334.contig292	911	45	8
D3334.contig293	910	32	8
D3334.contig294	907	1088	43
D3334.contig295	891	44	6
D3334.contig296	888	47	6
D3334.contig297	884	287	8
D3334.contig298	882	64	6
D3334.contig299	881	258	14
D3334.contig300	870	46	6
D3334.contig301	863	42	2
D3334.contig302	861	40	12
D3334.contig303	861	55	7
D3334.contig304	856	75	7
D3334.contig305	854	63	1
D3334.contig306	853	95	14
D3334.contig307	850	59	12
D3334.contig308	847	35	7
D3334.contig309	846	140	6
D3334.contig310	846	52	9
D3334.contig311	845	40	10
D3334.contig312	845	53	2
D3334.contig313	842	34	10
D3334.contig314	838	42	9
D3334.contig315	834	31	10
D3334.contig316	833	24	6
D3334.contig317	830	67	6
D3334.contig318	827	34	3
D3334.contig319	826	28	8
D3334.contig320	825	34	3
D3334.contig321	824	38	6
D3334.contig322	823	90	7
D3334.contig323	821	45	11
D3334.contig324	819	36	7
D3334.contig325	817	48	7
D3334.contig326	814	90	4
D3334.contig327	810	333	10
D3334.contig328	809	23	11
D3334.contig329	808	48	2
D3334.contig330	808	28	10
D3334.contig331	808	39	4
D3334.contig332	806	45	8
D3334.contig333	803	43	5
D3334.contig334	800	37	13
D3334.contig335	796	42	14
D3334.contig336	793	29	7
D3334.contig337	792	25	4
D3334.contig338	790	35	3
D3334.contig339	788	58	7
D3334.contig340	787	40	7
D3334.contig341	785	44	9
D3334.contig342	784	46	12
D3334.contig343	783	72	8
D3334.contig344	782	45	9
D3334.contig345	781	46	2
D3334.contig346	779	64	4
D3334.contig347	777	38	10
D3334.contig348	777	91	9
D3334.contig349	775	72	12
D3334.contig350	772	101	10
D3334.contig351	771	31	9
D3334.contig352	771	40	9
D3334.contig353	770	34	9
D3334.contig354	768	34	5
D3334.contig355	764	70	7
D3334.contig356	762	33	2
D3334.contig357	762	40	8
D3334.contig358	761	42	11
D3334.contig359	757	28	8
D3334.contig360	754	26	8
D3334.contig361	753	41	6
D3334.contig362	749	56	1
D3334.contig363	747	32	7
D3334.contig364	743	182	9
D3334.contig365	743	32	8
D3334.contig366	742	57	3
D3334.contig367	739	29	5
D3334.contig368	736	50	10
D3334.contig369	736	27	5
D3334.contig370	736	32	3
D3334.contig371	735	30	5
D3334.contig372	732	31	8
D3334.contig373	725	27	5
D3334.contig374	724	47	9
D3334.contig375	723	28	5
D3334.contig376	723	130	8
D3334.contig377	720	49	5
D3334.contig378	717	45	5
D3334.contig379	715	40	6
D3334.contig380	714	28834	645
D3334.contig381	713	32	12
D3334.contig382	713	32	9
D3334.contig383	712	35	9
D3334.contig384	712	35	4
D3334.contig385	712	25	7
D3334.contig386	711	72	5
D3334.contig387	710	78	17
D3334.contig388	707	31	3
D3334.contig389	705	28	10
D3334.contig390	704	48	9
D3334.contig391	702	44	11
D3334.contig392	700	39	10
D3334.contig393	699	546	42
D3334.contig394	699	57	1
D3334.contig395	697	29	4
D3334.contig396	695	47	4
D3334.contig397	694	27	5
D3334.contig398	694	31	3
D3334.contig399	691	73	9
D3334.contig400	690	24	7
D3334.contig401	689	50	10
D3334.contig402	689	30	8
D3334.contig403	688	57	9
D3334.contig404	688	683	15
D3334.contig405	687	63	4
D3334.contig406	681	39	8
D3334.contig407	680	27	3
D3334.contig408	679	23	2
D3334.contig409	678	22	10
D3334.contig410	675	32	6
D3334.contig411	673	61	15
D3334.contig412	673	38	9
D3334.contig413	671	49	2
D3334.contig414	671	268	50
D3334.contig415	669	31	2
D3334.contig416	667	20	10
D3334.contig417	666	32	7
D3334.contig418	666	30	13
D3334.contig419	662	32	1
D3334.contig420	662	45	9
D3334.contig421	658	39	12
D3334.contig422	656	28	8
D3334.contig423	656	40	5
D3334.contig424	655	29	6
D3334.contig425	654	31	8
D3334.contig426	653	52	3
D3334.contig427	653	25	7
D3334.contig428	653	24	10
D3334.contig429	652	24	5
D3334.contig430	652	66	6
D3334.contig431	651	21	9
D3334.contig432	648	32	3
D3334.contig433	647	44	6
D3334.contig434	644	18	4
D3334.contig435	641	20	3
D3334.contig436	641	24	13
D3334.contig437	641	37	4
D3334.contig438	640	27	8
D3334.contig439	637	35	5
D3334.contig440	636	23	4
D3334.contig441	633	24	6
D3334.contig442	632	52	5
D3334.contig443	632	24	6
D3334.contig444	631	19	5
D3334.contig445	629	21	9
D3334.contig446	626	32	8
D3334.contig447	625	20	6
D3334.contig448	625	34	7
D3334.contig449	624	22	8
D3334.contig450	624	21	7
D3334.contig451	624	70	2
D3334.contig452	623	27	9
D3334.contig453	622	57	4
D3334.contig454	621	20	8
D3334.contig455	621	29	13
D3334.contig456	619	28	4
D3334.contig457	619	41	7
D3334.contig458	618	20	8
D3334.contig459	614	37	9
D3334.contig460	614	38	0
D3334.contig461	612	34	9
D3334.contig462	611	47	5
D3334.contig463	611	30	6
D3334.contig464	608	41	7
D3334.contig465	608	49	4
D3334.contig466	608	739	15
D3334.contig467	605	1264	164
D3334.contig468	603	44	3
D3334.contig469	602	29	4
D3334.contig470	600	30	4
D3334.contig471	600	10	4
D3334.contig472	600	31	5
D3334.contig473	599	25	10
D3334.contig474	598	17	5
D3334.contig475	594	31	1
D3334.contig476	594	68	4
D3334.contig477	592	42	3
D3334.contig478	592	32	5
D3334.contig479	592	28	7
D3334.contig480	592	23	3
D3334.contig481	591	19	6
D3334.contig482	590	24	8
D3334.contig483	589	102	6
D3334.contig484	587	30	4
D3334.contig485	585	37	11
D3334.contig486	585	39	8
D3334.contig487	583	32	3
D3334.contig488	582	255	11
D3334.contig489	582	19	7
D3334.contig490	581	16	5
D3334.contig491	580	15	5
D3334.contig492	580	87	5
D3334.contig493	579	223	13
D3334.contig494	579	30	8
D3334.contig495	579	30	3
D3334.contig496	579	31	5
D3334.contig497	577	39	6
D3334.contig498	574	35	7
D3334.contig499	572	323	7
D3334.contig500	572	50	1
D3334.contig501	572	69	5
D3334.contig502	572	35	11
D3334.contig503	571	23	3
D3334.contig504	571	19	5
D3334.contig505	569	28	12
D3334.contig506	566	60	6
D3334.contig507	566	36	7
D3334.contig508	564	15	3
D3334.contig509	560	15	3
D3334.contig510	559	18	9
D3334.contig511	559	35	4
D3334.contig512	559	21	11
D3334.contig513	559	22	5
D3334.contig514	559	23	5
D3334.contig515	559	435	31
D3334.contig516	558	641	87
D3334.contig517	558	19	9
D3334.contig518	556	15	7
D3334.contig519	555	28	9
D3334.contig520	554	17	5
D3334.contig521	553	21	8
D3334.contig522	553	70	7
D3334.contig523	553	19	5
D3334.contig524	552	18	3
D3334.contig525	552	20	8
D3334.contig526	552	25	7
D3334.contig527	551	29	3
D3334.contig528	551	35	7
D3334.contig529	551	17	4
D3334.contig530	549	18	5
D3334.contig531	548	21	5
D3334.contig532	548	27	1
D3334.contig533	547	25	7
D3334.contig534	546	132	8
D3334.contig535	545	72	12
D3334.contig536	545	24	4
D3334.contig537	545	18	4
D3334.contig538	544	25	4
D3334.contig539	544	19	9
D3334.contig540	543	555	28
D3334.contig541	542	51	10
D3334.contig542	542	27	10
D3334.contig543	542	24	4
D3334.contig544	541	39	6
D3334.contig545	541	28	4
D3334.contig546	541	32	4
D3334.contig547	540	27	3
D3334.contig548	540	22	10
D3334.contig549	540	12	8
D3334.contig550	539	865	51
D3334.contig551	538	16	8
D3334.contig552	538	12	2
D3334.contig553	537	26	10
D3334.contig554	537	18	4
D3334.contig555	536	21	2
D3334.contig556	535	32	8
D3334.contig557	534	31	3
D3334.contig558	532	33	3
D3334.contig559	532	17	3
D3334.contig560	531	15	3
D3334.contig561	531	104	2
D3334.contig562	530	21	6
D3334.contig563	528	20	11
D3334.contig564	528	11	5
D3334.contig565	527	24	5
D3334.contig566	527	21	2
D3334.contig567	527	9	5
D3334.contig568	526	28	6
D3334.contig569	526	17	5
D3334.contig570	526	29	1
D3334.contig571	526	21	10
D3334.contig572	526	36	8
D3334.contig573	525	20	12
D3334.contig574	521	14	6
D3334.contig575	521	19	4
D3334.contig576	520	20	4
D3334.contig577	520	42	2
D3334.contig578	520	23	6
D3334.contig579	520	23	7
D3334.contig580	519	21	2
D3334.contig581	519	17	4
D3334.contig582	519	18	4
D3334.contig583	517	51	6
D3334.contig584	515	19	7
D3334.contig585	515	13	5
D3334.contig586	513	26	7
D3334.contig587	513	30	3
D3334.contig588	512	22	4
D3334.contig589	511	21	6
D3334.contig590	509	22	5
D3334.contig591	508	37	6
D3334.contig592	507	31	6
D3334.contig593	507	15	6
D3334.contig594	506	40	7
D3334.contig595	506	33	4
D3334.contig596	506	14	8
D3334.contig597	505	46	4
D3334.contig598	505	21	6
D3334.contig599	504	36	6
D3334.contig600	503	96	23
D3334.contig601	503	13	5
D3334.contig602	503	22	4
D3334.contig603	503	11	11
D3334.contig604	502	9	7
D3334.contig605	502	17	7
D3334.contig606	502	16	6
D3334.contig607	500	27	1
D3334.contig608	498	28	5
D3334.contig609	497	19	6
D3334.contig610	495	17	4
D3334.contig611	495	20	8
D3334.contig612	494	18	8
D3334.contig613	494	15	7
D3334.contig614	494	22	10
D3334.contig615	493	32	8
D3334.contig616	491	17	3
D3334.contig617	490	21	5
D3334.contig618	490	24	6
D3334.contig619	487	28	23
D3334.contig620	486	15	7
D3334.contig621	484	35	5
D3334.contig622	484	17	0
D3334.contig623	483	33	11
D3334.contig624	482	28	6
D3334.contig625	481	22	3
D3334.contig626	479	12	6
D3334.contig627	479	15	3
D3334.contig628	478	25	10
D3334.contig629	478	12	6
D3334.contig630	477	21	9
D3334.contig631	476	12	6
D3334.contig632	476	11	9
D3334.contig633	475	19	4
D3334.contig634	474	17	7
D3334.contig635	473	18	5
D3334.contig636	473	23	8
D3334.contig637	473	14	10
D3334.contig638	472	10	6
D3334.contig639	472	27	8
D3334.contig640	471	12	10
D3334.contig641	471	46	7
D3334.contig642	470	13	7
D3334.contig643	470	12	5
D3334.contig644	470	33	3
D3334.contig645	469	16	4
D3334.contig646	469	45	4
D3334.contig647	469	16	6
D3334.contig648	469	13995	2082
D3334.contig649	468	16	9
D3334.contig650	468	11	5
D3334.contig651	467	21	3
D3334.contig652	467	23	14
D3334.contig653	467	9	8
D3334.contig654	467	11	5
D3334.contig655	467	24	2
D3334.contig656	466	17	5
D3334.contig657	466	12	4
D3334.contig658	466	15	5
D3334.contig659	465	11	3
D3334.contig660	465	40	10
D3334.contig661	464	8	5
D3334.contig662	463	20	10
D3334.contig663	463	15	7
D3334.contig664	463	36	6
D3334.contig665	462	13	6
D3334.contig666	460	12	5
D3334.contig667	459	28	2
D3334.contig668	458	34	1
D3334.contig669	456	6	6
D3334.contig670	456	40	14
D3334.contig671	455	19	5
D3334.contig672	454	13	11
D3334.contig673	453	16	4
D3334.contig674	453	23	3
D3334.contig675	453	24	1
D3334.contig676	453	17	5
D3334.contig677	450	15	2
D3334.contig678	450	212	11
D3334.contig679	450	14	8
D3334.contig680	449	14	4
D3334.contig681	448	11	6
D3334.contig682	447	8	2
D3334.contig683	446	19	5
D3334.contig684	445	16	2
D3334.contig685	445	11	3
D3334.contig686	445	31	3
D3334.contig687	444	34	5
D3334.contig688	444	10	6
D3334.contig689	444	9	5
D3334.contig690	444	16	2
D3334.contig691	444	18	5
D3334.contig692	444	9	9
D3334.contig693	444	14	7
D3334.contig694	443	19	9
D3334.contig695	443	14	7
D3334.contig696	442	11	5
D3334.contig697	442	14	8
D3334.contig698	441	15	7
D3334.contig699	441	13	9
D3334.contig700	441	34	1
D3334.contig701	440	17	3
D3334.contig702	439	10	4
D3334.contig703	439	22	4
D3334.contig704	438	15	2
D3334.contig705	438	14	2
D3334.contig706	438	18	7
D3334.contig707	437	15	5
D3334.contig708	437	7	5
D3334.contig709	435	24	5
D3334.contig710	434	9	3
D3334.contig711	433	21	5
D3334.contig712	432	13	8
D3334.contig713	431	18	6
D3334.contig714	431	23	7
D3334.contig715	430	77	22
D3334.contig716	430	10	2
D3334.contig717	430	15	5
D3334.contig718	430	25	9
D3334.contig719	429	23	9
D3334.contig720	426	7	3
D3334.contig721	426	17	9
D3334.contig722	426	15	3
D3334.contig723	426	12	6
D3334.contig724	425	23	7
D3334.contig725	424	14	5
D3334.contig726	424	10	4
D3334.contig727	424	19	5
D3334.contig728	424	24	5
D3334.contig729	424	15	9
D3334.contig730	424	10	6
D3334.contig731	423	17	13
D3334.contig732	423	16	4
D3334.contig733	423	13	5
D3334.contig734	422	20	3
D3334.contig735	422	23	4
D3334.contig736	422	16	3
D3334.contig737	421	11	7
D3334.contig738	421	17	2
D3334.contig739	420	21	11
D3334.contig740	419	25	3
D3334.contig741	419	20	6
D3334.contig742	418	24	4
D3334.contig743	417	21	8
D3334.contig744	417	11	5
D3334.contig745	417	17	4
D3334.contig746	416	12	8
D3334.contig747	416	13	7
D3334.contig748	415	12	6
D3334.contig749	415	18	4
D3334.contig750	415	16	6
D3334.contig751	415	16	10
D3334.contig752	414	15	4
D3334.contig753	414	11	5
D3334.contig754	413	14	5
D3334.contig755	413	18	2
D3334.contig756	412	19	10
D3334.contig757	412	6	2
D3334.contig758	412	11	7
D3334.contig759	412	11	5
D3334.contig760	411	88	5
D3334.contig761	411	10	4
D3334.contig762	411	16	6
D3334.contig763	410	13	2
D3334.contig764	410	28	6
D3334.contig765	410	19	9
D3334.contig766	409	19	3
D3334.contig767	409	23	7
D3334.contig768	408	9	5
D3334.contig769	408	21	3
D3334.contig770	408	12	5
D3334.contig771	408	14	7
D3334.contig772	408	21	8
D3334.contig773	407	6	4
D3334.contig774	407	15	1
D3334.contig775	407	30	6
D3334.contig776	407	8	2
D3334.contig777	406	20	8
D3334.contig778	406	29	5
D3334.contig779	406	14	1
D3334.contig780	406	1749	175
D3334.contig781	405	15	9
D3334.contig782	405	13	3
D3334.contig783	405	17	7
D3334.contig784	404	82	9
D3334.contig785	403	20	5
D3334.contig786	403	12	3
D3334.contig787	403	15	5
D3334.contig788	403	19	9
D3334.contig789	403	102	6
D3334.contig790	403	14	10
D3334.contig791	402	14	4
D3334.contig792	401	17	8
D3334.contig793	400	8	2
D3334.contig794	400	19	5
D3334.contig795	399	10	6
D3334.contig796	398	8	6
D3334.contig797	398	14	4
D3334.contig798	398	21	6
D3334.contig799	398	16	10
D3334.contig800	397	21	5
D3334.contig801	397	9	3
D3334.contig802	397	20	8
D3334.contig803	397	25	5
D3334.contig804	396	24	13
D3334.contig805	396	18	5
D3334.contig806	396	10	4
D3334.contig807	396	14	4
D3334.contig808	395	16	6
D3334.contig809	395	21	0
D3334.contig810	395	15	4
D3334.contig811	394	13	7
D3334.contig812	394	12	8
D3334.contig813	394	57	4
D3334.contig814	394	15	12
D3334.contig815	394	8	3
D3334.contig816	394	8	6
D3334.contig817	394	11	10
D3334.contig818	394	14	3
D3334.contig819	393	22	9
D3334.contig820	393	14	4
D3334.contig821	393	15	5
D3334.contig822	391	20	6
D3334.contig823	390	12	8
D3334.contig824	389	5	5
D3334.contig825	388	84	2
D3334.contig826	388	9	6
D3334.contig827	387	19	6
D3334.contig828	387	15	5
D3334.contig829	387	11	3
D3334.contig830	386	8	8
D3334.contig831	385	15	1
D3334.contig832	385	12	5
D3334.contig833	385	17	6
D3334.contig834	385	13	7
D3334.contig835	384	13	8
D3334.contig836	384	12	4
D3334.contig837	384	7	6
D3334.contig838	384	4	4
D3334.contig839	383	11	3
D3334.contig840	383	10	2
D3334.contig841	382	15	4
D3334.contig842	382	9	3
D3334.contig843	382	9	1
D3334.contig844	382	12	2
D3334.contig845	380	222	13
D3334.contig846	380	12	6
D3334.contig847	380	11	7
D3334.contig848	380	9	3
D3334.contig849	379	12	6
D3334.contig850	379	10	5
D3334.contig851	379	10	4
D3334.contig852	378	5	5
D3334.contig853	378	11	5
D3334.contig854	378	11	7
D3334.contig855	378	10	2
D3334.contig856	378	17	8
D3334.contig857	378	8	4
D3334.contig858	378	15	3
D3334.contig859	377	10	8
D3334.contig860	376	10	4
D3334.contig861	376	13	2
D3334.contig862	376	13	3
D3334.contig863	375	12	5
D3334.contig864	375	13	9
D3334.contig865	375	12	1
D3334.contig866	375	11	4
D3334.contig867	374	12	4
D3334.contig868	373	18	2
D3334.contig869	373	24	7
D3334.contig870	373	7	3
D3334.contig871	373	15	3
D3334.contig872	373	31	5
D3334.contig873	372	16	5
D3334.contig874	372	18	6
D3334.contig875	371	13	9
D3334.contig876	371	12	10
D3334.contig877	371	11	5
D3334.contig878	371	9	7
D3334.contig879	371	18	1
D3334.contig880	370	16	4
D3334.contig881	370	18	3
D3334.contig882	370	8	6
D3334.contig883	369	15	7
D3334.contig884	369	16	7
D3334.contig885	369	11	5
D3334.contig886	368	14	10
D3334.contig887	368	12	9
D3334.contig888	367	26	7
D3334.contig889	367	13	1
D3334.contig890	367	11	3
D3334.contig891	367	11	4
D3334.contig892	367	8	4
D3334.contig893	367	14	3
D3334.contig894	367	10	0
D3334.contig895	366	13	9
D3334.contig896	366	17	4
D3334.contig897	366	12	4
D3334.contig898	366	13	3
D3334.contig899	366	23	9
D3334.contig900	365	12	4
D3334.contig901	365	7	3
D3334.contig902	365	12	3
D3334.contig903	365	13	5
D3334.contig904	365	10	3
D3334.contig905	365	16	2
D3334.contig906	364	7	7
D3334.contig907	364	18	12
D3334.contig908	364	16	8
D3334.contig909	364	14	4
D3334.contig910	364	8	8
D3334.contig911	363	14	6
D3334.contig912	362	15	1
D3334.contig913	362	10	6
D3334.contig914	362	11	5
D3334.contig915	362	11	3
D3334.contig916	362	23	5
D3334.contig917	361	15	6
D3334.contig918	361	16	4
D3334.contig919	361	109	12
D3334.contig920	361	18	5
D3334.contig921	361	9	5
D3334.contig922	360	12	6
D3334.contig923	360	12	5
D3334.contig924	360	14	3
D3334.contig925	359	10	10
D3334.contig926	359	11	4
D3334.contig927	358	11	4
D3334.contig928	358	6	2
D3334.contig929	358	15	6
D3334.contig930	358	11	7
D3334.contig931	358	17	9
D3334.contig932	358	14	8
D3334.contig933	357	8	4
D3334.contig934	357	27	7
D3334.contig935	357	12	9
D3334.contig936	356	14	6
D3334.contig937	356	10	5
D3334.contig938	356	22	10
D3334.contig939	355	14	8
D3334.contig940	355	10	8
D3334.contig941	354	26	5
D3334.contig942	354	22	5
D3334.contig943	354	6	4
D3334.contig944	354	12	1
D3334.contig945	354	12	6
D3334.contig946	353	23	11
D3334.contig947	353	13	2
D3334.contig948	353	14	9
D3334.contig949	352	10	4
D3334.contig950	351	10	4
D3334.contig951	351	15	5
D3334.contig952	351	15	3
D3334.contig953	351	8	4
D3334.contig954	351	13	5
D3334.contig955	351	8	6
D3334.contig956	350	25	3
D3334.contig957	349	15	3
D3334.contig958	349	22	1
D3334.contig959	349	11	2
D3334.contig960	348	18	4
D3334.contig961	348	23	7
D3334.contig962	348	12	1
D3334.contig963	348	7	1
D3334.contig964	348	10	4
D3334.contig965	347	14	2
D3334.contig966	347	9	5
D3334.contig967	347	10	4
D3334.contig968	347	18	3
D3334.contig969	347	7	3
D3334.contig970	347	13	5
D3334.contig971	346	9	3
D3334.contig972	346	9	0
D3334.contig973	346	11	8
D3334.contig974	345	19	1
D3334.contig975	345	14	6
D3334.contig976	345	18	1
D3334.contig977	345	11	5
D3334.contig978	344	10	4
D3334.contig979	344	12	8
D3334.contig980	344	10	3
D3334.contig981	344	13	5
D3334.contig982	344	17	4
D3334.contig983	343	12	4
D3334.contig984	343	10	3
D3334.contig985	342	6	4
D3334.contig986	342	7	3
D3334.contig987	342	11	2
D3334.contig988	342	12	4
D3334.contig989	341	10	6
D3334.contig990	341	4	4
D3334.contig991	341	11	4
D3334.contig992	340	10	3
D3334.contig993	340	32	16
D3334.contig994	340	13	5
D3334.contig995	339	10	4
D3334.contig996	339	7	5
D3334.contig997	339	13	3
D3334.contig998	338	24	10
D3334.contig999	338	10	5
D3334.contig1000	338	8	4
D3334.contig1001	338	10	6
D3334.contig1002	338	9	4
D3334.contig1003	338	14	6
D3334.contig1004	337	11	3
D3334.contig1005	337	7	2
D3334.contig1006	337	23	4
D3334.contig1007	336	8	4
D3334.contig1008	336	20	0
D3334.contig1009	336	8	4
D3334.contig1010	335	13	4
D3334.contig1011	335	10	3
D3334.contig1012	335	13	8
D3334.contig1013	335	11	3
D3334.contig1014	335	21	5
D3334.contig1015	335	8	6
D3334.contig1016	334	304	16
D3334.contig1017	334	4	2
D3334.contig1018	334	10	6
D3334.contig1019	334	6	2
D3334.contig1020	334	13	9
D3334.contig1021	334	11	7
D3334.contig1022	333	9	5
D3334.contig1023	333	6	4
D3334.contig1024	333	9	1
D3334.contig1025	333	16	5
D3334.contig1026	333	7	5
D3334.contig1027	333	12	4
D3334.contig1028	332	5	5
D3334.contig1029	332	5	3
D3334.contig1030	332	11	9
D3334.contig1031	332	13	6
D3334.contig1032	332	12	2
D3334.contig1033	331	8	6
D3334.contig1034	331	6	4
D3334.contig1035	330	11	6
D3334.contig1036	330	18	2
D3334.contig1037	330	26	14
D3334.contig1038	330	66	7
D3334.contig1039	330	8	2
D3334.contig1040	330	5	5
D3334.contig1041	330	6	3
D3334.contig1042	329	6	4
D3334.contig1043	329	13	5
D3334.contig1044	329	20	0
D3334.contig1045	329	7	2
D3334.contig1046	328	5	3
D3334.contig1047	328	11	5
D3334.contig1048	328	88	3
D3334.contig1049	328	40	13
D3334.contig1050	328	10	7
D3334.contig1051	328	7	6
D3334.contig1052	328	7	5
D3334.contig1053	327	5	2
D3334.contig1054	327	11	4
D3334.contig1055	327	12	6
D3334.contig1056	327	9	5
D3334.contig1057	327	7	5
D3334.contig1058	326	15	5
D3334.contig1059	326	13	1
D3334.contig1060	325	11	5
D3334.contig1061	325	5	5
D3334.contig1062	325	10	4
D3334.contig1063	324	9	5
D3334.contig1064	324	15	4
D3334.contig1065	324	6	6
D3334.contig1066	324	9	3
D3334.contig1067	324	21	4
D3334.contig1068	324	10	4
D3334.contig1069	324	14	2
D3334.contig1070	323	13	4
D3334.contig1071	323	9	5
D3334.contig1072	322	8	6
D3334.contig1073	322	10	1
D3334.contig1074	322	6	4
D3334.contig1075	322	10	4
D3334.contig1076	321	376	18
D3334.contig1077	321	8	4
D3334.contig1078	321	10	8
D3334.contig1079	321	10	4
D3334.contig1080	321	12	7
D3334.contig1081	320	15	4
D3334.contig1082	320	8	4
D3334.contig1083	320	13	7
D3334.contig1084	320	13	6
D3334.contig1085	320	7	3
D3334.contig1086	320	13	5
D3334.contig1087	320	16	3
D3334.contig1088	319	14	5
D3334.contig1089	319	10	4
D3334.contig1090	319	4	4
D3334.contig1091	318	9	5
D3334.contig1092	318	22	3
D3334.contig1093	318	10	2
D3334.contig1094	318	6	6
D3334.contig1095	318	9	3
D3334.contig1096	317	8	8
D3334.contig1097	317	9	4
D3334.contig1098	317	23	8
D3334.contig1099	317	20	2
D3334.contig1100	317	6	6
D3334.contig1101	316	9	3
D3334.contig1102	316	12	4
D3334.contig1103	315	11	4
D3334.contig1104	315	8	3
D3334.contig1105	315	9	7
D3334.contig1106	315	13	1
D3334.contig1107	315	13	5
D3334.contig1108	314	4	4
D3334.contig1109	314	10	6
D3334.contig1110	314	5	3
D3334.contig1111	313	4	4
D3334.contig1112	313	5	1
D3334.contig1113	313	12	8
D3334.contig1114	313	6	4
D3334.contig1115	313	3	2
D3334.contig1116	313	11	3
D3334.contig1117	313	19	5
D3334.contig1118	312	13	1
D3334.contig1119	312	9	5
D3334.contig1120	312	10	5
D3334.contig1121	312	19	5
D3334.contig1122	312	9	3
D3334.contig1123	312	10	4
D3334.contig1124	311	10	4
D3334.contig1125	311	11	7
D3334.contig1126	311	5	3
D3334.contig1127	311	7	6
D3334.contig1128	310	12	10
D3334.contig1129	310	11	5
D3334.contig1130	310	9	5
D3334.contig1131	310	15	4
D3334.contig1132	310	12	3
D3334.contig1133	310	9	5
D3334.contig1134	310	10	4
D3334.contig1135	309	9	7
D3334.contig1136	309	6	4
D3334.contig1137	309	3	3
D3334.contig1138	309	7	3
D3334.contig1139	309	10	5
D3334.contig1140	308	10	2
D3334.contig1141	308	14	10
D3334.contig1142	308	6	6
D3334.contig1143	308	10	4
D3334.contig1144	308	14	6
D3334.contig1145	308	7	5
D3334.contig1146	308	20	9
D3334.contig1147	307	9	8
D3334.contig1148	307	23	4
D3334.contig1149	307	7	6
D3334.contig1150	307	18	12
D3334.contig1151	307	12	6
D3334.contig1152	307	8	3
D3334.contig1153	307	21	1
D3334.contig1154	307	6	6
D3334.contig1155	306	4	2
D3334.contig1156	306	17	6
D3334.contig1157	306	16	5
D3334.contig1158	306	10	6
D3334.contig1159	306	10	4
D3334.contig1160	306	5	3
D3334.contig1161	306	7	5
D3334.contig1162	305	11	8
D3334.contig1163	305	10	0
D3334.contig1164	305	16	6
D3334.contig1165	305	16	4
D3334.contig1166	305	17	2
D3334.contig1167	304	8	5
D3334.contig1168	304	7	5
D3334.contig1169	304	13	5
D3334.contig1170	304	10	6
D3334.contig1171	304	6	6
D3334.contig1172	304	13	6
D3334.contig1173	304	9	3
D3334.contig1174	303	9	5
D3334.contig1175	303	9	5
D3334.contig1176	303	11	9
D3334.contig1177	303	10	7
D3334.contig1178	303	8	6
D3334.contig1179	303	6	6
D3334.contig1180	303	8	4
D3334.contig1181	302	9	7
D3334.contig1182	302	10	6
D3334.contig1183	302	3	1
D3334.contig1184	302	5	5
D3334.contig1185	302	13	3
D3334.contig1186	302	10	10
D3334.contig1187	302	6	6
D3334.contig1188	301	5	3
D3334.contig1189	301	10	6
D3334.contig1190	301	12	10
D3334.contig1191	301	6	2
D3334.contig1192	301	12	4
D3334.contig1193	301	10	8
D3334.contig1194	300	12	7
D3334.contig1195	300	5	5
D3334.contig1196	300	7	3
D3334.contig1197	300	18	1
D3334.contig1198	300	5	5
D3334.contig1199	300	7	3
D3334.contig1200	300	14	6
D3334.contig1201	300	10	3
D3334.contig1202	300	6	4
D3334.contig1203	300	11	5
D3334.contig1204	300	5	5
*	0	0	73566
