R4014.contig1	5092	161206	2904
R4014.contig2	1567	24126	285
R4014.contig3	1442	11433	443
R4014.contig4	1156	254	3
R4014.contig5	955	1340	56
R4014.contig6	947	408	11
R4014.contig7	909	653	48
R4014.contig8	889	91	5
R4014.contig9	864	84	0
R4014.contig10	752	4225	83
R4014.contig11	751	1366	65
R4014.contig12	682	2724	265
R4014.contig13	640	5894	1085
R4014.contig14	620	206	4
R4014.contig15	608	360139	25709
R4014.contig16	571	82	6
R4014.contig17	570	103	0
R4014.contig18	565	48	1
R4014.contig19	558	53	8
R4014.contig20	552	56	1
R4014.contig21	542	33	0
R4014.contig22	539	3149	102
R4014.contig23	531	81	3
R4014.contig24	496	264	6
R4014.contig25	485	1071887	70811
R4014.contig26	481	377	42
R4014.contig27	479	23	1
R4014.contig28	466	3078	578
R4014.contig29	451	808201	40815
R4014.contig30	445	322	16
R4014.contig31	428	98	14
R4014.contig32	414	27943	6108
R4014.contig33	408	29	4
R4014.contig34	407	127	2
R4014.contig35	391	4565	1207
R4014.contig36	384	816615	62120
R4014.contig37	380	635	83
R4014.contig38	367	10728	2353
R4014.contig39	361	24	5
R4014.contig40	356	22	0
R4014.contig41	353	413623	28351
R4014.contig42	344	13	1
R4014.contig43	341	49	4
R4014.contig44	338	22	2
R4014.contig45	336	477	42
R4014.contig46	332	40	3
R4014.contig47	325	200920	24879
R4014.contig48	323	4455	1404
R4014.contig49	309	56	3
*	0	0	270248
