R3950.contig1	1594	20178	8273
R3950.contig2	1353	179	14
R3950.contig3	1229	160	25
R3950.contig4	1139	0	0
R3950.contig5	866	2199	354
R3950.contig6	836	23	1
R3950.contig7	804	1115	155
R3950.contig8	736	231420	62699
R3950.contig9	713	756884	196301
R3950.contig10	595	0	0
R3950.contig11	542	102	11
R3950.contig12	503	0	0
R3950.contig13	501	0	0
R3950.contig14	496	2474343	508476
R3950.contig15	473	1386255	408950
R3950.contig16	463	0	0
R3950.contig17	439	44004	9342
R3950.contig18	429	852	74
R3950.contig19	378	1	1
R3950.contig20	371	8	2
R3950.contig21	335	0	0
R3950.contig22	328	420837	129666
*	0	0	20695194
