D3984.contig1	70803	67	11
D3984.contig2	46168	1249	1045
D3984.contig3	41918	5	1
D3984.contig4	41884	14749	6972
D3984.contig5	41851	1	1
D3984.contig6	39937	0	0
D3984.contig7	38132	4	4
D3984.contig8	33932	10	4
D3984.contig9	31937	81	21
D3984.contig10	30084	92	16
D3984.contig11	26621	5	3
D3984.contig12	26580	0	0
D3984.contig13	24917	0	0
D3984.contig14	24171	0	0
D3984.contig15	23496	2	2
D3984.contig16	22959	1	1
D3984.contig17	22524	941	735
D3984.contig18	21103	216	204
D3984.contig19	20449	1	1
D3984.contig20	20413	20	12
D3984.contig21	19596	2103	1631
D3984.contig22	17844	2	0
D3984.contig23	17257	2	0
D3984.contig24	16774	2	0
D3984.contig25	16509	1	1
D3984.contig26	16315	9	0
D3984.contig27	15685	1	1
D3984.contig28	14999	0	0
D3984.contig29	14643	0	0
D3984.contig30	13855	0	0
D3984.contig31	13553	0	0
D3984.contig32	12692	284759	10455
D3984.contig33	12648	0	0
D3984.contig34	12267	1	1
D3984.contig35	12157	0	0
D3984.contig36	12119	0	0
D3984.contig37	11446	0	0
D3984.contig38	11439	1090	837
D3984.contig39	10836	2	2
D3984.contig40	10768	22259	17831
D3984.contig41	10533	0	0
D3984.contig42	10384	0	0
D3984.contig43	10323	104	92
D3984.contig44	10092	1	1
D3984.contig45	9708	0	0
D3984.contig46	9558	0	0
D3984.contig47	9498	0	0
D3984.contig48	9428	382	321
D3984.contig49	9199	0	0
D3984.contig50	8777	0	0
D3984.contig51	8486	0	0
D3984.contig52	8396	1	1
D3984.contig53	8299	0	0
D3984.contig54	8265	0	0
D3984.contig55	8251	0	0
D3984.contig56	8024	0	0
D3984.contig57	7962	0	0
D3984.contig58	7742	0	0
D3984.contig59	7604	0	0
D3984.contig60	7476	0	0
D3984.contig61	7193	283067	143601
D3984.contig62	7184	0	0
D3984.contig63	7131	594	472
D3984.contig64	7024	0	0
D3984.contig65	6971	25	21
D3984.contig66	6626	629	452
D3984.contig67	6543	10	6
D3984.contig68	6510	0	0
D3984.contig69	6479	0	0
D3984.contig70	6405	0	0
D3984.contig71	6376	3116	2144
D3984.contig72	6313	0	0
D3984.contig73	6116	0	0
D3984.contig74	6114	0	0
D3984.contig75	6085	0	0
D3984.contig76	5986	0	0
D3984.contig77	5927	0	0
D3984.contig78	5832	913	633
D3984.contig79	5809	0	0
D3984.contig80	5779	0	0
D3984.contig81	5701	71	69
D3984.contig82	5700	3	3
D3984.contig83	5676	0	0
D3984.contig84	5647	2	0
D3984.contig85	5572	0	0
D3984.contig86	5487	14	14
D3984.contig87	5358	0	0
D3984.contig88	5288	0	0
D3984.contig89	5152	151	122
D3984.contig90	5139	0	0
D3984.contig91	5139	3	0
D3984.contig92	5040	9212	973
D3984.contig93	5008	0	0
D3984.contig94	4909	0	0
D3984.contig95	4879	2292	2040
D3984.contig96	4854	0	0
D3984.contig97	4786	0	0
D3984.contig98	4774	11	4
D3984.contig99	4647	1	1
D3984.contig100	4610	0	0
D3984.contig101	4538	3	3
D3984.contig102	4383	0	0
D3984.contig103	4367	0	0
D3984.contig104	4343	0	0
D3984.contig105	4304	0	0
D3984.contig106	4248	0	0
D3984.contig107	4228	1	1
D3984.contig108	4188	6	0
D3984.contig109	4185	0	0
D3984.contig110	4177	0	0
D3984.contig111	4161	0	0
D3984.contig112	4150	0	0
D3984.contig113	4058	25281	20035
D3984.contig114	4049	0	0
D3984.contig115	3997	2806	2017
D3984.contig116	3979	0	0
D3984.contig117	3978	0	0
D3984.contig118	3905	0	0
D3984.contig119	3891	0	0
D3984.contig120	3831	0	0
D3984.contig121	3805	0	0
D3984.contig122	3782	0	0
D3984.contig123	3745	0	0
D3984.contig124	3722	0	0
D3984.contig125	3716	1	1
D3984.contig126	3701	0	0
D3984.contig127	3695	0	0
D3984.contig128	3691	4	0
D3984.contig129	3670	0	0
D3984.contig130	3640	4	4
D3984.contig131	3607	0	0
D3984.contig132	3597	787	591
D3984.contig133	3593	0	0
D3984.contig134	3570	0	0
D3984.contig135	3483	0	0
D3984.contig136	3387	0	0
D3984.contig137	3349	391	292
D3984.contig138	3311	6	5
D3984.contig139	3287	0	0
D3984.contig140	3285	1	1
D3984.contig141	3273	0	0
D3984.contig142	3236	3	0
D3984.contig143	3216	0	0
D3984.contig144	3179	0	0
D3984.contig145	3165	0	0
D3984.contig146	3112	0	0
D3984.contig147	3092	0	0
D3984.contig148	3083	0	0
D3984.contig149	3019	0	0
D3984.contig150	3014	2	0
D3984.contig151	2963	0	0
D3984.contig152	2961	0	0
D3984.contig153	2926	0	0
D3984.contig154	2924	0	0
D3984.contig155	2907	0	0
D3984.contig156	2891	0	0
D3984.contig157	2881	22327	16932
D3984.contig158	2879	1	1
D3984.contig159	2879	0	0
D3984.contig160	2873	2	0
D3984.contig161	2867	0	0
D3984.contig162	2827	18	18
D3984.contig163	2826	0	0
D3984.contig164	2804	0	0
D3984.contig165	2798	0	0
D3984.contig166	2798	0	0
D3984.contig167	2772	0	0
D3984.contig168	2753	0	0
D3984.contig169	2713	0	0
D3984.contig170	2712	0	0
D3984.contig171	2708	4	4
D3984.contig172	2681	0	0
D3984.contig173	2662	0	0
D3984.contig174	2639	0	0
D3984.contig175	2636	2	0
D3984.contig176	2609	2	0
D3984.contig177	2607	1	1
D3984.contig178	2601	0	0
D3984.contig179	2583	0	0
D3984.contig180	2580	0	0
D3984.contig181	2568	0	0
D3984.contig182	2479	0	0
D3984.contig183	2458	0	0
D3984.contig184	2452	0	0
D3984.contig185	2429	0	0
D3984.contig186	2418	0	0
D3984.contig187	2374	0	0
D3984.contig188	2343	0	0
D3984.contig189	2339	2	0
D3984.contig190	2338	0	0
D3984.contig191	2336	0	0
D3984.contig192	2336	1	1
D3984.contig193	2329	0	0
D3984.contig194	2323	0	0
D3984.contig195	2321	0	0
D3984.contig196	2304	0	0
D3984.contig197	2296	0	0
D3984.contig198	2295	0	0
D3984.contig199	2294	0	0
D3984.contig200	2269	0	0
D3984.contig201	2258	0	0
D3984.contig202	2226	0	0
D3984.contig203	2224	0	0
D3984.contig204	2217	0	0
D3984.contig205	2213	2	0
D3984.contig206	2209	0	0
D3984.contig207	2203	0	0
D3984.contig208	2190	27	27
D3984.contig209	2188	0	0
D3984.contig210	2176	0	0
D3984.contig211	2176	0	0
D3984.contig212	2174	0	0
D3984.contig213	2174	1	1
D3984.contig214	2164	0	0
D3984.contig215	2140	27	27
D3984.contig216	2138	0	0
D3984.contig217	2127	0	0
D3984.contig218	2119	87	82
D3984.contig219	2107	0	0
D3984.contig220	2105	0	0
D3984.contig221	2099	0	0
D3984.contig222	2092	0	0
D3984.contig223	2070	3	3
D3984.contig224	2069	0	0
D3984.contig225	2066	2	1
D3984.contig226	2060	0	0
D3984.contig227	2041	0	0
D3984.contig228	2032	0	0
D3984.contig229	2029	0	0
D3984.contig230	2022	0	0
D3984.contig231	2012	0	0
D3984.contig232	2004	0	0
D3984.contig233	2000	0	0
D3984.contig234	1992	7	7
D3984.contig235	1987	1	1
D3984.contig236	1978	6	6
D3984.contig237	1963	0	0
D3984.contig238	1940	3922	2400
D3984.contig239	1930	0	0
D3984.contig240	1928	0	0
D3984.contig241	1927	0	0
D3984.contig242	1918	0	0
D3984.contig243	1907	2	2
D3984.contig244	1900	0	0
D3984.contig245	1895	0	0
D3984.contig246	1894	0	0
D3984.contig247	1892	72	58
D3984.contig248	1874	0	0
D3984.contig249	1865	0	0
D3984.contig250	1852	0	0
D3984.contig251	1835	0	0
D3984.contig252	1815	0	0
D3984.contig253	1800	0	0
D3984.contig254	1796	0	0
D3984.contig255	1794	0	0
D3984.contig256	1788	1	1
D3984.contig257	1783	0	0
D3984.contig258	1773	0	0
D3984.contig259	1755	0	0
D3984.contig260	1750	0	0
D3984.contig261	1745	0	0
D3984.contig262	1745	43	41
D3984.contig263	1742	0	0
D3984.contig264	1736	3348	2735
D3984.contig265	1735	0	0
D3984.contig266	1734	0	0
D3984.contig267	1724	0	0
D3984.contig268	1704	0	0
D3984.contig269	1704	0	0
D3984.contig270	1698	0	0
D3984.contig271	1685	0	0
D3984.contig272	1683	0	0
D3984.contig273	1676	0	0
D3984.contig274	1667	0	0
D3984.contig275	1658	0	0
D3984.contig276	1650	2810	298
D3984.contig277	1647	0	0
D3984.contig278	1610	0	0
D3984.contig279	1606	0	0
D3984.contig280	1605	0	0
D3984.contig281	1593	0	0
D3984.contig282	1592	50	34
D3984.contig283	1585	0	0
D3984.contig284	1558	0	0
D3984.contig285	1548	0	0
D3984.contig286	1545	0	0
D3984.contig287	1543	0	0
D3984.contig288	1535	0	0
D3984.contig289	1531	0	0
D3984.contig290	1524	5839	507
D3984.contig291	1519	0	0
D3984.contig292	1503	4	4
D3984.contig293	1499	802	721
D3984.contig294	1498	0	0
D3984.contig295	1495	0	0
D3984.contig296	1493	0	0
D3984.contig297	1491	0	0
D3984.contig298	1481	0	0
D3984.contig299	1480	0	0
D3984.contig300	1470	0	0
D3984.contig301	1464	0	0
D3984.contig302	1463	0	0
D3984.contig303	1462	15455	11916
D3984.contig304	1459	0	0
D3984.contig305	1458	1	1
D3984.contig306	1456	0	0
D3984.contig307	1450	0	0
D3984.contig308	1444	0	0
D3984.contig309	1444	2	2
D3984.contig310	1441	0	0
D3984.contig311	1434	0	0
D3984.contig312	1429	8	8
D3984.contig313	1428	0	0
D3984.contig314	1422	0	0
D3984.contig315	1419	0	0
D3984.contig316	1405	0	0
D3984.contig317	1404	0	0
D3984.contig318	1403	0	0
D3984.contig319	1402	0	0
D3984.contig320	1400	3	1
D3984.contig321	1400	126	19
D3984.contig322	1394	0	0
D3984.contig323	1393	0	0
D3984.contig324	1391	0	0
D3984.contig325	1390	0	0
D3984.contig326	1389	0	0
D3984.contig327	1384	0	0
D3984.contig328	1384	0	0
D3984.contig329	1377	0	0
D3984.contig330	1363	0	0
D3984.contig331	1363	0	0
D3984.contig332	1351	0	0
D3984.contig333	1347	0	0
D3984.contig334	1347	0	0
D3984.contig335	1338	0	0
D3984.contig336	1338	0	0
D3984.contig337	1335	1	1
D3984.contig338	1333	0	0
D3984.contig339	1328	0	0
D3984.contig340	1306	0	0
D3984.contig341	1301	0	0
D3984.contig342	1299	13	13
D3984.contig343	1294	0	0
D3984.contig344	1293	0	0
D3984.contig345	1292	0	0
D3984.contig346	1292	0	0
D3984.contig347	1291	0	0
D3984.contig348	1290	0	0
D3984.contig349	1290	0	0
D3984.contig350	1279	254	220
D3984.contig351	1278	23	17
D3984.contig352	1276	0	0
D3984.contig353	1275	0	0
D3984.contig354	1268	3252	1135
D3984.contig355	1268	0	0
D3984.contig356	1262	0	0
D3984.contig357	1262	0	0
D3984.contig358	1260	0	0
D3984.contig359	1255	0	0
D3984.contig360	1251	0	0
D3984.contig361	1251	0	0
D3984.contig362	1244	0	0
D3984.contig363	1244	1	1
D3984.contig364	1237	0	0
D3984.contig365	1235	566	403
D3984.contig366	1228	0	0
D3984.contig367	1228	0	0
D3984.contig368	1226	0	0
D3984.contig369	1224	0	0
D3984.contig370	1219	0	0
D3984.contig371	1212	0	0
D3984.contig372	1210	0	0
D3984.contig373	1210	0	0
D3984.contig374	1201	0	0
D3984.contig375	1199	0	0
D3984.contig376	1198	0	0
D3984.contig377	1197	6	0
D3984.contig378	1193	0	0
D3984.contig379	1193	0	0
D3984.contig380	1181	0	0
D3984.contig381	1178	0	0
D3984.contig382	1178	0	0
D3984.contig383	1173	0	0
D3984.contig384	1173	655	76
D3984.contig385	1171	0	0
D3984.contig386	1169	0	0
D3984.contig387	1166	0	0
D3984.contig388	1165	0	0
D3984.contig389	1165	0	0
D3984.contig390	1165	0	0
D3984.contig391	1159	0	0
D3984.contig392	1158	0	0
D3984.contig393	1156	0	0
D3984.contig394	1155	0	0
D3984.contig395	1150	0	0
D3984.contig396	1146	0	0
D3984.contig397	1144	0	0
D3984.contig398	1127	0	0
D3984.contig399	1124	0	0
D3984.contig400	1124	0	0
D3984.contig401	1124	0	0
D3984.contig402	1114	0	0
D3984.contig403	1111	0	0
D3984.contig404	1109	0	0
D3984.contig405	1104	0	0
D3984.contig406	1102	0	0
D3984.contig407	1099	5633	604
D3984.contig408	1097	0	0
D3984.contig409	1087	0	0
D3984.contig410	1087	0	0
D3984.contig411	1085	0	0
D3984.contig412	1085	0	0
D3984.contig413	1080	0	0
D3984.contig414	1077	0	0
D3984.contig415	1064	2	2
D3984.contig416	1060	0	0
D3984.contig417	1058	13	13
D3984.contig418	1053	0	0
D3984.contig419	1050	0	0
D3984.contig420	1047	0	0
D3984.contig421	1042	0	0
D3984.contig422	1041	0	0
D3984.contig423	1040	0	0
D3984.contig424	1040	0	0
D3984.contig425	1037	0	0
D3984.contig426	1036	0	0
D3984.contig427	1036	0	0
D3984.contig428	1035	0	0
D3984.contig429	1032	0	0
D3984.contig430	1032	0	0
D3984.contig431	1032	0	0
D3984.contig432	1031	0	0
D3984.contig433	1028	0	0
D3984.contig434	1028	0	0
D3984.contig435	1025	0	0
D3984.contig436	1024	0	0
D3984.contig437	1024	0	0
D3984.contig438	1023	0	0
D3984.contig439	1021	0	0
D3984.contig440	1021	0	0
D3984.contig441	1018	0	0
D3984.contig442	1017	0	0
D3984.contig443	1016	0	0
D3984.contig444	1015	0	0
D3984.contig445	1009	0	0
D3984.contig446	1008	0	0
D3984.contig447	1007	0	0
D3984.contig448	1006	0	0
D3984.contig449	1005	0	0
D3984.contig450	1001	0	0
D3984.contig451	1001	0	0
D3984.contig452	999	0	0
D3984.contig453	997	0	0
D3984.contig454	997	0	0
D3984.contig455	995	0	0
D3984.contig456	993	0	0
D3984.contig457	991	0	0
D3984.contig458	988	0	0
D3984.contig459	988	0	0
D3984.contig460	987	0	0
D3984.contig461	985	0	0
D3984.contig462	985	0	0
D3984.contig463	984	0	0
D3984.contig464	983	0	0
D3984.contig465	982	0	0
D3984.contig466	982	0	0
D3984.contig467	980	0	0
D3984.contig468	980	0	0
D3984.contig469	978	1795	1535
D3984.contig470	976	2	2
D3984.contig471	973	1	1
D3984.contig472	972	0	0
D3984.contig473	968	0	0
D3984.contig474	963	0	0
D3984.contig475	962	1	1
D3984.contig476	962	0	0
D3984.contig477	959	0	0
D3984.contig478	958	0	0
D3984.contig479	958	0	0
D3984.contig480	957	0	0
D3984.contig481	955	0	0
D3984.contig482	955	0	0
D3984.contig483	955	0	0
D3984.contig484	950	0	0
D3984.contig485	950	0	0
D3984.contig486	947	0	0
D3984.contig487	946	0	0
D3984.contig488	944	0	0
D3984.contig489	943	0	0
D3984.contig490	940	0	0
D3984.contig491	940	0	0
D3984.contig492	938	0	0
D3984.contig493	937	0	0
D3984.contig494	937	0	0
D3984.contig495	936	0	0
D3984.contig496	933	0	0
D3984.contig497	932	0	0
D3984.contig498	932	0	0
D3984.contig499	931	0	0
D3984.contig500	929	0	0
D3984.contig501	928	0	0
D3984.contig502	927	7	7
D3984.contig503	927	30757	26646
D3984.contig504	926	0	0
D3984.contig505	926	0	0
D3984.contig506	924	0	0
D3984.contig507	924	0	0
D3984.contig508	922	0	0
D3984.contig509	912	0	0
D3984.contig510	912	0	0
D3984.contig511	907	1	1
D3984.contig512	906	1	1
D3984.contig513	905	0	0
D3984.contig514	902	0	0
D3984.contig515	899	0	0
D3984.contig516	895	0	0
D3984.contig517	893	0	0
D3984.contig518	889	0	0
D3984.contig519	884	0	0
D3984.contig520	880	0	0
D3984.contig521	880	1093	426
D3984.contig522	880	0	0
D3984.contig523	875	0	0
D3984.contig524	873	0	0
D3984.contig525	872	0	0
D3984.contig526	871	0	0
D3984.contig527	869	0	0
D3984.contig528	867	0	0
D3984.contig529	866	0	0
D3984.contig530	863	0	0
D3984.contig531	860	0	0
D3984.contig532	860	0	0
D3984.contig533	860	20393	20002
D3984.contig534	856	5	5
D3984.contig535	854	0	0
D3984.contig536	851	0	0
D3984.contig537	850	0	0
D3984.contig538	850	0	0
D3984.contig539	850	5	5
D3984.contig540	849	17	17
D3984.contig541	845	0	0
D3984.contig542	844	0	0
D3984.contig543	842	0	0
D3984.contig544	840	0	0
D3984.contig545	836	0	0
D3984.contig546	836	0	0
D3984.contig547	835	0	0
D3984.contig548	832	0	0
D3984.contig549	830	0	0
D3984.contig550	825	0	0
D3984.contig551	821	0	0
D3984.contig552	820	1381	613
D3984.contig553	818	0	0
D3984.contig554	818	0	0
D3984.contig555	813	0	0
D3984.contig556	813	0	0
D3984.contig557	811	0	0
D3984.contig558	809	0	0
D3984.contig559	808	0	0
D3984.contig560	807	0	0
D3984.contig561	807	0	0
D3984.contig562	806	0	0
D3984.contig563	805	0	0
D3984.contig564	804	2	0
D3984.contig565	801	2	0
D3984.contig566	800	0	0
D3984.contig567	800	0	0
D3984.contig568	798	0	0
D3984.contig569	798	0	0
D3984.contig570	798	0	0
D3984.contig571	797	0	0
D3984.contig572	795	0	0
D3984.contig573	793	0	0
D3984.contig574	790	0	0
D3984.contig575	787	0	0
D3984.contig576	786	0	0
D3984.contig577	780	0	0
D3984.contig578	777	0	0
D3984.contig579	776	0	0
D3984.contig580	775	442	351
D3984.contig581	773	0	0
D3984.contig582	773	0	0
D3984.contig583	773	0	0
D3984.contig584	772	61	61
D3984.contig585	772	0	0
D3984.contig586	770	1	1
D3984.contig587	769	2	0
D3984.contig588	768	0	0
D3984.contig589	764	1	0
D3984.contig590	763	0	0
D3984.contig591	763	0	0
D3984.contig592	763	0	0
D3984.contig593	762	0	0
D3984.contig594	762	1493	497
D3984.contig595	762	864	514
D3984.contig596	762	0	0
D3984.contig597	761	0	0
D3984.contig598	759	0	0
D3984.contig599	759	0	0
D3984.contig600	758	0	0
D3984.contig601	754	1071	939
D3984.contig602	754	0	0
D3984.contig603	751	0	0
D3984.contig604	751	5	5
D3984.contig605	749	0	0
D3984.contig606	746	0	0
D3984.contig607	744	0	0
D3984.contig608	744	0	0
D3984.contig609	742	0	0
D3984.contig610	740	0	0
D3984.contig611	738	0	0
D3984.contig612	736	0	0
D3984.contig613	735	0	0
D3984.contig614	734	0	0
D3984.contig615	732	0	0
D3984.contig616	731	0	0
D3984.contig617	730	0	0
D3984.contig618	726	0	0
D3984.contig619	726	0	0
D3984.contig620	724	0	0
D3984.contig621	724	0	0
D3984.contig622	722	0	0
D3984.contig623	720	0	0
D3984.contig624	720	0	0
D3984.contig625	718	0	0
D3984.contig626	717	0	0
D3984.contig627	715	0	0
D3984.contig628	713	0	0
D3984.contig629	713	3	1
D3984.contig630	711	0	0
D3984.contig631	710	0	0
D3984.contig632	710	2119	838
D3984.contig633	708	3	3
D3984.contig634	707	1	1
D3984.contig635	707	0	0
D3984.contig636	705	0	0
D3984.contig637	704	0	0
D3984.contig638	704	0	0
D3984.contig639	704	0	0
D3984.contig640	702	0	0
D3984.contig641	702	0	0
D3984.contig642	702	0	0
D3984.contig643	700	0	0
D3984.contig644	699	0	0
D3984.contig645	699	0	0
D3984.contig646	698	0	0
D3984.contig647	697	0	0
D3984.contig648	696	0	0
D3984.contig649	696	0	0
D3984.contig650	693	0	0
D3984.contig651	689	0	0
D3984.contig652	689	0	0
D3984.contig653	689	0	0
D3984.contig654	689	0	0
D3984.contig655	689	0	0
D3984.contig656	689	0	0
D3984.contig657	689	0	0
D3984.contig658	688	1	1
D3984.contig659	687	0	0
D3984.contig660	685	0	0
D3984.contig661	685	0	0
D3984.contig662	684	2	0
D3984.contig663	684	0	0
D3984.contig664	684	0	0
D3984.contig665	682	0	0
D3984.contig666	681	0	0
D3984.contig667	678	0	0
D3984.contig668	678	0	0
D3984.contig669	677	0	0
D3984.contig670	675	0	0
D3984.contig671	675	0	0
D3984.contig672	672	0	0
D3984.contig673	670	0	0
D3984.contig674	669	2	0
D3984.contig675	667	0	0
D3984.contig676	667	0	0
D3984.contig677	666	0	0
D3984.contig678	665	0	0
D3984.contig679	664	0	0
D3984.contig680	663	0	0
D3984.contig681	661	0	0
D3984.contig682	660	0	0
D3984.contig683	660	0	0
D3984.contig684	658	0	0
D3984.contig685	657	0	0
D3984.contig686	656	0	0
D3984.contig687	656	0	0
D3984.contig688	655	0	0
D3984.contig689	654	0	0
D3984.contig690	654	0	0
D3984.contig691	653	0	0
D3984.contig692	653	0	0
D3984.contig693	648	0	0
D3984.contig694	648	0	0
D3984.contig695	645	2	0
D3984.contig696	645	0	0
D3984.contig697	644	0	0
D3984.contig698	644	0	0
D3984.contig699	643	0	0
D3984.contig700	642	0	0
D3984.contig701	642	0	0
D3984.contig702	642	0	0
D3984.contig703	642	0	0
D3984.contig704	641	0	0
D3984.contig705	640	0	0
D3984.contig706	639	0	0
D3984.contig707	639	0	0
D3984.contig708	638	0	0
D3984.contig709	638	0	0
D3984.contig710	638	0	0
D3984.contig711	637	0	0
D3984.contig712	637	205	191
D3984.contig713	636	0	0
D3984.contig714	635	0	0
D3984.contig715	634	0	0
D3984.contig716	632	0	0
D3984.contig717	631	0	0
D3984.contig718	631	0	0
D3984.contig719	630	0	0
D3984.contig720	630	0	0
D3984.contig721	629	0	0
D3984.contig722	629	0	0
D3984.contig723	625	0	0
D3984.contig724	625	0	0
D3984.contig725	625	0	0
D3984.contig726	625	816	734
D3984.contig727	625	0	0
D3984.contig728	624	0	0
D3984.contig729	624	0	0
D3984.contig730	623	117	35
D3984.contig731	623	0	0
D3984.contig732	623	2426	2397
D3984.contig733	623	53	42
D3984.contig734	623	0	0
D3984.contig735	620	0	0
D3984.contig736	620	0	0
D3984.contig737	620	0	0
D3984.contig738	619	0	0
D3984.contig739	619	0	0
D3984.contig740	619	0	0
D3984.contig741	617	0	0
D3984.contig742	616	0	0
D3984.contig743	614	0	0
D3984.contig744	613	0	0
D3984.contig745	612	0	0
D3984.contig746	612	0	0
D3984.contig747	612	0	0
D3984.contig748	611	0	0
D3984.contig749	611	0	0
D3984.contig750	610	0	0
D3984.contig751	610	29	29
D3984.contig752	609	0	0
D3984.contig753	609	0	0
D3984.contig754	608	0	0
D3984.contig755	608	0	0
D3984.contig756	608	0	0
D3984.contig757	608	0	0
D3984.contig758	604	0	0
D3984.contig759	603	0	0
D3984.contig760	603	0	0
D3984.contig761	602	0	0
D3984.contig762	601	0	0
D3984.contig763	599	1	1
D3984.contig764	598	0	0
D3984.contig765	598	0	0
D3984.contig766	598	0	0
D3984.contig767	597	0	0
D3984.contig768	596	0	0
D3984.contig769	596	0	0
D3984.contig770	595	182	148
D3984.contig771	595	0	0
D3984.contig772	594	0	0
D3984.contig773	594	0	0
D3984.contig774	593	0	0
D3984.contig775	592	0	0
D3984.contig776	591	1	1
D3984.contig777	591	0	0
D3984.contig778	590	0	0
D3984.contig779	590	0	0
D3984.contig780	589	0	0
D3984.contig781	589	0	0
D3984.contig782	588	0	0
D3984.contig783	588	0	0
D3984.contig784	586	0	0
D3984.contig785	585	0	0
D3984.contig786	584	0	0
D3984.contig787	584	0	0
D3984.contig788	584	1325	1198
D3984.contig789	583	0	0
D3984.contig790	582	0	0
D3984.contig791	582	0	0
D3984.contig792	582	0	0
D3984.contig793	581	0	0
D3984.contig794	579	0	0
D3984.contig795	579	0	0
D3984.contig796	579	0	0
D3984.contig797	578	0	0
D3984.contig798	578	0	0
D3984.contig799	578	0	0
D3984.contig800	577	0	0
D3984.contig801	577	0	0
D3984.contig802	576	0	0
D3984.contig803	575	0	0
D3984.contig804	574	0	0
D3984.contig805	573	0	0
D3984.contig806	572	0	0
D3984.contig807	572	0	0
D3984.contig808	572	0	0
D3984.contig809	571	0	0
D3984.contig810	570	0	0
D3984.contig811	569	0	0
D3984.contig812	569	0	0
D3984.contig813	568	288	259
D3984.contig814	568	2	2
D3984.contig815	566	0	0
D3984.contig816	566	0	0
D3984.contig817	566	0	0
D3984.contig818	565	0	0
D3984.contig819	565	0	0
D3984.contig820	564	289	266
D3984.contig821	564	0	0
D3984.contig822	564	0	0
D3984.contig823	563	0	0
D3984.contig824	562	0	0
D3984.contig825	561	0	0
D3984.contig826	561	0	0
D3984.contig827	561	0	0
D3984.contig828	561	49	11
D3984.contig829	561	0	0
D3984.contig830	560	0	0
D3984.contig831	560	0	0
D3984.contig832	560	0	0
D3984.contig833	557	0	0
D3984.contig834	557	0	0
D3984.contig835	557	1	1
D3984.contig836	555	0	0
D3984.contig837	555	0	0
D3984.contig838	555	0	0
D3984.contig839	553	0	0
D3984.contig840	553	0	0
D3984.contig841	552	0	0
D3984.contig842	551	0	0
D3984.contig843	548	0	0
D3984.contig844	546	0	0
D3984.contig845	546	0	0
D3984.contig846	546	0	0
D3984.contig847	544	0	0
D3984.contig848	542	0	0
D3984.contig849	541	0	0
D3984.contig850	541	0	0
D3984.contig851	540	0	0
D3984.contig852	540	0	0
D3984.contig853	540	0	0
D3984.contig854	540	917	822
D3984.contig855	539	120	96
D3984.contig856	538	0	0
D3984.contig857	537	1165	1037
D3984.contig858	536	0	0
D3984.contig859	536	0	0
D3984.contig860	536	18	17
D3984.contig861	535	0	0
D3984.contig862	535	0	0
D3984.contig863	535	0	0
D3984.contig864	534	0	0
D3984.contig865	533	0	0
D3984.contig866	533	0	0
D3984.contig867	533	0	0
D3984.contig868	532	0	0
D3984.contig869	531	0	0
D3984.contig870	531	0	0
D3984.contig871	531	0	0
D3984.contig872	531	0	0
D3984.contig873	530	0	0
D3984.contig874	529	0	0
D3984.contig875	529	0	0
D3984.contig876	528	0	0
D3984.contig877	528	0	0
D3984.contig878	527	0	0
D3984.contig879	526	0	0
D3984.contig880	524	0	0
D3984.contig881	524	0	0
D3984.contig882	524	0	0
D3984.contig883	524	0	0
D3984.contig884	523	0	0
D3984.contig885	523	0	0
D3984.contig886	523	0	0
D3984.contig887	522	0	0
D3984.contig888	521	0	0
D3984.contig889	521	0	0
D3984.contig890	521	0	0
D3984.contig891	521	0	0
D3984.contig892	518	7	7
D3984.contig893	518	0	0
D3984.contig894	518	0	0
D3984.contig895	518	0	0
D3984.contig896	517	0	0
D3984.contig897	517	0	0
D3984.contig898	517	0	0
D3984.contig899	514	3086	2536
D3984.contig900	514	0	0
D3984.contig901	513	0	0
D3984.contig902	513	0	0
D3984.contig903	513	0	0
D3984.contig904	513	0	0
D3984.contig905	512	0	0
D3984.contig906	511	0	0
D3984.contig907	510	0	0
D3984.contig908	510	0	0
D3984.contig909	509	0	0
D3984.contig910	509	0	0
D3984.contig911	508	5	5
D3984.contig912	508	0	0
D3984.contig913	507	0	0
D3984.contig914	507	0	0
D3984.contig915	507	0	0
D3984.contig916	506	0	0
D3984.contig917	505	0	0
D3984.contig918	504	0	0
D3984.contig919	504	0	0
D3984.contig920	504	0	0
D3984.contig921	504	0	0
D3984.contig922	504	0	0
D3984.contig923	503	0	0
D3984.contig924	503	0	0
D3984.contig925	502	0	0
D3984.contig926	502	0	0
D3984.contig927	502	0	0
D3984.contig928	501	0	0
D3984.contig929	501	0	0
D3984.contig930	501	0	0
D3984.contig931	500	0	0
D3984.contig932	500	0	0
D3984.contig933	499	0	0
D3984.contig934	499	2	2
D3984.contig935	499	0	0
D3984.contig936	498	0	0
D3984.contig937	498	0	0
D3984.contig938	498	0	0
D3984.contig939	498	0	0
D3984.contig940	497	0	0
D3984.contig941	497	0	0
D3984.contig942	497	0	0
D3984.contig943	496	0	0
D3984.contig944	495	0	0
D3984.contig945	495	0	0
D3984.contig946	494	0	0
D3984.contig947	493	0	0
D3984.contig948	492	0	0
D3984.contig949	492	0	0
D3984.contig950	492	0	0
D3984.contig951	491	0	0
D3984.contig952	491	0	0
D3984.contig953	490	0	0
D3984.contig954	490	0	0
D3984.contig955	490	0	0
D3984.contig956	489	0	0
D3984.contig957	488	0	0
D3984.contig958	487	0	0
D3984.contig959	487	0	0
D3984.contig960	487	0	0
D3984.contig961	487	0	0
D3984.contig962	487	409	283
D3984.contig963	487	0	0
D3984.contig964	486	0	0
D3984.contig965	485	634	596
D3984.contig966	485	0	0
D3984.contig967	484	0	0
D3984.contig968	484	0	0
D3984.contig969	484	0	0
D3984.contig970	484	0	0
D3984.contig971	483	0	0
D3984.contig972	483	0	0
D3984.contig973	482	0	0
D3984.contig974	482	0	0
D3984.contig975	482	4	4
D3984.contig976	481	0	0
D3984.contig977	481	0	0
D3984.contig978	481	0	0
D3984.contig979	480	0	0
D3984.contig980	480	0	0
D3984.contig981	480	0	0
D3984.contig982	480	0	0
D3984.contig983	478	0	0
D3984.contig984	478	0	0
D3984.contig985	478	0	0
D3984.contig986	477	0	0
D3984.contig987	477	0	0
D3984.contig988	477	0	0
D3984.contig989	476	2243	1739
D3984.contig990	476	0	0
D3984.contig991	476	0	0
D3984.contig992	476	1	0
D3984.contig993	476	0	0
D3984.contig994	475	0	0
D3984.contig995	474	0	0
D3984.contig996	473	0	0
D3984.contig997	473	0	0
D3984.contig998	472	0	0
D3984.contig999	472	0	0
D3984.contig1000	472	0	0
D3984.contig1001	471	0	0
D3984.contig1002	470	0	0
D3984.contig1003	470	0	0
D3984.contig1004	470	0	0
D3984.contig1005	469	0	0
D3984.contig1006	469	0	0
D3984.contig1007	469	0	0
D3984.contig1008	468	0	0
D3984.contig1009	468	0	0
D3984.contig1010	467	2	2
D3984.contig1011	467	0	0
D3984.contig1012	467	0	0
D3984.contig1013	467	0	0
D3984.contig1014	466	0	0
D3984.contig1015	464	0	0
D3984.contig1016	464	0	0
D3984.contig1017	464	0	0
D3984.contig1018	464	0	0
D3984.contig1019	463	3	3
D3984.contig1020	463	0	0
D3984.contig1021	463	0	0
D3984.contig1022	463	0	0
D3984.contig1023	463	0	0
D3984.contig1024	463	0	0
D3984.contig1025	462	0	0
D3984.contig1026	462	0	0
D3984.contig1027	462	0	0
D3984.contig1028	461	0	0
D3984.contig1029	460	0	0
D3984.contig1030	460	0	0
D3984.contig1031	460	0	0
D3984.contig1032	459	0	0
D3984.contig1033	459	0	0
D3984.contig1034	459	0	0
D3984.contig1035	458	0	0
D3984.contig1036	458	0	0
D3984.contig1037	458	0	0
D3984.contig1038	457	0	0
D3984.contig1039	457	0	0
D3984.contig1040	455	0	0
D3984.contig1041	454	0	0
D3984.contig1042	454	0	0
D3984.contig1043	453	0	0
D3984.contig1044	452	0	0
D3984.contig1045	452	0	0
D3984.contig1046	451	0	0
D3984.contig1047	448	0	0
D3984.contig1048	448	1	1
D3984.contig1049	447	0	0
D3984.contig1050	447	0	0
D3984.contig1051	447	0	0
D3984.contig1052	446	0	0
D3984.contig1053	446	1969	796
D3984.contig1054	446	0	0
D3984.contig1055	445	0	0
D3984.contig1056	445	0	0
D3984.contig1057	444	0	0
D3984.contig1058	444	0	0
D3984.contig1059	444	153	106
D3984.contig1060	444	1	1
D3984.contig1061	444	0	0
D3984.contig1062	443	188	119
D3984.contig1063	443	89	78
D3984.contig1064	443	0	0
D3984.contig1065	442	0	0
D3984.contig1066	442	0	0
D3984.contig1067	442	0	0
D3984.contig1068	442	0	0
D3984.contig1069	442	0	0
D3984.contig1070	441	0	0
D3984.contig1071	440	0	0
D3984.contig1072	440	0	0
D3984.contig1073	439	0	0
D3984.contig1074	439	0	0
D3984.contig1075	439	0	0
D3984.contig1076	439	0	0
D3984.contig1077	438	0	0
D3984.contig1078	438	205	190
D3984.contig1079	438	0	0
D3984.contig1080	438	0	0
D3984.contig1081	438	23942	19801
D3984.contig1082	437	0	0
D3984.contig1083	437	0	0
D3984.contig1084	437	0	0
D3984.contig1085	437	741	475
D3984.contig1086	437	0	0
D3984.contig1087	436	0	0
D3984.contig1088	435	0	0
D3984.contig1089	435	0	0
D3984.contig1090	435	0	0
D3984.contig1091	434	0	0
D3984.contig1092	434	0	0
D3984.contig1093	434	0	0
D3984.contig1094	433	0	0
D3984.contig1095	433	0	0
D3984.contig1096	433	0	0
D3984.contig1097	432	0	0
D3984.contig1098	432	0	0
D3984.contig1099	432	0	0
D3984.contig1100	432	0	0
D3984.contig1101	432	2	0
D3984.contig1102	432	0	0
D3984.contig1103	431	0	0
D3984.contig1104	431	0	0
D3984.contig1105	431	0	0
D3984.contig1106	431	0	0
D3984.contig1107	431	0	0
D3984.contig1108	431	0	0
D3984.contig1109	430	0	0
D3984.contig1110	430	0	0
D3984.contig1111	430	0	0
D3984.contig1112	430	0	0
D3984.contig1113	430	0	0
D3984.contig1114	429	0	0
D3984.contig1115	429	0	0
D3984.contig1116	429	0	0
D3984.contig1117	428	0	0
D3984.contig1118	427	0	0
D3984.contig1119	427	0	0
D3984.contig1120	427	0	0
D3984.contig1121	426	0	0
D3984.contig1122	426	0	0
D3984.contig1123	426	0	0
D3984.contig1124	426	0	0
D3984.contig1125	426	0	0
D3984.contig1126	425	0	0
D3984.contig1127	425	0	0
D3984.contig1128	425	0	0
D3984.contig1129	424	9	5
D3984.contig1130	424	0	0
D3984.contig1131	423	0	0
D3984.contig1132	423	0	0
D3984.contig1133	423	0	0
D3984.contig1134	423	0	0
D3984.contig1135	423	0	0
D3984.contig1136	422	0	0
D3984.contig1137	422	0	0
D3984.contig1138	422	0	0
D3984.contig1139	422	0	0
D3984.contig1140	421	0	0
D3984.contig1141	421	0	0
D3984.contig1142	421	0	0
D3984.contig1143	420	0	0
D3984.contig1144	420	0	0
D3984.contig1145	420	320	280
D3984.contig1146	420	0	0
D3984.contig1147	420	0	0
D3984.contig1148	419	0	0
D3984.contig1149	419	0	0
D3984.contig1150	417	0	0
D3984.contig1151	417	0	0
D3984.contig1152	417	0	0
D3984.contig1153	417	0	0
D3984.contig1154	417	0	0
D3984.contig1155	416	0	0
D3984.contig1156	416	0	0
D3984.contig1157	416	0	0
D3984.contig1158	416	0	0
D3984.contig1159	416	0	0
D3984.contig1160	416	0	0
D3984.contig1161	415	0	0
D3984.contig1162	415	0	0
D3984.contig1163	415	0	0
D3984.contig1164	414	0	0
D3984.contig1165	414	0	0
D3984.contig1166	414	9	9
D3984.contig1167	414	0	0
D3984.contig1168	413	0	0
D3984.contig1169	413	0	0
D3984.contig1170	413	932	851
D3984.contig1171	412	544	513
D3984.contig1172	412	0	0
D3984.contig1173	412	0	0
D3984.contig1174	412	0	0
D3984.contig1175	412	0	0
D3984.contig1176	411	0	0
D3984.contig1177	411	2	2
D3984.contig1178	411	0	0
D3984.contig1179	411	0	0
D3984.contig1180	411	0	0
D3984.contig1181	411	0	0
D3984.contig1182	410	0	0
D3984.contig1183	410	0	0
D3984.contig1184	409	0	0
D3984.contig1185	408	0	0
D3984.contig1186	408	0	0
D3984.contig1187	408	0	0
D3984.contig1188	408	0	0
D3984.contig1189	407	0	0
D3984.contig1190	406	0	0
D3984.contig1191	406	0	0
D3984.contig1192	405	3	3
D3984.contig1193	405	0	0
D3984.contig1194	405	0	0
D3984.contig1195	405	0	0
D3984.contig1196	404	0	0
D3984.contig1197	404	0	0
D3984.contig1198	404	0	0
D3984.contig1199	404	0	0
D3984.contig1200	403	0	0
D3984.contig1201	403	0	0
D3984.contig1202	403	0	0
D3984.contig1203	403	0	0
D3984.contig1204	402	0	0
D3984.contig1205	402	0	0
D3984.contig1206	402	0	0
D3984.contig1207	402	0	0
D3984.contig1208	401	0	0
D3984.contig1209	400	0	0
D3984.contig1210	400	0	0
D3984.contig1211	399	0	0
D3984.contig1212	399	0	0
D3984.contig1213	399	0	0
D3984.contig1214	399	0	0
D3984.contig1215	398	0	0
D3984.contig1216	398	0	0
D3984.contig1217	397	0	0
D3984.contig1218	397	0	0
D3984.contig1219	397	0	0
D3984.contig1220	397	0	0
D3984.contig1221	397	0	0
D3984.contig1222	397	0	0
D3984.contig1223	396	0	0
D3984.contig1224	396	0	0
D3984.contig1225	396	0	0
D3984.contig1226	395	0	0
D3984.contig1227	395	0	0
D3984.contig1228	395	0	0
D3984.contig1229	394	0	0
D3984.contig1230	394	1	1
D3984.contig1231	394	0	0
D3984.contig1232	394	0	0
D3984.contig1233	394	0	0
D3984.contig1234	393	0	0
D3984.contig1235	393	0	0
D3984.contig1236	392	0	0
D3984.contig1237	392	0	0
D3984.contig1238	392	0	0
D3984.contig1239	391	0	0
D3984.contig1240	391	0	0
D3984.contig1241	391	0	0
D3984.contig1242	391	0	0
D3984.contig1243	391	0	0
D3984.contig1244	390	0	0
D3984.contig1245	390	0	0
D3984.contig1246	389	0	0
D3984.contig1247	389	0	0
D3984.contig1248	389	0	0
D3984.contig1249	389	0	0
D3984.contig1250	389	0	0
D3984.contig1251	388	0	0
D3984.contig1252	388	0	0
D3984.contig1253	388	0	0
D3984.contig1254	388	0	0
D3984.contig1255	387	0	0
D3984.contig1256	387	34	31
D3984.contig1257	387	0	0
D3984.contig1258	387	0	0
D3984.contig1259	386	0	0
D3984.contig1260	386	0	0
D3984.contig1261	386	0	0
D3984.contig1262	386	0	0
D3984.contig1263	385	0	0
D3984.contig1264	385	0	0
D3984.contig1265	385	0	0
D3984.contig1266	383	0	0
D3984.contig1267	383	0	0
D3984.contig1268	383	0	0
D3984.contig1269	383	0	0
D3984.contig1270	383	0	0
D3984.contig1271	382	0	0
D3984.contig1272	382	0	0
D3984.contig1273	382	0	0
D3984.contig1274	382	0	0
D3984.contig1275	382	0	0
D3984.contig1276	380	0	0
D3984.contig1277	380	0	0
D3984.contig1278	380	0	0
D3984.contig1279	380	0	0
D3984.contig1280	379	0	0
D3984.contig1281	379	0	0
D3984.contig1282	379	0	0
D3984.contig1283	379	0	0
D3984.contig1284	378	0	0
D3984.contig1285	378	0	0
D3984.contig1286	378	1	1
D3984.contig1287	377	0	0
D3984.contig1288	377	4043	3993
D3984.contig1289	377	0	0
D3984.contig1290	376	0	0
D3984.contig1291	376	0	0
D3984.contig1292	376	0	0
D3984.contig1293	376	0	0
D3984.contig1294	376	0	0
D3984.contig1295	376	0	0
D3984.contig1296	376	0	0
D3984.contig1297	376	0	0
D3984.contig1298	376	0	0
D3984.contig1299	375	0	0
D3984.contig1300	375	0	0
D3984.contig1301	375	0	0
D3984.contig1302	375	0	0
D3984.contig1303	374	0	0
D3984.contig1304	374	0	0
D3984.contig1305	374	0	0
D3984.contig1306	373	0	0
D3984.contig1307	373	0	0
D3984.contig1308	373	0	0
D3984.contig1309	373	0	0
D3984.contig1310	372	0	0
D3984.contig1311	372	0	0
D3984.contig1312	372	0	0
D3984.contig1313	371	0	0
D3984.contig1314	371	1	1
D3984.contig1315	371	0	0
D3984.contig1316	371	0	0
D3984.contig1317	371	0	0
D3984.contig1318	370	0	0
D3984.contig1319	370	0	0
D3984.contig1320	370	0	0
D3984.contig1321	369	0	0
D3984.contig1322	369	0	0
D3984.contig1323	369	0	0
D3984.contig1324	369	0	0
D3984.contig1325	369	0	0
D3984.contig1326	368	0	0
D3984.contig1327	368	0	0
D3984.contig1328	368	0	0
D3984.contig1329	368	0	0
D3984.contig1330	368	0	0
D3984.contig1331	368	0	0
D3984.contig1332	367	0	0
D3984.contig1333	366	0	0
D3984.contig1334	366	0	0
D3984.contig1335	366	0	0
D3984.contig1336	366	0	0
D3984.contig1337	366	0	0
D3984.contig1338	366	0	0
D3984.contig1339	366	0	0
D3984.contig1340	365	0	0
D3984.contig1341	365	0	0
D3984.contig1342	365	0	0
D3984.contig1343	365	472	441
D3984.contig1344	365	0	0
D3984.contig1345	365	0	0
D3984.contig1346	364	0	0
D3984.contig1347	364	0	0
D3984.contig1348	364	0	0
D3984.contig1349	364	0	0
D3984.contig1350	363	0	0
D3984.contig1351	363	0	0
D3984.contig1352	362	0	0
D3984.contig1353	362	0	0
D3984.contig1354	362	0	0
D3984.contig1355	362	0	0
D3984.contig1356	362	0	0
D3984.contig1357	362	0	0
D3984.contig1358	362	0	0
D3984.contig1359	361	0	0
D3984.contig1360	361	0	0
D3984.contig1361	361	0	0
D3984.contig1362	361	0	0
D3984.contig1363	361	0	0
D3984.contig1364	361	0	0
D3984.contig1365	360	0	0
D3984.contig1366	360	0	0
D3984.contig1367	360	0	0
D3984.contig1368	360	0	0
D3984.contig1369	359	0	0
D3984.contig1370	359	0	0
D3984.contig1371	359	0	0
D3984.contig1372	359	0	0
D3984.contig1373	359	0	0
D3984.contig1374	359	0	0
D3984.contig1375	358	0	0
D3984.contig1376	358	0	0
D3984.contig1377	358	0	0
D3984.contig1378	358	0	0
D3984.contig1379	357	0	0
D3984.contig1380	357	0	0
D3984.contig1381	357	0	0
D3984.contig1382	357	0	0
D3984.contig1383	357	0	0
D3984.contig1384	356	0	0
D3984.contig1385	356	0	0
D3984.contig1386	356	0	0
D3984.contig1387	356	0	0
D3984.contig1388	356	0	0
D3984.contig1389	355	3	3
D3984.contig1390	355	0	0
D3984.contig1391	355	0	0
D3984.contig1392	355	0	0
D3984.contig1393	355	0	0
D3984.contig1394	355	0	0
D3984.contig1395	355	0	0
D3984.contig1396	354	270	234
D3984.contig1397	354	0	0
D3984.contig1398	354	0	0
D3984.contig1399	354	0	0
D3984.contig1400	354	0	0
D3984.contig1401	354	0	0
D3984.contig1402	353	0	0
D3984.contig1403	353	0	0
D3984.contig1404	353	0	0
D3984.contig1405	352	34	31
D3984.contig1406	352	0	0
D3984.contig1407	352	0	0
D3984.contig1408	352	0	0
D3984.contig1409	352	0	0
D3984.contig1410	352	0	0
D3984.contig1411	352	0	0
D3984.contig1412	351	0	0
D3984.contig1413	351	0	0
D3984.contig1414	351	0	0
D3984.contig1415	351	0	0
D3984.contig1416	350	0	0
D3984.contig1417	350	0	0
D3984.contig1418	350	0	0
D3984.contig1419	349	0	0
D3984.contig1420	349	0	0
D3984.contig1421	349	0	0
D3984.contig1422	348	0	0
D3984.contig1423	348	2	2
D3984.contig1424	348	0	0
D3984.contig1425	348	0	0
D3984.contig1426	348	0	0
D3984.contig1427	348	0	0
D3984.contig1428	348	0	0
D3984.contig1429	347	0	0
D3984.contig1430	347	0	0
D3984.contig1431	347	0	0
D3984.contig1432	347	0	0
D3984.contig1433	347	0	0
D3984.contig1434	346	0	0
D3984.contig1435	345	0	0
D3984.contig1436	345	0	0
D3984.contig1437	344	0	0
D3984.contig1438	344	5	5
D3984.contig1439	344	0	0
D3984.contig1440	344	0	0
D3984.contig1441	344	0	0
D3984.contig1442	343	0	0
D3984.contig1443	343	0	0
D3984.contig1444	343	0	0
D3984.contig1445	343	0	0
D3984.contig1446	342	0	0
D3984.contig1447	342	0	0
D3984.contig1448	342	0	0
D3984.contig1449	341	0	0
D3984.contig1450	341	0	0
D3984.contig1451	341	0	0
D3984.contig1452	340	0	0
D3984.contig1453	340	0	0
D3984.contig1454	340	0	0
D3984.contig1455	340	150	131
D3984.contig1456	340	0	0
D3984.contig1457	340	0	0
D3984.contig1458	339	0	0
D3984.contig1459	339	0	0
D3984.contig1460	339	0	0
D3984.contig1461	339	353	298
D3984.contig1462	339	0	0
D3984.contig1463	339	0	0
D3984.contig1464	338	0	0
D3984.contig1465	338	0	0
D3984.contig1466	338	0	0
D3984.contig1467	338	111	102
D3984.contig1468	338	0	0
D3984.contig1469	338	0	0
D3984.contig1470	338	0	0
D3984.contig1471	338	0	0
D3984.contig1472	337	0	0
D3984.contig1473	337	0	0
D3984.contig1474	337	0	0
D3984.contig1475	336	0	0
D3984.contig1476	336	0	0
D3984.contig1477	336	0	0
D3984.contig1478	336	0	0
D3984.contig1479	336	0	0
D3984.contig1480	336	0	0
D3984.contig1481	335	0	0
D3984.contig1482	335	0	0
D3984.contig1483	335	0	0
D3984.contig1484	335	0	0
D3984.contig1485	335	1	1
D3984.contig1486	334	0	0
D3984.contig1487	334	0	0
D3984.contig1488	334	0	0
D3984.contig1489	334	0	0
D3984.contig1490	334	0	0
D3984.contig1491	334	0	0
D3984.contig1492	334	0	0
D3984.contig1493	334	0	0
D3984.contig1494	333	0	0
D3984.contig1495	333	0	0
D3984.contig1496	333	0	0
D3984.contig1497	333	0	0
D3984.contig1498	333	0	0
D3984.contig1499	332	0	0
D3984.contig1500	332	42	38
D3984.contig1501	332	0	0
D3984.contig1502	332	0	0
D3984.contig1503	332	0	0
D3984.contig1504	332	0	0
D3984.contig1505	331	0	0
D3984.contig1506	331	0	0
D3984.contig1507	331	0	0
D3984.contig1508	331	0	0
D3984.contig1509	331	0	0
D3984.contig1510	331	0	0
D3984.contig1511	330	0	0
D3984.contig1512	330	0	0
D3984.contig1513	330	0	0
D3984.contig1514	330	0	0
D3984.contig1515	329	84	72
D3984.contig1516	329	0	0
D3984.contig1517	329	0	0
D3984.contig1518	329	0	0
D3984.contig1519	329	0	0
D3984.contig1520	329	2	2
D3984.contig1521	329	0	0
D3984.contig1522	329	0	0
D3984.contig1523	329	0	0
D3984.contig1524	328	0	0
D3984.contig1525	328	0	0
D3984.contig1526	328	0	0
D3984.contig1527	328	0	0
D3984.contig1528	328	0	0
D3984.contig1529	327	10	10
D3984.contig1530	327	0	0
D3984.contig1531	327	0	0
D3984.contig1532	327	0	0
D3984.contig1533	326	0	0
D3984.contig1534	326	0	0
D3984.contig1535	326	0	0
D3984.contig1536	326	0	0
D3984.contig1537	326	0	0
D3984.contig1538	325	0	0
D3984.contig1539	325	0	0
D3984.contig1540	325	0	0
D3984.contig1541	325	0	0
D3984.contig1542	325	0	0
D3984.contig1543	324	114	103
D3984.contig1544	324	0	0
D3984.contig1545	324	0	0
D3984.contig1546	323	0	0
D3984.contig1547	323	0	0
D3984.contig1548	323	0	0
D3984.contig1549	323	0	0
D3984.contig1550	323	0	0
D3984.contig1551	323	0	0
D3984.contig1552	323	0	0
D3984.contig1553	322	0	0
D3984.contig1554	322	0	0
D3984.contig1555	321	0	0
D3984.contig1556	321	0	0
D3984.contig1557	321	0	0
D3984.contig1558	321	0	0
D3984.contig1559	321	0	0
D3984.contig1560	321	0	0
D3984.contig1561	321	0	0
D3984.contig1562	320	0	0
D3984.contig1563	320	0	0
D3984.contig1564	320	0	0
D3984.contig1565	320	0	0
D3984.contig1566	320	0	0
D3984.contig1567	320	0	0
D3984.contig1568	320	0	0
D3984.contig1569	320	0	0
D3984.contig1570	320	0	0
D3984.contig1571	320	0	0
D3984.contig1572	319	0	0
D3984.contig1573	319	0	0
D3984.contig1574	319	0	0
D3984.contig1575	319	0	0
D3984.contig1576	319	0	0
D3984.contig1577	318	0	0
D3984.contig1578	318	0	0
D3984.contig1579	318	0	0
D3984.contig1580	318	0	0
D3984.contig1581	317	0	0
D3984.contig1582	317	0	0
D3984.contig1583	317	0	0
D3984.contig1584	317	0	0
D3984.contig1585	316	0	0
D3984.contig1586	316	0	0
D3984.contig1587	316	0	0
D3984.contig1588	316	0	0
D3984.contig1589	315	0	0
D3984.contig1590	315	0	0
D3984.contig1591	315	0	0
D3984.contig1592	315	0	0
D3984.contig1593	315	0	0
D3984.contig1594	315	0	0
D3984.contig1595	315	0	0
D3984.contig1596	314	0	0
D3984.contig1597	314	0	0
D3984.contig1598	314	0	0
D3984.contig1599	314	0	0
D3984.contig1600	313	0	0
D3984.contig1601	313	0	0
D3984.contig1602	313	0	0
D3984.contig1603	313	0	0
D3984.contig1604	313	0	0
D3984.contig1605	313	0	0
D3984.contig1606	313	0	0
D3984.contig1607	312	0	0
D3984.contig1608	312	0	0
D3984.contig1609	312	0	0
D3984.contig1610	311	0	0
D3984.contig1611	311	0	0
D3984.contig1612	311	0	0
D3984.contig1613	311	0	0
D3984.contig1614	311	0	0
D3984.contig1615	311	0	0
D3984.contig1616	311	0	0
D3984.contig1617	310	0	0
D3984.contig1618	310	0	0
D3984.contig1619	310	0	0
D3984.contig1620	310	0	0
D3984.contig1621	310	0	0
D3984.contig1622	310	12	12
D3984.contig1623	309	0	0
D3984.contig1624	309	0	0
D3984.contig1625	309	0	0
D3984.contig1626	309	0	0
D3984.contig1627	309	0	0
D3984.contig1628	309	3	3
D3984.contig1629	309	0	0
D3984.contig1630	308	0	0
D3984.contig1631	308	0	0
D3984.contig1632	308	0	0
D3984.contig1633	308	0	0
D3984.contig1634	308	0	0
D3984.contig1635	307	0	0
D3984.contig1636	307	0	0
D3984.contig1637	307	0	0
D3984.contig1638	306	0	0
D3984.contig1639	306	0	0
D3984.contig1640	306	0	0
D3984.contig1641	306	0	0
D3984.contig1642	306	0	0
D3984.contig1643	306	0	0
D3984.contig1644	305	73	51
D3984.contig1645	305	153	142
D3984.contig1646	305	0	0
D3984.contig1647	305	0	0
D3984.contig1648	305	0	0
D3984.contig1649	305	0	0
D3984.contig1650	305	0	0
D3984.contig1651	304	0	0
D3984.contig1652	304	2	2
D3984.contig1653	304	0	0
D3984.contig1654	304	0	0
D3984.contig1655	303	0	0
D3984.contig1656	303	0	0
D3984.contig1657	303	0	0
D3984.contig1658	303	0	0
D3984.contig1659	303	0	0
D3984.contig1660	303	0	0
D3984.contig1661	302	0	0
D3984.contig1662	302	0	0
D3984.contig1663	302	0	0
D3984.contig1664	302	0	0
D3984.contig1665	302	0	0
D3984.contig1666	302	0	0
D3984.contig1667	302	0	0
D3984.contig1668	301	0	0
D3984.contig1669	301	0	0
D3984.contig1670	301	0	0
D3984.contig1671	301	0	0
D3984.contig1672	301	0	0
D3984.contig1673	301	0	0
D3984.contig1674	301	0	0
D3984.contig1675	301	0	0
D3984.contig1676	301	0	0
D3984.contig1677	300	0	0
D3984.contig1678	300	0	0
D3984.contig1679	300	0	0
D3984.contig1680	300	0	0
D3984.contig1681	300	0	0
D3984.contig1682	300	0	0
D3984.contig1683	300	0	0
*	0	0	99173420
