D4284.contig1	61273	36	10
D4284.contig2	60980	0	0
D4284.contig3	57829	0	0
D4284.contig4	43465	0	0
D4284.contig5	43272	98	34
D4284.contig6	42766	0	0
D4284.contig7	41725	1	1
D4284.contig8	41636	1	1
D4284.contig9	39883	0	0
D4284.contig10	38802	0	0
D4284.contig11	38131	2	0
D4284.contig12	38064	0	0
D4284.contig13	37295	3	3
D4284.contig14	36459	0	0
D4284.contig15	35615	4	2
D4284.contig16	33012	0	0
D4284.contig17	29974	0	0
D4284.contig18	28505	19	5
D4284.contig19	27204	4	4
D4284.contig20	26941	0	0
D4284.contig21	25941	0	0
D4284.contig22	21981	2	0
D4284.contig23	21558	0	0
D4284.contig24	19206	0	0
D4284.contig25	18684	0	0
D4284.contig26	18513	1	0
D4284.contig27	17809	0	0
D4284.contig28	17777	2	0
D4284.contig29	17034	0	0
D4284.contig30	16854	2	0
D4284.contig31	16315	3	1
D4284.contig32	16191	0	0
D4284.contig33	16004	0	0
D4284.contig34	15036	0	0
D4284.contig35	14737	15	4
D4284.contig36	14731	0	0
D4284.contig37	14607	0	0
D4284.contig38	14021	0	0
D4284.contig39	13984	38	7
D4284.contig40	13326	0	0
D4284.contig41	13317	0	0
D4284.contig42	12725	0	0
D4284.contig43	11935	0	0
D4284.contig44	11654	0	0
D4284.contig45	11651	0	0
D4284.contig46	11639	0	0
D4284.contig47	11635	0	0
D4284.contig48	11603	0	0
D4284.contig49	11530	0	0
D4284.contig50	11501	5	4
D4284.contig51	11239	0	0
D4284.contig52	11208	3	1
D4284.contig53	10740	0	0
D4284.contig54	10161	0	0
D4284.contig55	9990	0	0
D4284.contig56	9739	0	0
D4284.contig57	9712	0	0
D4284.contig58	9552	0	0
D4284.contig59	8641	2	0
D4284.contig60	8599	13	4
D4284.contig61	8571	0	0
D4284.contig62	8204	0	0
D4284.contig63	8123	1	1
D4284.contig64	7965	0	0
D4284.contig65	7943	0	0
D4284.contig66	7931	0	0
D4284.contig67	7772	0	0
D4284.contig68	7523	0	0
D4284.contig69	7419	0	0
D4284.contig70	7347	1	1
D4284.contig71	7267	0	0
D4284.contig72	7223	186	168
D4284.contig73	7016	0	0
D4284.contig74	6895	1	1
D4284.contig75	6749	0	0
D4284.contig76	6744	0	0
D4284.contig77	6726	0	0
D4284.contig78	6696	2	0
D4284.contig79	6558	0	0
D4284.contig80	6387	0	0
D4284.contig81	6348	0	0
D4284.contig82	6274	2	0
D4284.contig83	6249	0	0
D4284.contig84	6230	0	0
D4284.contig85	6215	0	0
D4284.contig86	6022	0	0
D4284.contig87	5936	0	0
D4284.contig88	5881	0	0
D4284.contig89	5835	0	0
D4284.contig90	5735	0	0
D4284.contig91	5725	0	0
D4284.contig92	5634	0	0
D4284.contig93	5580	2	0
D4284.contig94	5572	0	0
D4284.contig95	5510	0	0
D4284.contig96	5476	0	0
D4284.contig97	5381	0	0
D4284.contig98	5324	0	0
D4284.contig99	5309	0	0
D4284.contig100	5302	0	0
D4284.contig101	5280	2	2
D4284.contig102	5258	2	2
D4284.contig103	5247	3	1
D4284.contig104	5239	0	0
D4284.contig105	5203	0	0
D4284.contig106	5177	0	0
D4284.contig107	5077	0	0
D4284.contig108	5005	0	0
D4284.contig109	4867	0	0
D4284.contig110	4863	0	0
D4284.contig111	4863	0	0
D4284.contig112	4821	0	0
D4284.contig113	4806	0	0
D4284.contig114	4759	0	0
D4284.contig115	4752	0	0
D4284.contig116	4516	0	0
D4284.contig117	4506	0	0
D4284.contig118	4473	0	0
D4284.contig119	4419	0	0
D4284.contig120	4316	0	0
D4284.contig121	4313	0	0
D4284.contig122	4289	48	11
D4284.contig123	4218	0	0
D4284.contig124	4213	0	0
D4284.contig125	4200	7459	3985
D4284.contig126	4185	0	0
D4284.contig127	4167	0	0
D4284.contig128	4145	0	0
D4284.contig129	4103	5	1
D4284.contig130	4078	6	1
D4284.contig131	4023	0	0
D4284.contig132	3993	5	1
D4284.contig133	3910	0	0
D4284.contig134	3900	0	0
D4284.contig135	3888	6	1
D4284.contig136	3863	0	0
D4284.contig137	3851	0	0
D4284.contig138	3850	0	0
D4284.contig139	3763	0	0
D4284.contig140	3762	0	0
D4284.contig141	3738	0	0
D4284.contig142	3737	0	0
D4284.contig143	3731	1	1
D4284.contig144	3723	6724	4298
D4284.contig145	3677	0	0
D4284.contig146	3669	0	0
D4284.contig147	3668	0	0
D4284.contig148	3564	1667	1128
D4284.contig149	3504	6	4
D4284.contig150	3444	0	0
D4284.contig151	3439	0	0
D4284.contig152	3416	2	2
D4284.contig153	3318	0	0
D4284.contig154	3278	0	0
D4284.contig155	3254	0	0
D4284.contig156	3232	0	0
D4284.contig157	3200	1	0
D4284.contig158	3161	0	0
D4284.contig159	3152	0	0
D4284.contig160	3096	1222	888
D4284.contig161	3092	0	0
D4284.contig162	3070	0	0
D4284.contig163	3068	909	555
D4284.contig164	3044	0	0
D4284.contig165	3038	0	0
D4284.contig166	3027	0	0
D4284.contig167	3009	0	0
D4284.contig168	2988	0	0
D4284.contig169	2967	0	0
D4284.contig170	2945	0	0
D4284.contig171	2926	0	0
D4284.contig172	2904	0	0
D4284.contig173	2894	0	0
D4284.contig174	2890	36	4
D4284.contig175	2845	0	0
D4284.contig176	2843	0	0
D4284.contig177	2830	0	0
D4284.contig178	2814	0	0
D4284.contig179	2797	0	0
D4284.contig180	2778	4	0
D4284.contig181	2729	0	0
D4284.contig182	2710	0	0
D4284.contig183	2699	0	0
D4284.contig184	2674	0	0
D4284.contig185	2671	0	0
D4284.contig186	2669	0	0
D4284.contig187	2660	0	0
D4284.contig188	2646	0	0
D4284.contig189	2581	0	0
D4284.contig190	2571	0	0
D4284.contig191	2570	0	0
D4284.contig192	2556	1	0
D4284.contig193	2542	0	0
D4284.contig194	2517	0	0
D4284.contig195	2511	0	0
D4284.contig196	2502	2	1
D4284.contig197	2458	0	0
D4284.contig198	2449	0	0
D4284.contig199	2448	0	0
D4284.contig200	2444	0	0
D4284.contig201	2416	2	1
D4284.contig202	2410	0	0
D4284.contig203	2393	0	0
D4284.contig204	2390	0	0
D4284.contig205	2386	0	0
D4284.contig206	2339	0	0
D4284.contig207	2307	2	0
D4284.contig208	2297	0	0
D4284.contig209	2297	2	0
D4284.contig210	2295	0	0
D4284.contig211	2290	0	0
D4284.contig212	2279	0	0
D4284.contig213	2278	0	0
D4284.contig214	2264	1	1
D4284.contig215	2249	0	0
D4284.contig216	2234	0	0
D4284.contig217	2219	0	0
D4284.contig218	2199	0	0
D4284.contig219	2186	0	0
D4284.contig220	2183	6	2
D4284.contig221	2170	0	0
D4284.contig222	2153	0	0
D4284.contig223	2152	0	0
D4284.contig224	2150	0	0
D4284.contig225	2150	0	0
D4284.contig226	2143	6	2
D4284.contig227	2132	0	0
D4284.contig228	2131	0	0
D4284.contig229	2129	2	0
D4284.contig230	2124	0	0
D4284.contig231	2121	0	0
D4284.contig232	2113	0	0
D4284.contig233	2103	0	0
D4284.contig234	2102	0	0
D4284.contig235	2093	0	0
D4284.contig236	2091	0	0
D4284.contig237	2089	0	0
D4284.contig238	2079	0	0
D4284.contig239	2079	0	0
D4284.contig240	2077	0	0
D4284.contig241	2069	0	0
D4284.contig242	2061	0	0
D4284.contig243	2030	0	0
D4284.contig244	2020	0	0
D4284.contig245	2018	8	7
D4284.contig246	2017	0	0
D4284.contig247	2016	0	0
D4284.contig248	2014	0	0
D4284.contig249	1975	0	0
D4284.contig250	1969	2	0
D4284.contig251	1965	0	0
D4284.contig252	1964	0	0
D4284.contig253	1958	0	0
D4284.contig254	1954	0	0
D4284.contig255	1948	0	0
D4284.contig256	1939	0	0
D4284.contig257	1923	0	0
D4284.contig258	1918	0	0
D4284.contig259	1893	0	0
D4284.contig260	1890	0	0
D4284.contig261	1886	0	0
D4284.contig262	1886	0	0
D4284.contig263	1883	0	0
D4284.contig264	1881	0	0
D4284.contig265	1869	0	0
D4284.contig266	1865	0	0
D4284.contig267	1862	0	0
D4284.contig268	1848	0	0
D4284.contig269	1844	0	0
D4284.contig270	1833	0	0
D4284.contig271	1833	0	0
D4284.contig272	1826	0	0
D4284.contig273	1813	0	0
D4284.contig274	1801	0	0
D4284.contig275	1794	0	0
D4284.contig276	1790	0	0
D4284.contig277	1782	0	0
D4284.contig278	1770	0	0
D4284.contig279	1751	0	0
D4284.contig280	1748	0	0
D4284.contig281	1741	0	0
D4284.contig282	1733	0	0
D4284.contig283	1692	0	0
D4284.contig284	1686	4	2
D4284.contig285	1678	0	0
D4284.contig286	1667	0	0
D4284.contig287	1667	0	0
D4284.contig288	1664	0	0
D4284.contig289	1650	0	0
D4284.contig290	1649	0	0
D4284.contig291	1647	2	0
D4284.contig292	1642	2	2
D4284.contig293	1639	0	0
D4284.contig294	1638	0	0
D4284.contig295	1637	0	0
D4284.contig296	1632	2	0
D4284.contig297	1627	0	0
D4284.contig298	1626	0	0
D4284.contig299	1622	0	0
D4284.contig300	1621	0	0
D4284.contig301	1617	0	0
D4284.contig302	1614	0	0
D4284.contig303	1602	0	0
D4284.contig304	1598	0	0
D4284.contig305	1596	1	0
D4284.contig306	1592	0	0
D4284.contig307	1590	0	0
D4284.contig308	1586	0	0
D4284.contig309	1586	0	0
D4284.contig310	1581	0	0
D4284.contig311	1575	0	0
D4284.contig312	1566	0	0
D4284.contig313	1565	0	0
D4284.contig314	1563	0	0
D4284.contig315	1560	2	2
D4284.contig316	1560	0	0
D4284.contig317	1551	0	0
D4284.contig318	1551	0	0
D4284.contig319	1547	0	0
D4284.contig320	1543	0	0
D4284.contig321	1542	0	0
D4284.contig322	1538	0	0
D4284.contig323	1515	0	0
D4284.contig324	1496	0	0
D4284.contig325	1493	0	0
D4284.contig326	1489	0	0
D4284.contig327	1481	0	0
D4284.contig328	1480	0	0
D4284.contig329	1467	0	0
D4284.contig330	1466	0	0
D4284.contig331	1465	0	0
D4284.contig332	1463	0	0
D4284.contig333	1463	0	0
D4284.contig334	1462	0	0
D4284.contig335	1461	0	0
D4284.contig336	1461	0	0
D4284.contig337	1457	0	0
D4284.contig338	1454	0	0
D4284.contig339	1452	0	0
D4284.contig340	1448	0	0
D4284.contig341	1445	0	0
D4284.contig342	1443	0	0
D4284.contig343	1434	0	0
D4284.contig344	1433	0	0
D4284.contig345	1431	0	0
D4284.contig346	1429	0	0
D4284.contig347	1426	0	0
D4284.contig348	1418	0	0
D4284.contig349	1417	0	0
D4284.contig350	1409	0	0
D4284.contig351	1404	0	0
D4284.contig352	1401	2604	1615
D4284.contig353	1397	0	0
D4284.contig354	1396	0	0
D4284.contig355	1393	0	0
D4284.contig356	1393	0	0
D4284.contig357	1388	0	0
D4284.contig358	1386	0	0
D4284.contig359	1386	0	0
D4284.contig360	1380	0	0
D4284.contig361	1373	0	0
D4284.contig362	1371	0	0
D4284.contig363	1369	0	0
D4284.contig364	1367	0	0
D4284.contig365	1364	0	0
D4284.contig366	1360	0	0
D4284.contig367	1360	0	0
D4284.contig368	1356	0	0
D4284.contig369	1345	0	0
D4284.contig370	1337	0	0
D4284.contig371	1337	0	0
D4284.contig372	1326	0	0
D4284.contig373	1326	0	0
D4284.contig374	1315	0	0
D4284.contig375	1312	0	0
D4284.contig376	1310	0	0
D4284.contig377	1299	0	0
D4284.contig378	1299	0	0
D4284.contig379	1292	0	0
D4284.contig380	1291	0	0
D4284.contig381	1273	0	0
D4284.contig382	1271	0	0
D4284.contig383	1259	0	0
D4284.contig384	1257	0	0
D4284.contig385	1255	0	0
D4284.contig386	1248	5	0
D4284.contig387	1246	0	0
D4284.contig388	1244	4614245	1583649
D4284.contig389	1241	0	0
D4284.contig390	1241	0	0
D4284.contig391	1227	0	0
D4284.contig392	1226	0	0
D4284.contig393	1222	0	0
D4284.contig394	1213	0	0
D4284.contig395	1212	0	0
D4284.contig396	1207	0	0
D4284.contig397	1205	0	0
D4284.contig398	1204	0	0
D4284.contig399	1195	0	0
D4284.contig400	1191	0	0
D4284.contig401	1190	0	0
D4284.contig402	1188	0	0
D4284.contig403	1188	0	0
D4284.contig404	1188	0	0
D4284.contig405	1186	0	0
D4284.contig406	1178	0	0
D4284.contig407	1178	0	0
D4284.contig408	1178	0	0
D4284.contig409	1176	154	118
D4284.contig410	1171	0	0
D4284.contig411	1170	0	0
D4284.contig412	1166	0	0
D4284.contig413	1163	0	0
D4284.contig414	1162	0	0
D4284.contig415	1161	0	0
D4284.contig416	1154	0	0
D4284.contig417	1153	0	0
D4284.contig418	1152	0	0
D4284.contig419	1152	0	0
D4284.contig420	1151	0	0
D4284.contig421	1151	0	0
D4284.contig422	1150	0	0
D4284.contig423	1148	0	0
D4284.contig424	1146	0	0
D4284.contig425	1146	0	0
D4284.contig426	1146	0	0
D4284.contig427	1139	0	0
D4284.contig428	1136	0	0
D4284.contig429	1135	0	0
D4284.contig430	1131	0	0
D4284.contig431	1131	2	0
D4284.contig432	1125	0	0
D4284.contig433	1120	0	0
D4284.contig434	1118	0	0
D4284.contig435	1117	0	0
D4284.contig436	1117	0	0
D4284.contig437	1116	0	0
D4284.contig438	1108	0	0
D4284.contig439	1103	0	0
D4284.contig440	1102	3	3
D4284.contig441	1102	0	0
D4284.contig442	1100	0	0
D4284.contig443	1100	0	0
D4284.contig444	1100	0	0
D4284.contig445	1098	0	0
D4284.contig446	1095	0	0
D4284.contig447	1094	0	0
D4284.contig448	1091	0	0
D4284.contig449	1089	0	0
D4284.contig450	1087	0	0
D4284.contig451	1086	0	0
D4284.contig452	1083	0	0
D4284.contig453	1077	0	0
D4284.contig454	1076	0	0
D4284.contig455	1072	0	0
D4284.contig456	1067	0	0
D4284.contig457	1066	0	0
D4284.contig458	1061	0	0
D4284.contig459	1056	0	0
D4284.contig460	1055	0	0
D4284.contig461	1052	0	0
D4284.contig462	1051	1	0
D4284.contig463	1049	0	0
D4284.contig464	1046	0	0
D4284.contig465	1043	0	0
D4284.contig466	1043	0	0
D4284.contig467	1041	0	0
D4284.contig468	1039	0	0
D4284.contig469	1038	0	0
D4284.contig470	1031	0	0
D4284.contig471	1029	0	0
D4284.contig472	1028	0	0
D4284.contig473	1022	0	0
D4284.contig474	1022	0	0
D4284.contig475	1019	0	0
D4284.contig476	1014	1401	906
D4284.contig477	1012	0	0
D4284.contig478	1008	0	0
D4284.contig479	1006	0	0
D4284.contig480	1003	0	0
D4284.contig481	999	0	0
D4284.contig482	998	0	0
D4284.contig483	998	0	0
D4284.contig484	997	1	0
D4284.contig485	997	0	0
D4284.contig486	991	0	0
D4284.contig487	987	0	0
D4284.contig488	986	0	0
D4284.contig489	985	0	0
D4284.contig490	984	0	0
D4284.contig491	984	0	0
D4284.contig492	983	0	0
D4284.contig493	981	0	0
D4284.contig494	980	0	0
D4284.contig495	979	0	0
D4284.contig496	979	0	0
D4284.contig497	978	0	0
D4284.contig498	977	0	0
D4284.contig499	976	0	0
D4284.contig500	975	0	0
D4284.contig501	974	0	0
D4284.contig502	971	0	0
D4284.contig503	969	0	0
D4284.contig504	969	0	0
D4284.contig505	969	0	0
D4284.contig506	967	0	0
D4284.contig507	966	0	0
D4284.contig508	965	0	0
D4284.contig509	962	0	0
D4284.contig510	962	0	0
D4284.contig511	961	0	0
D4284.contig512	958	0	0
D4284.contig513	958	0	0
D4284.contig514	957	0	0
D4284.contig515	955	0	0
D4284.contig516	953	0	0
D4284.contig517	953	0	0
D4284.contig518	945	0	0
D4284.contig519	944	0	0
D4284.contig520	944	0	0
D4284.contig521	944	0	0
D4284.contig522	943	0	0
D4284.contig523	940	0	0
D4284.contig524	938	0	0
D4284.contig525	938	0	0
D4284.contig526	937	0	0
D4284.contig527	936	0	0
D4284.contig528	934	0	0
D4284.contig529	932	0	0
D4284.contig530	931	0	0
D4284.contig531	929	0	0
D4284.contig532	929	0	0
D4284.contig533	926	0	0
D4284.contig534	925	0	0
D4284.contig535	925	0	0
D4284.contig536	923	0	0
D4284.contig537	922	0	0
D4284.contig538	921	0	0
D4284.contig539	919	0	0
D4284.contig540	918	0	0
D4284.contig541	917	0	0
D4284.contig542	917	0	0
D4284.contig543	916	0	0
D4284.contig544	915	0	0
D4284.contig545	915	0	0
D4284.contig546	915	0	0
D4284.contig547	914	0	0
D4284.contig548	914	0	0
D4284.contig549	913	0	0
D4284.contig550	913	0	0
D4284.contig551	912	0	0
D4284.contig552	909	0	0
D4284.contig553	906	0	0
D4284.contig554	903	0	0
D4284.contig555	903	0	0
D4284.contig556	901	0	0
D4284.contig557	900	0	0
D4284.contig558	900	0	0
D4284.contig559	900	0	0
D4284.contig560	899	0	0
D4284.contig561	898	0	0
D4284.contig562	897	0	0
D4284.contig563	897	0	0
D4284.contig564	895	0	0
D4284.contig565	895	688	355
D4284.contig566	890	0	0
D4284.contig567	890	0	0
D4284.contig568	887	0	0
D4284.contig569	887	0	0
D4284.contig570	885	0	0
D4284.contig571	883	0	0
D4284.contig572	883	0	0
D4284.contig573	883	0	0
D4284.contig574	882	0	0
D4284.contig575	880	0	0
D4284.contig576	876	0	0
D4284.contig577	874	0	0
D4284.contig578	872	0	0
D4284.contig579	870	0	0
D4284.contig580	870	0	0
D4284.contig581	869	0	0
D4284.contig582	868	0	0
D4284.contig583	867	0	0
D4284.contig584	863	0	0
D4284.contig585	863	0	0
D4284.contig586	863	2	0
D4284.contig587	862	0	0
D4284.contig588	861	0	0
D4284.contig589	861	0	0
D4284.contig590	861	0	0
D4284.contig591	859	0	0
D4284.contig592	856	0	0
D4284.contig593	855	0	0
D4284.contig594	854	0	0
D4284.contig595	853	0	0
D4284.contig596	851	0	0
D4284.contig597	850	0	0
D4284.contig598	849	0	0
D4284.contig599	848	0	0
D4284.contig600	847	0	0
D4284.contig601	846	0	0
D4284.contig602	846	0	0
D4284.contig603	845	0	0
D4284.contig604	844	0	0
D4284.contig605	844	0	0
D4284.contig606	842	0	0
D4284.contig607	841	0	0
D4284.contig608	841	0	0
D4284.contig609	841	0	0
D4284.contig610	838	0	0
D4284.contig611	835	0	0
D4284.contig612	832	0	0
D4284.contig613	832	0	0
D4284.contig614	830	0	0
D4284.contig615	830	0	0
D4284.contig616	828	4	1
D4284.contig617	828	0	0
D4284.contig618	825	0	0
D4284.contig619	825	0	0
D4284.contig620	825	1	1
D4284.contig621	824	0	0
D4284.contig622	824	0	0
D4284.contig623	823	0	0
D4284.contig624	818	0	0
D4284.contig625	817	0	0
D4284.contig626	816	0	0
D4284.contig627	815	0	0
D4284.contig628	814	0	0
D4284.contig629	813	0	0
D4284.contig630	812	0	0
D4284.contig631	812	0	0
D4284.contig632	809	0	0
D4284.contig633	809	0	0
D4284.contig634	809	0	0
D4284.contig635	809	0	0
D4284.contig636	808	0	0
D4284.contig637	804	0	0
D4284.contig638	800	1	0
D4284.contig639	798	0	0
D4284.contig640	797	0	0
D4284.contig641	797	0	0
D4284.contig642	796	0	0
D4284.contig643	796	0	0
D4284.contig644	795	0	0
D4284.contig645	795	0	0
D4284.contig646	795	0	0
D4284.contig647	794	0	0
D4284.contig648	791	0	0
D4284.contig649	790	0	0
D4284.contig650	790	0	0
D4284.contig651	790	0	0
D4284.contig652	790	0	0
D4284.contig653	786	0	0
D4284.contig654	785	0	0
D4284.contig655	784	0	0
D4284.contig656	784	0	0
D4284.contig657	782	0	0
D4284.contig658	782	0	0
D4284.contig659	782	0	0
D4284.contig660	779	0	0
D4284.contig661	778	5	0
D4284.contig662	776	0	0
D4284.contig663	774	0	0
D4284.contig664	773	0	0
D4284.contig665	772	0	0
D4284.contig666	772	0	0
D4284.contig667	767	0	0
D4284.contig668	767	0	0
D4284.contig669	766	0	0
D4284.contig670	766	0	0
D4284.contig671	765	0	0
D4284.contig672	765	0	0
D4284.contig673	763	0	0
D4284.contig674	763	0	0
D4284.contig675	762	0	0
D4284.contig676	761	0	0
D4284.contig677	761	0	0
D4284.contig678	759	0	0
D4284.contig679	758	0	0
D4284.contig680	758	0	0
D4284.contig681	758	0	0
D4284.contig682	757	0	0
D4284.contig683	756	0	0
D4284.contig684	755	0	0
D4284.contig685	755	0	0
D4284.contig686	754	0	0
D4284.contig687	754	0	0
D4284.contig688	753	0	0
D4284.contig689	753	2	0
D4284.contig690	753	0	0
D4284.contig691	753	0	0
D4284.contig692	752	0	0
D4284.contig693	750	0	0
D4284.contig694	750	0	0
D4284.contig695	749	0	0
D4284.contig696	748	0	0
D4284.contig697	747	0	0
D4284.contig698	747	0	0
D4284.contig699	746	0	0
D4284.contig700	745	0	0
D4284.contig701	745	0	0
D4284.contig702	745	0	0
D4284.contig703	743	0	0
D4284.contig704	742	0	0
D4284.contig705	741	0	0
D4284.contig706	741	0	0
D4284.contig707	740	0	0
D4284.contig708	740	0	0
D4284.contig709	740	0	0
D4284.contig710	740	0	0
D4284.contig711	739	0	0
D4284.contig712	738	0	0
D4284.contig713	737	0	0
D4284.contig714	737	0	0
D4284.contig715	735	0	0
D4284.contig716	735	0	0
D4284.contig717	734	0	0
D4284.contig718	734	0	0
D4284.contig719	730	0	0
D4284.contig720	730	0	0
D4284.contig721	729	0	0
D4284.contig722	729	0	0
D4284.contig723	728	0	0
D4284.contig724	728	0	0
D4284.contig725	727	0	0
D4284.contig726	727	0	0
D4284.contig727	726	0	0
D4284.contig728	724	0	0
D4284.contig729	723	0	0
D4284.contig730	723	0	0
D4284.contig731	723	1	1
D4284.contig732	722	0	0
D4284.contig733	720	0	0
D4284.contig734	719	0	0
D4284.contig735	718	0	0
D4284.contig736	717	0	0
D4284.contig737	717	0	0
D4284.contig738	717	0	0
D4284.contig739	716	0	0
D4284.contig740	715	0	0
D4284.contig741	713	0	0
D4284.contig742	712	0	0
D4284.contig743	712	0	0
D4284.contig744	712	0	0
D4284.contig745	712	0	0
D4284.contig746	709	0	0
D4284.contig747	709	0	0
D4284.contig748	709	0	0
D4284.contig749	708	0	0
D4284.contig750	706	0	0
D4284.contig751	706	0	0
D4284.contig752	703	0	0
D4284.contig753	703	0	0
D4284.contig754	702	1	1
D4284.contig755	701	0	0
D4284.contig756	697	0	0
D4284.contig757	695	0	0
D4284.contig758	694	0	0
D4284.contig759	694	0	0
D4284.contig760	693	0	0
D4284.contig761	693	0	0
D4284.contig762	690	0	0
D4284.contig763	690	0	0
D4284.contig764	689	0	0
D4284.contig765	687	0	0
D4284.contig766	687	0	0
D4284.contig767	686	0	0
D4284.contig768	685	0	0
D4284.contig769	685	0	0
D4284.contig770	684	0	0
D4284.contig771	684	0	0
D4284.contig772	683	0	0
D4284.contig773	683	0	0
D4284.contig774	682	0	0
D4284.contig775	681	0	0
D4284.contig776	680	0	0
D4284.contig777	678	0	0
D4284.contig778	678	0	0
D4284.contig779	677	0	0
D4284.contig780	676	0	0
D4284.contig781	676	0	0
D4284.contig782	675	0	0
D4284.contig783	674	0	0
D4284.contig784	674	0	0
D4284.contig785	672	0	0
D4284.contig786	672	0	0
D4284.contig787	671	0	0
D4284.contig788	671	0	0
D4284.contig789	668	0	0
D4284.contig790	668	0	0
D4284.contig791	667	0	0
D4284.contig792	667	0	0
D4284.contig793	667	0	0
D4284.contig794	666	0	0
D4284.contig795	665	0	0
D4284.contig796	665	0	0
D4284.contig797	665	2	0
D4284.contig798	664	0	0
D4284.contig799	663	0	0
D4284.contig800	662	0	0
D4284.contig801	662	0	0
D4284.contig802	661	0	0
D4284.contig803	660	0	0
D4284.contig804	659	0	0
D4284.contig805	657	0	0
D4284.contig806	656	0	0
D4284.contig807	655	0	0
D4284.contig808	655	0	0
D4284.contig809	655	0	0
D4284.contig810	654	0	0
D4284.contig811	653	0	0
D4284.contig812	650	0	0
D4284.contig813	649	0	0
D4284.contig814	648	0	0
D4284.contig815	648	0	0
D4284.contig816	647	0	0
D4284.contig817	647	0	0
D4284.contig818	647	0	0
D4284.contig819	645	0	0
D4284.contig820	645	0	0
D4284.contig821	645	0	0
D4284.contig822	644	0	0
D4284.contig823	644	0	0
D4284.contig824	642	0	0
D4284.contig825	641	0	0
D4284.contig826	641	0	0
D4284.contig827	641	0	0
D4284.contig828	640	0	0
D4284.contig829	640	0	0
D4284.contig830	639	0	0
D4284.contig831	639	0	0
D4284.contig832	639	0	0
D4284.contig833	639	0	0
D4284.contig834	638	0	0
D4284.contig835	638	0	0
D4284.contig836	636	0	0
D4284.contig837	635	0	0
D4284.contig838	634	0	0
D4284.contig839	633	0	0
D4284.contig840	632	0	0
D4284.contig841	632	0	0
D4284.contig842	632	0	0
D4284.contig843	631	0	0
D4284.contig844	630	0	0
D4284.contig845	629	0	0
D4284.contig846	629	0	0
D4284.contig847	628	62	40
D4284.contig848	628	0	0
D4284.contig849	628	0	0
D4284.contig850	627	0	0
D4284.contig851	626	0	0
D4284.contig852	626	0	0
D4284.contig853	626	0	0
D4284.contig854	625	0	0
D4284.contig855	625	0	0
D4284.contig856	625	0	0
D4284.contig857	623	0	0
D4284.contig858	623	0	0
D4284.contig859	623	0	0
D4284.contig860	623	0	0
D4284.contig861	622	0	0
D4284.contig862	622	0	0
D4284.contig863	621	0	0
D4284.contig864	621	0	0
D4284.contig865	621	0	0
D4284.contig866	621	0	0
D4284.contig867	619	0	0
D4284.contig868	617	0	0
D4284.contig869	616	0	0
D4284.contig870	616	0	0
D4284.contig871	615	0	0
D4284.contig872	615	0	0
D4284.contig873	614	0	0
D4284.contig874	614	0	0
D4284.contig875	613	0	0
D4284.contig876	613	0	0
D4284.contig877	612	0	0
D4284.contig878	612	0	0
D4284.contig879	611	2	0
D4284.contig880	610	0	0
D4284.contig881	610	0	0
D4284.contig882	610	0	0
D4284.contig883	609	0	0
D4284.contig884	609	0	0
D4284.contig885	608	0	0
D4284.contig886	608	0	0
D4284.contig887	608	0	0
D4284.contig888	607	0	0
D4284.contig889	607	0	0
D4284.contig890	606	2	0
D4284.contig891	606	0	0
D4284.contig892	605	0	0
D4284.contig893	605	0	0
D4284.contig894	605	0	0
D4284.contig895	604	0	0
D4284.contig896	604	0	0
D4284.contig897	604	0	0
D4284.contig898	602	0	0
D4284.contig899	602	0	0
D4284.contig900	602	0	0
D4284.contig901	602	0	0
D4284.contig902	601	0	0
D4284.contig903	600	0	0
D4284.contig904	599	0	0
D4284.contig905	598	0	0
D4284.contig906	598	0	0
D4284.contig907	597	0	0
D4284.contig908	597	0	0
D4284.contig909	597	567	290
D4284.contig910	597	0	0
D4284.contig911	596	0	0
D4284.contig912	595	0	0
D4284.contig913	595	0	0
D4284.contig914	595	0	0
D4284.contig915	594	0	0
D4284.contig916	592	0	0
D4284.contig917	592	0	0
D4284.contig918	591	0	0
D4284.contig919	590	0	0
D4284.contig920	589	0	0
D4284.contig921	589	0	0
D4284.contig922	589	0	0
D4284.contig923	589	0	0
D4284.contig924	589	0	0
D4284.contig925	589	0	0
D4284.contig926	589	0	0
D4284.contig927	589	0	0
D4284.contig928	587	0	0
D4284.contig929	587	0	0
D4284.contig930	587	0	0
D4284.contig931	587	1	1
D4284.contig932	587	0	0
D4284.contig933	586	0	0
D4284.contig934	586	0	0
D4284.contig935	586	0	0
D4284.contig936	586	0	0
D4284.contig937	586	0	0
D4284.contig938	586	0	0
D4284.contig939	586	0	0
D4284.contig940	585	0	0
D4284.contig941	585	0	0
D4284.contig942	585	0	0
D4284.contig943	583	0	0
D4284.contig944	583	0	0
D4284.contig945	583	0	0
D4284.contig946	582	1	1
D4284.contig947	581	0	0
D4284.contig948	581	0	0
D4284.contig949	580	0	0
D4284.contig950	580	0	0
D4284.contig951	580	0	0
D4284.contig952	579	0	0
D4284.contig953	579	0	0
D4284.contig954	578	0	0
D4284.contig955	578	0	0
D4284.contig956	578	0	0
D4284.contig957	578	0	0
D4284.contig958	578	0	0
D4284.contig959	578	0	0
D4284.contig960	577	0	0
D4284.contig961	577	0	0
D4284.contig962	576	0	0
D4284.contig963	576	0	0
D4284.contig964	576	0	0
D4284.contig965	576	0	0
D4284.contig966	576	0	0
D4284.contig967	575	0	0
D4284.contig968	575	0	0
D4284.contig969	575	0	0
D4284.contig970	575	0	0
D4284.contig971	574	0	0
D4284.contig972	573	0	0
D4284.contig973	573	0	0
D4284.contig974	573	0	0
D4284.contig975	573	0	0
D4284.contig976	573	0	0
D4284.contig977	571	0	0
D4284.contig978	571	0	0
D4284.contig979	571	0	0
D4284.contig980	570	0	0
D4284.contig981	570	0	0
D4284.contig982	570	0	0
D4284.contig983	570	0	0
D4284.contig984	569	0	0
D4284.contig985	569	0	0
D4284.contig986	569	0	0
D4284.contig987	568	0	0
D4284.contig988	568	0	0
D4284.contig989	567	0	0
D4284.contig990	566	0	0
D4284.contig991	566	0	0
D4284.contig992	565	0	0
D4284.contig993	564	0	0
D4284.contig994	563	0	0
D4284.contig995	563	0	0
D4284.contig996	563	0	0
D4284.contig997	562	0	0
D4284.contig998	561	0	0
D4284.contig999	561	0	0
D4284.contig1000	560	0	0
D4284.contig1001	559	0	0
D4284.contig1002	558	0	0
D4284.contig1003	558	0	0
D4284.contig1004	558	0	0
D4284.contig1005	558	0	0
D4284.contig1006	557	0	0
D4284.contig1007	556	0	0
D4284.contig1008	556	0	0
D4284.contig1009	554	0	0
D4284.contig1010	554	0	0
D4284.contig1011	554	0	0
D4284.contig1012	553	0	0
D4284.contig1013	553	0	0
D4284.contig1014	553	0	0
D4284.contig1015	552	0	0
D4284.contig1016	552	0	0
D4284.contig1017	551	0	0
D4284.contig1018	551	0	0
D4284.contig1019	551	0	0
D4284.contig1020	551	0	0
D4284.contig1021	549	0	0
D4284.contig1022	548	0	0
D4284.contig1023	548	1	1
D4284.contig1024	547	0	0
D4284.contig1025	547	0	0
D4284.contig1026	545	0	0
D4284.contig1027	545	0	0
D4284.contig1028	545	0	0
D4284.contig1029	545	0	0
D4284.contig1030	545	0	0
D4284.contig1031	544	0	0
D4284.contig1032	543	0	0
D4284.contig1033	541	0	0
D4284.contig1034	541	0	0
D4284.contig1035	540	0	0
D4284.contig1036	539	0	0
D4284.contig1037	539	0	0
D4284.contig1038	538	0	0
D4284.contig1039	538	0	0
D4284.contig1040	538	0	0
D4284.contig1041	537	0	0
D4284.contig1042	537	0	0
D4284.contig1043	537	0	0
D4284.contig1044	536	0	0
D4284.contig1045	535	0	0
D4284.contig1046	532	0	0
D4284.contig1047	531	0	0
D4284.contig1048	531	0	0
D4284.contig1049	531	0	0
D4284.contig1050	531	0	0
D4284.contig1051	530	0	0
D4284.contig1052	530	0	0
D4284.contig1053	529	0	0
D4284.contig1054	529	0	0
D4284.contig1055	529	0	0
D4284.contig1056	528	0	0
D4284.contig1057	528	0	0
D4284.contig1058	528	0	0
D4284.contig1059	527	0	0
D4284.contig1060	527	0	0
D4284.contig1061	526	0	0
D4284.contig1062	526	0	0
D4284.contig1063	526	0	0
D4284.contig1064	525	0	0
D4284.contig1065	525	0	0
D4284.contig1066	525	0	0
D4284.contig1067	525	0	0
D4284.contig1068	524	0	0
D4284.contig1069	523	12	7
D4284.contig1070	523	0	0
D4284.contig1071	522	0	0
D4284.contig1072	522	32195	25755
D4284.contig1073	521	0	0
D4284.contig1074	521	2	0
D4284.contig1075	521	0	0
D4284.contig1076	521	0	0
D4284.contig1077	521	0	0
D4284.contig1078	520	0	0
D4284.contig1079	520	0	0
D4284.contig1080	520	0	0
D4284.contig1081	520	0	0
D4284.contig1082	519	0	0
D4284.contig1083	519	0	0
D4284.contig1084	519	0	0
D4284.contig1085	518	0	0
D4284.contig1086	518	0	0
D4284.contig1087	517	0	0
D4284.contig1088	517	0	0
D4284.contig1089	517	0	0
D4284.contig1090	517	0	0
D4284.contig1091	516	0	0
D4284.contig1092	516	0	0
D4284.contig1093	516	0	0
D4284.contig1094	515	0	0
D4284.contig1095	514	0	0
D4284.contig1096	514	0	0
D4284.contig1097	514	0	0
D4284.contig1098	514	0	0
D4284.contig1099	513	0	0
D4284.contig1100	513	0	0
D4284.contig1101	513	0	0
D4284.contig1102	513	0	0
D4284.contig1103	513	0	0
D4284.contig1104	513	0	0
D4284.contig1105	512	0	0
D4284.contig1106	512	0	0
D4284.contig1107	512	0	0
D4284.contig1108	512	0	0
D4284.contig1109	511	0	0
D4284.contig1110	511	4	2
D4284.contig1111	511	0	0
D4284.contig1112	511	0	0
D4284.contig1113	509	0	0
D4284.contig1114	509	0	0
D4284.contig1115	508	0	0
D4284.contig1116	508	0	0
D4284.contig1117	508	1143	950
D4284.contig1118	508	0	0
D4284.contig1119	508	0	0
D4284.contig1120	508	0	0
D4284.contig1121	507	0	0
D4284.contig1122	507	0	0
D4284.contig1123	507	0	0
D4284.contig1124	506	0	0
D4284.contig1125	506	0	0
D4284.contig1126	505	0	0
D4284.contig1127	505	0	0
D4284.contig1128	505	0	0
D4284.contig1129	505	0	0
D4284.contig1130	504	0	0
D4284.contig1131	504	0	0
D4284.contig1132	503	0	0
D4284.contig1133	503	0	0
D4284.contig1134	503	0	0
D4284.contig1135	502	1171058	714171
D4284.contig1136	502	0	0
D4284.contig1137	502	0	0
D4284.contig1138	501	0	0
D4284.contig1139	501	0	0
D4284.contig1140	500	0	0
D4284.contig1141	500	0	0
D4284.contig1142	500	0	0
D4284.contig1143	500	2	0
D4284.contig1144	500	0	0
D4284.contig1145	500	0	0
D4284.contig1146	500	0	0
D4284.contig1147	499	0	0
D4284.contig1148	499	0	0
D4284.contig1149	499	0	0
D4284.contig1150	498	0	0
D4284.contig1151	498	0	0
D4284.contig1152	497	0	0
D4284.contig1153	496	0	0
D4284.contig1154	496	0	0
D4284.contig1155	495	0	0
D4284.contig1156	495	0	0
D4284.contig1157	495	0	0
D4284.contig1158	495	0	0
D4284.contig1159	495	0	0
D4284.contig1160	494	0	0
D4284.contig1161	492	0	0
D4284.contig1162	492	0	0
D4284.contig1163	491	0	0
D4284.contig1164	490	0	0
D4284.contig1165	490	0	0
D4284.contig1166	490	0	0
D4284.contig1167	489	113555	79624
D4284.contig1168	489	0	0
D4284.contig1169	488	0	0
D4284.contig1170	487	0	0
D4284.contig1171	487	0	0
D4284.contig1172	487	0	0
D4284.contig1173	487	0	0
D4284.contig1174	486	84	56
D4284.contig1175	485	0	0
D4284.contig1176	485	0	0
D4284.contig1177	485	0	0
D4284.contig1178	484	0	0
D4284.contig1179	484	976	648
D4284.contig1180	483	0	0
D4284.contig1181	483	0	0
D4284.contig1182	483	0	0
D4284.contig1183	483	0	0
D4284.contig1184	482	0	0
D4284.contig1185	482	0	0
D4284.contig1186	481	0	0
D4284.contig1187	481	0	0
D4284.contig1188	481	0	0
D4284.contig1189	479	0	0
D4284.contig1190	478	0	0
D4284.contig1191	478	0	0
D4284.contig1192	478	0	0
D4284.contig1193	477	0	0
D4284.contig1194	477	0	0
D4284.contig1195	477	0	0
D4284.contig1196	477	0	0
D4284.contig1197	476	0	0
D4284.contig1198	476	0	0
D4284.contig1199	476	0	0
D4284.contig1200	476	0	0
D4284.contig1201	476	0	0
D4284.contig1202	476	0	0
D4284.contig1203	476	0	0
D4284.contig1204	475	0	0
D4284.contig1205	475	0	0
D4284.contig1206	474	0	0
D4284.contig1207	474	0	0
D4284.contig1208	474	0	0
D4284.contig1209	474	0	0
D4284.contig1210	474	0	0
D4284.contig1211	473	0	0
D4284.contig1212	473	0	0
D4284.contig1213	472	0	0
D4284.contig1214	472	0	0
D4284.contig1215	471	0	0
D4284.contig1216	471	0	0
D4284.contig1217	471	0	0
D4284.contig1218	470	0	0
D4284.contig1219	470	0	0
D4284.contig1220	470	0	0
D4284.contig1221	469	0	0
D4284.contig1222	469	0	0
D4284.contig1223	468	0	0
D4284.contig1224	468	0	0
D4284.contig1225	467	0	0
D4284.contig1226	467	0	0
D4284.contig1227	467	0	0
D4284.contig1228	467	0	0
D4284.contig1229	467	0	0
D4284.contig1230	466	0	0
D4284.contig1231	466	0	0
D4284.contig1232	466	0	0
D4284.contig1233	466	0	0
D4284.contig1234	466	0	0
D4284.contig1235	466	0	0
D4284.contig1236	465	0	0
D4284.contig1237	465	0	0
D4284.contig1238	464	0	0
D4284.contig1239	464	0	0
D4284.contig1240	464	0	0
D4284.contig1241	464	0	0
D4284.contig1242	463	0	0
D4284.contig1243	463	0	0
D4284.contig1244	463	0	0
D4284.contig1245	463	0	0
D4284.contig1246	463	0	0
D4284.contig1247	462	31	19
D4284.contig1248	462	0	0
D4284.contig1249	462	0	0
D4284.contig1250	461	0	0
D4284.contig1251	461	0	0
D4284.contig1252	461	0	0
D4284.contig1253	461	0	0
D4284.contig1254	460	0	0
D4284.contig1255	460	0	0
D4284.contig1256	460	0	0
D4284.contig1257	459	0	0
D4284.contig1258	459	0	0
D4284.contig1259	458	0	0
D4284.contig1260	458	0	0
D4284.contig1261	458	0	0
D4284.contig1262	458	0	0
D4284.contig1263	458	0	0
D4284.contig1264	458	0	0
D4284.contig1265	457	0	0
D4284.contig1266	457	16055	9261
D4284.contig1267	457	0	0
D4284.contig1268	456	0	0
D4284.contig1269	456	0	0
D4284.contig1270	456	0	0
D4284.contig1271	455	0	0
D4284.contig1272	455	0	0
D4284.contig1273	454	0	0
D4284.contig1274	454	0	0
D4284.contig1275	454	0	0
D4284.contig1276	454	0	0
D4284.contig1277	454	0	0
D4284.contig1278	454	0	0
D4284.contig1279	454	0	0
D4284.contig1280	453	0	0
D4284.contig1281	453	0	0
D4284.contig1282	452	0	0
D4284.contig1283	452	0	0
D4284.contig1284	452	0	0
D4284.contig1285	451	0	0
D4284.contig1286	451	0	0
D4284.contig1287	450	0	0
D4284.contig1288	450	0	0
D4284.contig1289	450	2	2
D4284.contig1290	450	0	0
D4284.contig1291	450	0	0
D4284.contig1292	449	0	0
D4284.contig1293	449	0	0
D4284.contig1294	449	0	0
D4284.contig1295	449	0	0
D4284.contig1296	448	0	0
D4284.contig1297	448	0	0
D4284.contig1298	448	0	0
D4284.contig1299	447	0	0
D4284.contig1300	447	0	0
D4284.contig1301	447	0	0
D4284.contig1302	447	0	0
D4284.contig1303	447	0	0
D4284.contig1304	447	0	0
D4284.contig1305	446	0	0
D4284.contig1306	446	0	0
D4284.contig1307	445	0	0
D4284.contig1308	445	0	0
D4284.contig1309	444	0	0
D4284.contig1310	444	0	0
D4284.contig1311	443	0	0
D4284.contig1312	443	0	0
D4284.contig1313	443	0	0
D4284.contig1314	443	0	0
D4284.contig1315	443	0	0
D4284.contig1316	443	0	0
D4284.contig1317	442	0	0
D4284.contig1318	442	0	0
D4284.contig1319	442	0	0
D4284.contig1320	441	0	0
D4284.contig1321	441	0	0
D4284.contig1322	440	0	0
D4284.contig1323	440	0	0
D4284.contig1324	440	0	0
D4284.contig1325	440	0	0
D4284.contig1326	440	0	0
D4284.contig1327	440	0	0
D4284.contig1328	440	0	0
D4284.contig1329	439	0	0
D4284.contig1330	438	0	0
D4284.contig1331	438	0	0
D4284.contig1332	438	0	0
D4284.contig1333	437	0	0
D4284.contig1334	437	0	0
D4284.contig1335	436	0	0
D4284.contig1336	436	0	0
D4284.contig1337	436	0	0
D4284.contig1338	436	0	0
D4284.contig1339	435	0	0
D4284.contig1340	434	0	0
D4284.contig1341	434	58	47
D4284.contig1342	434	0	0
D4284.contig1343	434	0	0
D4284.contig1344	434	0	0
D4284.contig1345	434	0	0
D4284.contig1346	433	0	0
D4284.contig1347	433	0	0
D4284.contig1348	433	0	0
D4284.contig1349	433	0	0
D4284.contig1350	433	0	0
D4284.contig1351	432	0	0
D4284.contig1352	432	0	0
D4284.contig1353	431	521	431
D4284.contig1354	431	0	0
D4284.contig1355	431	0	0
D4284.contig1356	431	0	0
D4284.contig1357	431	0	0
D4284.contig1358	430	0	0
D4284.contig1359	430	0	0
D4284.contig1360	430	0	0
D4284.contig1361	430	0	0
D4284.contig1362	429	0	0
D4284.contig1363	429	0	0
D4284.contig1364	428	0	0
D4284.contig1365	428	0	0
D4284.contig1366	428	0	0
D4284.contig1367	427	0	0
D4284.contig1368	427	0	0
D4284.contig1369	427	0	0
D4284.contig1370	427	0	0
D4284.contig1371	427	0	0
D4284.contig1372	427	0	0
D4284.contig1373	427	0	0
D4284.contig1374	427	0	0
D4284.contig1375	427	0	0
D4284.contig1376	426	0	0
D4284.contig1377	426	0	0
D4284.contig1378	426	0	0
D4284.contig1379	426	0	0
D4284.contig1380	426	0	0
D4284.contig1381	425	0	0
D4284.contig1382	425	0	0
D4284.contig1383	424	0	0
D4284.contig1384	424	0	0
D4284.contig1385	424	0	0
D4284.contig1386	424	0	0
D4284.contig1387	424	0	0
D4284.contig1388	424	0	0
D4284.contig1389	423	0	0
D4284.contig1390	423	0	0
D4284.contig1391	423	0	0
D4284.contig1392	423	0	0
D4284.contig1393	423	0	0
D4284.contig1394	423	0	0
D4284.contig1395	423	0	0
D4284.contig1396	422	0	0
D4284.contig1397	422	0	0
D4284.contig1398	421	0	0
D4284.contig1399	421	1	1
D4284.contig1400	421	0	0
D4284.contig1401	421	0	0
D4284.contig1402	421	0	0
D4284.contig1403	421	0	0
D4284.contig1404	421	0	0
D4284.contig1405	421	0	0
D4284.contig1406	421	0	0
D4284.contig1407	421	0	0
D4284.contig1408	420	0	0
D4284.contig1409	420	0	0
D4284.contig1410	420	0	0
D4284.contig1411	420	0	0
D4284.contig1412	420	0	0
D4284.contig1413	419	0	0
D4284.contig1414	419	0	0
D4284.contig1415	419	0	0
D4284.contig1416	419	0	0
D4284.contig1417	419	0	0
D4284.contig1418	419	0	0
D4284.contig1419	418	0	0
D4284.contig1420	418	0	0
D4284.contig1421	418	0	0
D4284.contig1422	418	0	0
D4284.contig1423	418	0	0
D4284.contig1424	417	0	0
D4284.contig1425	417	0	0
D4284.contig1426	417	0	0
D4284.contig1427	417	2	2
D4284.contig1428	416	0	0
D4284.contig1429	416	0	0
D4284.contig1430	416	0	0
D4284.contig1431	416	0	0
D4284.contig1432	416	0	0
D4284.contig1433	415	0	0
D4284.contig1434	414	0	0
D4284.contig1435	414	0	0
D4284.contig1436	414	0	0
D4284.contig1437	414	0	0
D4284.contig1438	414	0	0
D4284.contig1439	414	0	0
D4284.contig1440	414	0	0
D4284.contig1441	414	0	0
D4284.contig1442	414	0	0
D4284.contig1443	413	0	0
D4284.contig1444	413	0	0
D4284.contig1445	413	0	0
D4284.contig1446	413	0	0
D4284.contig1447	413	0	0
D4284.contig1448	413	0	0
D4284.contig1449	412	0	0
D4284.contig1450	412	0	0
D4284.contig1451	412	0	0
D4284.contig1452	411	0	0
D4284.contig1453	411	0	0
D4284.contig1454	411	0	0
D4284.contig1455	411	0	0
D4284.contig1456	411	0	0
D4284.contig1457	410	0	0
D4284.contig1458	410	0	0
D4284.contig1459	410	0	0
D4284.contig1460	410	0	0
D4284.contig1461	409	0	0
D4284.contig1462	409	0	0
D4284.contig1463	409	0	0
D4284.contig1464	409	0	0
D4284.contig1465	409	0	0
D4284.contig1466	409	0	0
D4284.contig1467	409	0	0
D4284.contig1468	409	0	0
D4284.contig1469	409	0	0
D4284.contig1470	408	0	0
D4284.contig1471	408	0	0
D4284.contig1472	408	0	0
D4284.contig1473	408	0	0
D4284.contig1474	408	0	0
D4284.contig1475	408	0	0
D4284.contig1476	408	0	0
D4284.contig1477	408	0	0
D4284.contig1478	407	0	0
D4284.contig1479	407	0	0
D4284.contig1480	407	0	0
D4284.contig1481	406	0	0
D4284.contig1482	406	0	0
D4284.contig1483	406	0	0
D4284.contig1484	406	0	0
D4284.contig1485	406	0	0
D4284.contig1486	405	0	0
D4284.contig1487	405	0	0
D4284.contig1488	405	0	0
D4284.contig1489	405	0	0
D4284.contig1490	405	0	0
D4284.contig1491	405	0	0
D4284.contig1492	405	0	0
D4284.contig1493	404	0	0
D4284.contig1494	404	0	0
D4284.contig1495	404	0	0
D4284.contig1496	404	0	0
D4284.contig1497	404	0	0
D4284.contig1498	404	0	0
D4284.contig1499	403	0	0
D4284.contig1500	403	0	0
D4284.contig1501	403	0	0
D4284.contig1502	403	0	0
D4284.contig1503	403	0	0
D4284.contig1504	403	0	0
D4284.contig1505	402	0	0
D4284.contig1506	402	1	0
D4284.contig1507	402	0	0
D4284.contig1508	402	0	0
D4284.contig1509	401	0	0
D4284.contig1510	401	1882	1372
D4284.contig1511	401	0	0
D4284.contig1512	401	0	0
D4284.contig1513	400	0	0
D4284.contig1514	400	0	0
D4284.contig1515	400	0	0
D4284.contig1516	400	0	0
D4284.contig1517	399	0	0
D4284.contig1518	399	0	0
D4284.contig1519	399	0	0
D4284.contig1520	398	0	0
D4284.contig1521	397	0	0
D4284.contig1522	397	0	0
D4284.contig1523	397	0	0
D4284.contig1524	397	0	0
D4284.contig1525	397	0	0
D4284.contig1526	397	0	0
D4284.contig1527	396	0	0
D4284.contig1528	396	0	0
D4284.contig1529	396	0	0
D4284.contig1530	396	7	6
D4284.contig1531	396	0	0
D4284.contig1532	395	0	0
D4284.contig1533	394	0	0
D4284.contig1534	394	0	0
D4284.contig1535	394	0	0
D4284.contig1536	393	0	0
D4284.contig1537	393	0	0
D4284.contig1538	393	0	0
D4284.contig1539	393	0	0
D4284.contig1540	393	0	0
D4284.contig1541	393	0	0
D4284.contig1542	392	0	0
D4284.contig1543	392	0	0
D4284.contig1544	392	0	0
D4284.contig1545	392	0	0
D4284.contig1546	392	0	0
D4284.contig1547	392	0	0
D4284.contig1548	392	0	0
D4284.contig1549	392	305535	215441
D4284.contig1550	392	0	0
D4284.contig1551	392	0	0
D4284.contig1552	392	0	0
D4284.contig1553	392	0	0
D4284.contig1554	391	0	0
D4284.contig1555	391	0	0
D4284.contig1556	391	0	0
D4284.contig1557	391	0	0
D4284.contig1558	391	0	0
D4284.contig1559	391	0	0
D4284.contig1560	391	0	0
D4284.contig1561	391	0	0
D4284.contig1562	390	0	0
D4284.contig1563	390	0	0
D4284.contig1564	390	0	0
D4284.contig1565	390	0	0
D4284.contig1566	390	0	0
D4284.contig1567	390	0	0
D4284.contig1568	390	0	0
D4284.contig1569	389	0	0
D4284.contig1570	389	0	0
D4284.contig1571	389	0	0
D4284.contig1572	389	0	0
D4284.contig1573	389	0	0
D4284.contig1574	388	0	0
D4284.contig1575	388	0	0
D4284.contig1576	387	0	0
D4284.contig1577	387	0	0
D4284.contig1578	387	0	0
D4284.contig1579	387	0	0
D4284.contig1580	387	0	0
D4284.contig1581	387	0	0
D4284.contig1582	387	0	0
D4284.contig1583	387	0	0
D4284.contig1584	387	0	0
D4284.contig1585	387	0	0
D4284.contig1586	387	0	0
D4284.contig1587	387	0	0
D4284.contig1588	387	0	0
D4284.contig1589	387	0	0
D4284.contig1590	386	0	0
D4284.contig1591	386	0	0
D4284.contig1592	386	0	0
D4284.contig1593	386	0	0
D4284.contig1594	386	0	0
D4284.contig1595	386	0	0
D4284.contig1596	386	0	0
D4284.contig1597	386	0	0
D4284.contig1598	386	0	0
D4284.contig1599	385	0	0
D4284.contig1600	385	0	0
D4284.contig1601	385	0	0
D4284.contig1602	385	0	0
D4284.contig1603	385	0	0
D4284.contig1604	385	0	0
D4284.contig1605	384	0	0
D4284.contig1606	384	0	0
D4284.contig1607	384	0	0
D4284.contig1608	384	0	0
D4284.contig1609	384	0	0
D4284.contig1610	383	0	0
D4284.contig1611	383	5	1
D4284.contig1612	383	0	0
D4284.contig1613	383	0	0
D4284.contig1614	383	0	0
D4284.contig1615	383	0	0
D4284.contig1616	383	0	0
D4284.contig1617	383	0	0
D4284.contig1618	383	0	0
D4284.contig1619	383	0	0
D4284.contig1620	382	0	0
D4284.contig1621	382	0	0
D4284.contig1622	382	0	0
D4284.contig1623	382	0	0
D4284.contig1624	382	0	0
D4284.contig1625	381	0	0
D4284.contig1626	381	1	1
D4284.contig1627	381	0	0
D4284.contig1628	381	0	0
D4284.contig1629	381	0	0
D4284.contig1630	381	0	0
D4284.contig1631	380	0	0
D4284.contig1632	380	0	0
D4284.contig1633	380	0	0
D4284.contig1634	380	0	0
D4284.contig1635	380	1	1
D4284.contig1636	380	0	0
D4284.contig1637	380	0	0
D4284.contig1638	380	0	0
D4284.contig1639	380	0	0
D4284.contig1640	379	0	0
D4284.contig1641	379	0	0
D4284.contig1642	379	0	0
D4284.contig1643	379	0	0
D4284.contig1644	378	0	0
D4284.contig1645	378	0	0
D4284.contig1646	378	0	0
D4284.contig1647	378	0	0
D4284.contig1648	378	0	0
D4284.contig1649	378	0	0
D4284.contig1650	378	0	0
D4284.contig1651	378	0	0
D4284.contig1652	377	0	0
D4284.contig1653	377	0	0
D4284.contig1654	377	0	0
D4284.contig1655	377	0	0
D4284.contig1656	377	0	0
D4284.contig1657	377	0	0
D4284.contig1658	377	0	0
D4284.contig1659	377	0	0
D4284.contig1660	377	0	0
D4284.contig1661	377	0	0
D4284.contig1662	376	0	0
D4284.contig1663	376	0	0
D4284.contig1664	376	0	0
D4284.contig1665	376	0	0
D4284.contig1666	375	0	0
D4284.contig1667	375	0	0
D4284.contig1668	375	0	0
D4284.contig1669	375	0	0
D4284.contig1670	375	0	0
D4284.contig1671	375	0	0
D4284.contig1672	375	0	0
D4284.contig1673	375	0	0
D4284.contig1674	375	0	0
D4284.contig1675	374	0	0
D4284.contig1676	374	0	0
D4284.contig1677	374	0	0
D4284.contig1678	374	0	0
D4284.contig1679	374	0	0
D4284.contig1680	374	0	0
D4284.contig1681	374	0	0
D4284.contig1682	373	0	0
D4284.contig1683	373	0	0
D4284.contig1684	373	0	0
D4284.contig1685	373	0	0
D4284.contig1686	372	0	0
D4284.contig1687	372	0	0
D4284.contig1688	372	0	0
D4284.contig1689	371	0	0
D4284.contig1690	371	0	0
D4284.contig1691	371	0	0
D4284.contig1692	371	0	0
D4284.contig1693	371	0	0
D4284.contig1694	371	0	0
D4284.contig1695	370	0	0
D4284.contig1696	370	0	0
D4284.contig1697	370	0	0
D4284.contig1698	370	0	0
D4284.contig1699	370	0	0
D4284.contig1700	369	0	0
D4284.contig1701	369	0	0
D4284.contig1702	369	354	204
D4284.contig1703	369	0	0
D4284.contig1704	369	0	0
D4284.contig1705	369	0	0
D4284.contig1706	369	0	0
D4284.contig1707	369	0	0
D4284.contig1708	368	0	0
D4284.contig1709	368	0	0
D4284.contig1710	368	0	0
D4284.contig1711	368	0	0
D4284.contig1712	368	0	0
D4284.contig1713	367	0	0
D4284.contig1714	367	0	0
D4284.contig1715	367	0	0
D4284.contig1716	367	0	0
D4284.contig1717	367	0	0
D4284.contig1718	367	0	0
D4284.contig1719	367	0	0
D4284.contig1720	367	0	0
D4284.contig1721	367	0	0
D4284.contig1722	367	0	0
D4284.contig1723	367	0	0
D4284.contig1724	366	0	0
D4284.contig1725	366	0	0
D4284.contig1726	365	0	0
D4284.contig1727	365	0	0
D4284.contig1728	365	0	0
D4284.contig1729	365	0	0
D4284.contig1730	365	0	0
D4284.contig1731	365	0	0
D4284.contig1732	365	0	0
D4284.contig1733	365	0	0
D4284.contig1734	364	0	0
D4284.contig1735	364	0	0
D4284.contig1736	364	0	0
D4284.contig1737	364	0	0
D4284.contig1738	363	0	0
D4284.contig1739	363	0	0
D4284.contig1740	363	0	0
D4284.contig1741	363	0	0
D4284.contig1742	362	0	0
D4284.contig1743	362	0	0
D4284.contig1744	362	0	0
D4284.contig1745	361	1	1
D4284.contig1746	361	0	0
D4284.contig1747	361	0	0
D4284.contig1748	361	0	0
D4284.contig1749	361	0	0
D4284.contig1750	361	0	0
D4284.contig1751	361	0	0
D4284.contig1752	360	0	0
D4284.contig1753	360	0	0
D4284.contig1754	360	0	0
D4284.contig1755	360	0	0
D4284.contig1756	359	0	0
D4284.contig1757	359	0	0
D4284.contig1758	359	0	0
D4284.contig1759	359	0	0
D4284.contig1760	359	0	0
D4284.contig1761	358	0	0
D4284.contig1762	358	0	0
D4284.contig1763	358	0	0
D4284.contig1764	358	0	0
D4284.contig1765	358	0	0
D4284.contig1766	358	0	0
D4284.contig1767	358	0	0
D4284.contig1768	358	0	0
D4284.contig1769	358	0	0
D4284.contig1770	358	0	0
D4284.contig1771	357	0	0
D4284.contig1772	357	0	0
D4284.contig1773	356	0	0
D4284.contig1774	356	0	0
D4284.contig1775	356	0	0
D4284.contig1776	356	0	0
D4284.contig1777	356	0	0
D4284.contig1778	356	0	0
D4284.contig1779	356	0	0
D4284.contig1780	356	0	0
D4284.contig1781	356	0	0
D4284.contig1782	355	0	0
D4284.contig1783	355	0	0
D4284.contig1784	355	0	0
D4284.contig1785	355	0	0
D4284.contig1786	355	0	0
D4284.contig1787	354	0	0
D4284.contig1788	354	0	0
D4284.contig1789	354	0	0
D4284.contig1790	354	0	0
D4284.contig1791	354	0	0
D4284.contig1792	354	0	0
D4284.contig1793	354	0	0
D4284.contig1794	353	0	0
D4284.contig1795	353	0	0
D4284.contig1796	353	0	0
D4284.contig1797	353	0	0
D4284.contig1798	353	0	0
D4284.contig1799	353	0	0
D4284.contig1800	353	0	0
D4284.contig1801	353	0	0
D4284.contig1802	352	0	0
D4284.contig1803	352	0	0
D4284.contig1804	352	0	0
D4284.contig1805	352	0	0
D4284.contig1806	352	0	0
D4284.contig1807	351	0	0
D4284.contig1808	351	0	0
D4284.contig1809	351	0	0
D4284.contig1810	350	0	0
D4284.contig1811	350	0	0
D4284.contig1812	350	0	0
D4284.contig1813	350	0	0
D4284.contig1814	350	0	0
D4284.contig1815	350	0	0
D4284.contig1816	350	0	0
D4284.contig1817	349	0	0
D4284.contig1818	349	0	0
D4284.contig1819	349	0	0
D4284.contig1820	349	0	0
D4284.contig1821	349	0	0
D4284.contig1822	349	0	0
D4284.contig1823	349	0	0
D4284.contig1824	348	0	0
D4284.contig1825	348	6	4
D4284.contig1826	348	0	0
D4284.contig1827	348	0	0
D4284.contig1828	348	0	0
D4284.contig1829	348	0	0
D4284.contig1830	348	0	0
D4284.contig1831	347	0	0
D4284.contig1832	347	0	0
D4284.contig1833	347	0	0
D4284.contig1834	347	0	0
D4284.contig1835	347	0	0
D4284.contig1836	347	0	0
D4284.contig1837	346	0	0
D4284.contig1838	346	0	0
D4284.contig1839	346	0	0
D4284.contig1840	346	0	0
D4284.contig1841	346	0	0
D4284.contig1842	346	0	0
D4284.contig1843	345	0	0
D4284.contig1844	345	0	0
D4284.contig1845	345	0	0
D4284.contig1846	345	0	0
D4284.contig1847	345	0	0
D4284.contig1848	345	0	0
D4284.contig1849	344	0	0
D4284.contig1850	344	0	0
D4284.contig1851	344	0	0
D4284.contig1852	344	0	0
D4284.contig1853	344	0	0
D4284.contig1854	344	0	0
D4284.contig1855	344	0	0
D4284.contig1856	344	0	0
D4284.contig1857	343	0	0
D4284.contig1858	343	0	0
D4284.contig1859	343	0	0
D4284.contig1860	343	0	0
D4284.contig1861	343	0	0
D4284.contig1862	342	0	0
D4284.contig1863	342	0	0
D4284.contig1864	342	0	0
D4284.contig1865	342	0	0
D4284.contig1866	342	0	0
D4284.contig1867	342	0	0
D4284.contig1868	342	0	0
D4284.contig1869	342	0	0
D4284.contig1870	341	0	0
D4284.contig1871	341	0	0
D4284.contig1872	341	0	0
D4284.contig1873	341	0	0
D4284.contig1874	341	0	0
D4284.contig1875	341	0	0
D4284.contig1876	341	0	0
D4284.contig1877	341	0	0
D4284.contig1878	341	0	0
D4284.contig1879	341	0	0
D4284.contig1880	341	0	0
D4284.contig1881	340	0	0
D4284.contig1882	340	0	0
D4284.contig1883	340	0	0
D4284.contig1884	340	0	0
D4284.contig1885	340	0	0
D4284.contig1886	340	0	0
D4284.contig1887	340	0	0
D4284.contig1888	340	0	0
D4284.contig1889	340	0	0
D4284.contig1890	340	0	0
D4284.contig1891	340	0	0
D4284.contig1892	339	0	0
D4284.contig1893	339	0	0
D4284.contig1894	339	0	0
D4284.contig1895	339	0	0
D4284.contig1896	339	0	0
D4284.contig1897	339	0	0
D4284.contig1898	338	0	0
D4284.contig1899	338	0	0
D4284.contig1900	338	0	0
D4284.contig1901	338	0	0
D4284.contig1902	338	0	0
D4284.contig1903	338	0	0
D4284.contig1904	338	0	0
D4284.contig1905	338	0	0
D4284.contig1906	338	0	0
D4284.contig1907	338	0	0
D4284.contig1908	338	0	0
D4284.contig1909	337	0	0
D4284.contig1910	337	0	0
D4284.contig1911	337	0	0
D4284.contig1912	337	0	0
D4284.contig1913	337	0	0
D4284.contig1914	337	0	0
D4284.contig1915	337	0	0
D4284.contig1916	337	0	0
D4284.contig1917	337	0	0
D4284.contig1918	337	0	0
D4284.contig1919	337	0	0
D4284.contig1920	336	0	0
D4284.contig1921	336	0	0
D4284.contig1922	336	0	0
D4284.contig1923	336	0	0
D4284.contig1924	336	0	0
D4284.contig1925	336	0	0
D4284.contig1926	336	0	0
D4284.contig1927	336	0	0
D4284.contig1928	335	0	0
D4284.contig1929	335	0	0
D4284.contig1930	335	0	0
D4284.contig1931	335	0	0
D4284.contig1932	335	0	0
D4284.contig1933	335	0	0
D4284.contig1934	335	0	0
D4284.contig1935	335	0	0
D4284.contig1936	334	0	0
D4284.contig1937	334	0	0
D4284.contig1938	334	0	0
D4284.contig1939	334	0	0
D4284.contig1940	334	0	0
D4284.contig1941	334	0	0
D4284.contig1942	334	0	0
D4284.contig1943	333	0	0
D4284.contig1944	333	0	0
D4284.contig1945	333	0	0
D4284.contig1946	333	0	0
D4284.contig1947	333	0	0
D4284.contig1948	333	0	0
D4284.contig1949	333	0	0
D4284.contig1950	333	0	0
D4284.contig1951	333	0	0
D4284.contig1952	333	0	0
D4284.contig1953	332	0	0
D4284.contig1954	332	0	0
D4284.contig1955	332	0	0
D4284.contig1956	332	0	0
D4284.contig1957	332	0	0
D4284.contig1958	332	0	0
D4284.contig1959	332	0	0
D4284.contig1960	332	0	0
D4284.contig1961	332	0	0
D4284.contig1962	331	0	0
D4284.contig1963	331	0	0
D4284.contig1964	331	0	0
D4284.contig1965	331	0	0
D4284.contig1966	331	0	0
D4284.contig1967	331	0	0
D4284.contig1968	331	0	0
D4284.contig1969	331	0	0
D4284.contig1970	331	0	0
D4284.contig1971	331	0	0
D4284.contig1972	330	0	0
D4284.contig1973	330	0	0
D4284.contig1974	330	0	0
D4284.contig1975	330	0	0
D4284.contig1976	330	0	0
D4284.contig1977	330	0	0
D4284.contig1978	330	0	0
D4284.contig1979	330	0	0
D4284.contig1980	330	0	0
D4284.contig1981	330	0	0
D4284.contig1982	330	0	0
D4284.contig1983	330	0	0
D4284.contig1984	329	0	0
D4284.contig1985	329	0	0
D4284.contig1986	329	0	0
D4284.contig1987	329	0	0
D4284.contig1988	329	0	0
D4284.contig1989	329	0	0
D4284.contig1990	329	0	0
D4284.contig1991	329	0	0
D4284.contig1992	329	0	0
D4284.contig1993	329	0	0
D4284.contig1994	329	0	0
D4284.contig1995	329	0	0
D4284.contig1996	329	0	0
D4284.contig1997	329	0	0
D4284.contig1998	328	0	0
D4284.contig1999	328	0	0
D4284.contig2000	328	0	0
D4284.contig2001	328	0	0
D4284.contig2002	328	0	0
D4284.contig2003	328	0	0
D4284.contig2004	328	0	0
D4284.contig2005	328	0	0
D4284.contig2006	328	0	0
D4284.contig2007	328	0	0
D4284.contig2008	328	0	0
D4284.contig2009	327	0	0
D4284.contig2010	327	0	0
D4284.contig2011	327	0	0
D4284.contig2012	327	0	0
D4284.contig2013	327	0	0
D4284.contig2014	327	0	0
D4284.contig2015	327	0	0
D4284.contig2016	327	0	0
D4284.contig2017	326	0	0
D4284.contig2018	326	0	0
D4284.contig2019	326	0	0
D4284.contig2020	326	0	0
D4284.contig2021	326	0	0
D4284.contig2022	326	0	0
D4284.contig2023	326	0	0
D4284.contig2024	326	0	0
D4284.contig2025	326	0	0
D4284.contig2026	326	0	0
D4284.contig2027	326	0	0
D4284.contig2028	326	0	0
D4284.contig2029	326	0	0
D4284.contig2030	326	0	0
D4284.contig2031	325	0	0
D4284.contig2032	325	0	0
D4284.contig2033	325	0	0
D4284.contig2034	324	0	0
D4284.contig2035	324	0	0
D4284.contig2036	324	0	0
D4284.contig2037	324	0	0
D4284.contig2038	324	0	0
D4284.contig2039	324	0	0
D4284.contig2040	324	0	0
D4284.contig2041	324	0	0
D4284.contig2042	324	0	0
D4284.contig2043	324	0	0
D4284.contig2044	324	0	0
D4284.contig2045	324	0	0
D4284.contig2046	323	0	0
D4284.contig2047	323	0	0
D4284.contig2048	323	0	0
D4284.contig2049	323	0	0
D4284.contig2050	323	0	0
D4284.contig2051	323	0	0
D4284.contig2052	323	0	0
D4284.contig2053	322	0	0
D4284.contig2054	322	0	0
D4284.contig2055	322	0	0
D4284.contig2056	322	0	0
D4284.contig2057	322	0	0
D4284.contig2058	322	0	0
D4284.contig2059	322	0	0
D4284.contig2060	322	0	0
D4284.contig2061	322	0	0
D4284.contig2062	321	0	0
D4284.contig2063	321	0	0
D4284.contig2064	321	0	0
D4284.contig2065	321	0	0
D4284.contig2066	321	0	0
D4284.contig2067	321	0	0
D4284.contig2068	321	0	0
D4284.contig2069	320	0	0
D4284.contig2070	320	0	0
D4284.contig2071	320	0	0
D4284.contig2072	320	0	0
D4284.contig2073	320	0	0
D4284.contig2074	320	0	0
D4284.contig2075	320	0	0
D4284.contig2076	320	0	0
D4284.contig2077	320	0	0
D4284.contig2078	319	0	0
D4284.contig2079	319	0	0
D4284.contig2080	319	0	0
D4284.contig2081	319	0	0
D4284.contig2082	319	1	1
D4284.contig2083	319	0	0
D4284.contig2084	319	0	0
D4284.contig2085	319	0	0
D4284.contig2086	319	0	0
D4284.contig2087	318	0	0
D4284.contig2088	318	0	0
D4284.contig2089	318	0	0
D4284.contig2090	318	0	0
D4284.contig2091	318	0	0
D4284.contig2092	318	0	0
D4284.contig2093	318	0	0
D4284.contig2094	318	0	0
D4284.contig2095	318	0	0
D4284.contig2096	317	0	0
D4284.contig2097	317	0	0
D4284.contig2098	317	0	0
D4284.contig2099	317	0	0
D4284.contig2100	317	0	0
D4284.contig2101	317	0	0
D4284.contig2102	317	0	0
D4284.contig2103	317	0	0
D4284.contig2104	317	0	0
D4284.contig2105	316	0	0
D4284.contig2106	316	0	0
D4284.contig2107	316	0	0
D4284.contig2108	316	0	0
D4284.contig2109	316	0	0
D4284.contig2110	315	0	0
D4284.contig2111	315	0	0
D4284.contig2112	315	0	0
D4284.contig2113	315	0	0
D4284.contig2114	315	0	0
D4284.contig2115	315	0	0
D4284.contig2116	315	0	0
D4284.contig2117	315	0	0
D4284.contig2118	315	0	0
D4284.contig2119	315	0	0
D4284.contig2120	314	0	0
D4284.contig2121	314	0	0
D4284.contig2122	314	0	0
D4284.contig2123	314	0	0
D4284.contig2124	314	0	0
D4284.contig2125	314	0	0
D4284.contig2126	314	0	0
D4284.contig2127	314	0	0
D4284.contig2128	314	0	0
D4284.contig2129	314	0	0
D4284.contig2130	314	0	0
D4284.contig2131	314	0	0
D4284.contig2132	314	0	0
D4284.contig2133	313	0	0
D4284.contig2134	313	0	0
D4284.contig2135	313	0	0
D4284.contig2136	313	0	0
D4284.contig2137	313	0	0
D4284.contig2138	313	0	0
D4284.contig2139	313	0	0
D4284.contig2140	313	0	0
D4284.contig2141	313	0	0
D4284.contig2142	313	0	0
D4284.contig2143	313	0	0
D4284.contig2144	313	0	0
D4284.contig2145	313	0	0
D4284.contig2146	313	0	0
D4284.contig2147	313	0	0
D4284.contig2148	313	0	0
D4284.contig2149	312	0	0
D4284.contig2150	312	0	0
D4284.contig2151	312	0	0
D4284.contig2152	312	0	0
D4284.contig2153	312	0	0
D4284.contig2154	312	0	0
D4284.contig2155	312	0	0
D4284.contig2156	312	0	0
D4284.contig2157	312	0	0
D4284.contig2158	312	0	0
D4284.contig2159	312	0	0
D4284.contig2160	312	0	0
D4284.contig2161	312	0	0
D4284.contig2162	311	0	0
D4284.contig2163	311	0	0
D4284.contig2164	311	0	0
D4284.contig2165	311	0	0
D4284.contig2166	311	0	0
D4284.contig2167	311	0	0
D4284.contig2168	311	0	0
D4284.contig2169	311	0	0
D4284.contig2170	311	0	0
D4284.contig2171	311	0	0
D4284.contig2172	311	0	0
D4284.contig2173	311	0	0
D4284.contig2174	311	0	0
D4284.contig2175	311	0	0
D4284.contig2176	311	0	0
D4284.contig2177	311	0	0
D4284.contig2178	310	0	0
D4284.contig2179	310	0	0
D4284.contig2180	310	0	0
D4284.contig2181	310	0	0
D4284.contig2182	310	0	0
D4284.contig2183	310	0	0
D4284.contig2184	310	0	0
D4284.contig2185	310	0	0
D4284.contig2186	310	0	0
D4284.contig2187	310	0	0
D4284.contig2188	310	0	0
D4284.contig2189	310	0	0
D4284.contig2190	310	0	0
D4284.contig2191	310	0	0
D4284.contig2192	309	0	0
D4284.contig2193	309	0	0
D4284.contig2194	309	0	0
D4284.contig2195	309	0	0
D4284.contig2196	309	0	0
D4284.contig2197	309	0	0
D4284.contig2198	308	0	0
D4284.contig2199	308	0	0
D4284.contig2200	308	0	0
D4284.contig2201	308	0	0
D4284.contig2202	308	0	0
D4284.contig2203	308	0	0
D4284.contig2204	308	0	0
D4284.contig2205	308	0	0
D4284.contig2206	308	0	0
D4284.contig2207	308	0	0
D4284.contig2208	307	0	0
D4284.contig2209	307	0	0
D4284.contig2210	307	0	0
D4284.contig2211	307	0	0
D4284.contig2212	307	0	0
D4284.contig2213	307	0	0
D4284.contig2214	307	0	0
D4284.contig2215	307	0	0
D4284.contig2216	307	0	0
D4284.contig2217	306	0	0
D4284.contig2218	306	0	0
D4284.contig2219	306	0	0
D4284.contig2220	306	0	0
D4284.contig2221	306	0	0
D4284.contig2222	306	0	0
D4284.contig2223	306	0	0
D4284.contig2224	306	0	0
D4284.contig2225	306	0	0
D4284.contig2226	306	0	0
D4284.contig2227	305	0	0
D4284.contig2228	305	0	0
D4284.contig2229	305	0	0
D4284.contig2230	305	0	0
D4284.contig2231	305	0	0
D4284.contig2232	305	0	0
D4284.contig2233	305	0	0
D4284.contig2234	305	0	0
D4284.contig2235	305	0	0
D4284.contig2236	305	0	0
D4284.contig2237	305	0	0
D4284.contig2238	305	0	0
D4284.contig2239	305	0	0
D4284.contig2240	305	0	0
D4284.contig2241	305	0	0
D4284.contig2242	304	0	0
D4284.contig2243	304	0	0
D4284.contig2244	304	0	0
D4284.contig2245	304	0	0
D4284.contig2246	304	0	0
D4284.contig2247	304	0	0
D4284.contig2248	304	0	0
D4284.contig2249	304	0	0
D4284.contig2250	304	0	0
D4284.contig2251	304	0	0
D4284.contig2252	303	0	0
D4284.contig2253	303	0	0
D4284.contig2254	303	0	0
D4284.contig2255	303	0	0
D4284.contig2256	303	0	0
D4284.contig2257	303	0	0
D4284.contig2258	302	0	0
D4284.contig2259	302	0	0
D4284.contig2260	302	0	0
D4284.contig2261	302	0	0
D4284.contig2262	302	0	0
D4284.contig2263	302	0	0
D4284.contig2264	302	0	0
D4284.contig2265	302	0	0
D4284.contig2266	302	0	0
D4284.contig2267	302	0	0
D4284.contig2268	302	0	0
D4284.contig2269	301	0	0
D4284.contig2270	301	0	0
D4284.contig2271	301	0	0
D4284.contig2272	301	0	0
D4284.contig2273	301	0	0
D4284.contig2274	301	0	0
D4284.contig2275	301	0	0
D4284.contig2276	301	0	0
D4284.contig2277	300	0	0
D4284.contig2278	300	0	0
D4284.contig2279	300	0	0
D4284.contig2280	300	0	0
D4284.contig2281	300	0	0
D4284.contig2282	300	0	0
D4284.contig2283	300	0	0
D4284.contig2284	300	0	0
D4284.contig2285	300	0	0
D4284.contig2286	300	0	0
D4284.contig2287	300	0	0
D4284.contig2288	300	0	0
D4284.contig2289	300	0	0
D4284.contig2290	300	0	0
D4284.contig2291	300	0	0
*	0	0	91425374
