R4281.contig1	5975	2	0
R4281.contig2	3204	41828	17927
R4281.contig3	2670	15523	2339
R4281.contig4	1778	4161021	180354
R4281.contig5	1715	1080	168
R4281.contig6	1617	576	27
R4281.contig7	1308	4639	2065
R4281.contig8	1246	19976	3354
R4281.contig9	1114	3353	1372
R4281.contig10	1079	382758	45037
R4281.contig11	1016	2698310	131107
R4281.contig12	940	3102	1346
R4281.contig13	882	300	27
R4281.contig14	881	351	49
R4281.contig15	860	2451	377
R4281.contig16	858	123	21
R4281.contig17	857	106	0
R4281.contig18	840	115	4
R4281.contig19	786	5935	1940
R4281.contig20	772	1	1
R4281.contig21	764	3076	669
R4281.contig22	763	196	13
R4281.contig23	727	605981	68958
R4281.contig24	707	107	12
R4281.contig25	704	491	229
R4281.contig26	699	3469	835
R4281.contig27	683	4908	1669
R4281.contig28	661	1610	481
R4281.contig29	655	0	0
R4281.contig30	654	100	5
R4281.contig31	648	134	5
R4281.contig32	643	8176	2807
R4281.contig33	631	16070	3430
R4281.contig34	623	13540	2665
R4281.contig35	619	145	5
R4281.contig36	607	234	12
R4281.contig37	602	15875	6406
R4281.contig38	602	0	0
R4281.contig39	595	268	25
R4281.contig40	585	168349	29976
R4281.contig41	585	478992	62864
R4281.contig42	582	11656	1607
R4281.contig43	578	0	0
R4281.contig44	556	1452	254
R4281.contig45	554	0	0
R4281.contig46	550	33	13
R4281.contig47	542	2662	67
R4281.contig48	538	1112	482
R4281.contig49	529	592	64
R4281.contig50	524	3007	975
R4281.contig51	523	0	0
R4281.contig52	521	0	0
R4281.contig53	515	0	0
R4281.contig54	514	5	0
R4281.contig55	511	899	296
R4281.contig56	509	41021	11897
R4281.contig57	502	0	0
R4281.contig58	499	71	7
R4281.contig59	498	402	13
R4281.contig60	492	0	0
R4281.contig61	491	1494	423
R4281.contig62	488	12082	6259
R4281.contig63	486	1184	92
R4281.contig64	484	128668	27242
R4281.contig65	483	102502	40793
R4281.contig66	482	55032	4530
R4281.contig67	482	2879	1194
R4281.contig68	481	1	1
R4281.contig69	479	3773	119
R4281.contig70	476	223855	26365
R4281.contig71	474	644	353
R4281.contig72	470	2501	527
R4281.contig73	465	28	2
R4281.contig74	463	1239	286
R4281.contig75	461	30033	8041
R4281.contig76	460	338	59
R4281.contig77	447	46	2
R4281.contig78	444	705	157
R4281.contig79	433	0	0
R4281.contig80	432	53	13
R4281.contig81	431	0	0
R4281.contig82	431	0	0
R4281.contig83	427	106	6
R4281.contig84	427	21436	7247
R4281.contig85	422	3396	1811
R4281.contig86	416	15	3
R4281.contig87	413	14245	2805
R4281.contig88	412	749	24
R4281.contig89	408	3723	744
R4281.contig90	403	381	137
R4281.contig91	402	851	119
R4281.contig92	401	391997	155600
R4281.contig93	398	64	8
R4281.contig94	397	41165	15239
R4281.contig95	393	0	0
R4281.contig96	392	49	3
R4281.contig97	390	504	101
R4281.contig98	384	21	5
R4281.contig99	383	2183	604
R4281.contig100	380	3308	1453
R4281.contig101	377	38988	17012
R4281.contig102	370	61808	9181
R4281.contig103	368	0	0
R4281.contig104	366	159	8
R4281.contig105	365	0	0
R4281.contig106	362	17785	4866
R4281.contig107	356	329	17
R4281.contig108	354	2	0
R4281.contig109	354	5655	1675
R4281.contig110	351	2	0
R4281.contig111	351	6	0
R4281.contig112	350	744	235
R4281.contig113	344	1327	481
R4281.contig114	343	26107	6891
R4281.contig115	341	2650	1542
R4281.contig116	339	76	16
R4281.contig117	339	2667	752
R4281.contig118	337	2	0
R4281.contig119	337	96	2
R4281.contig120	335	0	0
R4281.contig121	333	36632	4134
R4281.contig122	330	10572	1169
R4281.contig123	330	224	22
R4281.contig124	329	49180	5212
R4281.contig125	327	9	2
R4281.contig126	324	31	12
R4281.contig127	322	13520	4768
R4281.contig128	322	550	228
R4281.contig129	320	72812	9134
R4281.contig130	320	112496	11392
R4281.contig131	319	14	0
R4281.contig132	312	2	1
R4281.contig133	306	51994	9041
R4281.contig134	305	441	61
R4281.contig135	305	19	1
R4281.contig136	304	65363	12229
R4281.contig137	300	403	7
*	0	0	16021286
