D4280.contig1	44036	2287243	36692
D4280.contig2	39745	133493	2875
D4280.contig3	24984	41555	1002
D4280.contig4	23235	1211542	18720
D4280.contig5	18535	6671	102
D4280.contig6	18418	96418	1337
D4280.contig7	17797	8259	203
D4280.contig8	17765	28658	251
D4280.contig9	17754	39516	1179
D4280.contig10	17413	5669	94
D4280.contig11	17246	8375	112
D4280.contig12	16390	32086	319
D4280.contig13	15517	5998	103
D4280.contig14	13572	24157	804
D4280.contig15	13402	1103298	25422
D4280.contig16	13195	17113	392
D4280.contig17	12971	5775	104
D4280.contig18	11865	29441	1019
D4280.contig19	11006	18731	655
D4280.contig20	10838	3974	85
D4280.contig21	10520	147656	1807
D4280.contig22	10252	3284	42
D4280.contig23	9729	10423	153
D4280.contig24	9563	2234	28
D4280.contig25	9419	118995	2650
D4280.contig26	9295	16025	577
D4280.contig27	9107	43263	998
D4280.contig28	8868	2191	65
D4280.contig29	8592	9252	256
D4280.contig30	8545	10954	299
D4280.contig31	8451	5283	220
D4280.contig32	8358	95006	1266
D4280.contig33	8178	1876	66
D4280.contig34	8019	6222	70
D4280.contig35	7686	1260	23
D4280.contig36	7654	36042	1081
D4280.contig37	7534	8017	165
D4280.contig38	7185	1097	48
D4280.contig39	7176	9793	79
D4280.contig40	6949	10657	189
D4280.contig41	6807	3973	82
D4280.contig42	6661	2581	54
D4280.contig43	6460	4136	64
D4280.contig44	6402	1219	23
D4280.contig45	6365	6193	234
D4280.contig46	6251	60584	1514
D4280.contig47	6211	882	18
D4280.contig48	6022	973	31
D4280.contig49	6013	7333	246
D4280.contig50	5999	12810	109
D4280.contig51	5884	734	23
D4280.contig52	5844	823	26
D4280.contig53	5730	540356	10967
D4280.contig54	5535	1563	44
D4280.contig55	5499	1640	44
D4280.contig56	5438	630	18
D4280.contig57	5356	8074	267
D4280.contig58	5315	643	14
D4280.contig59	5306	1646	46
D4280.contig60	5026	3731	149
D4280.contig61	4967	1122	43
D4280.contig62	4897	108451	1599
D4280.contig63	4867	1127	40
D4280.contig64	4867	77634	2139
D4280.contig65	4704	1616	33
D4280.contig66	4679	3453	42
D4280.contig67	4676	1635	45
D4280.contig68	4617	34516	576
D4280.contig69	4599	1162	26
D4280.contig70	4494	488	12
D4280.contig71	4492	1531	51
D4280.contig72	4467	1391	22
D4280.contig73	4444	3069	118
D4280.contig74	4424	1086	44
D4280.contig75	4407	778	25
D4280.contig76	4273	1579	68
D4280.contig77	4246	6231	201
D4280.contig78	4242	595	14
D4280.contig79	4184	552	10
D4280.contig80	4137	595	31
D4280.contig81	4102	682	9
D4280.contig82	4097	476	8
D4280.contig83	4093	2580	115
D4280.contig84	4069	65333	1099
D4280.contig85	4050	1103	25
D4280.contig86	3920	843	16
D4280.contig87	3885	2772	14
D4280.contig88	3862	616	18
D4280.contig89	3771	109809	2468
D4280.contig90	3764	491	28
D4280.contig91	3748	430	22
D4280.contig92	3715	327	20
D4280.contig93	3710	6446	151
D4280.contig94	3681	393	15
D4280.contig95	3630	318	16
D4280.contig96	3606	357	15
D4280.contig97	3597	490	21
D4280.contig98	3570	1050	21
D4280.contig99	3534	89061	1368
D4280.contig100	3484	39185	651
D4280.contig101	3456	338	11
D4280.contig102	3453	371	9
D4280.contig103	3406	3182	77
D4280.contig104	3363	1799	37
D4280.contig105	3293	230	14
D4280.contig106	3211	237	13
D4280.contig107	3118	738	24
D4280.contig108	3078	393	22
D4280.contig109	3053	490	10
D4280.contig110	3042	783	28
D4280.contig111	3041	1446	38
D4280.contig112	3010	1235	43
D4280.contig113	2964	5359	135
D4280.contig114	2872	273	5
D4280.contig115	2842	246	9
D4280.contig116	2838	660	20
D4280.contig117	2812	141	14
D4280.contig118	2794	884	41
D4280.contig119	2789	298	11
D4280.contig120	2776	8796	274
D4280.contig121	2751	218	16
D4280.contig122	2747	1376	36
D4280.contig123	2714	7616	195
D4280.contig124	2679	356	11
D4280.contig125	2678	196	14
D4280.contig126	2656	417	27
D4280.contig127	2576	291	20
D4280.contig128	2572	238	19
D4280.contig129	2408	198	12
D4280.contig130	2364	203	7
D4280.contig131	2350	194	10
D4280.contig132	2290	310	16
D4280.contig133	2288	408	8
D4280.contig134	2269	344	19
D4280.contig135	2228	3783	115
D4280.contig136	2204	927	26
D4280.contig137	2153	6552	203
D4280.contig138	2128	281	5
D4280.contig139	2125	778	28
D4280.contig140	2116	215	14
D4280.contig141	2098	144	13
D4280.contig142	2095	288	14
D4280.contig143	2078	229	11
D4280.contig144	2037	285	11
D4280.contig145	2004	187	4
D4280.contig146	1967	201577	5758
D4280.contig147	1956	4962	138
D4280.contig148	1946	484	22
D4280.contig149	1938	128	3
D4280.contig150	1909	276	11
D4280.contig151	1908	151	16
D4280.contig152	1891	191	9
D4280.contig153	1879	1371	52
D4280.contig154	1869	562	17
D4280.contig155	1857	274	10
D4280.contig156	1844	187	19
D4280.contig157	1783	141	20
D4280.contig158	1727	110	3
D4280.contig159	1716	107	7
D4280.contig160	1712	93	11
D4280.contig161	1701	167	13
D4280.contig162	1694	97	10
D4280.contig163	1689	477	11
D4280.contig164	1681	21581	318
D4280.contig165	1680	230	18
D4280.contig166	1644	119	18
D4280.contig167	1643	348	12
D4280.contig168	1634	156	9
D4280.contig169	1630	763	27
D4280.contig170	1616	87	6
D4280.contig171	1571	2897	66
D4280.contig172	1558	256	15
D4280.contig173	1540	161	18
D4280.contig174	1539	94	6
D4280.contig175	1525	107	3
D4280.contig176	1518	418	47
D4280.contig177	1509	155	15
D4280.contig178	1505	292	34
D4280.contig179	1490	124	4
D4280.contig180	1489	1911	32
D4280.contig181	1488	105	6
D4280.contig182	1486	697	28
D4280.contig183	1478	120	10
D4280.contig184	1474	147	6
D4280.contig185	1453	106	10
D4280.contig186	1446	222	10
D4280.contig187	1436	106	7
D4280.contig188	1433	97	8
D4280.contig189	1433	3438	114
D4280.contig190	1415	9353	298
D4280.contig191	1407	92	11
D4280.contig192	1402	108	8
D4280.contig193	1394	156	5
D4280.contig194	1392	112	13
D4280.contig195	1344	96	8
D4280.contig196	1339	125	8
D4280.contig197	1320	57	12
D4280.contig198	1310	85	5
D4280.contig199	1307	163	11
D4280.contig200	1292	78	13
D4280.contig201	1290	99	10
D4280.contig202	1290	95	5
D4280.contig203	1289	421	14
D4280.contig204	1279	93	6
D4280.contig205	1271	801	23
D4280.contig206	1269	7011	131
D4280.contig207	1259	33	5
D4280.contig208	1258	72	8
D4280.contig209	1254	87	11
D4280.contig210	1253	831	38
D4280.contig211	1243	227	9
D4280.contig212	1238	19545	925
D4280.contig213	1234	126	5
D4280.contig214	1218	133	10
D4280.contig215	1211	101	18
D4280.contig216	1208	117	4
D4280.contig217	1206	129	7
D4280.contig218	1206	64	8
D4280.contig219	1198	43	10
D4280.contig220	1175	374	30
D4280.contig221	1168	90	7
D4280.contig222	1164	532	11
D4280.contig223	1159	59	5
D4280.contig224	1152	133	11
D4280.contig225	1150	75	11
D4280.contig226	1137	51	15
D4280.contig227	1136	61	8
D4280.contig228	1130	102	11
D4280.contig229	1127	75	9
D4280.contig230	1124	68	5
D4280.contig231	1123	63	3
D4280.contig232	1111	48	11
D4280.contig233	1107	50	6
D4280.contig234	1099	68	12
D4280.contig235	1084	89	10
D4280.contig236	1083	155	5
D4280.contig237	1079	247	23
D4280.contig238	1072	391	24
D4280.contig239	1038	43	9
D4280.contig240	1029	102	16
D4280.contig241	1029	51	19
D4280.contig242	1020	72	9
D4280.contig243	1013	52	10
D4280.contig244	1005	44	2
D4280.contig245	1003	50	13
D4280.contig246	1002	68	7
D4280.contig247	1001	47	8
D4280.contig248	994	66	12
D4280.contig249	991	675	24
D4280.contig250	990	32	8
D4280.contig251	984	194	7
D4280.contig252	977	46	6
D4280.contig253	972	48	9
D4280.contig254	966	62	7
D4280.contig255	965	55	6
D4280.contig256	960	60	9
D4280.contig257	958	62	5
D4280.contig258	957	314	15
D4280.contig259	952	38	9
D4280.contig260	942	81	15
D4280.contig261	939	54	6
D4280.contig262	939	73	9
D4280.contig263	935	25	13
D4280.contig264	931	75	9
D4280.contig265	929	52	8
D4280.contig266	927	86	3
D4280.contig267	926	48	9
D4280.contig268	923	63	11
D4280.contig269	920	63	13
D4280.contig270	915	34	10
D4280.contig271	911	73	6
D4280.contig272	907	53	6
D4280.contig273	907	44	14
D4280.contig274	906	46	12
D4280.contig275	903	37	6
D4280.contig276	897	67	4
D4280.contig277	894	45962	1243
D4280.contig278	890	39	6
D4280.contig279	889	60	3
D4280.contig280	889	37	5
D4280.contig281	886	379	77
D4280.contig282	885	50	7
D4280.contig283	877	66	14
D4280.contig284	877	52	7
D4280.contig285	875	52	6
D4280.contig286	863	39	16
D4280.contig287	862	46	12
D4280.contig288	858	43	13
D4280.contig289	856	46	5
D4280.contig290	853	67	5
D4280.contig291	849	51	7
D4280.contig292	839	84	8
D4280.contig293	836	45	6
D4280.contig294	836	23	9
D4280.contig295	836	88088	1695
D4280.contig296	829	29	7
D4280.contig297	823	43	10
D4280.contig298	823	19367	502
D4280.contig299	822	42	6
D4280.contig300	822	38	3
D4280.contig301	816	296	13
D4280.contig302	804	45	10
D4280.contig303	802	84	10
D4280.contig304	801	30	6
D4280.contig305	799	54	8
D4280.contig306	796	35	12
D4280.contig307	793	31	2
D4280.contig308	791	35	10
D4280.contig309	791	33	8
D4280.contig310	790	30144	1285
D4280.contig311	781	29	6
D4280.contig312	778	49	4
D4280.contig313	774	27	5
D4280.contig314	772	38	16
D4280.contig315	765	16	6
D4280.contig316	760	31	6
D4280.contig317	755	42	6
D4280.contig318	754	36	7
D4280.contig319	753	40	9
D4280.contig320	747	28	10
D4280.contig321	741	107	5
D4280.contig322	739	95	2
D4280.contig323	737	630	44
D4280.contig324	735	32	9
D4280.contig325	732	28	6
D4280.contig326	732	75	14
D4280.contig327	731	32	1
D4280.contig328	731	157	8
D4280.contig329	730	41	6
D4280.contig330	728	27	1
D4280.contig331	727	130	10
D4280.contig332	725	37	11
D4280.contig333	721	63	5
D4280.contig334	717	22	6
D4280.contig335	712	26	8
D4280.contig336	712	4204	207
D4280.contig337	711	42	4
D4280.contig338	702	39	4
D4280.contig339	701	25	5
D4280.contig340	691	27	9
D4280.contig341	690	242	6
D4280.contig342	689	37	4
D4280.contig343	686	48	7
D4280.contig344	684	51	12
D4280.contig345	681	36	12
D4280.contig346	681	57	7
D4280.contig347	676	24	11
D4280.contig348	675	41	4
D4280.contig349	675	32	11
D4280.contig350	673	447	15
D4280.contig351	672	24508	548
D4280.contig352	669	39	10
D4280.contig353	665	30	7
D4280.contig354	661	27	7
D4280.contig355	658	30	5
D4280.contig356	657	35	8
D4280.contig357	655	43	2
D4280.contig358	649	47	5
D4280.contig359	646	30	6
D4280.contig360	645	30	5
D4280.contig361	644	25	8
D4280.contig362	644	34	7
D4280.contig363	643	38	8
D4280.contig364	643	32	5
D4280.contig365	642	33	5
D4280.contig366	641	950	49
D4280.contig367	639	18	6
D4280.contig368	639	1392	53
D4280.contig369	638	124	2
D4280.contig370	638	24	5
D4280.contig371	636	38	7
D4280.contig372	636	44	8
D4280.contig373	635	51	13
D4280.contig374	632	50	9
D4280.contig375	631	136	6
D4280.contig376	630	25	9
D4280.contig377	628	20	8
D4280.contig378	628	26	2
D4280.contig379	624	34	9
D4280.contig380	624	29	6
D4280.contig381	623	39	6
D4280.contig382	623	23	1
D4280.contig383	622	32	6
D4280.contig384	621	33	4
D4280.contig385	620	35	11
D4280.contig386	619	48	9
D4280.contig387	617	48	8
D4280.contig388	615	56	10
D4280.contig389	611	28	3
D4280.contig390	609	21	6
D4280.contig391	607	29	10
D4280.contig392	606	32	2
D4280.contig393	605	50	5
D4280.contig394	604	27	2
D4280.contig395	604	40	2
D4280.contig396	603	24	7
D4280.contig397	600	214	5
D4280.contig398	600	31	4
D4280.contig399	599	22	8
D4280.contig400	595	23	7
D4280.contig401	595	47	0
D4280.contig402	593	9	1
D4280.contig403	592	27	6
D4280.contig404	590	91	4
D4280.contig405	589	27	4
D4280.contig406	588	6169	202
D4280.contig407	588	14	6
D4280.contig408	586	33	12
D4280.contig409	584	20	7
D4280.contig410	584	34	4
D4280.contig411	583	165	8
D4280.contig412	580	18738	3361
D4280.contig413	579	14	6
D4280.contig414	579	18	10
D4280.contig415	579	16	6
D4280.contig416	579	24	7
D4280.contig417	575	19	9
D4280.contig418	574	12	5
D4280.contig419	569	17	16
D4280.contig420	569	40	12
D4280.contig421	569	23	6
D4280.contig422	567	20	5
D4280.contig423	566	18	14
D4280.contig424	566	17	7
D4280.contig425	566	15	2
D4280.contig426	563	220	20
D4280.contig427	562	17	5
D4280.contig428	561	20	12
D4280.contig429	560	17	3
D4280.contig430	557	27	10
D4280.contig431	555	14	8
D4280.contig432	554	28	4
D4280.contig433	553	15	5
D4280.contig434	552	24	8
D4280.contig435	551	13	5
D4280.contig436	549	17	5
D4280.contig437	549	19	7
D4280.contig438	549	25	4
D4280.contig439	545	18	10
D4280.contig440	543	18	6
D4280.contig441	543	21703	306
D4280.contig442	541	14	8
D4280.contig443	539	30	1
D4280.contig444	539	14	12
D4280.contig445	536	20	8
D4280.contig446	536	6	0
D4280.contig447	535	29	6
D4280.contig448	532	41	12
D4280.contig449	531	13	4
D4280.contig450	529	16	7
D4280.contig451	528	32	20
D4280.contig452	527	26	7
D4280.contig453	527	152	4
D4280.contig454	526	20	4
D4280.contig455	526	17	5
D4280.contig456	525	274	8
D4280.contig457	522	16	7
D4280.contig458	522	15	8
D4280.contig459	522	1188	41
D4280.contig460	522	30	6
D4280.contig461	520	17	9
D4280.contig462	519	24	7
D4280.contig463	517	18	7
D4280.contig464	515	18	7
D4280.contig465	515	35	2
D4280.contig466	515	18	6
D4280.contig467	514	153	8
D4280.contig468	514	16	5
D4280.contig469	512	15	2
D4280.contig470	509	26	2
D4280.contig471	505	32	4
D4280.contig472	504	18	10
D4280.contig473	500	17	9
D4280.contig474	500	35	8
D4280.contig475	497	34	8
D4280.contig476	496	29	4
D4280.contig477	491	17	9
D4280.contig478	489	24	8
D4280.contig479	487	15	7
D4280.contig480	487	18	10
D4280.contig481	486	23	6
D4280.contig482	486	19	4
D4280.contig483	486	234	13
D4280.contig484	484	40	12
D4280.contig485	484	28	4
D4280.contig486	482	11	7
D4280.contig487	481	129	7
D4280.contig488	481	31	10
D4280.contig489	480	22	12
D4280.contig490	479	12	8
D4280.contig491	478	14	3
D4280.contig492	477	15	7
D4280.contig493	477	11782	624
D4280.contig494	476	404	12
D4280.contig495	474	23	3
D4280.contig496	473	19	8
D4280.contig497	471	15	6
D4280.contig498	470	13	1
D4280.contig499	470	13	5
D4280.contig500	469	22	5
D4280.contig501	468	9	4
D4280.contig502	464	23	4
D4280.contig503	464	10	6
D4280.contig504	464	11	1
D4280.contig505	464	23	3
D4280.contig506	463	19	6
D4280.contig507	462	28	2
D4280.contig508	461	27	0
D4280.contig509	461	21	13
D4280.contig510	460	27	5
D4280.contig511	460	21	10
D4280.contig512	460	19	5
D4280.contig513	459	48	20
D4280.contig514	458	5	1
D4280.contig515	457	18	8
D4280.contig516	456	14	4
D4280.contig517	456	7	1
D4280.contig518	456	19	5
D4280.contig519	455	18	11
D4280.contig520	454	24	2
D4280.contig521	454	17	3
D4280.contig522	451	15	5
D4280.contig523	451	18	11
D4280.contig524	450	15	3
D4280.contig525	449	15	9
D4280.contig526	447	17	5
D4280.contig527	447	15	9
D4280.contig528	446	41	4
D4280.contig529	446	16	8
D4280.contig530	446	49	9
D4280.contig531	446	13	3
D4280.contig532	445	10	6
D4280.contig533	444	19	6
D4280.contig534	444	14	4
D4280.contig535	443	24	9
D4280.contig536	443	17	11
D4280.contig537	443	21	5
D4280.contig538	443	15	13
D4280.contig539	443	57	1
D4280.contig540	442	16	8
D4280.contig541	441	13	7
D4280.contig542	441	103	11
D4280.contig543	440	10	6
D4280.contig544	440	17	3
D4280.contig545	440	14	4
D4280.contig546	440	6	2
D4280.contig547	440	8	8
D4280.contig548	439	19	17
D4280.contig549	438	14	10
D4280.contig550	438	13	3
D4280.contig551	438	17	3
D4280.contig552	438	17	5
D4280.contig553	437	14	6
D4280.contig554	436	27	3
D4280.contig555	436	8	2
D4280.contig556	435	11	7
D4280.contig557	435	11	7
D4280.contig558	435	18	2
D4280.contig559	435	16	5
D4280.contig560	434	18	8
D4280.contig561	434	11	5
D4280.contig562	433	13	3
D4280.contig563	433	14	6
D4280.contig564	433	9	5
D4280.contig565	433	15	7
D4280.contig566	432	23	1
D4280.contig567	432	21	9
D4280.contig568	432	8	1
D4280.contig569	431	17	2
D4280.contig570	430	20	12
D4280.contig571	430	12	4
D4280.contig572	430	26	0
D4280.contig573	429	15	3
D4280.contig574	429	16	10
D4280.contig575	429	12	3
D4280.contig576	429	16	3
D4280.contig577	428	12	6
D4280.contig578	427	16	14
D4280.contig579	427	18	9
D4280.contig580	426	12	4
D4280.contig581	424	22	8
D4280.contig582	423	24	4
D4280.contig583	423	23	9
D4280.contig584	423	13	7
D4280.contig585	421	13	3
D4280.contig586	421	9	1
D4280.contig587	420	18	5
D4280.contig588	418	15	9
D4280.contig589	418	15	4
D4280.contig590	418	9	9
D4280.contig591	417	12	4
D4280.contig592	416	11	2
D4280.contig593	416	19	5
D4280.contig594	416	15	8
D4280.contig595	415	27	5
D4280.contig596	414	16	1
D4280.contig597	414	12	6
D4280.contig598	413	12	6
D4280.contig599	412	1007	51
D4280.contig600	412	21	2
D4280.contig601	412	19	8
D4280.contig602	411	12	6
D4280.contig603	410	15	7
D4280.contig604	410	29	9
D4280.contig605	409	13	2
D4280.contig606	409	120	19
D4280.contig607	407	15	4
D4280.contig608	406	26	2
D4280.contig609	403	19	7
D4280.contig610	402	12	6
D4280.contig611	401	11	7
D4280.contig612	401	14	2
D4280.contig613	400	17	5
D4280.contig614	399	12	6
D4280.contig615	398	13	4
D4280.contig616	396	14	6
D4280.contig617	394	12	8
D4280.contig618	393	19	6
D4280.contig619	393	3	1
D4280.contig620	392	20	4
D4280.contig621	392	16	7
D4280.contig622	392	11	7
D4280.contig623	391	13	9
D4280.contig624	389	23	8
D4280.contig625	389	8	4
D4280.contig626	388	13	11
D4280.contig627	387	9	5
D4280.contig628	387	6	2
D4280.contig629	386	3	1
D4280.contig630	384	15	3
D4280.contig631	384	21	1
D4280.contig632	384	12	3
D4280.contig633	384	14	6
D4280.contig634	383	25	10
D4280.contig635	382	15	6
D4280.contig636	381	10718	266
D4280.contig637	381	13	5
D4280.contig638	381	9	9
D4280.contig639	380	12	8
D4280.contig640	380	11	8
D4280.contig641	379	18	9
D4280.contig642	379	10	6
D4280.contig643	377	188	11
D4280.contig644	376	19	9
D4280.contig645	376	15	11
D4280.contig646	375	11	5
D4280.contig647	375	12	2
D4280.contig648	375	18	7
D4280.contig649	374	2	2
D4280.contig650	374	19	3
D4280.contig651	374	10	6
D4280.contig652	374	13	9
D4280.contig653	373	13	10
D4280.contig654	373	19	11
D4280.contig655	373	20	0
D4280.contig656	373	9	5
D4280.contig657	371	12	12
D4280.contig658	370	12	6
D4280.contig659	370	7	5
D4280.contig660	370	13	5
D4280.contig661	370	11	6
D4280.contig662	369	15	13
D4280.contig663	369	6	6
D4280.contig664	368	160	7
D4280.contig665	368	11	8
D4280.contig666	367	14	7
D4280.contig667	367	3	3
D4280.contig668	367	16	0
D4280.contig669	366	14	8
D4280.contig670	366	18	12
D4280.contig671	366	11	6
D4280.contig672	365	11	6
D4280.contig673	365	13	7
D4280.contig674	365	13	4
D4280.contig675	364	14	4
D4280.contig676	364	11	7
D4280.contig677	361	5	1
D4280.contig678	361	10	2
D4280.contig679	359	17	1
D4280.contig680	357	6	0
D4280.contig681	357	10	4
D4280.contig682	356	9599	368
D4280.contig683	356	11	8
D4280.contig684	356	6	4
D4280.contig685	356	17	5
D4280.contig686	355	13	11
D4280.contig687	354	14	12
D4280.contig688	354	12	0
D4280.contig689	354	14	4
D4280.contig690	353	22	8
D4280.contig691	353	9	5
D4280.contig692	353	16	0
D4280.contig693	352	18	4
D4280.contig694	352	14	0
D4280.contig695	352	14	6
D4280.contig696	351	15	2
D4280.contig697	351	6	0
D4280.contig698	351	20	1
D4280.contig699	350	10	6
D4280.contig700	349	11	9
D4280.contig701	349	8	6
D4280.contig702	348	75	1
D4280.contig703	348	11	9
D4280.contig704	348	16	6
D4280.contig705	348	79	0
D4280.contig706	348	7	2
D4280.contig707	347	10	8
D4280.contig708	347	4	0
D4280.contig709	347	10	3
D4280.contig710	347	17	3
D4280.contig711	347	12	6
D4280.contig712	346	11	2
D4280.contig713	345	9	7
D4280.contig714	345	13	7
D4280.contig715	345	12	6
D4280.contig716	344	104	9
D4280.contig717	344	122	8
D4280.contig718	344	7	2
D4280.contig719	341	14	4
D4280.contig720	341	13	2
D4280.contig721	340	20	4
D4280.contig722	340	9	7
D4280.contig723	340	11	3
D4280.contig724	340	11	0
D4280.contig725	338	10	4
D4280.contig726	338	6	4
D4280.contig727	338	7	2
D4280.contig728	338	9	5
D4280.contig729	338	8	4
D4280.contig730	338	17	2
D4280.contig731	338	10	5
D4280.contig732	337	15	6
D4280.contig733	337	19	5
D4280.contig734	336	12	8
D4280.contig735	336	12	2
D4280.contig736	335	5	5
D4280.contig737	334	7	3
D4280.contig738	334	6	0
D4280.contig739	333	10	5
D4280.contig740	333	8	5
D4280.contig741	333	69	1
D4280.contig742	332	14	8
D4280.contig743	331	7	6
D4280.contig744	331	6743	410
D4280.contig745	331	9	5
D4280.contig746	331	14	3
D4280.contig747	331	8	4
D4280.contig748	330	9	5
D4280.contig749	330	11	7
D4280.contig750	329	13	0
D4280.contig751	329	17	9
D4280.contig752	329	15	4
D4280.contig753	328	12	3
D4280.contig754	327	7	6
D4280.contig755	327	9	4
D4280.contig756	327	1007	45
D4280.contig757	326	9	5
D4280.contig758	326	4	4
D4280.contig759	326	5	1
D4280.contig760	325	24	2
D4280.contig761	325	7	5
D4280.contig762	324	9	4
D4280.contig763	323	20	9
D4280.contig764	321	10	3
D4280.contig765	321	11	9
D4280.contig766	321	7	5
D4280.contig767	320	16	11
D4280.contig768	320	13	4
D4280.contig769	318	17	3
D4280.contig770	318	9	5
D4280.contig771	318	64	0
D4280.contig772	318	8	2
D4280.contig773	317	10	5
D4280.contig774	317	8	6
D4280.contig775	316	10	4
D4280.contig776	315	16	2
D4280.contig777	315	26	2
D4280.contig778	314	42	1
D4280.contig779	314	8	4
D4280.contig780	313	2751	130
D4280.contig781	313	10	8
D4280.contig782	313	10	4
D4280.contig783	313	107	3
D4280.contig784	313	15	3
D4280.contig785	312	8	8
D4280.contig786	312	68	0
D4280.contig787	311	7	5
D4280.contig788	310	1810	181
D4280.contig789	309	7	7
D4280.contig790	309	5	5
D4280.contig791	309	7	4
D4280.contig792	308	9	3
D4280.contig793	307	11	9
D4280.contig794	307	11	7
D4280.contig795	307	9	5
D4280.contig796	307	8	5
D4280.contig797	307	681	43
D4280.contig798	307	5	5
D4280.contig799	306	10	2
D4280.contig800	306	49	3
D4280.contig801	306	13	7
D4280.contig802	306	7	1
D4280.contig803	304	5	3
D4280.contig804	304	7	3
D4280.contig805	303	5	5
D4280.contig806	303	13	3
D4280.contig807	303	18	6
D4280.contig808	302	7	3
D4280.contig809	302	15	2
D4280.contig810	301	10	8
D4280.contig811	301	13	6
D4280.contig812	300	10	2
D4280.contig813	300	4	4
D4280.contig814	300	9	1
*	0	0	36798
