R3404.contig1	2962	112046	3374
R3404.contig2	2158	7782	120
R3404.contig3	2118	6732	32
R3404.contig4	2106	630	11
R3404.contig5	1999	1740	24
R3404.contig6	1816	394	2
R3404.contig7	1787	6316	99
R3404.contig8	1758	336	2
R3404.contig9	1753	399	4
R3404.contig10	1748	558	12
R3404.contig11	1688	294	8
R3404.contig12	1592	309	13
R3404.contig13	1514	855	25
R3404.contig14	1491	602	9
R3404.contig15	1490	1385	18
R3404.contig16	1482	4332	865
R3404.contig17	1462	834	6
R3404.contig18	1414	3582	766
R3404.contig19	1411	143	1
R3404.contig20	1364	181	3
R3404.contig21	1360	273	4
R3404.contig22	1351	159	9
R3404.contig23	1312	70	2
R3404.contig24	1309	291	3
R3404.contig25	1265	1745	17
R3404.contig26	1263	779	15
R3404.contig27	1254	117963	3341
R3404.contig28	1251	723	5
R3404.contig29	1247	271	6
R3404.contig30	1225	123	5
R3404.contig31	1209	78	2
R3404.contig32	1203	214	2
R3404.contig33	1168	14899	117
R3404.contig34	1164	169	3
R3404.contig35	1162	358	13
R3404.contig36	1162	1895	14
R3404.contig37	1160	51	1
R3404.contig38	1159	383	5
R3404.contig39	1127	276	10
R3404.contig40	1117	1516	22
R3404.contig41	1077	228	0
R3404.contig42	1063	78	5
R3404.contig43	1054	65	3
R3404.contig44	1051	174	8
R3404.contig45	1050	343	3
R3404.contig46	1048	141882	5963
R3404.contig47	1043	114	0
R3404.contig48	1043	2181	27
R3404.contig49	1013	109	10
R3404.contig50	1001	1191	29
R3404.contig51	995	123798	23357
R3404.contig52	992	92	8
R3404.contig53	980	463	15
R3404.contig54	978	62215	4026
R3404.contig55	977	147	3
R3404.contig56	975	42297	1792
R3404.contig57	970	819	14
R3404.contig58	969	799	114
R3404.contig59	959	2550	12
R3404.contig60	944	142	1
R3404.contig61	939	572	5
R3404.contig62	933	13518	79
R3404.contig63	921	429	5
R3404.contig64	918	60433	1383
R3404.contig65	915	2101	21
R3404.contig66	902	244	2
R3404.contig67	901	841	18
R3404.contig68	899	259	32
R3404.contig69	891	237	21
R3404.contig70	881	52	2
R3404.contig71	881	35439	1278
R3404.contig72	867	36348	1345
R3404.contig73	866	286	8
R3404.contig74	865	18909	632
R3404.contig75	859	35	7
R3404.contig76	858	71	4
R3404.contig77	848	748	21
R3404.contig78	846	2304	247
R3404.contig79	839	4217	101
R3404.contig80	834	187	3
R3404.contig81	813	7027	106
R3404.contig82	810	547	12
R3404.contig83	806	396	4
R3404.contig84	803	129	3
R3404.contig85	793	225	3
R3404.contig86	780	79	7
R3404.contig87	778	57	6
R3404.contig88	778	1189	190
R3404.contig89	774	1320	60
R3404.contig90	764	46	0
R3404.contig91	757	183	4
R3404.contig92	753	1109	16
R3404.contig93	751	76	0
R3404.contig94	750	27	7
R3404.contig95	747	716	15
R3404.contig96	746	1975	28
R3404.contig97	741	29214	1236
R3404.contig98	735	1953	13
R3404.contig99	730	36	4
R3404.contig100	720	10006	3266
R3404.contig101	719	2470	43
R3404.contig102	716	671	43
R3404.contig103	714	79	13
R3404.contig104	712	19	9
R3404.contig105	711	66	4
R3404.contig106	710	68629	1732
R3404.contig107	709	54	2
R3404.contig108	708	36742	1537
R3404.contig109	707	89	2
R3404.contig110	707	278	6
R3404.contig111	705	298	4
R3404.contig112	703	61	9
R3404.contig113	702	159	3
R3404.contig114	702	299	2
R3404.contig115	699	53	4
R3404.contig116	686	141	5
R3404.contig117	681	2293	158
R3404.contig118	673	26	10
R3404.contig119	673	13649	375
R3404.contig120	672	1253	14
R3404.contig121	669	35	7
R3404.contig122	664	165508	8162
R3404.contig123	662	294	29
R3404.contig124	661	360	8
R3404.contig125	659	153	8
R3404.contig126	659	118449	2179
R3404.contig127	653	8084	140
R3404.contig128	651	12146	4944
R3404.contig129	645	181	1
R3404.contig130	644	1065	34
R3404.contig131	643	27445	2299
R3404.contig132	639	8195	360
R3404.contig133	639	23805	2055
R3404.contig134	639	31806	4777
R3404.contig135	638	2105	126
R3404.contig136	633	19	4
R3404.contig137	631	290	4
R3404.contig138	631	60	8
R3404.contig139	631	124	2
R3404.contig140	630	34	6
R3404.contig141	624	3479	200
R3404.contig142	623	5746	256
R3404.contig143	612	16686	1249
R3404.contig144	612	76	2
R3404.contig145	608	1853	97
R3404.contig146	608	34	8
R3404.contig147	604	12708	210
R3404.contig148	603	23	3
R3404.contig149	601	660	12
R3404.contig150	601	146	6
R3404.contig151	586	182	2
R3404.contig152	585	13114	1357
R3404.contig153	582	19	6
R3404.contig154	582	105	11
R3404.contig155	576	42353	1590
R3404.contig156	573	1092	12
R3404.contig157	571	27739	1327
R3404.contig158	565	96	4
R3404.contig159	565	19	7
R3404.contig160	560	245	3
R3404.contig161	558	97	11
R3404.contig162	552	7807	214
R3404.contig163	547	892	17
R3404.contig164	542	25	5
R3404.contig165	541	36	2
R3404.contig166	539	53	1
R3404.contig167	538	694	40
R3404.contig168	536	33	1
R3404.contig169	535	17	5
R3404.contig170	532	98	0
R3404.contig171	531	23	1
R3404.contig172	526	38	2
R3404.contig173	519	57	3
R3404.contig174	518	41	1
R3404.contig175	512	1949	242
R3404.contig176	509	150577	6288
R3404.contig177	508	38	8
R3404.contig178	508	1075	15
R3404.contig179	503	53	3
R3404.contig180	503	1505	53
R3404.contig181	503	31	9
R3404.contig182	502	23	9
R3404.contig183	499	9809	709
R3404.contig184	495	2643	414
R3404.contig185	491	63	1
R3404.contig186	490	258	4
R3404.contig187	490	220	6
R3404.contig188	490	93	1
R3404.contig189	486	28	2
R3404.contig190	482	19	7
R3404.contig191	472	44	2
R3404.contig192	466	15	3
R3404.contig193	463	2640	673
R3404.contig194	460	42	8
R3404.contig195	459	96	3
R3404.contig196	458	63	12
R3404.contig197	458	1378	19
R3404.contig198	452	984	11
R3404.contig199	445	81	5
R3404.contig200	443	79	2
R3404.contig201	441	12	6
R3404.contig202	440	25	7
R3404.contig203	438	17649	878
R3404.contig204	437	255	4
R3404.contig205	435	22	5
R3404.contig206	435	13855	475
R3404.contig207	431	1654	147
R3404.contig208	430	16	11
R3404.contig209	429	103445	8518
R3404.contig210	427	16063	1228
R3404.contig211	427	19	3
R3404.contig212	423	12	3
R3404.contig213	422	2712	94
R3404.contig214	422	10	2
R3404.contig215	414	17	5
R3404.contig216	409	19	5
R3404.contig217	407	24	1
R3404.contig218	407	15	3
R3404.contig219	400	18	2
R3404.contig220	400	13	1
R3404.contig221	394	17	3
R3404.contig222	392	28588	4046
R3404.contig223	391	2030	301
R3404.contig224	390	109	3
R3404.contig225	390	285	69
R3404.contig226	390	799	50
R3404.contig227	389	13	5
R3404.contig228	381	29	5
R3404.contig229	381	30	1
R3404.contig230	381	13	2
R3404.contig231	381	31	3
R3404.contig232	380	1589	55
R3404.contig233	380	30	8
R3404.contig234	379	129	2
R3404.contig235	379	982	38
R3404.contig236	377	6786	225
R3404.contig237	377	2752	84
R3404.contig238	374	15	9
R3404.contig239	370	18924	681
R3404.contig240	367	21	1
R3404.contig241	363	43	5
R3404.contig242	363	116	2
R3404.contig243	362	1437	48
R3404.contig244	361	14	1
R3404.contig245	356	179	8
R3404.contig246	353	23	1
R3404.contig247	348	759	22
R3404.contig248	345	15209	417
R3404.contig249	340	28	3
R3404.contig250	337	27	11
R3404.contig251	336	17764	7977
R3404.contig252	333	32838	722
R3404.contig253	333	385	15
R3404.contig254	330	5397	2158
R3404.contig255	328	25	3
R3404.contig256	328	771	265
R3404.contig257	327	15	2
R3404.contig258	325	7128	2036
R3404.contig259	324	185	10
R3404.contig260	323	14	6
R3404.contig261	320	32	0
R3404.contig262	320	111	3
R3404.contig263	319	24851	1936
R3404.contig264	318	7	3
R3404.contig265	315	294	10
R3404.contig266	311	14	8
R3404.contig267	311	13	9
R3404.contig268	310	34	5
R3404.contig269	309	17	5
R3404.contig270	308	7	3
R3404.contig271	307	60394	12903
R3404.contig272	307	5	4
R3404.contig273	304	10	6
R3404.contig274	303	974	132
R3404.contig275	302	68	0
R3404.contig276	302	13	0
R3404.contig277	302	38	0
R3404.contig278	301	34	0
R3404.contig279	301	8	4
R3404.contig280	301	8	2
R3404.contig281	301	14	6
*	0	0	408888
