wgs13.contig1	790935	107247	6742
wgs13.contig2	655541	103247	8691
wgs13.contig3	514218	102074	10443
wgs13.contig4	424287	54847	3305
wgs13.contig5	305259	51634	4410
wgs13.contig6	304485	61999	6451
wgs13.contig7	287486	61215	5573
wgs13.contig8	223350	44866	4394
wgs13.contig9	201580	36265	4154
wgs13.contig10	151904	22737	1246
wgs13.contig11	115372	25786	3139
wgs13.contig12	111321	24867	2691
wgs13.contig13	111286	20511	1936
wgs13.contig14	88524	13965	1090
wgs13.contig15	81959	44673	2231
wgs13.contig16	76655	22277	2867
wgs13.contig17	75088	15060	1472
wgs13.contig18	74404	11289	311
wgs13.contig19	29400	7305	966
wgs13.contig20	26621	18753	826
wgs13.contig21	25878	14290	1001
wgs13.contig22	21177	3984	438
wgs13.contig23	19414	2672	23
wgs13.contig24	19277	2519	47
wgs13.contig25	15263	2163	84
wgs13.contig26	8320	1504	228
wgs13.contig27	3493	883	208
wgs13.contig28	2620	1013	191
wgs13.contig29	1644	13650	466
wgs13.contig30	1336	2650	373
wgs13.contig31	1285	1955	8
wgs13.contig32	1085	6040	248
wgs13.contig33	1061	9048	467
wgs13.contig34	821	5440	132
wgs13.contig35	815	6254	38
wgs13.contig36	763	0	0
wgs13.contig37	462	0	0
wgs13.contig38	452	0	0
wgs13.contig39	447	0	0
wgs13.contig40	380	0	0
wgs13.contig41	316	182	12
wgs13.contig42	311	25	0
wgs13.contig43	287	646	17
wgs13.contig44	282	28	0
wgs13.contig45	280	17	0
wgs13.contig46	269	11	0
wgs13.contig47	267	137	58
wgs13.contig48	266	177	3
wgs13.contig49	262	95	1
wgs13.contig50	261	24	14
wgs13.contig51	260	27	2
wgs13.contig52	259	478	120
wgs13.contig53	257	202	3
wgs13.contig54	256	102	1
wgs13.contig55	255	205	8
wgs13.contig56	255	25	2
wgs13.contig57	255	440	33
wgs13.contig58	255	109	3
wgs13.contig59	255	21	0
wgs13.contig60	255	186	14
wgs13.contig61	255	12	0
wgs13.contig62	255	87	0
wgs13.contig63	254	18	0
wgs13.contig64	249	33	0
wgs13.contig65	241	0	0
wgs13.contig66	236	241	14
wgs13.contig67	232	478	25
wgs13.contig68	228	375	51
wgs13.contig69	221	17	3
wgs13.contig70	199	2	0
wgs13.contig71	188	104	20
wgs13.contig72	171	52	2
wgs13.contig73	171	38	7
wgs13.contig74	171	68	1
wgs13.contig75	143	23	12
wgs13.contig76	140	0	0
wgs13.contig77	135	0	0
wgs13.contig78	133	9	0
wgs13.contig79	128	0	0
wgs13.contig80	128	0	0
*	0	0	4662680
