R3750.contig1	2462	2	0
R3750.contig2	1947	522	38
R3750.contig3	857	2575347	236796
R3750.contig4	815	2272499	227612
R3750.contig5	765	0	0
R3750.contig6	665	458251	107511
R3750.contig7	613	836986	173264
R3750.contig8	578	26	5
R3750.contig9	519	1166	22
R3750.contig10	513	157163	29672
R3750.contig11	470	62281	8147
R3750.contig12	469	175636	56623
R3750.contig13	463	432640	139737
R3750.contig14	447	0	0
R3750.contig15	430	0	0
R3750.contig16	427	0	0
R3750.contig17	425	556	129
R3750.contig18	416	0	0
R3750.contig19	396	39937	7527
R3750.contig20	396	0	0
R3750.contig21	396	0	0
R3750.contig22	379	1191	436
R3750.contig23	379	96	10
R3750.contig24	359	0	0
R3750.contig25	359	3089	1318
R3750.contig26	357	0	0
R3750.contig27	305	289	36
R3750.contig28	303	7400	2042
*	0	0	19342096
