R3981.contig1	2105	739	91
R3981.contig2	2073	24061	371
R3981.contig3	1756	4158030	203772
R3981.contig4	1721	1015	345
R3981.contig5	1400	3133314	152015
R3981.contig6	1343	115477	22129
R3981.contig7	1341	4	1
R3981.contig8	1162	3085	65
R3981.contig9	1158	345068	54970
R3981.contig10	1097	172	12
R3981.contig11	1054	7556	1394
R3981.contig12	1022	2647	1249
R3981.contig13	948	72	8
R3981.contig14	944	171	13
R3981.contig15	931	49	3
R3981.contig16	887	942	126
R3981.contig17	859	830	372
R3981.contig18	854	2096	928
R3981.contig19	851	0	0
R3981.contig20	844	7063	2672
R3981.contig21	793	771	203
R3981.contig22	779	3	0
R3981.contig23	776	1	0
R3981.contig24	766	42074	18147
R3981.contig25	742	52	2
R3981.contig26	740	0	0
R3981.contig27	722	245	45
R3981.contig28	716	8893	2213
R3981.contig29	697	2592	717
R3981.contig30	694	822309	155327
R3981.contig31	689	11486	2070
R3981.contig32	637	69522	11499
R3981.contig33	635	3472	1210
R3981.contig34	626	173	25
R3981.contig35	621	5	2
R3981.contig36	591	352	36
R3981.contig37	589	91	11
R3981.contig38	581	0	0
R3981.contig39	566	2765	331
R3981.contig40	563	870	177
R3981.contig41	558	1	1
R3981.contig42	554	179	5
R3981.contig43	553	86701	32148
R3981.contig44	539	132	7
R3981.contig45	532	3561	1632
R3981.contig46	529	38	2
R3981.contig47	528	47	21
R3981.contig48	528	0	0
R3981.contig49	524	0	0
R3981.contig50	515	1333	480
R3981.contig51	513	46	9
R3981.contig52	509	33	1
R3981.contig53	500	17	1
R3981.contig54	500	76	11
R3981.contig55	487	451	9
R3981.contig56	483	24200	9625
R3981.contig57	481	3	1
R3981.contig58	479	170	29
R3981.contig59	474	38802	9208
R3981.contig60	471	567	101
R3981.contig61	470	9559	4907
R3981.contig62	469	11449	2231
R3981.contig63	467	1759	558
R3981.contig64	464	3132	1281
R3981.contig65	456	0	0
R3981.contig66	451	5863	1943
R3981.contig67	451	8442	2563
R3981.contig68	446	85898	11199
R3981.contig69	446	25819	7598
R3981.contig70	446	0	0
R3981.contig71	443	3649	493
R3981.contig72	442	21	4
R3981.contig73	442	1197	100
R3981.contig74	440	3349	1321
R3981.contig75	440	0	0
R3981.contig76	435	101795	18755
R3981.contig77	431	4	0
R3981.contig78	430	682	6
R3981.contig79	426	5267	1064
R3981.contig80	423	5468	1074
R3981.contig81	422	409	30
R3981.contig82	416	0	0
R3981.contig83	410	72519	24042
R3981.contig84	406	20855	5444
R3981.contig85	406	1665	273
R3981.contig86	401	91	5
R3981.contig87	399	15580	7188
R3981.contig88	396	1001	36
R3981.contig89	394	0	0
R3981.contig90	393	0	0
R3981.contig91	392	12	0
R3981.contig92	389	5	0
R3981.contig93	388	145	11
R3981.contig94	388	299	114
R3981.contig95	379	4	0
R3981.contig96	379	77821	19501
R3981.contig97	378	1	0
R3981.contig98	377	54	14
R3981.contig99	374	164	26
R3981.contig100	371	135173	37681
R3981.contig101	369	59032	5971
R3981.contig102	369	0	0
R3981.contig103	368	834	42
R3981.contig104	364	34642	8695
R3981.contig105	363	2663	1401
R3981.contig106	362	254	70
R3981.contig107	361	2	0
R3981.contig108	360	39	3
R3981.contig109	357	39770	12387
R3981.contig110	357	19	1
R3981.contig111	356	39	1
R3981.contig112	349	105189	11797
R3981.contig113	348	1824	342
R3981.contig114	348	291430	131226
R3981.contig115	342	690	103
R3981.contig116	341	0	0
R3981.contig117	333	0	0
R3981.contig118	332	938	112
R3981.contig119	332	1	0
R3981.contig120	331	1303	457
R3981.contig121	330	6	0
R3981.contig122	322	148	6
R3981.contig123	320	28	1
R3981.contig124	308	248	8
R3981.contig125	303	4006	922
R3981.contig126	302	1	0
*	0	0	16282568
