D333.contig1	64945	807	92
D333.contig2	49411	4	0
D333.contig3	47178	23	13
D333.contig4	45555	0	0
D333.contig5	45041	0	0
D333.contig6	44609	15	1
D333.contig7	44126	10	0
D333.contig8	42207	12	0
D333.contig9	41419	31	1
D333.contig10	40582	7	1
D333.contig11	40169	16	6
D333.contig12	40031	0	0
D333.contig13	39727	69	57
D333.contig14	38862	0	0
D333.contig15	38540	0	0
D333.contig16	38067	46	8
D333.contig17	38008	18425	2506
D333.contig18	37917	0	0
D333.contig19	37382	0	0
D333.contig20	37137	0	0
D333.contig21	37001	4	4
D333.contig22	36768	0	0
D333.contig23	35798	0	0
D333.contig24	35781	0	0
D333.contig25	35616	8968	7543
D333.contig26	35148	169460	15454
D333.contig27	34759	0	0
D333.contig28	31500	856	74
D333.contig29	31350	0	0
D333.contig30	31236	0	0
D333.contig31	31078	0	0
D333.contig32	30712	6	0
D333.contig33	30174	0	0
D333.contig34	28627	2	2
D333.contig35	28581	0	0
D333.contig36	28253	6	0
D333.contig37	28017	0	0
D333.contig38	28003	0	0
D333.contig39	27775	0	0
D333.contig40	25459	2	2
D333.contig41	25213	0	0
D333.contig42	24262	435	37
D333.contig43	23906	5113	753
D333.contig44	23692	0	0
D333.contig45	23496	20	5
D333.contig46	23193	0	0
D333.contig47	23093	0	0
D333.contig48	22266	0	0
D333.contig49	21987	2903	747
D333.contig50	21881	0	0
D333.contig51	21598	17	5
D333.contig52	21387	19	6
D333.contig53	20967	191	108
D333.contig54	20858	3	1
D333.contig55	20551	7949	225
D333.contig56	20481	119906	11076
D333.contig57	20426	0	0
D333.contig58	20151	0	0
D333.contig59	19544	0	0
D333.contig60	19059	0	0
D333.contig61	18985	15	0
D333.contig62	18868	0	0
D333.contig63	18837	0	0
D333.contig64	18800	0	0
D333.contig65	18200	0	0
D333.contig66	17732	0	0
D333.contig67	17475	2445	152
D333.contig68	17363	0	0
D333.contig69	17360	0	0
D333.contig70	17336	4	0
D333.contig71	17167	0	0
D333.contig72	16933	169	6
D333.contig73	16482	0	0
D333.contig74	16410	0	0
D333.contig75	16167	1	0
D333.contig76	16167	18918	549
D333.contig77	15786	0	0
D333.contig78	15685	1	1
D333.contig79	15559	16	0
D333.contig80	15529	0	0
D333.contig81	15398	0	0
D333.contig82	15302	0	0
D333.contig83	14982	0	0
D333.contig84	14598	0	0
D333.contig85	14530	0	0
D333.contig86	14206	0	0
D333.contig87	14123	0	0
D333.contig88	14067	10837	1267
D333.contig89	13843	0	0
D333.contig90	13831	0	0
D333.contig91	13700	2	0
D333.contig92	13564	0	0
D333.contig93	13243	0	0
D333.contig94	13088	0	0
D333.contig95	13045	0	0
D333.contig96	12618	0	0
D333.contig97	12553	247	62
D333.contig98	12523	4	0
D333.contig99	12491	0	0
D333.contig100	12381	0	0
D333.contig101	12356	0	0
D333.contig102	12076	39	26
D333.contig103	12034	428	44
D333.contig104	11877	0	0
D333.contig105	11863	0	0
D333.contig106	11837	0	0
D333.contig107	11793	0	0
D333.contig108	11769	0	0
D333.contig109	11763	30	8
D333.contig110	11730	10	1
D333.contig111	11670	21	1
D333.contig112	11641	0	0
D333.contig113	11287	0	0
D333.contig114	11194	0	0
D333.contig115	11177	0	0
D333.contig116	11172	0	0
D333.contig117	11082	0	0
D333.contig118	10931	0	0
D333.contig119	10929	1260	703
D333.contig120	10877	0	0
D333.contig121	10848	0	0
D333.contig122	10800	0	0
D333.contig123	10787	0	0
D333.contig124	10785	519	285
D333.contig125	10780	0	0
D333.contig126	10775	0	0
D333.contig127	10527	18	0
D333.contig128	10516	56	16
D333.contig129	10387	0	0
D333.contig130	10368	0	0
D333.contig131	10284	0	0
D333.contig132	10255	4	0
D333.contig133	10208	0	0
D333.contig134	10161	38	14
D333.contig135	10138	0	0
D333.contig136	10039	4	0
D333.contig137	9871	0	0
D333.contig138	9851	0	0
D333.contig139	9804	0	0
D333.contig140	9760	5	1
D333.contig141	9725	0	0
D333.contig142	9707	0	0
D333.contig143	9600	16	0
D333.contig144	9449	0	0
D333.contig145	9267	9	0
D333.contig146	9240	0	0
D333.contig147	9190	1	0
D333.contig148	9036	8	2
D333.contig149	9027	232	32
D333.contig150	8893	0	0
D333.contig151	8875	0	0
D333.contig152	8875	0	0
D333.contig153	8795	0	0
D333.contig154	8767	0	0
D333.contig155	8761	0	0
D333.contig156	8751	0	0
D333.contig157	8686	0	0
D333.contig158	8652	0	0
D333.contig159	8615	0	0
D333.contig160	8584	0	0
D333.contig161	8553	0	0
D333.contig162	8537	0	0
D333.contig163	8454	0	0
D333.contig164	8446	33748	2977
D333.contig165	8403	216	66
D333.contig166	8399	30	0
D333.contig167	8377	0	0
D333.contig168	8347	1061	36
D333.contig169	8296	0	0
D333.contig170	8177	0	0
D333.contig171	8177	0	0
D333.contig172	8135	0	0
D333.contig173	8131	0	0
D333.contig174	8011	0	0
D333.contig175	7978	0	0
D333.contig176	7976	0	0
D333.contig177	7959	4	0
D333.contig178	7940	0	0
D333.contig179	7925	0	0
D333.contig180	7917	22128	2119
D333.contig181	7896	0	0
D333.contig182	7843	0	0
D333.contig183	7816	0	0
D333.contig184	7809	0	0
D333.contig185	7720	0	0
D333.contig186	7711	0	0
D333.contig187	7684	0	0
D333.contig188	7585	0	0
D333.contig189	7572	0	0
D333.contig190	7557	17162	704
D333.contig191	7540	2	2
D333.contig192	7518	0	0
D333.contig193	7512	0	0
D333.contig194	7419	0	0
D333.contig195	7371	20591	3483
D333.contig196	7347	0	0
D333.contig197	7341	4	0
D333.contig198	7323	0	0
D333.contig199	7269	0	0
D333.contig200	7250	0	0
D333.contig201	7246	0	0
D333.contig202	7229	3	3
D333.contig203	7148	0	0
D333.contig204	7125	0	0
D333.contig205	7092	0	0
D333.contig206	7066	3803	151
D333.contig207	7032	0	0
D333.contig208	7004	2	0
D333.contig209	6985	918	23
D333.contig210	6955	0	0
D333.contig211	6835	0	0
D333.contig212	6824	0	0
D333.contig213	6784	0	0
D333.contig214	6750	2	0
D333.contig215	6665	0	0
D333.contig216	6659	0	0
D333.contig217	6643	0	0
D333.contig218	6636	0	0
D333.contig219	6583	3	3
D333.contig220	6518	0	0
D333.contig221	6513	0	0
D333.contig222	6490	0	0
D333.contig223	6485	1	1
D333.contig224	6483	0	0
D333.contig225	6452	0	0
D333.contig226	6438	0	0
D333.contig227	6386	0	0
D333.contig228	6381	0	0
D333.contig229	6357	0	0
D333.contig230	6347	0	0
D333.contig231	6330	0	0
D333.contig232	6297	0	0
D333.contig233	6255	79	8
D333.contig234	6241	0	0
D333.contig235	6159	0	0
D333.contig236	6138	0	0
D333.contig237	6135	10	6
D333.contig238	6129	0	0
D333.contig239	6124	0	0
D333.contig240	6118	0	0
D333.contig241	6093	0	0
D333.contig242	6074	0	0
D333.contig243	6057	0	0
D333.contig244	6026	0	0
D333.contig245	6023	0	0
D333.contig246	6001	59	10
D333.contig247	5999	3	1
D333.contig248	5982	0	0
D333.contig249	5982	0	0
D333.contig250	5963	1414	61
D333.contig251	5946	10	0
D333.contig252	5935	0	0
D333.contig253	5918	0	0
D333.contig254	5844	0	0
D333.contig255	5837	0	0
D333.contig256	5799	1	1
D333.contig257	5778	0	0
D333.contig258	5728	0	0
D333.contig259	5704	0	0
D333.contig260	5698	0	0
D333.contig261	5696	0	0
D333.contig262	5619	5	1
D333.contig263	5606	0	0
D333.contig264	5605	0	0
D333.contig265	5583	0	0
D333.contig266	5569	0	0
D333.contig267	5519	0	0
D333.contig268	5457	0	0
D333.contig269	5435	265	49
D333.contig270	5430	0	0
D333.contig271	5415	0	0
D333.contig272	5406	0	0
D333.contig273	5402	0	0
D333.contig274	5393	0	0
D333.contig275	5371	0	0
D333.contig276	5365	0	0
D333.contig277	5338	0	0
D333.contig278	5329	3	1
D333.contig279	5327	0	0
D333.contig280	5310	2	0
D333.contig281	5301	0	0
D333.contig282	5294	0	0
D333.contig283	5266	0	0
D333.contig284	5255	0	0
D333.contig285	5242	0	0
D333.contig286	5236	4	0
D333.contig287	5199	6	6
D333.contig288	5194	0	0
D333.contig289	5184	0	0
D333.contig290	5180	0	0
D333.contig291	5180	0	0
D333.contig292	5173	0	0
D333.contig293	5161	0	0
D333.contig294	5132	0	0
D333.contig295	5108	0	0
D333.contig296	5107	0	0
D333.contig297	5103	0	0
D333.contig298	5099	0	0
D333.contig299	5065	0	0
D333.contig300	5060	0	0
D333.contig301	5056	0	0
D333.contig302	5032	0	0
D333.contig303	5020	1	0
D333.contig304	5016	0	0
D333.contig305	5002	0	0
D333.contig306	5001	0	0
D333.contig307	4985	0	0
D333.contig308	4975	0	0
D333.contig309	4926	7	1
D333.contig310	4915	0	0
D333.contig311	4887	0	0
D333.contig312	4869	0	0
D333.contig313	4865	0	0
D333.contig314	4857	0	0
D333.contig315	4840	0	0
D333.contig316	4831	0	0
D333.contig317	4817	4	4
D333.contig318	4802	0	0
D333.contig319	4789	6776	465
D333.contig320	4778	3	1
D333.contig321	4770	0	0
D333.contig322	4760	4583	121
D333.contig323	4755	0	0
D333.contig324	4751	0	0
D333.contig325	4745	0	0
D333.contig326	4729	0	0
D333.contig327	4712	15	11
D333.contig328	4682	0	0
D333.contig329	4672	1	1
D333.contig330	4662	0	0
D333.contig331	4657	17	3
D333.contig332	4657	0	0
D333.contig333	4646	0	0
D333.contig334	4630	0	0
D333.contig335	4609	0	0
D333.contig336	4608	0	0
D333.contig337	4586	0	0
D333.contig338	4561	0	0
D333.contig339	4532	0	0
D333.contig340	4503	0	0
D333.contig341	4499	0	0
D333.contig342	4492	0	0
D333.contig343	4474	0	0
D333.contig344	4436	0	0
D333.contig345	4431	8	0
D333.contig346	4423	5	1
D333.contig347	4409	0	0
D333.contig348	4406	0	0
D333.contig349	4405	0	0
D333.contig350	4402	0	0
D333.contig351	4384	18	0
D333.contig352	4366	0	0
D333.contig353	4337	0	0
D333.contig354	4331	0	0
D333.contig355	4326	0	0
D333.contig356	4313	0	0
D333.contig357	4303	0	0
D333.contig358	4301	0	0
D333.contig359	4300	0	0
D333.contig360	4298	0	0
D333.contig361	4294	0	0
D333.contig362	4292	0	0
D333.contig363	4289	323071	55023
D333.contig364	4271	0	0
D333.contig365	4269	3	1
D333.contig366	4264	2	0
D333.contig367	4250	0	0
D333.contig368	4247	2	0
D333.contig369	4236	3	3
D333.contig370	4209	0	0
D333.contig371	4209	2445	542
D333.contig372	4204	0	0
D333.contig373	4203	0	0
D333.contig374	4198	0	0
D333.contig375	4198	10	6
D333.contig376	4187	0	0
D333.contig377	4177	0	0
D333.contig378	4175	0	0
D333.contig379	4174	0	0
D333.contig380	4155	0	0
D333.contig381	4136	0	0
D333.contig382	4110	0	0
D333.contig383	4094	0	0
D333.contig384	4078	0	0
D333.contig385	4077	2	0
D333.contig386	4066	2	0
D333.contig387	4056	4	2
D333.contig388	4048	0	0
D333.contig389	4043	0	0
D333.contig390	4032	0	0
D333.contig391	4025	0	0
D333.contig392	4003	0	0
D333.contig393	3998	0	0
D333.contig394	3974	24	0
D333.contig395	3974	0	0
D333.contig396	3960	0	0
D333.contig397	3931	0	0
D333.contig398	3883	7326	475
D333.contig399	3878	0	0
D333.contig400	3860	0	0
D333.contig401	3856	2	0
D333.contig402	3848	0	0
D333.contig403	3844	0	0
D333.contig404	3837	0	0
D333.contig405	3836	0	0
D333.contig406	3832	0	0
D333.contig407	3824	0	0
D333.contig408	3800	18	2
D333.contig409	3793	0	0
D333.contig410	3787	0	0
D333.contig411	3774	2	0
D333.contig412	3761	0	0
D333.contig413	3755	11	9
D333.contig414	3741	0	0
D333.contig415	3736	0	0
D333.contig416	3718	0	0
D333.contig417	3711	0	0
D333.contig418	3693	12	6
D333.contig419	3692	2748	371
D333.contig420	3691	0	0
D333.contig421	3685	0	0
D333.contig422	3667	0	0
D333.contig423	3654	0	0
D333.contig424	3651	0	0
D333.contig425	3634	0	0
D333.contig426	3611	0	0
D333.contig427	3610	7	2
D333.contig428	3601	0	0
D333.contig429	3599	0	0
D333.contig430	3588	0	0
D333.contig431	3587	0	0
D333.contig432	3585	0	0
D333.contig433	3579	0	0
D333.contig434	3561	0	0
D333.contig435	3561	7	1
D333.contig436	3534	0	0
D333.contig437	3530	1	1
D333.contig438	3527	0	0
D333.contig439	3520	0	0
D333.contig440	3515	0	0
D333.contig441	3514	0	0
D333.contig442	3508	0	0
D333.contig443	3506	0	0
D333.contig444	3505	0	0
D333.contig445	3480	0	0
D333.contig446	3480	0	0
D333.contig447	3475	0	0
D333.contig448	3469	0	0
D333.contig449	3459	0	0
D333.contig450	3437	9	4
D333.contig451	3436	0	0
D333.contig452	3434	0	0
D333.contig453	3434	0	0
D333.contig454	3430	0	0
D333.contig455	3429	4895	669
D333.contig456	3427	0	0
D333.contig457	3423	0	0
D333.contig458	3416	0	0
D333.contig459	3416	4	0
D333.contig460	3403	3520	1067
D333.contig461	3398	0	0
D333.contig462	3395	0	0
D333.contig463	3380	0	0
D333.contig464	3373	0	0
D333.contig465	3367	0	0
D333.contig466	3367	0	0
D333.contig467	3364	0	0
D333.contig468	3360	0	0
D333.contig469	3350	2636	122
D333.contig470	3348	0	0
D333.contig471	3348	0	0
D333.contig472	3337	0	0
D333.contig473	3332	0	0
D333.contig474	3332	0	0
D333.contig475	3331	0	0
D333.contig476	3323	10367	2123
D333.contig477	3305	0	0
D333.contig478	3267	0	0
D333.contig479	3222	0	0
D333.contig480	3207	0	0
D333.contig481	3207	0	0
D333.contig482	3207	0	0
D333.contig483	3206	0	0
D333.contig484	3199	0	0
D333.contig485	3198	0	0
D333.contig486	3189	0	0
D333.contig487	3187	0	0
D333.contig488	3182	0	0
D333.contig489	3173	0	0
D333.contig490	3166	0	0
D333.contig491	3160	0	0
D333.contig492	3160	5	3
D333.contig493	3156	0	0
D333.contig494	3156	0	0
D333.contig495	3154	0	0
D333.contig496	3150	0	0
D333.contig497	3148	0	0
D333.contig498	3144	0	0
D333.contig499	3115	0	0
D333.contig500	3103	1	1
D333.contig501	3102	0	0
D333.contig502	3090	0	0
D333.contig503	3087	0	0
D333.contig504	3081	0	0
D333.contig505	3076	0	0
D333.contig506	3075	0	0
D333.contig507	3072	0	0
D333.contig508	3071	0	0
D333.contig509	3068	0	0
D333.contig510	3062	0	0
D333.contig511	3059	0	0
D333.contig512	3048	0	0
D333.contig513	3023	0	0
D333.contig514	3007	114	70
*	0	0	10358022
