D365.contig1	87539	40275	725
D365.contig2	74698	43854	1084
D365.contig3	71401	0	0
D365.contig4	62042	0	0
D365.contig5	61001	0	0
D365.contig6	57772	0	0
D365.contig7	52468	26446	666
D365.contig8	48961	1209044	40128
D365.contig9	47362	0	0
D365.contig10	45949	0	0
D365.contig11	44675	2	0
D365.contig12	43476	1316328	47715
D365.contig13	43323	11814	266
D365.contig14	43224	35	1
D365.contig15	42989	160789	4178
D365.contig16	40879	23784	536
D365.contig17	40028	0	0
D365.contig18	39667	0	0
D365.contig19	38950	8324	107
D365.contig20	37346	0	0
D365.contig21	37285	48923	1129
D365.contig22	36884	0	0
D365.contig23	36654	21252	576
D365.contig24	35883	6	1
D365.contig25	35294	70783	2132
D365.contig26	35196	0	0
D365.contig27	35171	0	0
D365.contig28	33988	0	0
D365.contig29	33849	2388167	57869
D365.contig30	33485	5413	127
D365.contig31	33028	0	0
D365.contig32	32998	142508	4575
D365.contig33	32573	145	5
D365.contig34	32088	91834	3497
D365.contig35	31965	11824	295
D365.contig36	31878	282811	9535
D365.contig37	31747	31808	975
D365.contig38	31362	0	0
D365.contig39	30506	8174	196
D365.contig40	30159	5	5
D365.contig41	29682	14918	469
D365.contig42	29650	10926	322
D365.contig43	28845	0	0
D365.contig44	28377	4	0
D365.contig45	28128	12430	252
D365.contig46	27401	0	0
D365.contig47	27099	9028	273
D365.contig48	26502	0	0
D365.contig49	26360	0	0
D365.contig50	25834	231521	8079
D365.contig51	25811	2293	44
D365.contig52	25716	0	0
D365.contig53	25678	10026	246
D365.contig54	25658	126490	4264
D365.contig55	25367	0	0
D365.contig56	25043	0	0
D365.contig57	25040	0	0
D365.contig58	24977	0	0
D365.contig59	24725	15734	438
D365.contig60	24690	10173	489
D365.contig61	24581	9775	204
D365.contig62	23779	5438	152
D365.contig63	23411	35	13
D365.contig64	23336	0	0
D365.contig65	23208	0	0
D365.contig66	23160	0	0
D365.contig67	22983	0	0
D365.contig68	22597	21	3
D365.contig69	22421	0	0
D365.contig70	22381	0	0
D365.contig71	21860	1	1
D365.contig72	21842	7845	191
D365.contig73	21804	0	0
D365.contig74	21336	0	0
D365.contig75	21319	83	1
D365.contig76	21202	2339	91
D365.contig77	21127	0	0
D365.contig78	20277	2610	341
D365.contig79	20061	16053	423
D365.contig80	20009	414	66
D365.contig81	19997	4728	504
D365.contig82	19930	0	0
D365.contig83	19551	0	0
D365.contig84	19405	0	0
D365.contig85	19325	9796	226
D365.contig86	18947	103612	3743
D365.contig87	18679	2906	63
D365.contig88	18644	0	0
D365.contig89	18588	0	0
D365.contig90	18546	3149	80
D365.contig91	18416	9189	227
D365.contig92	18171	0	0
D365.contig93	18148	0	0
D365.contig94	17861	0	0
D365.contig95	17856	1303	114
D365.contig96	17667	4	0
D365.contig97	17428	10	0
D365.contig98	17423	0	0
D365.contig99	17227	0	0
D365.contig100	17198	0	0
D365.contig101	17150	34897	716
D365.contig102	17145	0	0
D365.contig103	17043	0	0
D365.contig104	16893	0	0
D365.contig105	16860	0	0
D365.contig106	16786	0	0
D365.contig107	16734	10666	345
D365.contig108	16266	5286	127
D365.contig109	16209	0	0
D365.contig110	16109	9	1
D365.contig111	16003	0	0
D365.contig112	15901	0	0
D365.contig113	15792	0	0
D365.contig114	15692	6751	139
D365.contig115	15620	0	0
D365.contig116	15254	0	0
D365.contig117	15219	0	0
D365.contig118	15212	0	0
D365.contig119	15024	0	0
D365.contig120	14984	845	27
D365.contig121	14928	54	0
D365.contig122	14790	2489	60
D365.contig123	14776	0	0
D365.contig124	14761	0	0
D365.contig125	14758	0	0
D365.contig126	14731	77106	2037
D365.contig127	14637	0	0
D365.contig128	14537	13347	370
D365.contig129	14430	0	0
D365.contig130	14427	0	0
D365.contig131	14384	2517	30
D365.contig132	14342	0	0
D365.contig133	14287	2378	41
D365.contig134	14183	5076	177
D365.contig135	14127	0	0
D365.contig136	14091	2	0
D365.contig137	14027	0	0
D365.contig138	13973	0	0
D365.contig139	13897	0	0
D365.contig140	13881	0	0
D365.contig141	13829	0	0
D365.contig142	13744	0	0
D365.contig143	13540	1245	31
D365.contig144	13522	2698	78
D365.contig145	13457	0	0
D365.contig146	13386	4	0
D365.contig147	13384	0	0
D365.contig148	13284	16871	376
D365.contig149	13278	0	0
D365.contig150	13245	0	0
D365.contig151	13088	0	0
D365.contig152	13087	0	0
D365.contig153	13064	11	0
D365.contig154	13036	0	0
D365.contig155	13015	0	0
D365.contig156	12949	0	0
D365.contig157	12940	9114	292
D365.contig158	12916	0	0
D365.contig159	12898	0	0
D365.contig160	12848	0	0
D365.contig161	12844	0	0
D365.contig162	12706	0	0
D365.contig163	12705	5747	295
D365.contig164	12625	0	0
D365.contig165	12596	0	0
D365.contig166	12508	0	0
D365.contig167	12508	0	0
D365.contig168	12472	166525	6526
D365.contig169	12467	454	69
D365.contig170	12434	1424	46
D365.contig171	12323	1556861	70398
D365.contig172	12284	0	0
D365.contig173	12271	0	0
D365.contig174	12251	0	0
D365.contig175	12158	0	0
D365.contig176	12100	0	0
D365.contig177	11940	0	0
D365.contig178	11891	0	0
D365.contig179	11869	0	0
D365.contig180	11569	0	0
D365.contig181	11519	2715	60
D365.contig182	11467	1596	59
D365.contig183	11394	0	0
D365.contig184	11372	0	0
D365.contig185	11362	0	0
D365.contig186	11319	2810	95
D365.contig187	11291	0	0
D365.contig188	11059	0	0
D365.contig189	10937	1428	70
D365.contig190	10902	0	0
D365.contig191	10899	0	0
D365.contig192	10892	8526	247
D365.contig193	10866	1555	65
D365.contig194	10844	0	0
D365.contig195	10836	0	0
D365.contig196	10785	0	0
D365.contig197	10715	0	0
D365.contig198	10714	1318	25
D365.contig199	10708	116	10
D365.contig200	10695	1177	43
D365.contig201	10672	0	0
D365.contig202	10665	0	0
D365.contig203	10658	0	0
D365.contig204	10610	1894	45
D365.contig205	10567	45	5
D365.contig206	10512	0	0
D365.contig207	10299	1321	34
D365.contig208	10272	0	0
D365.contig209	10253	0	0
D365.contig210	10182	0	0
D365.contig211	10107	0	0
D365.contig212	10102	0	0
D365.contig213	10101	0	0
D365.contig214	10093	0	0
D365.contig215	10090	0	0
D365.contig216	10023	0	0
D365.contig217	9978	1807	57
D365.contig218	9963	1470	32
D365.contig219	9902	0	0
D365.contig220	9894	0	0
D365.contig221	9827	1	1
D365.contig222	9810	0	0
D365.contig223	9786	1006	22
D365.contig224	9774	0	0
D365.contig225	9690	382	21
D365.contig226	9644	60	4
D365.contig227	9617	0	0
D365.contig228	9594	0	0
D365.contig229	9557	0	0
D365.contig230	9553	0	0
D365.contig231	9547	0	0
D365.contig232	9474	1088	28
D365.contig233	9455	0	0
D365.contig234	9430	0	0
D365.contig235	9393	0	0
D365.contig236	9367	0	0
D365.contig237	9334	698	25
D365.contig238	9314	508	18
D365.contig239	9287	0	0
D365.contig240	9261	0	0
D365.contig241	9240	745	11
D365.contig242	9223	0	0
D365.contig243	9221	909	26
D365.contig244	9213	0	0
D365.contig245	9209	0	0
D365.contig246	9201	2252	73
D365.contig247	9201	0	0
D365.contig248	9133	1453	39
D365.contig249	9069	905	20
D365.contig250	9063	577	18
D365.contig251	8989	0	0
D365.contig252	8971	0	0
D365.contig253	8940	0	0
D365.contig254	8904	0	0
D365.contig255	8882	0	0
D365.contig256	8827	0	0
D365.contig257	8802	563	9
D365.contig258	8779	7	6
D365.contig259	8769	4	0
D365.contig260	8736	340	13
D365.contig261	8727	0	0
D365.contig262	8719	0	0
D365.contig263	8705	0	0
D365.contig264	8690	0	0
D365.contig265	8630	712	44
D365.contig266	8607	699	11
D365.contig267	8584	1331	28
D365.contig268	8578	0	0
D365.contig269	8525	0	0
D365.contig270	8524	0	0
D365.contig271	8509	801	23
D365.contig272	8502	1496	119
D365.contig273	8488	0	0
D365.contig274	8420	7647	141
D365.contig275	8419	965	20
D365.contig276	8414	0	0
D365.contig277	8403	1074	44
D365.contig278	8402	0	0
D365.contig279	8400	330	71
D365.contig280	8387	0	0
D365.contig281	8383	0	0
D365.contig282	8333	25	3
D365.contig283	8287	0	0
D365.contig284	8220	0	0
D365.contig285	8129	546	17
D365.contig286	8108	2	0
D365.contig287	8064	0	0
D365.contig288	8049	0	0
D365.contig289	8036	1	0
D365.contig290	8000	713	27
D365.contig291	7991	81	3
D365.contig292	7921	793	29
D365.contig293	7919	1145	23
D365.contig294	7918	1134	21
D365.contig295	7901	0	0
D365.contig296	7885	1461	105
D365.contig297	7877	1	0
D365.contig298	7876	0	0
D365.contig299	7824	1546	19
D365.contig300	7803	0	0
D365.contig301	7783	0	0
D365.contig302	7777	376	122
D365.contig303	7748	533	25
D365.contig304	7740	0	0
D365.contig305	7717	0	0
D365.contig306	7699	88584	3647
D365.contig307	7689	0	0
D365.contig308	7676	1246	60
D365.contig309	7668	541	11
D365.contig310	7645	0	0
D365.contig311	7584	0	0
D365.contig312	7498	0	0
D365.contig313	7481	0	0
D365.contig314	7447	0	0
D365.contig315	7438	976	32
D365.contig316	7427	0	0
D365.contig317	7409	764	23
D365.contig318	7409	0	0
D365.contig319	7370	0	0
D365.contig320	7365	522	6
D365.contig321	7349	1686	52
D365.contig322	7317	0	0
D365.contig323	7301	0	0
D365.contig324	7273	344	16
D365.contig325	7265	848	60
D365.contig326	7258	0	0
D365.contig327	7240	0	0
D365.contig328	7236	25	1
D365.contig329	7221	0	0
D365.contig330	7200	0	0
D365.contig331	7186	0	0
D365.contig332	7150	0	0
D365.contig333	7123	0	0
D365.contig334	7084	0	0
D365.contig335	7059	0	0
D365.contig336	7047	0	0
D365.contig337	7033	1672	106
D365.contig338	7003	121424	2800
D365.contig339	6999	0	0
D365.contig340	6988	554	24
D365.contig341	6980	134	4
D365.contig342	6961	0	0
D365.contig343	6945	2767	44
D365.contig344	6944	331	5
D365.contig345	6942	0	0
D365.contig346	6941	760	24
D365.contig347	6936	395	10
D365.contig348	6936	1257	61
D365.contig349	6933	0	0
D365.contig350	6930	0	0
D365.contig351	6907	0	0
D365.contig352	6902	0	0
D365.contig353	6882	7	1
D365.contig354	6861	0	0
D365.contig355	6825	0	0
D365.contig356	6820	427	22
D365.contig357	6817	315	9
D365.contig358	6795	0	0
D365.contig359	6766	0	0
D365.contig360	6764	148	46
D365.contig361	6759	0	0
D365.contig362	6726	762	58
D365.contig363	6716	0	0
D365.contig364	6704	0	0
D365.contig365	6648	0	0
D365.contig366	6626	450	21
D365.contig367	6622	0	0
D365.contig368	6616	319	23
D365.contig369	6557	522	19
D365.contig370	6523	7311	189
D365.contig371	6491	0	0
D365.contig372	6475	3093	77
D365.contig373	6407	0	0
D365.contig374	6374	0	0
D365.contig375	6364	0	0
D365.contig376	6353	452	18
D365.contig377	6338	2132	93
D365.contig378	6322	687	19
D365.contig379	6319	0	0
D365.contig380	6314	685	31
D365.contig381	6312	0	0
D365.contig382	6275	0	0
D365.contig383	6275	7	7
D365.contig384	6262	0	0
D365.contig385	6191	0	0
D365.contig386	6189	0	0
D365.contig387	6184	0	0
D365.contig388	6177	789	25
D365.contig389	6173	0	0
D365.contig390	6154	0	0
D365.contig391	6135	0	0
D365.contig392	6125	0	0
D365.contig393	6101	102	4
D365.contig394	6099	0	0
D365.contig395	6095	0	0
D365.contig396	6092	1572	53
D365.contig397	6088	0	0
D365.contig398	6076	12	0
D365.contig399	6070	351	37
D365.contig400	6062	0	0
D365.contig401	6051	0	0
D365.contig402	6015	0	0
D365.contig403	5990	323	13
D365.contig404	5988	0	0
D365.contig405	5977	561	35
D365.contig406	5953	0	0
D365.contig407	5946	348	17
D365.contig408	5940	2109	68
D365.contig409	5872	1	1
D365.contig410	5871	0	0
D365.contig411	5868	429	14
D365.contig412	5852	0	0
D365.contig413	5842	0	0
D365.contig414	5841	752	14
D365.contig415	5829	2983	114
D365.contig416	5805	17415	1187
D365.contig417	5799	1321	49
D365.contig418	5798	0	0
D365.contig419	5768	84	10
D365.contig420	5752	675	26
D365.contig421	5750	0	0
D365.contig422	5739	0	0
D365.contig423	5732	0	0
D365.contig424	5725	1722	26
D365.contig425	5711	0	0
D365.contig426	5710	0	0
D365.contig427	5708	328	16
D365.contig428	5685	0	0
D365.contig429	5660	0	0
D365.contig430	5651	0	0
D365.contig431	5647	0	0
D365.contig432	5643	1638	108
D365.contig433	5609	0	0
D365.contig434	5608	108	70
D365.contig435	5575	0	0
D365.contig436	5573	0	0
D365.contig437	5561	3106	70
D365.contig438	5558	0	0
D365.contig439	5555	21331	1385
D365.contig440	5554	626	38
D365.contig441	5551	0	0
D365.contig442	5543	789	32
D365.contig443	5532	0	0
D365.contig444	5512	0	0
D365.contig445	5498	0	0
D365.contig446	5491	259	11
D365.contig447	5490	1442	39
D365.contig448	5471	0	0
D365.contig449	5433	0	0
D365.contig450	5414	0	0
D365.contig451	5370	0	0
D365.contig452	5368	1889	29
D365.contig453	5341	0	0
D365.contig454	5308	0	0
D365.contig455	5297	314	5
D365.contig456	5286	2	0
D365.contig457	5260	2	0
D365.contig458	5212	0	0
D365.contig459	5195	0	0
D365.contig460	5195	0	0
D365.contig461	5190	0	0
D365.contig462	5188	69475	1617
D365.contig463	5187	0	0
D365.contig464	5185	0	0
D365.contig465	5169	0	0
D365.contig466	5165	9	6
D365.contig467	5164	803	27
D365.contig468	5163	1478	38
D365.contig469	5119	0	0
D365.contig470	5111	0	0
D365.contig471	5098	361	11
D365.contig472	5095	865	78
D365.contig473	5074	0	0
D365.contig474	5067	2301	30
D365.contig475	5066	254	13
D365.contig476	5066	0	0
D365.contig477	5052	0	0
D365.contig478	5051	10	4
D365.contig479	5041	1	0
D365.contig480	5038	0	0
D365.contig481	5036	1351	74
D365.contig482	5029	437	18
D365.contig483	5025	0	0
D365.contig484	5018	0	0
D365.contig485	5012	1594	33
D365.contig486	5005	0	0
D365.contig487	5003	745	18
D365.contig488	4986	0	0
D365.contig489	4979	0	0
D365.contig490	4977	0	0
D365.contig491	4971	0	0
D365.contig492	4964	1540	29
D365.contig493	4951	0	0
D365.contig494	4951	4	0
D365.contig495	4924	623	44
D365.contig496	4919	0	0
D365.contig497	4910	468	15
D365.contig498	4903	850	23
D365.contig499	4892	0	0
D365.contig500	4864	0	0
D365.contig501	4854	1256	17
D365.contig502	4850	304	16
D365.contig503	4849	0	0
D365.contig504	4836	0	0
D365.contig505	4836	6	0
D365.contig506	4834	0	0
D365.contig507	4827	0	0
D365.contig508	4824	0	0
D365.contig509	4821	0	0
D365.contig510	4803	0	0
D365.contig511	4787	51137	4228
D365.contig512	4769	7	3
D365.contig513	4765	0	0
D365.contig514	4761	118	14
D365.contig515	4756	401	11
D365.contig516	4730	0	0
D365.contig517	4717	0	0
D365.contig518	4711	0	0
D365.contig519	4705	0	0
D365.contig520	4704	26555	1950
D365.contig521	4703	148801	7875
D365.contig522	4689	83	5
D365.contig523	4644	0	0
D365.contig524	4639	1050	20
D365.contig525	4638	1733	122
D365.contig526	4638	275	11
D365.contig527	4628	0	0
D365.contig528	4625	0	0
D365.contig529	4610	233	11
D365.contig530	4603	0	0
D365.contig531	4599	0	0
D365.contig532	4587	0	0
D365.contig533	4576	257	10
D365.contig534	4575	0	0
D365.contig535	4566	491	7
D365.contig536	4557	0	0
D365.contig537	4549	0	0
D365.contig538	4539	0	0
D365.contig539	4536	0	0
D365.contig540	4535	316	18
D365.contig541	4534	0	0
D365.contig542	4519	0	0
D365.contig543	4517	0	0
D365.contig544	4515	0	0
D365.contig545	4503	0	0
D365.contig546	4498	238	12
D365.contig547	4489	1058	95
D365.contig548	4486	0	0
D365.contig549	4477	0	0
D365.contig550	4436	0	0
D365.contig551	4434	0	0
D365.contig552	4429	294	8
D365.contig553	4425	0	0
D365.contig554	4425	0	0
D365.contig555	4424	11	0
D365.contig556	4416	0	0
D365.contig557	4409	0	0
D365.contig558	4404	0	0
D365.contig559	4399	197	9
D365.contig560	4388	171	7
D365.contig561	4387	0	0
D365.contig562	4384	0	0
D365.contig563	4383	0	0
D365.contig564	4381	0	0
D365.contig565	4372	459	48
D365.contig566	4353	0	0
D365.contig567	4350	0	0
D365.contig568	4350	295	9
D365.contig569	4345	0	0
D365.contig570	4345	0	0
D365.contig571	4328	1	1
D365.contig572	4327	0	0
D365.contig573	4325	0	0
D365.contig574	4325	0	0
D365.contig575	4305	0	0
D365.contig576	4303	0	0
D365.contig577	4294	0	0
D365.contig578	4293	240	12
D365.contig579	4285	0	0
D365.contig580	4279	0	0
D365.contig581	4253	325	11
D365.contig582	4236	180437	6913
D365.contig583	4219	0	0
D365.contig584	4214	11	3
D365.contig585	4213	0	0
D365.contig586	4213	5085	106
D365.contig587	4212	0	0
D365.contig588	4199	64752	3293
D365.contig589	4184	0	0
D365.contig590	4174	0	0
D365.contig591	4167	0	0
D365.contig592	4137	0	0
D365.contig593	4137	207	8
D365.contig594	4128	0	0
D365.contig595	4123	0	0
D365.contig596	4116	0	0
D365.contig597	4111	0	0
D365.contig598	4100	283	13
D365.contig599	4099	0	0
D365.contig600	4096	190	4
D365.contig601	4093	0	0
D365.contig602	4086	0	0
D365.contig603	4086	0	0
D365.contig604	4082	0	0
D365.contig605	4063	0	0
D365.contig606	4056	185	9
D365.contig607	4050	0	0
D365.contig608	4026	0	0
D365.contig609	4014	617	36
D365.contig610	4004	0	0
D365.contig611	3992	0	0
D365.contig612	3990	0	0
D365.contig613	3985	8402	285
D365.contig614	3983	0	0
D365.contig615	3980	0	0
D365.contig616	3979	0	0
D365.contig617	3978	0	0
D365.contig618	3976	0	0
D365.contig619	3974	35	1
D365.contig620	3968	0	0
D365.contig621	3954	0	0
D365.contig622	3949	0	0
D365.contig623	3948	0	0
D365.contig624	3936	13213	1606
D365.contig625	3934	0	0
D365.contig626	3928	0	0
D365.contig627	3927	159	11
D365.contig628	3926	0	0
D365.contig629	3924	9081	226
D365.contig630	3921	0	0
D365.contig631	3915	0	0
D365.contig632	3904	194	12
D365.contig633	3902	0	0
D365.contig634	3901	0	0
D365.contig635	3890	11	5
D365.contig636	3886	0	0
D365.contig637	3878	880	14
D365.contig638	3878	100	10
D365.contig639	3877	296	10
D365.contig640	3862	0	0
D365.contig641	3856	0	0
D365.contig642	3855	0	0
D365.contig643	3842	260	8
D365.contig644	3837	0	0
D365.contig645	3836	209	24
D365.contig646	3835	233	14
D365.contig647	3833	6348	69
D365.contig648	3815	359	12
D365.contig649	3812	37781	1616
D365.contig650	3812	0	0
D365.contig651	3803	0	0
D365.contig652	3796	0	0
D365.contig653	3788	18219	761
D365.contig654	3780	0	0
D365.contig655	3771	206	4
D365.contig656	3766	279	13
D365.contig657	3765	1525	147
D365.contig658	3764	0	0
D365.contig659	3755	0	0
D365.contig660	3744	2931	68
D365.contig661	3743	0	0
D365.contig662	3741	0	0
D365.contig663	3739	0	0
D365.contig664	3736	244	4
D365.contig665	3729	17	1
D365.contig666	3726	480	23
D365.contig667	3720	811	38
D365.contig668	3718	450	7
D365.contig669	3717	0	0
D365.contig670	3715	0	0
D365.contig671	3707	328	12
D365.contig672	3705	0	0
D365.contig673	3704	0	0
D365.contig674	3695	230	16
D365.contig675	3682	164	8
D365.contig676	3680	0	0
D365.contig677	3673	1275	491
D365.contig678	3670	16	0
D365.contig679	3668	165	3
D365.contig680	3667	0	0
D365.contig681	3666	0	0
D365.contig682	3656	21	5
D365.contig683	3655	0	0
D365.contig684	3638	0	0
D365.contig685	3635	0	0
D365.contig686	3633	0	0
D365.contig687	3629	0	0
D365.contig688	3623	5	3
D365.contig689	3619	141	8
D365.contig690	3617	0	0
D365.contig691	3612	0	0
D365.contig692	3601	565	267
D365.contig693	3601	1994	148
D365.contig694	3597	0	0
D365.contig695	3597	0	0
D365.contig696	3587	0	0
D365.contig697	3572	2	0
D365.contig698	3569	1131	9
D365.contig699	3564	0	0
D365.contig700	3560	0	0
D365.contig701	3552	0	0
D365.contig702	3544	0	0
D365.contig703	3544	153	15
D365.contig704	3542	203	15
D365.contig705	3541	187	11
D365.contig706	3525	413	21
D365.contig707	3518	0	0
D365.contig708	3510	0	0
D365.contig709	3508	0	0
D365.contig710	3503	0	0
D365.contig711	3503	442	8
D365.contig712	3498	10	0
D365.contig713	3496	0	0
D365.contig714	3494	0	0
D365.contig715	3479	980	49
D365.contig716	3477	241	17
D365.contig717	3469	0	0
D365.contig718	3469	0	0
D365.contig719	3468	204	12
D365.contig720	3463	3	3
D365.contig721	3451	2	0
D365.contig722	3448	165	9
D365.contig723	3446	341	11
D365.contig724	3442	0	0
D365.contig725	3423	0	0
D365.contig726	3423	334	33
D365.contig727	3423	0	0
D365.contig728	3409	148	5
D365.contig729	3402	185	5
D365.contig730	3399	0	0
D365.contig731	3398	73	1
D365.contig732	3394	0	0
D365.contig733	3387	935	28
D365.contig734	3384	0	0
D365.contig735	3359	0	0
D365.contig736	3351	290	35
D365.contig737	3345	0	0
D365.contig738	3331	322	14
D365.contig739	3328	0	0
D365.contig740	3328	0	0
D365.contig741	3328	0	0
D365.contig742	3321	157	9
D365.contig743	3319	0	0
D365.contig744	3314	295	6
D365.contig745	3311	0	0
D365.contig746	3308	13360	580
D365.contig747	3308	146	8
D365.contig748	3307	0	0
D365.contig749	3299	96	6
D365.contig750	3296	194	12
D365.contig751	3296	350	11
D365.contig752	3294	0	0
D365.contig753	3286	0	0
D365.contig754	3283	0	0
D365.contig755	3280	0	0
D365.contig756	3279	0	0
D365.contig757	3277	0	0
D365.contig758	3265	526	24
D365.contig759	3263	3	3
D365.contig760	3263	0	0
D365.contig761	3261	304	19
D365.contig762	3254	0	0
D365.contig763	3251	0	0
D365.contig764	3251	0	0
D365.contig765	3251	1650	41
D365.contig766	3248	321	19
D365.contig767	3242	135	10
D365.contig768	3237	0	0
D365.contig769	3233	1030	53
D365.contig770	3216	0	0
D365.contig771	3216	0	0
D365.contig772	3213	308	10
D365.contig773	3201	276	12
D365.contig774	3189	0	0
D365.contig775	3187	0	0
D365.contig776	3186	208	14
D365.contig777	3186	0	0
D365.contig778	3180	0	0
D365.contig779	3178	0	0
D365.contig780	3178	0	0
D365.contig781	3175	0	0
D365.contig782	3170	0	0
D365.contig783	3169	1178	35
D365.contig784	3162	0	0
D365.contig785	3161	0	0
D365.contig786	3159	0	0
D365.contig787	3150	0	0
D365.contig788	3150	0	0
D365.contig789	3141	0	0
D365.contig790	3139	0	0
D365.contig791	3127	0	0
D365.contig792	3124	358	8
D365.contig793	3124	65379	6733
D365.contig794	3112	171	9
D365.contig795	3111	0	0
D365.contig796	3111	0	0
D365.contig797	3111	87	6
D365.contig798	3109	139	7
D365.contig799	3105	261	29
D365.contig800	3101	0	0
D365.contig801	3093	0	0
D365.contig802	3093	0	0
D365.contig803	3086	0	0
D365.contig804	3079	140	5
D365.contig805	3076	0	0
D365.contig806	3072	198	16
D365.contig807	3071	0	0
D365.contig808	3063	0	0
D365.contig809	3061	0	0
D365.contig810	3060	0	0
D365.contig811	3057	4	0
D365.contig812	3053	0	0
D365.contig813	3051	68	1
D365.contig814	3050	111	6
D365.contig815	3044	130	6
D365.contig816	3040	0	0
D365.contig817	3034	0	0
D365.contig818	3033	0	0
D365.contig819	3030	150	8
D365.contig820	3029	2	0
D365.contig821	3025	163	7
D365.contig822	3024	0	0
D365.contig823	3024	0	0
D365.contig824	3018	0	0
D365.contig825	3017	171	6
D365.contig826	3014	541	37
D365.contig827	3005	0	0
D365.contig828	3001	396	8
*	0	0	1077718
