D365.contig1	87539	0	0
D365.contig2	74698	0	0
D365.contig3	71401	8	1
D365.contig4	62042	0	0
D365.contig5	61001	0	0
D365.contig6	57772	0	0
D365.contig7	52468	0	0
D365.contig8	48961	0	0
D365.contig9	47362	0	0
D365.contig10	45949	0	0
D365.contig11	44675	294009	6885
D365.contig12	43476	1	0
D365.contig13	43323	0	0
D365.contig14	43224	2	0
D365.contig15	42989	0	0
D365.contig16	40879	0	0
D365.contig17	40028	0	0
D365.contig18	39667	0	0
D365.contig19	38950	0	0
D365.contig20	37346	0	0
D365.contig21	37285	0	0
D365.contig22	36884	0	0
D365.contig23	36654	0	0
D365.contig24	35883	13	6
D365.contig25	35294	0	0
D365.contig26	35196	0	0
D365.contig27	35171	0	0
D365.contig28	33988	0	0
D365.contig29	33849	2	1
D365.contig30	33485	0	0
D365.contig31	33028	0	0
D365.contig32	32998	0	0
D365.contig33	32573	0	0
D365.contig34	32088	0	0
D365.contig35	31965	0	0
D365.contig36	31878	0	0
D365.contig37	31747	0	0
D365.contig38	31362	0	0
D365.contig39	30506	0	0
D365.contig40	30159	2143	211
D365.contig41	29682	0	0
D365.contig42	29650	0	0
D365.contig43	28845	0	0
D365.contig44	28377	0	0
D365.contig45	28128	0	0
D365.contig46	27401	0	0
D365.contig47	27099	0	0
D365.contig48	26502	0	0
D365.contig49	26360	26169	440
D365.contig50	25834	0	0
D365.contig51	25811	2	2
D365.contig52	25716	3407	45
D365.contig53	25678	0	0
D365.contig54	25658	0	0
D365.contig55	25367	0	0
D365.contig56	25043	0	0
D365.contig57	25040	0	0
D365.contig58	24977	0	0
D365.contig59	24725	0	0
D365.contig60	24690	0	0
D365.contig61	24581	1	0
D365.contig62	23779	0	0
D365.contig63	23411	1	1
D365.contig64	23336	0	0
D365.contig65	23208	0	0
D365.contig66	23160	0	0
D365.contig67	22983	0	0
D365.contig68	22597	380440	8582
D365.contig69	22421	0	0
D365.contig70	22381	0	0
D365.contig71	21860	0	0
D365.contig72	21842	0	0
D365.contig73	21804	0	0
D365.contig74	21336	87361	5036
D365.contig75	21319	3	3
D365.contig76	21202	0	0
D365.contig77	21127	0	0
D365.contig78	20277	0	0
D365.contig79	20061	0	0
D365.contig80	20009	87565	1633
D365.contig81	19997	1	0
D365.contig82	19930	0	0
D365.contig83	19551	2767	103
D365.contig84	19405	0	0
D365.contig85	19325	0	0
D365.contig86	18947	0	0
D365.contig87	18679	0	0
D365.contig88	18644	0	0
D365.contig89	18588	0	0
D365.contig90	18546	0	0
D365.contig91	18416	0	0
D365.contig92	18171	0	0
D365.contig93	18148	197979	9071
D365.contig94	17861	0	0
D365.contig95	17856	0	0
D365.contig96	17667	2935	117
D365.contig97	17428	4	0
D365.contig98	17423	0	0
D365.contig99	17227	0	0
D365.contig100	17198	0	0
D365.contig101	17150	0	0
D365.contig102	17145	281481	14660
D365.contig103	17043	0	0
D365.contig104	16893	10631	298
D365.contig105	16860	5547	98
D365.contig106	16786	184879	2596
D365.contig107	16734	0	0
D365.contig108	16266	0	0
D365.contig109	16209	40203	1159
D365.contig110	16109	255920	5124
D365.contig111	16003	1228	10
D365.contig112	15901	21619	616
D365.contig113	15792	2932	87
D365.contig114	15692	0	0
D365.contig115	15620	1202	20
D365.contig116	15254	0	0
D365.contig117	15219	0	0
D365.contig118	15212	0	0
D365.contig119	15024	0	0
D365.contig120	14984	0	0
D365.contig121	14928	0	0
D365.contig122	14790	0	0
D365.contig123	14776	540065	17590
D365.contig124	14761	0	0
D365.contig125	14758	0	0
D365.contig126	14731	0	0
D365.contig127	14637	0	0
D365.contig128	14537	0	0
D365.contig129	14430	189658	7957
D365.contig130	14427	0	0
D365.contig131	14384	0	0
D365.contig132	14342	0	0
D365.contig133	14287	0	0
D365.contig134	14183	0	0
D365.contig135	14127	5654	140
D365.contig136	14091	19612	328
D365.contig137	14027	156738	8612
D365.contig138	13973	0	0
D365.contig139	13897	0	0
D365.contig140	13881	3471	47
D365.contig141	13829	0	0
D365.contig142	13744	0	0
D365.contig143	13540	0	0
D365.contig144	13522	0	0
D365.contig145	13457	5819	99
D365.contig146	13386	0	0
D365.contig147	13384	1411	43
D365.contig148	13284	0	0
D365.contig149	13278	0	0
D365.contig150	13245	0	0
D365.contig151	13088	15541	181
D365.contig152	13087	0	0
D365.contig153	13064	51486	794
D365.contig154	13036	1405	28
D365.contig155	13015	0	0
D365.contig156	12949	0	0
D365.contig157	12940	0	0
D365.contig158	12916	0	0
D365.contig159	12898	0	0
D365.contig160	12848	0	0
D365.contig161	12844	2135	69
D365.contig162	12706	0	0
D365.contig163	12705	0	0
D365.contig164	12625	0	0
D365.contig165	12596	3453	134
D365.contig166	12508	0	0
D365.contig167	12508	0	0
D365.contig168	12472	0	0
D365.contig169	12467	0	0
D365.contig170	12434	50	32
D365.contig171	12323	0	0
D365.contig172	12284	177640	8392
D365.contig173	12271	0	0
D365.contig174	12251	0	0
D365.contig175	12158	0	0
D365.contig176	12100	0	0
D365.contig177	11940	0	0
D365.contig178	11891	2818	66
D365.contig179	11869	3611	151
D365.contig180	11569	0	0
D365.contig181	11519	0	0
D365.contig182	11467	0	0
D365.contig183	11394	2738	100
D365.contig184	11372	0	0
D365.contig185	11362	0	0
D365.contig186	11319	0	0
D365.contig187	11291	5947	187
D365.contig188	11059	0	0
D365.contig189	10937	0	0
D365.contig190	10902	0	0
D365.contig191	10899	26320	975
D365.contig192	10892	0	0
D365.contig193	10866	0	0
D365.contig194	10844	674	20
D365.contig195	10836	0	0
D365.contig196	10785	0	0
D365.contig197	10715	16	2
D365.contig198	10714	0	0
D365.contig199	10708	4	1
D365.contig200	10695	0	0
D365.contig201	10672	0	0
D365.contig202	10665	0	0
D365.contig203	10658	7252	465
D365.contig204	10610	0	0
D365.contig205	10567	4561	269
D365.contig206	10512	3964	71
D365.contig207	10299	0	0
D365.contig208	10272	668	19
D365.contig209	10253	0	0
D365.contig210	10182	0	0
D365.contig211	10107	4408	231
D365.contig212	10102	0	0
D365.contig213	10101	0	0
D365.contig214	10093	0	0
D365.contig215	10090	742	18
D365.contig216	10023	0	0
D365.contig217	9978	0	0
D365.contig218	9963	0	0
D365.contig219	9902	18854	1320
D365.contig220	9894	0	0
D365.contig221	9827	0	0
D365.contig222	9810	0	0
D365.contig223	9786	0	0
D365.contig224	9774	0	0
D365.contig225	9690	0	0
D365.contig226	9644	0	0
D365.contig227	9617	0	0
D365.contig228	9594	0	0
D365.contig229	9557	1373	23
D365.contig230	9553	17922	946
D365.contig231	9547	0	0
D365.contig232	9474	0	0
D365.contig233	9455	45	1
D365.contig234	9430	0	0
D365.contig235	9393	8551	329
D365.contig236	9367	0	0
D365.contig237	9334	0	0
D365.contig238	9314	0	0
D365.contig239	9287	0	0
D365.contig240	9261	717	21
D365.contig241	9240	0	0
D365.contig242	9223	0	0
D365.contig243	9221	2	0
D365.contig244	9213	0	0
D365.contig245	9209	0	0
D365.contig246	9201	0	0
D365.contig247	9201	0	0
D365.contig248	9133	0	0
D365.contig249	9069	0	0
D365.contig250	9063	0	0
D365.contig251	8989	0	0
D365.contig252	8971	0	0
D365.contig253	8940	0	0
D365.contig254	8904	1420	26
D365.contig255	8882	0	0
D365.contig256	8827	0	0
D365.contig257	8802	0	0
D365.contig258	8779	9	3
D365.contig259	8769	943	26
D365.contig260	8736	0	0
D365.contig261	8727	3588	76
D365.contig262	8719	2993	149
D365.contig263	8705	4970	260
D365.contig264	8690	0	0
D365.contig265	8630	0	0
D365.contig266	8607	0	0
D365.contig267	8584	0	0
D365.contig268	8578	29957	693
D365.contig269	8525	254809	12429
D365.contig270	8524	834	14
D365.contig271	8509	0	0
D365.contig272	8502	0	0
D365.contig273	8488	0	0
D365.contig274	8420	1	1
D365.contig275	8419	0	0
D365.contig276	8414	31479	1223
D365.contig277	8403	0	0
D365.contig278	8402	0	0
D365.contig279	8400	367179	11499
D365.contig280	8387	0	0
D365.contig281	8383	32459	1375
D365.contig282	8333	11964	553
D365.contig283	8287	0	0
D365.contig284	8220	0	0
D365.contig285	8129	0	0
D365.contig286	8108	58722	2275
D365.contig287	8064	0	0
D365.contig288	8049	6937	458
D365.contig289	8036	812	36
D365.contig290	8000	0	0
D365.contig291	7991	6	6
D365.contig292	7921	0	0
D365.contig293	7919	0	0
D365.contig294	7918	0	0
D365.contig295	7901	0	0
D365.contig296	7885	0	0
D365.contig297	7877	5	1
D365.contig298	7876	0	0
D365.contig299	7824	0	0
D365.contig300	7803	0	0
D365.contig301	7783	0	0
D365.contig302	7777	2	0
D365.contig303	7748	0	0
D365.contig304	7740	0	0
D365.contig305	7717	0	0
D365.contig306	7699	0	0
D365.contig307	7689	2577	125
D365.contig308	7676	0	0
D365.contig309	7668	0	0
D365.contig310	7645	2031	72
D365.contig311	7584	0	0
D365.contig312	7498	0	0
D365.contig313	7481	13880	551
D365.contig314	7447	1746	84
D365.contig315	7438	0	0
D365.contig316	7427	0	0
D365.contig317	7409	0	0
D365.contig318	7409	15936	913
D365.contig319	7370	26611	1453
D365.contig320	7365	0	0
D365.contig321	7349	0	0
D365.contig322	7317	0	0
D365.contig323	7301	0	0
D365.contig324	7273	0	0
D365.contig325	7265	0	0
D365.contig326	7258	0	0
D365.contig327	7240	391	11
D365.contig328	7236	1559	57
D365.contig329	7221	639	28
D365.contig330	7200	0	0
D365.contig331	7186	0	0
D365.contig332	7150	1214	52
D365.contig333	7123	3761	72
D365.contig334	7084	517	12
D365.contig335	7059	0	0
D365.contig336	7047	0	0
D365.contig337	7033	0	0
D365.contig338	7003	0	0
D365.contig339	6999	3529	190
D365.contig340	6988	0	0
D365.contig341	6980	0	0
D365.contig342	6961	0	0
D365.contig343	6945	0	0
D365.contig344	6944	1	1
D365.contig345	6942	0	0
D365.contig346	6941	0	0
D365.contig347	6936	0	0
D365.contig348	6936	0	0
D365.contig349	6933	0	0
D365.contig350	6930	0	0
D365.contig351	6907	382	14
D365.contig352	6902	0	0
D365.contig353	6882	217188	31355
D365.contig354	6861	0	0
D365.contig355	6825	0	0
D365.contig356	6820	0	0
D365.contig357	6817	0	0
D365.contig358	6795	376	24
D365.contig359	6766	655	26
D365.contig360	6764	0	0
D365.contig361	6759	1224	40
D365.contig362	6726	0	0
D365.contig363	6716	952	12
D365.contig364	6704	1730	84
D365.contig365	6648	0	0
D365.contig366	6626	0	0
D365.contig367	6622	1190	42
D365.contig368	6616	0	0
D365.contig369	6557	0	0
D365.contig370	6523	0	0
D365.contig371	6491	1554	80
D365.contig372	6475	0	0
D365.contig373	6407	0	0
D365.contig374	6374	0	0
D365.contig375	6364	0	0
D365.contig376	6353	0	0
D365.contig377	6338	0	0
D365.contig378	6322	0	0
D365.contig379	6319	0	0
D365.contig380	6314	0	0
D365.contig381	6312	0	0
D365.contig382	6275	0	0
D365.contig383	6275	148	122
D365.contig384	6262	0	0
D365.contig385	6191	0	0
D365.contig386	6189	932	37
D365.contig387	6184	1466	127
D365.contig388	6177	0	0
D365.contig389	6173	14137	318
D365.contig390	6154	1898	55
D365.contig391	6135	61521	5266
D365.contig392	6125	0	0
D365.contig393	6101	1287	55
D365.contig394	6099	2385	237
D365.contig395	6095	0	0
D365.contig396	6092	0	0
D365.contig397	6088	395	15
D365.contig398	6076	6894	150
D365.contig399	6070	0	0
D365.contig400	6062	193421	10911
D365.contig401	6051	0	0
D365.contig402	6015	29568	2274
D365.contig403	5990	0	0
D365.contig404	5988	0	0
D365.contig405	5977	0	0
D365.contig406	5953	810	54
D365.contig407	5946	0	0
D365.contig408	5940	0	0
D365.contig409	5872	7366	713
D365.contig410	5871	1694	168
D365.contig411	5868	0	0
D365.contig412	5852	736	36
D365.contig413	5842	0	0
D365.contig414	5841	0	0
D365.contig415	5829	0	0
D365.contig416	5805	0	0
D365.contig417	5799	0	0
D365.contig418	5798	0	0
D365.contig419	5768	10012	926
D365.contig420	5752	0	0
D365.contig421	5750	0	0
D365.contig422	5739	0	0
D365.contig423	5732	13911	248
D365.contig424	5725	0	0
D365.contig425	5711	0	0
D365.contig426	5710	2360	140
D365.contig427	5708	0	0
D365.contig428	5685	689	33
D365.contig429	5660	0	0
D365.contig430	5651	0	0
D365.contig431	5647	0	0
D365.contig432	5643	0	0
D365.contig433	5609	0	0
D365.contig434	5608	0	0
D365.contig435	5575	0	0
D365.contig436	5573	0	0
D365.contig437	5561	0	0
D365.contig438	5558	0	0
D365.contig439	5555	0	0
D365.contig440	5554	0	0
D365.contig441	5551	0	0
D365.contig442	5543	0	0
D365.contig443	5532	3198	211
D365.contig444	5512	34875	2950
D365.contig445	5498	377	11
D365.contig446	5491	0	0
D365.contig447	5490	0	0
D365.contig448	5471	0	0
D365.contig449	5433	0	0
D365.contig450	5414	2763	178
D365.contig451	5370	0	0
D365.contig452	5368	0	0
D365.contig453	5341	0	0
D365.contig454	5308	0	0
D365.contig455	5297	0	0
D365.contig456	5286	0	0
D365.contig457	5260	0	0
D365.contig458	5212	13541	624
D365.contig459	5195	425	17
D365.contig460	5195	1620	114
D365.contig461	5190	731	44
D365.contig462	5188	0	0
D365.contig463	5187	2057	218
D365.contig464	5185	3315	191
D365.contig465	5169	0	0
D365.contig466	5165	1907	97
D365.contig467	5164	0	0
D365.contig468	5163	0	0
D365.contig469	5119	0	0
D365.contig470	5111	0	0
D365.contig471	5098	0	0
D365.contig472	5095	0	0
D365.contig473	5074	462	53
D365.contig474	5067	0	0
D365.contig475	5066	0	0
D365.contig476	5066	336	17
D365.contig477	5052	0	0
D365.contig478	5051	85252	3944
D365.contig479	5041	133942	12451
D365.contig480	5038	0	0
D365.contig481	5036	0	0
D365.contig482	5029	0	0
D365.contig483	5025	304	22
D365.contig484	5018	0	0
D365.contig485	5012	0	0
D365.contig486	5005	11406	506
D365.contig487	5003	0	0
D365.contig488	4986	408	24
D365.contig489	4979	0	0
D365.contig490	4977	0	0
D365.contig491	4971	606	28
D365.contig492	4964	0	0
D365.contig493	4951	0	0
D365.contig494	4951	721994	80659
D365.contig495	4924	1	1
D365.contig496	4919	5867	217
D365.contig497	4910	0	0
D365.contig498	4903	0	0
D365.contig499	4892	806	20
D365.contig500	4864	260	8
D365.contig501	4854	0	0
D365.contig502	4850	0	0
D365.contig503	4849	0	0
D365.contig504	4836	0	0
D365.contig505	4836	501	37
D365.contig506	4834	1308	116
D365.contig507	4827	276	15
D365.contig508	4824	0	0
D365.contig509	4821	0	0
D365.contig510	4803	377	11
D365.contig511	4787	0	0
D365.contig512	4769	53223	2505
D365.contig513	4765	0	0
D365.contig514	4761	0	0
D365.contig515	4756	0	0
D365.contig516	4730	0	0
D365.contig517	4717	0	0
D365.contig518	4711	0	0
D365.contig519	4705	0	0
D365.contig520	4704	0	0
D365.contig521	4703	0	0
D365.contig522	4689	179	9
D365.contig523	4644	0	0
D365.contig524	4639	0	0
D365.contig525	4638	0	0
D365.contig526	4638	0	0
D365.contig527	4628	3469	261
D365.contig528	4625	0	0
D365.contig529	4610	0	0
D365.contig530	4603	39357	1352
D365.contig531	4599	3735	211
D365.contig532	4587	0	0
D365.contig533	4576	0	0
D365.contig534	4575	2642	294
D365.contig535	4566	0	0
D365.contig536	4557	0	0
D365.contig537	4549	8284	372
D365.contig538	4539	4659	321
D365.contig539	4536	0	0
D365.contig540	4535	0	0
D365.contig541	4534	3161	227
D365.contig542	4519	6897	601
D365.contig543	4517	717	59
D365.contig544	4515	0	0
D365.contig545	4503	247	15
D365.contig546	4498	2	0
D365.contig547	4489	0	0
D365.contig548	4486	0	0
D365.contig549	4477	0	0
D365.contig550	4436	700	84
D365.contig551	4434	0	0
D365.contig552	4429	0	0
D365.contig553	4425	457	92
D365.contig554	4425	0	0
D365.contig555	4424	0	0
D365.contig556	4416	22578	2712
D365.contig557	4409	0	0
D365.contig558	4404	136	17
D365.contig559	4399	0	0
D365.contig560	4388	0	0
D365.contig561	4387	0	0
D365.contig562	4384	0	0
D365.contig563	4383	0	0
D365.contig564	4381	66090	4766
D365.contig565	4372	0	0
D365.contig566	4353	526	14
D365.contig567	4350	428	18
D365.contig568	4350	0	0
D365.contig569	4345	0	0
D365.contig570	4345	0	0
D365.contig571	4328	7382	570
D365.contig572	4327	6134	512
D365.contig573	4325	0	0
D365.contig574	4325	0	0
D365.contig575	4305	120323	5078
D365.contig576	4303	0	0
D365.contig577	4294	265	13
D365.contig578	4293	0	0
D365.contig579	4285	0	0
D365.contig580	4279	0	0
D365.contig581	4253	0	0
D365.contig582	4236	0	0
D365.contig583	4219	11092	830
D365.contig584	4214	2	0
D365.contig585	4213	633	55
D365.contig586	4213	0	0
D365.contig587	4212	12438	529
D365.contig588	4199	0	0
D365.contig589	4184	0	0
D365.contig590	4174	71441	6525
D365.contig591	4167	281	17
D365.contig592	4137	0	0
D365.contig593	4137	0	0
D365.contig594	4128	0	0
D365.contig595	4123	0	0
D365.contig596	4116	0	0
D365.contig597	4111	593	27
D365.contig598	4100	0	0
D365.contig599	4099	0	0
D365.contig600	4096	0	0
D365.contig601	4093	20736	1951
D365.contig602	4086	633	45
D365.contig603	4086	0	0
D365.contig604	4082	72655	6685
D365.contig605	4063	0	0
D365.contig606	4056	0	0
D365.contig607	4050	330	8
D365.contig608	4026	0	0
D365.contig609	4014	0	0
D365.contig610	4004	0	0
D365.contig611	3992	0	0
D365.contig612	3990	4534	242
D365.contig613	3985	0	0
D365.contig614	3983	814	65
D365.contig615	3980	18280	1217
D365.contig616	3979	465	14
D365.contig617	3978	0	0
D365.contig618	3976	0	0
D365.contig619	3974	211	5
D365.contig620	3968	467	45
D365.contig621	3954	0	0
D365.contig622	3949	0	0
D365.contig623	3948	0	0
D365.contig624	3936	0	0
D365.contig625	3934	0	0
D365.contig626	3928	0	0
D365.contig627	3927	0	0
D365.contig628	3926	0	0
D365.contig629	3924	0	0
D365.contig630	3921	0	0
D365.contig631	3915	206	12
D365.contig632	3904	0	0
D365.contig633	3902	0	0
D365.contig634	3901	91554	8609
D365.contig635	3890	5826	709
D365.contig636	3886	0	0
D365.contig637	3878	0	0
D365.contig638	3878	0	0
D365.contig639	3877	0	0
D365.contig640	3862	562	52
D365.contig641	3856	0	0
D365.contig642	3855	0	0
D365.contig643	3842	0	0
D365.contig644	3837	0	0
D365.contig645	3836	0	0
D365.contig646	3835	0	0
D365.contig647	3833	0	0
D365.contig648	3815	0	0
D365.contig649	3812	0	0
D365.contig650	3812	916	46
D365.contig651	3803	183	8
D365.contig652	3796	0	0
D365.contig653	3788	0	0
D365.contig654	3780	2438	224
D365.contig655	3771	0	0
D365.contig656	3766	0	0
D365.contig657	3765	0	0
D365.contig658	3764	159	13
D365.contig659	3755	0	0
D365.contig660	3744	0	0
D365.contig661	3743	0	0
D365.contig662	3741	0	0
D365.contig663	3739	773	274
D365.contig664	3736	0	0
D365.contig665	3729	191	23
D365.contig666	3726	0	0
D365.contig667	3720	0	0
D365.contig668	3718	0	0
D365.contig669	3717	0	0
D365.contig670	3715	378	16
D365.contig671	3707	0	0
D365.contig672	3705	588	162
D365.contig673	3704	0	0
D365.contig674	3695	0	0
D365.contig675	3682	0	0
D365.contig676	3680	284	35
D365.contig677	3673	0	0
D365.contig678	3670	0	0
D365.contig679	3668	0	0
D365.contig680	3667	0	0
D365.contig681	3666	0	0
D365.contig682	3656	2753	345
D365.contig683	3655	18441	2119
D365.contig684	3638	0	0
D365.contig685	3635	414	22
D365.contig686	3633	315	4
D365.contig687	3629	713	64
D365.contig688	3623	49	13
D365.contig689	3619	0	0
D365.contig690	3617	130	8
D365.contig691	3612	0	0
D365.contig692	3601	0	0
D365.contig693	3601	0	0
D365.contig694	3597	64712	5366
D365.contig695	3597	0	0
D365.contig696	3587	0	0
D365.contig697	3572	202	158
D365.contig698	3569	0	0
D365.contig699	3564	14741	1423
D365.contig700	3560	962	34
D365.contig701	3552	0	0
D365.contig702	3544	0	0
D365.contig703	3544	0	0
D365.contig704	3542	0	0
D365.contig705	3541	0	0
D365.contig706	3525	64	14
D365.contig707	3518	0	0
D365.contig708	3510	0	0
D365.contig709	3508	0	0
D365.contig710	3503	407	7
D365.contig711	3503	0	0
D365.contig712	3498	129	7
D365.contig713	3496	578	22
D365.contig714	3494	0	0
D365.contig715	3479	0	0
D365.contig716	3477	0	0
D365.contig717	3469	0	0
D365.contig718	3469	145	7
D365.contig719	3468	0	0
D365.contig720	3463	0	0
D365.contig721	3451	0	0
D365.contig722	3448	0	0
D365.contig723	3446	0	0
D365.contig724	3442	0	0
D365.contig725	3423	32	2
D365.contig726	3423	0	0
D365.contig727	3423	176	9
D365.contig728	3409	0	0
D365.contig729	3402	0	0
D365.contig730	3399	1171	75
D365.contig731	3398	35	1
D365.contig732	3394	0	0
D365.contig733	3387	0	0
D365.contig734	3384	1953	229
D365.contig735	3359	0	0
D365.contig736	3351	0	0
D365.contig737	3345	1726	40
D365.contig738	3331	0	0
D365.contig739	3328	0	0
D365.contig740	3328	0	0
D365.contig741	3328	0	0
D365.contig742	3321	0	0
D365.contig743	3319	0	0
D365.contig744	3314	0	0
D365.contig745	3311	0	0
D365.contig746	3308	0	0
D365.contig747	3308	0	0
D365.contig748	3307	0	0
D365.contig749	3299	0	0
D365.contig750	3296	0	0
D365.contig751	3296	0	0
D365.contig752	3294	0	0
D365.contig753	3286	504	9
D365.contig754	3283	0	0
D365.contig755	3280	1055	19
D365.contig756	3279	5180	889
D365.contig757	3277	0	0
D365.contig758	3265	0	0
D365.contig759	3263	0	0
D365.contig760	3263	0	0
D365.contig761	3261	0	0
D365.contig762	3254	1	1
D365.contig763	3251	0	0
D365.contig764	3251	14862	259
D365.contig765	3251	0	0
D365.contig766	3248	0	0
D365.contig767	3242	0	0
D365.contig768	3237	0	0
D365.contig769	3233	0	0
D365.contig770	3216	0	0
D365.contig771	3216	0	0
D365.contig772	3213	0	0
D365.contig773	3201	0	0
D365.contig774	3189	56417	6004
D365.contig775	3187	0	0
D365.contig776	3186	0	0
D365.contig777	3186	892	90
D365.contig778	3180	967	18
D365.contig779	3178	0	0
D365.contig780	3178	0	0
D365.contig781	3175	130	10
D365.contig782	3170	0	0
D365.contig783	3169	0	0
D365.contig784	3162	0	0
D365.contig785	3161	2735	49
D365.contig786	3159	183	3
D365.contig787	3150	0	0
D365.contig788	3150	0	0
D365.contig789	3141	5151	554
D365.contig790	3139	0	0
D365.contig791	3127	77732	3652
D365.contig792	3124	0	0
D365.contig793	3124	0	0
D365.contig794	3112	0	0
D365.contig795	3111	1769	187
D365.contig796	3111	0	0
D365.contig797	3111	1526	72
D365.contig798	3109	0	0
D365.contig799	3105	0	0
D365.contig800	3101	766	68
D365.contig801	3093	261	25
D365.contig802	3093	0	0
D365.contig803	3086	0	0
D365.contig804	3079	0	0
D365.contig805	3076	0	0
D365.contig806	3072	0	0
D365.contig807	3071	0	0
D365.contig808	3063	184	22
D365.contig809	3061	0	0
D365.contig810	3060	240	56
D365.contig811	3057	1651	218
D365.contig812	3053	1319	94
D365.contig813	3051	795	34
D365.contig814	3050	0	0
D365.contig815	3044	0	0
D365.contig816	3040	3698	475
D365.contig817	3034	181	3
D365.contig818	3033	0	0
D365.contig819	3030	0	0
D365.contig820	3029	274	15
D365.contig821	3025	0	0
D365.contig822	3024	230	25
D365.contig823	3024	0	0
D365.contig824	3018	193	15
D365.contig825	3017	0	0
D365.contig826	3014	0	0
D365.contig827	3005	0	0
D365.contig828	3001	0	0
*	0	0	2526848
