D365.contig1	87539	0	0
D365.contig2	74698	0	0
D365.contig3	71401	101020	3569
D365.contig4	62042	23001	894
D365.contig5	61001	10424	245
D365.contig6	57772	23037	730
D365.contig7	52468	2	0
D365.contig8	48961	2	1
D365.contig9	47362	22036	664
D365.contig10	45949	126213	2692
D365.contig11	44675	0	0
D365.contig12	43476	471	26
D365.contig13	43323	0	0
D365.contig14	43224	71973	2563
D365.contig15	42989	2	0
D365.contig16	40879	0	0
D365.contig17	40028	8463	226
D365.contig18	39667	11175	236
D365.contig19	38950	5	1
D365.contig20	37346	3961	112
D365.contig21	37285	1688	68
D365.contig22	36884	7385	182
D365.contig23	36654	4	2
D365.contig24	35883	2451439	77701
D365.contig25	35294	765	30
D365.contig26	35196	9807	247
D365.contig27	35171	57063	2068
D365.contig28	33988	21506	528
D365.contig29	33849	77548	1819
D365.contig30	33485	2588	75
D365.contig31	33028	5707	135
D365.contig32	32998	26	2
D365.contig33	32573	34414	906
D365.contig34	32088	11	4
D365.contig35	31965	8	2
D365.contig36	31878	0	0
D365.contig37	31747	134	3
D365.contig38	31362	15520	482
D365.contig39	30506	4543	97
D365.contig40	30159	5486	61
D365.contig41	29682	124	4
D365.contig42	29650	163	11
D365.contig43	28845	7423	180
D365.contig44	28377	3424	100
D365.contig45	28128	1	1
D365.contig46	27401	9271	266
D365.contig47	27099	0	0
D365.contig48	26502	3794	96
D365.contig49	26360	11	1
D365.contig50	25834	9601	377
D365.contig51	25811	962	19
D365.contig52	25716	8	0
D365.contig53	25678	101	2
D365.contig54	25658	4	0
D365.contig55	25367	4495	130
D365.contig56	25043	3336	78
D365.contig57	25040	2447	55
D365.contig58	24977	4816	160
D365.contig59	24725	0	0
D365.contig60	24690	0	0
D365.contig61	24581	0	0
D365.contig62	23779	2	0
D365.contig63	23411	5975	151
D365.contig64	23336	7962	293
D365.contig65	23208	12928	275
D365.contig66	23160	2904	68
D365.contig67	22983	7307	216
D365.contig68	22597	0	0
D365.contig69	22421	21389	619
D365.contig70	22381	5109	241
D365.contig71	21860	7189	210
D365.contig72	21842	2027	57
D365.contig73	21804	3284	82
D365.contig74	21336	0	0
D365.contig75	21319	3695	67
D365.contig76	21202	110	4
D365.contig77	21127	4111	118
D365.contig78	20277	9563	466
D365.contig79	20061	3122	98
D365.contig80	20009	122	8
D365.contig81	19997	147477	5225
D365.contig82	19930	7991	360
D365.contig83	19551	0	0
D365.contig84	19405	9396	396
D365.contig85	19325	0	0
D365.contig86	18947	9832	463
D365.contig87	18679	4585	69
D365.contig88	18644	1936	42
D365.contig89	18588	2909	80
D365.contig90	18546	0	0
D365.contig91	18416	0	0
D365.contig92	18171	3614	83
D365.contig93	18148	0	0
D365.contig94	17861	3383	90
D365.contig95	17856	131697	3412
D365.contig96	17667	35	10
D365.contig97	17428	3524040	177815
D365.contig98	17423	2340	62
D365.contig99	17227	3932	141
D365.contig100	17198	3241	72
D365.contig101	17150	1955	34
D365.contig102	17145	2	0
D365.contig103	17043	2346	180
D365.contig104	16893	0	0
D365.contig105	16860	6	2
D365.contig106	16786	2	0
D365.contig107	16734	0	0
D365.contig108	16266	0	0
D365.contig109	16209	0	0
D365.contig110	16109	0	0
D365.contig111	16003	0	0
D365.contig112	15901	0	0
D365.contig113	15792	0	0
D365.contig114	15692	0	0
D365.contig115	15620	4	0
D365.contig116	15254	1367	21
D365.contig117	15219	1753	56
D365.contig118	15212	1871	49
D365.contig119	15024	2763	73
D365.contig120	14984	0	0
D365.contig121	14928	15167	427
D365.contig122	14790	21	0
D365.contig123	14776	0	0
D365.contig124	14761	5038	241
D365.contig125	14758	3704	74
D365.contig126	14731	4738	151
D365.contig127	14637	1679	43
D365.contig128	14537	9	1
D365.contig129	14430	150	0
D365.contig130	14427	3328	131
D365.contig131	14384	0	0
D365.contig132	14342	5463	159
D365.contig133	14287	0	0
D365.contig134	14183	16	6
D365.contig135	14127	0	0
D365.contig136	14091	43	3
D365.contig137	14027	0	0
D365.contig138	13973	2373	91
D365.contig139	13897	1216	40
D365.contig140	13881	0	0
D365.contig141	13829	1036	30
D365.contig142	13744	3709	92
D365.contig143	13540	0	0
D365.contig144	13522	4	0
D365.contig145	13457	0	0
D365.contig146	13386	2056	59
D365.contig147	13384	6	0
D365.contig148	13284	166	3
D365.contig149	13278	1006	20
D365.contig150	13245	6263	393
D365.contig151	13088	0	0
D365.contig152	13087	925	22
D365.contig153	13064	25	9
D365.contig154	13036	0	0
D365.contig155	13015	2572	73
D365.contig156	12949	1572	34
D365.contig157	12940	0	0
D365.contig158	12916	2450	60
D365.contig159	12898	5405	158
D365.contig160	12848	2062	76
D365.contig161	12844	552	11
D365.contig162	12706	792	24
D365.contig163	12705	0	0
D365.contig164	12625	5159	204
D365.contig165	12596	0	0
D365.contig166	12508	3593	182
D365.contig167	12508	4864	201
D365.contig168	12472	9342	386
D365.contig169	12467	21018	964
D365.contig170	12434	5	3
D365.contig171	12323	17990	707
D365.contig172	12284	0	0
D365.contig173	12271	2822	174
D365.contig174	12251	1274	42
D365.contig175	12158	6963	271
D365.contig176	12100	2607	80
D365.contig177	11940	8406	314
D365.contig178	11891	0	0
D365.contig179	11869	0	0
D365.contig180	11569	1488	34
D365.contig181	11519	0	0
D365.contig182	11467	0	0
D365.contig183	11394	0	0
D365.contig184	11372	1135	42
D365.contig185	11362	768	24
D365.contig186	11319	0	0
D365.contig187	11291	0	0
D365.contig188	11059	1199	56
D365.contig189	10937	111709	3089
D365.contig190	10902	4210	111
D365.contig191	10899	0	0
D365.contig192	10892	16	0
D365.contig193	10866	91	3
D365.contig194	10844	0	0
D365.contig195	10836	1877	55
D365.contig196	10785	3609	136
D365.contig197	10715	1486	22
D365.contig198	10714	0	0
D365.contig199	10708	1660917	100964
D365.contig200	10695	443	31
D365.contig201	10672	668	14
D365.contig202	10665	1026	34
D365.contig203	10658	0	0
D365.contig204	10610	0	0
D365.contig205	10567	4	0
D365.contig206	10512	0	0
D365.contig207	10299	50	4
D365.contig208	10272	0	0
D365.contig209	10253	765	22
D365.contig210	10182	1126	36
D365.contig211	10107	0	0
D365.contig212	10102	2441	88
D365.contig213	10101	1052	30
D365.contig214	10093	905	32
D365.contig215	10090	0	0
D365.contig216	10023	2765	117
D365.contig217	9978	136	10
D365.contig218	9963	0	0
D365.contig219	9902	5	1
D365.contig220	9894	1049	45
D365.contig221	9827	668	18
D365.contig222	9810	976	10
D365.contig223	9786	51	3
D365.contig224	9774	1581	59
D365.contig225	9690	1426	36
D365.contig226	9644	3374	1053
D365.contig227	9617	645	15
D365.contig228	9594	759	31
D365.contig229	9557	0	0
D365.contig230	9553	0	0
D365.contig231	9547	589	25
D365.contig232	9474	0	0
D365.contig233	9455	1608	26
D365.contig234	9430	629	27
D365.contig235	9393	0	0
D365.contig236	9367	1346	37
D365.contig237	9334	0	0
D365.contig238	9314	6	0
D365.contig239	9287	2629	61
D365.contig240	9261	0	0
D365.contig241	9240	0	0
D365.contig242	9223	678	23
D365.contig243	9221	1	0
D365.contig244	9213	596	21
D365.contig245	9209	873	20
D365.contig246	9201	0	0
D365.contig247	9201	1031	58
D365.contig248	9133	0	0
D365.contig249	9069	0	0
D365.contig250	9063	0	0
D365.contig251	8989	1077	60
D365.contig252	8971	850	22
D365.contig253	8940	869	24
D365.contig254	8904	0	0
D365.contig255	8882	612	20
D365.contig256	8827	1291	36
D365.contig257	8802	0	0
D365.contig258	8779	1927	96
D365.contig259	8769	0	0
D365.contig260	8736	1383	66
D365.contig261	8727	0	0
D365.contig262	8719	0	0
D365.contig263	8705	0	0
D365.contig264	8690	2274	86
D365.contig265	8630	285	9
D365.contig266	8607	8	0
D365.contig267	8584	0	0
D365.contig268	8578	0	0
D365.contig269	8525	2	0
D365.contig270	8524	0	0
D365.contig271	8509	0	0
D365.contig272	8502	0	0
D365.contig273	8488	1205	37
D365.contig274	8420	18	7
D365.contig275	8419	0	0
D365.contig276	8414	0	0
D365.contig277	8403	0	0
D365.contig278	8402	1677	73
D365.contig279	8400	11	1
D365.contig280	8387	846	37
D365.contig281	8383	2	0
D365.contig282	8333	0	0
D365.contig283	8287	753	21
D365.contig284	8220	718	20
D365.contig285	8129	0	0
D365.contig286	8108	25	1
D365.contig287	8064	781	58
D365.contig288	8049	26	2
D365.contig289	8036	1	0
D365.contig290	8000	0	0
D365.contig291	7991	1195	29
D365.contig292	7921	0	0
D365.contig293	7919	0	0
D365.contig294	7918	0	0
D365.contig295	7901	788	35
D365.contig296	7885	0	0
D365.contig297	7877	686	20
D365.contig298	7876	385	13
D365.contig299	7824	183	15
D365.contig300	7803	796	28
D365.contig301	7783	680	21
D365.contig302	7777	97929	4127
D365.contig303	7748	0	0
D365.contig304	7740	403	8
D365.contig305	7717	825	34
D365.contig306	7699	9205	480
D365.contig307	7689	0	0
D365.contig308	7676	0	0
D365.contig309	7668	0	0
D365.contig310	7645	0	0
D365.contig311	7584	420	27
D365.contig312	7498	5337	309
D365.contig313	7481	0	0
D365.contig314	7447	0	0
D365.contig315	7438	0	0
D365.contig316	7427	672	37
D365.contig317	7409	0	0
D365.contig318	7409	0	0
D365.contig319	7370	0	0
D365.contig320	7365	0	0
D365.contig321	7349	43	5
D365.contig322	7317	1121	32
D365.contig323	7301	936	47
D365.contig324	7273	0	0
D365.contig325	7265	0	0
D365.contig326	7258	511	15
D365.contig327	7240	0	0
D365.contig328	7236	0	0
D365.contig329	7221	0	0
D365.contig330	7200	2522	83
D365.contig331	7186	3683	184
D365.contig332	7150	0	0
D365.contig333	7123	0	0
D365.contig334	7084	0	0
D365.contig335	7059	973	26
D365.contig336	7047	509	14
D365.contig337	7033	0	0
D365.contig338	7003	15561	280
D365.contig339	6999	52	2
D365.contig340	6988	0	0
D365.contig341	6980	424	19
D365.contig342	6961	611	23
D365.contig343	6945	0	0
D365.contig344	6944	0	0
D365.contig345	6942	699	30
D365.contig346	6941	0	0
D365.contig347	6936	0	0
D365.contig348	6936	0	0
D365.contig349	6933	426	10
D365.contig350	6930	315	13
D365.contig351	6907	0	0
D365.contig352	6902	431	21
D365.contig353	6882	0	0
D365.contig354	6861	1952	141
D365.contig355	6825	441	15
D365.contig356	6820	0	0
D365.contig357	6817	83	4
D365.contig358	6795	0	0
D365.contig359	6766	10	0
D365.contig360	6764	9096	466
D365.contig361	6759	0	0
D365.contig362	6726	771	59
D365.contig363	6716	0	0
D365.contig364	6704	0	0
D365.contig365	6648	663	15
D365.contig366	6626	0	0
D365.contig367	6622	0	0
D365.contig368	6616	0	0
D365.contig369	6557	0	0
D365.contig370	6523	58	19
D365.contig371	6491	0	0
D365.contig372	6475	0	0
D365.contig373	6407	863	25
D365.contig374	6374	578	49
D365.contig375	6364	256	16
D365.contig376	6353	0	0
D365.contig377	6338	0	0
D365.contig378	6322	0	0
D365.contig379	6319	1018	29
D365.contig380	6314	0	0
D365.contig381	6312	2497	57
D365.contig382	6275	552	20
D365.contig383	6275	657	11
D365.contig384	6262	670	25
D365.contig385	6191	975	46
D365.contig386	6189	0	0
D365.contig387	6184	0	0
D365.contig388	6177	0	0
D365.contig389	6173	0	0
D365.contig390	6154	10	0
D365.contig391	6135	0	0
D365.contig392	6125	1137	80
D365.contig393	6101	25	3
D365.contig394	6099	0	0
D365.contig395	6095	803	22
D365.contig396	6092	0	0
D365.contig397	6088	1	1
D365.contig398	6076	0	0
D365.contig399	6070	49067	1336
D365.contig400	6062	0	0
D365.contig401	6051	533	11
D365.contig402	6015	0	0
D365.contig403	5990	0	0
D365.contig404	5988	409	17
D365.contig405	5977	1	1
D365.contig406	5953	0	0
D365.contig407	5946	0	0
D365.contig408	5940	270	7
D365.contig409	5872	0	0
D365.contig410	5871	0	0
D365.contig411	5868	0	0
D365.contig412	5852	0	0
D365.contig413	5842	786	36
D365.contig414	5841	0	0
D365.contig415	5829	0	0
D365.contig416	5805	0	0
D365.contig417	5799	3254	269
D365.contig418	5798	748	54
D365.contig419	5768	0	0
D365.contig420	5752	0	0
D365.contig421	5750	591	41
D365.contig422	5739	321	11
D365.contig423	5732	0	0
D365.contig424	5725	0	0
D365.contig425	5711	720	38
D365.contig426	5710	0	0
D365.contig427	5708	150	8
D365.contig428	5685	0	0
D365.contig429	5660	462	14
D365.contig430	5651	1828	240
D365.contig431	5647	364	22
D365.contig432	5643	72	19
D365.contig433	5609	511	20
D365.contig434	5608	24669	1392
D365.contig435	5575	659	26
D365.contig436	5573	365	9
D365.contig437	5561	0	0
D365.contig438	5558	257	9
D365.contig439	5555	1648	115
D365.contig440	5554	0	0
D365.contig441	5551	414	15
D365.contig442	5543	0	0
D365.contig443	5532	0	0
D365.contig444	5512	0	0
D365.contig445	5498	0	0
D365.contig446	5491	0	0
D365.contig447	5490	0	0
D365.contig448	5471	432	22
D365.contig449	5433	275	7
D365.contig450	5414	0	0
D365.contig451	5370	424	20
D365.contig452	5368	0	0
D365.contig453	5341	582	26
D365.contig454	5308	435	9
D365.contig455	5297	0	0
D365.contig456	5286	275	3
D365.contig457	5260	302	10
D365.contig458	5212	0	0
D365.contig459	5195	0	0
D365.contig460	5195	2	0
D365.contig461	5190	0	0
D365.contig462	5188	2905	77
D365.contig463	5187	0	0
D365.contig464	5185	6	4
D365.contig465	5169	440	22
D365.contig466	5165	0	0
D365.contig467	5164	0	0
D365.contig468	5163	0	0
D365.contig469	5119	302	20
D365.contig470	5111	1191	23
D365.contig471	5098	294	16
D365.contig472	5095	0	0
D365.contig473	5074	8	2
D365.contig474	5067	0	0
D365.contig475	5066	0	0
D365.contig476	5066	0	0
D365.contig477	5052	417	20
D365.contig478	5051	0	0
D365.contig479	5041	0	0
D365.contig480	5038	984	28
D365.contig481	5036	0	0
D365.contig482	5029	0	0
D365.contig483	5025	0	0
D365.contig484	5018	364	15
D365.contig485	5012	0	0
D365.contig486	5005	0	0
D365.contig487	5003	0	0
D365.contig488	4986	8	0
D365.contig489	4979	423	18
D365.contig490	4977	351	14
D365.contig491	4971	0	0
D365.contig492	4964	44	5
D365.contig493	4951	269	11
D365.contig494	4951	4	0
D365.contig495	4924	0	0
D365.contig496	4919	0	0
D365.contig497	4910	0	0
D365.contig498	4903	0	0
D365.contig499	4892	0	0
D365.contig500	4864	0	0
D365.contig501	4854	560	286
D365.contig502	4850	0	0
D365.contig503	4849	2277	171
D365.contig504	4836	412	10
D365.contig505	4836	20	2
D365.contig506	4834	0	0
D365.contig507	4827	0	0
D365.contig508	4824	338	14
D365.contig509	4821	421	10
D365.contig510	4803	0	0
D365.contig511	4787	0	0
D365.contig512	4769	2	0
D365.contig513	4765	546	12
D365.contig514	4761	250	12
D365.contig515	4756	0	0
D365.contig516	4730	217	7
D365.contig517	4717	220	8
D365.contig518	4711	339	11
D365.contig519	4705	478	16
D365.contig520	4704	2903	213
D365.contig521	4703	19320	838
D365.contig522	4689	0	0
D365.contig523	4644	461	18
D365.contig524	4639	0	0
D365.contig525	4638	0	0
D365.contig526	4638	30	2
D365.contig527	4628	0	0
D365.contig528	4625	696	34
D365.contig529	4610	0	0
D365.contig530	4603	0	0
D365.contig531	4599	0	0
D365.contig532	4587	1088	19
D365.contig533	4576	0	0
D365.contig534	4575	0	0
D365.contig535	4566	2	0
D365.contig536	4557	318	18
D365.contig537	4549	8	0
D365.contig538	4539	0	0
D365.contig539	4536	280	11
D365.contig540	4535	3	1
D365.contig541	4534	0	0
D365.contig542	4519	0	0
D365.contig543	4517	0	0
D365.contig544	4515	224	9
D365.contig545	4503	0	0
D365.contig546	4498	432	15
D365.contig547	4489	0	0
D365.contig548	4486	247	17
D365.contig549	4477	1123	45
D365.contig550	4436	0	0
D365.contig551	4434	167	9
D365.contig552	4429	4	0
D365.contig553	4425	0	0
D365.contig554	4425	199	15
D365.contig555	4424	344	7
D365.contig556	4416	0	0
D365.contig557	4409	265	23
D365.contig558	4404	192	20
D365.contig559	4399	5	1
D365.contig560	4388	0	0
D365.contig561	4387	279	8
D365.contig562	4384	279	9
D365.contig563	4383	350	9
D365.contig564	4381	0	0
D365.contig565	4372	0	0
D365.contig566	4353	0	0
D365.contig567	4350	0	0
D365.contig568	4350	0	0
D365.contig569	4345	257	21
D365.contig570	4345	657	48
D365.contig571	4328	0	0
D365.contig572	4327	0	0
D365.contig573	4325	348	14
D365.contig574	4325	221	13
D365.contig575	4305	2	0
D365.contig576	4303	438	32
D365.contig577	4294	19	3
D365.contig578	4293	6	0
D365.contig579	4285	182	12
D365.contig580	4279	234	9
D365.contig581	4253	0	0
D365.contig582	4236	4658	161
D365.contig583	4219	8	0
D365.contig584	4214	173	13
D365.contig585	4213	0	0
D365.contig586	4213	1226	30
D365.contig587	4212	30	0
D365.contig588	4199	4732	255
D365.contig589	4184	167	11
D365.contig590	4174	0	0
D365.contig591	4167	0	0
D365.contig592	4137	462	13
D365.contig593	4137	0	0
D365.contig594	4128	180	12
D365.contig595	4123	146	8
D365.contig596	4116	222	10
D365.contig597	4111	0	0
D365.contig598	4100	0	0
D365.contig599	4099	1822	120
D365.contig600	4096	30	2
D365.contig601	4093	0	0
D365.contig602	4086	0	0
D365.contig603	4086	139	11
D365.contig604	4082	0	0
D365.contig605	4063	227	15
D365.contig606	4056	0	0
D365.contig607	4050	0	0
D365.contig608	4026	250	11
D365.contig609	4014	33	3
D365.contig610	4004	634	57
D365.contig611	3992	187	6
D365.contig612	3990	0	0
D365.contig613	3985	180	4
D365.contig614	3983	0	0
D365.contig615	3980	0	0
D365.contig616	3979	0	0
D365.contig617	3978	339	10
D365.contig618	3976	272	24
D365.contig619	3974	0	0
D365.contig620	3968	0	0
D365.contig621	3954	817	29
D365.contig622	3949	198	4
D365.contig623	3948	494	50
D365.contig624	3936	0	0
D365.contig625	3934	33072	1154
D365.contig626	3928	1570	28
D365.contig627	3927	0	0
D365.contig628	3926	191	7
D365.contig629	3924	0	0
D365.contig630	3921	272	7
D365.contig631	3915	0	0
D365.contig632	3904	0	0
D365.contig633	3902	186	14
D365.contig634	3901	0	0
D365.contig635	3890	0	0
D365.contig636	3886	190	16
D365.contig637	3878	0	0
D365.contig638	3878	217	3
D365.contig639	3877	0	0
D365.contig640	3862	0	0
D365.contig641	3856	164	6
D365.contig642	3855	2541	146
D365.contig643	3842	0	0
D365.contig644	3837	158	4
D365.contig645	3836	1026	60
D365.contig646	3835	0	0
D365.contig647	3833	1839	75
D365.contig648	3815	0	0
D365.contig649	3812	1489	80
D365.contig650	3812	0	0
D365.contig651	3803	0	0
D365.contig652	3796	240	10
D365.contig653	3788	20181	2134
D365.contig654	3780	0	0
D365.contig655	3771	41	3
D365.contig656	3766	0	0
D365.contig657	3765	0	0
D365.contig658	3764	0	0
D365.contig659	3755	202	12
D365.contig660	3744	0	0
D365.contig661	3743	905	59
D365.contig662	3741	169	7
D365.contig663	3739	1	1
D365.contig664	3736	0	0
D365.contig665	3729	218	15
D365.contig666	3726	0	0
D365.contig667	3720	165	24
D365.contig668	3718	38	2
D365.contig669	3717	169	11
D365.contig670	3715	0	0
D365.contig671	3707	0	0
D365.contig672	3705	2	0
D365.contig673	3704	206	12
D365.contig674	3695	0	0
D365.contig675	3682	0	0
D365.contig676	3680	0	0
D365.contig677	3673	7480	660
D365.contig678	3670	227	11
D365.contig679	3668	0	0
D365.contig680	3667	219	13
D365.contig681	3666	197	15
D365.contig682	3656	307	29
D365.contig683	3655	0	0
D365.contig684	3638	179	15
D365.contig685	3635	0	0
D365.contig686	3633	0	0
D365.contig687	3629	0	0
D365.contig688	3623	202	8
D365.contig689	3619	0	0
D365.contig690	3617	0	0
D365.contig691	3612	10026	228
D365.contig692	3601	861	41
D365.contig693	3601	0	0
D365.contig694	3597	0	0
D365.contig695	3597	427	19
D365.contig696	3587	457	19
D365.contig697	3572	219	6
D365.contig698	3569	0	0
D365.contig699	3564	0	0
D365.contig700	3560	0	0
D365.contig701	3552	270	20
D365.contig702	3544	815	20
D365.contig703	3544	0	0
D365.contig704	3542	0	0
D365.contig705	3541	0	0
D365.contig706	3525	113	3
D365.contig707	3518	158	9
D365.contig708	3510	347	17
D365.contig709	3508	179	16
D365.contig710	3503	0	0
D365.contig711	3503	513	12
D365.contig712	3498	101	6
D365.contig713	3496	0	0
D365.contig714	3494	260	26
D365.contig715	3479	631	36
D365.contig716	3477	0	0
D365.contig717	3469	117	9
D365.contig718	3469	0	0
D365.contig719	3468	0	0
D365.contig720	3463	134	12
D365.contig721	3451	2709	293
D365.contig722	3448	0	0
D365.contig723	3446	0	0
D365.contig724	3442	116	12
D365.contig725	3423	198	7
D365.contig726	3423	30	2
D365.contig727	3423	0	0
D365.contig728	3409	0	0
D365.contig729	3402	0	0
D365.contig730	3399	2	0
D365.contig731	3398	0	0
D365.contig732	3394	210	8
D365.contig733	3387	0	0
D365.contig734	3384	0	0
D365.contig735	3359	601	27
D365.contig736	3351	0	0
D365.contig737	3345	0	0
D365.contig738	3331	0	0
D365.contig739	3328	177	9
D365.contig740	3328	405	28
D365.contig741	3328	1115	30
D365.contig742	3321	16	0
D365.contig743	3319	206	2
D365.contig744	3314	0	0
D365.contig745	3311	169	13
D365.contig746	3308	0	0
D365.contig747	3308	0	0
D365.contig748	3307	174	6
D365.contig749	3299	45	3
D365.contig750	3296	0	0
D365.contig751	3296	30	2
D365.contig752	3294	1323	118
D365.contig753	3286	0	0
D365.contig754	3283	424	10
D365.contig755	3280	0	0
D365.contig756	3279	0	0
D365.contig757	3277	262	18
D365.contig758	3265	7	1
D365.contig759	3263	216	11
D365.contig760	3263	159	13
D365.contig761	3261	0	0
D365.contig762	3254	210929	10807
D365.contig763	3251	163	16
D365.contig764	3251	0	0
D365.contig765	3251	1	0
D365.contig766	3248	0	0
D365.contig767	3242	0	0
D365.contig768	3237	438	15
D365.contig769	3233	105	4
D365.contig770	3216	272	5
D365.contig771	3216	131	4
D365.contig772	3213	0	0
D365.contig773	3201	0	0
D365.contig774	3189	0	0
D365.contig775	3187	547	41
D365.contig776	3186	0	0
D365.contig777	3186	0	0
D365.contig778	3180	0	0
D365.contig779	3178	347	36
D365.contig780	3178	152	4
D365.contig781	3175	0	0
D365.contig782	3170	107	4
D365.contig783	3169	0	0
D365.contig784	3162	194	30
D365.contig785	3161	0	0
D365.contig786	3159	0	0
D365.contig787	3150	206	22
D365.contig788	3150	218	6
D365.contig789	3141	0	0
D365.contig790	3139	1142	98
D365.contig791	3127	2	0
D365.contig792	3124	0	0
D365.contig793	3124	1671	150
D365.contig794	3112	0	0
D365.contig795	3111	0	0
D365.contig796	3111	99	5
D365.contig797	3111	0	0
D365.contig798	3109	0	0
D365.contig799	3105	0	0
D365.contig800	3101	0	0
D365.contig801	3093	2	2
D365.contig802	3093	235	42
D365.contig803	3086	121	9
D365.contig804	3079	0	0
D365.contig805	3076	319	24
D365.contig806	3072	0	0
D365.contig807	3071	156	12
D365.contig808	3063	0	0
D365.contig809	3061	284	11
D365.contig810	3060	0	0
D365.contig811	3057	2	0
D365.contig812	3053	0	0
D365.contig813	3051	0	0
D365.contig814	3050	0	0
D365.contig815	3044	0	0
D365.contig816	3040	0	0
D365.contig817	3034	0	0
D365.contig818	3033	165	15
D365.contig819	3030	35	3
D365.contig820	3029	63	4
D365.contig821	3025	0	0
D365.contig822	3024	0	0
D365.contig823	3024	123	7
D365.contig824	3018	0	0
D365.contig825	3017	0	0
D365.contig826	3014	187	19
D365.contig827	3005	186	5
D365.contig828	3001	0	0
*	0	0	426342
