R4014.contig1	5092	2	2
R4014.contig2	1567	3217960	171445
R4014.contig3	1442	4070103	234317
R4014.contig4	1156	0	0
R4014.contig5	955	4323	473
R4014.contig6	947	0	0
R4014.contig7	909	804	340
R4014.contig8	889	0	0
R4014.contig9	864	0	0
R4014.contig10	752	339737	64882
R4014.contig11	751	940571	187152
R4014.contig12	682	8219	1414
R4014.contig13	640	33343	10688
R4014.contig14	620	0	0
R4014.contig15	608	461892	135500
R4014.contig16	571	2044	266
R4014.contig17	570	0	0
R4014.contig18	565	19	12
R4014.contig19	558	0	0
R4014.contig20	552	110046	22094
R4014.contig21	542	42825	10885
R4014.contig22	539	0	0
R4014.contig23	531	0	0
R4014.contig24	496	13	2
R4014.contig25	485	1324665	318549
R4014.contig26	481	2075	631
R4014.contig27	479	5	1
R4014.contig28	466	8250	1911
R4014.contig29	451	1113452	239437
R4014.contig30	445	2190	259
R4014.contig31	428	250	97
R4014.contig32	414	927	234
R4014.contig33	408	221	9
R4014.contig34	407	2182	370
R4014.contig35	391	17042	5251
R4014.contig36	384	605794	193961
R4014.contig37	380	2589	304
R4014.contig38	367	30299	10258
R4014.contig39	361	0	0
R4014.contig40	356	83765	32728
R4014.contig41	353	481252	110100
R4014.contig42	344	0	0
R4014.contig43	341	1242	604
R4014.contig44	338	0	0
R4014.contig45	336	15473	5846
R4014.contig46	332	28057	9549
R4014.contig47	325	464971	149162
R4014.contig48	323	18819	7322
R4014.contig49	309	199	45
*	0	0	11996378
