RB1.contig1	2243	2534	8
RB1.contig2	1463	3394520	221468
RB1.contig3	1270	3625237	149067
RB1.contig4	924	351857	62597
RB1.contig5	883	106911	446
RB1.contig6	856	116	7
RB1.contig7	807	797	5
RB1.contig8	747	1046475	152816
RB1.contig9	728	11700	1903
RB1.contig10	711	2587	20
RB1.contig11	707	343768	43926
RB1.contig12	642	427598	13851
RB1.contig13	641	122942	9314
RB1.contig14	623	365	45
RB1.contig15	621	61	6
RB1.contig16	601	35	9
RB1.contig17	582	72079	1903
RB1.contig18	580	46291	7953
RB1.contig19	535	178965	38645
RB1.contig20	506	24016	4663
RB1.contig21	459	329	6
RB1.contig22	455	77775	7969
RB1.contig23	454	140673	21163
RB1.contig24	441	11439	1549
RB1.contig25	430	14417	55
RB1.contig26	405	60580	5603
RB1.contig27	404	3810	267
RB1.contig28	397	819	89
RB1.contig29	394	9827	956
RB1.contig30	354	7	4
RB1.contig31	327	20647	1898
RB1.contig32	316	2592	789
RB1.contig33	312	30768	15879
RB1.contig34	312	2977	626
RB1.contig35	309	158	1
*	0	0	16456920
