R3400.contig1	1498	48622	225
R3400.contig2	1238	7115	71
R3400.contig3	986	156503	1343
R3400.contig4	865	23874	104
R3400.contig5	847	6129	63
R3400.contig6	762	487	2
R3400.contig7	694	45654	193
R3400.contig8	649	13	8
R3400.contig9	555	2603	29
R3400.contig10	554	793	5
R3400.contig11	494	41	37
R3400.contig12	480	2258	14
R3400.contig13	428	163	3
R3400.contig14	414	515	5
R3400.contig15	412	16	8
R3400.contig16	404	1474	6
R3400.contig17	358	252	4
R3400.contig18	328	741	1
R3400.contig19	324	12	0
*	0	0	12730
