D3950.contig1	28212	214784	4230
D3950.contig2	24742	36478	818
D3950.contig3	23641	13689	252
D3950.contig4	17427	44275	1420
D3950.contig5	17183	72442	1095
D3950.contig6	15606	5054	86
D3950.contig7	15478	243938	3471
D3950.contig8	14739	3078	80
D3950.contig9	14571	230153	3975
D3950.contig10	13741	3808	79
D3950.contig11	11634	2252	45
D3950.contig12	11583	3283	50
D3950.contig13	10799	17104	469
D3950.contig14	9970	42719	694
D3950.contig15	9936	2871	71
D3950.contig16	9116	3051	44
D3950.contig17	8972	2546	81
D3950.contig18	8839	1175	30
D3950.contig19	7136	1372	20
D3950.contig20	6862	10730	265
D3950.contig21	6547	2005	42
D3950.contig22	6163	825	46
D3950.contig23	6115	520	21
D3950.contig24	5955	7456	139
D3950.contig25	5885	1056	35
D3950.contig26	5830	4550	141
D3950.contig27	5808	1026	18
D3950.contig28	5517	857	22
D3950.contig29	5284	1230	40
D3950.contig30	5102	11724	240
D3950.contig31	5012	779	33
D3950.contig32	5008	31274	648
D3950.contig33	4794	3253	125
D3950.contig34	4750	1415	30
D3950.contig35	4571	826	23
D3950.contig36	4469	997	18
D3950.contig37	4328	4774	62
D3950.contig38	4269	1124	26
D3950.contig39	4234	705	26
D3950.contig40	4003	730	24
D3950.contig41	3563	2029	21
D3950.contig42	3528	784	24
D3950.contig43	3381	269	12
D3950.contig44	3341	721	29
D3950.contig45	3335	481	35
D3950.contig46	3335	375	9
D3950.contig47	3318	1522	34
D3950.contig48	3100	317	12
D3950.contig49	2988	45292	831
D3950.contig50	2979	509	23
D3950.contig51	2896	244	19
D3950.contig52	2890	306	13
D3950.contig53	2803	208	11
D3950.contig54	2616	437	18
D3950.contig55	2590	254	6
D3950.contig56	2556	5707	152
D3950.contig57	2518	828	16
D3950.contig58	2508	31244	735
D3950.contig59	2490	304	6
D3950.contig60	2465	1510	48
D3950.contig61	2459	255	13
D3950.contig62	2398	318	19
D3950.contig63	2339	188	15
D3950.contig64	2315	211	13
D3950.contig65	2301	257	16
D3950.contig66	2292	311	13
D3950.contig67	2141	198	9
D3950.contig68	2118	104	13
D3950.contig69	2115	1307	20
D3950.contig70	2102	133	10
D3950.contig71	2078	174	16
D3950.contig72	2002	138	12
D3950.contig73	1953	240	22
D3950.contig74	1900	158	16
D3950.contig75	1898	19841	328
D3950.contig76	1883	469	24
D3950.contig77	1859	18891	363
D3950.contig78	1858	153	11
D3950.contig79	1842	502	7
D3950.contig80	1795	120	5
D3950.contig81	1698	109	5
D3950.contig82	1640	220	11
D3950.contig83	1547	114	9
D3950.contig84	1544	105	13
D3950.contig85	1534	94	10
D3950.contig86	1460	13381	492
D3950.contig87	1436	62	8
D3950.contig88	1401	129	11
D3950.contig89	1349	662	15
D3950.contig90	1348	1709	87
D3950.contig91	1319	89	4
D3950.contig92	1294	100	8
D3950.contig93	1292	294	9
D3950.contig94	1280	75	6
D3950.contig95	1264	239	5
D3950.contig96	1254	842	132
D3950.contig97	1225	96	16
D3950.contig98	1158	57	3
D3950.contig99	1158	57	12
D3950.contig100	1150	87	8
D3950.contig101	1138	57	12
D3950.contig102	1124	1351	31
D3950.contig103	1113	64	11
D3950.contig104	1090	49	7
D3950.contig105	1090	40	5
D3950.contig106	1084	65	11
D3950.contig107	1082	64	3
D3950.contig108	1071	94	9
D3950.contig109	1061	119	25
D3950.contig110	1058	42	5
D3950.contig111	1035	55	6
D3950.contig112	1021	54	9
D3950.contig113	1016	64	5
D3950.contig114	996	39	6
D3950.contig115	989	64	6
D3950.contig116	989	77	12
D3950.contig117	981	176	3
D3950.contig118	967	54	12
D3950.contig119	962	40	8
D3950.contig120	961	38	10
D3950.contig121	958	64	10
D3950.contig122	958	40	7
D3950.contig123	949	41	10
D3950.contig124	940	76	6
D3950.contig125	911	50	7
D3950.contig126	898	53	4
D3950.contig127	895	91	8
D3950.contig128	894	40	5
D3950.contig129	858	39	13
D3950.contig130	857	45	3
D3950.contig131	851	48	15
D3950.contig132	850	35	11
D3950.contig133	849	211	39
D3950.contig134	848	40	10
D3950.contig135	848	138	4
D3950.contig136	845	115	17
D3950.contig137	842	37	3
D3950.contig138	837	48	12
D3950.contig139	834	89	2
D3950.contig140	834	52	10
D3950.contig141	810	43	8
D3950.contig142	806	31	5
D3950.contig143	803	27	8
D3950.contig144	792	34	8
D3950.contig145	775	322	13
D3950.contig146	772	34	11
D3950.contig147	771	52	6
D3950.contig148	761	42	1
D3950.contig149	758	74	12
D3950.contig150	757	48	12
D3950.contig151	755	14	14
D3950.contig152	753	40	19
D3950.contig153	740	20	4
D3950.contig154	732	33	5
D3950.contig155	729	29	7
D3950.contig156	723	35	12
D3950.contig157	718	53	12
D3950.contig158	717	34	4
D3950.contig159	711	59	7
D3950.contig160	710	38	5
D3950.contig161	707	12	2
D3950.contig162	703	29	5
D3950.contig163	696	17	7
D3950.contig164	691	54	2
D3950.contig165	683	80	4
D3950.contig166	681	37	7
D3950.contig167	681	40	7
D3950.contig168	678	39	9
D3950.contig169	678	34	6
D3950.contig170	677	22	8
D3950.contig171	667	28	6
D3950.contig172	667	30	10
D3950.contig173	664	39	11
D3950.contig174	645	41	3
D3950.contig175	641	4	2
D3950.contig176	641	43	1
D3950.contig177	635	74	3
D3950.contig178	634	155	17
D3950.contig179	633	72	4
D3950.contig180	633	42	8
D3950.contig181	629	33	5
D3950.contig182	628	18	4
D3950.contig183	617	33	2
D3950.contig184	616	40	7
D3950.contig185	614	21	5
D3950.contig186	603	18	10
D3950.contig187	600	36	7
D3950.contig188	593	133	7
D3950.contig189	591	42	5
D3950.contig190	588	37	5
D3950.contig191	588	57	17
D3950.contig192	584	11	5
D3950.contig193	584	71	9
D3950.contig194	583	28	8
D3950.contig195	580	582	62
D3950.contig196	579	36	8
D3950.contig197	577	24	14
D3950.contig198	576	15	9
D3950.contig199	576	28	5
D3950.contig200	575	29	11
D3950.contig201	573	21	10
D3950.contig202	569	20	2
D3950.contig203	566	127	11
D3950.contig204	565	87	11
D3950.contig205	563	19	4
D3950.contig206	560	46	3
D3950.contig207	558	11	5
D3950.contig208	557	20	9
D3950.contig209	555	21	8
D3950.contig210	552	60	8
D3950.contig211	551	25	4
D3950.contig212	549	16	2
D3950.contig213	549	34	14
D3950.contig214	545	73	7
D3950.contig215	545	19	5
D3950.contig216	544	1218	196
D3950.contig217	543	9	5
D3950.contig218	541	50	2
D3950.contig219	539	17	5
D3950.contig220	539	500	34
D3950.contig221	530	15	3
D3950.contig222	527	28	8
D3950.contig223	525	13	7
D3950.contig224	524	87	1
D3950.contig225	521	13	3
D3950.contig226	520	27	11
D3950.contig227	519	34	5
D3950.contig228	518	14	4
D3950.contig229	517	105	6
D3950.contig230	515	34	2
D3950.contig231	514	75	5
D3950.contig232	514	29	3
D3950.contig233	514	16	6
D3950.contig234	513	33	5
D3950.contig235	513	26	11
D3950.contig236	512	17	6
D3950.contig237	510	23	7
D3950.contig238	509	18	2
D3950.contig239	508	25	2
D3950.contig240	506	32	1
D3950.contig241	506	38	0
D3950.contig242	505	40	6
D3950.contig243	504	10	5
D3950.contig244	503	209	7
D3950.contig245	501	17	7
D3950.contig246	498	62	2
D3950.contig247	498	377	13
D3950.contig248	497	19	1
D3950.contig249	497	119	7
D3950.contig250	497	22	1
D3950.contig251	496	18	5
D3950.contig252	493	20	11
D3950.contig253	492	19	4
D3950.contig254	486	41	13
D3950.contig255	485	55	4
D3950.contig256	484	22	6
D3950.contig257	484	24	0
D3950.contig258	483	27	8
D3950.contig259	482	9	1
D3950.contig260	481	15	5
D3950.contig261	481	2766	10
D3950.contig262	481	30	2
D3950.contig263	477	19	9
D3950.contig264	477	16	4
D3950.contig265	467	8	2
D3950.contig266	466	24	4
D3950.contig267	465	16	7
D3950.contig268	464	105	11
D3950.contig269	461	14	6
D3950.contig270	460	50	6
D3950.contig271	459	12	2
D3950.contig272	457	28	4
D3950.contig273	456	35	5
D3950.contig274	456	10	6
D3950.contig275	455	12	6
D3950.contig276	453	75	15
D3950.contig277	453	10	0
D3950.contig278	451	53	7
D3950.contig279	449	132	59
D3950.contig280	449	26	5
D3950.contig281	447	34	6
D3950.contig282	447	21	7
D3950.contig283	445	17	9
D3950.contig284	444	15	1
D3950.contig285	442	58	11
D3950.contig286	442	19	9
D3950.contig287	440	9	3
D3950.contig288	440	18	6
D3950.contig289	438	21	9
D3950.contig290	437	45	3
D3950.contig291	437	71	5
D3950.contig292	436	9	9
D3950.contig293	436	630	29
D3950.contig294	435	52	8
D3950.contig295	434	26	2
D3950.contig296	434	37	12
D3950.contig297	433	50	2
D3950.contig298	432	10	2
D3950.contig299	431	166	24
D3950.contig300	431	11	9
D3950.contig301	430	65	12
D3950.contig302	429	12	6
D3950.contig303	427	9	3
D3950.contig304	427	15	7
D3950.contig305	425	19	3
D3950.contig306	425	80	4
D3950.contig307	424	22	2
D3950.contig308	424	45	7
D3950.contig309	424	1419	163
D3950.contig310	422	7	1
D3950.contig311	421	10	5
D3950.contig312	419	73	5
D3950.contig313	419	13	9
D3950.contig314	418	65	5
D3950.contig315	418	20	3
D3950.contig316	417	23	9
D3950.contig317	416	21	13
D3950.contig318	416	21	2
D3950.contig319	415	28	2
D3950.contig320	415	13	4
D3950.contig321	415	19	3
D3950.contig322	414	7	1
D3950.contig323	413	11	4
D3950.contig324	412	18	6
D3950.contig325	412	4	0
D3950.contig326	410	6	2
D3950.contig327	410	50	2
D3950.contig328	409	16	6
D3950.contig329	409	7	4
D3950.contig330	407	17	8
D3950.contig331	405	18	12
D3950.contig332	405	11	5
D3950.contig333	403	7	6
D3950.contig334	403	23	4
D3950.contig335	401	10	4
D3950.contig336	399	1448	124
D3950.contig337	399	17	4
D3950.contig338	398	280	14
D3950.contig339	398	7	1
D3950.contig340	397	38	4
D3950.contig341	397	18	9
D3950.contig342	397	15	5
D3950.contig343	396	6	2
D3950.contig344	395	5	1
D3950.contig345	392	49	19
D3950.contig346	388	10	4
D3950.contig347	388	11	7
D3950.contig348	387	13	11
D3950.contig349	386	14	2
D3950.contig350	385	11	5
D3950.contig351	385	6	6
D3950.contig352	383	9	7
D3950.contig353	380	5	1
D3950.contig354	379	13	7
D3950.contig355	378	9	5
D3950.contig356	377	10	0
D3950.contig357	376	8	5
D3950.contig358	376	7	5
D3950.contig359	376	9	4
D3950.contig360	376	8	0
D3950.contig361	376	40	2
D3950.contig362	375	19	7
D3950.contig363	374	3	1
D3950.contig364	373	13	1
D3950.contig365	373	2	0
D3950.contig366	372	11	5
D3950.contig367	372	40	0
D3950.contig368	371	12	6
D3950.contig369	371	7	3
D3950.contig370	370	15	6
D3950.contig371	369	11	5
D3950.contig372	368	17	5
D3950.contig373	368	1	0
D3950.contig374	367	15	7
D3950.contig375	366	64	10
D3950.contig376	366	9	3
D3950.contig377	364	12	7
D3950.contig378	364	2	0
D3950.contig379	363	9	7
D3950.contig380	363	20	4
D3950.contig381	363	27	3
D3950.contig382	363	18	4
D3950.contig383	363	7	3
D3950.contig384	361	76	8
D3950.contig385	361	5	1
D3950.contig386	360	14	6
D3950.contig387	360	2	0
D3950.contig388	358	19	1
D3950.contig389	358	15	0
D3950.contig390	358	9	5
D3950.contig391	358	16	2
D3950.contig392	357	9	5
D3950.contig393	357	2	2
D3950.contig394	356	7	7
D3950.contig395	356	2	0
D3950.contig396	356	10	4
D3950.contig397	356	10	6
D3950.contig398	355	21	1
D3950.contig399	355	12	4
D3950.contig400	355	2	0
D3950.contig401	355	8	2
D3950.contig402	355	16	4
D3950.contig403	355	4	0
D3950.contig404	354	2	0
D3950.contig405	354	7	1
D3950.contig406	352	10	5
D3950.contig407	352	14	0
D3950.contig408	352	17	3
D3950.contig409	352	16	0
D3950.contig410	352	4	0
D3950.contig411	351	16	0
D3950.contig412	351	64	4
D3950.contig413	350	17	3
D3950.contig414	350	12	4
D3950.contig415	350	9	9
D3950.contig416	349	8	4
D3950.contig417	349	9	3
D3950.contig418	349	7	5
D3950.contig419	347	4	2
D3950.contig420	347	11	9
D3950.contig421	347	31	5
D3950.contig422	347	8	2
D3950.contig423	346	6	2
D3950.contig424	346	8	0
D3950.contig425	345	5	5
D3950.contig426	345	19	7
D3950.contig427	345	5	1
D3950.contig428	345	13	1
D3950.contig429	345	20	2
D3950.contig430	344	15	6
D3950.contig431	343	5	1
D3950.contig432	343	16	11
D3950.contig433	342	2	0
D3950.contig434	342	14	2
D3950.contig435	342	2	0
D3950.contig436	341	6	6
D3950.contig437	341	4	0
D3950.contig438	340	19	13
D3950.contig439	338	11	6
D3950.contig440	337	12	4
D3950.contig441	337	11	3
D3950.contig442	336	10	1
D3950.contig443	336	10	2
D3950.contig444	336	8	2
D3950.contig445	335	13	5
D3950.contig446	335	2	0
D3950.contig447	334	69	7
D3950.contig448	333	10	8
D3950.contig449	333	20	0
D3950.contig450	333	28	0
D3950.contig451	333	4	2
D3950.contig452	332	8	0
D3950.contig453	332	64	6
D3950.contig454	331	33	1
D3950.contig455	331	4	2
D3950.contig456	331	1	1
D3950.contig457	331	27	1
D3950.contig458	331	13	5
D3950.contig459	330	34	4
D3950.contig460	330	6	0
D3950.contig461	330	19	0
D3950.contig462	330	15	3
D3950.contig463	330	10	0
D3950.contig464	330	0	0
D3950.contig465	329	5	1
D3950.contig466	329	17	1
D3950.contig467	327	13	4
D3950.contig468	327	6	2
D3950.contig469	327	15	6
D3950.contig470	326	3	3
D3950.contig471	326	10	1
D3950.contig472	325	13	1
D3950.contig473	325	8	6
D3950.contig474	325	13	7
D3950.contig475	325	17	11
D3950.contig476	324	6	6
D3950.contig477	324	63	5
D3950.contig478	324	8	4
D3950.contig479	323	9	7
D3950.contig480	323	10	4
D3950.contig481	322	2	0
D3950.contig482	322	15	10
D3950.contig483	322	1	1
D3950.contig484	321	9	3
D3950.contig485	320	10	8
D3950.contig486	320	8	6
D3950.contig487	319	3	1
D3950.contig488	319	6	6
D3950.contig489	319	6	5
D3950.contig490	319	7	5
D3950.contig491	319	3	1
D3950.contig492	318	12	7
D3950.contig493	318	5	3
D3950.contig494	318	16	5
D3950.contig495	318	15	3
D3950.contig496	318	10	0
D3950.contig497	317	24	4
D3950.contig498	317	6	2
D3950.contig499	317	3	1
D3950.contig500	317	16	7
D3950.contig501	315	12	6
D3950.contig502	315	14	4
D3950.contig503	315	1191	112
D3950.contig504	315	9	5
D3950.contig505	314	6	4
D3950.contig506	312	5	5
D3950.contig507	312	3	1
D3950.contig508	312	4	0
D3950.contig509	311	11	1
D3950.contig510	311	2	0
D3950.contig511	311	6	6
D3950.contig512	311	23	0
D3950.contig513	310	15	2
D3950.contig514	310	3	3
D3950.contig515	310	40	4
D3950.contig516	310	4	4
D3950.contig517	309	13	3
D3950.contig518	308	8	6
D3950.contig519	307	42	2
D3950.contig520	307	12	2
D3950.contig521	306	6	0
D3950.contig522	305	8	5
D3950.contig523	305	7	3
D3950.contig524	305	22	2
D3950.contig525	305	11	7
D3950.contig526	305	8	5
D3950.contig527	305	37	3
D3950.contig528	304	7	5
D3950.contig529	304	12	0
D3950.contig530	304	277	16
D3950.contig531	304	11	1
D3950.contig532	303	24	4
D3950.contig533	303	7	2
D3950.contig534	302	24	4
D3950.contig535	302	32	2
D3950.contig536	302	4	0
D3950.contig537	302	7	5
D3950.contig538	302	4	2
D3950.contig539	302	6	0
D3950.contig540	301	6	4
D3950.contig541	301	8	5
D3950.contig542	300	7	5
*	0	0	48652
