D3891.contig1	43862	2	0
D3891.contig2	43697	149	19
D3891.contig3	42596	4	0
D3891.contig4	41807	2	0
D3891.contig5	41356	2	0
D3891.contig6	41159	20	4
D3891.contig7	38046	2	0
D3891.contig8	37613	83	71
D3891.contig9	33672	0	0
D3891.contig10	32269	4	0
D3891.contig11	29668	0	0
D3891.contig12	26679	3	1
D3891.contig13	24487	0	0
D3891.contig14	21805	0	0
D3891.contig15	21734	0	0
D3891.contig16	20881	0	0
D3891.contig17	19494	29	11
D3891.contig18	18487	1	1
D3891.contig19	18139	0	0
D3891.contig20	17298	0	0
D3891.contig21	17155	14023	9642
D3891.contig22	16774	0	0
D3891.contig23	16577	58	6
D3891.contig24	16462	0	0
D3891.contig25	16172	1	1
D3891.contig26	15671	0	0
D3891.contig27	15597	0	0
D3891.contig28	15300	2	0
D3891.contig29	14542	43358	34550
D3891.contig30	14248	0	0
D3891.contig31	14202	1	1
D3891.contig32	14184	0	0
D3891.contig33	13891	1	1
D3891.contig34	12789	5	1
D3891.contig35	12157	0	0
D3891.contig36	11955	0	0
D3891.contig37	11766	622	50
D3891.contig38	11447	0	0
D3891.contig39	11263	0	0
D3891.contig40	11070	0	0
D3891.contig41	10989	0	0
D3891.contig42	10980	0	0
D3891.contig43	10971	0	0
D3891.contig44	10681	0	0
D3891.contig45	10583	0	0
D3891.contig46	10567	0	0
D3891.contig47	10352	0	0
D3891.contig48	10153	6	2
D3891.contig49	9912	0	0
D3891.contig50	9807	0	0
D3891.contig51	9632	1	0
D3891.contig52	9620	0	0
D3891.contig53	9579	0	0
D3891.contig54	9502	16	4
D3891.contig55	9246	0	0
D3891.contig56	8930	0	0
D3891.contig57	8925	1860	1056
D3891.contig58	8603	0	0
D3891.contig59	7869	0	0
D3891.contig60	7678	0	0
D3891.contig61	7652	5	0
D3891.contig62	7512	2	0
D3891.contig63	7218	0	0
D3891.contig64	7156	0	0
D3891.contig65	7108	0	0
D3891.contig66	6797	0	0
D3891.contig67	6752	0	0
D3891.contig68	6567	2	0
D3891.contig69	6557	0	0
D3891.contig70	6483	0	0
D3891.contig71	6435	2	0
D3891.contig72	6364	6	2
D3891.contig73	6189	0	0
D3891.contig74	6048	0	0
D3891.contig75	6012	0	0
D3891.contig76	6009	0	0
D3891.contig77	5862	0	0
D3891.contig78	5569	0	0
D3891.contig79	5527	0	0
D3891.contig80	5520	0	0
D3891.contig81	5350	0	0
D3891.contig82	5129	0	0
D3891.contig83	5071	0	0
D3891.contig84	5052	0	0
D3891.contig85	4996	0	0
D3891.contig86	4891	0	0
D3891.contig87	4854	9	2
D3891.contig88	4803	8	7
D3891.contig89	4712	0	0
D3891.contig90	4652	2	0
D3891.contig91	4594	0	0
D3891.contig92	4586	0	0
D3891.contig93	4525	0	0
D3891.contig94	4520	1	1
D3891.contig95	4498	0	0
D3891.contig96	4162	0	0
D3891.contig97	4155	0	0
D3891.contig98	4149	0	0
D3891.contig99	4131	8	2
D3891.contig100	4120	0	0
D3891.contig101	4066	0	0
D3891.contig102	3985	0	0
D3891.contig103	3930	0	0
D3891.contig104	3882	0	0
D3891.contig105	3859	0	0
D3891.contig106	3841	0	0
D3891.contig107	3796	0	0
D3891.contig108	3783	0	0
D3891.contig109	3752	0	0
D3891.contig110	3576	0	0
D3891.contig111	3571	0	0
D3891.contig112	3566	8	2
D3891.contig113	3549	1	1
D3891.contig114	3542	4	0
D3891.contig115	3513	0	0
D3891.contig116	3435	0	0
D3891.contig117	3435	0	0
D3891.contig118	3432	0	0
D3891.contig119	3389	0	0
D3891.contig120	3380	0	0
D3891.contig121	3345	0	0
D3891.contig122	3277	3	1
D3891.contig123	3253	12	2
D3891.contig124	3182	0	0
D3891.contig125	3176	0	0
D3891.contig126	3125	0	0
D3891.contig127	3047	0	0
D3891.contig128	3046	0	0
D3891.contig129	3045	0	0
D3891.contig130	2996	0	0
D3891.contig131	2989	0	0
D3891.contig132	2984	0	0
D3891.contig133	2974	0	0
D3891.contig134	2934	1	1
D3891.contig135	2873	12	0
D3891.contig136	2842	0	0
D3891.contig137	2819	0	0
D3891.contig138	2819	0	0
D3891.contig139	2796	0	0
D3891.contig140	2786	0	0
D3891.contig141	2781	0	0
D3891.contig142	2755	0	0
D3891.contig143	2746	138	110
D3891.contig144	2728	0	0
D3891.contig145	2723	0	0
D3891.contig146	2712	0	0
D3891.contig147	2707	0	0
D3891.contig148	2702	0	0
D3891.contig149	2626	0	0
D3891.contig150	2613	0	0
D3891.contig151	2578	0	0
D3891.contig152	2561	259	215
D3891.contig153	2559	0	0
D3891.contig154	2550	0	0
D3891.contig155	2504	1	0
D3891.contig156	2476	0	0
D3891.contig157	2471	0	0
D3891.contig158	2470	0	0
D3891.contig159	2468	152	133
D3891.contig160	2457	2	0
D3891.contig161	2455	0	0
D3891.contig162	2442	0	0
D3891.contig163	2432	0	0
D3891.contig164	2419	0	0
D3891.contig165	2402	0	0
D3891.contig166	2402	0	0
D3891.contig167	2401	0	0
D3891.contig168	2396	0	0
D3891.contig169	2387	0	0
D3891.contig170	2366	0	0
D3891.contig171	2332	0	0
D3891.contig172	2299	12	11
D3891.contig173	2284	0	0
D3891.contig174	2272	0	0
D3891.contig175	2264	0	0
D3891.contig176	2262	0	0
D3891.contig177	2242	0	0
D3891.contig178	2224	3	0
D3891.contig179	2215	0	0
D3891.contig180	2214	0	0
D3891.contig181	2197	0	0
D3891.contig182	2194	0	0
D3891.contig183	2179	0	0
D3891.contig184	2178	0	0
D3891.contig185	2136	1	1
D3891.contig186	2134	0	0
D3891.contig187	2130	0	0
D3891.contig188	2123	0	0
D3891.contig189	2115	0	0
D3891.contig190	2109	0	0
D3891.contig191	2091	0	0
D3891.contig192	2068	0	0
D3891.contig193	2045	0	0
D3891.contig194	2042	0	0
D3891.contig195	2031	0	0
D3891.contig196	2023	0	0
D3891.contig197	2013	0	0
D3891.contig198	2010	4	0
D3891.contig199	2006	0	0
D3891.contig200	1974	0	0
D3891.contig201	1974	0	0
D3891.contig202	1972	0	0
D3891.contig203	1969	0	0
D3891.contig204	1964	0	0
D3891.contig205	1960	0	0
D3891.contig206	1938	0	0
D3891.contig207	1925	0	0
D3891.contig208	1920	0	0
D3891.contig209	1916	0	0
D3891.contig210	1892	0	0
D3891.contig211	1866	0	0
D3891.contig212	1829	0	0
D3891.contig213	1813	0	0
D3891.contig214	1812	0	0
D3891.contig215	1795	1	1
D3891.contig216	1779	0	0
D3891.contig217	1777	0	0
D3891.contig218	1760	0	0
D3891.contig219	1758	0	0
D3891.contig220	1756	0	0
D3891.contig221	1744	0	0
D3891.contig222	1739	0	0
D3891.contig223	1730	0	0
D3891.contig224	1728	64	50
D3891.contig225	1727	0	0
D3891.contig226	1720	0	0
D3891.contig227	1720	0	0
D3891.contig228	1719	0	0
D3891.contig229	1715	0	0
D3891.contig230	1691	0	0
D3891.contig231	1691	0	0
D3891.contig232	1680	0	0
D3891.contig233	1674	0	0
D3891.contig234	1673	0	0
D3891.contig235	1671	0	0
D3891.contig236	1663	0	0
D3891.contig237	1658	0	0
D3891.contig238	1657	0	0
D3891.contig239	1650	0	0
D3891.contig240	1645	0	0
D3891.contig241	1633	0	0
D3891.contig242	1631	0	0
D3891.contig243	1604	0	0
D3891.contig244	1598	0	0
D3891.contig245	1595	0	0
D3891.contig246	1595	0	0
D3891.contig247	1582	7	1
D3891.contig248	1581	0	0
D3891.contig249	1568	0	0
D3891.contig250	1566	0	0
D3891.contig251	1566	0	0
D3891.contig252	1561	0	0
D3891.contig253	1558	0	0
D3891.contig254	1538	0	0
D3891.contig255	1529	0	0
D3891.contig256	1513	0	0
D3891.contig257	1511	40	39
D3891.contig258	1510	0	0
D3891.contig259	1503	0	0
D3891.contig260	1501	0	0
D3891.contig261	1498	0	0
D3891.contig262	1479	0	0
D3891.contig263	1478	0	0
D3891.contig264	1474	0	0
D3891.contig265	1472	0	0
D3891.contig266	1472	0	0
D3891.contig267	1456	0	0
D3891.contig268	1429	0	0
D3891.contig269	1425	0	0
D3891.contig270	1423	291	256
D3891.contig271	1411	0	0
D3891.contig272	1374	0	0
D3891.contig273	1369	0	0
D3891.contig274	1365	0	0
D3891.contig275	1362	0	0
D3891.contig276	1357	5928	5028
D3891.contig277	1349	0	0
D3891.contig278	1347	0	0
D3891.contig279	1339	0	0
D3891.contig280	1335	0	0
D3891.contig281	1324	0	0
D3891.contig282	1323	0	0
D3891.contig283	1323	0	0
D3891.contig284	1319	0	0
D3891.contig285	1304	0	0
D3891.contig286	1299	0	0
D3891.contig287	1296	0	0
D3891.contig288	1295	0	0
D3891.contig289	1289	0	0
D3891.contig290	1288	0	0
D3891.contig291	1284	1	0
D3891.contig292	1282	0	0
D3891.contig293	1279	0	0
D3891.contig294	1276	0	0
D3891.contig295	1273	0	0
D3891.contig296	1272	0	0
D3891.contig297	1269	0	0
D3891.contig298	1264	0	0
D3891.contig299	1262	0	0
D3891.contig300	1261	0	0
D3891.contig301	1256	0	0
D3891.contig302	1248	0	0
D3891.contig303	1246	474	421
D3891.contig304	1244	0	0
D3891.contig305	1233	0	0
D3891.contig306	1231	0	0
D3891.contig307	1223	4	0
D3891.contig308	1219	0	0
D3891.contig309	1219	0	0
D3891.contig310	1217	0	0
D3891.contig311	1215	0	0
D3891.contig312	1215	0	0
D3891.contig313	1212	0	0
D3891.contig314	1212	0	0
D3891.contig315	1210	0	0
D3891.contig316	1204	0	0
D3891.contig317	1204	0	0
D3891.contig318	1200	0	0
D3891.contig319	1200	0	0
D3891.contig320	1200	0	0
D3891.contig321	1199	0	0
D3891.contig322	1190	0	0
D3891.contig323	1189	0	0
D3891.contig324	1184	0	0
D3891.contig325	1180	0	0
D3891.contig326	1178	0	0
D3891.contig327	1174	0	0
D3891.contig328	1173	2	0
D3891.contig329	1162	0	0
D3891.contig330	1159	0	0
D3891.contig331	1158	0	0
D3891.contig332	1157	0	0
D3891.contig333	1154	0	0
D3891.contig334	1153	0	0
D3891.contig335	1142	0	0
D3891.contig336	1141	0	0
D3891.contig337	1139	7	7
D3891.contig338	1137	0	0
D3891.contig339	1136	0	0
D3891.contig340	1135	0	0
D3891.contig341	1134	0	0
D3891.contig342	1130	0	0
D3891.contig343	1117	0	0
D3891.contig344	1112	0	0
D3891.contig345	1111	0	0
D3891.contig346	1109	0	0
D3891.contig347	1106	0	0
D3891.contig348	1103	1	0
D3891.contig349	1096	0	0
D3891.contig350	1094	0	0
D3891.contig351	1093	0	0
D3891.contig352	1088	0	0
D3891.contig353	1074	0	0
D3891.contig354	1069	0	0
D3891.contig355	1063	1	0
D3891.contig356	1062	0	0
D3891.contig357	1061	2570	2049
D3891.contig358	1059	0	0
D3891.contig359	1057	0	0
D3891.contig360	1057	0	0
D3891.contig361	1056	0	0
D3891.contig362	1055	0	0
D3891.contig363	1053	0	0
D3891.contig364	1051	0	0
D3891.contig365	1042	0	0
D3891.contig366	1041	0	0
D3891.contig367	1040	0	0
D3891.contig368	1030	0	0
D3891.contig369	1030	0	0
D3891.contig370	1029	0	0
D3891.contig371	1027	273	250
D3891.contig372	1027	0	0
D3891.contig373	1025	0	0
D3891.contig374	1024	0	0
D3891.contig375	1022	1	1
D3891.contig376	1019	0	0
D3891.contig377	1018	0	0
D3891.contig378	1016	0	0
D3891.contig379	1015	0	0
D3891.contig380	1014	0	0
D3891.contig381	1010	0	0
D3891.contig382	1001	0	0
D3891.contig383	991	0	0
D3891.contig384	991	0	0
D3891.contig385	986	0	0
D3891.contig386	986	0	0
D3891.contig387	986	0	0
D3891.contig388	985	0	0
D3891.contig389	982	1	0
D3891.contig390	982	0	0
D3891.contig391	978	2	0
D3891.contig392	969	0	0
D3891.contig393	968	0	0
D3891.contig394	968	0	0
D3891.contig395	968	0	0
D3891.contig396	967	0	0
D3891.contig397	967	0	0
D3891.contig398	964	0	0
D3891.contig399	963	0	0
D3891.contig400	962	0	0
D3891.contig401	961	0	0
D3891.contig402	960	0	0
D3891.contig403	958	0	0
D3891.contig404	958	0	0
D3891.contig405	957	1	1
D3891.contig406	956	0	0
D3891.contig407	951	2	1
D3891.contig408	949	0	0
D3891.contig409	944	0	0
D3891.contig410	940	0	0
D3891.contig411	938	0	0
D3891.contig412	933	0	0
D3891.contig413	927	0	0
D3891.contig414	926	0	0
D3891.contig415	925	0	0
D3891.contig416	923	0	0
D3891.contig417	922	0	0
D3891.contig418	922	0	0
D3891.contig419	922	0	0
D3891.contig420	920	0	0
D3891.contig421	919	0	0
D3891.contig422	917	0	0
D3891.contig423	917	0	0
D3891.contig424	914	0	0
D3891.contig425	913	0	0
D3891.contig426	913	0	0
D3891.contig427	913	0	0
D3891.contig428	910	0	0
D3891.contig429	909	0	0
D3891.contig430	908	0	0
D3891.contig431	906	0	0
D3891.contig432	905	0	0
D3891.contig433	899	0	0
D3891.contig434	897	0	0
D3891.contig435	896	0	0
D3891.contig436	896	0	0
D3891.contig437	894	0	0
D3891.contig438	893	0	0
D3891.contig439	893	0	0
D3891.contig440	892	0	0
D3891.contig441	888	6	2
D3891.contig442	886	0	0
D3891.contig443	883	0	0
D3891.contig444	876	0	0
D3891.contig445	874	0	0
D3891.contig446	866	0	0
D3891.contig447	860	2	0
D3891.contig448	858	0	0
D3891.contig449	856	1	1
D3891.contig450	856	0	0
D3891.contig451	856	0	0
D3891.contig452	855	0	0
D3891.contig453	852	0	0
D3891.contig454	852	0	0
D3891.contig455	848	0	0
D3891.contig456	845	0	0
D3891.contig457	843	0	0
D3891.contig458	842	0	0
D3891.contig459	839	0	0
D3891.contig460	838	0	0
D3891.contig461	832	0	0
D3891.contig462	831	0	0
D3891.contig463	831	0	0
D3891.contig464	831	0	0
D3891.contig465	829	0	0
D3891.contig466	828	0	0
D3891.contig467	828	0	0
D3891.contig468	824	0	0
D3891.contig469	823	0	0
D3891.contig470	821	0	0
D3891.contig471	816	0	0
D3891.contig472	816	0	0
D3891.contig473	815	0	0
D3891.contig474	812	0	0
D3891.contig475	811	0	0
D3891.contig476	809	0	0
D3891.contig477	807	0	0
D3891.contig478	805	0	0
D3891.contig479	802	0	0
D3891.contig480	796	0	0
D3891.contig481	795	0	0
D3891.contig482	787	0	0
D3891.contig483	786	0	0
D3891.contig484	785	0	0
D3891.contig485	784	0	0
D3891.contig486	779	0	0
D3891.contig487	777	0	0
D3891.contig488	776	0	0
D3891.contig489	775	0	0
D3891.contig490	774	0	0
D3891.contig491	773	0	0
D3891.contig492	772	0	0
D3891.contig493	772	0	0
D3891.contig494	771	0	0
D3891.contig495	770	0	0
D3891.contig496	766	0	0
D3891.contig497	765	1	1
D3891.contig498	764	0	0
D3891.contig499	764	0	0
D3891.contig500	763	0	0
D3891.contig501	761	0	0
D3891.contig502	760	0	0
D3891.contig503	758	0	0
D3891.contig504	757	0	0
D3891.contig505	756	0	0
D3891.contig506	755	0	0
D3891.contig507	750	0	0
D3891.contig508	750	0	0
D3891.contig509	749	0	0
D3891.contig510	746	0	0
D3891.contig511	745	0	0
D3891.contig512	745	0	0
D3891.contig513	743	174	40
D3891.contig514	743	0	0
D3891.contig515	742	0	0
D3891.contig516	742	20	14
D3891.contig517	737	0	0
D3891.contig518	735	0	0
D3891.contig519	733	0	0
D3891.contig520	728	0	0
D3891.contig521	727	0	0
D3891.contig522	727	0	0
D3891.contig523	726	0	0
D3891.contig524	726	0	0
D3891.contig525	725	0	0
D3891.contig526	724	0	0
D3891.contig527	724	0	0
D3891.contig528	723	0	0
D3891.contig529	721	0	0
D3891.contig530	721	0	0
D3891.contig531	718	0	0
D3891.contig532	718	0	0
D3891.contig533	717	0	0
D3891.contig534	715	0	0
D3891.contig535	714	0	0
D3891.contig536	711	0	0
D3891.contig537	709	0	0
D3891.contig538	709	0	0
D3891.contig539	709	0	0
D3891.contig540	707	0	0
D3891.contig541	707	0	0
D3891.contig542	706	0	0
D3891.contig543	704	0	0
D3891.contig544	704	0	0
D3891.contig545	703	0	0
D3891.contig546	702	0	0
D3891.contig547	701	0	0
D3891.contig548	699	0	0
D3891.contig549	698	0	0
D3891.contig550	694	0	0
D3891.contig551	692	0	0
D3891.contig552	690	0	0
D3891.contig553	689	0	0
D3891.contig554	688	0	0
D3891.contig555	688	0	0
D3891.contig556	688	0	0
D3891.contig557	685	4	0
D3891.contig558	685	0	0
D3891.contig559	685	0	0
D3891.contig560	685	0	0
D3891.contig561	684	0	0
D3891.contig562	683	0	0
D3891.contig563	683	0	0
D3891.contig564	682	0	0
D3891.contig565	680	0	0
D3891.contig566	679	0	0
D3891.contig567	679	0	0
D3891.contig568	678	0	0
D3891.contig569	677	0	0
D3891.contig570	676	0	0
D3891.contig571	675	0	0
D3891.contig572	674	0	0
D3891.contig573	673	0	0
D3891.contig574	673	0	0
D3891.contig575	673	0	0
D3891.contig576	672	0	0
D3891.contig577	672	0	0
D3891.contig578	669	0	0
D3891.contig579	669	0	0
D3891.contig580	668	0	0
D3891.contig581	667	0	0
D3891.contig582	665	0	0
D3891.contig583	664	0	0
D3891.contig584	662	0	0
D3891.contig585	661	0	0
D3891.contig586	660	0	0
D3891.contig587	660	0	0
D3891.contig588	660	0	0
D3891.contig589	657	11	11
D3891.contig590	655	12	3
D3891.contig591	654	0	0
D3891.contig592	653	0	0
D3891.contig593	652	0	0
D3891.contig594	651	0	0
D3891.contig595	651	0	0
D3891.contig596	650	0	0
D3891.contig597	647	0	0
D3891.contig598	646	0	0
D3891.contig599	646	0	0
D3891.contig600	645	0	0
D3891.contig601	644	0	0
D3891.contig602	644	0	0
D3891.contig603	643	0	0
D3891.contig604	642	0	0
D3891.contig605	638	0	0
D3891.contig606	637	0	0
D3891.contig607	635	0	0
D3891.contig608	634	0	0
D3891.contig609	633	0	0
D3891.contig610	631	0	0
D3891.contig611	630	0	0
D3891.contig612	630	0	0
D3891.contig613	629	3	0
D3891.contig614	627	0	0
D3891.contig615	626	0	0
D3891.contig616	626	0	0
D3891.contig617	625	0	0
D3891.contig618	625	0	0
D3891.contig619	624	0	0
D3891.contig620	622	0	0
D3891.contig621	622	0	0
D3891.contig622	621	0	0
D3891.contig623	621	0	0
D3891.contig624	619	0	0
D3891.contig625	619	0	0
D3891.contig626	618	0	0
D3891.contig627	618	0	0
D3891.contig628	618	0	0
D3891.contig629	617	0	0
D3891.contig630	617	0	0
D3891.contig631	617	0	0
D3891.contig632	617	0	0
D3891.contig633	615	0	0
D3891.contig634	614	0	0
D3891.contig635	613	0	0
D3891.contig636	611	22	10
D3891.contig637	611	0	0
D3891.contig638	611	0	0
D3891.contig639	610	0	0
D3891.contig640	610	0	0
D3891.contig641	609	0	0
D3891.contig642	607	0	0
D3891.contig643	606	0	0
D3891.contig644	605	0	0
D3891.contig645	605	0	0
D3891.contig646	604	0	0
D3891.contig647	602	0	0
D3891.contig648	602	0	0
D3891.contig649	601	0	0
D3891.contig650	600	0	0
D3891.contig651	599	0	0
D3891.contig652	599	0	0
D3891.contig653	597	0	0
D3891.contig654	596	0	0
D3891.contig655	594	0	0
D3891.contig656	593	158	58
D3891.contig657	593	0	0
D3891.contig658	593	0	0
D3891.contig659	589	0	0
D3891.contig660	587	0	0
D3891.contig661	587	0	0
D3891.contig662	584	0	0
D3891.contig663	584	0	0
D3891.contig664	582	10	8
D3891.contig665	582	0	0
D3891.contig666	581	0	0
D3891.contig667	581	0	0
D3891.contig668	578	0	0
D3891.contig669	577	0	0
D3891.contig670	577	0	0
D3891.contig671	576	0	0
D3891.contig672	574	0	0
D3891.contig673	573	0	0
D3891.contig674	572	0	0
D3891.contig675	572	0	0
D3891.contig676	571	0	0
D3891.contig677	571	0	0
D3891.contig678	570	0	0
D3891.contig679	570	2379	1837
D3891.contig680	569	0	0
D3891.contig681	569	0	0
D3891.contig682	569	0	0
D3891.contig683	569	0	0
D3891.contig684	568	0	0
D3891.contig685	568	0	0
D3891.contig686	567	0	0
D3891.contig687	564	0	0
D3891.contig688	563	0	0
D3891.contig689	562	0	0
D3891.contig690	562	0	0
D3891.contig691	562	0	0
D3891.contig692	560	0	0
D3891.contig693	559	0	0
D3891.contig694	559	1138	957
D3891.contig695	559	0	0
D3891.contig696	559	201	188
D3891.contig697	558	0	0
D3891.contig698	557	0	0
D3891.contig699	556	0	0
D3891.contig700	556	0	0
D3891.contig701	556	0	0
D3891.contig702	554	0	0
D3891.contig703	553	0	0
D3891.contig704	552	0	0
D3891.contig705	551	0	0
D3891.contig706	551	0	0
D3891.contig707	550	0	0
D3891.contig708	550	0	0
D3891.contig709	549	0	0
D3891.contig710	547	0	0
D3891.contig711	546	0	0
D3891.contig712	545	0	0
D3891.contig713	544	0	0
D3891.contig714	544	2226	1603
D3891.contig715	543	1	0
D3891.contig716	541	0	0
D3891.contig717	541	0	0
D3891.contig718	539	1	1
D3891.contig719	538	0	0
D3891.contig720	537	0	0
D3891.contig721	537	0	0
D3891.contig722	537	0	0
D3891.contig723	535	0	0
D3891.contig724	535	0	0
D3891.contig725	535	0	0
D3891.contig726	534	0	0
D3891.contig727	533	0	0
D3891.contig728	532	0	0
D3891.contig729	529	0	0
D3891.contig730	528	0	0
D3891.contig731	527	0	0
D3891.contig732	526	0	0
D3891.contig733	526	0	0
D3891.contig734	526	0	0
D3891.contig735	525	0	0
D3891.contig736	525	0	0
D3891.contig737	523	0	0
D3891.contig738	523	0	0
D3891.contig739	523	0	0
D3891.contig740	522	0	0
D3891.contig741	521	0	0
D3891.contig742	520	0	0
D3891.contig743	519	0	0
D3891.contig744	519	0	0
D3891.contig745	519	0	0
D3891.contig746	519	0	0
D3891.contig747	517	0	0
D3891.contig748	517	0	0
D3891.contig749	516	0	0
D3891.contig750	514	0	0
D3891.contig751	513	0	0
D3891.contig752	513	0	0
D3891.contig753	513	0	0
D3891.contig754	511	1	1
D3891.contig755	511	0	0
D3891.contig756	510	0	0
D3891.contig757	506	0	0
D3891.contig758	506	65173	46907
D3891.contig759	505	0	0
D3891.contig760	504	0	0
D3891.contig761	504	0	0
D3891.contig762	503	0	0
D3891.contig763	502	0	0
D3891.contig764	502	0	0
D3891.contig765	502	0	0
D3891.contig766	502	0	0
D3891.contig767	501	0	0
D3891.contig768	501	0	0
D3891.contig769	500	0	0
D3891.contig770	500	0	0
D3891.contig771	500	0	0
D3891.contig772	500	0	0
D3891.contig773	498	0	0
D3891.contig774	498	0	0
D3891.contig775	498	0	0
D3891.contig776	498	0	0
D3891.contig777	497	0	0
D3891.contig778	496	0	0
D3891.contig779	495	0	0
D3891.contig780	493	0	0
D3891.contig781	492	0	0
D3891.contig782	492	0	0
D3891.contig783	492	0	0
D3891.contig784	491	0	0
D3891.contig785	491	0	0
D3891.contig786	490	0	0
D3891.contig787	488	152	72
D3891.contig788	487	0	0
D3891.contig789	487	0	0
D3891.contig790	487	0	0
D3891.contig791	486	0	0
D3891.contig792	485	0	0
D3891.contig793	485	0	0
D3891.contig794	485	0	0
D3891.contig795	483	0	0
D3891.contig796	482	0	0
D3891.contig797	481	0	0
D3891.contig798	481	0	0
D3891.contig799	479	0	0
D3891.contig800	479	0	0
D3891.contig801	479	0	0
D3891.contig802	479	0	0
D3891.contig803	479	0	0
D3891.contig804	477	0	0
D3891.contig805	477	0	0
D3891.contig806	476	0	0
D3891.contig807	475	20	14
D3891.contig808	475	0	0
D3891.contig809	475	0	0
D3891.contig810	474	0	0
D3891.contig811	474	0	0
D3891.contig812	474	0	0
D3891.contig813	473	4	0
D3891.contig814	473	0	0
D3891.contig815	472	0	0
D3891.contig816	472	0	0
D3891.contig817	471	0	0
D3891.contig818	470	0	0
D3891.contig819	470	0	0
D3891.contig820	468	0	0
D3891.contig821	467	0	0
D3891.contig822	467	3010	1519
D3891.contig823	467	0	0
D3891.contig824	466	0	0
D3891.contig825	464	0	0
D3891.contig826	464	0	0
D3891.contig827	464	0	0
D3891.contig828	464	0	0
D3891.contig829	464	0	0
D3891.contig830	463	0	0
D3891.contig831	462	1401875	890063
D3891.contig832	461	0	0
D3891.contig833	461	0	0
D3891.contig834	461	0	0
D3891.contig835	461	0	0
D3891.contig836	460	0	0
D3891.contig837	459	0	0
D3891.contig838	458	0	0
D3891.contig839	457	0	0
D3891.contig840	456	0	0
D3891.contig841	456	0	0
D3891.contig842	455	0	0
D3891.contig843	454	0	0
D3891.contig844	454	0	0
D3891.contig845	453	0	0
D3891.contig846	453	0	0
D3891.contig847	453	0	0
D3891.contig848	452	0	0
D3891.contig849	452	0	0
D3891.contig850	452	1	1
D3891.contig851	452	0	0
D3891.contig852	451	0	0
D3891.contig853	451	0	0
D3891.contig854	449	0	0
D3891.contig855	448	0	0
D3891.contig856	448	0	0
D3891.contig857	448	0	0
D3891.contig858	447	0	0
D3891.contig859	447	0	0
D3891.contig860	447	0	0
D3891.contig861	446	0	0
D3891.contig862	446	0	0
D3891.contig863	446	0	0
D3891.contig864	445	0	0
D3891.contig865	445	0	0
D3891.contig866	445	0	0
D3891.contig867	443	0	0
D3891.contig868	443	0	0
D3891.contig869	442	0	0
D3891.contig870	442	0	0
D3891.contig871	442	0	0
D3891.contig872	442	0	0
D3891.contig873	441	0	0
D3891.contig874	440	0	0
D3891.contig875	440	0	0
D3891.contig876	439	0	0
D3891.contig877	439	0	0
D3891.contig878	438	0	0
D3891.contig879	437	0	0
D3891.contig880	436	0	0
D3891.contig881	436	0	0
D3891.contig882	436	6	3
D3891.contig883	435	0	0
D3891.contig884	435	0	0
D3891.contig885	433	0	0
D3891.contig886	433	0	0
D3891.contig887	432	0	0
D3891.contig888	432	0	0
D3891.contig889	432	0	0
D3891.contig890	432	0	0
D3891.contig891	431	0	0
D3891.contig892	429	0	0
D3891.contig893	429	0	0
D3891.contig894	428	0	0
D3891.contig895	428	0	0
D3891.contig896	427	0	0
D3891.contig897	426	0	0
D3891.contig898	426	0	0
D3891.contig899	425	0	0
D3891.contig900	425	0	0
D3891.contig901	424	0	0
D3891.contig902	424	115018	71749
D3891.contig903	424	0	0
D3891.contig904	423	1	1
D3891.contig905	422	0	0
D3891.contig906	422	0	0
D3891.contig907	420	0	0
D3891.contig908	420	0	0
D3891.contig909	419	0	0
D3891.contig910	417	0	0
D3891.contig911	417	0	0
D3891.contig912	416	0	0
D3891.contig913	416	0	0
D3891.contig914	416	0	0
D3891.contig915	415	0	0
D3891.contig916	413	0	0
D3891.contig917	413	0	0
D3891.contig918	413	0	0
D3891.contig919	413	0	0
D3891.contig920	412	0	0
D3891.contig921	411	0	0
D3891.contig922	411	0	0
D3891.contig923	409	0	0
D3891.contig924	408	0	0
D3891.contig925	407	0	0
D3891.contig926	407	0	0
D3891.contig927	407	0	0
D3891.contig928	406	0	0
D3891.contig929	406	0	0
D3891.contig930	406	0	0
D3891.contig931	406	0	0
D3891.contig932	405	0	0
D3891.contig933	405	0	0
D3891.contig934	405	0	0
D3891.contig935	405	0	0
D3891.contig936	404	0	0
D3891.contig937	404	0	0
D3891.contig938	404	0	0
D3891.contig939	404	0	0
D3891.contig940	403	0	0
D3891.contig941	402	0	0
D3891.contig942	402	0	0
D3891.contig943	402	0	0
D3891.contig944	401	0	0
D3891.contig945	400	0	0
D3891.contig946	400	0	0
D3891.contig947	400	0	0
D3891.contig948	400	11540	9567
D3891.contig949	400	0	0
D3891.contig950	400	0	0
D3891.contig951	400	0	0
D3891.contig952	399	0	0
D3891.contig953	399	0	0
D3891.contig954	399	0	0
D3891.contig955	399	0	0
D3891.contig956	399	0	0
D3891.contig957	398	0	0
D3891.contig958	398	0	0
D3891.contig959	398	0	0
D3891.contig960	397	0	0
D3891.contig961	397	0	0
D3891.contig962	397	0	0
D3891.contig963	396	0	0
D3891.contig964	396	0	0
D3891.contig965	395	4636	3853
D3891.contig966	395	3	3
D3891.contig967	395	0	0
D3891.contig968	394	0	0
D3891.contig969	394	0	0
D3891.contig970	394	0	0
D3891.contig971	393	0	0
D3891.contig972	393	0	0
D3891.contig973	392	0	0
D3891.contig974	392	0	0
D3891.contig975	391	0	0
D3891.contig976	391	0	0
D3891.contig977	390	0	0
D3891.contig978	390	0	0
D3891.contig979	390	0	0
D3891.contig980	390	0	0
D3891.contig981	389	11	7
D3891.contig982	389	0	0
D3891.contig983	389	0	0
D3891.contig984	389	0	0
D3891.contig985	388	0	0
D3891.contig986	388	0	0
D3891.contig987	387	0	0
D3891.contig988	387	0	0
D3891.contig989	387	0	0
D3891.contig990	386	0	0
D3891.contig991	386	0	0
D3891.contig992	385	0	0
D3891.contig993	384	0	0
D3891.contig994	384	87737	50534
D3891.contig995	384	0	0
D3891.contig996	384	0	0
D3891.contig997	383	0	0
D3891.contig998	383	0	0
D3891.contig999	383	0	0
D3891.contig1000	382	0	0
D3891.contig1001	382	0	0
D3891.contig1002	381	0	0
D3891.contig1003	381	0	0
D3891.contig1004	381	0	0
D3891.contig1005	380	0	0
D3891.contig1006	380	0	0
D3891.contig1007	380	0	0
D3891.contig1008	380	0	0
D3891.contig1009	378	0	0
D3891.contig1010	378	0	0
D3891.contig1011	378	0	0
D3891.contig1012	377	3	3
D3891.contig1013	377	0	0
D3891.contig1014	376	0	0
D3891.contig1015	376	0	0
D3891.contig1016	376	0	0
D3891.contig1017	376	11	10
D3891.contig1018	375	0	0
D3891.contig1019	374	0	0
D3891.contig1020	373	0	0
D3891.contig1021	373	0	0
D3891.contig1022	372	0	0
D3891.contig1023	372	0	0
D3891.contig1024	372	0	0
D3891.contig1025	372	0	0
D3891.contig1026	372	0	0
D3891.contig1027	372	0	0
D3891.contig1028	371	0	0
D3891.contig1029	371	0	0
D3891.contig1030	371	0	0
D3891.contig1031	371	0	0
D3891.contig1032	370	0	0
D3891.contig1033	369	0	0
D3891.contig1034	369	0	0
D3891.contig1035	369	0	0
D3891.contig1036	369	0	0
D3891.contig1037	369	0	0
D3891.contig1038	368	0	0
D3891.contig1039	368	0	0
D3891.contig1040	368	0	0
D3891.contig1041	368	0	0
D3891.contig1042	368	0	0
D3891.contig1043	368	0	0
D3891.contig1044	368	0	0
D3891.contig1045	367	0	0
D3891.contig1046	367	0	0
D3891.contig1047	367	0	0
D3891.contig1048	366	0	0
D3891.contig1049	366	0	0
D3891.contig1050	366	0	0
D3891.contig1051	366	0	0
D3891.contig1052	365	0	0
D3891.contig1053	365	0	0
D3891.contig1054	365	0	0
D3891.contig1055	364	0	0
D3891.contig1056	364	0	0
D3891.contig1057	364	0	0
D3891.contig1058	364	0	0
D3891.contig1059	363	2476	1905
D3891.contig1060	363	0	0
D3891.contig1061	363	0	0
D3891.contig1062	362	0	0
D3891.contig1063	362	0	0
D3891.contig1064	360	0	0
D3891.contig1065	359	0	0
D3891.contig1066	359	0	0
D3891.contig1067	359	0	0
D3891.contig1068	359	0	0
D3891.contig1069	359	0	0
D3891.contig1070	359	0	0
D3891.contig1071	359	0	0
D3891.contig1072	359	0	0
D3891.contig1073	359	0	0
D3891.contig1074	358	0	0
D3891.contig1075	358	0	0
D3891.contig1076	358	0	0
D3891.contig1077	358	0	0
D3891.contig1078	358	0	0
D3891.contig1079	358	0	0
D3891.contig1080	357	0	0
D3891.contig1081	357	0	0
D3891.contig1082	357	0	0
D3891.contig1083	357	0	0
D3891.contig1084	356	0	0
D3891.contig1085	356	0	0
D3891.contig1086	356	0	0
D3891.contig1087	355	205	146
D3891.contig1088	355	0	0
D3891.contig1089	355	0	0
D3891.contig1090	354	0	0
D3891.contig1091	354	0	0
D3891.contig1092	353	0	0
D3891.contig1093	353	0	0
D3891.contig1094	353	78	57
D3891.contig1095	353	0	0
D3891.contig1096	352	0	0
D3891.contig1097	352	0	0
D3891.contig1098	352	0	0
D3891.contig1099	352	0	0
D3891.contig1100	352	0	0
D3891.contig1101	352	0	0
D3891.contig1102	352	0	0
D3891.contig1103	351	0	0
D3891.contig1104	351	0	0
D3891.contig1105	351	0	0
D3891.contig1106	350	0	0
D3891.contig1107	350	0	0
D3891.contig1108	350	0	0
D3891.contig1109	350	0	0
D3891.contig1110	350	0	0
D3891.contig1111	350	0	0
D3891.contig1112	350	0	0
D3891.contig1113	349	26867	17759
D3891.contig1114	349	0	0
D3891.contig1115	348	2046	1217
D3891.contig1116	348	0	0
D3891.contig1117	347	0	0
D3891.contig1118	346	0	0
D3891.contig1119	345	22	22
D3891.contig1120	344	0	0
D3891.contig1121	344	0	0
D3891.contig1122	344	0	0
D3891.contig1123	344	0	0
D3891.contig1124	343	0	0
D3891.contig1125	343	0	0
D3891.contig1126	343	0	0
D3891.contig1127	343	0	0
D3891.contig1128	342	0	0
D3891.contig1129	341	0	0
D3891.contig1130	341	0	0
D3891.contig1131	341	0	0
D3891.contig1132	341	0	0
D3891.contig1133	341	0	0
D3891.contig1134	341	0	0
D3891.contig1135	340	0	0
D3891.contig1136	340	0	0
D3891.contig1137	340	0	0
D3891.contig1138	340	0	0
D3891.contig1139	340	0	0
D3891.contig1140	340	0	0
D3891.contig1141	340	0	0
D3891.contig1142	339	0	0
D3891.contig1143	338	0	0
D3891.contig1144	338	0	0
D3891.contig1145	337	0	0
D3891.contig1146	337	0	0
D3891.contig1147	337	0	0
D3891.contig1148	337	0	0
D3891.contig1149	336	0	0
D3891.contig1150	336	0	0
D3891.contig1151	336	0	0
D3891.contig1152	336	0	0
D3891.contig1153	336	0	0
D3891.contig1154	335	0	0
D3891.contig1155	335	0	0
D3891.contig1156	334	0	0
D3891.contig1157	334	0	0
D3891.contig1158	334	0	0
D3891.contig1159	334	60	60
D3891.contig1160	333	0	0
D3891.contig1161	333	0	0
D3891.contig1162	333	0	0
D3891.contig1163	332	0	0
D3891.contig1164	332	0	0
D3891.contig1165	332	0	0
D3891.contig1166	332	4794	3112
D3891.contig1167	331	0	0
D3891.contig1168	331	0	0
D3891.contig1169	331	0	0
D3891.contig1170	331	0	0
D3891.contig1171	331	0	0
D3891.contig1172	330	0	0
D3891.contig1173	330	0	0
D3891.contig1174	330	0	0
D3891.contig1175	329	0	0
D3891.contig1176	329	0	0
D3891.contig1177	329	0	0
D3891.contig1178	329	0	0
D3891.contig1179	328	0	0
D3891.contig1180	328	0	0
D3891.contig1181	328	0	0
D3891.contig1182	327	0	0
D3891.contig1183	327	0	0
D3891.contig1184	327	0	0
D3891.contig1185	327	0	0
D3891.contig1186	326	0	0
D3891.contig1187	326	0	0
D3891.contig1188	326	0	0
D3891.contig1189	326	0	0
D3891.contig1190	326	0	0
D3891.contig1191	325	0	0
D3891.contig1192	325	0	0
D3891.contig1193	325	0	0
D3891.contig1194	325	0	0
D3891.contig1195	324	0	0
D3891.contig1196	324	0	0
D3891.contig1197	324	1432	967
D3891.contig1198	323	0	0
D3891.contig1199	323	0	0
D3891.contig1200	323	278	208
D3891.contig1201	323	0	0
D3891.contig1202	323	0	0
D3891.contig1203	322	0	0
D3891.contig1204	322	0	0
D3891.contig1205	321	0	0
D3891.contig1206	321	0	0
D3891.contig1207	321	0	0
D3891.contig1208	321	0	0
D3891.contig1209	321	0	0
D3891.contig1210	321	0	0
D3891.contig1211	321	0	0
D3891.contig1212	321	0	0
D3891.contig1213	320	0	0
D3891.contig1214	320	0	0
D3891.contig1215	320	0	0
D3891.contig1216	320	0	0
D3891.contig1217	320	0	0
D3891.contig1218	320	0	0
D3891.contig1219	319	0	0
D3891.contig1220	319	0	0
D3891.contig1221	319	0	0
D3891.contig1222	319	0	0
D3891.contig1223	319	0	0
D3891.contig1224	318	0	0
D3891.contig1225	318	0	0
D3891.contig1226	318	0	0
D3891.contig1227	318	0	0
D3891.contig1228	317	0	0
D3891.contig1229	317	0	0
D3891.contig1230	317	0	0
D3891.contig1231	316	0	0
D3891.contig1232	316	0	0
D3891.contig1233	316	0	0
D3891.contig1234	316	0	0
D3891.contig1235	315	0	0
D3891.contig1236	315	0	0
D3891.contig1237	315	0	0
D3891.contig1238	315	0	0
D3891.contig1239	315	0	0
D3891.contig1240	315	0	0
D3891.contig1241	314	0	0
D3891.contig1242	314	0	0
D3891.contig1243	314	0	0
D3891.contig1244	314	0	0
D3891.contig1245	313	0	0
D3891.contig1246	313	34	25
D3891.contig1247	313	0	0
D3891.contig1248	313	0	0
D3891.contig1249	313	0	0
D3891.contig1250	313	0	0
D3891.contig1251	312	0	0
D3891.contig1252	312	0	0
D3891.contig1253	311	0	0
D3891.contig1254	311	0	0
D3891.contig1255	310	0	0
D3891.contig1256	310	0	0
D3891.contig1257	310	0	0
D3891.contig1258	309	0	0
D3891.contig1259	309	0	0
D3891.contig1260	309	0	0
D3891.contig1261	309	0	0
D3891.contig1262	309	0	0
D3891.contig1263	309	0	0
D3891.contig1264	308	0	0
D3891.contig1265	308	0	0
D3891.contig1266	308	0	0
D3891.contig1267	308	0	0
D3891.contig1268	307	0	0
D3891.contig1269	307	0	0
D3891.contig1270	307	0	0
D3891.contig1271	307	0	0
D3891.contig1272	307	0	0
D3891.contig1273	306	0	0
D3891.contig1274	306	0	0
D3891.contig1275	305	0	0
D3891.contig1276	305	0	0
D3891.contig1277	305	0	0
D3891.contig1278	305	0	0
D3891.contig1279	305	0	0
D3891.contig1280	304	0	0
D3891.contig1281	304	0	0
D3891.contig1282	304	0	0
D3891.contig1283	304	22001	15085
D3891.contig1284	304	0	0
D3891.contig1285	304	0	0
D3891.contig1286	304	0	0
D3891.contig1287	304	0	0
D3891.contig1288	304	0	0
D3891.contig1289	303	0	0
D3891.contig1290	303	0	0
D3891.contig1291	303	0	0
D3891.contig1292	303	0	0
D3891.contig1293	303	0	0
D3891.contig1294	303	0	0
D3891.contig1295	302	0	0
D3891.contig1296	302	0	0
D3891.contig1297	302	0	0
D3891.contig1298	302	0	0
D3891.contig1299	301	0	0
D3891.contig1300	301	0	0
D3891.contig1301	301	0	0
D3891.contig1302	301	0	0
D3891.contig1303	300	0	0
D3891.contig1304	300	0	0
D3891.contig1305	300	0	0
D3891.contig1306	300	1	1
D3891.contig1307	300	0	0
D3891.contig1308	300	0	0
D3891.contig1309	300	0	0
*	0	0	97353308
