R3334.contig1	2874	57966	476
R3334.contig2	1586	25065	2757
R3334.contig3	1530	26723	85
R3334.contig4	1399	24410	186
R3334.contig5	1309	152000	7504
R3334.contig6	1251	29449	1962
R3334.contig7	1169	80525	1172
R3334.contig8	1055	1319	17
R3334.contig9	1048	43204	1098
R3334.contig10	984	28998	385
R3334.contig11	928	48034	715
R3334.contig12	897	69262	1600
R3334.contig13	816	88367	1354
R3334.contig14	812	70602	1531
R3334.contig15	799	204536	32192
R3334.contig16	767	12933	144
R3334.contig17	757	7380	99
R3334.contig18	753	42319	776
R3334.contig19	735	175810	13521
R3334.contig20	712	2321	380
R3334.contig21	677	2701	159
R3334.contig22	676	1837	108
R3334.contig23	646	27779	1546
R3334.contig24	633	4724	226
R3334.contig25	632	2531	79
R3334.contig26	620	30694	1415
R3334.contig27	610	1828	47
R3334.contig28	609	219	1
R3334.contig29	605	76368	7903
R3334.contig30	602	240	33
R3334.contig31	595	20218	350
R3334.contig32	565	90491	11490
R3334.contig33	564	3848	60
R3334.contig34	549	5166	96
R3334.contig35	549	1075	16
R3334.contig36	546	161378	7244
R3334.contig37	541	8304	1146
R3334.contig38	533	25969	2251
R3334.contig39	528	9385	485
R3334.contig40	516	12988	472
R3334.contig41	514	110773	23155
R3334.contig42	512	658	128
R3334.contig43	510	9198	88
R3334.contig44	508	32572	480
R3334.contig45	506	2700	717
R3334.contig46	501	241	2
R3334.contig47	499	1740	122
R3334.contig48	494	3727	75
R3334.contig49	487	5423	320
R3334.contig50	486	3065	337
R3334.contig51	482	210957	34518
R3334.contig52	475	148142	26492
R3334.contig53	472	29133	1553
R3334.contig54	471	1204	9
R3334.contig55	470	19905	3375
R3334.contig56	470	4087	286
R3334.contig57	463	4187	230
R3334.contig58	462	166	10
R3334.contig59	461	33527	1316
R3334.contig60	460	3530	229
R3334.contig61	459	29650	2955
R3334.contig62	455	870	53
R3334.contig63	453	123257	18001
R3334.contig64	440	18486	639
R3334.contig65	437	2000	276
R3334.contig66	436	448	3
R3334.contig67	426	679	60
R3334.contig68	415	29264	1398
R3334.contig69	414	7500	499
R3334.contig70	408	112	12
R3334.contig71	406	1476	192
R3334.contig72	406	9715	404
R3334.contig73	402	3515	226
R3334.contig74	396	849	73
R3334.contig75	392	158367	17602
R3334.contig76	386	26673	1424
R3334.contig77	369	5342	422
R3334.contig78	365	261868	11985
R3334.contig79	363	24862	1194
R3334.contig80	358	726	113
R3334.contig81	357	273	28
R3334.contig82	354	16933	2849
R3334.contig83	345	359	14
R3334.contig84	345	35	1
R3334.contig85	342	75	1
R3334.contig86	338	3114	212
R3334.contig87	335	25230	2477
R3334.contig88	325	136306	16536
R3334.contig89	325	60166	1706
R3334.contig90	320	163	1
R3334.contig91	318	4657	466
R3334.contig92	316	14434	171
R3334.contig93	314	40969	6069
R3334.contig94	305	525	60
*	0	0	161480
