R4004.contig1	3330	120334	879
R4004.contig2	1758	461784	6734
R4004.contig3	1240	4447	69
R4004.contig4	1199	335	3
R4004.contig5	1157	76	4
R4004.contig6	1131	23102	591
R4004.contig7	1127	570	63
R4004.contig8	1110	71732	2728
R4004.contig9	1059	174440	2889
R4004.contig10	1044	52395	696
R4004.contig11	1015	42481	655
R4004.contig12	1011	35762	937
R4004.contig13	985	2416	25
R4004.contig14	910	3606	28
R4004.contig15	883	104441	2156
R4004.contig16	844	66643	416
R4004.contig17	840	503	1
R4004.contig18	825	15168	264
R4004.contig19	821	2469	30
R4004.contig20	818	149966	2339
R4004.contig21	814	132354	5198
R4004.contig22	761	104307	1372
R4004.contig23	760	3143	16
R4004.contig24	760	66809	1242
R4004.contig25	752	133	3
R4004.contig26	736	3606	293
R4004.contig27	706	1162	24
R4004.contig28	691	89	5
R4004.contig29	673	550	23
R4004.contig30	665	100	4
R4004.contig31	650	17886	382
R4004.contig32	644	19554	1302
R4004.contig33	644	367	1
R4004.contig34	635	1435	8
R4004.contig35	634	2735	478
R4004.contig36	629	24794	2043
R4004.contig37	616	20	4
R4004.contig38	615	2356	12
R4004.contig39	612	60	8
R4004.contig40	602	28730	292
R4004.contig41	601	17169	243
R4004.contig42	597	6291	746
R4004.contig43	572	271	4
R4004.contig44	549	13031	1318
R4004.contig45	547	119	30
R4004.contig46	543	71	0
R4004.contig47	542	643	21
R4004.contig48	536	195	7
R4004.contig49	535	29380	830
R4004.contig50	535	111	1
R4004.contig51	520	24	4
R4004.contig52	514	11518	417
R4004.contig53	512	50	0
R4004.contig54	511	652	17
R4004.contig55	510	261	17
R4004.contig56	505	21	7
R4004.contig57	503	275	5
R4004.contig58	495	18210	908
R4004.contig59	493	2567	74
R4004.contig60	485	43410	2782
R4004.contig61	484	1292	82
R4004.contig62	484	53863	1950
R4004.contig63	481	48	4
R4004.contig64	480	37	13
R4004.contig65	479	884	8
R4004.contig66	474	52272	1220
R4004.contig67	466	3373	72
R4004.contig68	465	4849	529
R4004.contig69	464	33	3
R4004.contig70	463	21974	1362
R4004.contig71	459	477	42
R4004.contig72	458	530	6
R4004.contig73	456	3304	35
R4004.contig74	453	13980	525
R4004.contig75	451	74864	1550
R4004.contig76	450	2601	545
R4004.contig77	444	3906	647
R4004.contig78	443	31	5
R4004.contig79	441	9671	1859
R4004.contig80	441	19	2
R4004.contig81	438	1041	3
R4004.contig82	435	1849	250
R4004.contig83	433	73395	7780
R4004.contig84	433	1054	240
R4004.contig85	432	12	4
R4004.contig86	430	12475	380
R4004.contig87	427	10099	129
R4004.contig88	426	1158	34
R4004.contig89	424	147	2
R4004.contig90	420	28	8
R4004.contig91	418	84	12
R4004.contig92	418	28	0
R4004.contig93	417	163	1
R4004.contig94	413	1968	24
R4004.contig95	408	3347	351
R4004.contig96	407	17238	963
R4004.contig97	404	120	4
R4004.contig98	402	54737	9024
R4004.contig99	399	466	22
R4004.contig100	397	139	5
R4004.contig101	397	17	3
R4004.contig102	396	216	2
R4004.contig103	395	60	4
R4004.contig104	393	31	1
R4004.contig105	390	252	2
R4004.contig106	388	20	4
R4004.contig107	388	33	3
R4004.contig108	387	15	3
R4004.contig109	386	635	18
R4004.contig110	382	456	8
R4004.contig111	381	383	17
R4004.contig112	381	14	6
R4004.contig113	379	1631	122
R4004.contig114	373	149	3
R4004.contig115	369	14	4
R4004.contig116	368	713	26
R4004.contig117	364	2441	266
R4004.contig118	363	593	32
R4004.contig119	361	792	32
R4004.contig120	360	22720	1056
R4004.contig121	360	68	3
R4004.contig122	359	18	3
R4004.contig123	358	1595	322
R4004.contig124	356	42	0
R4004.contig125	354	146233	25872
R4004.contig126	353	20	2
R4004.contig127	351	40479	1737
R4004.contig128	346	137	15
R4004.contig129	346	10760	385
R4004.contig130	345	782	171
R4004.contig131	341	80	4
R4004.contig132	341	13771	2616
R4004.contig133	339	23592	722
R4004.contig134	339	138	2
R4004.contig135	338	24	6
R4004.contig136	337	820	145
R4004.contig137	335	4184	322
R4004.contig138	333	133	1
R4004.contig139	332	20196	1547
R4004.contig140	332	8	0
R4004.contig141	332	77923	1731
R4004.contig142	330	28058	2376
R4004.contig143	327	6	6
R4004.contig144	326	10	4
R4004.contig145	326	113	1
R4004.contig146	325	1551	205
R4004.contig147	324	17	3
R4004.contig148	321	9	7
R4004.contig149	320	42292	3994
R4004.contig150	319	34	2
R4004.contig151	317	7	5
R4004.contig152	316	11672	334
R4004.contig153	314	2782	84
R4004.contig154	314	42	10
R4004.contig155	311	24	0
R4004.contig156	310	91398	3231
R4004.contig157	309	227852	38298
R4004.contig158	306	21831	690
R4004.contig159	305	51	1
R4004.contig160	304	800	143
R4004.contig161	302	47	3
R4004.contig162	302	20	2
R4004.contig163	300	411	12
*	0	0	302458
