D4014.contig1	119833	0	0
D4014.contig2	69948	3	1
D4014.contig3	58927	98	62
D4014.contig4	42566	0	0
D4014.contig5	40367	4	0
D4014.contig6	38415	0	0
D4014.contig7	37921	42	4
D4014.contig8	37329	0	0
D4014.contig9	36162	16	16
D4014.contig10	35968	0	0
D4014.contig11	33879	65	9
D4014.contig12	31920	49	5
D4014.contig13	28804	1	1
D4014.contig14	25632	9	1
D4014.contig15	22894	0	0
D4014.contig16	22303	5	3
D4014.contig17	22158	1	1
D4014.contig18	19722	0	0
D4014.contig19	19266	11	1
D4014.contig20	19206	0	0
D4014.contig21	18738	0	0
D4014.contig22	18338	66	4
D4014.contig23	18089	2	2
D4014.contig24	17729	0	0
D4014.contig25	16488	2	0
D4014.contig26	15816	1	1
D4014.contig27	13797	3	1
D4014.contig28	13637	97	93
D4014.contig29	10572	0	0
D4014.contig30	10400	297	223
D4014.contig31	10323	0	0
D4014.contig32	9876	0	0
D4014.contig33	9830	0	0
D4014.contig34	9619	0	0
D4014.contig35	9444	0	0
D4014.contig36	8301	0	0
D4014.contig37	8186	0	0
D4014.contig38	8002	0	0
D4014.contig39	7836	3	3
D4014.contig40	7813	0	0
D4014.contig41	7583	1	1
D4014.contig42	7314	2	0
D4014.contig43	7206	10	4
D4014.contig44	7084	0	0
D4014.contig45	6642	0	0
D4014.contig46	6565	0	0
D4014.contig47	6085	23	9
D4014.contig48	5859	5389	2049
D4014.contig49	5756	0	0
D4014.contig50	5682	0	0
D4014.contig51	5671	414	382
D4014.contig52	5642	0	0
D4014.contig53	5527	0	0
D4014.contig54	5448	1	1
D4014.contig55	5304	0	0
D4014.contig56	5294	3	1
D4014.contig57	4867	535	429
D4014.contig58	4781	2	0
D4014.contig59	4634	0	0
D4014.contig60	4628	9712	2212
D4014.contig61	4502	0	0
D4014.contig62	4405	2	0
D4014.contig63	4289	47	11
D4014.contig64	4253	7	1
D4014.contig65	4167	0	0
D4014.contig66	3863	0	0
D4014.contig67	3753	0	0
D4014.contig68	3725	0	0
D4014.contig69	3502	0	0
D4014.contig70	3496	0	0
D4014.contig71	3316	0	0
D4014.contig72	3019	0	0
D4014.contig73	2997	0	0
D4014.contig74	2989	0	0
D4014.contig75	2898	3	1
D4014.contig76	2890	0	0
D4014.contig77	2866	2	0
D4014.contig78	2848	63	61
D4014.contig79	2835	2	0
D4014.contig80	2786	0	0
D4014.contig81	2773	0	0
D4014.contig82	2756	0	0
D4014.contig83	2735	6	0
D4014.contig84	2716	4	0
D4014.contig85	2697	0	0
D4014.contig86	2642	2	0
D4014.contig87	2625	0	0
D4014.contig88	2596	7	5
D4014.contig89	2593	13	1
D4014.contig90	2550	0	0
D4014.contig91	2511	0	0
D4014.contig92	2508	0	0
D4014.contig93	2506	0	0
D4014.contig94	2504	4	0
D4014.contig95	2474	0	0
D4014.contig96	2473	0	0
D4014.contig97	2469	0	0
D4014.contig98	2462	0	0
D4014.contig99	2424	0	0
D4014.contig100	2406	0	0
D4014.contig101	2405	0	0
D4014.contig102	2371	0	0
D4014.contig103	2343	0	0
D4014.contig104	2325	1	0
D4014.contig105	2306	0	0
D4014.contig106	2211	0	0
D4014.contig107	2204	0	0
D4014.contig108	2194	0	0
D4014.contig109	2183	0	0
D4014.contig110	2182	0	0
D4014.contig111	2168	0	0
D4014.contig112	2139	0	0
D4014.contig113	2080	0	0
D4014.contig114	2066	0	0
D4014.contig115	2035	0	0
D4014.contig116	2012	0	0
D4014.contig117	1976	0	0
D4014.contig118	1971	0	0
D4014.contig119	1938	0	0
D4014.contig120	1930	0	0
D4014.contig121	1914	0	0
D4014.contig122	1897	1821	1492
D4014.contig123	1849	0	0
D4014.contig124	1845	40	32
D4014.contig125	1826	2	0
D4014.contig126	1826	0	0
D4014.contig127	1814	0	0
D4014.contig128	1744	0	0
D4014.contig129	1732	0	0
D4014.contig130	1731	0	0
D4014.contig131	1727	0	0
D4014.contig132	1727	3	2
D4014.contig133	1701	0	0
D4014.contig134	1675	0	0
D4014.contig135	1654	0	0
D4014.contig136	1635	0	0
D4014.contig137	1603	0	0
D4014.contig138	1555	0	0
D4014.contig139	1542	0	0
D4014.contig140	1540	0	0
D4014.contig141	1533	1	1
D4014.contig142	1531	0	0
D4014.contig143	1531	0	0
D4014.contig144	1515	0	0
D4014.contig145	1489	0	0
D4014.contig146	1486	4	0
D4014.contig147	1468	0	0
D4014.contig148	1467	0	0
D4014.contig149	1463	0	0
D4014.contig150	1463	0	0
D4014.contig151	1461	3469	2616
D4014.contig152	1456	0	0
D4014.contig153	1455	0	0
D4014.contig154	1423	0	0
D4014.contig155	1402	1	0
D4014.contig156	1394	0	0
D4014.contig157	1386	0	0
D4014.contig158	1381	0	0
D4014.contig159	1381	0	0
D4014.contig160	1374	0	0
D4014.contig161	1355	0	0
D4014.contig162	1341	0	0
D4014.contig163	1339	0	0
D4014.contig164	1339	80	40
D4014.contig165	1324	0	0
D4014.contig166	1319	0	0
D4014.contig167	1315	0	0
D4014.contig168	1301	0	0
D4014.contig169	1283	0	0
D4014.contig170	1282	0	0
D4014.contig171	1260	0	0
D4014.contig172	1257	0	0
D4014.contig173	1240	0	0
D4014.contig174	1233	0	0
D4014.contig175	1226	0	0
D4014.contig176	1225	0	0
D4014.contig177	1220	2	2
D4014.contig178	1213	0	0
D4014.contig179	1211	0	0
D4014.contig180	1207	0	0
D4014.contig181	1203	0	0
D4014.contig182	1199	0	0
D4014.contig183	1194	0	0
D4014.contig184	1140	1	1
D4014.contig185	1124	0	0
D4014.contig186	1123	0	0
D4014.contig187	1120	0	0
D4014.contig188	1108	0	0
D4014.contig189	1108	0	0
D4014.contig190	1107	0	0
D4014.contig191	1105	0	0
D4014.contig192	1103	0	0
D4014.contig193	1102	0	0
D4014.contig194	1094	0	0
D4014.contig195	1092	0	0
D4014.contig196	1089	0	0
D4014.contig197	1088	0	0
D4014.contig198	1074	0	0
D4014.contig199	1061	0	0
D4014.contig200	1053	0	0
D4014.contig201	1046	1	1
D4014.contig202	1038	0	0
D4014.contig203	1033	6	0
D4014.contig204	1033	0	0
D4014.contig205	1027	0	0
D4014.contig206	1027	0	0
D4014.contig207	1025	0	0
D4014.contig208	1012	0	0
D4014.contig209	1002	0	0
D4014.contig210	1002	0	0
D4014.contig211	1001	0	0
D4014.contig212	994	0	0
D4014.contig213	993	0	0
D4014.contig214	983	0	0
D4014.contig215	978	0	0
D4014.contig216	975	0	0
D4014.contig217	972	1	1
D4014.contig218	970	0	0
D4014.contig219	964	0	0
D4014.contig220	947	0	0
D4014.contig221	940	0	0
D4014.contig222	938	0	0
D4014.contig223	930	0	0
D4014.contig224	925	0	0
D4014.contig225	922	0	0
D4014.contig226	921	0	0
D4014.contig227	921	0	0
D4014.contig228	916	0	0
D4014.contig229	913	0	0
D4014.contig230	911	0	0
D4014.contig231	905	0	0
D4014.contig232	893	4	0
D4014.contig233	886	0	0
D4014.contig234	886	0	0
D4014.contig235	883	0	0
D4014.contig236	883	0	0
D4014.contig237	881	0	0
D4014.contig238	865	0	0
D4014.contig239	865	0	0
D4014.contig240	861	0	0
D4014.contig241	859	1	1
D4014.contig242	853	0	0
D4014.contig243	850	0	0
D4014.contig244	848	1	1
D4014.contig245	846	0	0
D4014.contig246	840	0	0
D4014.contig247	836	0	0
D4014.contig248	836	0	0
D4014.contig249	833	0	0
D4014.contig250	832	0	0
D4014.contig251	831	0	0
D4014.contig252	827	0	0
D4014.contig253	826	0	0
D4014.contig254	824	0	0
D4014.contig255	822	0	0
D4014.contig256	819	307	143
D4014.contig257	817	0	0
D4014.contig258	817	0	0
D4014.contig259	817	0	0
D4014.contig260	814	0	0
D4014.contig261	809	0	0
D4014.contig262	805	2115	1420
D4014.contig263	803	0	0
D4014.contig264	800	0	0
D4014.contig265	800	0	0
D4014.contig266	799	0	0
D4014.contig267	799	0	0
D4014.contig268	798	0	0
D4014.contig269	790	0	0
D4014.contig270	787	0	0
D4014.contig271	786	0	0
D4014.contig272	783	0	0
D4014.contig273	782	0	0
D4014.contig274	775	0	0
D4014.contig275	774	0	0
D4014.contig276	773	0	0
D4014.contig277	771	0	0
D4014.contig278	769	0	0
D4014.contig279	767	0	0
D4014.contig280	766	0	0
D4014.contig281	763	0	0
D4014.contig282	758	0	0
D4014.contig283	757	0	0
D4014.contig284	757	0	0
D4014.contig285	757	0	0
D4014.contig286	755	0	0
D4014.contig287	747	0	0
D4014.contig288	745	0	0
D4014.contig289	745	0	0
D4014.contig290	744	0	0
D4014.contig291	740	0	0
D4014.contig292	738	0	0
D4014.contig293	737	0	0
D4014.contig294	729	0	0
D4014.contig295	728	0	0
D4014.contig296	722	0	0
D4014.contig297	721	0	0
D4014.contig298	719	0	0
D4014.contig299	717	0	0
D4014.contig300	716	0	0
D4014.contig301	716	3	3
D4014.contig302	712	0	0
D4014.contig303	707	0	0
D4014.contig304	707	0	0
D4014.contig305	707	0	0
D4014.contig306	705	0	0
D4014.contig307	699	0	0
D4014.contig308	694	0	0
D4014.contig309	693	0	0
D4014.contig310	690	0	0
D4014.contig311	684	0	0
D4014.contig312	682	0	0
D4014.contig313	681	1	1
D4014.contig314	681	0	0
D4014.contig315	676	0	0
D4014.contig316	676	0	0
D4014.contig317	674	0	0
D4014.contig318	674	0	0
D4014.contig319	670	0	0
D4014.contig320	670	0	0
D4014.contig321	667	0	0
D4014.contig322	665	1833	1297
D4014.contig323	665	0	0
D4014.contig324	664	0	0
D4014.contig325	662	0	0
D4014.contig326	662	0	0
D4014.contig327	662	0	0
D4014.contig328	658	0	0
D4014.contig329	658	0	0
D4014.contig330	654	930	394
D4014.contig331	653	0	0
D4014.contig332	652	0	0
D4014.contig333	652	0	0
D4014.contig334	641	0	0
D4014.contig335	635	0	0
D4014.contig336	635	0	0
D4014.contig337	634	0	0
D4014.contig338	634	0	0
D4014.contig339	632	2	0
D4014.contig340	632	0	0
D4014.contig341	630	0	0
D4014.contig342	629	0	0
D4014.contig343	627	0	0
D4014.contig344	626	0	0
D4014.contig345	621	0	0
D4014.contig346	620	0	0
D4014.contig347	615	0	0
D4014.contig348	614	0	0
D4014.contig349	614	0	0
D4014.contig350	612	0	0
D4014.contig351	612	0	0
D4014.contig352	611	0	0
D4014.contig353	610	0	0
D4014.contig354	608	0	0
D4014.contig355	605	0	0
D4014.contig356	604	0	0
D4014.contig357	602	0	0
D4014.contig358	601	0	0
D4014.contig359	601	0	0
D4014.contig360	601	0	0
D4014.contig361	598	0	0
D4014.contig362	598	0	0
D4014.contig363	598	0	0
D4014.contig364	597	0	0
D4014.contig365	596	0	0
D4014.contig366	594	1	1
D4014.contig367	593	0	0
D4014.contig368	593	1474	1114
D4014.contig369	592	0	0
D4014.contig370	589	0	0
D4014.contig371	589	0	0
D4014.contig372	587	0	0
D4014.contig373	587	0	0
D4014.contig374	587	0	0
D4014.contig375	586	0	0
D4014.contig376	585	0	0
D4014.contig377	585	0	0
D4014.contig378	585	1	1
D4014.contig379	584	0	0
D4014.contig380	584	0	0
D4014.contig381	583	0	0
D4014.contig382	583	0	0
D4014.contig383	577	0	0
D4014.contig384	573	0	0
D4014.contig385	573	0	0
D4014.contig386	571	0	0
D4014.contig387	570	0	0
D4014.contig388	569	1075	834
D4014.contig389	566	0	0
D4014.contig390	566	0	0
D4014.contig391	565	14	12
D4014.contig392	562	0	0
D4014.contig393	561	0	0
D4014.contig394	561	0	0
D4014.contig395	560	7	1
D4014.contig396	557	0	0
D4014.contig397	554	0	0
D4014.contig398	554	0	0
D4014.contig399	553	0	0
D4014.contig400	552	0	0
D4014.contig401	550	0	0
D4014.contig402	550	0	0
D4014.contig403	548	0	0
D4014.contig404	547	0	0
D4014.contig405	546	0	0
D4014.contig406	544	0	0
D4014.contig407	543	0	0
D4014.contig408	542	0	0
D4014.contig409	542	0	0
D4014.contig410	540	0	0
D4014.contig411	540	0	0
D4014.contig412	539	0	0
D4014.contig413	538	0	0
D4014.contig414	537	0	0
D4014.contig415	537	0	0
D4014.contig416	535	0	0
D4014.contig417	535	0	0
D4014.contig418	534	0	0
D4014.contig419	533	0	0
D4014.contig420	530	0	0
D4014.contig421	527	0	0
D4014.contig422	527	0	0
D4014.contig423	527	0	0
D4014.contig424	526	0	0
D4014.contig425	523	0	0
D4014.contig426	522	0	0
D4014.contig427	520	0	0
D4014.contig428	518	0	0
D4014.contig429	518	0	0
D4014.contig430	518	0	0
D4014.contig431	517	0	0
D4014.contig432	517	0	0
D4014.contig433	516	0	0
D4014.contig434	515	0	0
D4014.contig435	514	0	0
D4014.contig436	513	0	0
D4014.contig437	512	0	0
D4014.contig438	512	0	0
D4014.contig439	511	0	0
D4014.contig440	510	0	0
D4014.contig441	506	0	0
D4014.contig442	506	0	0
D4014.contig443	503	0	0
D4014.contig444	502	0	0
D4014.contig445	501	0	0
D4014.contig446	501	0	0
D4014.contig447	500	0	0
D4014.contig448	500	0	0
D4014.contig449	499	0	0
D4014.contig450	499	0	0
D4014.contig451	499	0	0
D4014.contig452	498	0	0
D4014.contig453	497	0	0
D4014.contig454	497	0	0
D4014.contig455	496	0	0
D4014.contig456	494	0	0
D4014.contig457	493	0	0
D4014.contig458	493	0	0
D4014.contig459	491	0	0
D4014.contig460	491	0	0
D4014.contig461	491	0	0
D4014.contig462	490	0	0
D4014.contig463	490	0	0
D4014.contig464	489	0	0
D4014.contig465	489	0	0
D4014.contig466	489	0	0
D4014.contig467	488	0	0
D4014.contig468	488	0	0
D4014.contig469	486	0	0
D4014.contig470	486	0	0
D4014.contig471	486	0	0
D4014.contig472	484	0	0
D4014.contig473	484	0	0
D4014.contig474	483	0	0
D4014.contig475	483	0	0
D4014.contig476	481	0	0
D4014.contig477	481	0	0
D4014.contig478	477	0	0
D4014.contig479	474	0	0
D4014.contig480	473	0	0
D4014.contig481	473	0	0
D4014.contig482	472	0	0
D4014.contig483	472	2	0
D4014.contig484	471	0	0
D4014.contig485	470	0	0
D4014.contig486	469	1	1
D4014.contig487	469	0	0
D4014.contig488	469	0	0
D4014.contig489	468	0	0
D4014.contig490	468	0	0
D4014.contig491	467	0	0
D4014.contig492	467	0	0
D4014.contig493	466	0	0
D4014.contig494	465	0	0
D4014.contig495	464	0	0
D4014.contig496	464	0	0
D4014.contig497	463	0	0
D4014.contig498	462	0	0
D4014.contig499	461	0	0
D4014.contig500	460	0	0
D4014.contig501	459	0	0
D4014.contig502	458	0	0
D4014.contig503	457	0	0
D4014.contig504	457	0	0
D4014.contig505	456	0	0
D4014.contig506	455	0	0
D4014.contig507	454	0	0
D4014.contig508	454	0	0
D4014.contig509	453	0	0
D4014.contig510	452	71	65
D4014.contig511	452	0	0
D4014.contig512	451	0	0
D4014.contig513	451	0	0
D4014.contig514	449	0	0
D4014.contig515	449	0	0
D4014.contig516	448	0	0
D4014.contig517	448	0	0
D4014.contig518	447	0	0
D4014.contig519	447	0	0
D4014.contig520	446	0	0
D4014.contig521	444	0	0
D4014.contig522	444	0	0
D4014.contig523	444	0	0
D4014.contig524	444	0	0
D4014.contig525	442	0	0
D4014.contig526	442	0	0
D4014.contig527	442	0	0
D4014.contig528	442	0	0
D4014.contig529	441	0	0
D4014.contig530	440	0	0
D4014.contig531	439	0	0
D4014.contig532	439	0	0
D4014.contig533	439	0	0
D4014.contig534	438	0	0
D4014.contig535	438	0	0
D4014.contig536	437	0	0
D4014.contig537	436	0	0
D4014.contig538	436	0	0
D4014.contig539	436	0	0
D4014.contig540	435	0	0
D4014.contig541	435	0	0
D4014.contig542	434	0	0
D4014.contig543	433	0	0
D4014.contig544	433	0	0
D4014.contig545	433	0	0
D4014.contig546	432	0	0
D4014.contig547	432	0	0
D4014.contig548	431	0	0
D4014.contig549	431	3	3
D4014.contig550	430	0	0
D4014.contig551	430	4	0
D4014.contig552	429	0	0
D4014.contig553	427	0	0
D4014.contig554	426	0	0
D4014.contig555	426	141	117
D4014.contig556	426	0	0
D4014.contig557	425	0	0
D4014.contig558	424	0	0
D4014.contig559	423	0	0
D4014.contig560	423	0	0
D4014.contig561	422	0	0
D4014.contig562	422	0	0
D4014.contig563	421	0	0
D4014.contig564	420	0	0
D4014.contig565	420	0	0
D4014.contig566	419	0	0
D4014.contig567	416	0	0
D4014.contig568	416	0	0
D4014.contig569	416	0	0
D4014.contig570	416	1	1
D4014.contig571	415	0	0
D4014.contig572	415	0	0
D4014.contig573	415	0	0
D4014.contig574	413	0	0
D4014.contig575	412	1	1
D4014.contig576	412	0	0
D4014.contig577	411	0	0
D4014.contig578	411	0	0
D4014.contig579	408	0	0
D4014.contig580	408	0	0
D4014.contig581	408	0	0
D4014.contig582	408	0	0
D4014.contig583	407	0	0
D4014.contig584	407	0	0
D4014.contig585	405	16	16
D4014.contig586	404	0	0
D4014.contig587	402	0	0
D4014.contig588	402	0	0
D4014.contig589	401	4	4
D4014.contig590	400	0	0
D4014.contig591	399	0	0
D4014.contig592	398	0	0
D4014.contig593	396	0	0
D4014.contig594	395	0	0
D4014.contig595	394	0	0
D4014.contig596	393	0	0
D4014.contig597	393	0	0
D4014.contig598	393	0	0
D4014.contig599	392	0	0
D4014.contig600	392	0	0
D4014.contig601	392	0	0
D4014.contig602	392	0	0
D4014.contig603	392	0	0
D4014.contig604	392	0	0
D4014.contig605	390	0	0
D4014.contig606	390	0	0
D4014.contig607	390	0	0
D4014.contig608	390	0	0
D4014.contig609	390	0	0
D4014.contig610	389	1	1
D4014.contig611	389	0	0
D4014.contig612	388	0	0
D4014.contig613	387	0	0
D4014.contig614	386	0	0
D4014.contig615	385	0	0
D4014.contig616	385	0	0
D4014.contig617	385	1	0
D4014.contig618	385	0	0
D4014.contig619	384	0	0
D4014.contig620	384	0	0
D4014.contig621	383	0	0
D4014.contig622	383	0	0
D4014.contig623	382	0	0
D4014.contig624	381	0	0
D4014.contig625	380	0	0
D4014.contig626	380	0	0
D4014.contig627	380	449	396
D4014.contig628	379	0	0
D4014.contig629	379	0	0
D4014.contig630	378	0	0
D4014.contig631	378	0	0
D4014.contig632	378	0	0
D4014.contig633	378	0	0
D4014.contig634	378	0	0
D4014.contig635	377	0	0
D4014.contig636	377	0	0
D4014.contig637	376	0	0
D4014.contig638	376	0	0
D4014.contig639	376	1	1
D4014.contig640	376	0	0
D4014.contig641	376	0	0
D4014.contig642	376	3	1
D4014.contig643	375	0	0
D4014.contig644	374	0	0
D4014.contig645	374	0	0
D4014.contig646	374	0	0
D4014.contig647	374	0	0
D4014.contig648	373	0	0
D4014.contig649	372	2	2
D4014.contig650	372	0	0
D4014.contig651	371	0	0
D4014.contig652	370	0	0
D4014.contig653	369	0	0
D4014.contig654	369	0	0
D4014.contig655	368	0	0
D4014.contig656	368	0	0
D4014.contig657	368	0	0
D4014.contig658	368	0	0
D4014.contig659	367	0	0
D4014.contig660	367	0	0
D4014.contig661	367	0	0
D4014.contig662	367	0	0
D4014.contig663	366	0	0
D4014.contig664	366	0	0
D4014.contig665	366	0	0
D4014.contig666	366	0	0
D4014.contig667	366	0	0
D4014.contig668	365	0	0
D4014.contig669	365	0	0
D4014.contig670	365	0	0
D4014.contig671	365	0	0
D4014.contig672	364	0	0
D4014.contig673	364	0	0
D4014.contig674	364	0	0
D4014.contig675	364	0	0
D4014.contig676	364	0	0
D4014.contig677	363	0	0
D4014.contig678	362	707	550
D4014.contig679	361	0	0
D4014.contig680	360	0	0
D4014.contig681	359	0	0
D4014.contig682	358	0	0
D4014.contig683	358	0	0
D4014.contig684	357	0	0
D4014.contig685	357	0	0
D4014.contig686	357	0	0
D4014.contig687	356	0	0
D4014.contig688	356	0	0
D4014.contig689	356	0	0
D4014.contig690	355	0	0
D4014.contig691	355	0	0
D4014.contig692	355	0	0
D4014.contig693	355	0	0
D4014.contig694	355	0	0
D4014.contig695	354	0	0
D4014.contig696	354	0	0
D4014.contig697	353	0	0
D4014.contig698	353	0	0
D4014.contig699	353	0	0
D4014.contig700	353	0	0
D4014.contig701	352	0	0
D4014.contig702	352	0	0
D4014.contig703	352	0	0
D4014.contig704	351	0	0
D4014.contig705	351	0	0
D4014.contig706	351	0	0
D4014.contig707	351	0	0
D4014.contig708	351	0	0
D4014.contig709	350	0	0
D4014.contig710	350	0	0
D4014.contig711	350	0	0
D4014.contig712	349	0	0
D4014.contig713	349	0	0
D4014.contig714	349	0	0
D4014.contig715	348	0	0
D4014.contig716	348	0	0
D4014.contig717	348	0	0
D4014.contig718	348	0	0
D4014.contig719	348	0	0
D4014.contig720	348	0	0
D4014.contig721	347	0	0
D4014.contig722	347	0	0
D4014.contig723	347	0	0
D4014.contig724	347	0	0
D4014.contig725	346	0	0
D4014.contig726	346	0	0
D4014.contig727	346	0	0
D4014.contig728	346	0	0
D4014.contig729	345	0	0
D4014.contig730	345	0	0
D4014.contig731	345	0	0
D4014.contig732	344	0	0
D4014.contig733	344	0	0
D4014.contig734	343	0	0
D4014.contig735	343	0	0
D4014.contig736	343	0	0
D4014.contig737	343	0	0
D4014.contig738	343	0	0
D4014.contig739	343	0	0
D4014.contig740	342	0	0
D4014.contig741	342	0	0
D4014.contig742	342	0	0
D4014.contig743	342	0	0
D4014.contig744	342	0	0
D4014.contig745	342	0	0
D4014.contig746	342	0	0
D4014.contig747	341	0	0
D4014.contig748	341	0	0
D4014.contig749	341	0	0
D4014.contig750	341	0	0
D4014.contig751	340	0	0
D4014.contig752	340	0	0
D4014.contig753	340	0	0
D4014.contig754	339	0	0
D4014.contig755	339	0	0
D4014.contig756	339	1644	1134
D4014.contig757	339	0	0
D4014.contig758	339	0	0
D4014.contig759	339	0	0
D4014.contig760	338	0	0
D4014.contig761	337	0	0
D4014.contig762	337	0	0
D4014.contig763	337	0	0
D4014.contig764	337	0	0
D4014.contig765	337	0	0
D4014.contig766	336	0	0
D4014.contig767	336	0	0
D4014.contig768	335	0	0
D4014.contig769	334	0	0
D4014.contig770	334	0	0
D4014.contig771	334	0	0
D4014.contig772	334	0	0
D4014.contig773	333	0	0
D4014.contig774	333	0	0
D4014.contig775	333	0	0
D4014.contig776	333	0	0
D4014.contig777	333	0	0
D4014.contig778	333	0	0
D4014.contig779	332	0	0
D4014.contig780	332	0	0
D4014.contig781	331	0	0
D4014.contig782	331	0	0
D4014.contig783	331	0	0
D4014.contig784	331	0	0
D4014.contig785	331	0	0
D4014.contig786	331	0	0
D4014.contig787	331	0	0
D4014.contig788	331	0	0
D4014.contig789	330	0	0
D4014.contig790	330	0	0
D4014.contig791	330	0	0
D4014.contig792	330	1	1
D4014.contig793	329	0	0
D4014.contig794	329	0	0
D4014.contig795	328	0	0
D4014.contig796	328	0	0
D4014.contig797	328	0	0
D4014.contig798	327	0	0
D4014.contig799	327	0	0
D4014.contig800	327	0	0
D4014.contig801	327	0	0
D4014.contig802	327	0	0
D4014.contig803	326	0	0
D4014.contig804	326	0	0
D4014.contig805	326	0	0
D4014.contig806	326	0	0
D4014.contig807	326	0	0
D4014.contig808	326	0	0
D4014.contig809	326	0	0
D4014.contig810	326	0	0
D4014.contig811	325	0	0
D4014.contig812	325	0	0
D4014.contig813	325	0	0
D4014.contig814	325	3	1
D4014.contig815	324	0	0
D4014.contig816	324	0	0
D4014.contig817	324	0	0
D4014.contig818	324	0	0
D4014.contig819	324	0	0
D4014.contig820	324	0	0
D4014.contig821	324	0	0
D4014.contig822	324	0	0
D4014.contig823	323	0	0
D4014.contig824	323	0	0
D4014.contig825	323	0	0
D4014.contig826	322	0	0
D4014.contig827	322	0	0
D4014.contig828	322	0	0
D4014.contig829	322	0	0
D4014.contig830	322	0	0
D4014.contig831	321	0	0
D4014.contig832	321	0	0
D4014.contig833	321	0	0
D4014.contig834	321	0	0
D4014.contig835	319	0	0
D4014.contig836	319	0	0
D4014.contig837	318	0	0
D4014.contig838	318	0	0
D4014.contig839	318	0	0
D4014.contig840	317	0	0
D4014.contig841	316	0	0
D4014.contig842	316	0	0
D4014.contig843	316	0	0
D4014.contig844	315	0	0
D4014.contig845	315	0	0
D4014.contig846	315	0	0
D4014.contig847	314	0	0
D4014.contig848	314	0	0
D4014.contig849	314	0	0
D4014.contig850	314	0	0
D4014.contig851	314	0	0
D4014.contig852	314	1	1
D4014.contig853	313	0	0
D4014.contig854	313	0	0
D4014.contig855	313	0	0
D4014.contig856	312	0	0
D4014.contig857	312	0	0
D4014.contig858	312	0	0
D4014.contig859	311	0	0
D4014.contig860	311	0	0
D4014.contig861	311	0	0
D4014.contig862	311	0	0
D4014.contig863	311	0	0
D4014.contig864	311	0	0
D4014.contig865	310	2	2
D4014.contig866	310	0	0
D4014.contig867	310	0	0
D4014.contig868	309	0	0
D4014.contig869	309	0	0
D4014.contig870	309	0	0
D4014.contig871	308	0	0
D4014.contig872	308	0	0
D4014.contig873	308	0	0
D4014.contig874	308	0	0
D4014.contig875	308	0	0
D4014.contig876	308	0	0
D4014.contig877	308	0	0
D4014.contig878	307	0	0
D4014.contig879	306	0	0
D4014.contig880	306	0	0
D4014.contig881	306	0	0
D4014.contig882	306	0	0
D4014.contig883	306	0	0
D4014.contig884	306	0	0
D4014.contig885	306	0	0
D4014.contig886	306	0	0
D4014.contig887	306	0	0
D4014.contig888	305	0	0
D4014.contig889	305	0	0
D4014.contig890	304	284	256
D4014.contig891	304	0	0
D4014.contig892	304	0	0
D4014.contig893	303	0	0
D4014.contig894	303	0	0
D4014.contig895	303	0	0
D4014.contig896	302	0	0
D4014.contig897	302	0	0
D4014.contig898	302	0	0
D4014.contig899	302	0	0
D4014.contig900	301	0	0
D4014.contig901	301	0	0
D4014.contig902	301	0	0
D4014.contig903	301	0	0
D4014.contig904	301	0	0
D4014.contig905	301	0	0
D4014.contig906	301	0	0
D4014.contig907	300	0	0
D4014.contig908	300	0	0
D4014.contig909	300	0	0
D4014.contig910	300	0	0
*	0	0	100302242
