R4280.contig1	1618	5	3
R4280.contig2	1548	53	34
R4280.contig3	1538	4108810	261573
R4280.contig4	1015	0	0
R4280.contig5	936	2	0
R4280.contig6	887	2	0
R4280.contig7	754	853	143
R4280.contig8	694	107346	4812
R4280.contig9	650	56	4
R4280.contig10	645	0	0
R4280.contig11	602	6	0
R4280.contig12	573	465588	117922
R4280.contig13	570	1906962	279229
R4280.contig14	568	11752	7190
R4280.contig15	510	39	3
R4280.contig16	502	41733	9131
R4280.contig17	491	691724	205091
R4280.contig18	475	2	1
R4280.contig19	463	405	102
R4280.contig20	450	54498	4732
R4280.contig21	434	0	0
R4280.contig22	412	0	0
R4280.contig23	400	7980	2870
R4280.contig24	390	0	0
R4280.contig25	374	220	17
R4280.contig26	356	57218	8994
R4280.contig27	348	0	0
R4280.contig28	337	43131	17714
R4280.contig29	334	273	109
R4280.contig30	324	0	0
R4280.contig31	320	69172	33787
R4280.contig32	318	59	10
R4280.contig33	312	0	0
*	0	0	18836738
