wgs25.contig1	661813	28840	119
wgs25.contig2	353624	14836	55
wgs25.contig3	271956	11243	31
wgs25.contig4	242066	9957	27
wgs25.contig5	221422	9451	36
wgs25.contig6	193198	8363	34
wgs25.contig7	173022	7368	35
wgs25.contig8	167189	7232	19
wgs25.contig9	165514	7277	19
wgs25.contig10	152268	6807	26
wgs25.contig11	151056	6618	28
wgs25.contig12	143857	6138	23
wgs25.contig13	129511	5627	21
wgs25.contig14	121627	5243	19
wgs25.contig15	119824	5296	17
wgs25.contig16	118100	5364	18
wgs25.contig17	113385	4963	23
wgs25.contig18	112183	4840	16
wgs25.contig19	110183	4767	21
wgs25.contig20	107090	4584	18
wgs25.contig21	97922	4396	27
wgs25.contig22	96725	4160	15
wgs25.contig23	95144	4162	16
wgs25.contig24	89689	40521	158
wgs25.contig25	87435	3652	13
wgs25.contig26	77994	3475	12
wgs25.contig27	75605	3363	15
wgs25.contig28	55914	2457	5
wgs25.contig29	51344	2213	7
wgs25.contig30	48688	2412	14
wgs25.contig31	42043	1897	7
wgs25.contig32	31997	1411	11
wgs25.contig33	30132	1299	8
wgs25.contig34	25155	1090	3
wgs25.contig35	24252	1087	5
wgs25.contig36	23619	940	3
wgs25.contig37	19490	912	5
wgs25.contig38	19134	859	3
wgs25.contig39	18412	719	5
wgs25.contig40	18157	793	4
wgs25.contig41	17465	686	5
wgs25.contig42	15903	643	4
wgs25.contig43	15858	665	3
wgs25.contig44	15008	647	4
wgs25.contig45	9962	470	2
wgs25.contig46	9102	382	0
wgs25.contig47	8853	486	7
wgs25.contig48	7991	399	4
wgs25.contig49	6818	279	3
wgs25.contig50	6086	412	3
wgs25.contig51	5954	280	3
wgs25.contig52	5758	31124	100
wgs25.contig53	5356	14705	33
wgs25.contig54	5280	16779	174
wgs25.contig55	4972	188	0
wgs25.contig56	4898	1193	37
wgs25.contig57	4890	188	2
wgs25.contig58	4397	188	1
wgs25.contig59	4281	209	2
wgs25.contig60	3974	193	2
wgs25.contig61	3714	260	2
wgs25.contig62	3702	157	3
wgs25.contig63	3357	245	9
wgs25.contig64	2832	124	0
wgs25.contig65	2682	137	2
wgs25.contig66	2660	85	0
wgs25.contig67	2643	116	0
wgs25.contig68	2532	269	5
wgs25.contig69	2146	126	0
wgs25.contig70	2042	133	1
wgs25.contig71	1949	11359	875
wgs25.contig72	1650	65	1
wgs25.contig73	1349	86	4
wgs25.contig74	1281	106	1
wgs25.contig75	1266	104	3
wgs25.contig76	1258	142	9
wgs25.contig77	1103	41	1
wgs25.contig78	1067	124	13
wgs25.contig79	1062	65	1
wgs25.contig80	1005	68	1
wgs25.contig81	895	23	0
wgs25.contig82	870	364	19
wgs25.contig83	820	29	0
wgs25.contig84	806	25	2
wgs25.contig85	799	20	1
wgs25.contig86	753	31	0
wgs25.contig87	678	14	2
wgs25.contig88	670	17	1
wgs25.contig89	663	22	0
wgs25.contig90	662	17	1
wgs25.contig91	645	14	1
wgs25.contig92	641	9	2
wgs25.contig93	637	14	1
wgs25.contig94	623	20	0
wgs25.contig95	605	54	4
wgs25.contig96	584	94	6
wgs25.contig97	544	10	1
wgs25.contig98	511	30	28
wgs25.contig99	485	3	1
wgs25.contig100	472	2	2
wgs25.contig101	458	53	2
wgs25.contig102	452	46	0
wgs25.contig103	445	11	0
wgs25.contig104	441	13	0
wgs25.contig105	441	19	0
wgs25.contig106	419	7	0
wgs25.contig107	417	6	0
wgs25.contig108	415	2	0
wgs25.contig109	403	12	1
wgs25.contig110	399	6	0
wgs25.contig111	392	16	1
wgs25.contig112	377	30	2
wgs25.contig113	360	9	0
wgs25.contig114	359	9	1
wgs25.contig115	354	8	0
wgs25.contig116	352	15	0
wgs25.contig117	342	6	0
wgs25.contig118	336	4	0
wgs25.contig119	329	4	0
wgs25.contig120	327	2	0
wgs25.contig121	305	6	0
wgs25.contig122	296	16	0
wgs25.contig123	283	1	0
wgs25.contig124	282	16	1
wgs25.contig125	277	47	1
wgs25.contig126	264	3	0
wgs25.contig127	258	1	0
wgs25.contig128	258	3	0
wgs25.contig129	255	0	0
wgs25.contig130	255	1	0
wgs25.contig131	255	3	1
wgs25.contig132	255	3	0
wgs25.contig133	255	5	0
wgs25.contig134	255	2	0
wgs25.contig135	255	3	1
wgs25.contig136	255	3	0
wgs25.contig137	255	2	0
wgs25.contig138	255	2	0
wgs25.contig139	255	0	0
wgs25.contig140	255	2	0
wgs25.contig141	255	4	0
wgs25.contig142	255	1	0
wgs25.contig143	255	0	0
wgs25.contig144	255	6	0
wgs25.contig145	253	4	0
wgs25.contig146	252	5	0
wgs25.contig147	241	4	0
wgs25.contig148	236	2	0
wgs25.contig149	220	0	0
wgs25.contig150	193	0	0
wgs25.contig151	185	1	1
wgs25.contig152	175	0	0
wgs25.contig153	154	0	0
wgs25.contig154	145	0	0
wgs25.contig155	130	0	0
wgs25.contig156	129	1	0
*	0	0	1068
