D3750.contig1	45917	91965	977
D3750.contig2	37179	145909	1968
D3750.contig3	31252	158652	1859
D3750.contig4	27569	54940	519
D3750.contig5	27441	585668	9336
D3750.contig6	21600	94609	1505
D3750.contig7	19758	220257	3145
D3750.contig8	18718	46050	630
D3750.contig9	18623	8712	91
D3750.contig10	17808	315185	6065
D3750.contig11	15388	4785	49
D3750.contig12	12634	6003	92
D3750.contig13	12015	136670	3522
D3750.contig14	11961	1421	21
D3750.contig15	11646	11843	254
D3750.contig16	11582	183012	3823
D3750.contig17	11078	6047	120
D3750.contig18	11022	7181	112
D3750.contig19	10940	1692	31
D3750.contig20	10877	22922	583
D3750.contig21	10625	4801	77
D3750.contig22	10405	130568	2400
D3750.contig23	10367	8772	120
D3750.contig24	10197	5691	97
D3750.contig25	10166	1646	24
D3750.contig26	9342	10371	230
D3750.contig27	9284	2446	46
D3750.contig28	9171	21380	276
D3750.contig29	9146	6569	57
D3750.contig30	8106	16233	240
D3750.contig31	7910	25418	329
D3750.contig32	7893	1350	32
D3750.contig33	7833	1393	26
D3750.contig34	7674	4984	97
D3750.contig35	7456	6950	182
D3750.contig36	7287	882	18
D3750.contig37	7156	1606	40
D3750.contig38	7099	864	20
D3750.contig39	7021	2386	44
D3750.contig40	7006	1042	34
D3750.contig41	6754	871	14
D3750.contig42	6725	2848	49
D3750.contig43	6602	669	15
D3750.contig44	6358	602	13
D3750.contig45	6311	1970	36
D3750.contig46	6247	1728	28
D3750.contig47	5789	9060	98
D3750.contig48	5665	603	21
D3750.contig49	5621	6660	163
D3750.contig50	5518	1392	18
D3750.contig51	5442	893	21
D3750.contig52	5442	499	27
D3750.contig53	5346	870	31
D3750.contig54	5169	508	4
D3750.contig55	5137	1426	25
D3750.contig56	5123	891	16
D3750.contig57	4985	3266	40
D3750.contig58	4868	2202	46
D3750.contig59	4835	907	20
D3750.contig60	4786	446	4
D3750.contig61	4783	631	14
D3750.contig62	4694	2233	45
D3750.contig63	4629	1183	24
D3750.contig64	4624	590	13
D3750.contig65	4563	573	18
D3750.contig66	4529	322	8
D3750.contig67	4463	503	2
D3750.contig68	4309	833	15
D3750.contig69	4276	3252	48
D3750.contig70	4126	38529	536
D3750.contig71	4093	699	9
D3750.contig72	4056	4104	63
D3750.contig73	4013	1756	12
D3750.contig74	3992	382	11
D3750.contig75	3945	714	15
D3750.contig76	3944	3303	109
D3750.contig77	3764	11410	276
D3750.contig78	3563	805	23
D3750.contig79	3544	311	11
D3750.contig80	3497	641	10
D3750.contig81	3447	1798	35
D3750.contig82	3371	3020	60
D3750.contig83	3336	5256	100
D3750.contig84	3319	1440	45
D3750.contig85	3260	1588	30
D3750.contig86	3129	575	8
D3750.contig87	3095	435	7
D3750.contig88	3083	274	10
D3750.contig89	3037	320	13
D3750.contig90	3017	396	9
D3750.contig91	3007	10507	183
D3750.contig92	2933	299	11
D3750.contig93	2877	829	27
D3750.contig94	2841	355	11
D3750.contig95	2817	261	4
D3750.contig96	2804	379	8
D3750.contig97	2786	8273	231
D3750.contig98	2785	485	23
D3750.contig99	2653	447	10
D3750.contig100	2614	227	14
D3750.contig101	2584	276	7
D3750.contig102	2534	234	7
D3750.contig103	2499	14202	437
D3750.contig104	2477	305	9
D3750.contig105	2467	352	29
D3750.contig106	2439	184	3
D3750.contig107	2435	3619	82
D3750.contig108	2428	186	3
D3750.contig109	2398	239	26
D3750.contig110	2362	225	9
D3750.contig111	2359	143	7
D3750.contig112	2299	351	14
D3750.contig113	2292	5314	97
D3750.contig114	2239	386	12
D3750.contig115	2212	162	4
D3750.contig116	2204	195	21
D3750.contig117	2177	325	12
D3750.contig118	2168	494	11
D3750.contig119	2158	169	20
D3750.contig120	2117	267	7
D3750.contig121	2088	181	14
D3750.contig122	2083	200	7
D3750.contig123	2075	135	7
D3750.contig124	2068	129	11
D3750.contig125	2066	1522	18
D3750.contig126	2061	14097	436
D3750.contig127	2035	216	4
D3750.contig128	1997	236	3
D3750.contig129	1986	172	5
D3750.contig130	1976	127	9
D3750.contig131	1938	149	19
D3750.contig132	1933	135	9
D3750.contig133	1933	167	9
D3750.contig134	1933	1734	37
D3750.contig135	1870	157	8
D3750.contig136	1846	282	3
D3750.contig137	1788	178	10
D3750.contig138	1769	125	12
D3750.contig139	1703	144	8
D3750.contig140	1697	353	7
D3750.contig141	1679	688	23
D3750.contig142	1677	113	8
D3750.contig143	1670	1830	42
D3750.contig144	1665	112	2
D3750.contig145	1663	155	10
D3750.contig146	1657	236	17
D3750.contig147	1650	159	4
D3750.contig148	1646	102	22
D3750.contig149	1642	918	21
D3750.contig150	1622	2132	69
D3750.contig151	1612	160	10
D3750.contig152	1608	108	4
D3750.contig153	1590	117	11
D3750.contig154	1575	686	6
D3750.contig155	1557	120	8
D3750.contig156	1551	118	10
D3750.contig157	1547	107	14
D3750.contig158	1520	78	6
D3750.contig159	1507	131	5
D3750.contig160	1496	100	9
D3750.contig161	1484	160	15
D3750.contig162	1466	196	17
D3750.contig163	1441	136	20
D3750.contig164	1418	73	11
D3750.contig165	1388	77	5
D3750.contig166	1326	90	4
D3750.contig167	1325	199	8
D3750.contig168	1307	74	10
D3750.contig169	1287	125	7
D3750.contig170	1280	126	4
D3750.contig171	1280	1777	174
D3750.contig172	1276	70	4
D3750.contig173	1275	72	12
D3750.contig174	1257	538	28
D3750.contig175	1235	76	18
D3750.contig176	1227	113	7
D3750.contig177	1209	106	5
D3750.contig178	1203	83	6
D3750.contig179	1192	85	18
D3750.contig180	1186	90	9
D3750.contig181	1179	68	12
D3750.contig182	1158	110	14
D3750.contig183	1155	34	12
D3750.contig184	1154	50	9
D3750.contig185	1138	86	14
D3750.contig186	1136	60	7
D3750.contig187	1133	76	3
D3750.contig188	1060	97	3
D3750.contig189	1055	56	11
D3750.contig190	1055	175	11
D3750.contig191	1050	64	6
D3750.contig192	1048	101	5
D3750.contig193	1038	94	5
D3750.contig194	1034	84	10
D3750.contig195	1027	53	5
D3750.contig196	1024	81	5
D3750.contig197	1022	72	10
D3750.contig198	1016	62	12
D3750.contig199	1014	44	6
D3750.contig200	1001	86	10
D3750.contig201	997	47	14
D3750.contig202	995	82	12
D3750.contig203	993	59	4
D3750.contig204	987	42	4
D3750.contig205	969	62	11
D3750.contig206	964	58	12
D3750.contig207	962	134	5
D3750.contig208	953	33	9
D3750.contig209	952	50	9
D3750.contig210	944	48	7
D3750.contig211	944	28	2
D3750.contig212	943	71	8
D3750.contig213	936	60	11
D3750.contig214	927	64	15
D3750.contig215	925	44	5
D3750.contig216	924	46	9
D3750.contig217	924	77	3
D3750.contig218	913	71	8
D3750.contig219	912	58	3
D3750.contig220	909	37	13
D3750.contig221	908	62	5
D3750.contig222	907	59	5
D3750.contig223	898	48	5
D3750.contig224	898	94	2
D3750.contig225	897	551	48
D3750.contig226	895	831	72
D3750.contig227	891	37	4
D3750.contig228	891	66	4
D3750.contig229	888	41	3
D3750.contig230	886	52	11
D3750.contig231	879	72	5
D3750.contig232	876	46	5
D3750.contig233	876	56	11
D3750.contig234	871	150	13
D3750.contig235	857	36	8
D3750.contig236	856	61	8
D3750.contig237	852	38	8
D3750.contig238	852	44	6
D3750.contig239	850	111	8
D3750.contig240	848	3801	21
D3750.contig241	841	35	4
D3750.contig242	837	41	5
D3750.contig243	837	52	7
D3750.contig244	834	54	9
D3750.contig245	833	37	10
D3750.contig246	827	214	11
D3750.contig247	823	37	13
D3750.contig248	822	189	7
D3750.contig249	820	43	9
D3750.contig250	817	35	7
D3750.contig251	808	25	3
D3750.contig252	806	26	7
D3750.contig253	806	2367	1
D3750.contig254	802	29	5
D3750.contig255	797	34	9
D3750.contig256	795	48	1
D3750.contig257	795	6	0
D3750.contig258	794	67	4
D3750.contig259	787	49	15
D3750.contig260	784	171	14
D3750.contig261	781	41	13
D3750.contig262	764	22	2
D3750.contig263	762	31	11
D3750.contig264	757	32	8
D3750.contig265	750	31	2
D3750.contig266	741	49	6
D3750.contig267	739	25	6
D3750.contig268	737	27	5
D3750.contig269	733	31	13
D3750.contig270	731	5612	181
D3750.contig271	731	28	4
D3750.contig272	731	317	26
D3750.contig273	727	27	2
D3750.contig274	726	34	13
D3750.contig275	726	31	11
D3750.contig276	721	38	13
D3750.contig277	717	34	14
D3750.contig278	716	48	2
D3750.contig279	714	25	5
D3750.contig280	713	110	10
D3750.contig281	711	31	9
D3750.contig282	711	64	6
D3750.contig283	703	31	12
D3750.contig284	702	36	5
D3750.contig285	702	52	7
D3750.contig286	701	32	5
D3750.contig287	700	24	3
D3750.contig288	699	65	5
D3750.contig289	697	35	6
D3750.contig290	693	31	12
D3750.contig291	692	54	9
D3750.contig292	687	64	4
D3750.contig293	686	92	5
D3750.contig294	686	25	8
D3750.contig295	685	52	6
D3750.contig296	683	25	5
D3750.contig297	681	42	5
D3750.contig298	680	388	15
D3750.contig299	680	31	5
D3750.contig300	677	32	11
D3750.contig301	676	47	2
D3750.contig302	675	35	11
D3750.contig303	673	25	9
D3750.contig304	671	19	2
D3750.contig305	669	36	11
D3750.contig306	668	68	10
D3750.contig307	668	30	10
D3750.contig308	664	37	6
D3750.contig309	664	35	9
D3750.contig310	663	18	2
D3750.contig311	663	48	14
D3750.contig312	659	763	41
D3750.contig313	655	36	5
D3750.contig314	655	35	7
D3750.contig315	650	63	7
D3750.contig316	649	48	0
D3750.contig317	649	48	13
D3750.contig318	648	128	14
D3750.contig319	646	496	8
D3750.contig320	644	31	9
D3750.contig321	643	20	8
D3750.contig322	643	23	9
D3750.contig323	641	28	5
D3750.contig324	640	45	7
D3750.contig325	639	23	9
D3750.contig326	638	26	8
D3750.contig327	636	56	7
D3750.contig328	634	32	8
D3750.contig329	628	37	5
D3750.contig330	626	1332	64
D3750.contig331	624	27	4
D3750.contig332	622	31	7
D3750.contig333	615	88	1
D3750.contig334	609	8	0
D3750.contig335	606	20	4
D3750.contig336	605	43	12
D3750.contig337	604	34	8
D3750.contig338	601	24	7
D3750.contig339	598	26	7
D3750.contig340	598	44	7
D3750.contig341	596	134	11
D3750.contig342	589	34	7
D3750.contig343	588	33	8
D3750.contig344	585	34	7
D3750.contig345	585	32	5
D3750.contig346	584	25	4
D3750.contig347	583	27	5
D3750.contig348	583	24	5
D3750.contig349	582	26	4
D3750.contig350	579	55	17
D3750.contig351	579	21	3
D3750.contig352	577	28	8
D3750.contig353	577	31	3
D3750.contig354	576	11	0
D3750.contig355	576	18	5
D3750.contig356	575	27	5
D3750.contig357	575	49	7
D3750.contig358	574	25	6
D3750.contig359	574	35	8
D3750.contig360	573	31	5
D3750.contig361	570	16	4
D3750.contig362	567	20	7
D3750.contig363	566	16	6
D3750.contig364	565	20	12
D3750.contig365	562	19	11
D3750.contig366	558	118	14
D3750.contig367	558	31	9
D3750.contig368	557	47	3
D3750.contig369	555	28	10
D3750.contig370	552	18	6
D3750.contig371	548	32	7
D3750.contig372	548	24	7
D3750.contig373	541	37	2
D3750.contig374	541	41	8
D3750.contig375	538	38	9
D3750.contig376	537	32	5
D3750.contig377	537	29	7
D3750.contig378	537	27	9
D3750.contig379	536	112	6
D3750.contig380	534	20	8
D3750.contig381	534	11	7
D3750.contig382	533	39	16
D3750.contig383	532	29	4
D3750.contig384	531	150	7
D3750.contig385	529	22	4
D3750.contig386	523	65	3
D3750.contig387	523	22	6
D3750.contig388	522	284	12
D3750.contig389	522	13	9
D3750.contig390	518	21	5
D3750.contig391	518	110	2
D3750.contig392	517	57	2
D3750.contig393	517	7	1
D3750.contig394	516	98	4
D3750.contig395	515	35	10
D3750.contig396	515	13	7
D3750.contig397	514	28	5
D3750.contig398	514	13	4
D3750.contig399	514	13	5
D3750.contig400	513	98	2
D3750.contig401	513	134	2
D3750.contig402	512	60	14
D3750.contig403	512	15	7
D3750.contig404	512	32	4
D3750.contig405	511	24	2
D3750.contig406	511	12	2
D3750.contig407	510	26	6
D3750.contig408	510	71	23
D3750.contig409	510	14	6
D3750.contig410	510	24	8
D3750.contig411	507	23	2
D3750.contig412	504	32	3
D3750.contig413	503	26	8
D3750.contig414	502	27	7
D3750.contig415	501	90	2
D3750.contig416	500	211	3
D3750.contig417	499	164	6
D3750.contig418	499	20	5
D3750.contig419	499	23	8
D3750.contig420	498	19	4
D3750.contig421	497	27	3
D3750.contig422	497	17	6
D3750.contig423	496	24	8
D3750.contig424	493	18	7
D3750.contig425	493	33	7
D3750.contig426	493	20	4
D3750.contig427	492	21	7
D3750.contig428	491	318	26
D3750.contig429	491	17	3
D3750.contig430	489	23	3
D3750.contig431	488	1262	40
D3750.contig432	487	9076	276
D3750.contig433	487	26	8
D3750.contig434	486	14	5
D3750.contig435	485	23	6
D3750.contig436	483	341	17
D3750.contig437	482	920	24
D3750.contig438	482	16	8
D3750.contig439	482	34	11
D3750.contig440	480	19	8
D3750.contig441	480	19	6
D3750.contig442	479	19	1
D3750.contig443	479	101	1
D3750.contig444	478	43	0
D3750.contig445	477	31	1
D3750.contig446	477	22	10
D3750.contig447	475	20	4
D3750.contig448	474	22	8
D3750.contig449	474	18	12
D3750.contig450	473	18	0
D3750.contig451	471	27	9
D3750.contig452	470	14	10
D3750.contig453	470	15	4
D3750.contig454	468	11	5
D3750.contig455	468	18	9
D3750.contig456	467	251	9
D3750.contig457	466	77	2
D3750.contig458	466	13	6
D3750.contig459	465	116	4
D3750.contig460	465	16	6
D3750.contig461	464	33	7
D3750.contig462	464	15	9
D3750.contig463	462	29	9
D3750.contig464	462	39	5
D3750.contig465	462	19	7
D3750.contig466	460	28	7
D3750.contig467	460	15	12
D3750.contig468	460	10	5
D3750.contig469	459	80	6
D3750.contig470	458	10	9
D3750.contig471	458	18	10
D3750.contig472	457	7	0
D3750.contig473	457	22	7
D3750.contig474	457	23	9
D3750.contig475	455	13	10
D3750.contig476	453	7	0
D3750.contig477	453	15	5
D3750.contig478	448	19	10
D3750.contig479	447	11	5
D3750.contig480	447	6	0
D3750.contig481	447	12	3
D3750.contig482	447	37	3
D3750.contig483	445	527	19
D3750.contig484	444	13	5
D3750.contig485	441	21	5
D3750.contig486	441	26	7
D3750.contig487	439	19	5
D3750.contig488	438	26	8
D3750.contig489	438	15	3
D3750.contig490	437	21	5
D3750.contig491	436	23	1
D3750.contig492	436	50	0
D3750.contig493	435	9	3
D3750.contig494	435	16	6
D3750.contig495	435	14	2
D3750.contig496	434	14	10
D3750.contig497	432	20	8
D3750.contig498	431	22	3
D3750.contig499	431	19	13
D3750.contig500	431	11	7
D3750.contig501	430	18	8
D3750.contig502	430	19	4
D3750.contig503	430	11	7
D3750.contig504	428	10	6
D3750.contig505	428	17	8
D3750.contig506	426	9	4
D3750.contig507	426	30	5
D3750.contig508	426	8	7
D3750.contig509	426	17	4
D3750.contig510	426	14	6
D3750.contig511	424	8	0
D3750.contig512	423	11	6
D3750.contig513	421	43	7
D3750.contig514	421	460	24
D3750.contig515	419	20	10
D3750.contig516	418	14	3
D3750.contig517	415	24	5
D3750.contig518	415	22	6
D3750.contig519	414	12	8
D3750.contig520	413	62	4
D3750.contig521	412	33	1
D3750.contig522	412	24	12
D3750.contig523	411	89	5
D3750.contig524	410	67	3
D3750.contig525	407	17	8
D3750.contig526	407	25	5
D3750.contig527	407	12	6
D3750.contig528	406	30	4
D3750.contig529	406	31	3
D3750.contig530	406	13	9
D3750.contig531	405	6	0
D3750.contig532	404	8	0
D3750.contig533	403	15	4
D3750.contig534	403	19	6
D3750.contig535	401	12	9
D3750.contig536	401	4	0
D3750.contig537	400	13	5
D3750.contig538	400	12	8
D3750.contig539	400	15	8
D3750.contig540	399	15	4
D3750.contig541	399	15	5
D3750.contig542	399	7	7
D3750.contig543	399	8	6
D3750.contig544	398	19	7
D3750.contig545	397	13	3
D3750.contig546	397	16	13
D3750.contig547	396	15	7
D3750.contig548	395	13	8
D3750.contig549	393	13	9
D3750.contig550	391	10	6
D3750.contig551	391	4	0
D3750.contig552	391	9	6
D3750.contig553	391	11	9
D3750.contig554	389	23	4
D3750.contig555	388	4	2
D3750.contig556	387	11	6
D3750.contig557	387	14	10
D3750.contig558	387	66	1
D3750.contig559	386	42	2
D3750.contig560	386	11	5
D3750.contig561	386	23	8
D3750.contig562	385	15	7
D3750.contig563	385	31	11
D3750.contig564	385	12	8
D3750.contig565	385	24	4
D3750.contig566	383	17	3
D3750.contig567	383	11	7
D3750.contig568	382	8	5
D3750.contig569	381	20	6
D3750.contig570	381	8	6
D3750.contig571	380	12	8
D3750.contig572	379	6	4
D3750.contig573	379	13	6
D3750.contig574	379	18	4
D3750.contig575	378	16	1
D3750.contig576	378	8	6
D3750.contig577	377	11	6
D3750.contig578	376	9	3
D3750.contig579	376	20	2
D3750.contig580	375	17	2
D3750.contig581	375	3	1
D3750.contig582	375	10	6
D3750.contig583	375	16	2
D3750.contig584	374	12	4
D3750.contig585	373	15	3
D3750.contig586	373	18	9
D3750.contig587	371	5	2
D3750.contig588	371	13	2
D3750.contig589	371	8	0
D3750.contig590	370	13	6
D3750.contig591	369	10	4
D3750.contig592	369	12	3
D3750.contig593	368	21	5
D3750.contig594	368	48	8
D3750.contig595	368	539	15
D3750.contig596	368	15	3
D3750.contig597	368	10	6
D3750.contig598	368	17	9
D3750.contig599	366	10	4
D3750.contig600	365	14	2
D3750.contig601	364	9	5
D3750.contig602	364	20	6
D3750.contig603	364	12	2
D3750.contig604	363	2	0
D3750.contig605	363	2	0
D3750.contig606	363	16	0
D3750.contig607	363	10	6
D3750.contig608	362	179	6
D3750.contig609	362	97	1
D3750.contig610	361	21	7
D3750.contig611	361	18	5
D3750.contig612	361	14	10
D3750.contig613	359	10	3
D3750.contig614	359	16	13
D3750.contig615	358	17	9
D3750.contig616	357	11	5
D3750.contig617	356	8	5
D3750.contig618	356	100	10
D3750.contig619	356	7	4
D3750.contig620	355	4	0
D3750.contig621	355	2	0
D3750.contig622	355	8	2
D3750.contig623	354	12	2
D3750.contig624	353	15	2
D3750.contig625	353	8	3
D3750.contig626	352	15	6
D3750.contig627	351	21	5
D3750.contig628	350	11	5
D3750.contig629	350	1284	48
D3750.contig630	350	6	0
D3750.contig631	350	11	7
D3750.contig632	350	16	7
D3750.contig633	349	17	5
D3750.contig634	348	9	0
D3750.contig635	348	8	0
D3750.contig636	347	9	4
D3750.contig637	345	9	1
D3750.contig638	345	3	1
D3750.contig639	343	21	7
D3750.contig640	342	6	0
D3750.contig641	342	7	4
D3750.contig642	342	13	7
D3750.contig643	342	22	8
D3750.contig644	342	9	7
D3750.contig645	341	3	3
D3750.contig646	341	7	7
D3750.contig647	340	9	2
D3750.contig648	340	15	3
D3750.contig649	339	8	6
D3750.contig650	339	15	5
D3750.contig651	338	27	3
D3750.contig652	338	12	1
D3750.contig653	337	4	4
D3750.contig654	336	15	6
D3750.contig655	336	14	4
D3750.contig656	336	9	1
D3750.contig657	335	5	4
D3750.contig658	334	19	1
D3750.contig659	334	7	2
D3750.contig660	334	6	0
D3750.contig661	334	13	1
D3750.contig662	333	4	4
D3750.contig663	333	24	2
D3750.contig664	333	9	3
D3750.contig665	332	12	8
D3750.contig666	332	12	2
D3750.contig667	332	13	11
D3750.contig668	332	6	6
D3750.contig669	331	4	0
D3750.contig670	331	13	2
D3750.contig671	331	41	3
D3750.contig672	330	7	3
D3750.contig673	328	14	8
D3750.contig674	327	13	8
D3750.contig675	325	7	5
D3750.contig676	325	11	4
D3750.contig677	324	17	2
D3750.contig678	323	12	6
D3750.contig679	323	4	0
D3750.contig680	322	8	4
D3750.contig681	322	2	0
D3750.contig682	322	17	5
D3750.contig683	322	10	4
D3750.contig684	322	16	5
D3750.contig685	322	6	6
D3750.contig686	321	6	6
D3750.contig687	321	8	3
D3750.contig688	321	10	4
D3750.contig689	320	4	2
D3750.contig690	319	11	9
D3750.contig691	319	10	6
D3750.contig692	319	10	4
D3750.contig693	319	82	7
D3750.contig694	318	8	6
D3750.contig695	317	9	3
D3750.contig696	316	7	5
D3750.contig697	316	14	10
D3750.contig698	316	50	2
D3750.contig699	316	84	6
D3750.contig700	316	10	6
D3750.contig701	315	18	0
D3750.contig702	315	26	0
D3750.contig703	315	8	4
D3750.contig704	315	11	4
D3750.contig705	315	9	1
D3750.contig706	314	11	7
D3750.contig707	314	6	2
D3750.contig708	314	9	1
D3750.contig709	314	11	5
D3750.contig710	313	34	8
D3750.contig711	313	4	0
D3750.contig712	312	7	7
D3750.contig713	311	63	0
D3750.contig714	311	14	1
D3750.contig715	311	7	3
D3750.contig716	311	17	11
D3750.contig717	311	12	6
D3750.contig718	310	10	2
D3750.contig719	310	16	10
D3750.contig720	309	7	4
D3750.contig721	308	11	4
D3750.contig722	308	9	2
D3750.contig723	308	11	7
D3750.contig724	308	26	2
D3750.contig725	308	4	2
D3750.contig726	308	12	5
D3750.contig727	307	5	5
D3750.contig728	307	5	3
D3750.contig729	307	82	2
D3750.contig730	306	11	1
D3750.contig731	306	110	3
D3750.contig732	306	8	4
D3750.contig733	305	10	0
D3750.contig734	305	15	11
D3750.contig735	304	10	5
D3750.contig736	303	15	4
D3750.contig737	303	4	4
D3750.contig738	302	97	5
D3750.contig739	302	6	2
D3750.contig740	302	7	5
D3750.contig741	301	21	5
D3750.contig742	301	9	7
D3750.contig743	301	18	6
D3750.contig744	301	7	3
D3750.contig745	301	7	4
D3750.contig746	301	15	4
D3750.contig747	300	7	5
D3750.contig748	300	11	5
D3750.contig749	300	134	8
D3750.contig750	300	7	5
D3750.contig751	300	8	0
D3750.contig752	300	6	4
*	0	0	44118
