D3454.contig1	89048	2	2
D3454.contig2	42809	0	0
D3454.contig3	40298	5	3
D3454.contig4	38917	0	0
D3454.contig5	37309	0	0
D3454.contig6	36567	0	0
D3454.contig7	35583	2	0
D3454.contig8	34801	0	0
D3454.contig9	28322	0	0
D3454.contig10	26051	30	19
D3454.contig11	24033	0	0
D3454.contig12	23428	14	2
D3454.contig13	22460	0	0
D3454.contig14	22058	62	30
D3454.contig15	21108	16	10
D3454.contig16	20542	0	0
D3454.contig17	20223	2	2
D3454.contig18	17209	2	0
D3454.contig19	16954	2	0
D3454.contig20	15962	7	5
D3454.contig21	15216	0	0
D3454.contig22	15151	0	0
D3454.contig23	12793	2	2
D3454.contig24	12782	10	2
D3454.contig25	10923	0	0
D3454.contig26	10222	0	0
D3454.contig27	10202	2	0
D3454.contig28	9940	45	20
D3454.contig29	9612	0	0
D3454.contig30	9528	0	0
D3454.contig31	9520	0	0
D3454.contig32	9491	0	0
D3454.contig33	9242	0	0
D3454.contig34	8876	0	0
D3454.contig35	8783	0	0
D3454.contig36	8589	0	0
D3454.contig37	8481	0	0
D3454.contig38	8285	0	0
D3454.contig39	8218	0	0
D3454.contig40	8207	0	0
D3454.contig41	8079	0	0
D3454.contig42	8058	0	0
D3454.contig43	7488	0	0
D3454.contig44	7042	12	8
D3454.contig45	6674	0	0
D3454.contig46	6379	5	1
D3454.contig47	6363	0	0
D3454.contig48	5946	0	0
D3454.contig49	5885	0	0
D3454.contig50	5704	0	0
D3454.contig51	5703	0	0
D3454.contig52	5684	11	9
D3454.contig53	5658	0	0
D3454.contig54	5556	2	0
D3454.contig55	5491	0	0
D3454.contig56	5462	0	0
D3454.contig57	5435	0	0
D3454.contig58	5390	0	0
D3454.contig59	5223	0	0
D3454.contig60	5188	0	0
D3454.contig61	5155	0	0
D3454.contig62	5092	0	0
D3454.contig63	5062	0	0
D3454.contig64	5057	0	0
D3454.contig65	4984	0	0
D3454.contig66	4975	5	5
D3454.contig67	4953	0	0
D3454.contig68	4944	0	0
D3454.contig69	4905	7	3
D3454.contig70	4809	0	0
D3454.contig71	4605	0	0
D3454.contig72	4600	0	0
D3454.contig73	4512	0	0
D3454.contig74	4480	2	0
D3454.contig75	4458	0	0
D3454.contig76	4416	0	0
D3454.contig77	4413	0	0
D3454.contig78	4401	0	0
D3454.contig79	4367	0	0
D3454.contig80	4336	1	1
D3454.contig81	4320	0	0
D3454.contig82	4118	0	0
D3454.contig83	4054	0	0
D3454.contig84	4035	0	0
D3454.contig85	4032	13	9
D3454.contig86	4027	0	0
D3454.contig87	3827	0	0
D3454.contig88	3570	0	0
D3454.contig89	3562	0	0
D3454.contig90	3559	0	0
D3454.contig91	3555	0	0
D3454.contig92	3529	0	0
D3454.contig93	3510	0	0
D3454.contig94	3469	0	0
D3454.contig95	3406	0	0
D3454.contig96	3389	0	0
D3454.contig97	3333	0	0
D3454.contig98	3294	0	0
D3454.contig99	3271	0	0
D3454.contig100	3260	0	0
D3454.contig101	3247	0	0
D3454.contig102	3195	0	0
D3454.contig103	3122	0	0
D3454.contig104	3068	0	0
D3454.contig105	2995	0	0
D3454.contig106	2953	0	0
D3454.contig107	2920	0	0
D3454.contig108	2794	0	0
D3454.contig109	2779	0	0
D3454.contig110	2773	0	0
D3454.contig111	2702	0	0
D3454.contig112	2696	0	0
D3454.contig113	2653	0	0
D3454.contig114	2631	0	0
D3454.contig115	2622	0	0
D3454.contig116	2616	2	0
D3454.contig117	2605	0	0
D3454.contig118	2593	0	0
D3454.contig119	2591	1	1
D3454.contig120	2571	0	0
D3454.contig121	2568	0	0
D3454.contig122	2535	0	0
D3454.contig123	2430	1	1
D3454.contig124	2426	0	0
D3454.contig125	2386	0	0
D3454.contig126	2371	0	0
D3454.contig127	2371	0	0
D3454.contig128	2371	0	0
D3454.contig129	2344	14	4
D3454.contig130	2297	0	0
D3454.contig131	2197	0	0
D3454.contig132	2168	0	0
D3454.contig133	2157	0	0
D3454.contig134	2151	0	0
D3454.contig135	2140	0	0
D3454.contig136	2134	2	0
D3454.contig137	2125	0	0
D3454.contig138	2116	0	0
D3454.contig139	2093	0	0
D3454.contig140	2086	4	0
D3454.contig141	2076	0	0
D3454.contig142	2065	0	0
D3454.contig143	2059	0	0
D3454.contig144	2057	2	0
D3454.contig145	2056	0	0
D3454.contig146	2025	0	0
D3454.contig147	2020	0	0
D3454.contig148	2019	2	2
D3454.contig149	1988	0	0
D3454.contig150	1981	2	0
D3454.contig151	1979	0	0
D3454.contig152	1978	1	1
D3454.contig153	1970	0	0
D3454.contig154	1965	0	0
D3454.contig155	1957	0	0
D3454.contig156	1949	0	0
D3454.contig157	1943	0	0
D3454.contig158	1936	0	0
D3454.contig159	1911	0	0
D3454.contig160	1908	0	0
D3454.contig161	1877	0	0
D3454.contig162	1874	0	0
D3454.contig163	1867	0	0
D3454.contig164	1854	0	0
D3454.contig165	1822	0	0
D3454.contig166	1822	0	0
D3454.contig167	1808	0	0
D3454.contig168	1804	0	0
D3454.contig169	1802	0	0
D3454.contig170	1782	0	0
D3454.contig171	1777	0	0
D3454.contig172	1775	0	0
D3454.contig173	1772	0	0
D3454.contig174	1769	0	0
D3454.contig175	1769	0	0
D3454.contig176	1759	0	0
D3454.contig177	1736	0	0
D3454.contig178	1729	0	0
D3454.contig179	1720	713	573
D3454.contig180	1712	0	0
D3454.contig181	1712	0	0
D3454.contig182	1692	0	0
D3454.contig183	1689	0	0
D3454.contig184	1684	0	0
D3454.contig185	1684	0	0
D3454.contig186	1679	0	0
D3454.contig187	1659	1	1
D3454.contig188	1655	0	0
D3454.contig189	1652	0	0
D3454.contig190	1620	0	0
D3454.contig191	1613	0	0
D3454.contig192	1601	0	0
D3454.contig193	1591	10	0
D3454.contig194	1578	0	0
D3454.contig195	1573	0	0
D3454.contig196	1572	0	0
D3454.contig197	1555	0	0
D3454.contig198	1551	0	0
D3454.contig199	1513	0	0
D3454.contig200	1504	0	0
D3454.contig201	1499	0	0
D3454.contig202	1497	0	0
D3454.contig203	1496	6	6
D3454.contig204	1489	0	0
D3454.contig205	1482	0	0
D3454.contig206	1477	0	0
D3454.contig207	1472	0	0
D3454.contig208	1455	0	0
D3454.contig209	1455	0	0
D3454.contig210	1448	0	0
D3454.contig211	1447	0	0
D3454.contig212	1445	0	0
D3454.contig213	1438	0	0
D3454.contig214	1427	0	0
D3454.contig215	1417	0	0
D3454.contig216	1405	0	0
D3454.contig217	1380	0	0
D3454.contig218	1376	0	0
D3454.contig219	1373	0	0
D3454.contig220	1371	0	0
D3454.contig221	1368	0	0
D3454.contig222	1366	0	0
D3454.contig223	1361	0	0
D3454.contig224	1353	0	0
D3454.contig225	1346	0	0
D3454.contig226	1318	0	0
D3454.contig227	1302	0	0
D3454.contig228	1296	0	0
D3454.contig229	1284	0	0
D3454.contig230	1278	0	0
D3454.contig231	1269	0	0
D3454.contig232	1264	0	0
D3454.contig233	1264	0	0
D3454.contig234	1262	0	0
D3454.contig235	1261	2	2
D3454.contig236	1261	0	0
D3454.contig237	1257	0	0
D3454.contig238	1250	0	0
D3454.contig239	1247	0	0
D3454.contig240	1246	0	0
D3454.contig241	1244	0	0
D3454.contig242	1239	0	0
D3454.contig243	1231	0	0
D3454.contig244	1219	0	0
D3454.contig245	1218	0	0
D3454.contig246	1216	0	0
D3454.contig247	1207	0	0
D3454.contig248	1200	0	0
D3454.contig249	1194	0	0
D3454.contig250	1194	0	0
D3454.contig251	1191	0	0
D3454.contig252	1188	0	0
D3454.contig253	1180	0	0
D3454.contig254	1179	0	0
D3454.contig255	1179	0	0
D3454.contig256	1178	0	0
D3454.contig257	1175	0	0
D3454.contig258	1172	0	0
D3454.contig259	1171	0	0
D3454.contig260	1169	0	0
D3454.contig261	1161	0	0
D3454.contig262	1155	0	0
D3454.contig263	1151	4	4
D3454.contig264	1145	0	0
D3454.contig265	1143	0	0
D3454.contig266	1142	0	0
D3454.contig267	1141	83	39
D3454.contig268	1141	0	0
D3454.contig269	1136	2	0
D3454.contig270	1135	0	0
D3454.contig271	1135	0	0
D3454.contig272	1132	0	0
D3454.contig273	1130	303	253
D3454.contig274	1124	0	0
D3454.contig275	1118	0	0
D3454.contig276	1116	0	0
D3454.contig277	1110	0	0
D3454.contig278	1105	0	0
D3454.contig279	1104	0	0
D3454.contig280	1104	0	0
D3454.contig281	1101	0	0
D3454.contig282	1090	0	0
D3454.contig283	1083	0	0
D3454.contig284	1081	0	0
D3454.contig285	1079	0	0
D3454.contig286	1076	0	0
D3454.contig287	1076	0	0
D3454.contig288	1075	0	0
D3454.contig289	1073	0	0
D3454.contig290	1071	0	0
D3454.contig291	1069	0	0
D3454.contig292	1069	0	0
D3454.contig293	1069	0	0
D3454.contig294	1061	0	0
D3454.contig295	1059	0	0
D3454.contig296	1053	0	0
D3454.contig297	1051	0	0
D3454.contig298	1051	0	0
D3454.contig299	1048	0	0
D3454.contig300	1047	0	0
D3454.contig301	1041	0	0
D3454.contig302	1036	0	0
D3454.contig303	1032	0	0
D3454.contig304	1031	0	0
D3454.contig305	1025	0	0
D3454.contig306	1018	0	0
D3454.contig307	1018	0	0
D3454.contig308	1017	0	0
D3454.contig309	1010	0	0
D3454.contig310	1009	0	0
D3454.contig311	1008	0	0
D3454.contig312	1006	0	0
D3454.contig313	998	0	0
D3454.contig314	996	0	0
D3454.contig315	995	0	0
D3454.contig316	994	0	0
D3454.contig317	989	0	0
D3454.contig318	987	0	0
D3454.contig319	987	29	27
D3454.contig320	983	0	0
D3454.contig321	983	0	0
D3454.contig322	980	0	0
D3454.contig323	979	1	1
D3454.contig324	978	0	0
D3454.contig325	976	0	0
D3454.contig326	975	0	0
D3454.contig327	973	0	0
D3454.contig328	967	0	0
D3454.contig329	965	0	0
D3454.contig330	963	0	0
D3454.contig331	960	0	0
D3454.contig332	958	0	0
D3454.contig333	955	0	0
D3454.contig334	954	0	0
D3454.contig335	953	0	0
D3454.contig336	953	0	0
D3454.contig337	951	0	0
D3454.contig338	950	0	0
D3454.contig339	947	0	0
D3454.contig340	945	0	0
D3454.contig341	945	0	0
D3454.contig342	944	0	0
D3454.contig343	942	0	0
D3454.contig344	940	0	0
D3454.contig345	940	0	0
D3454.contig346	939	0	0
D3454.contig347	938	0	0
D3454.contig348	936	0	0
D3454.contig349	936	0	0
D3454.contig350	934	0	0
D3454.contig351	933	0	0
D3454.contig352	931	0	0
D3454.contig353	931	0	0
D3454.contig354	930	0	0
D3454.contig355	928	0	0
D3454.contig356	927	0	0
D3454.contig357	925	0	0
D3454.contig358	924	0	0
D3454.contig359	919	0	0
D3454.contig360	918	0	0
D3454.contig361	916	0	0
D3454.contig362	913	0	0
D3454.contig363	911	0	0
D3454.contig364	910	0	0
D3454.contig365	910	5	1
D3454.contig366	907	0	0
D3454.contig367	906	0	0
D3454.contig368	904	0	0
D3454.contig369	899	0	0
D3454.contig370	899	0	0
D3454.contig371	897	0	0
D3454.contig372	890	0	0
D3454.contig373	890	0	0
D3454.contig374	889	0	0
D3454.contig375	887	0	0
D3454.contig376	887	0	0
D3454.contig377	887	0	0
D3454.contig378	887	0	0
D3454.contig379	886	0	0
D3454.contig380	885	0	0
D3454.contig381	878	0	0
D3454.contig382	877	0	0
D3454.contig383	874	0	0
D3454.contig384	872	0	0
D3454.contig385	870	0	0
D3454.contig386	866	0	0
D3454.contig387	866	0	0
D3454.contig388	865	0	0
D3454.contig389	864	0	0
D3454.contig390	863	5	1
D3454.contig391	862	0	0
D3454.contig392	862	0	0
D3454.contig393	861	0	0
D3454.contig394	861	0	0
D3454.contig395	860	0	0
D3454.contig396	859	0	0
D3454.contig397	859	0	0
D3454.contig398	857	0	0
D3454.contig399	857	0	0
D3454.contig400	853	0	0
D3454.contig401	851	0	0
D3454.contig402	850	0	0
D3454.contig403	849	0	0
D3454.contig404	848	0	0
D3454.contig405	846	0	0
D3454.contig406	844	0	0
D3454.contig407	843	0	0
D3454.contig408	842	0	0
D3454.contig409	842	0	0
D3454.contig410	840	0	0
D3454.contig411	839	0	0
D3454.contig412	838	0	0
D3454.contig413	837	0	0
D3454.contig414	836	0	0
D3454.contig415	834	0	0
D3454.contig416	834	0	0
D3454.contig417	834	0	0
D3454.contig418	834	0	0
D3454.contig419	833	0	0
D3454.contig420	832	0	0
D3454.contig421	831	0	0
D3454.contig422	829	0	0
D3454.contig423	827	0	0
D3454.contig424	826	0	0
D3454.contig425	826	0	0
D3454.contig426	825	0	0
D3454.contig427	823	0	0
D3454.contig428	821	0	0
D3454.contig429	821	0	0
D3454.contig430	819	0	0
D3454.contig431	817	0	0
D3454.contig432	817	0	0
D3454.contig433	817	0	0
D3454.contig434	817	0	0
D3454.contig435	814	2	0
D3454.contig436	813	7	7
D3454.contig437	813	0	0
D3454.contig438	813	0	0
D3454.contig439	812	0	0
D3454.contig440	812	0	0
D3454.contig441	808	0	0
D3454.contig442	805	0	0
D3454.contig443	805	0	0
D3454.contig444	804	0	0
D3454.contig445	804	0	0
D3454.contig446	798	0	0
D3454.contig447	798	0	0
D3454.contig448	798	0	0
D3454.contig449	796	0	0
D3454.contig450	796	0	0
D3454.contig451	795	0	0
D3454.contig452	790	0	0
D3454.contig453	788	0	0
D3454.contig454	788	0	0
D3454.contig455	787	0	0
D3454.contig456	785	0	0
D3454.contig457	783	0	0
D3454.contig458	783	0	0
D3454.contig459	783	0	0
D3454.contig460	780	0	0
D3454.contig461	780	0	0
D3454.contig462	779	0	0
D3454.contig463	779	0	0
D3454.contig464	778	0	0
D3454.contig465	775	0	0
D3454.contig466	772	0	0
D3454.contig467	771	0	0
D3454.contig468	769	0	0
D3454.contig469	768	0	0
D3454.contig470	768	0	0
D3454.contig471	764	0	0
D3454.contig472	764	0	0
D3454.contig473	763	0	0
D3454.contig474	762	0	0
D3454.contig475	760	0	0
D3454.contig476	758	0	0
D3454.contig477	757	0	0
D3454.contig478	757	0	0
D3454.contig479	757	0	0
D3454.contig480	756	0	0
D3454.contig481	752	0	0
D3454.contig482	751	2	0
D3454.contig483	751	0	0
D3454.contig484	751	0	0
D3454.contig485	749	0	0
D3454.contig486	749	0	0
D3454.contig487	748	0	0
D3454.contig488	748	0	0
D3454.contig489	746	0	0
D3454.contig490	745	0	0
D3454.contig491	745	0	0
D3454.contig492	744	0	0
D3454.contig493	744	0	0
D3454.contig494	744	0	0
D3454.contig495	744	0	0
D3454.contig496	743	0	0
D3454.contig497	743	0	0
D3454.contig498	741	0	0
D3454.contig499	741	0	0
D3454.contig500	740	0	0
D3454.contig501	737	0	0
D3454.contig502	735	0	0
D3454.contig503	731	0	0
D3454.contig504	731	0	0
D3454.contig505	730	0	0
D3454.contig506	730	0	0
D3454.contig507	728	0	0
D3454.contig508	726	0	0
D3454.contig509	723	0	0
D3454.contig510	722	0	0
D3454.contig511	721	0	0
D3454.contig512	721	0	0
D3454.contig513	720	0	0
D3454.contig514	720	0	0
D3454.contig515	719	0	0
D3454.contig516	718	0	0
D3454.contig517	717	0	0
D3454.contig518	715	0	0
D3454.contig519	713	0	0
D3454.contig520	713	0	0
D3454.contig521	709	0	0
D3454.contig522	709	0	0
D3454.contig523	708	0	0
D3454.contig524	700	0	0
D3454.contig525	700	0	0
D3454.contig526	694	0	0
D3454.contig527	694	0	0
D3454.contig528	694	0	0
D3454.contig529	694	0	0
D3454.contig530	689	0	0
D3454.contig531	688	0	0
D3454.contig532	685	0	0
D3454.contig533	681	0	0
D3454.contig534	680	0	0
D3454.contig535	679	0	0
D3454.contig536	679	0	0
D3454.contig537	679	0	0
D3454.contig538	679	0	0
D3454.contig539	679	0	0
D3454.contig540	677	0	0
D3454.contig541	677	0	0
D3454.contig542	674	0	0
D3454.contig543	674	0	0
D3454.contig544	672	0	0
D3454.contig545	670	0	0
D3454.contig546	670	0	0
D3454.contig547	670	0	0
D3454.contig548	669	0	0
D3454.contig549	668	0	0
D3454.contig550	667	0	0
D3454.contig551	667	0	0
D3454.contig552	666	0	0
D3454.contig553	665	0	0
D3454.contig554	663	0	0
D3454.contig555	663	0	0
D3454.contig556	663	0	0
D3454.contig557	662	0	0
D3454.contig558	661	0	0
D3454.contig559	660	0	0
D3454.contig560	659	0	0
D3454.contig561	659	0	0
D3454.contig562	659	0	0
D3454.contig563	658	0	0
D3454.contig564	657	0	0
D3454.contig565	656	0	0
D3454.contig566	653	0	0
D3454.contig567	652	0	0
D3454.contig568	652	0	0
D3454.contig569	650	0	0
D3454.contig570	650	326	117
D3454.contig571	650	0	0
D3454.contig572	650	0	0
D3454.contig573	649	0	0
D3454.contig574	648	0	0
D3454.contig575	646	0	0
D3454.contig576	646	0	0
D3454.contig577	646	0	0
D3454.contig578	645	14	11
D3454.contig579	645	0	0
D3454.contig580	644	0	0
D3454.contig581	644	0	0
D3454.contig582	643	0	0
D3454.contig583	643	0	0
D3454.contig584	640	0	0
D3454.contig585	637	0	0
D3454.contig586	636	0	0
D3454.contig587	636	0	0
D3454.contig588	635	0	0
D3454.contig589	634	0	0
D3454.contig590	634	0	0
D3454.contig591	633	0	0
D3454.contig592	632	0	0
D3454.contig593	632	0	0
D3454.contig594	630	0	0
D3454.contig595	630	0	0
D3454.contig596	628	0	0
D3454.contig597	628	0	0
D3454.contig598	628	0	0
D3454.contig599	628	0	0
D3454.contig600	625	0	0
D3454.contig601	624	0	0
D3454.contig602	624	0	0
D3454.contig603	624	0	0
D3454.contig604	624	0	0
D3454.contig605	622	0	0
D3454.contig606	621	0	0
D3454.contig607	620	0	0
D3454.contig608	618	0	0
D3454.contig609	617	0	0
D3454.contig610	617	0	0
D3454.contig611	617	0	0
D3454.contig612	615	0	0
D3454.contig613	615	0	0
D3454.contig614	615	0	0
D3454.contig615	615	0	0
D3454.contig616	614	0	0
D3454.contig617	613	0	0
D3454.contig618	612	0	0
D3454.contig619	608	0	0
D3454.contig620	608	0	0
D3454.contig621	604	0	0
D3454.contig622	602	0	0
D3454.contig623	602	0	0
D3454.contig624	601	0	0
D3454.contig625	600	0	0
D3454.contig626	600	0	0
D3454.contig627	599	0	0
D3454.contig628	599	0	0
D3454.contig629	599	0	0
D3454.contig630	598	0	0
D3454.contig631	597	0	0
D3454.contig632	597	0	0
D3454.contig633	595	0	0
D3454.contig634	594	0	0
D3454.contig635	594	0	0
D3454.contig636	594	0	0
D3454.contig637	594	0	0
D3454.contig638	591	0	0
D3454.contig639	591	0	0
D3454.contig640	591	0	0
D3454.contig641	591	0	0
D3454.contig642	590	0	0
D3454.contig643	587	0	0
D3454.contig644	587	0	0
D3454.contig645	587	0	0
D3454.contig646	587	0	0
D3454.contig647	586	0	0
D3454.contig648	584	0	0
D3454.contig649	584	0	0
D3454.contig650	584	0	0
D3454.contig651	584	0	0
D3454.contig652	583	0	0
D3454.contig653	583	0	0
D3454.contig654	583	0	0
D3454.contig655	583	0	0
D3454.contig656	583	0	0
D3454.contig657	582	0	0
D3454.contig658	582	0	0
D3454.contig659	582	0	0
D3454.contig660	581	0	0
D3454.contig661	581	0	0
D3454.contig662	581	0	0
D3454.contig663	580	0	0
D3454.contig664	577	0	0
D3454.contig665	576	0	0
D3454.contig666	575	0	0
D3454.contig667	574	0	0
D3454.contig668	574	0	0
D3454.contig669	571	0	0
D3454.contig670	571	0	0
D3454.contig671	570	0	0
D3454.contig672	570	0	0
D3454.contig673	570	0	0
D3454.contig674	569	0	0
D3454.contig675	567	0	0
D3454.contig676	566	0	0
D3454.contig677	566	0	0
D3454.contig678	565	0	0
D3454.contig679	564	0	0
D3454.contig680	564	0	0
D3454.contig681	564	0	0
D3454.contig682	563	0	0
D3454.contig683	562	0	0
D3454.contig684	562	0	0
D3454.contig685	562	0	0
D3454.contig686	562	0	0
D3454.contig687	560	0	0
D3454.contig688	560	0	0
D3454.contig689	559	0	0
D3454.contig690	559	0	0
D3454.contig691	559	0	0
D3454.contig692	558	0	0
D3454.contig693	558	0	0
D3454.contig694	557	0	0
D3454.contig695	556	0	0
D3454.contig696	556	0	0
D3454.contig697	555	0	0
D3454.contig698	555	0	0
D3454.contig699	554	0	0
D3454.contig700	553	0	0
D3454.contig701	553	0	0
D3454.contig702	553	0	0
D3454.contig703	552	0	0
D3454.contig704	551	0	0
D3454.contig705	549	0	0
D3454.contig706	549	0	0
D3454.contig707	548	0	0
D3454.contig708	547	0	0
D3454.contig709	546	0	0
D3454.contig710	546	0	0
D3454.contig711	545	0	0
D3454.contig712	545	0	0
D3454.contig713	544	0	0
D3454.contig714	544	0	0
D3454.contig715	544	0	0
D3454.contig716	544	0	0
D3454.contig717	543	0	0
D3454.contig718	543	0	0
D3454.contig719	542	0	0
D3454.contig720	542	0	0
D3454.contig721	542	0	0
D3454.contig722	541	0	0
D3454.contig723	541	0	0
D3454.contig724	541	0	0
D3454.contig725	541	0	0
D3454.contig726	539	0	0
D3454.contig727	539	0	0
D3454.contig728	538	2	0
D3454.contig729	538	0	0
D3454.contig730	538	0	0
D3454.contig731	537	0	0
D3454.contig732	536	0	0
D3454.contig733	534	0	0
D3454.contig734	533	0	0
D3454.contig735	532	0	0
D3454.contig736	532	0	0
D3454.contig737	531	0	0
D3454.contig738	530	0	0
D3454.contig739	529	0	0
D3454.contig740	529	0	0
D3454.contig741	529	0	0
D3454.contig742	529	0	0
D3454.contig743	527	0	0
D3454.contig744	527	0	0
D3454.contig745	526	0	0
D3454.contig746	526	0	0
D3454.contig747	525	0	0
D3454.contig748	523	0	0
D3454.contig749	523	0	0
D3454.contig750	523	0	0
D3454.contig751	522	0	0
D3454.contig752	521	0	0
D3454.contig753	520	0	0
D3454.contig754	519	0	0
D3454.contig755	518	605	370
D3454.contig756	518	0	0
D3454.contig757	518	0	0
D3454.contig758	517	0	0
D3454.contig759	517	0	0
D3454.contig760	517	0	0
D3454.contig761	516	0	0
D3454.contig762	516	0	0
D3454.contig763	515	0	0
D3454.contig764	515	0	0
D3454.contig765	514	0	0
D3454.contig766	513	0	0
D3454.contig767	513	0	0
D3454.contig768	512	0	0
D3454.contig769	512	0	0
D3454.contig770	512	0	0
D3454.contig771	512	0	0
D3454.contig772	511	0	0
D3454.contig773	511	0	0
D3454.contig774	509	0	0
D3454.contig775	508	0	0
D3454.contig776	508	0	0
D3454.contig777	506	0	0
D3454.contig778	506	0	0
D3454.contig779	506	0	0
D3454.contig780	506	0	0
D3454.contig781	505	0	0
D3454.contig782	505	0	0
D3454.contig783	504	0	0
D3454.contig784	504	0	0
D3454.contig785	504	0	0
D3454.contig786	504	0	0
D3454.contig787	503	0	0
D3454.contig788	503	0	0
D3454.contig789	503	0	0
D3454.contig790	502	0	0
D3454.contig791	502	0	0
D3454.contig792	502	0	0
D3454.contig793	502	0	0
D3454.contig794	501	0	0
D3454.contig795	501	0	0
D3454.contig796	501	0	0
D3454.contig797	501	0	0
D3454.contig798	500	0	0
D3454.contig799	500	0	0
D3454.contig800	500	0	0
D3454.contig801	499	0	0
D3454.contig802	498	0	0
D3454.contig803	498	0	0
D3454.contig804	498	0	0
D3454.contig805	498	0	0
D3454.contig806	497	0	0
D3454.contig807	497	0	0
D3454.contig808	496	0	0
D3454.contig809	496	0	0
D3454.contig810	495	0	0
D3454.contig811	495	0	0
D3454.contig812	495	0	0
D3454.contig813	494	0	0
D3454.contig814	493	0	0
D3454.contig815	493	0	0
D3454.contig816	493	0	0
D3454.contig817	492	0	0
D3454.contig818	492	0	0
D3454.contig819	491	0	0
D3454.contig820	491	0	0
D3454.contig821	489	0	0
D3454.contig822	489	0	0
D3454.contig823	489	0	0
D3454.contig824	489	0	0
D3454.contig825	489	0	0
D3454.contig826	488	0	0
D3454.contig827	486	0	0
D3454.contig828	486	0	0
D3454.contig829	485	0	0
D3454.contig830	484	0	0
D3454.contig831	484	0	0
D3454.contig832	484	0	0
D3454.contig833	484	0	0
D3454.contig834	483	0	0
D3454.contig835	483	0	0
D3454.contig836	482	0	0
D3454.contig837	482	0	0
D3454.contig838	482	0	0
D3454.contig839	481	0	0
D3454.contig840	480	0	0
D3454.contig841	480	0	0
D3454.contig842	479	0	0
D3454.contig843	479	0	0
D3454.contig844	478	0	0
D3454.contig845	477	0	0
D3454.contig846	477	0	0
D3454.contig847	476	0	0
D3454.contig848	476	0	0
D3454.contig849	475	0	0
D3454.contig850	475	0	0
D3454.contig851	474	0	0
D3454.contig852	473	0	0
D3454.contig853	473	0	0
D3454.contig854	473	0	0
D3454.contig855	472	5	1
D3454.contig856	472	0	0
D3454.contig857	471	1	1
D3454.contig858	471	0	0
D3454.contig859	471	0	0
D3454.contig860	471	0	0
D3454.contig861	471	0	0
D3454.contig862	471	0	0
D3454.contig863	470	0	0
D3454.contig864	470	0	0
D3454.contig865	470	0	0
D3454.contig866	469	0	0
D3454.contig867	469	0	0
D3454.contig868	468	0	0
D3454.contig869	468	0	0
D3454.contig870	468	0	0
D3454.contig871	468	0	0
D3454.contig872	467	0	0
D3454.contig873	467	1	1
D3454.contig874	466	0	0
D3454.contig875	466	0	0
D3454.contig876	465	0	0
D3454.contig877	463	0	0
D3454.contig878	463	0	0
D3454.contig879	463	0	0
D3454.contig880	463	0	0
D3454.contig881	462	0	0
D3454.contig882	462	0	0
D3454.contig883	462	0	0
D3454.contig884	462	0	0
D3454.contig885	462	0	0
D3454.contig886	462	0	0
D3454.contig887	462	0	0
D3454.contig888	462	0	0
D3454.contig889	462	0	0
D3454.contig890	461	0	0
D3454.contig891	461	0	0
D3454.contig892	461	0	0
D3454.contig893	460	700	434
D3454.contig894	460	0	0
D3454.contig895	459	0	0
D3454.contig896	458	0	0
D3454.contig897	458	0	0
D3454.contig898	458	0	0
D3454.contig899	458	0	0
D3454.contig900	457	0	0
D3454.contig901	457	0	0
D3454.contig902	456	0	0
D3454.contig903	456	142	75
D3454.contig904	455	0	0
D3454.contig905	455	0	0
D3454.contig906	455	0	0
D3454.contig907	455	0	0
D3454.contig908	454	0	0
D3454.contig909	454	0	0
D3454.contig910	454	0	0
D3454.contig911	454	0	0
D3454.contig912	454	0	0
D3454.contig913	454	0	0
D3454.contig914	453	0	0
D3454.contig915	452	0	0
D3454.contig916	452	0	0
D3454.contig917	452	0	0
D3454.contig918	452	0	0
D3454.contig919	452	0	0
D3454.contig920	451	0	0
D3454.contig921	451	0	0
D3454.contig922	450	0	0
D3454.contig923	450	0	0
D3454.contig924	450	0	0
D3454.contig925	450	0	0
D3454.contig926	449	0	0
D3454.contig927	448	0	0
D3454.contig928	447	0	0
D3454.contig929	447	0	0
D3454.contig930	447	0	0
D3454.contig931	447	0	0
D3454.contig932	446	0	0
D3454.contig933	445	0	0
D3454.contig934	445	0	0
D3454.contig935	445	0	0
D3454.contig936	444	0	0
D3454.contig937	444	0	0
D3454.contig938	444	0	0
D3454.contig939	443	0	0
D3454.contig940	443	0	0
D3454.contig941	443	0	0
D3454.contig942	442	0	0
D3454.contig943	442	0	0
D3454.contig944	441	0	0
D3454.contig945	441	0	0
D3454.contig946	441	0	0
D3454.contig947	441	0	0
D3454.contig948	440	0	0
D3454.contig949	440	0	0
D3454.contig950	439	0	0
D3454.contig951	439	0	0
D3454.contig952	438	0	0
D3454.contig953	438	0	0
D3454.contig954	438	0	0
D3454.contig955	438	0	0
D3454.contig956	437	0	0
D3454.contig957	436	0	0
D3454.contig958	435	0	0
D3454.contig959	435	0	0
D3454.contig960	435	0	0
D3454.contig961	435	0	0
D3454.contig962	434	0	0
D3454.contig963	433	0	0
D3454.contig964	433	0	0
D3454.contig965	433	0	0
D3454.contig966	433	0	0
D3454.contig967	432	0	0
D3454.contig968	432	0	0
D3454.contig969	431	0	0
D3454.contig970	430	0	0
D3454.contig971	429	0	0
D3454.contig972	429	0	0
D3454.contig973	429	0	0
D3454.contig974	429	0	0
D3454.contig975	428	0	0
D3454.contig976	427	0	0
D3454.contig977	427	0	0
D3454.contig978	427	0	0
D3454.contig979	427	0	0
D3454.contig980	426	0	0
D3454.contig981	426	0	0
D3454.contig982	426	0	0
D3454.contig983	426	0	0
D3454.contig984	425	0	0
D3454.contig985	425	0	0
D3454.contig986	425	0	0
D3454.contig987	425	0	0
D3454.contig988	425	0	0
D3454.contig989	424	0	0
D3454.contig990	424	0	0
D3454.contig991	424	0	0
D3454.contig992	424	0	0
D3454.contig993	424	0	0
D3454.contig994	423	0	0
D3454.contig995	423	0	0
D3454.contig996	423	0	0
D3454.contig997	423	0	0
D3454.contig998	422	0	0
D3454.contig999	422	0	0
D3454.contig1000	422	0	0
D3454.contig1001	422	0	0
D3454.contig1002	422	0	0
D3454.contig1003	422	0	0
D3454.contig1004	422	0	0
D3454.contig1005	421	0	0
D3454.contig1006	421	0	0
D3454.contig1007	420	0	0
D3454.contig1008	420	0	0
D3454.contig1009	420	0	0
D3454.contig1010	419	0	0
D3454.contig1011	419	0	0
D3454.contig1012	418	0	0
D3454.contig1013	418	0	0
D3454.contig1014	417	0	0
D3454.contig1015	416	0	0
D3454.contig1016	415	0	0
D3454.contig1017	415	0	0
D3454.contig1018	415	0	0
D3454.contig1019	414	0	0
D3454.contig1020	414	0	0
D3454.contig1021	413	0	0
D3454.contig1022	413	0	0
D3454.contig1023	413	0	0
D3454.contig1024	412	0	0
D3454.contig1025	412	0	0
D3454.contig1026	412	0	0
D3454.contig1027	412	0	0
D3454.contig1028	412	0	0
D3454.contig1029	412	0	0
D3454.contig1030	412	0	0
D3454.contig1031	411	0	0
D3454.contig1032	411	0	0
D3454.contig1033	410	209	147
D3454.contig1034	410	0	0
D3454.contig1035	410	0	0
D3454.contig1036	408	0	0
D3454.contig1037	408	0	0
D3454.contig1038	408	0	0
D3454.contig1039	407	0	0
D3454.contig1040	407	0	0
D3454.contig1041	407	0	0
D3454.contig1042	407	0	0
D3454.contig1043	406	0	0
D3454.contig1044	406	0	0
D3454.contig1045	406	0	0
D3454.contig1046	406	0	0
D3454.contig1047	405	0	0
D3454.contig1048	405	0	0
D3454.contig1049	405	0	0
D3454.contig1050	404	0	0
D3454.contig1051	404	0	0
D3454.contig1052	404	0	0
D3454.contig1053	403	0	0
D3454.contig1054	403	0	0
D3454.contig1055	402	0	0
D3454.contig1056	402	0	0
D3454.contig1057	402	0	0
D3454.contig1058	401	0	0
D3454.contig1059	401	0	0
D3454.contig1060	401	0	0
D3454.contig1061	401	0	0
D3454.contig1062	401	0	0
D3454.contig1063	400	0	0
D3454.contig1064	400	0	0
D3454.contig1065	400	0	0
D3454.contig1066	400	0	0
D3454.contig1067	400	0	0
D3454.contig1068	399	0	0
D3454.contig1069	399	0	0
D3454.contig1070	399	0	0
D3454.contig1071	399	6	6
D3454.contig1072	399	0	0
D3454.contig1073	399	0	0
D3454.contig1074	398	0	0
D3454.contig1075	398	0	0
D3454.contig1076	398	0	0
D3454.contig1077	398	0	0
D3454.contig1078	398	0	0
D3454.contig1079	397	0	0
D3454.contig1080	397	0	0
D3454.contig1081	397	0	0
D3454.contig1082	396	0	0
D3454.contig1083	396	0	0
D3454.contig1084	396	1	1
D3454.contig1085	396	0	0
D3454.contig1086	396	0	0
D3454.contig1087	396	0	0
D3454.contig1088	395	0	0
D3454.contig1089	395	0	0
D3454.contig1090	395	0	0
D3454.contig1091	394	0	0
D3454.contig1092	393	0	0
D3454.contig1093	393	0	0
D3454.contig1094	393	0	0
D3454.contig1095	393	0	0
D3454.contig1096	393	0	0
D3454.contig1097	393	0	0
D3454.contig1098	393	0	0
D3454.contig1099	392	0	0
D3454.contig1100	392	0	0
D3454.contig1101	392	0	0
D3454.contig1102	392	0	0
D3454.contig1103	392	0	0
D3454.contig1104	392	0	0
D3454.contig1105	391	0	0
D3454.contig1106	391	0	0
D3454.contig1107	391	0	0
D3454.contig1108	391	0	0
D3454.contig1109	391	0	0
D3454.contig1110	390	0	0
D3454.contig1111	390	0	0
D3454.contig1112	390	0	0
D3454.contig1113	390	0	0
D3454.contig1114	390	0	0
D3454.contig1115	389	0	0
D3454.contig1116	389	0	0
D3454.contig1117	389	0	0
D3454.contig1118	389	0	0
D3454.contig1119	389	0	0
D3454.contig1120	388	0	0
D3454.contig1121	388	0	0
D3454.contig1122	387	0	0
D3454.contig1123	386	0	0
D3454.contig1124	386	0	0
D3454.contig1125	386	0	0
D3454.contig1126	386	0	0
D3454.contig1127	386	0	0
D3454.contig1128	386	0	0
D3454.contig1129	385	0	0
D3454.contig1130	385	0	0
D3454.contig1131	385	0	0
D3454.contig1132	385	0	0
D3454.contig1133	385	0	0
D3454.contig1134	384	0	0
D3454.contig1135	384	0	0
D3454.contig1136	384	0	0
D3454.contig1137	383	0	0
D3454.contig1138	382	0	0
D3454.contig1139	382	0	0
D3454.contig1140	382	0	0
D3454.contig1141	382	0	0
D3454.contig1142	381	0	0
D3454.contig1143	381	0	0
D3454.contig1144	381	0	0
D3454.contig1145	381	0	0
D3454.contig1146	381	0	0
D3454.contig1147	380	0	0
D3454.contig1148	380	0	0
D3454.contig1149	380	0	0
D3454.contig1150	380	0	0
D3454.contig1151	380	0	0
D3454.contig1152	379	0	0
D3454.contig1153	379	0	0
D3454.contig1154	379	0	0
D3454.contig1155	379	0	0
D3454.contig1156	379	0	0
D3454.contig1157	378	0	0
D3454.contig1158	378	0	0
D3454.contig1159	378	0	0
D3454.contig1160	378	0	0
D3454.contig1161	377	0	0
D3454.contig1162	377	0	0
D3454.contig1163	377	0	0
D3454.contig1164	377	0	0
D3454.contig1165	377	0	0
D3454.contig1166	376	0	0
D3454.contig1167	376	0	0
D3454.contig1168	376	0	0
D3454.contig1169	376	0	0
D3454.contig1170	375	0	0
D3454.contig1171	375	0	0
D3454.contig1172	375	0	0
D3454.contig1173	375	0	0
D3454.contig1174	375	0	0
D3454.contig1175	374	0	0
D3454.contig1176	374	0	0
D3454.contig1177	374	0	0
D3454.contig1178	373	0	0
D3454.contig1179	373	0	0
D3454.contig1180	373	0	0
D3454.contig1181	373	0	0
D3454.contig1182	372	0	0
D3454.contig1183	372	0	0
D3454.contig1184	372	0	0
D3454.contig1185	372	0	0
D3454.contig1186	372	0	0
D3454.contig1187	372	0	0
D3454.contig1188	372	0	0
D3454.contig1189	372	0	0
D3454.contig1190	371	0	0
D3454.contig1191	371	0	0
D3454.contig1192	371	0	0
D3454.contig1193	370	0	0
D3454.contig1194	370	0	0
D3454.contig1195	370	0	0
D3454.contig1196	369	0	0
D3454.contig1197	369	0	0
D3454.contig1198	369	0	0
D3454.contig1199	369	0	0
D3454.contig1200	369	0	0
D3454.contig1201	369	0	0
D3454.contig1202	369	0	0
D3454.contig1203	369	0	0
D3454.contig1204	368	0	0
D3454.contig1205	368	0	0
D3454.contig1206	368	0	0
D3454.contig1207	368	0	0
D3454.contig1208	368	0	0
D3454.contig1209	368	0	0
D3454.contig1210	368	0	0
D3454.contig1211	367	0	0
D3454.contig1212	367	0	0
D3454.contig1213	367	0	0
D3454.contig1214	367	0	0
D3454.contig1215	367	0	0
D3454.contig1216	367	0	0
D3454.contig1217	367	0	0
D3454.contig1218	366	0	0
D3454.contig1219	366	0	0
D3454.contig1220	366	0	0
D3454.contig1221	365	0	0
D3454.contig1222	365	0	0
D3454.contig1223	365	0	0
D3454.contig1224	365	0	0
D3454.contig1225	364	0	0
D3454.contig1226	363	0	0
D3454.contig1227	363	0	0
D3454.contig1228	363	0	0
D3454.contig1229	363	0	0
D3454.contig1230	363	0	0
D3454.contig1231	363	0	0
D3454.contig1232	363	0	0
D3454.contig1233	363	0	0
D3454.contig1234	363	0	0
D3454.contig1235	362	0	0
D3454.contig1236	362	0	0
D3454.contig1237	362	0	0
D3454.contig1238	362	0	0
D3454.contig1239	362	0	0
D3454.contig1240	362	0	0
D3454.contig1241	361	0	0
D3454.contig1242	360	0	0
D3454.contig1243	360	0	0
D3454.contig1244	360	0	0
D3454.contig1245	360	0	0
D3454.contig1246	360	0	0
D3454.contig1247	360	0	0
D3454.contig1248	360	0	0
D3454.contig1249	360	0	0
D3454.contig1250	360	1010413	766220
D3454.contig1251	360	0	0
D3454.contig1252	359	0	0
D3454.contig1253	359	0	0
D3454.contig1254	359	0	0
D3454.contig1255	359	0	0
D3454.contig1256	359	0	0
D3454.contig1257	358	0	0
D3454.contig1258	358	0	0
D3454.contig1259	358	0	0
D3454.contig1260	358	0	0
D3454.contig1261	358	0	0
D3454.contig1262	357	0	0
D3454.contig1263	357	0	0
D3454.contig1264	357	0	0
D3454.contig1265	357	0	0
D3454.contig1266	357	0	0
D3454.contig1267	357	0	0
D3454.contig1268	356	0	0
D3454.contig1269	356	0	0
D3454.contig1270	355	0	0
D3454.contig1271	355	0	0
D3454.contig1272	355	0	0
D3454.contig1273	355	0	0
D3454.contig1274	355	0	0
D3454.contig1275	355	0	0
D3454.contig1276	355	0	0
D3454.contig1277	354	0	0
D3454.contig1278	354	0	0
D3454.contig1279	354	0	0
D3454.contig1280	353	0	0
D3454.contig1281	353	0	0
D3454.contig1282	353	0	0
D3454.contig1283	353	0	0
D3454.contig1284	353	0	0
D3454.contig1285	352	0	0
D3454.contig1286	352	0	0
D3454.contig1287	352	0	0
D3454.contig1288	352	0	0
D3454.contig1289	352	0	0
D3454.contig1290	351	0	0
D3454.contig1291	351	0	0
D3454.contig1292	351	0	0
D3454.contig1293	351	0	0
D3454.contig1294	351	0	0
D3454.contig1295	351	0	0
D3454.contig1296	350	0	0
D3454.contig1297	350	0	0
D3454.contig1298	350	0	0
D3454.contig1299	349	0	0
D3454.contig1300	349	0	0
D3454.contig1301	349	0	0
D3454.contig1302	348	0	0
D3454.contig1303	348	0	0
D3454.contig1304	348	0	0
D3454.contig1305	348	0	0
D3454.contig1306	348	0	0
D3454.contig1307	348	0	0
D3454.contig1308	348	0	0
D3454.contig1309	347	0	0
D3454.contig1310	347	0	0
D3454.contig1311	347	0	0
D3454.contig1312	347	0	0
D3454.contig1313	347	0	0
D3454.contig1314	347	0	0
D3454.contig1315	346	0	0
D3454.contig1316	346	0	0
D3454.contig1317	346	0	0
D3454.contig1318	346	0	0
D3454.contig1319	345	0	0
D3454.contig1320	345	0	0
D3454.contig1321	345	0	0
D3454.contig1322	345	0	0
D3454.contig1323	345	0	0
D3454.contig1324	345	0	0
D3454.contig1325	344	0	0
D3454.contig1326	344	0	0
D3454.contig1327	344	0	0
D3454.contig1328	344	0	0
D3454.contig1329	343	0	0
D3454.contig1330	343	0	0
D3454.contig1331	343	0	0
D3454.contig1332	343	0	0
D3454.contig1333	343	0	0
D3454.contig1334	343	0	0
D3454.contig1335	343	3614	3169
D3454.contig1336	343	0	0
D3454.contig1337	343	0	0
D3454.contig1338	343	0	0
D3454.contig1339	343	0	0
D3454.contig1340	342	0	0
D3454.contig1341	342	0	0
D3454.contig1342	342	0	0
D3454.contig1343	341	0	0
D3454.contig1344	341	0	0
D3454.contig1345	341	0	0
D3454.contig1346	341	0	0
D3454.contig1347	341	0	0
D3454.contig1348	341	0	0
D3454.contig1349	341	0	0
D3454.contig1350	341	0	0
D3454.contig1351	341	0	0
D3454.contig1352	341	0	0
D3454.contig1353	341	0	0
D3454.contig1354	341	0	0
D3454.contig1355	340	0	0
D3454.contig1356	340	0	0
D3454.contig1357	339	0	0
D3454.contig1358	338	0	0
D3454.contig1359	338	0	0
D3454.contig1360	338	0	0
D3454.contig1361	338	0	0
D3454.contig1362	338	0	0
D3454.contig1363	338	0	0
D3454.contig1364	338	0	0
D3454.contig1365	338	0	0
D3454.contig1366	338	0	0
D3454.contig1367	337	0	0
D3454.contig1368	337	0	0
D3454.contig1369	337	0	0
D3454.contig1370	337	0	0
D3454.contig1371	337	0	0
D3454.contig1372	336	0	0
D3454.contig1373	336	0	0
D3454.contig1374	336	0	0
D3454.contig1375	335	0	0
D3454.contig1376	335	3	3
D3454.contig1377	335	0	0
D3454.contig1378	335	0	0
D3454.contig1379	335	0	0
D3454.contig1380	335	0	0
D3454.contig1381	334	0	0
D3454.contig1382	334	0	0
D3454.contig1383	334	0	0
D3454.contig1384	333	0	0
D3454.contig1385	333	0	0
D3454.contig1386	333	0	0
D3454.contig1387	333	0	0
D3454.contig1388	332	0	0
D3454.contig1389	332	0	0
D3454.contig1390	332	0	0
D3454.contig1391	331	0	0
D3454.contig1392	331	0	0
D3454.contig1393	331	0	0
D3454.contig1394	331	0	0
D3454.contig1395	331	0	0
D3454.contig1396	330	0	0
D3454.contig1397	330	0	0
D3454.contig1398	330	0	0
D3454.contig1399	330	0	0
D3454.contig1400	330	0	0
D3454.contig1401	330	0	0
D3454.contig1402	330	0	0
D3454.contig1403	330	0	0
D3454.contig1404	329	0	0
D3454.contig1405	329	0	0
D3454.contig1406	329	0	0
D3454.contig1407	329	0	0
D3454.contig1408	329	0	0
D3454.contig1409	329	0	0
D3454.contig1410	328	0	0
D3454.contig1411	328	0	0
D3454.contig1412	328	0	0
D3454.contig1413	328	0	0
D3454.contig1414	328	0	0
D3454.contig1415	328	0	0
D3454.contig1416	327	9	5
D3454.contig1417	327	0	0
D3454.contig1418	327	0	0
D3454.contig1419	327	0	0
D3454.contig1420	327	0	0
D3454.contig1421	327	0	0
D3454.contig1422	327	0	0
D3454.contig1423	327	0	0
D3454.contig1424	327	0	0
D3454.contig1425	326	0	0
D3454.contig1426	326	0	0
D3454.contig1427	326	0	0
D3454.contig1428	326	0	0
D3454.contig1429	326	0	0
D3454.contig1430	326	0	0
D3454.contig1431	325	0	0
D3454.contig1432	325	0	0
D3454.contig1433	325	0	0
D3454.contig1434	325	0	0
D3454.contig1435	325	0	0
D3454.contig1436	325	0	0
D3454.contig1437	325	0	0
D3454.contig1438	325	0	0
D3454.contig1439	324	0	0
D3454.contig1440	324	0	0
D3454.contig1441	324	0	0
D3454.contig1442	324	0	0
D3454.contig1443	324	0	0
D3454.contig1444	324	0	0
D3454.contig1445	324	0	0
D3454.contig1446	324	0	0
D3454.contig1447	323	0	0
D3454.contig1448	323	0	0
D3454.contig1449	323	0	0
D3454.contig1450	323	0	0
D3454.contig1451	323	0	0
D3454.contig1452	322	0	0
D3454.contig1453	322	0	0
D3454.contig1454	322	0	0
D3454.contig1455	322	0	0
D3454.contig1456	321	0	0
D3454.contig1457	321	0	0
D3454.contig1458	321	0	0
D3454.contig1459	321	0	0
D3454.contig1460	321	0	0
D3454.contig1461	320	0	0
D3454.contig1462	320	0	0
D3454.contig1463	320	0	0
D3454.contig1464	320	0	0
D3454.contig1465	320	0	0
D3454.contig1466	320	0	0
D3454.contig1467	320	0	0
D3454.contig1468	320	0	0
D3454.contig1469	320	0	0
D3454.contig1470	319	0	0
D3454.contig1471	319	0	0
D3454.contig1472	319	0	0
D3454.contig1473	319	0	0
D3454.contig1474	319	0	0
D3454.contig1475	319	0	0
D3454.contig1476	319	0	0
D3454.contig1477	319	0	0
D3454.contig1478	319	0	0
D3454.contig1479	318	0	0
D3454.contig1480	318	0	0
D3454.contig1481	318	0	0
D3454.contig1482	318	0	0
D3454.contig1483	317	0	0
D3454.contig1484	317	0	0
D3454.contig1485	317	0	0
D3454.contig1486	317	0	0
D3454.contig1487	317	0	0
D3454.contig1488	317	0	0
D3454.contig1489	317	0	0
D3454.contig1490	317	0	0
D3454.contig1491	317	0	0
D3454.contig1492	316	0	0
D3454.contig1493	316	0	0
D3454.contig1494	316	0	0
D3454.contig1495	316	0	0
D3454.contig1496	316	0	0
D3454.contig1497	316	0	0
D3454.contig1498	316	0	0
D3454.contig1499	315	0	0
D3454.contig1500	315	0	0
D3454.contig1501	315	0	0
D3454.contig1502	315	0	0
D3454.contig1503	315	0	0
D3454.contig1504	315	0	0
D3454.contig1505	315	0	0
D3454.contig1506	315	0	0
D3454.contig1507	315	0	0
D3454.contig1508	315	0	0
D3454.contig1509	315	0	0
D3454.contig1510	315	0	0
D3454.contig1511	315	0	0
D3454.contig1512	315	0	0
D3454.contig1513	314	0	0
D3454.contig1514	314	0	0
D3454.contig1515	314	0	0
D3454.contig1516	314	0	0
D3454.contig1517	314	0	0
D3454.contig1518	314	0	0
D3454.contig1519	314	0	0
D3454.contig1520	313	0	0
D3454.contig1521	313	0	0
D3454.contig1522	313	0	0
D3454.contig1523	313	0	0
D3454.contig1524	313	0	0
D3454.contig1525	313	0	0
D3454.contig1526	313	0	0
D3454.contig1527	313	0	0
D3454.contig1528	312	0	0
D3454.contig1529	312	0	0
D3454.contig1530	311	0	0
D3454.contig1531	311	0	0
D3454.contig1532	311	0	0
D3454.contig1533	311	0	0
D3454.contig1534	311	0	0
D3454.contig1535	311	0	0
D3454.contig1536	311	35	19
D3454.contig1537	311	0	0
D3454.contig1538	311	0	0
D3454.contig1539	311	0	0
D3454.contig1540	310	0	0
D3454.contig1541	310	0	0
D3454.contig1542	310	0	0
D3454.contig1543	310	0	0
D3454.contig1544	310	0	0
D3454.contig1545	310	0	0
D3454.contig1546	310	0	0
D3454.contig1547	310	0	0
D3454.contig1548	309	0	0
D3454.contig1549	309	0	0
D3454.contig1550	309	0	0
D3454.contig1551	309	0	0
D3454.contig1552	309	0	0
D3454.contig1553	309	0	0
D3454.contig1554	309	0	0
D3454.contig1555	309	0	0
D3454.contig1556	309	0	0
D3454.contig1557	309	0	0
D3454.contig1558	309	0	0
D3454.contig1559	309	0	0
D3454.contig1560	309	0	0
D3454.contig1561	309	0	0
D3454.contig1562	309	0	0
D3454.contig1563	308	0	0
D3454.contig1564	308	0	0
D3454.contig1565	307	0	0
D3454.contig1566	307	0	0
D3454.contig1567	307	0	0
D3454.contig1568	307	0	0
D3454.contig1569	307	0	0
D3454.contig1570	306	0	0
D3454.contig1571	306	0	0
D3454.contig1572	306	0	0
D3454.contig1573	306	0	0
D3454.contig1574	306	0	0
D3454.contig1575	306	0	0
D3454.contig1576	306	0	0
D3454.contig1577	306	0	0
D3454.contig1578	306	0	0
D3454.contig1579	305	0	0
D3454.contig1580	305	0	0
D3454.contig1581	305	0	0
D3454.contig1582	305	0	0
D3454.contig1583	305	0	0
D3454.contig1584	305	0	0
D3454.contig1585	305	0	0
D3454.contig1586	305	0	0
D3454.contig1587	305	0	0
D3454.contig1588	305	0	0
D3454.contig1589	305	0	0
D3454.contig1590	305	0	0
D3454.contig1591	304	0	0
D3454.contig1592	304	0	0
D3454.contig1593	304	0	0
D3454.contig1594	304	0	0
D3454.contig1595	304	0	0
D3454.contig1596	304	0	0
D3454.contig1597	304	0	0
D3454.contig1598	304	0	0
D3454.contig1599	304	0	0
D3454.contig1600	304	0	0
D3454.contig1601	304	0	0
D3454.contig1602	304	0	0
D3454.contig1603	304	0	0
D3454.contig1604	303	0	0
D3454.contig1605	303	0	0
D3454.contig1606	303	0	0
D3454.contig1607	303	0	0
D3454.contig1608	303	0	0
D3454.contig1609	303	0	0
D3454.contig1610	303	0	0
D3454.contig1611	303	0	0
D3454.contig1612	303	0	0
D3454.contig1613	303	0	0
D3454.contig1614	303	0	0
D3454.contig1615	303	0	0
D3454.contig1616	303	0	0
D3454.contig1617	303	0	0
D3454.contig1618	303	0	0
D3454.contig1619	303	0	0
D3454.contig1620	303	0	0
D3454.contig1621	302	0	0
D3454.contig1622	302	0	0
D3454.contig1623	302	0	0
D3454.contig1624	302	0	0
D3454.contig1625	302	0	0
D3454.contig1626	302	0	0
D3454.contig1627	302	0	0
D3454.contig1628	301	0	0
D3454.contig1629	301	0	0
D3454.contig1630	301	0	0
D3454.contig1631	301	0	0
D3454.contig1632	301	0	0
D3454.contig1633	301	0	0
D3454.contig1634	301	0	0
D3454.contig1635	300	0	0
D3454.contig1636	300	0	0
D3454.contig1637	300	0	0
D3454.contig1638	300	0	0
D3454.contig1639	300	0	0
D3454.contig1640	300	0	0
*	0	0	98564190
