D3890.contig1	48523	272712	3709
D3890.contig2	46298	47415	463
D3890.contig3	36370	68131	1289
D3890.contig4	34619	28610	295
D3890.contig5	32257	54691	1288
D3890.contig6	31749	264933	2557
D3890.contig7	28870	254592	2629
D3890.contig8	27183	73251	812
D3890.contig9	24851	81364	1235
D3890.contig10	23768	169078	2021
D3890.contig11	23621	11425	112
D3890.contig12	22932	9447	150
D3890.contig13	22070	10573	73
D3890.contig14	21205	11154	213
D3890.contig15	20422	6814	104
D3890.contig16	19453	47744	771
D3890.contig17	19147	12622	156
D3890.contig18	18352	15373	152
D3890.contig19	18079	13831	146
D3890.contig20	17546	66960	551
D3890.contig21	16727	18726	231
D3890.contig22	16536	5559	171
D3890.contig23	15874	33006	356
D3890.contig24	15664	10606	208
D3890.contig25	15178	41339	638
D3890.contig26	14518	5238	71
D3890.contig27	12485	100775	1820
D3890.contig28	12341	2654	44
D3890.contig29	12030	2721	35
D3890.contig30	11881	41075	768
D3890.contig31	11787	3758	99
D3890.contig32	11753	12064	168
D3890.contig33	11753	5599	75
D3890.contig34	11689	3315	51
D3890.contig35	10970	21769	264
D3890.contig36	10824	22668	244
D3890.contig37	10135	2379	45
D3890.contig38	10110	2017	41
D3890.contig39	9985	5344	70
D3890.contig40	9969	7140	164
D3890.contig41	9856	7365	89
D3890.contig42	9812	5463	108
D3890.contig43	9105	9656	207
D3890.contig44	9056	16021	172
D3890.contig45	8391	28467	381
D3890.contig46	8380	47990	477
D3890.contig47	8223	1992	46
D3890.contig48	7939	4352	69
D3890.contig49	7515	767	16
D3890.contig50	7416	29586	588
D3890.contig51	7294	1477	23
D3890.contig52	7283	1440	42
D3890.contig53	6872	1026	18
D3890.contig54	6446	2943	60
D3890.contig55	6287	29665	477
D3890.contig56	6185	871	18
D3890.contig57	6051	3045	54
D3890.contig58	5922	12187	226
D3890.contig59	5911	859	21
D3890.contig60	5857	1080	18
D3890.contig61	5832	1082	16
D3890.contig62	5688	3472	81
D3890.contig63	5635	23591	315
D3890.contig64	5602	1267	13
D3890.contig65	5548	3408	41
D3890.contig66	5547	1072	24
D3890.contig67	5516	1688	34
D3890.contig68	5465	1477	21
D3890.contig69	5452	2934	41
D3890.contig70	5383	882	13
D3890.contig71	5370	11476	212
D3890.contig72	5294	711	40
D3890.contig73	5287	658	17
D3890.contig74	5174	989	51
D3890.contig75	5105	1325	20
D3890.contig76	5066	1566	16
D3890.contig77	5042	19703	203
D3890.contig78	5038	8127	143
D3890.contig79	4906	478	13
D3890.contig80	4835	575	7
D3890.contig81	4579	789	14
D3890.contig82	4558	2284	19
D3890.contig83	4477	1704	28
D3890.contig84	4435	1369	46
D3890.contig85	4393	659	18
D3890.contig86	4348	344	15
D3890.contig87	4241	325	16
D3890.contig88	4229	516	19
D3890.contig89	4013	564	14
D3890.contig90	3994	418	9
D3890.contig91	3938	1281	24
D3890.contig92	3892	563	16
D3890.contig93	3876	341	13
D3890.contig94	3860	428	24
D3890.contig95	3757	724	13
D3890.contig96	3743	525	20
D3890.contig97	3724	351	9
D3890.contig98	3720	338	17
D3890.contig99	3661	418	6
D3890.contig100	3619	375	10
D3890.contig101	3586	286	9
D3890.contig102	3569	587	11
D3890.contig103	3547	274	16
D3890.contig104	3498	555	8
D3890.contig105	3448	346	16
D3890.contig106	3406	333	12
D3890.contig107	3333	313	15
D3890.contig108	3249	883	44
D3890.contig109	3199	250	12
D3890.contig110	3193	7733	143
D3890.contig111	3152	420	3
D3890.contig112	3110	347	11
D3890.contig113	3067	524	5
D3890.contig114	3035	209	20
D3890.contig115	3001	233	14
D3890.contig116	2994	571	9
D3890.contig117	2973	436	21
D3890.contig118	2944	745	19
D3890.contig119	2888	277	21
D3890.contig120	2878	494	14
D3890.contig121	2838	4432	76
D3890.contig122	2820	650	25
D3890.contig123	2786	290	9
D3890.contig124	2783	671	22
D3890.contig125	2765	280	17
D3890.contig126	2752	217	4
D3890.contig127	2737	280	16
D3890.contig128	2733	1006	10
D3890.contig129	2728	2371	78
D3890.contig130	2697	264	10
D3890.contig131	2667	871	9
D3890.contig132	2666	219	14
D3890.contig133	2618	770	24
D3890.contig134	2604	226	7
D3890.contig135	2577	257	6
D3890.contig136	2566	260	25
D3890.contig137	2553	1556	18
D3890.contig138	2486	2038	44
D3890.contig139	2479	599	7
D3890.contig140	2462	910	23
D3890.contig141	2439	111	3
D3890.contig142	2396	270	10
D3890.contig143	2379	179	6
D3890.contig144	2379	393	18
D3890.contig145	2354	272	14
D3890.contig146	2289	169	11
D3890.contig147	2275	245	7
D3890.contig148	2193	225	10
D3890.contig149	2167	224	12
D3890.contig150	2154	168	9
D3890.contig151	2152	280	11
D3890.contig152	2135	166	9
D3890.contig153	2124	221	8
D3890.contig154	2097	309	4
D3890.contig155	2086	425	9
D3890.contig156	2067	147	13
D3890.contig157	2046	127	11
D3890.contig158	2044	161	7
D3890.contig159	1993	151	12
D3890.contig160	1984	318	8
D3890.contig161	1969	237	1
D3890.contig162	1933	878	14
D3890.contig163	1927	156	10
D3890.contig164	1906	1246	91
D3890.contig165	1895	153	2
D3890.contig166	1877	277	8
D3890.contig167	1871	1097	30
D3890.contig168	1866	138	6
D3890.contig169	1862	204	22
D3890.contig170	1858	588	17
D3890.contig171	1811	122	18
D3890.contig172	1799	195	4
D3890.contig173	1727	225	9
D3890.contig174	1712	167	6
D3890.contig175	1712	160	5
D3890.contig176	1692	131	7
D3890.contig177	1691	97	8
D3890.contig178	1678	445	7
D3890.contig179	1661	1290	27
D3890.contig180	1634	120	6
D3890.contig181	1634	112	9
D3890.contig182	1621	133	9
D3890.contig183	1621	150	9
D3890.contig184	1575	115	6
D3890.contig185	1571	150	7
D3890.contig186	1571	105	11
D3890.contig187	1567	130	3
D3890.contig188	1526	1145	30
D3890.contig189	1482	474	10
D3890.contig190	1476	78	4
D3890.contig191	1461	78	8
D3890.contig192	1461	72	5
D3890.contig193	1455	122	5
D3890.contig194	1423	790	13
D3890.contig195	1419	14450	197
D3890.contig196	1411	64	3
D3890.contig197	1406	163	8
D3890.contig198	1405	78	7
D3890.contig199	1405	80	6
D3890.contig200	1404	245	14
D3890.contig201	1398	141	10
D3890.contig202	1377	189	5
D3890.contig203	1368	139	10
D3890.contig204	1367	47	7
D3890.contig205	1365	251	15
D3890.contig206	1364	85	11
D3890.contig207	1358	186	3
D3890.contig208	1352	86	2
D3890.contig209	1352	105	5
D3890.contig210	1332	90	20
D3890.contig211	1324	115	4
D3890.contig212	1316	109	8
D3890.contig213	1312	87	9
D3890.contig214	1311	596	17
D3890.contig215	1298	186	1
D3890.contig216	1291	61	9
D3890.contig217	1283	99	16
D3890.contig218	1279	60	6
D3890.contig219	1273	99	9
D3890.contig220	1271	83	3
D3890.contig221	1268	146	12
D3890.contig222	1255	546	9
D3890.contig223	1244	88	8
D3890.contig224	1230	130	8
D3890.contig225	1230	71	8
D3890.contig226	1224	98	7
D3890.contig227	1200	76	9
D3890.contig228	1194	64	7
D3890.contig229	1192	84	12
D3890.contig230	1174	70	16
D3890.contig231	1152	76	3
D3890.contig232	1132	68	3
D3890.contig233	1122	222	5
D3890.contig234	1117	105	13
D3890.contig235	1109	87	13
D3890.contig236	1107	152	10
D3890.contig237	1101	100	6
D3890.contig238	1093	75	9
D3890.contig239	1089	86	5
D3890.contig240	1087	112	9
D3890.contig241	1085	49	9
D3890.contig242	1072	196	5
D3890.contig243	1071	152	10
D3890.contig244	1069	497	15
D3890.contig245	1068	127	4
D3890.contig246	1061	70	9
D3890.contig247	1059	1331	43
D3890.contig248	1056	51	1
D3890.contig249	1056	156	11
D3890.contig250	1054	74	6
D3890.contig251	1049	89	16
D3890.contig252	1036	84	10
D3890.contig253	1030	770	9
D3890.contig254	1015	50	4
D3890.contig255	1012	54	7
D3890.contig256	1011	73	8
D3890.contig257	1007	61	5
D3890.contig258	996	121	5
D3890.contig259	996	66	8
D3890.contig260	984	190	6
D3890.contig261	984	83	6
D3890.contig262	981	45	11
D3890.contig263	978	36	4
D3890.contig264	953	61	6
D3890.contig265	944	70	6
D3890.contig266	943	69	5
D3890.contig267	935	49	6
D3890.contig268	931	56	8
D3890.contig269	930	61	4
D3890.contig270	927	63	9
D3890.contig271	925	44	12
D3890.contig272	922	40	8
D3890.contig273	916	76	5
D3890.contig274	914	514	20
D3890.contig275	906	59	5
D3890.contig276	906	83	7
D3890.contig277	903	87	12
D3890.contig278	902	50	11
D3890.contig279	896	27	13
D3890.contig280	896	48	8
D3890.contig281	894	69	9
D3890.contig282	893	60	7
D3890.contig283	888	28	10
D3890.contig284	885	92	6
D3890.contig285	881	188	12
D3890.contig286	872	78	8
D3890.contig287	864	36	8
D3890.contig288	853	37	5
D3890.contig289	851	161	4
D3890.contig290	849	64	10
D3890.contig291	848	34	6
D3890.contig292	845	413	36
D3890.contig293	840	164	23
D3890.contig294	839	222	7
D3890.contig295	831	31	6
D3890.contig296	830	37	8
D3890.contig297	830	44	4
D3890.contig298	830	76	4
D3890.contig299	830	72	5
D3890.contig300	827	31	8
D3890.contig301	826	54	8
D3890.contig302	825	38	3
D3890.contig303	822	94	9
D3890.contig304	821	37	12
D3890.contig305	817	72	6
D3890.contig306	815	127	1
D3890.contig307	813	32	4
D3890.contig308	811	51	3
D3890.contig309	807	39	12
D3890.contig310	805	1236	25
D3890.contig311	804	74	8
D3890.contig312	804	48	4
D3890.contig313	803	33	9
D3890.contig314	800	33	3
D3890.contig315	795	69	7
D3890.contig316	792	170	13
D3890.contig317	784	38	7
D3890.contig318	783	26	7
D3890.contig319	782	50	5
D3890.contig320	781	124	5
D3890.contig321	776	31	22
D3890.contig322	772	32	5
D3890.contig323	771	52	7
D3890.contig324	770	44	8
D3890.contig325	770	26	6
D3890.contig326	768	34	4
D3890.contig327	764	34	4
D3890.contig328	755	39	6
D3890.contig329	753	81	15
D3890.contig330	753	43	3
D3890.contig331	749	56	8
D3890.contig332	746	83	13
D3890.contig333	746	72	3
D3890.contig334	740	57	14
D3890.contig335	737	45	8
D3890.contig336	737	58	6
D3890.contig337	735	44	8
D3890.contig338	734	47	10
D3890.contig339	731	45	8
D3890.contig340	731	42	4
D3890.contig341	722	67	8
D3890.contig342	721	32	3
D3890.contig343	712	252	13
D3890.contig344	711	347	4
D3890.contig345	710	1094	120
D3890.contig346	710	107	4
D3890.contig347	708	130	5
D3890.contig348	707	476	24
D3890.contig349	705	54	6
D3890.contig350	705	44	8
D3890.contig351	704	47	2
D3890.contig352	702	15	7
D3890.contig353	701	142	2
D3890.contig354	701	19	5
D3890.contig355	700	30	4
D3890.contig356	700	32	9
D3890.contig357	699	29	7
D3890.contig358	695	30	8
D3890.contig359	690	73	1
D3890.contig360	685	39	6
D3890.contig361	683	20	10
D3890.contig362	681	24	10
D3890.contig363	681	54	9
D3890.contig364	680	31	10
D3890.contig365	678	46	1
D3890.contig366	678	34	6
D3890.contig367	678	26	2
D3890.contig368	676	30	6
D3890.contig369	667	57	4
D3890.contig370	666	46	12
D3890.contig371	666	29	8
D3890.contig372	663	50	6
D3890.contig373	655	34	3
D3890.contig374	651	28	4
D3890.contig375	649	44	11
D3890.contig376	644	24	5
D3890.contig377	642	28	12
D3890.contig378	640	54	0
D3890.contig379	638	55	2
D3890.contig380	637	112	11
D3890.contig381	635	44	7
D3890.contig382	628	38	5
D3890.contig383	626	29	6
D3890.contig384	626	28	6
D3890.contig385	623	26	3
D3890.contig386	623	17	11
D3890.contig387	622	50	5
D3890.contig388	621	36	6
D3890.contig389	619	38	5
D3890.contig390	618	45	8
D3890.contig391	617	42	12
D3890.contig392	617	20	6
D3890.contig393	616	31	2
D3890.contig394	615	49	6
D3890.contig395	612	28	2
D3890.contig396	605	16	6
D3890.contig397	605	416	8
D3890.contig398	603	46	3
D3890.contig399	602	23	5
D3890.contig400	601	23	4
D3890.contig401	600	37	2
D3890.contig402	598	27	4
D3890.contig403	597	30	7
D3890.contig404	595	80	6
D3890.contig405	594	34	10
D3890.contig406	593	29	6
D3890.contig407	591	41	7
D3890.contig408	589	24	8
D3890.contig409	588	59	3
D3890.contig410	583	32	4
D3890.contig411	581	22	3
D3890.contig412	580	20	4
D3890.contig413	576	89	2
D3890.contig414	573	287	2
D3890.contig415	573	26	4
D3890.contig416	572	80	9
D3890.contig417	566	37	9
D3890.contig418	565	11	7
D3890.contig419	560	26	4
D3890.contig420	558	6	0
D3890.contig421	558	19	3
D3890.contig422	554	20	4
D3890.contig423	553	31	4
D3890.contig424	551	40	1
D3890.contig425	551	32	12
D3890.contig426	544	11	5
D3890.contig427	544	201	11
D3890.contig428	543	21	5
D3890.contig429	541	33	11
D3890.contig430	540	21	9
D3890.contig431	536	37	10
D3890.contig432	536	19	1
D3890.contig433	536	37	3
D3890.contig434	532	28	2
D3890.contig435	532	37	2
D3890.contig436	532	28	11
D3890.contig437	529	27	3
D3890.contig438	525	17	9
D3890.contig439	524	35	5
D3890.contig440	523	19	1
D3890.contig441	521	17	5
D3890.contig442	520	12	8
D3890.contig443	519	17	7
D3890.contig444	515	19	7
D3890.contig445	514	34	6
D3890.contig446	512	174	13
D3890.contig447	511	138	6
D3890.contig448	510	21	6
D3890.contig449	509	24	3
D3890.contig450	508	37	8
D3890.contig451	507	24	10
D3890.contig452	506	14	6
D3890.contig453	505	167	23
D3890.contig454	503	25	6
D3890.contig455	501	29	7
D3890.contig456	498	23	3
D3890.contig457	496	20	7
D3890.contig458	496	33	7
D3890.contig459	493	16	4
D3890.contig460	493	21	3
D3890.contig461	492	10	5
D3890.contig462	491	55	4
D3890.contig463	490	19	11
D3890.contig464	490	13	8
D3890.contig465	489	34	4
D3890.contig466	489	17	9
D3890.contig467	488	10	6
D3890.contig468	484	22	6
D3890.contig469	481	24	1
D3890.contig470	481	33	7
D3890.contig471	478	53	9
D3890.contig472	477	23	7
D3890.contig473	475	8	0
D3890.contig474	474	16	6
D3890.contig475	474	19	3
D3890.contig476	473	22	10
D3890.contig477	473	24	2
D3890.contig478	470	19	3
D3890.contig479	469	28	9
D3890.contig480	469	30	11
D3890.contig481	468	17	6
D3890.contig482	467	19	11
D3890.contig483	467	19	4
D3890.contig484	464	31	10
D3890.contig485	463	17	7
D3890.contig486	463	22	5
D3890.contig487	462	21	5
D3890.contig488	460	26	8
D3890.contig489	456	400	5
D3890.contig490	456	18	9
D3890.contig491	456	15	7
D3890.contig492	455	18	6
D3890.contig493	454	18	4
D3890.contig494	454	11	5
D3890.contig495	453	20	5
D3890.contig496	453	11	7
D3890.contig497	450	13	6
D3890.contig498	447	24	9
D3890.contig499	444	18	2
D3890.contig500	444	26	1
D3890.contig501	441	15	5
D3890.contig502	440	14	3
D3890.contig503	439	14	8
D3890.contig504	438	31	6
D3890.contig505	438	16	2
D3890.contig506	438	10	2
D3890.contig507	433	9	3
D3890.contig508	433	58	5
D3890.contig509	431	24	10
D3890.contig510	430	6	2
D3890.contig511	430	38	4
D3890.contig512	429	12	1
D3890.contig513	427	11	5
D3890.contig514	427	6	3
D3890.contig515	426	14	6
D3890.contig516	424	84	5
D3890.contig517	423	17	1
D3890.contig518	422	16	9
D3890.contig519	421	18	6
D3890.contig520	420	4	0
D3890.contig521	419	14	7
D3890.contig522	418	25	9
D3890.contig523	418	18	7
D3890.contig524	415	8	4
D3890.contig525	414	17	5
D3890.contig526	412	31	4
D3890.contig527	411	10	6
D3890.contig528	410	25	2
D3890.contig529	409	23	20
D3890.contig530	409	13	9
D3890.contig531	409	18	4
D3890.contig532	409	19	4
D3890.contig533	408	97	0
D3890.contig534	408	17	5
D3890.contig535	408	13	8
D3890.contig536	407	22	6
D3890.contig537	404	12	5
D3890.contig538	403	6	4
D3890.contig539	403	13	9
D3890.contig540	401	18	4
D3890.contig541	400	13	9
D3890.contig542	400	12	6
D3890.contig543	400	17	4
D3890.contig544	400	20	8
D3890.contig545	399	16	6
D3890.contig546	397	21	4
D3890.contig547	397	8	6
D3890.contig548	397	20	10
D3890.contig549	396	16	10
D3890.contig550	395	6	4
D3890.contig551	394	12	2
D3890.contig552	393	16	8
D3890.contig553	392	19	6
D3890.contig554	392	11	3
D3890.contig555	392	18	9
D3890.contig556	391	21	2
D3890.contig557	391	18	6
D3890.contig558	390	14	4
D3890.contig559	390	13	11
D3890.contig560	390	15	9
D3890.contig561	389	4	0
D3890.contig562	389	7	3
D3890.contig563	388	13	7
D3890.contig564	385	13	5
D3890.contig565	385	12	5
D3890.contig566	384	22	4
D3890.contig567	383	9	3
D3890.contig568	383	12	10
D3890.contig569	383	14	7
D3890.contig570	382	11	2
D3890.contig571	382	8	8
D3890.contig572	382	20	2
D3890.contig573	382	2	0
D3890.contig574	381	20	4
D3890.contig575	380	7	5
D3890.contig576	379	11	4
D3890.contig577	379	12	8
D3890.contig578	379	14	4
D3890.contig579	377	24	0
D3890.contig580	377	12	4
D3890.contig581	377	12	5
D3890.contig582	376	15	4
D3890.contig583	376	18	4
D3890.contig584	375	12	4
D3890.contig585	375	17	8
D3890.contig586	375	36	2
D3890.contig587	374	12	8
D3890.contig588	372	8	5
D3890.contig589	372	35	1
D3890.contig590	372	9	5
D3890.contig591	371	8	6
D3890.contig592	371	5	3
D3890.contig593	370	17	6
D3890.contig594	370	15	7
D3890.contig595	369	14	4
D3890.contig596	368	163	21
D3890.contig597	368	30	3
D3890.contig598	368	12	4
D3890.contig599	366	174	31
D3890.contig600	366	11	5
D3890.contig601	366	11	7
D3890.contig602	366	16	8
D3890.contig603	365	12	1
D3890.contig604	365	6	0
D3890.contig605	364	10	5
D3890.contig606	364	7	7
D3890.contig607	362	12	6
D3890.contig608	362	16	5
D3890.contig609	362	9	4
D3890.contig610	362	12	3
D3890.contig611	361	11	5
D3890.contig612	361	14	12
D3890.contig613	361	15	6
D3890.contig614	361	47	11
D3890.contig615	360	3	1
D3890.contig616	360	13	4
D3890.contig617	360	9	2
D3890.contig618	360	12	4
D3890.contig619	359	6	4
D3890.contig620	359	26	3
D3890.contig621	359	9	1
D3890.contig622	359	19	3
D3890.contig623	359	13	2
D3890.contig624	359	17	1
D3890.contig625	358	10	10
D3890.contig626	358	18	5
D3890.contig627	356	11	3
D3890.contig628	356	19	1
D3890.contig629	355	19	2
D3890.contig630	354	13	5
D3890.contig631	353	10	7
D3890.contig632	353	7	7
D3890.contig633	352	7	5
D3890.contig634	352	19	4
D3890.contig635	352	17	1
D3890.contig636	351	13	5
D3890.contig637	351	18	6
D3890.contig638	350	13	2
D3890.contig639	350	9	5
D3890.contig640	350	13	9
D3890.contig641	349	8	6
D3890.contig642	347	15	6
D3890.contig643	347	5	5
D3890.contig644	347	10	2
D3890.contig645	347	47	7
D3890.contig646	345	8	6
D3890.contig647	344	26	4
D3890.contig648	344	24	2
D3890.contig649	344	8	2
D3890.contig650	344	13	2
D3890.contig651	343	3	1
D3890.contig652	343	5	1
D3890.contig653	343	16	1
D3890.contig654	343	12	3
D3890.contig655	343	13	8
D3890.contig656	343	4	0
D3890.contig657	342	6	4
D3890.contig658	341	11	4
D3890.contig659	339	17	9
D3890.contig660	339	9	9
D3890.contig661	338	9	2
D3890.contig662	338	16	7
D3890.contig663	338	9	3
D3890.contig664	337	13	11
D3890.contig665	337	6	2
D3890.contig666	337	14	0
D3890.contig667	336	13	5
D3890.contig668	335	12	6
D3890.contig669	335	19	9
D3890.contig670	335	13	4
D3890.contig671	335	18	5
D3890.contig672	335	25	7
D3890.contig673	334	21	3
D3890.contig674	334	14	8
D3890.contig675	334	7	7
D3890.contig676	334	7	3
D3890.contig677	331	60	2
D3890.contig678	331	19	3
D3890.contig679	329	12	8
D3890.contig680	329	7	5
D3890.contig681	327	5	1
D3890.contig682	327	7	3
D3890.contig683	327	18	12
D3890.contig684	326	11	5
D3890.contig685	326	7	2
D3890.contig686	325	2	0
D3890.contig687	325	16	8
D3890.contig688	325	20	6
D3890.contig689	324	8	2
D3890.contig690	324	12	2
D3890.contig691	324	11	7
D3890.contig692	323	15	7
D3890.contig693	323	3	1
D3890.contig694	323	16	0
D3890.contig695	322	12	6
D3890.contig696	321	13	3
D3890.contig697	321	79	3
D3890.contig698	320	10	8
D3890.contig699	319	6	4
D3890.contig700	319	12	2
D3890.contig701	318	16	8
D3890.contig702	318	12	8
D3890.contig703	318	10	5
D3890.contig704	318	10	2
D3890.contig705	317	6	4
D3890.contig706	316	14	4
D3890.contig707	316	7	1
D3890.contig708	315	14	9
D3890.contig709	315	11	0
D3890.contig710	314	10	6
D3890.contig711	314	13	7
D3890.contig712	314	9	6
D3890.contig713	314	9	5
D3890.contig714	313	12	4
D3890.contig715	311	16	9
D3890.contig716	310	4	0
D3890.contig717	310	7	3
D3890.contig718	310	19	2
D3890.contig719	310	11	3
D3890.contig720	309	7	4
D3890.contig721	308	4	0
D3890.contig722	308	7	5
D3890.contig723	308	9	3
D3890.contig724	308	11	7
D3890.contig725	307	6	4
D3890.contig726	307	6	4
D3890.contig727	307	6	4
D3890.contig728	307	11	6
D3890.contig729	306	9	3
D3890.contig730	306	11	4
D3890.contig731	306	8	8
D3890.contig732	306	17	7
D3890.contig733	305	7	7
D3890.contig734	305	16	7
D3890.contig735	305	9	5
D3890.contig736	304	11	5
D3890.contig737	304	5	1
D3890.contig738	303	11	9
D3890.contig739	303	9	5
D3890.contig740	303	7	7
D3890.contig741	303	14	3
D3890.contig742	303	9	7
D3890.contig743	303	10	6
D3890.contig744	303	12	5
D3890.contig745	302	5	3
D3890.contig746	302	6	0
D3890.contig747	301	6	0
D3890.contig748	301	8	8
D3890.contig749	300	9	5
D3890.contig750	300	7	1
D3890.contig751	300	14	0
D3890.contig752	300	7	1
D3890.contig753	300	4	0
D3890.contig754	300	8	5
D3890.contig755	300	7	4
*	0	0	44786
