R3984.contig1	1631	645	51
R3984.contig2	1548	511065	80769
R3984.contig3	1486	3135092	191516
R3984.contig4	1419	3930225	243211
R3984.contig5	1339	32395	8316
R3984.contig6	1250	2772	812
R3984.contig7	1206	83	1
R3984.contig8	1177	0	0
R3984.contig9	1095	607	72
R3984.contig10	1070	34778	13072
R3984.contig11	1055	6715	2792
R3984.contig12	1006	29746	5946
R3984.contig13	985	66238	10014
R3984.contig14	959	48032	21303
R3984.contig15	907	2346	824
R3984.contig16	897	4428	699
R3984.contig17	887	74533	1040
R3984.contig18	860	215208	53350
R3984.contig19	857	848	108
R3984.contig20	806	0	0
R3984.contig21	793	0	0
R3984.contig22	774	1	1
R3984.contig23	770	17	1
R3984.contig24	749	9919	4418
R3984.contig25	716	259	30
R3984.contig26	705	0	0
R3984.contig27	677	1411	424
R3984.contig28	675	114	21
R3984.contig29	663	3222	1513
R3984.contig30	657	7271	44
R3984.contig31	646	179	15
R3984.contig32	646	56	6
R3984.contig33	642	0	0
R3984.contig34	638	15164	3170
R3984.contig35	637	63	29
R3984.contig36	632	7	1
R3984.contig37	612	812	110
R3984.contig38	610	23281	6875
R3984.contig39	602	3964	1738
R3984.contig40	595	36	6
R3984.contig41	594	796	78
R3984.contig42	591	28	0
R3984.contig43	568	34	8
R3984.contig44	559	259	39
R3984.contig45	548	1	1
R3984.contig46	548	0	0
R3984.contig47	547	1	0
R3984.contig48	545	79698	8965
R3984.contig49	539	0	0
R3984.contig50	522	0	0
R3984.contig51	522	0	0
R3984.contig52	520	0	0
R3984.contig53	511	76413	17601
R3984.contig54	511	2	0
R3984.contig55	508	1	1
R3984.contig56	508	538	120
R3984.contig57	505	199114	49635
R3984.contig58	502	0	0
R3984.contig59	498	411337	70944
R3984.contig60	492	158988	36715
R3984.contig61	481	0	0
R3984.contig62	480	983	270
R3984.contig63	479	0	0
R3984.contig64	462	1806	233
R3984.contig65	460	669	56
R3984.contig66	457	983	192
R3984.contig67	455	4177	1453
R3984.contig68	455	0	0
R3984.contig69	443	14	2
R3984.contig70	443	5010	1000
R3984.contig71	438	46328	7084
R3984.contig72	436	15	7
R3984.contig73	432	9	1
R3984.contig74	429	117	30
R3984.contig75	425	15	3
R3984.contig76	424	1788	783
R3984.contig77	412	2798	1349
R3984.contig78	409	25698	3648
R3984.contig79	409	11139	1525
R3984.contig80	406	12097	2702
R3984.contig81	406	52	11
R3984.contig82	403	529	247
R3984.contig83	391	397	125
R3984.contig84	389	4682	2061
R3984.contig85	389	1	0
R3984.contig86	387	0	0
R3984.contig87	385	47	4
R3984.contig88	382	0	0
R3984.contig89	376	0	0
R3984.contig90	376	100	4
R3984.contig91	372	136	48
R3984.contig92	366	23097	806
R3984.contig93	358	1255	459
R3984.contig94	358	4	4
R3984.contig95	356	79	9
R3984.contig96	349	396	173
R3984.contig97	349	155	75
R3984.contig98	346	1	1
R3984.contig99	344	170	21
R3984.contig100	339	46	4
R3984.contig101	335	76572	17279
R3984.contig102	335	58	2
R3984.contig103	334	2135	1299
R3984.contig104	333	485	27
R3984.contig105	333	27356	5526
R3984.contig106	331	1252	6
R3984.contig107	331	0	0
R3984.contig108	329	103	11
R3984.contig109	328	18	2
R3984.contig110	327	655	144
R3984.contig111	327	36	3
R3984.contig112	323	47524	9508
R3984.contig113	323	8	0
R3984.contig114	322	0	0
R3984.contig115	322	158	17
R3984.contig116	319	2641	1698
R3984.contig117	317	0	0
R3984.contig118	311	84054	7058
R3984.contig119	311	71	12
R3984.contig120	308	108	34
R3984.contig121	304	10034	3016
R3984.contig122	302	48508	15313
R3984.contig123	300	45	14
*	0	0	16900978
