D3331.contig1	77867	2206289	68296
D3331.contig2	53036	34732	963
D3331.contig3	49427	29091	720
D3331.contig4	45525	29297	612
D3331.contig5	43059	48709	1024
D3331.contig6	42315	147576	3595
D3331.contig7	40095	43378	857
D3331.contig8	39154	21102	485
D3331.contig9	36081	67531	1625
D3331.contig10	33379	253569	7202
D3331.contig11	32834	608685	15686
D3331.contig12	30779	9064	203
D3331.contig13	30672	150712	3744
D3331.contig14	26518	1135676	23449
D3331.contig15	23285	215191	4747
D3331.contig16	23063	8200	183
D3331.contig17	22510	6491	109
D3331.contig18	21534	4656	84
D3331.contig19	20666	80476	1751
D3331.contig20	19359	5469	124
D3331.contig21	18433	10429	169
D3331.contig22	18285	33063	840
D3331.contig23	17529	7234	164
D3331.contig24	16908	11342	413
D3331.contig25	16399	8026	210
D3331.contig26	16376	6418	140
D3331.contig27	15661	16373	437
D3331.contig28	14966	204345	5915
D3331.contig29	14659	1993	35
D3331.contig30	14023	6019	193
D3331.contig31	13928	6085	191
D3331.contig32	13208	173421	3270
D3331.contig33	12589	11925	311
D3331.contig34	12050	2648	46
D3331.contig35	11478	6107	174
D3331.contig36	11429	10295	337
D3331.contig37	11376	2430	73
D3331.contig38	11209	3308	89
D3331.contig39	11111	1517	40
D3331.contig40	10879	1277	30
D3331.contig41	10853	11416	350
D3331.contig42	10314	1314	49
D3331.contig43	10219	1742	50
D3331.contig44	10073	1304	29
D3331.contig45	9901	18900	355
D3331.contig46	9867	1321	31
D3331.contig47	9586	169200	4393
D3331.contig48	9516	2778	67
D3331.contig49	9259	1266	37
D3331.contig50	9008	1419	50
D3331.contig51	8795	2348	80
D3331.contig52	8542	1754	40
D3331.contig53	8507	1315	31
D3331.contig54	8420	1134	35
D3331.contig55	8318	1591	19
D3331.contig56	8113	1133	35
D3331.contig57	8104	1107	28
D3331.contig58	8019	1596	41
D3331.contig59	7757	1378	52
D3331.contig60	7600	1215	26
D3331.contig61	7557	260564	4420
D3331.contig62	7535	1169	27
D3331.contig63	7321	998	24
D3331.contig64	7065	1333	22
D3331.contig65	6994	681	19
D3331.contig66	6984	5694	124
D3331.contig67	6940	954	22
D3331.contig68	6844	1382	18
D3331.contig69	6791	1181	23
D3331.contig70	6600	16280	348
D3331.contig71	6412	934	15
D3331.contig72	6402	794	27
D3331.contig73	6261	729	14
D3331.contig74	6121	1768	65
D3331.contig75	6101	669	24
D3331.contig76	6091	687	8
D3331.contig77	6060	497	23
D3331.contig78	6006	1925	54
D3331.contig79	5881	750	18
D3331.contig80	5861	1029	22
D3331.contig81	5852	825	15
D3331.contig82	5781	1017	41
D3331.contig83	5606	827	14
D3331.contig84	5549	603	28
D3331.contig85	5447	668	22
D3331.contig86	5327	1567	27
D3331.contig87	5309	657	27
D3331.contig88	5307	19777	601
D3331.contig89	5288	652	9
D3331.contig90	5242	707	9
D3331.contig91	5218	611	17
D3331.contig92	5207	742	22
D3331.contig93	5142	848	23
D3331.contig94	5085	442	20
D3331.contig95	5045	643	27
D3331.contig96	5030	958	34
D3331.contig97	4992	571	32
D3331.contig98	4975	54657	898
D3331.contig99	4968	469	19
D3331.contig100	4953	579	37
D3331.contig101	4747	2413	46
D3331.contig102	4675	17595	379
D3331.contig103	4625	397	18
D3331.contig104	4608	16490	237
D3331.contig105	4601	501	12
D3331.contig106	4466	526	12
D3331.contig107	4448	565	10
D3331.contig108	4395	972	26
D3331.contig109	4313	20187	343
D3331.contig110	4289	2417122	64558
D3331.contig111	4198	48690	485
D3331.contig112	4177	1794	42
D3331.contig113	4110	752	11
D3331.contig114	4095	324	22
D3331.contig115	4055	446	14
D3331.contig116	4033	356	12
D3331.contig117	3833	325	11
D3331.contig118	3832	283	13
D3331.contig119	3804	642	22
D3331.contig120	3799	364	14
D3331.contig121	3799	374	14
D3331.contig122	3756	379	14
D3331.contig123	3724	395	4
D3331.contig124	3707	265	7
D3331.contig125	3705	321	17
D3331.contig126	3667	512	16
D3331.contig127	3654	343	14
D3331.contig128	3651	449	17
D3331.contig129	3621	396	15
D3331.contig130	3578	359	20
D3331.contig131	3548	283	6
D3331.contig132	3547	2554	67
D3331.contig133	3545	14952	168
D3331.contig134	3526	431	12
D3331.contig135	3491	5263	70
D3331.contig136	3473	2575	115
D3331.contig137	3444	8833	88
D3331.contig138	3422	386	21
D3331.contig139	3392	8071	178
D3331.contig140	3373	297	17
D3331.contig141	3369	301	7
D3331.contig142	3346	550	16
D3331.contig143	3316	426	5
D3331.contig144	3282	299	21
D3331.contig145	3257	321	14
D3331.contig146	3235	4847	244
D3331.contig147	3227	470	36
D3331.contig148	3223	261	8
D3331.contig149	3206	362	23
D3331.contig150	3177	309	11
D3331.contig151	3174	425	13
D3331.contig152	3092	220	10
D3331.contig153	3083	337	21
D3331.contig154	3057	258	18
D3331.contig155	3055	7695	122
D3331.contig156	3037	355	9
D3331.contig157	3034	432	15
D3331.contig158	3010	2006	116
D3331.contig159	2979	287	10
D3331.contig160	2955	316	19
D3331.contig161	2944	96061	2111
D3331.contig162	2940	283	13
D3331.contig163	2934	293	17
D3331.contig164	2930	231	8
D3331.contig165	2916	31646	286
D3331.contig166	2904	485	21
D3331.contig167	2902	2757	41
D3331.contig168	2876	29921	264
D3331.contig169	2757	11845	297
D3331.contig170	2739	360	8
D3331.contig171	2734	223	8
D3331.contig172	2724	230	9
D3331.contig173	2706	253	14
D3331.contig174	2691	210	16
D3331.contig175	2669	234	13
D3331.contig176	2632	202	11
D3331.contig177	2615	302	11
D3331.contig178	2584	193	11
D3331.contig179	2560	131	14
D3331.contig180	2560	185	8
D3331.contig181	2536	233	13
D3331.contig182	2527	324	19
D3331.contig183	2507	294	12
D3331.contig184	2496	1312	32
D3331.contig185	2451	195	12
D3331.contig186	2450	1716	19
D3331.contig187	2449	149	10
D3331.contig188	2446	186	10
D3331.contig189	2426	960	35
D3331.contig190	2393	323	17
D3331.contig191	2383	365	12
D3331.contig192	2353	234	18
D3331.contig193	2346	59084	1150
D3331.contig194	2339	13444	318
D3331.contig195	2332	221	9
D3331.contig196	2313	174	7
D3331.contig197	2305	590	8
D3331.contig198	2305	189	7
D3331.contig199	2264	364	7
D3331.contig200	2248	143	13
D3331.contig201	2237	198	12
D3331.contig202	2226	154	7
D3331.contig203	2225	238	7
D3331.contig204	2204	122	6
D3331.contig205	2202	207	10
D3331.contig206	2188	190	12
D3331.contig207	2156	150	10
D3331.contig208	2153	177	13
D3331.contig209	2146	160	11
D3331.contig210	2128	475	16
D3331.contig211	2127	202	7
D3331.contig212	2126	989	70
D3331.contig213	2094	184	9
D3331.contig214	2090	244	5
D3331.contig215	2082	182	4
D3331.contig216	2071	198	15
D3331.contig217	2071	164	13
D3331.contig218	2067	1207	25
D3331.contig219	2063	179	10
D3331.contig220	2061	202	13
D3331.contig221	2058	1034	50
D3331.contig222	2056	218	9
D3331.contig223	2051	155	6
D3331.contig224	2044	261	7
D3331.contig225	2042	183	9
D3331.contig226	2039	129	8
D3331.contig227	2017	176	7
D3331.contig228	2008	153	12
D3331.contig229	2008	147	10
D3331.contig230	2006	157	9
D3331.contig231	2002	195	7
D3331.contig232	1999	265	13
D3331.contig233	1985	105	12
D3331.contig234	1984	183	15
D3331.contig235	1954	135	13
D3331.contig236	1954	530	11
D3331.contig237	1950	132	9
D3331.contig238	1933	161	7
D3331.contig239	1928	203	9
D3331.contig240	1917	157	11
D3331.contig241	1909	186	3
D3331.contig242	1907	207	16
D3331.contig243	1900	921	30
D3331.contig244	1893	119	10
D3331.contig245	1891	196	10
D3331.contig246	1881	1211	52
D3331.contig247	1879	88	10
D3331.contig248	1863	451	13
D3331.contig249	1863	246	8
D3331.contig250	1861	145	15
D3331.contig251	1859	114	5
D3331.contig252	1848	156	9
D3331.contig253	1844	96	12
D3331.contig254	1827	83	7
D3331.contig255	1818	45155	1303
D3331.contig256	1811	290	18
D3331.contig257	1805	326	10
D3331.contig258	1803	117	13
D3331.contig259	1800	188	9
D3331.contig260	1789	311	10
D3331.contig261	1750	161	7
D3331.contig262	1748	165	6
D3331.contig263	1745	152	14
D3331.contig264	1744	118	10
D3331.contig265	1731	98	15
D3331.contig266	1727	100	18
D3331.contig267	1725	137	15
D3331.contig268	1715	28280	556
D3331.contig269	1713	149	7
D3331.contig270	1692	150	7
D3331.contig271	1687	114	10
D3331.contig272	1686	292	20
D3331.contig273	1682	1496939	96327
D3331.contig274	1680	202	3
D3331.contig275	1675	106	14
D3331.contig276	1667	115	14
D3331.contig277	1661	223	8
D3331.contig278	1660	150	7
D3331.contig279	1655	93	10
D3331.contig280	1654	221	6
D3331.contig281	1652	195	5
D3331.contig282	1646	131	8
D3331.contig283	1642	382	5
D3331.contig284	1640	131	10
D3331.contig285	1640	370	42
D3331.contig286	1635	185	4
D3331.contig287	1635	3363	40
D3331.contig288	1607	220	18
D3331.contig289	1589	98	9
D3331.contig290	1586	85	0
D3331.contig291	1585	139	7
D3331.contig292	1584	135	15
D3331.contig293	1583	125	23
D3331.contig294	1577	93	11
D3331.contig295	1573	135	9
D3331.contig296	1569	111	5
D3331.contig297	1568	211	19
D3331.contig298	1568	114	6
D3331.contig299	1566	457	16
D3331.contig300	1563	94	10
D3331.contig301	1543	112	5
D3331.contig302	1540	445	18
D3331.contig303	1539	72257	1854
D3331.contig304	1525	10338	200
D3331.contig305	1523	81	12
D3331.contig306	1510	196	6
D3331.contig307	1505	109	11
D3331.contig308	1496	85	6
D3331.contig309	1495	124	12
D3331.contig310	1495	89	8
D3331.contig311	1487	140	8
D3331.contig312	1486	61	8
D3331.contig313	1486	120	2
D3331.contig314	1485	74	5
D3331.contig315	1483	72	9
D3331.contig316	1478	98	8
D3331.contig317	1469	145	7
D3331.contig318	1468	155	5
D3331.contig319	1463	108	6
D3331.contig320	1462	90	17
D3331.contig321	1448	93	9
D3331.contig322	1443	90	10
D3331.contig323	1441	250	2
D3331.contig324	1437	85	2
D3331.contig325	1436	94	11
D3331.contig326	1434	113	7
D3331.contig327	1434	86	2
D3331.contig328	1432	120	6
D3331.contig329	1431	167	6
D3331.contig330	1424	124	15
D3331.contig331	1420	96	10
D3331.contig332	1419	65	13
D3331.contig333	1416	69	7
D3331.contig334	1405	145	7
D3331.contig335	1403	102	12
D3331.contig336	1396	110	14
D3331.contig337	1394	138	12
D3331.contig338	1394	90	8
D3331.contig339	1387	120	4
D3331.contig340	1385	87	4
D3331.contig341	1383	110	10
D3331.contig342	1381	83	10
D3331.contig343	1380	86	5
D3331.contig344	1377	106	12
D3331.contig345	1376	414	6
D3331.contig346	1371	72	12
D3331.contig347	1371	96	13
D3331.contig348	1366	66	3
D3331.contig349	1357	65	7
D3331.contig350	1355	102	12
D3331.contig351	1350	61	5
D3331.contig352	1348	64	8
D3331.contig353	1347	147	5
D3331.contig354	1346	89	2
D3331.contig355	1346	74	7
D3331.contig356	1344	86	4
D3331.contig357	1343	141	6
D3331.contig358	1342	87	4
D3331.contig359	1338	136	5
D3331.contig360	1328	4463	122
D3331.contig361	1326	104	5
D3331.contig362	1322	62	4
D3331.contig363	1322	81	3
D3331.contig364	1320	64	2
D3331.contig365	1315	5422	134
D3331.contig366	1308	158	4
D3331.contig367	1307	117	9
D3331.contig368	1303	85	10
D3331.contig369	1299	111	12
D3331.contig370	1298	91	10
D3331.contig371	1296	56	13
D3331.contig372	1292	57	12
D3331.contig373	1291	113	13
D3331.contig374	1287	73	12
D3331.contig375	1285	93	12
D3331.contig376	1283	86	12
D3331.contig377	1282	72	3
D3331.contig378	1281	74	8
D3331.contig379	1278	94	4
D3331.contig380	1274	83	15
D3331.contig381	1270	2932	173
D3331.contig382	1261	90	4
D3331.contig383	1255	87	5
D3331.contig384	1250	74	4
D3331.contig385	1249	99	14
D3331.contig386	1247	94	16
D3331.contig387	1247	68	7
D3331.contig388	1243	65	10
D3331.contig389	1241	86	9
D3331.contig390	1241	107	9
D3331.contig391	1239	57	5
D3331.contig392	1238	92	16
D3331.contig393	1238	99	15
D3331.contig394	1236	124	12
D3331.contig395	1234	80	6
D3331.contig396	1231	73	5
D3331.contig397	1230	88	9
D3331.contig398	1227	107	8
D3331.contig399	1226	60	7
D3331.contig400	1225	112	5
D3331.contig401	1220	56	9
D3331.contig402	1219	90	13
D3331.contig403	1212	77	3
D3331.contig404	1211	117	12
D3331.contig405	1211	93	10
D3331.contig406	1208	152	7
D3331.contig407	1195	399	9
D3331.contig408	1191	77	8
D3331.contig409	1188	69	11
D3331.contig410	1184	76	9
D3331.contig411	1183	119	12
D3331.contig412	1181	104	15
D3331.contig413	1181	76	3
D3331.contig414	1180	66	11
D3331.contig415	1180	107	4
D3331.contig416	1173	101	14
D3331.contig417	1173	113	8
D3331.contig418	1172	139	6
D3331.contig419	1170	80	15
D3331.contig420	1169	47	7
D3331.contig421	1168	77	6
D3331.contig422	1165	43	7
D3331.contig423	1164	64	14
D3331.contig424	1164	58	8
D3331.contig425	1164	74	1
D3331.contig426	1160	77	3
D3331.contig427	1160	95	2
D3331.contig428	1160	76	6
D3331.contig429	1157	51	5
D3331.contig430	1148	125	3
D3331.contig431	1145	46	6
D3331.contig432	1142	6349	208
D3331.contig433	1140	46	5
D3331.contig434	1136	55	16
D3331.contig435	1133	62	2
D3331.contig436	1133	49	8
D3331.contig437	1123	70	6
D3331.contig438	1119	199	9
D3331.contig439	1118	85	5
D3331.contig440	1118	321	21
D3331.contig441	1117	674983	81589
D3331.contig442	1116	95	9
D3331.contig443	1114	58	14
D3331.contig444	1114	86	16
D3331.contig445	1111	61	6
D3331.contig446	1110	103	9
D3331.contig447	1105	140	9
D3331.contig448	1097	86	16
D3331.contig449	1097	57	6
D3331.contig450	1096	59	13
D3331.contig451	1091	59	9
D3331.contig452	1088	81	8
D3331.contig453	1085	90	15
D3331.contig454	1085	65	11
D3331.contig455	1083	55	5
D3331.contig456	1082	44	9
D3331.contig457	1082	46	11
D3331.contig458	1082	66	8
D3331.contig459	1081	343	5
D3331.contig460	1078	35	7
D3331.contig461	1078	64	0
D3331.contig462	1075	74	7
D3331.contig463	1072	76	8
D3331.contig464	1071	60	12
D3331.contig465	1071	84	9
D3331.contig466	1066	3215	45
D3331.contig467	1059	52	3
D3331.contig468	1059	35	1
D3331.contig469	1057	31	13
D3331.contig470	1055	90	9
D3331.contig471	1047	121	4
D3331.contig472	1046	51	16
D3331.contig473	1045	38	2
D3331.contig474	1044	71	10
D3331.contig475	1033	48	7
D3331.contig476	1030	67	15
D3331.contig477	1025	50	4
D3331.contig478	1025	76	9
D3331.contig479	1024	56	10
D3331.contig480	1024	88	5
D3331.contig481	1023	80	16
D3331.contig482	1022	103	9
D3331.contig483	1022	89	7
D3331.contig484	1016	51	8
D3331.contig485	1015	55	16
D3331.contig486	1013	68	6
D3331.contig487	1010	53	20
D3331.contig488	1010	66	3
D3331.contig489	1008	69	3
D3331.contig490	1003	27264	669
D3331.contig491	999	31	11
D3331.contig492	999	72	10
D3331.contig493	997	66	6
D3331.contig494	997	51	3
D3331.contig495	996	41	12
D3331.contig496	993	213	4
D3331.contig497	992	62	3
D3331.contig498	992	110	14
D3331.contig499	990	80	12
D3331.contig500	986	36	9
D3331.contig501	986	82	4
D3331.contig502	981	52	7
D3331.contig503	975	46	12
D3331.contig504	975	58	5
D3331.contig505	975	39	10
D3331.contig506	974	57	5
D3331.contig507	974	64	7
D3331.contig508	971	46	9
D3331.contig509	971	52	6
D3331.contig510	969	78	6
D3331.contig511	968	36	12
D3331.contig512	968	65	3
D3331.contig513	967	58	6
D3331.contig514	966	72	13
D3331.contig515	966	112	7
D3331.contig516	963	60	15
D3331.contig517	960	90	6
D3331.contig518	958	49	6
D3331.contig519	956	89	2
D3331.contig520	955	1520	55
D3331.contig521	954	36	8
D3331.contig522	952	65	10
D3331.contig523	950	44	9
D3331.contig524	949	52	11
D3331.contig525	948	45	7
D3331.contig526	944	59	10
D3331.contig527	943	61	8
D3331.contig528	943	46	4
D3331.contig529	941	45	8
D3331.contig530	940	50	4
D3331.contig531	940	54	5
D3331.contig532	939	57	5
D3331.contig533	938	35	6
D3331.contig534	936	42	10
D3331.contig535	934	48	13
D3331.contig536	932	47	12
D3331.contig537	931	44	8
D3331.contig538	931	38	8
D3331.contig539	931	48	6
D3331.contig540	928	62	6
D3331.contig541	927	39	16
D3331.contig542	927	36	5
D3331.contig543	927	70	5
D3331.contig544	926	49	7
D3331.contig545	925	47	10
D3331.contig546	923	32	7
D3331.contig547	922	39	12
D3331.contig548	921	66	10
D3331.contig549	920	42	11
D3331.contig550	917	51	6
D3331.contig551	917	45	13
D3331.contig552	917	54	8
D3331.contig553	917	35	4
D3331.contig554	915	58	6
D3331.contig555	915	73	6
D3331.contig556	914	51	2
D3331.contig557	914	36	8
D3331.contig558	913	34	19
D3331.contig559	913	269	21
D3331.contig560	911	57	1
D3331.contig561	909	55	2
D3331.contig562	902	42	7
D3331.contig563	902	48	14
D3331.contig564	901	150	2
D3331.contig565	899	40	7
D3331.contig566	898	110	11
D3331.contig567	895	65	14
D3331.contig568	893	88	9
D3331.contig569	890	35	7
D3331.contig570	889	42	7
D3331.contig571	885	118	2
D3331.contig572	884	31	7
D3331.contig573	884	58	5
D3331.contig574	882	48	7
D3331.contig575	881	51	10
D3331.contig576	877	68	21
D3331.contig577	877	125	4
D3331.contig578	877	31	11
D3331.contig579	875	38	7
D3331.contig580	874	45	9
D3331.contig581	872	40	12
D3331.contig582	869	44	13
D3331.contig583	868	39	1
D3331.contig584	867	56	9
D3331.contig585	866	48	7
D3331.contig586	865	43	8
D3331.contig587	864	78	4
D3331.contig588	862	73	8
D3331.contig589	857	94	7
D3331.contig590	856	46	7
D3331.contig591	853	43	6
D3331.contig592	853	41	7
D3331.contig593	853	49	12
D3331.contig594	851	46	5
D3331.contig595	850	70	3
D3331.contig596	850	76	3
D3331.contig597	850	49	6
D3331.contig598	849	28	2
D3331.contig599	849	54	8
D3331.contig600	849	64	12
D3331.contig601	849	28	6
D3331.contig602	846	34	7
D3331.contig603	846	67	3
D3331.contig604	844	43	5
D3331.contig605	843	33	15
D3331.contig606	842	39	4
D3331.contig607	841	71	11
D3331.contig608	839	44	11
D3331.contig609	837	29	8
D3331.contig610	837	73	6
D3331.contig611	837	43	6
D3331.contig612	834	43	8
D3331.contig613	833	48	6
D3331.contig614	833	33	2
D3331.contig615	832	60	16
D3331.contig616	831	45	3
D3331.contig617	829	63	8
D3331.contig618	826	40	7
D3331.contig619	825	55	11
D3331.contig620	823	39	8
D3331.contig621	823	42	8
D3331.contig622	823	67	9
D3331.contig623	820	65	4
D3331.contig624	819	63	9
D3331.contig625	818	42	5
D3331.contig626	817	31	8
D3331.contig627	817	34	5
D3331.contig628	817	37	10
D3331.contig629	816	43	5
D3331.contig630	814	22	10
D3331.contig631	813	36	11
D3331.contig632	813	23	11
D3331.contig633	812	46	4
D3331.contig634	810	53	12
D3331.contig635	810	44	12
D3331.contig636	810	37	11
D3331.contig637	809	70	7
D3331.contig638	809	45	9
D3331.contig639	808	45	9
D3331.contig640	808	33	16
D3331.contig641	807	30	12
D3331.contig642	806	49	8
D3331.contig643	804	45	12
D3331.contig644	803	39	10
D3331.contig645	802	27	9
D3331.contig646	801	51	5
D3331.contig647	800	41	6
D3331.contig648	800	52	6
D3331.contig649	800	48	20
D3331.contig650	796	44	6
D3331.contig651	795	40	3
D3331.contig652	793	38	3
D3331.contig653	793	26	7
D3331.contig654	793	36	2
D3331.contig655	793	74	8
D3331.contig656	790	40	8
D3331.contig657	790	29	6
D3331.contig658	789	37	4
D3331.contig659	789	32	4
D3331.contig660	788	37	7
D3331.contig661	788	497	5
D3331.contig662	787	60	14
D3331.contig663	787	33	19
D3331.contig664	785	255	5
D3331.contig665	783	34	3
D3331.contig666	783	43	6
D3331.contig667	782	32	7
D3331.contig668	782	41	7
D3331.contig669	781	39	10
D3331.contig670	780	55	8
D3331.contig671	779	61	12
D3331.contig672	778	47	6
D3331.contig673	778	58	12
D3331.contig674	776	68	6
D3331.contig675	775	41	3
D3331.contig676	773	27	5
D3331.contig677	772	20	6
D3331.contig678	772	30	8
D3331.contig679	771	241	9
D3331.contig680	770	65	9
D3331.contig681	768	35	6
D3331.contig682	767	71	3
D3331.contig683	765	57	7
D3331.contig684	764	33	3
D3331.contig685	761	29	9
D3331.contig686	760	41	9
D3331.contig687	760	48	2
D3331.contig688	759	52	4
D3331.contig689	758	27	8
D3331.contig690	757	64	6
D3331.contig691	756	28	6
D3331.contig692	755	35	7
D3331.contig693	754	34	10
D3331.contig694	754	35	4
D3331.contig695	754	32	6
D3331.contig696	753	35	5
D3331.contig697	751	59	8
D3331.contig698	750	1583	28
D3331.contig699	749	49	7
D3331.contig700	749	36	10
D3331.contig701	748	47	7
D3331.contig702	747	62	16
D3331.contig703	747	54	7
D3331.contig704	746	39	7
D3331.contig705	745	23	5
D3331.contig706	742	30	6
D3331.contig707	742	34	4
D3331.contig708	741	28	8
D3331.contig709	741	35	4
D3331.contig710	738	213	9
D3331.contig711	738	46	7
D3331.contig712	737	20	6
D3331.contig713	735	143	35
D3331.contig714	734	55	3
D3331.contig715	733	54	4
D3331.contig716	731	17	5
D3331.contig717	731	39	4
D3331.contig718	731	34	2
D3331.contig719	730	39	9
D3331.contig720	730	65	7
D3331.contig721	730	29	13
D3331.contig722	730	36	9
D3331.contig723	729	37	8
D3331.contig724	728	42	4
D3331.contig725	727	378	36
D3331.contig726	726	351	30
D3331.contig727	725	35	6
D3331.contig728	725	38	10
D3331.contig729	723	52	8
D3331.contig730	721	26	8
D3331.contig731	721	35	9
D3331.contig732	720	30	14
D3331.contig733	720	39	13
D3331.contig734	720	40	11
D3331.contig735	719	41	4
D3331.contig736	719	66	6
D3331.contig737	717	39	13
D3331.contig738	717	34	7
D3331.contig739	717	30	13
D3331.contig740	716	38	14
D3331.contig741	715	31	9
D3331.contig742	713	26	8
D3331.contig743	713	36	4
D3331.contig744	713	35	5
D3331.contig745	712	41	12
D3331.contig746	712	43	9
D3331.contig747	712	36	10
D3331.contig748	711	27	9
D3331.contig749	711	46	8
D3331.contig750	709	1649	29
D3331.contig751	709	24	6
D3331.contig752	709	37	11
D3331.contig753	707	30	4
D3331.contig754	704	22	9
D3331.contig755	704	46	20
D3331.contig756	703	39	32
D3331.contig757	703	286	25
D3331.contig758	702	54	5
D3331.contig759	701	43	10
D3331.contig760	701	32	6
D3331.contig761	699	45	8
D3331.contig762	699	29	8
D3331.contig763	699	22	20
D3331.contig764	699	28	12
D3331.contig765	698	335	7
D3331.contig766	698	50	7
D3331.contig767	697	21	9
D3331.contig768	697	43	10
D3331.contig769	697	38	4
D3331.contig770	696	22	10
D3331.contig771	696	34	4
D3331.contig772	694	42	8
D3331.contig773	694	59	5
D3331.contig774	693	39	12
D3331.contig775	692	37	4
D3331.contig776	691	30	4
D3331.contig777	691	22	8
D3331.contig778	689	46	5
D3331.contig779	689	42	7
D3331.contig780	688	28	5
D3331.contig781	688	40	13
D3331.contig782	688	30	3
D3331.contig783	686	37	2
D3331.contig784	686	65	10
D3331.contig785	684	23	14
D3331.contig786	684	29	9
D3331.contig787	683	214	14
D3331.contig788	683	31	6
D3331.contig789	682	70	19
D3331.contig790	681	28	8
D3331.contig791	680	11	4
D3331.contig792	680	1148	83
D3331.contig793	679	208	4
D3331.contig794	677	23	10
D3331.contig795	676	36	6
D3331.contig796	674	55	9
D3331.contig797	674	46	12
D3331.contig798	672	49	4
D3331.contig799	672	16	9
D3331.contig800	671	12	4
D3331.contig801	671	26	8
D3331.contig802	671	16	3
D3331.contig803	670	26	13
D3331.contig804	669	22	3
D3331.contig805	669	33	11
D3331.contig806	669	25	9
D3331.contig807	669	24	3
D3331.contig808	668	26	6
D3331.contig809	668	32	4
D3331.contig810	667	24	12
D3331.contig811	667	26	11
D3331.contig812	667	46	12
D3331.contig813	666	35	10
D3331.contig814	666	19	7
D3331.contig815	666	60	8
D3331.contig816	666	35	6
D3331.contig817	665	25	5
D3331.contig818	665	39	4
D3331.contig819	665	22	6
D3331.contig820	665	36	6
D3331.contig821	664	27	9
D3331.contig822	662	28	10
D3331.contig823	662	22	8
D3331.contig824	662	31	2
D3331.contig825	661	21	7
D3331.contig826	661	32	8
D3331.contig827	660	15	7
D3331.contig828	660	20	9
D3331.contig829	660	26	5
D3331.contig830	659	28	3
D3331.contig831	656	32	7
D3331.contig832	655	35	6
D3331.contig833	655	15	4
D3331.contig834	654	30	11
D3331.contig835	653	28	9
D3331.contig836	653	34	7
D3331.contig837	653	34	7
D3331.contig838	653	20	9
D3331.contig839	653	41	6
D3331.contig840	652	25	9
D3331.contig841	652	21	8
D3331.contig842	651	23	5
D3331.contig843	649	32	9
D3331.contig844	647	23	10
D3331.contig845	647	56	9
D3331.contig846	647	43	12
D3331.contig847	647	37	6
D3331.contig848	647	31	13
D3331.contig849	645	52	13
D3331.contig850	644	28	9
D3331.contig851	644	29	11
D3331.contig852	643	29	10
D3331.contig853	642	48	4
D3331.contig854	642	19	8
D3331.contig855	642	30	7
D3331.contig856	641	38	6
D3331.contig857	640	17	11
D3331.contig858	640	32	5
D3331.contig859	640	19	4
D3331.contig860	639	35	8
D3331.contig861	639	18	6
D3331.contig862	638	28	9
D3331.contig863	637	17	5
D3331.contig864	637	37	13
D3331.contig865	637	26	12
D3331.contig866	636	41	6
D3331.contig867	636	34	8
D3331.contig868	636	52	1
D3331.contig869	634	50	4
D3331.contig870	634	58	5
D3331.contig871	633	27	11
D3331.contig872	633	14	8
D3331.contig873	632	30	3
D3331.contig874	630	25	4
D3331.contig875	630	46	1
D3331.contig876	630	27	10
D3331.contig877	628	22	14
D3331.contig878	628	15	7
D3331.contig879	628	40	6
D3331.contig880	627	40	11
D3331.contig881	627	39	3
D3331.contig882	627	46	9
D3331.contig883	627	18	11
D3331.contig884	626	25	3
D3331.contig885	626	17	3
D3331.contig886	625	32	11
D3331.contig887	625	39	6
D3331.contig888	625	20	5
D3331.contig889	624	34	7
D3331.contig890	624	26	4
D3331.contig891	624	63	3
D3331.contig892	624	32	9
D3331.contig893	624	35	8
D3331.contig894	623	57	10
D3331.contig895	623	21	9
D3331.contig896	622	40	7
D3331.contig897	622	35	4
D3331.contig898	620	21	6
D3331.contig899	619	20	4
D3331.contig900	619	16389	580
D3331.contig901	619	20	11
D3331.contig902	618	28	9
D3331.contig903	617	25	4
D3331.contig904	617	28	10
D3331.contig905	617	30	8
D3331.contig906	617	24	4
D3331.contig907	616	249	19
D3331.contig908	616	27	7
D3331.contig909	615	19	6
D3331.contig910	614	29	5
D3331.contig911	614	19	10
D3331.contig912	614	15	5
D3331.contig913	613	22	5
D3331.contig914	613	49	8
D3331.contig915	611	23	7
D3331.contig916	610	24	9
D3331.contig917	610	21	8
D3331.contig918	610	19	7
D3331.contig919	609	35	5
D3331.contig920	608	26	9
D3331.contig921	608	31	7
D3331.contig922	608	40	5
D3331.contig923	608	28	8
D3331.contig924	608	10	8
D3331.contig925	608	36	4
D3331.contig926	606	35	3
D3331.contig927	606	23	5
D3331.contig928	605	29	9
D3331.contig929	604	40	17
D3331.contig930	601	19	5
D3331.contig931	601	26	8
D3331.contig932	601	29	8
D3331.contig933	601	23	10
D3331.contig934	600	2803	69
D3331.contig935	600	24	8
D3331.contig936	600	31	4
D3331.contig937	599	28	6
D3331.contig938	599	41	8
D3331.contig939	599	33	4
D3331.contig940	599	24	5
D3331.contig941	599	22	4
D3331.contig942	598	20	9
D3331.contig943	598	21	12
D3331.contig944	598	34	8
D3331.contig945	598	27	9
D3331.contig946	597	28	6
D3331.contig947	597	31	8
D3331.contig948	595	31	11
D3331.contig949	595	42	1
D3331.contig950	594	26	7
D3331.contig951	594	16	9
D3331.contig952	594	18	2
D3331.contig953	593	25	12
D3331.contig954	593	24	11
D3331.contig955	592	56	4
D3331.contig956	592	35	7
D3331.contig957	591	37	3
D3331.contig958	591	36	3
D3331.contig959	590	36	7
D3331.contig960	590	19	5
D3331.contig961	590	39	11
D3331.contig962	590	19	11
D3331.contig963	589	24	5
D3331.contig964	589	34	4
D3331.contig965	589	39	7
D3331.contig966	588	26	11
D3331.contig967	588	20	6
D3331.contig968	588	30	11
D3331.contig969	587	21	6
D3331.contig970	587	22	5
D3331.contig971	587	43	3
D3331.contig972	587	19	7
D3331.contig973	586	18	7
D3331.contig974	586	22	8
D3331.contig975	586	15	10
D3331.contig976	586	18	8
D3331.contig977	586	22	1
D3331.contig978	585	19	2
D3331.contig979	585	26	8
D3331.contig980	584	1822	49
D3331.contig981	584	37	11
D3331.contig982	584	19	7
D3331.contig983	583	49	10
D3331.contig984	583	25	11
D3331.contig985	581	30	10
D3331.contig986	581	30	7
D3331.contig987	580	25	6
D3331.contig988	580	22	10
D3331.contig989	580	777	63
D3331.contig990	579	36	1
D3331.contig991	579	25	1
D3331.contig992	579	416	9
D3331.contig993	579	23	5
D3331.contig994	578	24	7
D3331.contig995	578	34	5
D3331.contig996	576	21	2
D3331.contig997	576	19	11
D3331.contig998	575	45	7
D3331.contig999	575	43	3
D3331.contig1000	574	25	9
D3331.contig1001	573	25	3
D3331.contig1002	573	24	9
D3331.contig1003	571	23	6
D3331.contig1004	571	34	7
D3331.contig1005	570	23	11
D3331.contig1006	569	23	4
D3331.contig1007	569	33	8
D3331.contig1008	569	28	6
D3331.contig1009	569	16	8
D3331.contig1010	568	17	8
D3331.contig1011	568	28	9
D3331.contig1012	567	19	7
D3331.contig1013	567	23	3
D3331.contig1014	567	21	5
D3331.contig1015	567	32	11
D3331.contig1016	566	22	7
D3331.contig1017	565	36	16
D3331.contig1018	565	25	3
D3331.contig1019	565	36	15
D3331.contig1020	564	27	5
D3331.contig1021	564	15	11
D3331.contig1022	564	19	2
D3331.contig1023	564	32	6
D3331.contig1024	564	20	3
D3331.contig1025	563	17	7
D3331.contig1026	563	20	8
D3331.contig1027	562	36	7
D3331.contig1028	562	32	6
D3331.contig1029	561	41	4
D3331.contig1030	561	24	5
D3331.contig1031	561	29	9
D3331.contig1032	561	20	8
D3331.contig1033	560	24	7
D3331.contig1034	559	19	2
D3331.contig1035	558	18	7
D3331.contig1036	558	27	4
D3331.contig1037	557	19	6
D3331.contig1038	554	19	10
D3331.contig1039	554	18	4
D3331.contig1040	553	14	6
D3331.contig1041	553	26	10
D3331.contig1042	553	17	5
D3331.contig1043	552	22	8
D3331.contig1044	551	31	7
D3331.contig1045	551	30	9
D3331.contig1046	551	22	8
D3331.contig1047	550	18	3
D3331.contig1048	549	20	6
D3331.contig1049	549	34	4
D3331.contig1050	548	21	12
D3331.contig1051	548	27	11
D3331.contig1052	548	25	7
D3331.contig1053	547	82	9
D3331.contig1054	547	17	6
D3331.contig1055	546	17	9
D3331.contig1056	546	19	5
D3331.contig1057	546	20	8
D3331.contig1058	546	11	6
D3331.contig1059	545	16	7
D3331.contig1060	545	26	6
D3331.contig1061	545	19	9
D3331.contig1062	545	16	6
D3331.contig1063	545	24	4
D3331.contig1064	545	16	6
D3331.contig1065	544	17	5
D3331.contig1066	544	296	18
D3331.contig1067	544	39	3
D3331.contig1068	544	16	6
D3331.contig1069	544	26	11
D3331.contig1070	544	23	11
D3331.contig1071	543	17	7
D3331.contig1072	543	28	10
D3331.contig1073	543	24	7
D3331.contig1074	542	26	9
D3331.contig1075	542	15	6
D3331.contig1076	542	20	4
D3331.contig1077	541	85	2
D3331.contig1078	541	27	5
D3331.contig1079	541	28	7
D3331.contig1080	540	22	10
D3331.contig1081	540	27	5
D3331.contig1082	540	32	1
D3331.contig1083	540	57	12
D3331.contig1084	539	33	7
D3331.contig1085	539	13	3
D3331.contig1086	539	26	25
D3331.contig1087	538	16	10
D3331.contig1088	538	21	12
D3331.contig1089	538	31	3
D3331.contig1090	538	38	6
D3331.contig1091	537	13	5
D3331.contig1092	537	24	4
D3331.contig1093	537	19	5
D3331.contig1094	537	14	5
D3331.contig1095	536	27	11
D3331.contig1096	536	25	6
D3331.contig1097	536	33	3
D3331.contig1098	536	46	7
D3331.contig1099	536	17	3
D3331.contig1100	535	28	7
D3331.contig1101	535	24	8
D3331.contig1102	534	17	13
D3331.contig1103	534	16	6
D3331.contig1104	534	32	1
D3331.contig1105	534	15	7
D3331.contig1106	533	26	7
D3331.contig1107	533	14	6
D3331.contig1108	533	20	6
D3331.contig1109	533	19	9
D3331.contig1110	532	13	5
D3331.contig1111	532	20	9
D3331.contig1112	532	22	7
D3331.contig1113	531	21	3
D3331.contig1114	531	21	4
D3331.contig1115	531	10	8
D3331.contig1116	531	22	6
D3331.contig1117	530	23	7
D3331.contig1118	530	28	11
D3331.contig1119	529	40	3
D3331.contig1120	529	27	2
D3331.contig1121	529	27	5
D3331.contig1122	528	18	5
D3331.contig1123	528	24	8
D3331.contig1124	528	20	9
D3331.contig1125	527	33	7
D3331.contig1126	527	19	3
D3331.contig1127	527	20	4
D3331.contig1128	526	71	9
D3331.contig1129	526	24	4
D3331.contig1130	526	23	5
D3331.contig1131	525	14	6
D3331.contig1132	525	17	9
D3331.contig1133	525	25	10
D3331.contig1134	525	86	18
D3331.contig1135	525	715	14
D3331.contig1136	524	30	7
D3331.contig1137	524	16	9
D3331.contig1138	524	21	5
D3331.contig1139	524	16	6
D3331.contig1140	523	29	9
D3331.contig1141	523	21	5
D3331.contig1142	523	16	2
D3331.contig1143	523	19	6
D3331.contig1144	522	17	6
D3331.contig1145	522	24	4
D3331.contig1146	522	241	5
D3331.contig1147	522	21	7
D3331.contig1148	521	12	6
D3331.contig1149	521	16	6
D3331.contig1150	521	17	9
D3331.contig1151	521	20	12
D3331.contig1152	521	36	7
D3331.contig1153	521	10	8
D3331.contig1154	520	16	6
D3331.contig1155	520	26	4
D3331.contig1156	520	19	5
D3331.contig1157	520	31	10
D3331.contig1158	520	24	8
D3331.contig1159	520	42	8
D3331.contig1160	520	54	4
D3331.contig1161	519	31	1
D3331.contig1162	519	21	3
D3331.contig1163	519	28	3
D3331.contig1164	519	22	5
D3331.contig1165	518	20	6
D3331.contig1166	518	23	11
D3331.contig1167	518	21	9
D3331.contig1168	517	24	4
D3331.contig1169	517	20	4
D3331.contig1170	517	33	5
D3331.contig1171	516	22	10
D3331.contig1172	516	24	3
D3331.contig1173	516	12	4
D3331.contig1174	515	25	7
D3331.contig1175	514	13	4
D3331.contig1176	514	10	6
D3331.contig1177	514	22	3
D3331.contig1178	514	24	8
D3331.contig1179	514	10	4
D3331.contig1180	513	23	9
D3331.contig1181	513	24	4
D3331.contig1182	513	10	3
D3331.contig1183	512	15	9
D3331.contig1184	512	23	8
D3331.contig1185	512	20	8
D3331.contig1186	511	23	11
D3331.contig1187	511	31	2
D3331.contig1188	511	16	8
D3331.contig1189	511	22	6
D3331.contig1190	511	17	9
D3331.contig1191	510	21	9
D3331.contig1192	510	34	4
D3331.contig1193	510	22	2
D3331.contig1194	509	29	10
D3331.contig1195	509	16	6
D3331.contig1196	509	13	7
D3331.contig1197	508	29	11
D3331.contig1198	508	15	7
D3331.contig1199	508	12	3
D3331.contig1200	507	22	4
D3331.contig1201	507	23	5
D3331.contig1202	506	31	12
D3331.contig1203	506	28	7
D3331.contig1204	506	23	6
D3331.contig1205	506	14	6
D3331.contig1206	506	30	4
D3331.contig1207	505	26	4
D3331.contig1208	505	27	11
D3331.contig1209	504	21	7
D3331.contig1210	504	22	8
D3331.contig1211	504	20	5
D3331.contig1212	503	22	6
D3331.contig1213	503	31	5
D3331.contig1214	502	20	4
D3331.contig1215	502	20	7
D3331.contig1216	501	29	3
D3331.contig1217	501	16	7
D3331.contig1218	500	17	1
D3331.contig1219	499	11	5
D3331.contig1220	499	17	10
D3331.contig1221	499	18	8
D3331.contig1222	499	27	9
D3331.contig1223	498	20	9
D3331.contig1224	498	14	6
D3331.contig1225	498	26	4
D3331.contig1226	498	19	7
D3331.contig1227	497	39	10
D3331.contig1228	496	17	6
D3331.contig1229	496	23	5
D3331.contig1230	495	15	7
D3331.contig1231	495	14	4
D3331.contig1232	495	21	5
D3331.contig1233	494	21	8
D3331.contig1234	494	24	4
D3331.contig1235	494	22	2
D3331.contig1236	493	14	5
D3331.contig1237	493	9	5
D3331.contig1238	493	31	6
D3331.contig1239	493	20	6
D3331.contig1240	493	13	5
D3331.contig1241	493	21	4
D3331.contig1242	493	14	7
D3331.contig1243	492	13	3
D3331.contig1244	492	18	6
D3331.contig1245	492	16	7
D3331.contig1246	491	42	4
D3331.contig1247	490	21	5
D3331.contig1248	490	22	7
D3331.contig1249	490	13	1
D3331.contig1250	490	16	3
D3331.contig1251	490	24	9
D3331.contig1252	490	22	8
D3331.contig1253	489	16	8
D3331.contig1254	489	162	19
D3331.contig1255	489	16	6
D3331.contig1256	488	44	3
D3331.contig1257	486	43	10
D3331.contig1258	486	844	31
D3331.contig1259	486	19	8
D3331.contig1260	485	23	9
D3331.contig1261	485	19	6
D3331.contig1262	484	12	6
D3331.contig1263	484	12	6
D3331.contig1264	484	20	7
D3331.contig1265	484	24	8
D3331.contig1266	483	14	6
D3331.contig1267	483	15	5
D3331.contig1268	483	16	3
D3331.contig1269	483	16	8
D3331.contig1270	483	14	8
D3331.contig1271	483	12	5
D3331.contig1272	482	17	3
D3331.contig1273	482	12	8
D3331.contig1274	482	16	4
D3331.contig1275	481	35	5
D3331.contig1276	481	11	2
D3331.contig1277	480	16	6
D3331.contig1278	480	15	7
D3331.contig1279	480	10	6
D3331.contig1280	479	178	5
D3331.contig1281	478	15	9
D3331.contig1282	477	14	10
D3331.contig1283	477	13	3
D3331.contig1284	477	23	3
D3331.contig1285	477	13	11
D3331.contig1286	476	19	6
D3331.contig1287	476	24	9
D3331.contig1288	476	20	8
D3331.contig1289	476	29	2
D3331.contig1290	476	18	6
D3331.contig1291	475	29	5
D3331.contig1292	475	28	6
D3331.contig1293	475	15	7
D3331.contig1294	474	16	7
D3331.contig1295	474	20	11
D3331.contig1296	474	10	6
D3331.contig1297	474	14	5
D3331.contig1298	474	10	4
D3331.contig1299	474	45	3
D3331.contig1300	473	18	3
D3331.contig1301	472	17	7
D3331.contig1302	472	13	7
D3331.contig1303	472	41	15
D3331.contig1304	472	15	5
D3331.contig1305	472	109	7
D3331.contig1306	472	13	9
D3331.contig1307	471	14	8
D3331.contig1308	471	17	7
D3331.contig1309	470	26	3
D3331.contig1310	470	13	7
D3331.contig1311	470	10	6
D3331.contig1312	470	11	7
D3331.contig1313	470	16	6
D3331.contig1314	470	13	2
D3331.contig1315	470	23	8
D3331.contig1316	469	20	9
D3331.contig1317	469	33	9
D3331.contig1318	469	13	3
D3331.contig1319	468	971	5
D3331.contig1320	468	24	6
D3331.contig1321	468	34	2
D3331.contig1322	468	9	5
D3331.contig1323	468	7	5
D3331.contig1324	467	19	13
D3331.contig1325	467	22	12
D3331.contig1326	467	20	12
D3331.contig1327	467	15	7
D3331.contig1328	467	9	1
D3331.contig1329	467	11	9
D3331.contig1330	467	22	12
D3331.contig1331	466	18	9
D3331.contig1332	466	45	11
D3331.contig1333	466	15	5
D3331.contig1334	466	20	8
D3331.contig1335	465	11	9
D3331.contig1336	465	21	6
D3331.contig1337	465	16	6
D3331.contig1338	465	16	3
D3331.contig1339	464	21	10
D3331.contig1340	463	16	9
D3331.contig1341	463	30	5
D3331.contig1342	463	28	1
D3331.contig1343	463	20	7
D3331.contig1344	463	13	9
D3331.contig1345	462	10	4
D3331.contig1346	462	20	9
D3331.contig1347	462	19	9
D3331.contig1348	462	251	7
D3331.contig1349	461	19	5
D3331.contig1350	461	9	5
D3331.contig1351	460	21	4
D3331.contig1352	460	19	3
D3331.contig1353	460	16	10
D3331.contig1354	460	19	5
D3331.contig1355	460	14	6
D3331.contig1356	460	42	7
D3331.contig1357	460	19	9
D3331.contig1358	459	38	4
D3331.contig1359	459	19	7
D3331.contig1360	459	49	9
D3331.contig1361	459	22	4
D3331.contig1362	459	20	5
D3331.contig1363	459	11	4
D3331.contig1364	458	15	8
D3331.contig1365	458	18	5
D3331.contig1366	458	24	8
D3331.contig1367	457	19	5
D3331.contig1368	457	15	7
D3331.contig1369	456	18	4
D3331.contig1370	456	14	6
D3331.contig1371	456	22	1
D3331.contig1372	455	17	4
D3331.contig1373	454	8	6
D3331.contig1374	454	27	6
D3331.contig1375	454	11	11
D3331.contig1376	453	11	7
D3331.contig1377	453	20	5
D3331.contig1378	453	33	14
D3331.contig1379	453	19	7
D3331.contig1380	453	35	3
D3331.contig1381	453	13	11
D3331.contig1382	453	13	5
D3331.contig1383	452	15	6
D3331.contig1384	452	16	6
D3331.contig1385	452	24	4
D3331.contig1386	452	10	9
D3331.contig1387	452	10	7
D3331.contig1388	452	17	8
D3331.contig1389	451	20	5
D3331.contig1390	451	15	9
D3331.contig1391	451	22	13
D3331.contig1392	450	15	7
D3331.contig1393	450	14	6
D3331.contig1394	450	18	6
D3331.contig1395	450	15	9
D3331.contig1396	449	40	5
D3331.contig1397	449	15	7
D3331.contig1398	449	11	6
D3331.contig1399	449	23	4
D3331.contig1400	449	23	7
D3331.contig1401	448	16	3
D3331.contig1402	448	19	8
D3331.contig1403	448	17	6
D3331.contig1404	448	20	5
D3331.contig1405	448	20	3
D3331.contig1406	447	15	8
D3331.contig1407	447	12	8
D3331.contig1408	447	12	8
D3331.contig1409	447	22	8
D3331.contig1410	447	9	5
D3331.contig1411	447	15	6
D3331.contig1412	446	15	3
D3331.contig1413	446	11	2
D3331.contig1414	446	10	6
D3331.contig1415	446	14	8
D3331.contig1416	446	11	7
D3331.contig1417	446	20	8
D3331.contig1418	445	18	4
D3331.contig1419	444	24	5
D3331.contig1420	444	10	10
D3331.contig1421	444	13	8
D3331.contig1422	444	17	5
D3331.contig1423	444	13	4
D3331.contig1424	443	40	7
D3331.contig1425	443	13	5
D3331.contig1426	442	10	8
D3331.contig1427	442	23	1
D3331.contig1428	442	13	8
D3331.contig1429	442	12	6
D3331.contig1430	441	11	3
D3331.contig1431	441	14	4
D3331.contig1432	441	16	13
D3331.contig1433	441	18	5
D3331.contig1434	441	295	6
D3331.contig1435	440	394	7
D3331.contig1436	440	12	10
D3331.contig1437	440	20	6
D3331.contig1438	440	14	6
D3331.contig1439	440	19	10
D3331.contig1440	439	9	5
D3331.contig1441	439	11	7
D3331.contig1442	439	14	5
D3331.contig1443	439	8	6
D3331.contig1444	439	13	5
D3331.contig1445	439	19	4
D3331.contig1446	439	13	5
D3331.contig1447	439	13	5
D3331.contig1448	438	23	0
D3331.contig1449	438	10	4
D3331.contig1450	437	13	7
D3331.contig1451	437	7	1
D3331.contig1452	437	9	7
D3331.contig1453	437	16	6
D3331.contig1454	437	26	5
D3331.contig1455	437	14	8
D3331.contig1456	436	193	10
D3331.contig1457	436	14	9
D3331.contig1458	436	16	8
D3331.contig1459	436	8	3
D3331.contig1460	436	18	6
D3331.contig1461	435	20	4
D3331.contig1462	435	9	5
D3331.contig1463	435	18	3
D3331.contig1464	435	11	7
D3331.contig1465	435	8	4
D3331.contig1466	435	12	8
D3331.contig1467	434	23	5
D3331.contig1468	434	19	3
D3331.contig1469	434	13	5
D3331.contig1470	434	15	8
D3331.contig1471	434	16	4
D3331.contig1472	434	10	8
D3331.contig1473	434	10	7
D3331.contig1474	434	12	10
D3331.contig1475	433	18	10
D3331.contig1476	433	17	8
D3331.contig1477	433	11	5
D3331.contig1478	433	16	8
D3331.contig1479	432	20	6
D3331.contig1480	432	12	6
D3331.contig1481	432	18	6
D3331.contig1482	432	17	9
D3331.contig1483	432	12	6
D3331.contig1484	432	12	2
D3331.contig1485	431	12	10
D3331.contig1486	431	19	4
D3331.contig1487	431	11	7
D3331.contig1488	431	11	8
D3331.contig1489	431	22	3
D3331.contig1490	431	15	4
D3331.contig1491	430	18	8
D3331.contig1492	430	15	7
D3331.contig1493	430	15	7
D3331.contig1494	430	14	4
D3331.contig1495	430	13	1
D3331.contig1496	430	14	5
D3331.contig1497	429	16	4
D3331.contig1498	428	30	16
D3331.contig1499	428	20	6
D3331.contig1500	428	19	4
D3331.contig1501	428	14	3
D3331.contig1502	428	38	4
D3331.contig1503	428	30	5
D3331.contig1504	427	19	5
D3331.contig1505	427	14	3
D3331.contig1506	427	19	2
D3331.contig1507	427	188	2
D3331.contig1508	426	15	5
D3331.contig1509	426	7	3
D3331.contig1510	426	198	26
D3331.contig1511	426	41	1
D3331.contig1512	426	18	11
D3331.contig1513	426	10	6
D3331.contig1514	425	11	7
D3331.contig1515	425	22	8
D3331.contig1516	425	15	8
D3331.contig1517	425	18	4
D3331.contig1518	425	14	2
D3331.contig1519	423	15	2
D3331.contig1520	423	18	6
D3331.contig1521	423	10	6
D3331.contig1522	423	7	1
D3331.contig1523	423	5	4
D3331.contig1524	422	16	6
D3331.contig1525	422	20	6
D3331.contig1526	422	15	2
D3331.contig1527	422	12	3
D3331.contig1528	422	14	6
D3331.contig1529	421	20	12
D3331.contig1530	421	17	7
D3331.contig1531	421	16	7
D3331.contig1532	421	11	5
D3331.contig1533	420	10	4
D3331.contig1534	420	23	1
D3331.contig1535	420	21	3
D3331.contig1536	420	9	1
D3331.contig1537	419	12	5
D3331.contig1538	419	26	4
D3331.contig1539	419	12	7
D3331.contig1540	419	19	4
D3331.contig1541	418	54	3
D3331.contig1542	418	7	5
D3331.contig1543	418	9	6
D3331.contig1544	417	19	8
D3331.contig1545	417	15	7
D3331.contig1546	416	20	8
D3331.contig1547	416	19	2
D3331.contig1548	416	28	6
D3331.contig1549	416	15	9
D3331.contig1550	416	17	4
D3331.contig1551	416	14	6
D3331.contig1552	416	29	6
D3331.contig1553	415	16	5
D3331.contig1554	415	9	5
D3331.contig1555	415	15	9
D3331.contig1556	414	12	6
D3331.contig1557	414	22	3
D3331.contig1558	414	20	8
D3331.contig1559	414	17	13
D3331.contig1560	414	22	4
D3331.contig1561	413	10	4
D3331.contig1562	413	14	4
D3331.contig1563	413	14	6
D3331.contig1564	412	8	4
D3331.contig1565	412	10	4
D3331.contig1566	412	22	6
D3331.contig1567	411	9	5
D3331.contig1568	411	20	3
D3331.contig1569	411	8	6
D3331.contig1570	411	16	8
D3331.contig1571	411	12	4
D3331.contig1572	411	17	11
D3331.contig1573	410	11	7
D3331.contig1574	410	11	4
D3331.contig1575	410	6	4
D3331.contig1576	410	11	3
D3331.contig1577	410	10	8
D3331.contig1578	410	7	6
D3331.contig1579	410	8	4
D3331.contig1580	409	17	3
D3331.contig1581	409	16	3
D3331.contig1582	408	25	6
D3331.contig1583	408	11	5
D3331.contig1584	408	8	8
D3331.contig1585	408	9	7
D3331.contig1586	408	25	5
D3331.contig1587	408	8	8
D3331.contig1588	407	14	8
D3331.contig1589	407	25	3
D3331.contig1590	407	8	2
D3331.contig1591	407	10	8
D3331.contig1592	407	12	3
D3331.contig1593	406	11	11
D3331.contig1594	406	10	10
D3331.contig1595	406	18	12
D3331.contig1596	406	12	8
D3331.contig1597	406	15	5
D3331.contig1598	405	30	1
D3331.contig1599	405	12	5
D3331.contig1600	405	9	4
D3331.contig1601	405	14	8
D3331.contig1602	405	17	3
D3331.contig1603	405	12	10
D3331.contig1604	405	25	10
D3331.contig1605	404	14	3
D3331.contig1606	404	17	6
D3331.contig1607	404	11	3
D3331.contig1608	404	19	6
D3331.contig1609	404	11	5
D3331.contig1610	404	8	6
D3331.contig1611	403	16	10
D3331.contig1612	403	19	2
D3331.contig1613	403	14	0
D3331.contig1614	403	13	9
D3331.contig1615	402	14	1
D3331.contig1616	402	25	2
D3331.contig1617	402	14	8
D3331.contig1618	402	7	2
D3331.contig1619	401	25	5
D3331.contig1620	401	9	4
D3331.contig1621	401	10	3
D3331.contig1622	400	15	6
D3331.contig1623	400	11	7
D3331.contig1624	400	9	6
D3331.contig1625	400	11	6
D3331.contig1626	400	8	4
D3331.contig1627	400	20	6
D3331.contig1628	400	16	5
D3331.contig1629	400	11	3
D3331.contig1630	400	3	3
D3331.contig1631	399	13	5
D3331.contig1632	399	17	2
D3331.contig1633	399	12	6
D3331.contig1634	398	111	7
D3331.contig1635	398	16	5
D3331.contig1636	398	20	8
D3331.contig1637	398	42	9
D3331.contig1638	398	9	2
D3331.contig1639	398	18	7
D3331.contig1640	398	13	5
D3331.contig1641	397	13	5
D3331.contig1642	397	13	5
D3331.contig1643	397	13	9
D3331.contig1644	397	13	7
D3331.contig1645	397	5	3
D3331.contig1646	397	21	5
D3331.contig1647	396	9	5
D3331.contig1648	396	9	7
D3331.contig1649	396	11	3
D3331.contig1650	396	11	7
D3331.contig1651	396	16	3
D3331.contig1652	396	8	6
D3331.contig1653	396	15	6
D3331.contig1654	396	12	6
D3331.contig1655	395	165	5
D3331.contig1656	395	14	6
D3331.contig1657	395	18	2
D3331.contig1658	395	11	7
D3331.contig1659	395	17	5
D3331.contig1660	395	12	4
D3331.contig1661	395	23	3
D3331.contig1662	394	23	13
D3331.contig1663	394	1275	334
D3331.contig1664	394	13	5
D3331.contig1665	394	12	5
D3331.contig1666	394	10	2
D3331.contig1667	394	12	6
D3331.contig1668	394	14	3
D3331.contig1669	393	19	5
D3331.contig1670	393	14	5
D3331.contig1671	393	16	10
D3331.contig1672	393	21	2
D3331.contig1673	392	11	5
D3331.contig1674	392	9	6
D3331.contig1675	392	8	4
D3331.contig1676	392	20	6
D3331.contig1677	392	9	3
D3331.contig1678	391	12	8
D3331.contig1679	391	18	7
D3331.contig1680	391	12	4
D3331.contig1681	390	13	8
D3331.contig1682	390	19	4
D3331.contig1683	390	9	4
D3331.contig1684	390	8	8
D3331.contig1685	390	15	3
D3331.contig1686	390	25	16
D3331.contig1687	389	12	2
D3331.contig1688	389	6	6
D3331.contig1689	389	15	9
D3331.contig1690	389	7	7
D3331.contig1691	389	15	3
D3331.contig1692	389	9	4
D3331.contig1693	388	16	8
D3331.contig1694	388	10	3
D3331.contig1695	388	10	6
D3331.contig1696	387	8	4
D3331.contig1697	387	20	5
D3331.contig1698	387	15	2
D3331.contig1699	387	31	5
D3331.contig1700	387	12	8
D3331.contig1701	387	11	3
D3331.contig1702	387	8	6
D3331.contig1703	386	13	3
D3331.contig1704	386	18	8
D3331.contig1705	386	165	5
D3331.contig1706	386	10	4
D3331.contig1707	385	12	6
D3331.contig1708	385	9	4
D3331.contig1709	385	11	5
D3331.contig1710	385	25	11
D3331.contig1711	385	21	6
D3331.contig1712	385	9	7
D3331.contig1713	384	13	4
D3331.contig1714	384	15	6
D3331.contig1715	384	10	4
D3331.contig1716	384	9	3
D3331.contig1717	384	9	3
D3331.contig1718	383	13	6
D3331.contig1719	383	12	4
D3331.contig1720	383	9	3
D3331.contig1721	383	15	3
D3331.contig1722	383	15	8
D3331.contig1723	383	22	9
D3331.contig1724	383	13	9
D3331.contig1725	382	11	5
D3331.contig1726	382	11	5
D3331.contig1727	382	18	7
D3331.contig1728	382	21	5
D3331.contig1729	382	36	2
D3331.contig1730	382	15	6
D3331.contig1731	381	32	7
D3331.contig1732	381	13	4
D3331.contig1733	381	16	3
D3331.contig1734	381	12	8
D3331.contig1735	381	14	6
D3331.contig1736	381	26	12
D3331.contig1737	381	28	4
D3331.contig1738	381	13	1
D3331.contig1739	380	10	6
D3331.contig1740	380	5	3
D3331.contig1741	379	15	6
D3331.contig1742	379	12	4
D3331.contig1743	379	7	6
D3331.contig1744	379	11	5
D3331.contig1745	379	16	4
D3331.contig1746	379	17	6
D3331.contig1747	379	12	5
D3331.contig1748	378	11	5
D3331.contig1749	378	10	4
D3331.contig1750	378	10	6
D3331.contig1751	378	17	5
D3331.contig1752	377	20	5
D3331.contig1753	377	10	6
D3331.contig1754	376	15	5
D3331.contig1755	376	13	4
D3331.contig1756	376	11	6
D3331.contig1757	376	11	8
D3331.contig1758	376	14	8
D3331.contig1759	376	17	4
D3331.contig1760	376	6	4
D3331.contig1761	376	15	5
D3331.contig1762	376	22	3
D3331.contig1763	376	14	3
D3331.contig1764	375	13	7
D3331.contig1765	375	8	3
D3331.contig1766	375	16	8
D3331.contig1767	375	18	9
D3331.contig1768	374	10	5
D3331.contig1769	374	12	5
D3331.contig1770	373	14	10
D3331.contig1771	373	9	5
D3331.contig1772	373	11	3
D3331.contig1773	373	14	9
D3331.contig1774	372	9	4
D3331.contig1775	372	11	8
D3331.contig1776	372	13	3
D3331.contig1777	372	11	9
D3331.contig1778	372	12	2
D3331.contig1779	371	11	5
D3331.contig1780	371	10	3
D3331.contig1781	371	16	5
D3331.contig1782	371	6	4
D3331.contig1783	371	10	6
D3331.contig1784	371	20	7
D3331.contig1785	371	23	4
D3331.contig1786	370	16	3
D3331.contig1787	370	14	5
D3331.contig1788	370	10	6
D3331.contig1789	369	10	5
D3331.contig1790	369	6	5
D3331.contig1791	369	13	8
D3331.contig1792	369	8	5
D3331.contig1793	369	10	2
D3331.contig1794	369	18	10
D3331.contig1795	369	13	10
D3331.contig1796	369	9	7
D3331.contig1797	369	7	5
D3331.contig1798	369	7	5
D3331.contig1799	368	15	7
D3331.contig1800	368	17	7
D3331.contig1801	368	9	6
D3331.contig1802	368	6	6
D3331.contig1803	368	12	5
D3331.contig1804	368	9	1
D3331.contig1805	368	14	6
D3331.contig1806	368	15	5
D3331.contig1807	367	9	9
D3331.contig1808	367	8	6
D3331.contig1809	366	11	3
D3331.contig1810	366	11	7
D3331.contig1811	366	9	4
D3331.contig1812	366	7	5
D3331.contig1813	366	14	8
D3331.contig1814	366	18	6
D3331.contig1815	366	19	7
D3331.contig1816	366	6	4
D3331.contig1817	365	11	1
D3331.contig1818	365	7	5
D3331.contig1819	365	13	9
D3331.contig1820	365	6	2
D3331.contig1821	365	12	6
D3331.contig1822	364	15	5
D3331.contig1823	364	15	12
D3331.contig1824	364	13	9
D3331.contig1825	364	6	4
D3331.contig1826	364	13	8
D3331.contig1827	364	12	5
D3331.contig1828	364	13	5
D3331.contig1829	364	10	4
D3331.contig1830	364	17	6
D3331.contig1831	364	9	7
D3331.contig1832	364	13	7
D3331.contig1833	364	15	9
D3331.contig1834	364	16	3
D3331.contig1835	363	18	1
D3331.contig1836	363	12	8
D3331.contig1837	363	14	8
D3331.contig1838	363	20	5
D3331.contig1839	363	17	1
D3331.contig1840	363	22	8
D3331.contig1841	363	18	6
D3331.contig1842	363	6	5
D3331.contig1843	362	14	2
D3331.contig1844	362	17	11
D3331.contig1845	362	11	2
D3331.contig1846	362	8	6
D3331.contig1847	362	12	3
D3331.contig1848	362	6	4
D3331.contig1849	362	19	3
D3331.contig1850	361	16	12
D3331.contig1851	361	12	10
D3331.contig1852	361	20	4
D3331.contig1853	361	11	7
D3331.contig1854	361	13	3
D3331.contig1855	361	19	11
D3331.contig1856	361	12	9
D3331.contig1857	360	15	7
D3331.contig1858	360	11	9
D3331.contig1859	360	15	10
D3331.contig1860	360	157	24
D3331.contig1861	360	9	5
D3331.contig1862	360	20	7
D3331.contig1863	360	12	5
D3331.contig1864	360	13	2
D3331.contig1865	360	11	10
D3331.contig1866	359	14	2
D3331.contig1867	359	16	0
D3331.contig1868	359	11	5
D3331.contig1869	359	13	4
D3331.contig1870	359	15	6
D3331.contig1871	359	11	5
D3331.contig1872	359	8	5
D3331.contig1873	358	15	1
D3331.contig1874	358	16	9
D3331.contig1875	358	11	8
D3331.contig1876	358	11	6
D3331.contig1877	358	13	4
D3331.contig1878	358	8	6
D3331.contig1879	358	18	3
D3331.contig1880	357	7	3
D3331.contig1881	357	7	2
D3331.contig1882	357	9	3
D3331.contig1883	357	11	1
D3331.contig1884	357	4	2
D3331.contig1885	357	10	3
D3331.contig1886	357	22	6
D3331.contig1887	357	18	1
D3331.contig1888	356	5	5
D3331.contig1889	356	13	4
D3331.contig1890	356	16	12
D3331.contig1891	356	14	12
D3331.contig1892	356	12	4
D3331.contig1893	356	8	5
D3331.contig1894	356	19	9
D3331.contig1895	355	8	6
D3331.contig1896	355	12	6
D3331.contig1897	355	8	4
D3331.contig1898	355	11	7
D3331.contig1899	355	15	5
D3331.contig1900	355	15	4
D3331.contig1901	355	11	5
D3331.contig1902	354	6	6
D3331.contig1903	354	10	2
D3331.contig1904	354	6	4
D3331.contig1905	354	23	2
D3331.contig1906	354	8	5
D3331.contig1907	354	8	6
D3331.contig1908	354	11	5
D3331.contig1909	354	10	8
D3331.contig1910	354	6	6
D3331.contig1911	354	13	7
D3331.contig1912	354	8	8
D3331.contig1913	354	5	3
D3331.contig1914	354	17	2
D3331.contig1915	353	12	4
D3331.contig1916	353	16	5
D3331.contig1917	353	9	3
D3331.contig1918	353	7	3
D3331.contig1919	353	10	4
D3331.contig1920	353	239	11
D3331.contig1921	353	6	4
D3331.contig1922	353	21	4
D3331.contig1923	353	15	5
D3331.contig1924	353	11	3
D3331.contig1925	352	8	2
D3331.contig1926	352	12	7
D3331.contig1927	352	8	4
D3331.contig1928	352	8	1
D3331.contig1929	352	15	7
D3331.contig1930	351	16	6
D3331.contig1931	351	277	9
D3331.contig1932	351	13	6
D3331.contig1933	351	10	6
D3331.contig1934	351	11	1
D3331.contig1935	351	19	8
D3331.contig1936	351	14	9
D3331.contig1937	351	15	5
D3331.contig1938	351	7	3
D3331.contig1939	351	12	3
D3331.contig1940	351	7	1
D3331.contig1941	351	13	7
D3331.contig1942	351	18	6
D3331.contig1943	351	13	8
D3331.contig1944	350	12	6
D3331.contig1945	350	9	1
D3331.contig1946	350	7	7
D3331.contig1947	350	7	4
D3331.contig1948	350	11	5
D3331.contig1949	350	10	6
D3331.contig1950	350	7	7
D3331.contig1951	350	15	5
D3331.contig1952	350	13	10
D3331.contig1953	350	23	3
D3331.contig1954	349	6	4
D3331.contig1955	349	10	10
D3331.contig1956	349	14	7
D3331.contig1957	349	9	5
D3331.contig1958	349	18	7
D3331.contig1959	349	18	3
D3331.contig1960	349	15	13
D3331.contig1961	349	9	5
D3331.contig1962	349	5	5
D3331.contig1963	349	8	4
D3331.contig1964	349	14	4
D3331.contig1965	349	7	5
D3331.contig1966	348	8	4
D3331.contig1967	348	7	7
D3331.contig1968	348	7	5
D3331.contig1969	348	10	2
D3331.contig1970	348	9	3
D3331.contig1971	348	11	6
D3331.contig1972	348	8	4
D3331.contig1973	348	16	3
D3331.contig1974	347	13	5
D3331.contig1975	347	14	3
D3331.contig1976	347	21	3
D3331.contig1977	347	10	6
D3331.contig1978	347	7	3
D3331.contig1979	347	51	2
D3331.contig1980	346	12	5
D3331.contig1981	346	6	3
D3331.contig1982	346	8	3
D3331.contig1983	346	12	6
D3331.contig1984	346	8	6
D3331.contig1985	346	13	6
D3331.contig1986	346	8	4
D3331.contig1987	346	7	5
D3331.contig1988	346	20	7
D3331.contig1989	345	4	4
D3331.contig1990	345	6	4
D3331.contig1991	345	26	2
D3331.contig1992	345	7	3
D3331.contig1993	345	8	6
D3331.contig1994	344	9	7
D3331.contig1995	344	7	7
D3331.contig1996	344	9	7
D3331.contig1997	344	22	9
D3331.contig1998	344	9	3
D3331.contig1999	344	6	4
D3331.contig2000	343	7	7
D3331.contig2001	343	17	5
D3331.contig2002	343	6	2
D3331.contig2003	343	6	4
D3331.contig2004	343	10	6
D3331.contig2005	342	15	5
D3331.contig2006	342	12	3
D3331.contig2007	342	13	7
D3331.contig2008	342	11	6
D3331.contig2009	342	16	2
D3331.contig2010	341	15	12
D3331.contig2011	341	13	4
D3331.contig2012	341	14	7
D3331.contig2013	341	15	4
D3331.contig2014	341	21	9
D3331.contig2015	341	8	4
D3331.contig2016	341	13	5
D3331.contig2017	341	10	6
D3331.contig2018	341	13	5
D3331.contig2019	340	11	9
D3331.contig2020	340	10	2
D3331.contig2021	340	8	6
D3331.contig2022	340	3	3
D3331.contig2023	340	13	2
D3331.contig2024	340	6	4
D3331.contig2025	340	16	12
D3331.contig2026	339	13	9
D3331.contig2027	339	8	6
D3331.contig2028	339	6	4
D3331.contig2029	339	11	7
D3331.contig2030	339	18	11
D3331.contig2031	339	12	6
D3331.contig2032	339	12	8
D3331.contig2033	339	7	3
D3331.contig2034	338	8	6
D3331.contig2035	338	17	10
D3331.contig2036	338	9	7
D3331.contig2037	338	11	6
D3331.contig2038	338	9	3
D3331.contig2039	338	16	8
D3331.contig2040	338	12	8
D3331.contig2041	338	10	6
D3331.contig2042	338	9	7
D3331.contig2043	338	11	7
D3331.contig2044	338	19	2
D3331.contig2045	338	13	4
D3331.contig2046	338	5	5
D3331.contig2047	337	6	2
D3331.contig2048	337	8	3
D3331.contig2049	337	5	2
D3331.contig2050	337	7	3
D3331.contig2051	337	11	9
D3331.contig2052	337	11	9
D3331.contig2053	337	5	5
D3331.contig2054	337	20	9
D3331.contig2055	336	11	5
D3331.contig2056	336	7	5
D3331.contig2057	336	15	13
D3331.contig2058	336	8	8
D3331.contig2059	336	15	7
D3331.contig2060	336	13	2
D3331.contig2061	336	8	6
D3331.contig2062	335	11	3
D3331.contig2063	335	9	5
D3331.contig2064	335	11	3
D3331.contig2065	335	8	2
D3331.contig2066	335	11	7
D3331.contig2067	335	9	5
D3331.contig2068	335	16	4
D3331.contig2069	335	12	4
D3331.contig2070	335	5	3
D3331.contig2071	335	11	6
D3331.contig2072	334	6	4
D3331.contig2073	334	11	11
D3331.contig2074	334	9	7
D3331.contig2075	334	13	8
D3331.contig2076	334	17	2
D3331.contig2077	334	13	4
D3331.contig2078	334	19	8
D3331.contig2079	333	8	2
D3331.contig2080	333	12	4
D3331.contig2081	333	17	3
D3331.contig2082	333	11	6
D3331.contig2083	333	15	3
D3331.contig2084	333	21	5
D3331.contig2085	333	10	8
D3331.contig2086	333	11	7
D3331.contig2087	332	15	7
D3331.contig2088	332	11	9
D3331.contig2089	332	10	4
D3331.contig2090	332	8	3
D3331.contig2091	332	5	5
D3331.contig2092	332	11	5
D3331.contig2093	332	5	5
D3331.contig2094	331	6	2
D3331.contig2095	331	14	8
D3331.contig2096	331	9	3
D3331.contig2097	331	12	4
D3331.contig2098	331	8	3
D3331.contig2099	331	12	7
D3331.contig2100	331	12	0
D3331.contig2101	331	12	6
D3331.contig2102	330	10	6
D3331.contig2103	330	16	4
D3331.contig2104	330	14	2
D3331.contig2105	330	7	3
D3331.contig2106	330	11	3
D3331.contig2107	330	11	5
D3331.contig2108	330	4	4
D3331.contig2109	330	8	2
D3331.contig2110	330	11	2
D3331.contig2111	330	9	4
D3331.contig2112	329	10	6
D3331.contig2113	329	13	2
D3331.contig2114	329	9	6
D3331.contig2115	329	22	2
D3331.contig2116	329	11	6
D3331.contig2117	329	7	3
D3331.contig2118	329	9	5
D3331.contig2119	329	6	4
D3331.contig2120	329	14	7
D3331.contig2121	329	12	10
D3331.contig2122	329	7	5
D3331.contig2123	329	11	9
D3331.contig2124	329	8	4
D3331.contig2125	329	8	8
D3331.contig2126	329	6	6
D3331.contig2127	328	12	4
D3331.contig2128	328	9	4
D3331.contig2129	328	17	2
D3331.contig2130	328	161	43
D3331.contig2131	328	15	2
D3331.contig2132	328	6	1
D3331.contig2133	328	10	10
D3331.contig2134	328	7	7
D3331.contig2135	328	12	4
D3331.contig2136	328	8	2
D3331.contig2137	327	11	7
D3331.contig2138	327	10	4
D3331.contig2139	327	12	4
D3331.contig2140	327	6	4
D3331.contig2141	327	15	7
D3331.contig2142	327	9	6
D3331.contig2143	326	14	8
D3331.contig2144	326	12	7
D3331.contig2145	326	11	6
D3331.contig2146	326	12	5
D3331.contig2147	326	11	3
D3331.contig2148	326	12	12
D3331.contig2149	326	6	4
D3331.contig2150	326	14	4
D3331.contig2151	326	9	5
D3331.contig2152	325	5	5
D3331.contig2153	325	6	4
D3331.contig2154	325	11	1
D3331.contig2155	325	9	5
D3331.contig2156	325	7	5
D3331.contig2157	325	17	3
D3331.contig2158	325	15	3
D3331.contig2159	325	7	5
D3331.contig2160	325	13	4
D3331.contig2161	325	9	4
D3331.contig2162	325	15	11
D3331.contig2163	324	7	7
D3331.contig2164	324	16	2
D3331.contig2165	324	13	3
D3331.contig2166	324	6	4
D3331.contig2167	324	7	3
D3331.contig2168	324	10	7
D3331.contig2169	324	6	4
D3331.contig2170	324	9	7
D3331.contig2171	323	9	6
D3331.contig2172	323	27	8
D3331.contig2173	323	10	10
D3331.contig2174	323	6	4
D3331.contig2175	323	13	3
D3331.contig2176	323	10	3
D3331.contig2177	323	14	6
D3331.contig2178	323	10	6
D3331.contig2179	323	13	6
D3331.contig2180	323	9	4
D3331.contig2181	323	8	5
D3331.contig2182	322	14	5
D3331.contig2183	322	9	7
D3331.contig2184	322	12	4
D3331.contig2185	322	2829	67
D3331.contig2186	322	8	6
D3331.contig2187	322	10	3
D3331.contig2188	321	8	4
D3331.contig2189	321	17	3
D3331.contig2190	321	15	6
D3331.contig2191	321	10	2
D3331.contig2192	321	11	5
D3331.contig2193	321	15	8
D3331.contig2194	321	5	3
D3331.contig2195	320	12	7
D3331.contig2196	320	10	3
D3331.contig2197	320	8	6
D3331.contig2198	320	12	0
D3331.contig2199	320	13	11
D3331.contig2200	320	5	5
D3331.contig2201	320	4	0
D3331.contig2202	319	10	9
D3331.contig2203	319	11	2
D3331.contig2204	319	9	2
D3331.contig2205	319	12	8
D3331.contig2206	319	9	6
D3331.contig2207	319	7	5
D3331.contig2208	319	11	5
D3331.contig2209	319	7	5
D3331.contig2210	319	16	9
D3331.contig2211	319	13	8
D3331.contig2212	319	9	2
D3331.contig2213	319	11	7
D3331.contig2214	318	14	5
D3331.contig2215	318	3	3
D3331.contig2216	318	5	3
D3331.contig2217	318	7	2
D3331.contig2218	318	15	8
D3331.contig2219	318	8	5
D3331.contig2220	318	14	12
D3331.contig2221	317	7	3
D3331.contig2222	317	22	2
D3331.contig2223	317	12	6
D3331.contig2224	317	13	3
D3331.contig2225	317	8	3
D3331.contig2226	317	13	5
D3331.contig2227	317	7	7
D3331.contig2228	317	12	10
D3331.contig2229	317	10	6
D3331.contig2230	317	2	2
D3331.contig2231	316	8	6
D3331.contig2232	316	6	4
D3331.contig2233	316	8	8
D3331.contig2234	316	20	4
D3331.contig2235	316	7	3
D3331.contig2236	316	9	3
D3331.contig2237	316	8	6
D3331.contig2238	316	12	5
D3331.contig2239	316	11	3
D3331.contig2240	316	5	1
D3331.contig2241	316	22	2
D3331.contig2242	315	14	6
D3331.contig2243	315	8	6
D3331.contig2244	315	10	5
D3331.contig2245	315	14	2
D3331.contig2246	315	5	3
D3331.contig2247	315	9	7
D3331.contig2248	315	7	6
D3331.contig2249	315	20	1
D3331.contig2250	315	16	5
D3331.contig2251	314	10	7
D3331.contig2252	314	7	2
D3331.contig2253	314	12	4
D3331.contig2254	314	8	2
D3331.contig2255	314	8	3
D3331.contig2256	314	9	5
D3331.contig2257	314	8	6
D3331.contig2258	314	8	6
D3331.contig2259	314	8	6
D3331.contig2260	314	13	5
D3331.contig2261	314	10	4
D3331.contig2262	314	7	5
D3331.contig2263	314	12	4
D3331.contig2264	314	7	4
D3331.contig2265	314	18	4
D3331.contig2266	314	3	3
D3331.contig2267	313	10	4
D3331.contig2268	313	11	9
D3331.contig2269	313	16	8
D3331.contig2270	313	9	5
D3331.contig2271	313	7	5
D3331.contig2272	313	13	5
D3331.contig2273	313	9	5
D3331.contig2274	312	20	2
D3331.contig2275	312	3	3
D3331.contig2276	312	9	5
D3331.contig2277	312	20	6
D3331.contig2278	312	8	5
D3331.contig2279	312	11	5
D3331.contig2280	312	12	5
D3331.contig2281	312	26	7
D3331.contig2282	312	6	5
D3331.contig2283	312	9	7
D3331.contig2284	312	11	4
D3331.contig2285	312	4	4
D3331.contig2286	312	9	5
D3331.contig2287	312	5	4
D3331.contig2288	312	7	6
D3331.contig2289	311	8	4
D3331.contig2290	311	12	6
D3331.contig2291	311	7	2
D3331.contig2292	311	7	5
D3331.contig2293	311	8	8
D3331.contig2294	311	7	2
D3331.contig2295	311	8	3
D3331.contig2296	311	5	3
D3331.contig2297	311	11	9
D3331.contig2298	311	5	5
D3331.contig2299	310	9	8
D3331.contig2300	310	10	10
D3331.contig2301	310	9	5
D3331.contig2302	310	9	7
D3331.contig2303	310	9	2
D3331.contig2304	310	12	3
D3331.contig2305	310	9	7
D3331.contig2306	310	6	4
D3331.contig2307	310	8	6
D3331.contig2308	310	8	7
D3331.contig2309	309	11	3
D3331.contig2310	309	11	5
D3331.contig2311	309	10	8
D3331.contig2312	309	264	10
D3331.contig2313	309	6	4
D3331.contig2314	309	16	6
D3331.contig2315	309	12	8
D3331.contig2316	309	10	4
D3331.contig2317	309	14	8
D3331.contig2318	308	14	7
D3331.contig2319	308	8	6
D3331.contig2320	308	7	1
D3331.contig2321	308	10	7
D3331.contig2322	308	13	5
D3331.contig2323	308	6	4
D3331.contig2324	308	12	6
D3331.contig2325	308	10	5
D3331.contig2326	308	4	4
D3331.contig2327	308	13	9
D3331.contig2328	308	18	3
D3331.contig2329	308	6	5
D3331.contig2330	307	8	4
D3331.contig2331	307	10	2
D3331.contig2332	307	8	7
D3331.contig2333	307	6	4
D3331.contig2334	307	16	6
D3331.contig2335	307	17	6
D3331.contig2336	307	7	5
D3331.contig2337	307	7	2
D3331.contig2338	307	5	3
D3331.contig2339	307	14	10
D3331.contig2340	307	8	1
D3331.contig2341	307	8	4
D3331.contig2342	307	9	5
D3331.contig2343	307	7	3
D3331.contig2344	307	4	4
D3331.contig2345	307	7	7
D3331.contig2346	307	10	4
D3331.contig2347	307	8	2
D3331.contig2348	307	7	3
D3331.contig2349	307	6	4
D3331.contig2350	307	9	5
D3331.contig2351	306	10	7
D3331.contig2352	306	9	6
D3331.contig2353	306	6	4
D3331.contig2354	306	7	3
D3331.contig2355	306	7	3
D3331.contig2356	306	11	6
D3331.contig2357	306	10	1
D3331.contig2358	306	10	7
D3331.contig2359	306	8	6
D3331.contig2360	306	6	4
D3331.contig2361	306	13	2
D3331.contig2362	305	13	7
D3331.contig2363	305	13	6
D3331.contig2364	305	7	3
D3331.contig2365	305	11	3
D3331.contig2366	305	5	3
D3331.contig2367	305	6	3
D3331.contig2368	305	6	6
D3331.contig2369	305	3	1
D3331.contig2370	305	9	7
D3331.contig2371	305	16	7
D3331.contig2372	305	9	5
D3331.contig2373	305	7	4
D3331.contig2374	305	6	4
D3331.contig2375	305	8	4
D3331.contig2376	304	10	4
D3331.contig2377	304	6	4
D3331.contig2378	304	4	4
D3331.contig2379	304	9	3
D3331.contig2380	304	12	1
D3331.contig2381	304	9	5
D3331.contig2382	304	15	6
D3331.contig2383	304	5	5
D3331.contig2384	304	13	8
D3331.contig2385	304	11	7
D3331.contig2386	303	7	5
D3331.contig2387	303	10	5
D3331.contig2388	303	726	16
D3331.contig2389	303	22	1
D3331.contig2390	303	7	5
D3331.contig2391	303	13	7
D3331.contig2392	303	6	6
D3331.contig2393	303	4	4
D3331.contig2394	303	5	4
D3331.contig2395	303	11	3
D3331.contig2396	303	9	5
D3331.contig2397	303	6	3
D3331.contig2398	303	6	3
D3331.contig2399	303	9	1
D3331.contig2400	303	14	7
D3331.contig2401	303	7	5
D3331.contig2402	303	10	5
D3331.contig2403	302	12	10
D3331.contig2404	302	9	5
D3331.contig2405	302	9	5
D3331.contig2406	302	6	6
D3331.contig2407	302	6	2
D3331.contig2408	302	9	5
D3331.contig2409	302	5	3
D3331.contig2410	302	8	4
D3331.contig2411	302	7	2
D3331.contig2412	302	14	7
D3331.contig2413	302	7	7
D3331.contig2414	302	6	4
D3331.contig2415	301	5	3
D3331.contig2416	301	13	9
D3331.contig2417	301	6	4
D3331.contig2418	301	17	5
D3331.contig2419	301	9	5
D3331.contig2420	301	5	5
D3331.contig2421	301	5	5
D3331.contig2422	301	9	7
D3331.contig2423	301	7	1
D3331.contig2424	301	13	7
D3331.contig2425	301	8	6
D3331.contig2426	300	7	5
D3331.contig2427	300	15	3
D3331.contig2428	300	8	3
D3331.contig2429	300	6	6
D3331.contig2430	300	7	7
D3331.contig2431	300	14	6
D3331.contig2432	300	4	2
D3331.contig2433	300	5	3
D3331.contig2434	300	12	6
D3331.contig2435	300	9	6
D3331.contig2436	300	6	6
D3331.contig2437	300	7	7
D3331.contig2438	300	7	3
D3331.contig2439	300	10	5
D3331.contig2440	300	8	6
*	0	0	147456
