D3651.contig1	80573	47156	1054
D3651.contig2	52525	1211064	37260
D3651.contig3	47981	17689	325
D3651.contig4	43476	1316228	47686
D3651.contig5	42989	160793	4176
D3651.contig6	39135	79189	2415
D3651.contig7	38083	157203	3158
D3651.contig8	37913	349116	8017
D3651.contig9	37285	48927	1129
D3651.contig10	36596	264941	6834
D3651.contig11	33773	2381207	52188
D3651.contig12	32722	92314	2802
D3651.contig13	31901	285984	8367
D3651.contig14	30261	16557	325
D3651.contig15	30205	51829	1115
D3651.contig16	28738	139848	4844
D3651.contig17	28528	14718	410
D3651.contig18	28275	12604	332
D3651.contig19	27556	7473	98
D3651.contig20	27388	15721	338
D3651.contig21	26045	5974	110
D3651.contig22	24785	16342	424
D3651.contig23	24036	10931	244
D3651.contig24	23542	9662	199
D3651.contig25	22198	6146	152
D3651.contig26	22014	15641	239
D3651.contig27	21844	15002	404
D3651.contig28	20702	10725	249
D3651.contig29	19500	5660	138
D3651.contig30	19308	14944	406
D3651.contig31	18868	26889	805
D3651.contig32	18730	193952	5959
D3651.contig33	18326	9136	243
D3651.contig34	18005	3133	65
D3651.contig35	16956	4975	138
D3651.contig36	16302	4613	135
D3651.contig37	16176	12006	300
D3651.contig38	15908	9153	203
D3651.contig39	15839	15139	284
D3651.contig40	15506	3240	104
D3651.contig41	15052	6257	119
D3651.contig42	14788	6655	135
D3651.contig43	14739	6677	221
D3651.contig44	14656	78322	1934
D3651.contig45	14261	2750	55
D3651.contig46	13585	9178	235
D3651.contig47	13376	6188	101
D3651.contig48	13343	3802	71
D3651.contig49	13259	5648	93
D3651.contig50	12974	2520	39
D3651.contig51	12594	3137	40
D3651.contig52	12324	1556881	70344
D3651.contig53	12106	5823	154
D3651.contig54	11892	2778	36
D3651.contig55	11743	4570	158
D3651.contig56	11629	14115	367
D3651.contig57	11482	269868	7070
D3651.contig58	11196	1772	47
D3651.contig59	10721	4611	50
D3651.contig60	10678	3682	150
D3651.contig61	10503	3860	121
D3651.contig62	9978	4018	115
D3651.contig63	9631	2435	72
D3651.contig64	9399	1834	36
D3651.contig65	9289	7991	213
D3651.contig66	9261	6163	163
D3651.contig67	9101	2252	69
D3651.contig68	9072	1285	24
D3651.contig69	8968	1626	42
D3651.contig70	8729	1892	48
D3651.contig71	8414	1325	30
D3651.contig72	7862	2035	48
D3651.contig73	7788	1620	43
D3651.contig74	7449	1175	36
D3651.contig75	7243	1342	18
D3651.contig76	7085	1194	47
D3651.contig77	7045	6048	206
D3651.contig78	7007	2241	62
D3651.contig79	6974	830	18
D3651.contig80	6905	1814	57
D3651.contig81	6847	1194	45
D3651.contig82	6841	1320	32
D3651.contig83	6829	1249	45
D3651.contig84	6796	1251	38
D3651.contig85	6697	1606	38
D3651.contig86	6660	2197	49
D3651.contig87	6484	1191	46
D3651.contig88	6479	1007	26
D3651.contig89	6311	1121	44
D3651.contig90	6026	26714	891
D3651.contig91	6020	73043	2144
D3651.contig92	5991	1768	64
D3651.contig93	5956	133786	2695
D3651.contig94	5903	2108	63
D3651.contig95	5851	3015	49
D3651.contig96	5795	2177	66
D3651.contig97	5723	2913	48
D3651.contig98	5694	946	19
D3651.contig99	5532	3122	74
D3651.contig100	5402	1722	30
D3651.contig101	5361	1809	38
D3651.contig102	5251	639	20
D3651.contig103	5190	2428	82
D3651.contig104	5188	69475	1563
D3651.contig105	5153	474	17
D3651.contig106	5071	792	29
D3651.contig107	5061	944	22
D3651.contig108	4983	2271	28
D3651.contig109	4940	1332	32
D3651.contig110	4922	1466	50
D3651.contig111	4911	572	25
D3651.contig112	4705	1219	16
D3651.contig113	4676	624	30
D3651.contig114	4612	643	22
D3651.contig115	4505	477	11
D3651.contig116	4491	634	34
D3651.contig117	4477	841	10
D3651.contig118	4443	537	14
D3651.contig119	4431	333	16
D3651.contig120	4375	185362	3806
D3651.contig121	4359	549	14
D3651.contig122	4330	491	23
D3651.contig123	4294	421	23
D3651.contig124	4258	1581	27
D3651.contig125	4243	585	27
D3651.contig126	4213	5085	106
D3651.contig127	4200	507	27
D3651.contig128	4177	432	28
D3651.contig129	4155	383	29
D3651.contig130	4009	2095	50
D3651.contig131	3973	493	22
D3651.contig132	3959	593	26
D3651.contig133	3942	1254	33
D3651.contig134	3924	9081	226
D3651.contig135	3902	480	17
D3651.contig136	3896	1069	34
D3651.contig137	3879	602	31
D3651.contig138	3878	558	7
D3651.contig139	3839	1105	21
D3651.contig140	3833	6385	70
D3651.contig141	3754	579	25
D3651.contig142	3711	335	17
D3651.contig143	3663	857	34
D3651.contig144	3657	401	19
D3651.contig145	3646	221	5
D3651.contig146	3579	924	34
D3651.contig147	3569	1131	9
D3651.contig148	3541	535	19
D3651.contig149	3475	614	21
D3651.contig150	3464	456	15
D3651.contig151	3437	1569	70
D3651.contig152	3426	776	15
D3651.contig153	3425	326	15
D3651.contig154	3415	955	37
D3651.contig155	3387	348	11
D3651.contig156	3369	900	26
D3651.contig157	3351	1894	39
D3651.contig158	3286	646	13
D3651.contig159	3284	1019	44
D3651.contig160	3281	471	15
D3651.contig161	3263	422	14
D3651.contig162	3256	943	29
D3651.contig163	3253	536	12
D3651.contig164	3235	9968	254
D3651.contig165	3200	515	12
D3651.contig166	3193	231	4
D3651.contig167	3192	403	18
D3651.contig168	3184	324	10
D3651.contig169	3183	348	13
D3651.contig170	3172	375	15
D3651.contig171	3157	368	16
D3651.contig172	3134	251	13
D3651.contig173	3134	1956	31
D3651.contig174	3113	491	27
D3651.contig175	3107	851	19
D3651.contig176	3098	330	13
D3651.contig177	3083	401	18
D3651.contig178	3070	319	15
D3651.contig179	3033	395	5
D3651.contig180	3014	1549	52
D3651.contig181	3000	366	6
D3651.contig182	2999	297	7
D3651.contig183	2985	505	20
D3651.contig184	2951	784	13
D3651.contig185	2937	529	4
D3651.contig186	2916	267	7
D3651.contig187	2888	311	7
D3651.contig188	2863	440	30
D3651.contig189	2858	7626	219
D3651.contig190	2836	419	19
D3651.contig191	2835	257	12
D3651.contig192	2812	244	10
D3651.contig193	2795	324	10
D3651.contig194	2766	260	5
D3651.contig195	2760	310	13
D3651.contig196	2756	478	16
D3651.contig197	2737	261	9
D3651.contig198	2722	600	16
D3651.contig199	2688	158	9
D3651.contig200	2680	231	14
D3651.contig201	2635	565	14
D3651.contig202	2625	839	21
D3651.contig203	2624	637	23
D3651.contig204	2584	245	10
D3651.contig205	2581	267	18
D3651.contig206	2577	265	16
D3651.contig207	2570	128	8
D3651.contig208	2564	263	16
D3651.contig209	2555	197	8
D3651.contig210	2547	257	16
D3651.contig211	2545	263	14
D3651.contig212	2545	178	12
D3651.contig213	2497	436	21
D3651.contig214	2496	356	7
D3651.contig215	2491	330	5
D3651.contig216	2490	2556	33
D3651.contig217	2485	362	10
D3651.contig218	2482	728	24
D3651.contig219	2481	402	9
D3651.contig220	2474	252	11
D3651.contig221	2455	13084	505
D3651.contig222	2419	180	8
D3651.contig223	2371	38148	684
D3651.contig224	2370	191	12
D3651.contig225	2348	211	10
D3651.contig226	2333	48648	1534
D3651.contig227	2300	298	12
D3651.contig228	2291	160	9
D3651.contig229	2284	124	8
D3651.contig230	2280	184	7
D3651.contig231	2275	190	13
D3651.contig232	2246	176	16
D3651.contig233	2244	168	7
D3651.contig234	2233	395	12
D3651.contig235	2231	277	6
D3651.contig236	2214	116	8
D3651.contig237	2208	491	16
D3651.contig238	2181	143	11
D3651.contig239	2176	345	11
D3651.contig240	2175	57969	2566
D3651.contig241	2168	185	9
D3651.contig242	2160	329	10
D3651.contig243	2157	204	6
D3651.contig244	2153	180	9
D3651.contig245	2143	211	15
D3651.contig246	2139	233	9
D3651.contig247	2138	234	8
D3651.contig248	2118	105	10
D3651.contig249	2115	957	27
D3651.contig250	2102	333	14
D3651.contig251	2086	342	8
D3651.contig252	2079	168	11
D3651.contig253	2074	183	9
D3651.contig254	2071	257	11
D3651.contig255	2059	264	12
D3651.contig256	2051	222	5
D3651.contig257	2050	277	30
D3651.contig258	2042	173	14
D3651.contig259	2029	206	5
D3651.contig260	2027	310	22
D3651.contig261	2021	186	9
D3651.contig262	2018	242	7
D3651.contig263	1967	161	13
D3651.contig264	1963	179	6
D3651.contig265	1948	351	17
D3651.contig266	1935	121	8
D3651.contig267	1935	147	11
D3651.contig268	1927	263	13
D3651.contig269	1923	221	3
D3651.contig270	1913	223	15
D3651.contig271	1907	306	11
D3651.contig272	1892	259	6
D3651.contig273	1892	828	51
D3651.contig274	1890	153	7
D3651.contig275	1877	228	6
D3651.contig276	1872	156	16
D3651.contig277	1871	226	8
D3651.contig278	1868	179	6
D3651.contig279	1859	140	6
D3651.contig280	1841	187	13
D3651.contig281	1831	222	5
D3651.contig282	1824	208	12
D3651.contig283	1821	149	9
D3651.contig284	1820	228	7
D3651.contig285	1819	174	9
D3651.contig286	1810	148	14
D3651.contig287	1805	114	4
D3651.contig288	1800	550	19
D3651.contig289	1791	210	8
D3651.contig290	1787	68193	1452
D3651.contig291	1787	185	7
D3651.contig292	1787	118	7
D3651.contig293	1783	184	7
D3651.contig294	1777	207	10
D3651.contig295	1775	992	16
D3651.contig296	1771	134	8
D3651.contig297	1771	104	8
D3651.contig298	1766	1469	59
D3651.contig299	1765	126	7
D3651.contig300	1757	104	8
D3651.contig301	1755	177	5
D3651.contig302	1744	171	2
D3651.contig303	1742	74	1
D3651.contig304	1734	171	10
D3651.contig305	1733	243	4
D3651.contig306	1732	150	13
D3651.contig307	1729	199	10
D3651.contig308	1713	105	12
D3651.contig309	1703	162	15
D3651.contig310	1701	161	14
D3651.contig311	1697	199	14
D3651.contig312	1696	354	12
D3651.contig313	1687	179	4
D3651.contig314	1685	163	19
D3651.contig315	1676	121	7
D3651.contig316	1675	214	23
D3651.contig317	1672	228	5
D3651.contig318	1670	92	15
D3651.contig319	1665	110	11
D3651.contig320	1662	175	5
D3651.contig321	1658	170	18
D3651.contig322	1648	108	4
D3651.contig323	1647	1018	6
D3651.contig324	1645	581	8
D3651.contig325	1631	123	8
D3651.contig326	1629	86	2
D3651.contig327	1628	113	9
D3651.contig328	1627	347	5
D3651.contig329	1625	160	9
D3651.contig330	1622	77	11
D3651.contig331	1621	211	10
D3651.contig332	1619	115	9
D3651.contig333	1615	843	17
D3651.contig334	1608	419	9
D3651.contig335	1608	142	7
D3651.contig336	1603	90	8
D3651.contig337	1601	87	11
D3651.contig338	1592	115	4
D3651.contig339	1589	285	3
D3651.contig340	1577	214	8
D3651.contig341	1576	114	9
D3651.contig342	1576	115	7
D3651.contig343	1573	125	15
D3651.contig344	1569	90	12
D3651.contig345	1566	112	6
D3651.contig346	1564	84	7
D3651.contig347	1562	113	10
D3651.contig348	1551	153	7
D3651.contig349	1548	181	9
D3651.contig350	1546	79	5
D3651.contig351	1539	216	7
D3651.contig352	1534	310	22
D3651.contig353	1526	146	12
D3651.contig354	1517	603	12
D3651.contig355	1509	391	19
D3651.contig356	1506	101	11
D3651.contig357	1504	107	4
D3651.contig358	1500	494	20
D3651.contig359	1497	227	16
D3651.contig360	1496	95	11
D3651.contig361	1492	108	8
D3651.contig362	1481	101	15
D3651.contig363	1472	102	10
D3651.contig364	1465	113	8
D3651.contig365	1464	86	11
D3651.contig366	1462	245	8
D3651.contig367	1457	108	9
D3651.contig368	1455	115	21
D3651.contig369	1453	140	12
D3651.contig370	1449	115	13
D3651.contig371	1436	130	7
D3651.contig372	1435	103	9
D3651.contig373	1433	62	11
D3651.contig374	1433	151	8
D3651.contig375	1423	95	10
D3651.contig376	1418	330	7
D3651.contig377	1414	181	10
D3651.contig378	1409	66	18
D3651.contig379	1407	147	6
D3651.contig380	1407	73	7
D3651.contig381	1400	85	11
D3651.contig382	1398	228	7
D3651.contig383	1396	102	6
D3651.contig384	1396	440649	35326
D3651.contig385	1388	118	9
D3651.contig386	1381	150	11
D3651.contig387	1380	67	9
D3651.contig388	1380	103	9
D3651.contig389	1373	98	8
D3651.contig390	1366	88	14
D3651.contig391	1366	140	17
D3651.contig392	1359	103	5
D3651.contig393	1359	74	7
D3651.contig394	1359	95	6
D3651.contig395	1358	364	8
D3651.contig396	1355	162	8
D3651.contig397	1345	102	10
D3651.contig398	1340	103	3
D3651.contig399	1338	82	15
D3651.contig400	1338	127	5
D3651.contig401	1336	159	16
D3651.contig402	1333	860	13
D3651.contig403	1326	113	1
D3651.contig404	1325	71	14
D3651.contig405	1323	126	9
D3651.contig406	1315	792	19
D3651.contig407	1314	65	11
D3651.contig408	1306	90	12
D3651.contig409	1306	71	6
D3651.contig410	1302	70	5
D3651.contig411	1302	85	13
D3651.contig412	1301	104	7
D3651.contig413	1301	146	9
D3651.contig414	1297	48	6
D3651.contig415	1297	119	5
D3651.contig416	1296	243	9
D3651.contig417	1293	86	12
D3651.contig418	1292	120	2
D3651.contig419	1291	197	9
D3651.contig420	1287	176	11
D3651.contig421	1287	72	10
D3651.contig422	1284	63	5
D3651.contig423	1284	135	12
D3651.contig424	1281	217	7
D3651.contig425	1280	97	8
D3651.contig426	1276	68	10
D3651.contig427	1271	124	5
D3651.contig428	1264	90	8
D3651.contig429	1261	281	1
D3651.contig430	1259	73	9
D3651.contig431	1254	77	7
D3651.contig432	1254	70	13
D3651.contig433	1247	90	10
D3651.contig434	1234	145	17
D3651.contig435	1233	313	13
D3651.contig436	1224	84	5
D3651.contig437	1223	97	3
D3651.contig438	1220	64	11
D3651.contig439	1219	234	15
D3651.contig440	1216	182	3
D3651.contig441	1216	54	9
D3651.contig442	1215	97	6
D3651.contig443	1210	410	13
D3651.contig444	1198	55	11
D3651.contig445	1196	40	9
D3651.contig446	1192	82	8
D3651.contig447	1191	96	7
D3651.contig448	1191	154	1
D3651.contig449	1187	73	7
D3651.contig450	1181	77	2
D3651.contig451	1178	63	18
D3651.contig452	1174	108	12
D3651.contig453	1172	75	7
D3651.contig454	1171	87	12
D3651.contig455	1162	101	3
D3651.contig456	1155	219	11
D3651.contig457	1152	84	5
D3651.contig458	1150	46	8
D3651.contig459	1150	114	4
D3651.contig460	1148	164	8
D3651.contig461	1146	91	14
D3651.contig462	1145	141	18
D3651.contig463	1144	60	12
D3651.contig464	1140	60	2
D3651.contig465	1139	191	7
D3651.contig466	1139	57	9
D3651.contig467	1138	120	15
D3651.contig468	1137	79	4
D3651.contig469	1133	87	15
D3651.contig470	1128	77	5
D3651.contig471	1126	67	10
D3651.contig472	1124	51	4
D3651.contig473	1124	78	12
D3651.contig474	1118	145	6
D3651.contig475	1117	149	9
D3651.contig476	1115	128	15
D3651.contig477	1114	54	6
D3651.contig478	1110	84	11
D3651.contig479	1107	81	9
D3651.contig480	1105	55	11
D3651.contig481	1105	53	1
D3651.contig482	1103	66	8
D3651.contig483	1102	60	8
D3651.contig484	1100	79	14
D3651.contig485	1098	32	5
D3651.contig486	1093	85	4
D3651.contig487	1093	63	12
D3651.contig488	1092	260	10
D3651.contig489	1090	76	19
D3651.contig490	1090	90	9
D3651.contig491	1086	77	8
D3651.contig492	1085	65	9
D3651.contig493	1084	136	3
D3651.contig494	1084	73	4
D3651.contig495	1083	67	6
D3651.contig496	1081	1993	46
D3651.contig497	1081	189	5
D3651.contig498	1078	75	7
D3651.contig499	1076	77	6
D3651.contig500	1073	218	3
D3651.contig501	1072	97	6
D3651.contig502	1072	57	4
D3651.contig503	1071	42	11
D3651.contig504	1069	211	8
D3651.contig505	1066	112	3
D3651.contig506	1065	76	8
D3651.contig507	1065	306	7
D3651.contig508	1063	58	3
D3651.contig509	1057	171	8
D3651.contig510	1056	57	7
D3651.contig511	1056	71	14
D3651.contig512	1054	147	7
D3651.contig513	1053	39	6
D3651.contig514	1053	156	11
D3651.contig515	1051	57	13
D3651.contig516	1048	73	7
D3651.contig517	1047	63	8
D3651.contig518	1045	909	7
D3651.contig519	1044	68	3
D3651.contig520	1044	69	9
D3651.contig521	1041	55	8
D3651.contig522	1036	54	2
D3651.contig523	1032	76	3
D3651.contig524	1031	48	10
D3651.contig525	1030	45	8
D3651.contig526	1030	71	11
D3651.contig527	1028	62	3
D3651.contig528	1028	81	4
D3651.contig529	1027	38	12
D3651.contig530	1025	414	18
D3651.contig531	1023	85	7
D3651.contig532	1022	80	9
D3651.contig533	1022	64	15
D3651.contig534	1021	52	10
D3651.contig535	1017	74	15
D3651.contig536	1016	63	7
D3651.contig537	1016	103	1
D3651.contig538	1006	478	22
D3651.contig539	1003	48	7
D3651.contig540	999	128	9
D3651.contig541	998	63	3
D3651.contig542	994	80	10
D3651.contig543	993	88	11
D3651.contig544	990	36	10
D3651.contig545	990	463	33
D3651.contig546	990	53	10
D3651.contig547	989	58	8
D3651.contig548	988	52	9
D3651.contig549	988	46	5
D3651.contig550	987	56	9
D3651.contig551	986	70	10
D3651.contig552	983	363	5
D3651.contig553	982	32	10
D3651.contig554	982	72	11
D3651.contig555	980	52	8
D3651.contig556	978	57	4
D3651.contig557	975	69	6
D3651.contig558	973	262	8
D3651.contig559	972	42	2
D3651.contig560	971	85	8
D3651.contig561	970	68	5
D3651.contig562	970	66	9
D3651.contig563	965	58	7
D3651.contig564	962	162	3
D3651.contig565	959	80	9
D3651.contig566	957	45	7
D3651.contig567	957	58	1
D3651.contig568	957	59	7
D3651.contig569	956	456	23
D3651.contig570	953	38	7
D3651.contig571	952	67	6
D3651.contig572	950	99	7
D3651.contig573	950	114	12
D3651.contig574	944	57	15
D3651.contig575	944	58	3
D3651.contig576	940	106	3
D3651.contig577	939	45	6
D3651.contig578	937	52	7
D3651.contig579	935	74	9
D3651.contig580	935	56	14
D3651.contig581	934	66	6
D3651.contig582	930	63	7
D3651.contig583	930	132	8
D3651.contig584	927	54	11
D3651.contig585	924	50	12
D3651.contig586	924	73	6
D3651.contig587	924	75	8
D3651.contig588	920	391	8
D3651.contig589	919	43	4
D3651.contig590	919	35	8
D3651.contig591	918	106	5
D3651.contig592	918	88	19
D3651.contig593	918	41	10
D3651.contig594	917	80	5
D3651.contig595	916	59	8
D3651.contig596	914	48	5
D3651.contig597	909	52	1
D3651.contig598	909	39	4
D3651.contig599	909	45	9
D3651.contig600	908	51	17
D3651.contig601	908	48	11
D3651.contig602	908	114	5
D3651.contig603	907	49	4
D3651.contig604	906	43	11
D3651.contig605	904	149	5
D3651.contig606	903	43	5
D3651.contig607	899	43	5
D3651.contig608	899	95	6
D3651.contig609	899	162	6
D3651.contig610	899	53	4
D3651.contig611	897	73	5
D3651.contig612	895	12952	435
D3651.contig613	894	295	10
D3651.contig614	893	64	13
D3651.contig615	891	42	11
D3651.contig616	890	25	5
D3651.contig617	889	35	1
D3651.contig618	888	92	10
D3651.contig619	886	90	8
D3651.contig620	886	263	11
D3651.contig621	886	45	9
D3651.contig622	885	540	7
D3651.contig623	884	98	2
D3651.contig624	882	61	10
D3651.contig625	880	52	8
D3651.contig626	878	50	10
D3651.contig627	875	47	5
D3651.contig628	875	52	4
D3651.contig629	875	325	11
D3651.contig630	873	54	8
D3651.contig631	872	76	12
D3651.contig632	872	64	8
D3651.contig633	871	37	4
D3651.contig634	871	64	2
D3651.contig635	870	47	8
D3651.contig636	868	64	8
D3651.contig637	866	54	8
D3651.contig638	866	49	6
D3651.contig639	862	41	4
D3651.contig640	862	65	11
D3651.contig641	862	58	6
D3651.contig642	860	57	7
D3651.contig643	859	47	2
D3651.contig644	854	34	7
D3651.contig645	854	83	3
D3651.contig646	854	44	6
D3651.contig647	848	63	9
D3651.contig648	848	59	8
D3651.contig649	847	45	5
D3651.contig650	847	36	8
D3651.contig651	847	32	3
D3651.contig652	846	94	14
D3651.contig653	845	38	12
D3651.contig654	845	43	7
D3651.contig655	840	86	8
D3651.contig656	839	31	3
D3651.contig657	839	42	8
D3651.contig658	838	45	6
D3651.contig659	837	47	9
D3651.contig660	836	93	5
D3651.contig661	833	50	6
D3651.contig662	828	47	3
D3651.contig663	828	26	4
D3651.contig664	827	52	1
D3651.contig665	827	37	19
D3651.contig666	825	41	3
D3651.contig667	825	106	6
D3651.contig668	824	582	24
D3651.contig669	822	27	11
D3651.contig670	822	33	9
D3651.contig671	821	92	5
D3651.contig672	820	42	14
D3651.contig673	820	35	4
D3651.contig674	817	41	7
D3651.contig675	815	77	15
D3651.contig676	813	63	10
D3651.contig677	813	82	4
D3651.contig678	812	31	13
D3651.contig679	810	45	3
D3651.contig680	810	66	13
D3651.contig681	809	120	5
D3651.contig682	809	26	6
D3651.contig683	808	59	6
D3651.contig684	803	46	3
D3651.contig685	803	54	10
D3651.contig686	803	46	8
D3651.contig687	803	55	6
D3651.contig688	802	8763	679
D3651.contig689	799	44	7
D3651.contig690	799	43	6
D3651.contig691	798	34	6
D3651.contig692	796	59	7
D3651.contig693	795	37	7
D3651.contig694	795	59	4
D3651.contig695	795	34	3
D3651.contig696	795	49	14
D3651.contig697	794	31	7
D3651.contig698	794	73	5
D3651.contig699	791	43	3
D3651.contig700	790	14181	1341
D3651.contig701	789	36	12
D3651.contig702	787	62	8
D3651.contig703	787	60	13
D3651.contig704	784	34	7
D3651.contig705	781	28	2
D3651.contig706	780	120	11
D3651.contig707	779	47	3
D3651.contig708	779	28	2
D3651.contig709	778	37	8
D3651.contig710	778	76	6
D3651.contig711	777	56	9
D3651.contig712	777	48	10
D3651.contig713	777	53	6
D3651.contig714	772	69	3
D3651.contig715	772	33	6
D3651.contig716	769	30	6
D3651.contig717	769	51	3
D3651.contig718	769	34	6
D3651.contig719	766	30	8
D3651.contig720	765	34	9
D3651.contig721	765	22	3
D3651.contig722	761	42	1
D3651.contig723	761	52	4
D3651.contig724	759	43	4
D3651.contig725	758	71	5
D3651.contig726	755	37	5
D3651.contig727	755	39	7
D3651.contig728	755	12633	357
D3651.contig729	754	28	1
D3651.contig730	754	46	6
D3651.contig731	754	38	6
D3651.contig732	752	22	9
D3651.contig733	752	42	9
D3651.contig734	752	55	9
D3651.contig735	751	58	2
D3651.contig736	750	40	3
D3651.contig737	748	53	5
D3651.contig738	748	35	11
D3651.contig739	748	31	7
D3651.contig740	746	57	8
D3651.contig741	745	42	7
D3651.contig742	744	38	7
D3651.contig743	742	45	5
D3651.contig744	742	46	11
D3651.contig745	741	56	2
D3651.contig746	741	31	12
D3651.contig747	738	44	8
D3651.contig748	737	27	6
D3651.contig749	737	43	5
D3651.contig750	737	24	3
D3651.contig751	737	37	4
D3651.contig752	737	44	9
D3651.contig753	737	54	14
D3651.contig754	734	30	3
D3651.contig755	734	65	5
D3651.contig756	730	85	6
D3651.contig757	729	26	7
D3651.contig758	729	40	6
D3651.contig759	728	24	2
D3651.contig760	726	173	6
D3651.contig761	726	50	11
D3651.contig762	724	42	12
D3651.contig763	724	33	4
D3651.contig764	723	32	8
D3651.contig765	723	42	11
D3651.contig766	722	44	5
D3651.contig767	721	34	6
D3651.contig768	721	55	12
D3651.contig769	721	27	8
D3651.contig770	721	54	5
D3651.contig771	721	31	5
D3651.contig772	721	37	7
D3651.contig773	721	54	3
D3651.contig774	720	46	14
D3651.contig775	719	52	5
D3651.contig776	719	433	10
D3651.contig777	718	35	11
D3651.contig778	717	43	9
D3651.contig779	715	32	6
D3651.contig780	715	52	5
D3651.contig781	715	36	8
D3651.contig782	714	38	7
D3651.contig783	713	30	9
D3651.contig784	713	31	13
D3651.contig785	712	48	8
D3651.contig786	711	28	4
D3651.contig787	711	20	6
D3651.contig788	710	34	8
D3651.contig789	709	48	14
D3651.contig790	709	26	4
D3651.contig791	707	34	3
D3651.contig792	706	46	6
D3651.contig793	704	30	11
D3651.contig794	703	35	7
D3651.contig795	703	28	6
D3651.contig796	702	46	8
D3651.contig797	701	31	1
D3651.contig798	701	31	6
D3651.contig799	699	49	11
D3651.contig800	698	53	5
D3651.contig801	696	42	4
D3651.contig802	696	48	3
D3651.contig803	695	39	5
D3651.contig804	695	27	5
D3651.contig805	694	41	8
D3651.contig806	693	57	4
D3651.contig807	693	45	4
D3651.contig808	693	47	6
D3651.contig809	693	49	9
D3651.contig810	692	214	7
D3651.contig811	690	132	14
D3651.contig812	690	679	35
D3651.contig813	689	39	9
D3651.contig814	688	52	4
D3651.contig815	688	32	7
D3651.contig816	686	67	5
D3651.contig817	685	44	2
D3651.contig818	685	76	6
D3651.contig819	685	39	5
D3651.contig820	683	46	5
D3651.contig821	683	55	1
D3651.contig822	682	44	7
D3651.contig823	682	67	10
D3651.contig824	681	77	9
D3651.contig825	681	34	9
D3651.contig826	680	48	5
D3651.contig827	678	46	3
D3651.contig828	678	27	5
D3651.contig829	677	30	8
D3651.contig830	677	39	2
D3651.contig831	675	20	2
D3651.contig832	675	22	6
D3651.contig833	673	63	4
D3651.contig834	673	25	8
D3651.contig835	673	38	6
D3651.contig836	672	40	10
D3651.contig837	672	41	6
D3651.contig838	671	41	6
D3651.contig839	669	23	2
D3651.contig840	669	64	11
D3651.contig841	669	42	5
D3651.contig842	669	21	7
D3651.contig843	668	21	4
D3651.contig844	668	23	5
D3651.contig845	667	29	7
D3651.contig846	666	32	10
D3651.contig847	666	37	10
D3651.contig848	666	42	12
D3651.contig849	664	54	4
D3651.contig850	663	40	8
D3651.contig851	663	32	5
D3651.contig852	662	33	12
D3651.contig853	661	38	5
D3651.contig854	661	49	4
D3651.contig855	661	54	6
D3651.contig856	660	21	3
D3651.contig857	659	31	3
D3651.contig858	658	35	7
D3651.contig859	658	26	2
D3651.contig860	658	31	9
D3651.contig861	658	31	6
D3651.contig862	658	23	9
D3651.contig863	658	25	7
D3651.contig864	658	42	2
D3651.contig865	657	31	7
D3651.contig866	657	51	6
D3651.contig867	656	27	14
D3651.contig868	656	24	7
D3651.contig869	655	18	3
D3651.contig870	655	27	4
D3651.contig871	654	42	16
D3651.contig872	651	31	4
D3651.contig873	650	27	9
D3651.contig874	650	39	11
D3651.contig875	650	27	10
D3651.contig876	648	25	11
D3651.contig877	647	34	9
D3651.contig878	647	27	4
D3651.contig879	645	57	5
D3651.contig880	644	25	1
D3651.contig881	644	31	3
D3651.contig882	644	42	2
D3651.contig883	638	43	13
D3651.contig884	637	91	0
D3651.contig885	636	35	4
D3651.contig886	635	23	12
D3651.contig887	635	37	8
D3651.contig888	632	27	3
D3651.contig889	631	40	12
D3651.contig890	630	17	4
D3651.contig891	630	39	7
D3651.contig892	629	49	4
D3651.contig893	629	3156	169
D3651.contig894	629	28	12
D3651.contig895	629	21	9
D3651.contig896	628	32	9
D3651.contig897	628	14	6
D3651.contig898	628	35	4
D3651.contig899	628	24	4
D3651.contig900	626	34	9
D3651.contig901	626	32	6
D3651.contig902	625	44	8
D3651.contig903	624	28	4
D3651.contig904	623	35	15
D3651.contig905	623	23	7
D3651.contig906	623	26	3
D3651.contig907	622	78	11
D3651.contig908	622	20	6
D3651.contig909	622	33	11
D3651.contig910	622	25	9
D3651.contig911	622	40	4
D3651.contig912	622	34	7
D3651.contig913	622	34	7
D3651.contig914	622	24	1
D3651.contig915	621	24	4
D3651.contig916	621	24	8
D3651.contig917	620	39	16
D3651.contig918	620	26	8
D3651.contig919	619	32	7
D3651.contig920	618	35	6
D3651.contig921	618	27	11
D3651.contig922	618	71	5
D3651.contig923	617	48	9
D3651.contig924	615	38	6
D3651.contig925	614	33	10
D3651.contig926	613	30	5
D3651.contig927	613	83	6
D3651.contig928	612	52	4
D3651.contig929	610	39	9
D3651.contig930	610	43	1
D3651.contig931	609	81	7
D3651.contig932	609	28	13
D3651.contig933	608	33	11
D3651.contig934	608	32	4
D3651.contig935	607	32	3
D3651.contig936	607	48	5
D3651.contig937	606	33	10
D3651.contig938	605	42	10
D3651.contig939	604	26	6
D3651.contig940	604	42	4
D3651.contig941	604	32	4
D3651.contig942	604	19	8
D3651.contig943	603	20	8
D3651.contig944	601	19	4
D3651.contig945	600	47	3
D3651.contig946	599	17	5
D3651.contig947	599	37	5
D3651.contig948	598	28	5
D3651.contig949	597	34	10
D3651.contig950	597	31	5
D3651.contig951	596	25	4
D3651.contig952	596	53	6
D3651.contig953	595	20	10
D3651.contig954	594	50	6
D3651.contig955	594	21	6
D3651.contig956	593	18	5
D3651.contig957	593	43	7
D3651.contig958	591	19	2
D3651.contig959	589	40	8
D3651.contig960	589	34	4
D3651.contig961	589	31	8
D3651.contig962	589	28	11
D3651.contig963	585	27	4
D3651.contig964	585	23	7
D3651.contig965	584	14	6
D3651.contig966	584	36	9
D3651.contig967	584	31	4
D3651.contig968	582	36	3
D3651.contig969	582	42	6
D3651.contig970	582	22	3
D3651.contig971	582	20	3
D3651.contig972	581	37	1
D3651.contig973	580	32	6
D3651.contig974	579	81	4
D3651.contig975	579	15	12
D3651.contig976	579	26	3
D3651.contig977	577	21	6
D3651.contig978	577	21	6
D3651.contig979	576	27	6
D3651.contig980	576	26	11
D3651.contig981	575	29	3
D3651.contig982	575	36	2
D3651.contig983	574	32	6
D3651.contig984	574	36	1
D3651.contig985	574	16	7
D3651.contig986	573	33	5
D3651.contig987	573	115	9
D3651.contig988	573	26	6
D3651.contig989	573	25	5
D3651.contig990	572	24	13
D3651.contig991	571	28	3
D3651.contig992	570	37	5
D3651.contig993	570	15	1
D3651.contig994	570	39	11
D3651.contig995	570	19	6
D3651.contig996	568	32	11
D3651.contig997	568	26	14
D3651.contig998	567	44	5
D3651.contig999	567	38	3
D3651.contig1000	565	18	3
D3651.contig1001	564	33	6
D3651.contig1002	564	27	6
D3651.contig1003	564	2415	60
D3651.contig1004	564	27	3
D3651.contig1005	563	21	4
D3651.contig1006	562	74	6
D3651.contig1007	561	34	8
D3651.contig1008	561	26	7
D3651.contig1009	561	31	7
D3651.contig1010	560	41	6
D3651.contig1011	560	17	9
D3651.contig1012	560	26	5
D3651.contig1013	560	31	7
D3651.contig1014	559	58	11
D3651.contig1015	559	34	4
D3651.contig1016	559	26	3
D3651.contig1017	559	14	2
D3651.contig1018	559	16	5
D3651.contig1019	558	17	3
D3651.contig1020	558	21	5
D3651.contig1021	558	40	0
D3651.contig1022	558	41	8
D3651.contig1023	558	37	3
D3651.contig1024	557	24	8
D3651.contig1025	557	30	10
D3651.contig1026	557	15	2
D3651.contig1027	556	16	6
D3651.contig1028	556	16	6
D3651.contig1029	556	32	9
D3651.contig1030	556	18	1
D3651.contig1031	555	25	4
D3651.contig1032	555	35	4
D3651.contig1033	555	23	5
D3651.contig1034	554	20	6
D3651.contig1035	554	23	4
D3651.contig1036	553	39	2
D3651.contig1037	552	38	8
D3651.contig1038	551	27	1
D3651.contig1039	551	24	10
D3651.contig1040	550	16	4
D3651.contig1041	548	17	9
D3651.contig1042	547	32	7
D3651.contig1043	546	35	13
D3651.contig1044	546	16	2
D3651.contig1045	545	32	7
D3651.contig1046	545	47	3
D3651.contig1047	544	17	5
D3651.contig1048	544	35	4
D3651.contig1049	544	28	9
D3651.contig1050	544	36	8
D3651.contig1051	543	21	5
D3651.contig1052	543	28	12
D3651.contig1053	542	28	6
D3651.contig1054	542	33	5
D3651.contig1055	541	20	4
D3651.contig1056	540	37	11
D3651.contig1057	540	32	5
D3651.contig1058	540	28	2
D3651.contig1059	539	25	11
D3651.contig1060	539	62	12
D3651.contig1061	539	32	5
D3651.contig1062	539	14	6
D3651.contig1063	538	27	4
D3651.contig1064	538	18	10
D3651.contig1065	537	19	6
D3651.contig1066	537	44	3
D3651.contig1067	537	60	1
D3651.contig1068	537	22	7
D3651.contig1069	537	28	10
D3651.contig1070	536	44	2
D3651.contig1071	536	16	2
D3651.contig1072	536	14	7
D3651.contig1073	536	36	4
D3651.contig1074	535	20	2
D3651.contig1075	535	19	3
D3651.contig1076	534	25	5
D3651.contig1077	534	61	5
D3651.contig1078	534	12	4
D3651.contig1079	533	21	2
D3651.contig1080	533	47	8
D3651.contig1081	533	19	9
D3651.contig1082	532	24	6
D3651.contig1083	532	19	5
D3651.contig1084	532	16	4
D3651.contig1085	532	18	8
D3651.contig1086	531	30	12
D3651.contig1087	531	23	4
D3651.contig1088	530	33	1
D3651.contig1089	529	23	9
D3651.contig1090	528	25	7
D3651.contig1091	528	15	4
D3651.contig1092	528	20	7
D3651.contig1093	528	27	4
D3651.contig1094	527	26	7
D3651.contig1095	527	26	4
D3651.contig1096	527	21	3
D3651.contig1097	527	53	5
D3651.contig1098	526	35	8
D3651.contig1099	526	17	11
D3651.contig1100	525	15	4
D3651.contig1101	525	20	5
D3651.contig1102	525	33	4
D3651.contig1103	525	12	4
D3651.contig1104	524	24	2
D3651.contig1105	524	17	5
D3651.contig1106	524	16	4
D3651.contig1107	523	21	3
D3651.contig1108	522	29	6
D3651.contig1109	522	13	6
D3651.contig1110	522	21	8
D3651.contig1111	522	19	6
D3651.contig1112	521	30	2
D3651.contig1113	521	33	11
D3651.contig1114	521	21	11
D3651.contig1115	521	21	2
D3651.contig1116	521	18	6
D3651.contig1117	520	44	6
D3651.contig1118	520	17	9
D3651.contig1119	519	25	4
D3651.contig1120	519	22	7
D3651.contig1121	519	10	2
D3651.contig1122	519	31	2
D3651.contig1123	519	32	5
D3651.contig1124	519	32	6
D3651.contig1125	519	15	7
D3651.contig1126	518	50	15
D3651.contig1127	518	26	3
D3651.contig1128	518	12	3
D3651.contig1129	517	15	2
D3651.contig1130	517	28	8
D3651.contig1131	517	28	2
D3651.contig1132	517	14	4
D3651.contig1133	516	23	1
D3651.contig1134	516	21	8
D3651.contig1135	516	23	10
D3651.contig1136	516	13	9
D3651.contig1137	515	24	4
D3651.contig1138	515	21	12
D3651.contig1139	515	8	6
D3651.contig1140	515	11	5
D3651.contig1141	514	23	5
D3651.contig1142	514	36	6
D3651.contig1143	514	25	6
D3651.contig1144	513	19	3
D3651.contig1145	512	18	6
D3651.contig1146	512	34	2
D3651.contig1147	512	20	7
D3651.contig1148	512	38	6
D3651.contig1149	511	24	5
D3651.contig1150	511	20	4
D3651.contig1151	511	24	12
D3651.contig1152	509	22	9
D3651.contig1153	509	16	9
D3651.contig1154	509	40	4
D3651.contig1155	508	38	1
D3651.contig1156	508	23	2
D3651.contig1157	508	18	1
D3651.contig1158	508	20	8
D3651.contig1159	507	23	8
D3651.contig1160	507	27	10
D3651.contig1161	506	16	4
D3651.contig1162	506	18	5
D3651.contig1163	506	31	6
D3651.contig1164	505	52	2
D3651.contig1165	505	22	6
D3651.contig1166	505	38	11
D3651.contig1167	505	18	8
D3651.contig1168	504	15	10
D3651.contig1169	504	28	3
D3651.contig1170	503	21	5
D3651.contig1171	502	17	5
D3651.contig1172	502	32	0
D3651.contig1173	501	26	5
D3651.contig1174	501	18	10
D3651.contig1175	500	21	3
D3651.contig1176	499	19	13
D3651.contig1177	499	17	3
D3651.contig1178	499	29	5
D3651.contig1179	499	13	3
D3651.contig1180	499	18	9
D3651.contig1181	498	26	10
D3651.contig1182	498	18	4
D3651.contig1183	498	17	4
D3651.contig1184	498	18	1
D3651.contig1185	497	28	2
D3651.contig1186	497	17	9
D3651.contig1187	497	21	6
D3651.contig1188	496	20	8
D3651.contig1189	496	36	6
D3651.contig1190	496	24	4
D3651.contig1191	496	25	1
D3651.contig1192	496	19	2
D3651.contig1193	495	26	6
D3651.contig1194	495	43	7
D3651.contig1195	495	9	3
D3651.contig1196	495	47	9
D3651.contig1197	494	27	11
D3651.contig1198	493	20	1
D3651.contig1199	493	33	5
D3651.contig1200	493	21	4
D3651.contig1201	493	84	7
D3651.contig1202	492	29	7
D3651.contig1203	491	10	6
D3651.contig1204	491	16	4
D3651.contig1205	491	36	3
D3651.contig1206	491	27	1
D3651.contig1207	491	33	5
D3651.contig1208	491	40	9
D3651.contig1209	490	21	7
D3651.contig1210	489	23	2
D3651.contig1211	489	22	7
D3651.contig1212	488	23	5
D3651.contig1213	488	21	2
D3651.contig1214	488	28	9
D3651.contig1215	488	15	8
D3651.contig1216	488	21	2
D3651.contig1217	486	20	6
D3651.contig1218	485	24	2
D3651.contig1219	485	14	6
D3651.contig1220	485	28	7
D3651.contig1221	484	14	4
D3651.contig1222	484	13	6
D3651.contig1223	483	36	7
D3651.contig1224	482	17	7
D3651.contig1225	482	21	1
D3651.contig1226	482	25	5
D3651.contig1227	481	22	8
D3651.contig1228	481	37	2
D3651.contig1229	479	23	5
D3651.contig1230	479	20	8
D3651.contig1231	479	24	4
D3651.contig1232	479	24	14
D3651.contig1233	479	65	9
D3651.contig1234	478	11	7
D3651.contig1235	477	27	3
D3651.contig1236	477	18	8
D3651.contig1237	476	30	3
D3651.contig1238	476	20	3
D3651.contig1239	476	32	10
D3651.contig1240	475	17	7
D3651.contig1241	475	16	10
D3651.contig1242	475	13	5
D3651.contig1243	475	11	7
D3651.contig1244	475	26	4
D3651.contig1245	474	23	2
D3651.contig1246	473	21	7
D3651.contig1247	473	20	4
D3651.contig1248	473	18	6
D3651.contig1249	472	18	4
D3651.contig1250	472	25	7
D3651.contig1251	472	17	12
D3651.contig1252	472	21	4
D3651.contig1253	472	14	6
D3651.contig1254	471	18	3
D3651.contig1255	471	783	12
D3651.contig1256	470	243	7
D3651.contig1257	470	28	2
D3651.contig1258	470	15	4
D3651.contig1259	469	26	5
D3651.contig1260	469	11	5
D3651.contig1261	468	21	8
D3651.contig1262	468	160	9
D3651.contig1263	468	48	5
D3651.contig1264	468	24	6
D3651.contig1265	466	38	4
D3651.contig1266	466	39	3
D3651.contig1267	466	22	6
D3651.contig1268	465	14	6
D3651.contig1269	465	15	8
D3651.contig1270	465	13	3
D3651.contig1271	464	14	6
D3651.contig1272	464	29	8
D3651.contig1273	463	26	7
D3651.contig1274	463	20	12
D3651.contig1275	463	19	2
D3651.contig1276	462	15	3
D3651.contig1277	462	17	6
D3651.contig1278	462	30	3
D3651.contig1279	462	19	8
D3651.contig1280	461	13	4
D3651.contig1281	461	17	9
D3651.contig1282	461	17	7
D3651.contig1283	461	24	4
D3651.contig1284	461	14	6
D3651.contig1285	461	22	12
D3651.contig1286	460	18	3
D3651.contig1287	460	10	4
D3651.contig1288	460	11	7
D3651.contig1289	460	26	6
D3651.contig1290	460	28	3
D3651.contig1291	459	16	6
D3651.contig1292	459	19	6
D3651.contig1293	458	12	8
D3651.contig1294	458	14	3
D3651.contig1295	458	18	3
D3651.contig1296	458	18	8
D3651.contig1297	458	21	7
D3651.contig1298	457	7	3
D3651.contig1299	457	37	8
D3651.contig1300	457	23	13
D3651.contig1301	457	10	8
D3651.contig1302	457	13	1
D3651.contig1303	457	5817	329
D3651.contig1304	457	21	4
D3651.contig1305	456	14	3
D3651.contig1306	456	24	8
D3651.contig1307	456	20	4
D3651.contig1308	456	43	3
D3651.contig1309	456	16	6
D3651.contig1310	455	19	3
D3651.contig1311	455	9	2
D3651.contig1312	455	41	4
D3651.contig1313	455	15	7
D3651.contig1314	454	17	9
D3651.contig1315	454	13	3
D3651.contig1316	453	22	2
D3651.contig1317	453	9	7
D3651.contig1318	452	31	7
D3651.contig1319	452	20	3
D3651.contig1320	452	17	11
D3651.contig1321	451	19	11
D3651.contig1322	451	12	3
D3651.contig1323	450	21	3
D3651.contig1324	450	176	6
D3651.contig1325	450	12	2
D3651.contig1326	450	15	3
D3651.contig1327	449	20	2
D3651.contig1328	449	14	5
D3651.contig1329	448	28	10
D3651.contig1330	448	19	4
D3651.contig1331	448	24	2
D3651.contig1332	448	15	5
D3651.contig1333	447	10	4
D3651.contig1334	447	12	6
D3651.contig1335	447	18	4
D3651.contig1336	447	18	6
D3651.contig1337	447	29	8
D3651.contig1338	447	13	6
D3651.contig1339	447	22	8
D3651.contig1340	446	29	4
D3651.contig1341	446	32	4
D3651.contig1342	446	8	8
D3651.contig1343	445	51	3
D3651.contig1344	445	15	3
D3651.contig1345	445	17	7
D3651.contig1346	445	29	10
D3651.contig1347	445	25	10
D3651.contig1348	443	13	4
D3651.contig1349	443	18	12
D3651.contig1350	443	17	5
D3651.contig1351	443	13	5
D3651.contig1352	443	22	2
D3651.contig1353	442	24	5
D3651.contig1354	441	27	10
D3651.contig1355	441	29	15
D3651.contig1356	441	14	8
D3651.contig1357	440	11	5
D3651.contig1358	440	38	1
D3651.contig1359	440	25	3
D3651.contig1360	439	14	4
D3651.contig1361	439	16	7
D3651.contig1362	439	13	5
D3651.contig1363	439	22	4
D3651.contig1364	439	8	4
D3651.contig1365	439	20	8
D3651.contig1366	439	14	8
D3651.contig1367	439	14	2
D3651.contig1368	437	26	14
D3651.contig1369	437	21	3
D3651.contig1370	437	15	7
D3651.contig1371	436	35	5
D3651.contig1372	436	18	4
D3651.contig1373	436	18	8
D3651.contig1374	436	27	10
D3651.contig1375	435	19	6
D3651.contig1376	435	22	3
D3651.contig1377	435	16	4
D3651.contig1378	435	55	4
D3651.contig1379	435	28	4
D3651.contig1380	434	20	0
D3651.contig1381	434	11	3
D3651.contig1382	434	19	7
D3651.contig1383	434	19	7
D3651.contig1384	434	14	4
D3651.contig1385	433	12	6
D3651.contig1386	433	21	7
D3651.contig1387	432	22	5
D3651.contig1388	431	16	10
D3651.contig1389	430	74	7
D3651.contig1390	430	16	8
D3651.contig1391	430	14	4
D3651.contig1392	430	25	3
D3651.contig1393	429	16	5
D3651.contig1394	429	19	6
D3651.contig1395	429	34	9
D3651.contig1396	428	21	8
D3651.contig1397	428	8	8
D3651.contig1398	427	15	4
D3651.contig1399	427	9	7
D3651.contig1400	427	16	4
D3651.contig1401	427	14	6
D3651.contig1402	427	13	3
D3651.contig1403	426	28	10
D3651.contig1404	426	18	2
D3651.contig1405	426	9	3
D3651.contig1406	426	13	7
D3651.contig1407	426	12	5
D3651.contig1408	426	16	6
D3651.contig1409	426	30	8
D3651.contig1410	425	13	1
D3651.contig1411	425	11	9
D3651.contig1412	425	18	0
D3651.contig1413	425	25	6
D3651.contig1414	425	8	6
D3651.contig1415	425	13	5
D3651.contig1416	424	9	5
D3651.contig1417	424	36	10
D3651.contig1418	424	10	8
D3651.contig1419	423	12	6
D3651.contig1420	422	44	15
D3651.contig1421	422	24	4
D3651.contig1422	422	12	1
D3651.contig1423	421	16	7
D3651.contig1424	421	15	7
D3651.contig1425	421	18	6
D3651.contig1426	421	11	4
D3651.contig1427	421	9	7
D3651.contig1428	421	20	6
D3651.contig1429	421	30	8
D3651.contig1430	421	9	5
D3651.contig1431	420	22	2
D3651.contig1432	420	18	8
D3651.contig1433	420	21	2
D3651.contig1434	420	18	10
D3651.contig1435	420	16	2
D3651.contig1436	420	8	4
D3651.contig1437	419	19	4
D3651.contig1438	419	87	1
D3651.contig1439	419	10	4
D3651.contig1440	419	15	5
D3651.contig1441	419	11	5
D3651.contig1442	418	17	4
D3651.contig1443	417	25	5
D3651.contig1444	417	20	6
D3651.contig1445	417	27	6
D3651.contig1446	417	45	5
D3651.contig1447	417	6	4
D3651.contig1448	417	25	6
D3651.contig1449	417	25	8
D3651.contig1450	417	21	8
D3651.contig1451	416	15	7
D3651.contig1452	416	17	5
D3651.contig1453	415	12	7
D3651.contig1454	415	13	5
D3651.contig1455	415	90	4
D3651.contig1456	414	18	11
D3651.contig1457	414	12	8
D3651.contig1458	414	23	6
D3651.contig1459	414	22	8
D3651.contig1460	413	9	4
D3651.contig1461	413	17	5
D3651.contig1462	413	8	8
D3651.contig1463	411	25	10
D3651.contig1464	410	7	3
D3651.contig1465	410	19	8
D3651.contig1466	410	14	6
D3651.contig1467	409	19	8
D3651.contig1468	409	21	8
D3651.contig1469	409	8	4
D3651.contig1470	408	12	8
D3651.contig1471	408	16	3
D3651.contig1472	408	25	3
D3651.contig1473	408	14	9
D3651.contig1474	408	26	12
D3651.contig1475	407	11	7
D3651.contig1476	407	21	9
D3651.contig1477	406	16	8
D3651.contig1478	406	27	8
D3651.contig1479	406	12	4
D3651.contig1480	406	29	3
D3651.contig1481	406	13	3
D3651.contig1482	406	14	7
D3651.contig1483	406	10	4
D3651.contig1484	406	6	4
D3651.contig1485	405	14	5
D3651.contig1486	405	10	5
D3651.contig1487	405	16	3
D3651.contig1488	404	26	5
D3651.contig1489	404	12	3
D3651.contig1490	403	10	4
D3651.contig1491	403	12	6
D3651.contig1492	403	16	4
D3651.contig1493	403	14	5
D3651.contig1494	402	9	6
D3651.contig1495	402	28	7
D3651.contig1496	402	11	4
D3651.contig1497	402	15	9
D3651.contig1498	402	17	1
D3651.contig1499	401	13	3
D3651.contig1500	401	9	4
D3651.contig1501	401	10	8
D3651.contig1502	401	13	5
D3651.contig1503	401	17	6
D3651.contig1504	401	11	5
D3651.contig1505	401	48	6
D3651.contig1506	400	20	4
D3651.contig1507	400	22	6
D3651.contig1508	400	17	3
D3651.contig1509	400	23	4
D3651.contig1510	400	18	5
D3651.contig1511	400	15	7
D3651.contig1512	400	21	7
D3651.contig1513	400	10	1
D3651.contig1514	400	15	6
D3651.contig1515	399	18	6
D3651.contig1516	398	13	6
D3651.contig1517	398	12	3
D3651.contig1518	397	14	10
D3651.contig1519	397	15	5
D3651.contig1520	397	15	8
D3651.contig1521	397	10	4
D3651.contig1522	397	19	7
D3651.contig1523	397	14	6
D3651.contig1524	397	20	2
D3651.contig1525	396	13	2
D3651.contig1526	396	13	6
D3651.contig1527	396	21	5
D3651.contig1528	396	11	5
D3651.contig1529	396	13	9
D3651.contig1530	395	28	4
D3651.contig1531	395	17	5
D3651.contig1532	395	32	6
D3651.contig1533	395	20	1
D3651.contig1534	394	16	3
D3651.contig1535	394	13	3
D3651.contig1536	394	13	7
D3651.contig1537	394	12	8
D3651.contig1538	394	36	4
D3651.contig1539	393	10	7
D3651.contig1540	393	24	1
D3651.contig1541	393	66	16
D3651.contig1542	393	17	3
D3651.contig1543	392	14	2
D3651.contig1544	392	18	7
D3651.contig1545	391	9	3
D3651.contig1546	391	8	6
D3651.contig1547	391	23	6
D3651.contig1548	391	11	1
D3651.contig1549	391	13	5
D3651.contig1550	391	10	2
D3651.contig1551	391	9	3
D3651.contig1552	390	19	7
D3651.contig1553	390	10	3
D3651.contig1554	390	11	5
D3651.contig1555	390	19	7
D3651.contig1556	390	17	3
D3651.contig1557	390	21	3
D3651.contig1558	389	16	6
D3651.contig1559	389	12	3
D3651.contig1560	389	13	7
D3651.contig1561	388	14	4
D3651.contig1562	388	8	4
D3651.contig1563	388	10	7
D3651.contig1564	388	12	8
D3651.contig1565	388	5	3
D3651.contig1566	388	12	2
D3651.contig1567	388	15	7
D3651.contig1568	388	25	3
D3651.contig1569	388	13	8
D3651.contig1570	388	15	5
D3651.contig1571	388	12	12
D3651.contig1572	387	11	5
D3651.contig1573	387	18	6
D3651.contig1574	387	17	3
D3651.contig1575	387	26	5
D3651.contig1576	387	13	5
D3651.contig1577	387	63	3
D3651.contig1578	386	13	3
D3651.contig1579	386	20	11
D3651.contig1580	386	11	6
D3651.contig1581	386	7	5
D3651.contig1582	385	18	3
D3651.contig1583	385	22	3
D3651.contig1584	385	9	3
D3651.contig1585	385	7	3
D3651.contig1586	385	10	5
D3651.contig1587	384	10	10
D3651.contig1588	384	10	4
D3651.contig1589	384	9	5
D3651.contig1590	384	18	3
D3651.contig1591	383	18	10
D3651.contig1592	383	19	7
D3651.contig1593	383	16	10
D3651.contig1594	383	16	6
D3651.contig1595	383	10	6
D3651.contig1596	382	14	2
D3651.contig1597	382	19	3
D3651.contig1598	382	16	9
D3651.contig1599	382	10	4
D3651.contig1600	381	14	10
D3651.contig1601	381	10	2
D3651.contig1602	381	12	5
D3651.contig1603	381	7	1
D3651.contig1604	381	16	8
D3651.contig1605	381	13	4
D3651.contig1606	381	7	4
D3651.contig1607	380	23	3
D3651.contig1608	380	11	9
D3651.contig1609	380	247	4
D3651.contig1610	380	10	4
D3651.contig1611	380	9	7
D3651.contig1612	379	22	0
D3651.contig1613	379	12	4
D3651.contig1614	379	19	7
D3651.contig1615	379	15	8
D3651.contig1616	379	18	2
D3651.contig1617	379	23	3
D3651.contig1618	379	18	6
D3651.contig1619	379	15	9
D3651.contig1620	378	17	2
D3651.contig1621	378	18	2
D3651.contig1622	378	14	7
D3651.contig1623	378	17	3
D3651.contig1624	377	21	3
D3651.contig1625	377	18	10
D3651.contig1626	377	15	1
D3651.contig1627	377	16	5
D3651.contig1628	377	19	13
D3651.contig1629	377	6	4
D3651.contig1630	376	16	2
D3651.contig1631	376	22	2
D3651.contig1632	376	23	7
D3651.contig1633	376	17	7
D3651.contig1634	376	26	4
D3651.contig1635	375	16	4
D3651.contig1636	375	10	10
D3651.contig1637	375	15	1
D3651.contig1638	375	9	5
D3651.contig1639	375	12	3
D3651.contig1640	375	10	7
D3651.contig1641	375	9	5
D3651.contig1642	375	16	6
D3651.contig1643	375	21	4
D3651.contig1644	375	17	7
D3651.contig1645	374	19	8
D3651.contig1646	374	16	4
D3651.contig1647	374	7	7
D3651.contig1648	374	9	4
D3651.contig1649	374	11	9
D3651.contig1650	373	9	4
D3651.contig1651	373	22	4
D3651.contig1652	373	14	2
D3651.contig1653	373	11	4
D3651.contig1654	373	1599	229
D3651.contig1655	372	16	1
D3651.contig1656	372	18	6
D3651.contig1657	372	9	9
D3651.contig1658	372	14	7
D3651.contig1659	371	11	1
D3651.contig1660	371	17	7
D3651.contig1661	370	21	3
D3651.contig1662	370	10	5
D3651.contig1663	370	11	5
D3651.contig1664	370	18	3
D3651.contig1665	370	8	6
D3651.contig1666	370	12	6
D3651.contig1667	370	13	7
D3651.contig1668	370	7	5
D3651.contig1669	370	8	6
D3651.contig1670	370	18	2
D3651.contig1671	369	31	5
D3651.contig1672	369	14	8
D3651.contig1673	369	11	8
D3651.contig1674	369	18	3
D3651.contig1675	369	6	6
D3651.contig1676	369	14	4
D3651.contig1677	369	3	3
D3651.contig1678	369	12	6
D3651.contig1679	368	9	7
D3651.contig1680	367	15	9
D3651.contig1681	367	10	2
D3651.contig1682	366	11	9
D3651.contig1683	366	7	3
D3651.contig1684	366	14	8
D3651.contig1685	365	15	9
D3651.contig1686	365	15	1
D3651.contig1687	365	6	4
D3651.contig1688	365	17	7
D3651.contig1689	365	8	6
D3651.contig1690	365	14	4
D3651.contig1691	365	26	9
D3651.contig1692	364	11	9
D3651.contig1693	364	9	7
D3651.contig1694	364	13	3
D3651.contig1695	364	16	7
D3651.contig1696	364	19	2
D3651.contig1697	364	11	3
D3651.contig1698	364	15	4
D3651.contig1699	364	12	2
D3651.contig1700	363	23	5
D3651.contig1701	363	14	10
D3651.contig1702	363	16	5
D3651.contig1703	363	10	3
D3651.contig1704	363	8	4
D3651.contig1705	363	14	4
D3651.contig1706	363	18	1
D3651.contig1707	363	11	7
D3651.contig1708	363	10	3
D3651.contig1709	362	11	5
D3651.contig1710	362	15	1
D3651.contig1711	362	10	3
D3651.contig1712	361	14	5
D3651.contig1713	361	13	7
D3651.contig1714	361	6	4
D3651.contig1715	361	12	6
D3651.contig1716	361	20	6
D3651.contig1717	360	132	14
D3651.contig1718	360	13	7
D3651.contig1719	360	10	2
D3651.contig1720	359	15	5
D3651.contig1721	359	10	6
D3651.contig1722	357	9	5
D3651.contig1723	357	21	3
D3651.contig1724	357	11	4
D3651.contig1725	357	10	6
D3651.contig1726	357	10	3
D3651.contig1727	357	14	8
D3651.contig1728	357	16	6
D3651.contig1729	357	10	5
D3651.contig1730	356	14	3
D3651.contig1731	356	16	10
D3651.contig1732	356	20	11
D3651.contig1733	355	15	3
D3651.contig1734	355	19	6
D3651.contig1735	355	15	3
D3651.contig1736	355	12	6
D3651.contig1737	355	12	6
D3651.contig1738	355	12	1
D3651.contig1739	355	12	5
D3651.contig1740	355	8	2
D3651.contig1741	355	9	7
D3651.contig1742	355	9	5
D3651.contig1743	354	15	5
D3651.contig1744	354	25	8
D3651.contig1745	354	12	7
D3651.contig1746	354	15	5
D3651.contig1747	353	11	2
D3651.contig1748	353	7	1
D3651.contig1749	353	17	4
D3651.contig1750	353	9	5
D3651.contig1751	353	15	5
D3651.contig1752	353	15	5
D3651.contig1753	353	13	3
D3651.contig1754	353	18	5
D3651.contig1755	352	15	6
D3651.contig1756	352	20	8
D3651.contig1757	352	18	4
D3651.contig1758	352	27	4
D3651.contig1759	352	13	5
D3651.contig1760	351	14	11
D3651.contig1761	351	7	5
D3651.contig1762	351	14	2
D3651.contig1763	351	21	11
D3651.contig1764	351	8	6
D3651.contig1765	351	13	5
D3651.contig1766	351	14	6
D3651.contig1767	350	12	8
D3651.contig1768	350	13	6
D3651.contig1769	350	14	3
D3651.contig1770	350	71	3
D3651.contig1771	350	10	6
D3651.contig1772	349	16	8
D3651.contig1773	349	12	8
D3651.contig1774	349	12	7
D3651.contig1775	349	9	1
D3651.contig1776	349	10	4
D3651.contig1777	349	11	5
D3651.contig1778	348	16	4
D3651.contig1779	348	8	2
D3651.contig1780	348	21	11
D3651.contig1781	348	13	10
D3651.contig1782	348	12	2
D3651.contig1783	348	10	10
D3651.contig1784	348	15	8
D3651.contig1785	348	17	1
D3651.contig1786	348	9	7
D3651.contig1787	348	28	5
D3651.contig1788	348	10	3
D3651.contig1789	347	22	2
D3651.contig1790	347	11	6
D3651.contig1791	347	12	6
D3651.contig1792	347	14	10
D3651.contig1793	347	11	1
D3651.contig1794	347	22	3
D3651.contig1795	346	36	0
D3651.contig1796	346	7	3
D3651.contig1797	346	9	3
D3651.contig1798	346	9	5
D3651.contig1799	346	15	7
D3651.contig1800	346	9	5
D3651.contig1801	346	6	2
D3651.contig1802	345	16	2
D3651.contig1803	345	7	7
D3651.contig1804	345	14	5
D3651.contig1805	344	14	9
D3651.contig1806	344	9	4
D3651.contig1807	344	3000	441
D3651.contig1808	344	9	7
D3651.contig1809	344	29	4
D3651.contig1810	344	21	10
D3651.contig1811	344	10	6
D3651.contig1812	344	9	7
D3651.contig1813	344	66	7
D3651.contig1814	343	15	7
D3651.contig1815	343	19	12
D3651.contig1816	343	13	5
D3651.contig1817	342	4	2
D3651.contig1818	342	9	6
D3651.contig1819	342	9	1
D3651.contig1820	342	6	6
D3651.contig1821	342	17	7
D3651.contig1822	342	11	3
D3651.contig1823	342	13	9
D3651.contig1824	341	9	7
D3651.contig1825	341	6	4
D3651.contig1826	341	7	3
D3651.contig1827	341	13	3
D3651.contig1828	340	12	5
D3651.contig1829	340	5	5
D3651.contig1830	340	25	2
D3651.contig1831	340	18	2
D3651.contig1832	340	10	4
D3651.contig1833	340	9	7
D3651.contig1834	340	16	3
D3651.contig1835	340	4	4
D3651.contig1836	340	17	4
D3651.contig1837	340	17	4
D3651.contig1838	339	19	5
D3651.contig1839	339	10	3
D3651.contig1840	339	9	7
D3651.contig1841	339	25	4
D3651.contig1842	338	13	9
D3651.contig1843	338	17	10
D3651.contig1844	338	16	6
D3651.contig1845	338	7	2
D3651.contig1846	338	12	8
D3651.contig1847	338	11	9
D3651.contig1848	337	7	7
D3651.contig1849	337	7	3
D3651.contig1850	337	20	14
D3651.contig1851	336	7	5
D3651.contig1852	336	13	5
D3651.contig1853	336	16	7
D3651.contig1854	336	29	8
D3651.contig1855	336	6	4
D3651.contig1856	336	13	3
D3651.contig1857	336	10	4
D3651.contig1858	335	9	4
D3651.contig1859	335	7	3
D3651.contig1860	335	9	3
D3651.contig1861	335	8	4
D3651.contig1862	335	16	6
D3651.contig1863	335	14	4
D3651.contig1864	335	15	4
D3651.contig1865	335	11	4
D3651.contig1866	334	10	5
D3651.contig1867	334	11	3
D3651.contig1868	334	16	5
D3651.contig1869	334	16	4
D3651.contig1870	333	314	10
D3651.contig1871	333	10	3
D3651.contig1872	333	21	4
D3651.contig1873	333	8	2
D3651.contig1874	333	13	5
D3651.contig1875	333	9	3
D3651.contig1876	333	9	6
D3651.contig1877	333	37	3
D3651.contig1878	332	8	6
D3651.contig1879	332	13	7
D3651.contig1880	332	10	6
D3651.contig1881	332	6	4
D3651.contig1882	331	58	2
D3651.contig1883	331	11	6
D3651.contig1884	331	16	4
D3651.contig1885	331	10	1
D3651.contig1886	331	14	5
D3651.contig1887	331	12	4
D3651.contig1888	331	14	2
D3651.contig1889	331	7	5
D3651.contig1890	331	8	6
D3651.contig1891	331	11	4
D3651.contig1892	331	23	4
D3651.contig1893	330	14	3
D3651.contig1894	330	15	1
D3651.contig1895	329	15	5
D3651.contig1896	329	9	1
D3651.contig1897	329	8	8
D3651.contig1898	329	13	7
D3651.contig1899	329	17	2
D3651.contig1900	329	17	7
D3651.contig1901	328	19	2
D3651.contig1902	328	7	5
D3651.contig1903	328	6	3
D3651.contig1904	328	12	1
D3651.contig1905	328	23	1
D3651.contig1906	328	9	5
D3651.contig1907	328	10	6
D3651.contig1908	327	17	9
D3651.contig1909	327	6	4
D3651.contig1910	327	15	8
D3651.contig1911	327	14	2
D3651.contig1912	327	16	4
D3651.contig1913	327	15	7
D3651.contig1914	327	7	1
D3651.contig1915	326	14	6
D3651.contig1916	326	11	7
D3651.contig1917	326	10	6
D3651.contig1918	326	13	8
D3651.contig1919	326	8	2
D3651.contig1920	326	11	7
D3651.contig1921	325	11	5
D3651.contig1922	325	15	7
D3651.contig1923	325	10	5
D3651.contig1924	325	13	7
D3651.contig1925	325	14	4
D3651.contig1926	325	19	1
D3651.contig1927	325	11	5
D3651.contig1928	325	15	5
D3651.contig1929	325	14	7
D3651.contig1930	325	12	7
D3651.contig1931	325	16	1
D3651.contig1932	325	6	2
D3651.contig1933	324	8	4
D3651.contig1934	324	13	5
D3651.contig1935	324	9	4
D3651.contig1936	324	8	4
D3651.contig1937	324	8	6
D3651.contig1938	324	13	3
D3651.contig1939	324	15	1
D3651.contig1940	324	7	5
D3651.contig1941	324	14	8
D3651.contig1942	324	8	4
D3651.contig1943	324	8	4
D3651.contig1944	323	5	3
D3651.contig1945	323	4	0
D3651.contig1946	323	18	7
D3651.contig1947	323	9	3
D3651.contig1948	323	9	5
D3651.contig1949	323	10	4
D3651.contig1950	322	4	4
D3651.contig1951	322	10	7
D3651.contig1952	322	8	4
D3651.contig1953	322	8	4
D3651.contig1954	322	12	6
D3651.contig1955	322	5	3
D3651.contig1956	322	4	4
D3651.contig1957	322	8	4
D3651.contig1958	321	12	6
D3651.contig1959	321	9	6
D3651.contig1960	321	7	5
D3651.contig1961	321	12	1
D3651.contig1962	321	8	4
D3651.contig1963	320	11	7
D3651.contig1964	320	9	0
D3651.contig1965	320	27	3
D3651.contig1966	320	22	1
D3651.contig1967	320	7	5
D3651.contig1968	320	10	8
D3651.contig1969	320	11	9
D3651.contig1970	319	9	2
D3651.contig1971	319	7	3
D3651.contig1972	319	11	3
D3651.contig1973	319	15	5
D3651.contig1974	319	14	6
D3651.contig1975	319	6	4
D3651.contig1976	319	13	3
D3651.contig1977	319	8	4
D3651.contig1978	319	13	3
D3651.contig1979	319	7	5
D3651.contig1980	319	10	3
D3651.contig1981	319	10	3
D3651.contig1982	319	6	6
D3651.contig1983	318	23	8
D3651.contig1984	318	8	7
D3651.contig1985	318	11	7
D3651.contig1986	318	9	7
D3651.contig1987	318	14	5
D3651.contig1988	318	8	4
D3651.contig1989	318	4	4
D3651.contig1990	317	6	6
D3651.contig1991	317	18	0
D3651.contig1992	317	5	3
D3651.contig1993	317	6	4
D3651.contig1994	317	10	5
D3651.contig1995	317	10	2
D3651.contig1996	317	16	5
D3651.contig1997	317	8	3
D3651.contig1998	317	6	1
D3651.contig1999	316	5	3
D3651.contig2000	316	8	3
D3651.contig2001	316	9	5
D3651.contig2002	316	10	3
D3651.contig2003	316	9	6
D3651.contig2004	315	10	8
D3651.contig2005	315	9	6
D3651.contig2006	315	11	4
D3651.contig2007	315	7	3
D3651.contig2008	315	8	6
D3651.contig2009	315	13	4
D3651.contig2010	315	10	5
D3651.contig2011	315	11	3
D3651.contig2012	315	18	2
D3651.contig2013	314	4	4
D3651.contig2014	314	11	6
D3651.contig2015	314	7	5
D3651.contig2016	314	8	6
D3651.contig2017	314	11	5
D3651.contig2018	314	15	5
D3651.contig2019	314	12	4
D3651.contig2020	314	11	5
D3651.contig2021	314	20	5
D3651.contig2022	314	14	4
D3651.contig2023	313	11	5
D3651.contig2024	313	7	5
D3651.contig2025	313	7	5
D3651.contig2026	313	11	6
D3651.contig2027	313	12	2
D3651.contig2028	313	9	4
D3651.contig2029	313	13	7
D3651.contig2030	313	11	5
D3651.contig2031	312	9	5
D3651.contig2032	312	9	5
D3651.contig2033	312	9	3
D3651.contig2034	312	6	6
D3651.contig2035	312	7	4
D3651.contig2036	312	21	3
D3651.contig2037	311	8	4
D3651.contig2038	311	10	2
D3651.contig2039	311	14	3
D3651.contig2040	311	18	10
D3651.contig2041	311	11	2
D3651.contig2042	310	8	4
D3651.contig2043	310	14	2
D3651.contig2044	310	29	1
D3651.contig2045	310	8	6
D3651.contig2046	310	8	6
D3651.contig2047	310	8	3
D3651.contig2048	310	12	1
D3651.contig2049	310	7	5
D3651.contig2050	310	11	2
D3651.contig2051	310	6	4
D3651.contig2052	310	10	5
D3651.contig2053	310	13	3
D3651.contig2054	309	10	1
D3651.contig2055	309	10	2
D3651.contig2056	309	6	6
D3651.contig2057	309	15	6
D3651.contig2058	309	18	8
D3651.contig2059	309	10	6
D3651.contig2060	309	14	3
D3651.contig2061	308	10	2
D3651.contig2062	308	15	6
D3651.contig2063	308	16	9
D3651.contig2064	308	16	6
D3651.contig2065	308	9	5
D3651.contig2066	308	15	1
D3651.contig2067	308	9	7
D3651.contig2068	308	11	5
D3651.contig2069	308	11	3
D3651.contig2070	307	11	3
D3651.contig2071	307	12	5
D3651.contig2072	307	13	9
D3651.contig2073	307	9	9
D3651.contig2074	307	11	4
D3651.contig2075	307	8	5
D3651.contig2076	307	4	2
D3651.contig2077	307	18	6
D3651.contig2078	307	10	3
D3651.contig2079	307	9	4
D3651.contig2080	306	14	0
D3651.contig2081	306	7	4
D3651.contig2082	306	11	2
D3651.contig2083	306	7	5
D3651.contig2084	306	16	4
D3651.contig2085	306	9	7
D3651.contig2086	306	16	2
D3651.contig2087	305	7	5
D3651.contig2088	305	12	4
D3651.contig2089	305	5	1
D3651.contig2090	305	9	1
D3651.contig2091	305	15	6
D3651.contig2092	305	9	3
D3651.contig2093	304	11	7
D3651.contig2094	304	7	5
D3651.contig2095	304	7	5
D3651.contig2096	304	10	2
D3651.contig2097	304	4	2
D3651.contig2098	304	9	5
D3651.contig2099	304	10	0
D3651.contig2100	303	5	3
D3651.contig2101	303	7	5
D3651.contig2102	303	7	4
D3651.contig2103	303	7	3
D3651.contig2104	303	4	4
D3651.contig2105	303	6	4
D3651.contig2106	303	12	6
D3651.contig2107	303	7	5
D3651.contig2108	303	11	4
D3651.contig2109	302	8	8
D3651.contig2110	302	23	9
D3651.contig2111	302	6	2
D3651.contig2112	302	6	6
D3651.contig2113	302	15	5
D3651.contig2114	302	10	2
D3651.contig2115	302	8	4
D3651.contig2116	302	7	1
D3651.contig2117	302	8	2
D3651.contig2118	302	17	5
D3651.contig2119	302	8	6
D3651.contig2120	302	7	4
D3651.contig2121	302	19	5
D3651.contig2122	302	7	2
D3651.contig2123	302	12	6
D3651.contig2124	301	7	3
D3651.contig2125	301	16	5
D3651.contig2126	301	7	2
D3651.contig2127	301	14	10
D3651.contig2128	301	5	4
D3651.contig2129	301	9	6
D3651.contig2130	301	7	5
D3651.contig2131	301	10	6
D3651.contig2132	300	9	5
D3651.contig2133	300	4	4
D3651.contig2134	300	7	6
D3651.contig2135	300	10	6
*	0	0	117758
