D3590.contig1	38438	0	0
D3590.contig2	37017	7290	121
D3590.contig3	32992	14808	580
D3590.contig4	22344	0	0
D3590.contig5	20543	2	0
D3590.contig6	16815	168	136
D3590.contig7	15461	1	1
D3590.contig8	15292	75453	1606
D3590.contig9	14777	0	0
D3590.contig10	13303	15	15
D3590.contig11	13201	196	18
D3590.contig12	12888	0	0
D3590.contig13	12572	3341	118
D3590.contig14	12124	68390	1909
D3590.contig15	12123	0	0
D3590.contig16	12064	1	1
D3590.contig17	11816	0	0
D3590.contig18	11317	0	0
D3590.contig19	11005	230	15
D3590.contig20	10221	9434	607
D3590.contig21	9972	2	0
D3590.contig22	9949	1599	151
D3590.contig23	9596	1511	310
D3590.contig24	9513	0	0
D3590.contig25	9319	0	0
D3590.contig26	8908	0	0
D3590.contig27	8742	34	30
D3590.contig28	8541	70720	26563
D3590.contig29	8492	10547	1941
D3590.contig30	8397	11	5
D3590.contig31	8370	0	0
D3590.contig32	8313	701	97
D3590.contig33	8211	0	0
D3590.contig34	7847	0	0
D3590.contig35	7810	0	0
D3590.contig36	7644	552647	20554
D3590.contig37	7331	40	0
D3590.contig38	7310	79	29
D3590.contig39	7305	0	0
D3590.contig40	7208	0	0
D3590.contig41	6856	0	0
D3590.contig42	6672	643894	9404
D3590.contig43	6596	0	0
D3590.contig44	6330	63	0
D3590.contig45	6235	0	0
D3590.contig46	6086	0	0
D3590.contig47	6041	5591	1233
D3590.contig48	6029	0	0
D3590.contig49	5816	1	1
D3590.contig50	5789	1	1
D3590.contig51	5708	3295	54
D3590.contig52	5683	253	141
D3590.contig53	5642	0	0
D3590.contig54	5641	741	119
D3590.contig55	5621	0	0
D3590.contig56	5382	601	33
D3590.contig57	5100	0	0
D3590.contig58	4783	127	4
D3590.contig59	4665	0	0
D3590.contig60	4615	0	0
D3590.contig61	4533	0	0
D3590.contig62	4482	1	1
D3590.contig63	4480	11279	395
D3590.contig64	4473	0	0
D3590.contig65	4348	10115	528
D3590.contig66	4336	17	17
D3590.contig67	4222	0	0
D3590.contig68	4186	0	0
D3590.contig69	4121	0	0
D3590.contig70	3883	649	63
D3590.contig71	3851	48	19
D3590.contig72	3824	0	0
D3590.contig73	3817	0	0
D3590.contig74	3770	0	0
D3590.contig75	3532	291050	154952
D3590.contig76	3510	0	0
D3590.contig77	3445	0	0
D3590.contig78	3439	0	0
D3590.contig79	3417	0	0
D3590.contig80	3374	16	2
D3590.contig81	3357	4	0
D3590.contig82	3326	247	43
D3590.contig83	3312	632	28
D3590.contig84	3224	0	0
D3590.contig85	3178	739	122
D3590.contig86	3136	12	0
D3590.contig87	3052	0	0
D3590.contig88	2974	0	0
D3590.contig89	2853	0	0
D3590.contig90	2832	0	0
D3590.contig91	2746	29516	1501
D3590.contig92	2729	0	0
D3590.contig93	2711	10221	575
D3590.contig94	2680	23	7
D3590.contig95	2677	0	0
D3590.contig96	2663	256	51
D3590.contig97	2651	0	0
D3590.contig98	2605	31	2
D3590.contig99	2598	0	0
D3590.contig100	2525	71009	8546
D3590.contig101	2521	0	0
D3590.contig102	2426	0	0
D3590.contig103	2404	26	26
D3590.contig104	2346	32	6
D3590.contig105	2328	171	87
D3590.contig106	2312	0	0
D3590.contig107	2272	39	30
D3590.contig108	2233	11080	738
D3590.contig109	2155	0	0
D3590.contig110	2153	17	3
D3590.contig111	2103	285369	14866
D3590.contig112	2070	0	0
D3590.contig113	2029	4306	71
D3590.contig114	1927	0	0
D3590.contig115	1891	0	0
D3590.contig116	1879	0	0
D3590.contig117	1877	91052	6942
D3590.contig118	1874	10169	668
D3590.contig119	1846	0	0
D3590.contig120	1830	1	1
D3590.contig121	1824	35537	2541
D3590.contig122	1790	101634	43050
D3590.contig123	1781	35	3
D3590.contig124	1739	0	0
D3590.contig125	1730	3	1
D3590.contig126	1661	0	0
D3590.contig127	1661	28	2
D3590.contig128	1638	0	0
D3590.contig129	1625	154	15
D3590.contig130	1603	1155	195
D3590.contig131	1578	9	1
D3590.contig132	1578	0	0
D3590.contig133	1559	0	0
D3590.contig134	1552	0	0
D3590.contig135	1546	1	1
D3590.contig136	1543	0	0
D3590.contig137	1535	0	0
D3590.contig138	1524	9	0
D3590.contig139	1499	29	7
D3590.contig140	1499	0	0
D3590.contig141	1498	0	0
D3590.contig142	1498	0	0
D3590.contig143	1486	32	20
D3590.contig144	1472	34813	3942
D3590.contig145	1460	2461	259
D3590.contig146	1451	0	0
D3590.contig147	1426	0	0
D3590.contig148	1395	0	0
D3590.contig149	1392	0	0
D3590.contig150	1379	253	41
D3590.contig151	1377	348	67
D3590.contig152	1377	0	0
D3590.contig153	1371	0	0
D3590.contig154	1370	0	0
D3590.contig155	1363	1771	389
D3590.contig156	1350	0	0
D3590.contig157	1350	0	0
D3590.contig158	1348	54	14
D3590.contig159	1334	15	4
D3590.contig160	1328	201	49
D3590.contig161	1327	38	2
D3590.contig162	1327	0	0
D3590.contig163	1319	3	1
D3590.contig164	1268	49745	6312
D3590.contig165	1235	0	0
D3590.contig166	1186	0	0
D3590.contig167	1183	12	2
D3590.contig168	1171	0	0
D3590.contig169	1162	2	0
D3590.contig170	1153	1630	284
D3590.contig171	1152	1	1
D3590.contig172	1151	0	0
D3590.contig173	1150	3	1
D3590.contig174	1141	4	2
D3590.contig175	1130	2	0
D3590.contig176	1128	9	3
D3590.contig177	1102	16	10
D3590.contig178	1095	0	0
D3590.contig179	1091	0	0
D3590.contig180	1089	0	0
D3590.contig181	1082	0	0
D3590.contig182	1077	0	0
D3590.contig183	1062	4	0
D3590.contig184	1058	0	0
D3590.contig185	1051	0	0
D3590.contig186	1047	0	0
D3590.contig187	1042	0	0
D3590.contig188	1035	0	0
D3590.contig189	1028	0	0
D3590.contig190	1012	0	0
D3590.contig191	1006	0	0
D3590.contig192	1005	282779	54296
D3590.contig193	1002	2	0
D3590.contig194	1001	1	1
D3590.contig195	999	6	1
D3590.contig196	997	1	1
D3590.contig197	995	0	0
D3590.contig198	992	0	0
D3590.contig199	990	0	0
D3590.contig200	990	0	0
D3590.contig201	984	0	0
D3590.contig202	984	2848	595
D3590.contig203	983	0	0
D3590.contig204	977	0	0
D3590.contig205	967	0	0
D3590.contig206	963	0	0
D3590.contig207	957	0	0
D3590.contig208	949	0	0
D3590.contig209	944	0	0
D3590.contig210	941	0	0
D3590.contig211	939	59197	26723
D3590.contig212	928	0	0
D3590.contig213	920	0	0
D3590.contig214	916	896	200
D3590.contig215	915	5	5
D3590.contig216	904	283692	74064
D3590.contig217	897	0	0
D3590.contig218	896	0	0
D3590.contig219	895	1	1
D3590.contig220	894	0	0
D3590.contig221	883	0	0
D3590.contig222	878	0	0
D3590.contig223	878	0	0
D3590.contig224	876	10	3
D3590.contig225	874	116	19
D3590.contig226	872	14	6
D3590.contig227	871	0	0
D3590.contig228	871	0	0
D3590.contig229	868	882	172
D3590.contig230	866	0	0
D3590.contig231	861	0	0
D3590.contig232	858	0	0
D3590.contig233	849	0	0
D3590.contig234	849	0	0
D3590.contig235	847	7	7
D3590.contig236	844	0	0
D3590.contig237	841	6	4
D3590.contig238	839	0	0
D3590.contig239	838	4	0
D3590.contig240	834	0	0
D3590.contig241	833	0	0
D3590.contig242	827	0	0
D3590.contig243	818	0	0
D3590.contig244	809	0	0
D3590.contig245	800	0	0
D3590.contig246	793	0	0
D3590.contig247	788	0	0
D3590.contig248	785	2	0
D3590.contig249	784	13	2
D3590.contig250	782	0	0
D3590.contig251	782	0	0
D3590.contig252	778	620	164
D3590.contig253	775	0	0
D3590.contig254	775	0	0
D3590.contig255	774	0	0
D3590.contig256	774	0	0
D3590.contig257	769	0	0
D3590.contig258	769	200309	70126
D3590.contig259	768	0	0
D3590.contig260	761	2530	424
D3590.contig261	754	0	0
D3590.contig262	753	0	0
D3590.contig263	752	0	0
D3590.contig264	748	12	2
D3590.contig265	745	0	0
D3590.contig266	744	0	0
D3590.contig267	741	0	0
D3590.contig268	740	4726	745
D3590.contig269	737	69	53
D3590.contig270	737	0	0
D3590.contig271	732	0	0
D3590.contig272	730	0	0
D3590.contig273	730	2358	656
D3590.contig274	724	2873	382
D3590.contig275	723	0	0
D3590.contig276	722	0	0
D3590.contig277	721	0	0
D3590.contig278	720	0	0
D3590.contig279	709	0	0
D3590.contig280	709	0	0
D3590.contig281	706	0	0
D3590.contig282	706	4864	1346
D3590.contig283	705	0	0
D3590.contig284	705	0	0
D3590.contig285	698	3076	820
D3590.contig286	694	0	0
D3590.contig287	693	1	1
D3590.contig288	690	4	4
D3590.contig289	685	0	0
D3590.contig290	682	0	0
D3590.contig291	680	0	0
D3590.contig292	679	0	0
D3590.contig293	675	0	0
D3590.contig294	673	0	0
D3590.contig295	666	0	0
D3590.contig296	663	0	0
D3590.contig297	658	102229	4483
D3590.contig298	657	0	0
D3590.contig299	657	0	0
D3590.contig300	655	0	0
D3590.contig301	655	0	0
D3590.contig302	650	0	0
D3590.contig303	648	10	6
D3590.contig304	647	0	0
D3590.contig305	647	0	0
D3590.contig306	645	0	0
D3590.contig307	642	0	0
D3590.contig308	641	1	1
D3590.contig309	641	0	0
D3590.contig310	641	20840	2912
D3590.contig311	637	0	0
D3590.contig312	636	0	0
D3590.contig313	636	2	1
D3590.contig314	633	4	0
D3590.contig315	632	0	0
D3590.contig316	631	0	0
D3590.contig317	629	0	0
D3590.contig318	629	0	0
D3590.contig319	624	0	0
D3590.contig320	623	21	11
D3590.contig321	622	0	0
D3590.contig322	619	0	0
D3590.contig323	618	5	1
D3590.contig324	616	0	0
D3590.contig325	611	293	66
D3590.contig326	611	0	0
D3590.contig327	610	159517	5885
D3590.contig328	609	20	8
D3590.contig329	609	0	0
D3590.contig330	607	1	0
D3590.contig331	604	0	0
D3590.contig332	602	0	0
D3590.contig333	594	236	49
D3590.contig334	593	0	0
D3590.contig335	592	0	0
D3590.contig336	592	0	0
D3590.contig337	588	0	0
D3590.contig338	587	2	0
D3590.contig339	584	6	2
D3590.contig340	584	0	0
D3590.contig341	581	0	0
D3590.contig342	576	0	0
D3590.contig343	576	0	0
D3590.contig344	569	31	15
D3590.contig345	567	0	0
D3590.contig346	567	0	0
D3590.contig347	566	0	0
D3590.contig348	566	0	0
D3590.contig349	565	0	0
D3590.contig350	563	0	0
D3590.contig351	562	0	0
D3590.contig352	561	0	0
D3590.contig353	561	2	0
D3590.contig354	560	0	0
D3590.contig355	559	282	96
D3590.contig356	558	0	0
D3590.contig357	557	0	0
D3590.contig358	555	0	0
D3590.contig359	554	0	0
D3590.contig360	552	0	0
D3590.contig361	549	0	0
D3590.contig362	549	0	0
D3590.contig363	548	2	0
D3590.contig364	546	0	0
D3590.contig365	544	0	0
D3590.contig366	543	0	0
D3590.contig367	542	264	69
D3590.contig368	541	0	0
D3590.contig369	540	0	0
D3590.contig370	539	0	0
D3590.contig371	539	10595	403
D3590.contig372	537	0	0
D3590.contig373	537	0	0
D3590.contig374	534	0	0
D3590.contig375	533	0	0
D3590.contig376	530	1	1
D3590.contig377	530	0	0
D3590.contig378	529	0	0
D3590.contig379	529	0	0
D3590.contig380	525	0	0
D3590.contig381	524	0	0
D3590.contig382	522	4	1
D3590.contig383	519	0	0
D3590.contig384	518	0	0
D3590.contig385	518	0	0
D3590.contig386	518	0	0
D3590.contig387	517	0	0
D3590.contig388	513	0	0
D3590.contig389	512	0	0
D3590.contig390	510	0	0
D3590.contig391	509	1470	486
D3590.contig392	509	0	0
D3590.contig393	508	494	101
D3590.contig394	502	0	0
D3590.contig395	501	0	0
D3590.contig396	500	298	120
D3590.contig397	500	0	0
D3590.contig398	499	0	0
D3590.contig399	499	0	0
D3590.contig400	498	0	0
D3590.contig401	498	10	4
D3590.contig402	498	166	38
D3590.contig403	497	0	0
D3590.contig404	497	1348	298
D3590.contig405	496	0	0
D3590.contig406	495	0	0
D3590.contig407	494	33	11
D3590.contig408	493	578	346
D3590.contig409	492	204	94
D3590.contig410	492	0	0
D3590.contig411	490	3	1
D3590.contig412	489	0	0
D3590.contig413	489	0	0
D3590.contig414	487	0	0
D3590.contig415	487	0	0
D3590.contig416	485	0	0
D3590.contig417	484	9	3
D3590.contig418	481	13	3
D3590.contig419	481	0	0
D3590.contig420	480	0	0
D3590.contig421	480	453	266
D3590.contig422	478	0	0
D3590.contig423	477	0	0
D3590.contig424	475	0	0
D3590.contig425	475	0	0
D3590.contig426	473	0	0
D3590.contig427	473	0	0
D3590.contig428	472	0	0
D3590.contig429	471	0	0
D3590.contig430	471	46669	16853
D3590.contig431	470	5	0
D3590.contig432	469	0	0
D3590.contig433	468	0	0
D3590.contig434	466	0	0
D3590.contig435	465	0	0
D3590.contig436	465	0	0
D3590.contig437	465	0	0
D3590.contig438	465	0	0
D3590.contig439	465	0	0
D3590.contig440	464	0	0
D3590.contig441	462	0	0
D3590.contig442	460	3	3
D3590.contig443	459	0	0
D3590.contig444	458	0	0
D3590.contig445	457	0	0
D3590.contig446	457	0	0
D3590.contig447	457	0	0
D3590.contig448	456	224	97
D3590.contig449	454	0	0
D3590.contig450	454	0	0
D3590.contig451	453	7	3
D3590.contig452	453	3158	758
D3590.contig453	452	0	0
D3590.contig454	451	0	0
D3590.contig455	450	0	0
D3590.contig456	449	0	0
D3590.contig457	446	270	122
D3590.contig458	444	0	0
D3590.contig459	443	0	0
D3590.contig460	442	0	0
D3590.contig461	439	0	0
D3590.contig462	436	40	13
D3590.contig463	436	7	4
D3590.contig464	435	0	0
D3590.contig465	434	0	0
D3590.contig466	433	0	0
D3590.contig467	433	1	1
D3590.contig468	432	0	0
D3590.contig469	430	0	0
D3590.contig470	427	10	4
D3590.contig471	427	0	0
D3590.contig472	426	0	0
D3590.contig473	426	0	0
D3590.contig474	422	0	0
D3590.contig475	422	0	0
D3590.contig476	418	0	0
D3590.contig477	416	0	0
D3590.contig478	416	0	0
D3590.contig479	416	0	0
D3590.contig480	416	0	0
D3590.contig481	416	0	0
D3590.contig482	415	0	0
D3590.contig483	414	0	0
D3590.contig484	414	0	0
D3590.contig485	414	0	0
D3590.contig486	414	1	1
D3590.contig487	414	0	0
D3590.contig488	413	0	0
D3590.contig489	412	113	70
D3590.contig490	412	0	0
D3590.contig491	411	0	0
D3590.contig492	411	0	0
D3590.contig493	410	0	0
D3590.contig494	409	0	0
D3590.contig495	409	0	0
D3590.contig496	409	0	0
D3590.contig497	409	0	0
D3590.contig498	408	0	0
D3590.contig499	407	0	0
D3590.contig500	405	0	0
D3590.contig501	404	0	0
D3590.contig502	404	0	0
D3590.contig503	404	0	0
D3590.contig504	403	3	2
D3590.contig505	403	138313	76908
D3590.contig506	403	0	0
D3590.contig507	402	0	0
D3590.contig508	402	0	0
D3590.contig509	402	0	0
D3590.contig510	402	0	0
D3590.contig511	401	0	0
D3590.contig512	401	0	0
D3590.contig513	400	2	0
D3590.contig514	400	6	3
D3590.contig515	400	0	0
D3590.contig516	400	13	9
D3590.contig517	400	1	1
D3590.contig518	399	0	0
D3590.contig519	398	0	0
D3590.contig520	398	8	2
D3590.contig521	396	0	0
D3590.contig522	395	0	0
D3590.contig523	394	0	0
D3590.contig524	394	0	0
D3590.contig525	392	0	0
D3590.contig526	392	1	1
D3590.contig527	392	0	0
D3590.contig528	392	0	0
D3590.contig529	391	2	0
D3590.contig530	390	0	0
D3590.contig531	390	0	0
D3590.contig532	389	0	0
D3590.contig533	389	4	0
D3590.contig534	388	0	0
D3590.contig535	388	0	0
D3590.contig536	388	0	0
D3590.contig537	387	0	0
D3590.contig538	387	0	0
D3590.contig539	387	0	0
D3590.contig540	386	0	0
D3590.contig541	384	0	0
D3590.contig542	382	0	0
D3590.contig543	382	0	0
D3590.contig544	382	0	0
D3590.contig545	382	1	1
D3590.contig546	381	0	0
D3590.contig547	381	0	0
D3590.contig548	381	0	0
D3590.contig549	381	0	0
D3590.contig550	380	0	0
D3590.contig551	380	0	0
D3590.contig552	380	0	0
D3590.contig553	380	0	0
D3590.contig554	379	0	0
D3590.contig555	378	0	0
D3590.contig556	378	0	0
D3590.contig557	378	0	0
D3590.contig558	378	0	0
D3590.contig559	376	0	0
D3590.contig560	376	0	0
D3590.contig561	375	0	0
D3590.contig562	375	0	0
D3590.contig563	374	0	0
D3590.contig564	372	0	0
D3590.contig565	371	0	0
D3590.contig566	370	0	0
D3590.contig567	370	0	0
D3590.contig568	370	0	0
D3590.contig569	369	0	0
D3590.contig570	368	0	0
D3590.contig571	367	0	0
D3590.contig572	366	24	10
D3590.contig573	366	0	0
D3590.contig574	365	815	301
D3590.contig575	365	0	0
D3590.contig576	364	1003	43
D3590.contig577	364	3	3
D3590.contig578	363	0	0
D3590.contig579	363	130	62
D3590.contig580	363	0	0
D3590.contig581	362	0	0
D3590.contig582	362	0	0
D3590.contig583	361	0	0
D3590.contig584	361	0	0
D3590.contig585	360	0	0
D3590.contig586	359	0	0
D3590.contig587	358	0	0
D3590.contig588	358	0	0
D3590.contig589	357	1062	409
D3590.contig590	357	0	0
D3590.contig591	356	0	0
D3590.contig592	356	0	0
D3590.contig593	355	0	0
D3590.contig594	355	0	0
D3590.contig595	355	0	0
D3590.contig596	355	0	0
D3590.contig597	354	0	0
D3590.contig598	354	0	0
D3590.contig599	354	0	0
D3590.contig600	353	0	0
D3590.contig601	353	0	0
D3590.contig602	353	0	0
D3590.contig603	353	1	0
D3590.contig604	353	0	0
D3590.contig605	353	191	109
D3590.contig606	352	0	0
D3590.contig607	352	3	3
D3590.contig608	352	0	0
D3590.contig609	352	0	0
D3590.contig610	352	0	0
D3590.contig611	352	7	5
D3590.contig612	351	0	0
D3590.contig613	350	0	0
D3590.contig614	350	0	0
D3590.contig615	349	0	0
D3590.contig616	349	0	0
D3590.contig617	348	0	0
D3590.contig618	347	0	0
D3590.contig619	347	317	144
D3590.contig620	347	0	0
D3590.contig621	346	0	0
D3590.contig622	346	0	0
D3590.contig623	346	0	0
D3590.contig624	345	0	0
D3590.contig625	345	0	0
D3590.contig626	345	708	306
D3590.contig627	344	0	0
D3590.contig628	344	0	0
D3590.contig629	343	0	0
D3590.contig630	343	4714	3252
D3590.contig631	342	0	0
D3590.contig632	342	43	31
D3590.contig633	341	0	0
D3590.contig634	341	0	0
D3590.contig635	339	873	390
D3590.contig636	339	0	0
D3590.contig637	338	0	0
D3590.contig638	338	0	0
D3590.contig639	338	0	0
D3590.contig640	337	0	0
D3590.contig641	337	0	0
D3590.contig642	337	3	1
D3590.contig643	336	0	0
D3590.contig644	336	232	88
D3590.contig645	335	3	1
D3590.contig646	335	0	0
D3590.contig647	334	0	0
D3590.contig648	334	0	0
D3590.contig649	333	0	0
D3590.contig650	333	0	0
D3590.contig651	332	55	31
D3590.contig652	332	0	0
D3590.contig653	332	0	0
D3590.contig654	332	0	0
D3590.contig655	331	0	0
D3590.contig656	329	0	0
D3590.contig657	329	1	0
D3590.contig658	329	0	0
D3590.contig659	328	0	0
D3590.contig660	326	0	0
D3590.contig661	325	0	0
D3590.contig662	325	0	0
D3590.contig663	324	253	130
D3590.contig664	324	0	0
D3590.contig665	323	0	0
D3590.contig666	323	0	0
D3590.contig667	322	110	53
D3590.contig668	322	0	0
D3590.contig669	321	0	0
D3590.contig670	320	0	0
D3590.contig671	320	0	0
D3590.contig672	320	0	0
D3590.contig673	319	0	0
D3590.contig674	319	0	0
D3590.contig675	319	0	0
D3590.contig676	319	0	0
D3590.contig677	319	0	0
D3590.contig678	318	0	0
D3590.contig679	318	0	0
D3590.contig680	318	0	0
D3590.contig681	317	0	0
D3590.contig682	317	0	0
D3590.contig683	317	0	0
D3590.contig684	316	0	0
D3590.contig685	315	0	0
D3590.contig686	315	0	0
D3590.contig687	315	0	0
D3590.contig688	314	0	0
D3590.contig689	314	0	0
D3590.contig690	313	0	0
D3590.contig691	313	0	0
D3590.contig692	313	0	0
D3590.contig693	313	12	8
D3590.contig694	313	0	0
D3590.contig695	313	0	0
D3590.contig696	313	5	2
D3590.contig697	313	0	0
D3590.contig698	312	23820	14555
D3590.contig699	311	0	0
D3590.contig700	311	0	0
D3590.contig701	311	0	0
D3590.contig702	311	0	0
D3590.contig703	310	6	4
D3590.contig704	310	0	0
D3590.contig705	310	0	0
D3590.contig706	309	0	0
D3590.contig707	309	0	0
D3590.contig708	309	165	74
D3590.contig709	308	0	0
D3590.contig710	308	0	0
D3590.contig711	307	0	0
D3590.contig712	307	0	0
D3590.contig713	307	0	0
D3590.contig714	307	0	0
D3590.contig715	307	0	0
D3590.contig716	307	0	0
D3590.contig717	305	0	0
D3590.contig718	304	0	0
D3590.contig719	304	11	3
D3590.contig720	304	0	0
D3590.contig721	303	0	0
D3590.contig722	302	0	0
D3590.contig723	302	0	0
D3590.contig724	302	0	0
D3590.contig725	301	49	37
D3590.contig726	301	0	0
D3590.contig727	301	0	0
D3590.contig728	301	0	0
D3590.contig729	300	0	0
*	0	0	95773782
