R3521.contig1	1725	99408	5631
R3521.contig2	1648	4124224	200239
R3521.contig3	1566	976	20
R3521.contig4	1518	13781	1346
R3521.contig5	1433	448753	63263
R3521.contig6	1053	2708195	126775
R3521.contig7	947	2652	922
R3521.contig8	940	155923	50671
R3521.contig9	930	334958	74271
R3521.contig10	918	14869	1963
R3521.contig11	903	0	0
R3521.contig12	900	17921	6016
R3521.contig13	819	551	37
R3521.contig14	744	0	0
R3521.contig15	741	6333	1745
R3521.contig16	730	217	64
R3521.contig17	719	327	29
R3521.contig18	716	16945	7864
R3521.contig19	698	223731	41226
R3521.contig20	683	0	0
R3521.contig21	658	35180	10557
R3521.contig22	655	1306	392
R3521.contig23	648	0	0
R3521.contig24	644	849253	120580
R3521.contig25	640	4123	1364
R3521.contig26	636	480976	41346
R3521.contig27	635	7638	1833
R3521.contig28	620	1307	104
R3521.contig29	616	350	19
R3521.contig30	615	91	12
R3521.contig31	605	552	92
R3521.contig32	601	0	0
R3521.contig33	597	0	0
R3521.contig34	597	0	0
R3521.contig35	580	2015	178
R3521.contig36	577	0	0
R3521.contig37	577	1031	119
R3521.contig38	572	10726	228
R3521.contig39	560	70	0
R3521.contig40	554	0	0
R3521.contig41	553	2690	1163
R3521.contig42	553	487	69
R3521.contig43	544	0	0
R3521.contig44	542	0	0
R3521.contig45	541	0	0
R3521.contig46	530	609	43
R3521.contig47	524	0	0
R3521.contig48	515	0	0
R3521.contig49	506	0	0
R3521.contig50	485	77	6
R3521.contig51	485	54537	5814
R3521.contig52	480	62548	13200
R3521.contig53	475	0	0
R3521.contig54	474	11595	1835
R3521.contig55	473	0	0
R3521.contig56	469	585	133
R3521.contig57	465	4539	647
R3521.contig58	461	8	4
R3521.contig59	454	1	1
R3521.contig60	449	73	7
R3521.contig61	445	0	0
R3521.contig62	445	54997	4934
R3521.contig63	444	0	0
R3521.contig64	429	497	167
R3521.contig65	423	0	0
R3521.contig66	417	106	11
R3521.contig67	408	0	0
R3521.contig68	406	10	3
R3521.contig69	403	113	15
R3521.contig70	399	0	0
R3521.contig71	395	0	0
R3521.contig72	385	0	0
R3521.contig73	383	12747	311
R3521.contig74	380	0	0
R3521.contig75	370	0	0
R3521.contig76	360	0	0
R3521.contig77	353	787	76
R3521.contig78	349	0	0
R3521.contig79	346	0	0
R3521.contig80	337	0	0
R3521.contig81	336	9	2
R3521.contig82	333	0	0
R3521.contig83	330	2	0
R3521.contig84	321	56666	7206
R3521.contig85	314	0	0
R3521.contig86	311	0	0
R3521.contig87	310	0	0
R3521.contig88	308	74	16
R3521.contig89	301	0	0
*	0	0	16735390
