D4010.contig1	105565	75385	1159
D4010.contig2	67557	44638	697
D4010.contig3	61027	29224	404
D4010.contig4	57114	54891	892
D4010.contig5	55592	33381	496
D4010.contig6	54510	30791	418
D4010.contig7	53131	66771	1138
D4010.contig8	51595	22321	468
D4010.contig9	51413	44451	637
D4010.contig10	49305	19214	304
D4010.contig11	41565	25236	310
D4010.contig12	41293	35022	490
D4010.contig13	40257	15824	247
D4010.contig14	39278	29903	482
D4010.contig15	38680	37962	715
D4010.contig16	36243	18246	299
D4010.contig17	36211	18358	295
D4010.contig18	35087	87190	1807
D4010.contig19	35001	18654	229
D4010.contig20	34280	32060	441
D4010.contig21	34132	21057	313
D4010.contig22	34060	21267	380
D4010.contig23	32560	97711	1522
D4010.contig24	31744	26261	454
D4010.contig25	29786	12358	178
D4010.contig26	28526	36202	868
D4010.contig27	28475	33121	581
D4010.contig28	28361	38250	553
D4010.contig29	28249	18975	277
D4010.contig30	27745	6764	96
D4010.contig31	26600	22058	346
D4010.contig32	25889	14590	221
D4010.contig33	25147	6356	108
D4010.contig34	24649	11996	160
D4010.contig35	24005	9525	160
D4010.contig36	23661	42596	782
D4010.contig37	23645	13857	262
D4010.contig38	23296	5572	91
D4010.contig39	22974	13139	184
D4010.contig40	22962	24615	503
D4010.contig41	22848	12254	221
D4010.contig42	22216	8455	119
D4010.contig43	21922	7917	142
D4010.contig44	21516	4614	83
D4010.contig45	21382	4430	92
D4010.contig46	21261	11061	184
D4010.contig47	20749	8801	148
D4010.contig48	20693	7158	118
D4010.contig49	20692	18181	321
D4010.contig50	20389	3760	51
D4010.contig51	20155	4341	59
D4010.contig52	20118	4751	91
D4010.contig53	19832	8210	109
D4010.contig54	19749	11354	163
D4010.contig55	19612	18541	289
D4010.contig56	19189	4437	54
D4010.contig57	19088	5949	91
D4010.contig58	18965	5464	68
D4010.contig59	18634	7853	78
D4010.contig60	18620	3494	48
D4010.contig61	18585	6590	92
D4010.contig62	18403	8109	96
D4010.contig63	18301	3848	63
D4010.contig64	18224	4642	62
D4010.contig65	18056	4065	73
D4010.contig66	17993	6609	122
D4010.contig67	17934	3490	55
D4010.contig68	17805	3045	34
D4010.contig69	17514	11604	198
D4010.contig70	17402	4255	50
D4010.contig71	17350	3501	56
D4010.contig72	17093	9378	181
D4010.contig73	16946	4450	77
D4010.contig74	15818	2956	54
D4010.contig75	15728	3334	60
D4010.contig76	15685	2634	39
D4010.contig77	15655	4698	77
D4010.contig78	15610	4558	78
D4010.contig79	15506	8204	133
D4010.contig80	15187	6625	98
D4010.contig81	15118	5634	91
D4010.contig82	15074	6749	102
D4010.contig83	14903	2182	53
D4010.contig84	14778	3777	60
D4010.contig85	14556	11876	235
D4010.contig86	14552	6201	76
D4010.contig87	14547	3412	53
D4010.contig88	14493	46282	812
D4010.contig89	14389	6482	102
D4010.contig90	14259	18071	292
D4010.contig91	14255	20429	363
D4010.contig92	14191	4047	68
D4010.contig93	14141	3451	38
D4010.contig94	14030	8237	159
D4010.contig95	13913	6020	83
D4010.contig96	13731	3621	61
D4010.contig97	13594	6687	129
D4010.contig98	13448	1991	43
D4010.contig99	13384	2354	51
D4010.contig100	13382	21366	422
D4010.contig101	13300	4589	77
D4010.contig102	13240	24137	322
D4010.contig103	13239	2461	54
D4010.contig104	13221	5404	90
D4010.contig105	13167	2783	37
D4010.contig106	13027	4427	73
D4010.contig107	12973	6264	104
D4010.contig108	12822	3536	50
D4010.contig109	12749	2835	40
D4010.contig110	12688	4404	81
D4010.contig111	12677	2502	38
D4010.contig112	12509	3612	56
D4010.contig113	12486	2086	28
D4010.contig114	12442	2328	40
D4010.contig115	12351	8058	106
D4010.contig116	12298	2328	38
D4010.contig117	12036	3912	68
D4010.contig118	12019	2871	38
D4010.contig119	11897	3559	51
D4010.contig120	11849	12432	253
D4010.contig121	11396	1643	19
D4010.contig122	11388	2957	39
D4010.contig123	11295	1819	34
D4010.contig124	11291	2988	49
D4010.contig125	11281	8333	145
D4010.contig126	11150	4657	62
D4010.contig127	11066	1652	26
D4010.contig128	10951	2114	33
D4010.contig129	10838	1571	33
D4010.contig130	10662	3013	44
D4010.contig131	10618	3003	38
D4010.contig132	10386	1519	29
D4010.contig133	10374	1557	30
D4010.contig134	10240	2119	33
D4010.contig135	10152	3414	48
D4010.contig136	9878	1761	31
D4010.contig137	9689	5022	64
D4010.contig138	9682	17967	331
D4010.contig139	9459	2300	43
D4010.contig140	9422	1274	20
D4010.contig141	9362	1577	20
D4010.contig142	9308	12641	286
D4010.contig143	9287	20614	361
D4010.contig144	9203	1984	28
D4010.contig145	9203	37722	538
D4010.contig146	9195	2080	33
D4010.contig147	8865	1295	31
D4010.contig148	8846	1090	12
D4010.contig149	8795	2590	34
D4010.contig150	8746	1592	29
D4010.contig151	8615	1505	24
D4010.contig152	8381	2435	26
D4010.contig153	8315	1514	18
D4010.contig154	8258	1390	27
D4010.contig155	8107	1186	19
D4010.contig156	8079	4664	47
D4010.contig157	8050	1816	34
D4010.contig158	8035	1566	29
D4010.contig159	7895	6136	82
D4010.contig160	7789	977	20
D4010.contig161	7789	1367	22
D4010.contig162	7779	1330	23
D4010.contig163	7759	40012	792
D4010.contig164	7631	1606	28
D4010.contig165	7583	980	21
D4010.contig166	7344	1262	24
D4010.contig167	7291	1024	18
D4010.contig168	7282	981	16
D4010.contig169	7202	1968	38
D4010.contig170	7099	3584	58
D4010.contig171	7027	874	18
D4010.contig172	6932	1150	28
D4010.contig173	6911	1182	14
D4010.contig174	6886	1517	25
D4010.contig175	6862	1106	36
D4010.contig176	6859	1660	22
D4010.contig177	6813	904	15
D4010.contig178	6706	33904	588
D4010.contig179	6673	1105	32
D4010.contig180	6600	694	15
D4010.contig181	6591	2970	34
D4010.contig182	6579	598	19
D4010.contig183	6579	673	11
D4010.contig184	6512	3011	71
D4010.contig185	6455	2145	39
D4010.contig186	6437	965	19
D4010.contig187	6428	938	16
D4010.contig188	6400	597	7
D4010.contig189	6356	1683	26
D4010.contig190	6340	2861	31
D4010.contig191	6330	688	13
D4010.contig192	6317	845	21
D4010.contig193	6278	772	13
D4010.contig194	6192	837	19
D4010.contig195	6183	588	7
D4010.contig196	6135	731	23
D4010.contig197	6112	1037	18
D4010.contig198	6074	785	12
D4010.contig199	6071	1031	30
D4010.contig200	6025	1863	28
D4010.contig201	5980	664	18
D4010.contig202	5977	611	22
D4010.contig203	5913	662	22
D4010.contig204	5866	8580	167
D4010.contig205	5865	1013	15
D4010.contig206	5847	879	7
D4010.contig207	5820	28570	1031
D4010.contig208	5783	759	12
D4010.contig209	5777	1506	30
D4010.contig210	5692	705	15
D4010.contig211	5686	2010	43
D4010.contig212	5661	613	11
D4010.contig213	5606	51084	833
D4010.contig214	5580	852	7
D4010.contig215	5550	1541	21
D4010.contig216	5525	2070	46
D4010.contig217	5346	2104	31
D4010.contig218	5296	3296	42
D4010.contig219	5285	7002	109
D4010.contig220	5166	776	12
D4010.contig221	5148	796	18
D4010.contig222	5095	851	15
D4010.contig223	5089	9952	269
D4010.contig224	5076	548	28
D4010.contig225	5074	1492	17
D4010.contig226	5063	406	15
D4010.contig227	5062	839	18
D4010.contig228	5038	2075574	84373
D4010.contig229	5006	637	14
D4010.contig230	4992	591	14
D4010.contig231	4992	802	12
D4010.contig232	4991	526	15
D4010.contig233	4976	436	10
D4010.contig234	4967	641	25
D4010.contig235	4868	784	21
D4010.contig236	4860	399	10
D4010.contig237	4843	558	14
D4010.contig238	4822	531	15
D4010.contig239	4812	580	14
D4010.contig240	4790	777	9
D4010.contig241	4757	1014	17
D4010.contig242	4750	2701	65
D4010.contig243	4728	540	18
D4010.contig244	4723	645	14
D4010.contig245	4636	639	18
D4010.contig246	4607	520	4
D4010.contig247	4603	667	9
D4010.contig248	4584	8651	131
D4010.contig249	4527	5770	100
D4010.contig250	4469	1127	26
D4010.contig251	4424	607	11
D4010.contig252	4410	443	11
D4010.contig253	4392	627	11
D4010.contig254	4322	518	7
D4010.contig255	4274	367	16
D4010.contig256	4211	322	13
D4010.contig257	4184	1322	30
D4010.contig258	4181	617	22
D4010.contig259	4163	489	21
D4010.contig260	4160	459	9
D4010.contig261	4157	414	5
D4010.contig262	4067	494	16
D4010.contig263	4066	568	19
D4010.contig264	4044	642	8
D4010.contig265	4026	569	11
D4010.contig266	4005	481	14
D4010.contig267	3965	548	12
D4010.contig268	3959	554	13
D4010.contig269	3933	11165	229
D4010.contig270	3916	441	6
D4010.contig271	3915	412	10
D4010.contig272	3905	879	24
D4010.contig273	3900	468	10
D4010.contig274	3849	503	7
D4010.contig275	3806	509	7
D4010.contig276	3796	483	18
D4010.contig277	3790	601	17
D4010.contig278	3788	401	13
D4010.contig279	3778	651	20
D4010.contig280	3770	492	12
D4010.contig281	3759	2307	23
D4010.contig282	3751	489	11
D4010.contig283	3746	321	14
D4010.contig284	3733	406	12
D4010.contig285	3691	569	18
D4010.contig286	3683	9277	182
D4010.contig287	3661	22098	295
D4010.contig288	3655	534	16
D4010.contig289	3617	374	12
D4010.contig290	3598	477	7
D4010.contig291	3540	31476	571
D4010.contig292	3537	567	12
D4010.contig293	3510	8209	185
D4010.contig294	3496	382	11
D4010.contig295	3479	288	4
D4010.contig296	3479	551	14
D4010.contig297	3472	344	14
D4010.contig298	3462	295	3
D4010.contig299	3460	1317	17
D4010.contig300	3459	413	11
D4010.contig301	3455	607	17
D4010.contig302	3432	1368	20
D4010.contig303	3372	606	8
D4010.contig304	3364	559	11
D4010.contig305	3349	1774	34
D4010.contig306	3329	398	15
D4010.contig307	3289	421	10
D4010.contig308	3276	322	10
D4010.contig309	3275	403	4
D4010.contig310	3240	13182	369
D4010.contig311	3240	785	14
D4010.contig312	3226	491	5
D4010.contig313	3220	320	7
D4010.contig314	3215	362	8
D4010.contig315	3212	231	3
D4010.contig316	3210	431	6
D4010.contig317	3208	312	7
D4010.contig318	3203	249	12
D4010.contig319	3199	297	15
D4010.contig320	3192	479	8
D4010.contig321	3190	378	8
D4010.contig322	3170	748	23
D4010.contig323	3155	369	16
D4010.contig324	3151	303	11
D4010.contig325	3145	301	10
D4010.contig326	3138	779	10
D4010.contig327	3119	6906	149
D4010.contig328	3117	369	4
D4010.contig329	3117	1803	35
D4010.contig330	3114	260	12
D4010.contig331	3108	216	5
D4010.contig332	3093	2743	36
D4010.contig333	3058	229	5
D4010.contig334	3057	488	10
D4010.contig335	3039	4325	151
D4010.contig336	3009	515	8
D4010.contig337	3001	233	8
D4010.contig338	2983	580	4
D4010.contig339	2970	290	10
D4010.contig340	2960	251	8
D4010.contig341	2941	441	4
D4010.contig342	2939	563	8
D4010.contig343	2937	413	7
D4010.contig344	2925	4721	72
D4010.contig345	2924	255	13
D4010.contig346	2916	4143	117
D4010.contig347	2890	226	7
D4010.contig348	2808	395	19
D4010.contig349	2791	238	4
D4010.contig350	2787	221	6
D4010.contig351	2779	203	5
D4010.contig352	2777	233	7
D4010.contig353	2775	329	10
D4010.contig354	2759	268	4
D4010.contig355	2718	287	6
D4010.contig356	2685	255	7
D4010.contig357	2656	279	12
D4010.contig358	2640	358	13
D4010.contig359	2639	243	5
D4010.contig360	2614	290	15
D4010.contig361	2612	307	7
D4010.contig362	2594	131	4
D4010.contig363	2586	225	5
D4010.contig364	2577	282	10
D4010.contig365	2572	267	8
D4010.contig366	2571	203	5
D4010.contig367	2547	292	12
D4010.contig368	2539	409	29
D4010.contig369	2531	247	16
D4010.contig370	2531	257	5
D4010.contig371	2530	329	4
D4010.contig372	2528	368	4
D4010.contig373	2527	257	8
D4010.contig374	2482	226	9
D4010.contig375	2479	193	5
D4010.contig376	2470	189	10
D4010.contig377	2462	188	4
D4010.contig378	2442	303	6
D4010.contig379	2438	1320	27
D4010.contig380	2433	250	5
D4010.contig381	2423	200	6
D4010.contig382	2415	312	15
D4010.contig383	2383	209	12
D4010.contig384	2378	218	13
D4010.contig385	2374	816	20
D4010.contig386	2343	167	8
D4010.contig387	2316	17398	334
D4010.contig388	2312	238	4
D4010.contig389	2301	224	9
D4010.contig390	2295	251	11
D4010.contig391	2291	257	11
D4010.contig392	2291	157	3
D4010.contig393	2287	338	12
D4010.contig394	2284	174	4
D4010.contig395	2282	209	5
D4010.contig396	2277	428	4
D4010.contig397	2272	180	5
D4010.contig398	2260	223	9
D4010.contig399	2258	284	11
D4010.contig400	2248	174	8
D4010.contig401	2247	117	11
D4010.contig402	2240	190	12
D4010.contig403	2237	224	9
D4010.contig404	2224	203	14
D4010.contig405	2216	348	4
D4010.contig406	2216	134	7
D4010.contig407	2212	181	8
D4010.contig408	2210	206	1
D4010.contig409	2195	28357	161
D4010.contig410	2191	241	3
D4010.contig411	2186	217	6
D4010.contig412	2181	449	22
D4010.contig413	2171	281	5
D4010.contig414	2171	129	10
D4010.contig415	2160	259	8
D4010.contig416	2146	192	13
D4010.contig417	2146	259	6
D4010.contig418	2125	631	11
D4010.contig419	2121	221	10
D4010.contig420	2121	251	9
D4010.contig421	2115	218	10
D4010.contig422	2113	279	26
D4010.contig423	2097	191	13
D4010.contig424	2092	221	8
D4010.contig425	2091	202	2
D4010.contig426	2085	199	7
D4010.contig427	2085	257	5
D4010.contig428	2076	209	9
D4010.contig429	2073	198	10
D4010.contig430	2071	278	12
D4010.contig431	2054	165	3
D4010.contig432	2052	220	13
D4010.contig433	2049	155	7
D4010.contig434	2028	204	7
D4010.contig435	2015	219	6
D4010.contig436	2010	272	9
D4010.contig437	1998	161	5
D4010.contig438	1997	1517	70
D4010.contig439	1992	812	16
D4010.contig440	1990	185	8
D4010.contig441	1984	97	9
D4010.contig442	1979	157	2
D4010.contig443	1977	229	9
D4010.contig444	1961	122	4
D4010.contig445	1960	555	7
D4010.contig446	1953	165	8
D4010.contig447	1940	166	14
D4010.contig448	1934	185	4
D4010.contig449	1934	6908	116
D4010.contig450	1905	195	4
D4010.contig451	1886	394	11
D4010.contig452	1885	372	9
D4010.contig453	1872	117	6
D4010.contig454	1871	209	12
D4010.contig455	1870	11407	157
D4010.contig456	1869	144	10
D4010.contig457	1859	5253	108
D4010.contig458	1855	338	12
D4010.contig459	1847	152	7
D4010.contig460	1844	181	4
D4010.contig461	1842	199	5
D4010.contig462	1841	192	10
D4010.contig463	1834	174	9
D4010.contig464	1833	163	5
D4010.contig465	1825	109	10
D4010.contig466	1821	170	6
D4010.contig467	1818	3575	59
D4010.contig468	1812	149	11
D4010.contig469	1809	128	8
D4010.contig470	1809	173	6
D4010.contig471	1807	2376	46
D4010.contig472	1803	128	8
D4010.contig473	1798	207	9
D4010.contig474	1794	150	8
D4010.contig475	1788	131	4
D4010.contig476	1788	154	11
D4010.contig477	1785	187	13
D4010.contig478	1784	174	9
D4010.contig479	1782	109	9
D4010.contig480	1779	141	6
D4010.contig481	1779	182	6
D4010.contig482	1771	231	9
D4010.contig483	1767	171	5
D4010.contig484	1758	136	8
D4010.contig485	1758	153	2
D4010.contig486	1756	304	6
D4010.contig487	1754	109	9
D4010.contig488	1747	206	5
D4010.contig489	1742	148	2
D4010.contig490	1741	2177	36
D4010.contig491	1741	109	14
D4010.contig492	1737	183	8
D4010.contig493	1728	173	7
D4010.contig494	1726	195	5
D4010.contig495	1724	179	11
D4010.contig496	1722	117	8
D4010.contig497	1718	3004	43
D4010.contig498	1712	130	7
D4010.contig499	1708	134	8
D4010.contig500	1701	4581	52
D4010.contig501	1697	156	9
D4010.contig502	1697	131	6
D4010.contig503	1696	106	8
D4010.contig504	1693	215	8
D4010.contig505	1692	1828	70
D4010.contig506	1690	136	6
D4010.contig507	1686	91	10
D4010.contig508	1682	148	4
D4010.contig509	1677	301	6
D4010.contig510	1660	220	6
D4010.contig511	1656	232	6
D4010.contig512	1655	600	36
D4010.contig513	1655	83	14
D4010.contig514	1652	175	5
D4010.contig515	1650	249	8
D4010.contig516	1644	172	7
D4010.contig517	1637	110	6
D4010.contig518	1637	103	3
D4010.contig519	1636	156	4
D4010.contig520	1633	118	6
D4010.contig521	1629	171	10
D4010.contig522	1628	145	5
D4010.contig523	1622	8049	58
D4010.contig524	1610	171	10
D4010.contig525	1606	148	4
D4010.contig526	1605	104	3
D4010.contig527	1601	123	9
D4010.contig528	1600	124	5
D4010.contig529	1587	221	7
D4010.contig530	1585	105	6
D4010.contig531	1576	96	4
D4010.contig532	1576	94	11
D4010.contig533	1565	346	6
D4010.contig534	1562	157	6
D4010.contig535	1559	185	3
D4010.contig536	1549	224	7
D4010.contig537	1547	179	6
D4010.contig538	1546	143	6
D4010.contig539	1543	119	3
D4010.contig540	1541	130	6
D4010.contig541	1539	124	4
D4010.contig542	1538	206	9
D4010.contig543	1537	142	2
D4010.contig544	1537	85	8
D4010.contig545	1536	124	4
D4010.contig546	1535	109	8
D4010.contig547	1528	134	4
D4010.contig548	1526	100	7
D4010.contig549	1525	181	8
D4010.contig550	1519	89	4
D4010.contig551	1519	86	9
D4010.contig552	1516	235	6
D4010.contig553	1504	11483	103
D4010.contig554	1503	109	7
D4010.contig555	1503	112	5
D4010.contig556	1498	134	8
D4010.contig557	1495	95	5
D4010.contig558	1492	124	4
D4010.contig559	1487	113	14
D4010.contig560	1474	126	6
D4010.contig561	1470	142	14
D4010.contig562	1468	138	3
D4010.contig563	1462	83	9
D4010.contig564	1454	162	14
D4010.contig565	1447	205	8
D4010.contig566	1447	131	9
D4010.contig567	1446	109	5
D4010.contig568	1437	137	7
D4010.contig569	1435	146	4
D4010.contig570	1434	124	11
D4010.contig571	1433	83	16
D4010.contig572	1424	102	8
D4010.contig573	1423	129	4
D4010.contig574	1415	192	10
D4010.contig575	1407	3224	48
D4010.contig576	1404	147	5
D4010.contig577	1403	164	11
D4010.contig578	1403	13737	165
D4010.contig579	1399	108	4
D4010.contig580	1398	115	9
D4010.contig581	1397	104	6
D4010.contig582	1396	103	7
D4010.contig583	1391	113	14
D4010.contig584	1382	88	7
D4010.contig585	1379	80	3
D4010.contig586	1379	141	7
D4010.contig587	1376	95	7
D4010.contig588	1373	81	12
D4010.contig589	1373	121	7
D4010.contig590	1370	130	6
D4010.contig591	1365	113	8
D4010.contig592	1364	83	8
D4010.contig593	1363	75	4
D4010.contig594	1352	101	3
D4010.contig595	1352	83	7
D4010.contig596	1351	87	4
D4010.contig597	1349	91	5
D4010.contig598	1349	87	7
D4010.contig599	1347	118	2
D4010.contig600	1346	4381	178
D4010.contig601	1344	108	9
D4010.contig602	1333	104	6
D4010.contig603	1332	163	3
D4010.contig604	1330	97	4
D4010.contig605	1330	86	4
D4010.contig606	1325	100	1
D4010.contig607	1319	99	4
D4010.contig608	1316	156	12
D4010.contig609	1315	150	12
D4010.contig610	1310	118	12
D4010.contig611	1308	106	6
D4010.contig612	1303	135	6
D4010.contig613	1300	72	5
D4010.contig614	1299	94	13
D4010.contig615	1298	90	3
D4010.contig616	1297	89	6
D4010.contig617	1292	107	5
D4010.contig618	1282	128	4
D4010.contig619	1282	100	7
D4010.contig620	1277	83	8
D4010.contig621	1275	126	3
D4010.contig622	1273	102	7
D4010.contig623	1272	114	6
D4010.contig624	1266	120	4
D4010.contig625	1264	154	5
D4010.contig626	1264	65	9
D4010.contig627	1261	73	6
D4010.contig628	1260	103	5
D4010.contig629	1259	97	2
D4010.contig630	1256	64	6
D4010.contig631	1256	104	7
D4010.contig632	1250	68	14
D4010.contig633	1249	103	2
D4010.contig634	1248	99	7
D4010.contig635	1248	134	11
D4010.contig636	1244	118	2
D4010.contig637	1244	136	2
D4010.contig638	1243	75	9
D4010.contig639	1236	85	8
D4010.contig640	1225	64	4
D4010.contig641	1222	6023	78
D4010.contig642	1220	89	3
D4010.contig643	1220	139	10
D4010.contig644	1218	111	1
D4010.contig645	1215	59	6
D4010.contig646	1215	102	5
D4010.contig647	1215	72	6
D4010.contig648	1210	75	8
D4010.contig649	1209	82	4
D4010.contig650	1204	155	11
D4010.contig651	1203	67	5
D4010.contig652	1203	109	3
D4010.contig653	1197	87	5
D4010.contig654	1196	80	4
D4010.contig655	1194	86	6
D4010.contig656	1191	88	7
D4010.contig657	1190	113	9
D4010.contig658	1189	61	10
D4010.contig659	1182	136	5
D4010.contig660	1175	138	5
D4010.contig661	1171	68	11
D4010.contig662	1170	71	4
D4010.contig663	1167	125	11
D4010.contig664	1165	73	9
D4010.contig665	1163	122	5
D4010.contig666	1162	117	0
D4010.contig667	1157	99	5
D4010.contig668	1150	70	2
D4010.contig669	1149	89	9
D4010.contig670	1149	1946	40
D4010.contig671	1148	207	11
D4010.contig672	1147	77	5
D4010.contig673	1145	267	7
D4010.contig674	1144	69	7
D4010.contig675	1141	98	3
D4010.contig676	1139	63	9
D4010.contig677	1138	73	4
D4010.contig678	1137	91	12
D4010.contig679	1132	85	6
D4010.contig680	1128	64	5
D4010.contig681	1126	136	4
D4010.contig682	1125	122	5
D4010.contig683	1124	1254	42
D4010.contig684	1123	150	5
D4010.contig685	1115	80	6
D4010.contig686	1113	126	6
D4010.contig687	1112	43	4
D4010.contig688	1110	62	5
D4010.contig689	1105	133	4
D4010.contig690	1103	87	7
D4010.contig691	1099	62	6
D4010.contig692	1098	70	5
D4010.contig693	1097	69	8
D4010.contig694	1096	572	25
D4010.contig695	1096	58	2
D4010.contig696	1094	68	9
D4010.contig697	1090	84	7
D4010.contig698	1088	74	2
D4010.contig699	1085	113	6
D4010.contig700	1084	72	9
D4010.contig701	1084	73	6
D4010.contig702	1078	94	5
D4010.contig703	1073	69	11
D4010.contig704	1072	76	3
D4010.contig705	1068	49	6
D4010.contig706	1067	57	1
D4010.contig707	1067	38	6
D4010.contig708	1060	68	5
D4010.contig709	1056	87	7
D4010.contig710	1053	68	6
D4010.contig711	1045	113	5
D4010.contig712	1043	69	7
D4010.contig713	1041	101	3
D4010.contig714	1039	54	4
D4010.contig715	1033	37	7
D4010.contig716	1031	83	8
D4010.contig717	1028	6694	126
D4010.contig718	1023	88	4
D4010.contig719	1017	38	8
D4010.contig720	1015	79	3
D4010.contig721	1009	94	10
D4010.contig722	1009	112	5
D4010.contig723	1009	122	7
D4010.contig724	1003	54	2
D4010.contig725	1003	942	22
D4010.contig726	1002	67	7
D4010.contig727	999	84	2
D4010.contig728	995	95	5
D4010.contig729	992	78	4
D4010.contig730	990	76	7
D4010.contig731	987	84	3
D4010.contig732	985	52	4
D4010.contig733	985	91	3
D4010.contig734	984	68	5
D4010.contig735	983	91	5
D4010.contig736	983	49	5
D4010.contig737	983	64	4
D4010.contig738	982	50	12
D4010.contig739	982	63	4
D4010.contig740	981	75	4
D4010.contig741	979	92	5
D4010.contig742	974	63	10
D4010.contig743	971	77	5
D4010.contig744	970	56	4
D4010.contig745	970	549	44
D4010.contig746	970	121	9
D4010.contig747	968	68	9
D4010.contig748	964	60	3
D4010.contig749	964	98	12
D4010.contig750	962	60	4
D4010.contig751	960	78	7
D4010.contig752	960	118	7
D4010.contig753	959	92	13
D4010.contig754	959	12100	451
D4010.contig755	958	50	8
D4010.contig756	958	55	6
D4010.contig757	957	71	19
D4010.contig758	954	91	6
D4010.contig759	953	60	2
D4010.contig760	953	64	4
D4010.contig761	952	83	5
D4010.contig762	951	47	13
D4010.contig763	948	65	4
D4010.contig764	946	119	7
D4010.contig765	945	72	1
D4010.contig766	942	57	4
D4010.contig767	935	56	5
D4010.contig768	932	42	5
D4010.contig769	924	103	3
D4010.contig770	922	52	3
D4010.contig771	921	50	9
D4010.contig772	920	69	8
D4010.contig773	919	49	3
D4010.contig774	915	35	7
D4010.contig775	915	44	7
D4010.contig776	914	60	5
D4010.contig777	912	54	4
D4010.contig778	912	46	7
D4010.contig779	912	56	3
D4010.contig780	906	51	2
D4010.contig781	905	46	5
D4010.contig782	903	110	3
D4010.contig783	902	44	2
D4010.contig784	899	75	5
D4010.contig785	897	42	10
D4010.contig786	897	64	5
D4010.contig787	895	43	9
D4010.contig788	894	69	6
D4010.contig789	889	75	4
D4010.contig790	889	44	5
D4010.contig791	888	60	7
D4010.contig792	887	69	6
D4010.contig793	885	57	5
D4010.contig794	885	71	8
D4010.contig795	884	83	8
D4010.contig796	883	83	5
D4010.contig797	881	77	10
D4010.contig798	880	87	7
D4010.contig799	880	81	4
D4010.contig800	879	59	8
D4010.contig801	874	49	8
D4010.contig802	874	52	6
D4010.contig803	873	48	1
D4010.contig804	873	70	6
D4010.contig805	870	69	3
D4010.contig806	869	4805	88
D4010.contig807	867	37	3
D4010.contig808	866	51	4
D4010.contig809	866	78	7
D4010.contig810	865	30	8
D4010.contig811	865	62	6
D4010.contig812	864	51	5
D4010.contig813	860	61	4
D4010.contig814	859	52	12
D4010.contig815	856	59	9
D4010.contig816	853	55	4
D4010.contig817	853	58	5
D4010.contig818	851	108	2
D4010.contig819	848	69	3
D4010.contig820	848	62	4
D4010.contig821	846	812	24
D4010.contig822	845	36	5
D4010.contig823	843	64	10
D4010.contig824	841	121	9
D4010.contig825	841	58	12
D4010.contig826	840	69	2
D4010.contig827	840	95	7
D4010.contig828	838	60	11
D4010.contig829	833	82	9
D4010.contig830	833	53	3
D4010.contig831	831	43	5
D4010.contig832	830	85	7
D4010.contig833	828	56	6
D4010.contig834	827	44	10
D4010.contig835	827	72	1
D4010.contig836	827	48	4
D4010.contig837	825	54	5
D4010.contig838	825	37	7
D4010.contig839	825	73	8
D4010.contig840	823	85	11
D4010.contig841	823	30	6
D4010.contig842	822	39	6
D4010.contig843	822	6400	128
D4010.contig844	820	67	4
D4010.contig845	818	54	6
D4010.contig846	818	64	5
D4010.contig847	817	42	3
D4010.contig848	817	42	4
D4010.contig849	814	51	9
D4010.contig850	813	65	6
D4010.contig851	813	52	13
D4010.contig852	812	54	3
D4010.contig853	812	54	9
D4010.contig854	811	52	2
D4010.contig855	809	40	5
D4010.contig856	809	42	1
D4010.contig857	808	59	7
D4010.contig858	806	42	3
D4010.contig859	806	33	9
D4010.contig860	806	53	5
D4010.contig861	805	46	9
D4010.contig862	801	77	7
D4010.contig863	797	41	7
D4010.contig864	797	31	3
D4010.contig865	796	61	4
D4010.contig866	794	53	6
D4010.contig867	792	37	3
D4010.contig868	788	51	12
D4010.contig869	787	41	2
D4010.contig870	787	50	2
D4010.contig871	786	48	5
D4010.contig872	779	97	7
D4010.contig873	776	64	12
D4010.contig874	773	53	3
D4010.contig875	772	48	8
D4010.contig876	771	87	9
D4010.contig877	771	38	7
D4010.contig878	770	3768	144
D4010.contig879	770	50	6
D4010.contig880	769	47	11
D4010.contig881	764	27	7
D4010.contig882	764	34	3
D4010.contig883	763	31	4
D4010.contig884	761	36	6
D4010.contig885	760	41	2
D4010.contig886	759	38	4
D4010.contig887	758	53	7
D4010.contig888	757	48	3
D4010.contig889	754	40	3
D4010.contig890	752	64	12
D4010.contig891	752	71	6
D4010.contig892	752	46	3
D4010.contig893	751	39	6
D4010.contig894	751	30	14
D4010.contig895	750	45	4
D4010.contig896	749	36	5
D4010.contig897	748	34	4
D4010.contig898	747	40	9
D4010.contig899	746	30	8
D4010.contig900	745	55	1
D4010.contig901	745	47	8
D4010.contig902	744	42	13
D4010.contig903	744	43	3
D4010.contig904	742	41	6
D4010.contig905	742	57	4
D4010.contig906	741	45	4
D4010.contig907	741	108	5
D4010.contig908	740	49	7
D4010.contig909	739	60	8
D4010.contig910	739	44	4
D4010.contig911	738	44	8
D4010.contig912	737	50	1
D4010.contig913	737	31	3
D4010.contig914	736	2129	69
D4010.contig915	734	44	3
D4010.contig916	732	48	5
D4010.contig917	731	38	9
D4010.contig918	730	33	5
D4010.contig919	729	41	3
D4010.contig920	728	23	6
D4010.contig921	727	60	9
D4010.contig922	726	46	9
D4010.contig923	726	53	5
D4010.contig924	725	41	5
D4010.contig925	720	39	8
D4010.contig926	720	30	3
D4010.contig927	719	39	4
D4010.contig928	718	66	5
D4010.contig929	717	51	2
D4010.contig930	717	337	34
D4010.contig931	716	72	4
D4010.contig932	713	38	7
D4010.contig933	711	40	1
D4010.contig934	710	27	9
D4010.contig935	709	1568	17
D4010.contig936	709	99	4
D4010.contig937	706	51	5
D4010.contig938	705	28	2
D4010.contig939	705	32	9
D4010.contig940	704	35	9
D4010.contig941	703	30	5
D4010.contig942	702	61	6
D4010.contig943	701	25	3
D4010.contig944	700	50	7
D4010.contig945	700	40	9
D4010.contig946	698	50	6
D4010.contig947	697	45	2
D4010.contig948	697	31	6
D4010.contig949	694	64	4
D4010.contig950	693	41	4
D4010.contig951	693	28	7
D4010.contig952	693	30	8
D4010.contig953	691	45	5
D4010.contig954	691	32	8
D4010.contig955	690	55	9
D4010.contig956	690	55	13
D4010.contig957	689	44	8
D4010.contig958	688	42	8
D4010.contig959	687	25	4
D4010.contig960	685	53	4
D4010.contig961	684	44	4
D4010.contig962	683	35	6
D4010.contig963	681	51	8
D4010.contig964	681	35	2
D4010.contig965	680	33	6
D4010.contig966	679	455	12
D4010.contig967	678	107	7
D4010.contig968	677	31	5
D4010.contig969	677	54	6
D4010.contig970	677	31	10
D4010.contig971	676	49	7
D4010.contig972	675	63	4
D4010.contig973	675	22	5
D4010.contig974	674	45	6
D4010.contig975	674	32	4
D4010.contig976	672	22	8
D4010.contig977	672	41	9
D4010.contig978	670	43	5
D4010.contig979	669	50	9
D4010.contig980	668	35	4
D4010.contig981	668	18	5
D4010.contig982	667	25	4
D4010.contig983	666	32	11
D4010.contig984	665	89	5
D4010.contig985	665	33	10
D4010.contig986	664	59	6
D4010.contig987	664	37	4
D4010.contig988	664	25	6
D4010.contig989	664	38	11
D4010.contig990	663	78	4
D4010.contig991	663	33	7
D4010.contig992	662	36	6
D4010.contig993	661	41	2
D4010.contig994	661	29	6
D4010.contig995	660	38	6
D4010.contig996	660	57	11
D4010.contig997	660	44	10
D4010.contig998	660	752	15
D4010.contig999	659	19	7
D4010.contig1000	659	39	4
D4010.contig1001	659	24	7
D4010.contig1002	658	45	4
D4010.contig1003	656	3885	159
D4010.contig1004	654	35	11
D4010.contig1005	651	24	8
D4010.contig1006	651	3488	51
D4010.contig1007	649	81	6
D4010.contig1008	649	36	7
D4010.contig1009	648	54	1
D4010.contig1010	647	40	4
D4010.contig1011	645	51	1
D4010.contig1012	645	49	7
D4010.contig1013	644	35	2
D4010.contig1014	643	59	4
D4010.contig1015	640	41	2
D4010.contig1016	639	35	3
D4010.contig1017	638	42	7
D4010.contig1018	637	22	4
D4010.contig1019	635	49	10
D4010.contig1020	635	23	6
D4010.contig1021	634	512	36
D4010.contig1022	633	71	9
D4010.contig1023	633	440	39
D4010.contig1024	632	35	3
D4010.contig1025	630	12	4
D4010.contig1026	630	49	2
D4010.contig1027	629	37	5
D4010.contig1028	628	30	2
D4010.contig1029	627	28	6
D4010.contig1030	627	29	6
D4010.contig1031	627	595	13
D4010.contig1032	626	37	4
D4010.contig1033	625	38	2
D4010.contig1034	624	66	8
D4010.contig1035	623	42	4
D4010.contig1036	623	21	4
D4010.contig1037	621	40	4
D4010.contig1038	621	34	4
D4010.contig1039	621	27	9
D4010.contig1040	620	45	4
D4010.contig1041	619	28	10
D4010.contig1042	618	30	7
D4010.contig1043	617	29	4
D4010.contig1044	615	626	97
D4010.contig1045	614	32	8
D4010.contig1046	612	22	2
D4010.contig1047	611	40	7
D4010.contig1048	610	40	5
D4010.contig1049	610	56	9
D4010.contig1050	610	73	5
D4010.contig1051	610	39	3
D4010.contig1052	608	26	3
D4010.contig1053	608	24	4
D4010.contig1054	607	21	5
D4010.contig1055	607	32	7
D4010.contig1056	607	37	10
D4010.contig1057	602	32	10
D4010.contig1058	601	42	9
D4010.contig1059	601	65	4
D4010.contig1060	599	21	3
D4010.contig1061	598	47	10
D4010.contig1062	597	44	4
D4010.contig1063	597	24	1
D4010.contig1064	596	39	6
D4010.contig1065	595	50	5
D4010.contig1066	595	17	4
D4010.contig1067	595	26	3
D4010.contig1068	594	49	3
D4010.contig1069	594	63	7
D4010.contig1070	594	413	9
D4010.contig1071	593	42	6
D4010.contig1072	593	44	2
D4010.contig1073	593	30	0
D4010.contig1074	592	97	2
D4010.contig1075	590	27	8
D4010.contig1076	589	37	4
D4010.contig1077	588	42	4
D4010.contig1078	588	17	5
D4010.contig1079	587	35	6
D4010.contig1080	587	32	6
D4010.contig1081	587	37	7
D4010.contig1082	586	29	2
D4010.contig1083	585	32	4
D4010.contig1084	585	20	0
D4010.contig1085	584	41	11
D4010.contig1086	584	1001	19
D4010.contig1087	583	31	4
D4010.contig1088	583	30	3
D4010.contig1089	583	154	1
D4010.contig1090	581	70	3
D4010.contig1091	581	30	5
D4010.contig1092	581	44	3
D4010.contig1093	580	21	10
D4010.contig1094	579	31	8
D4010.contig1095	576	42	2
D4010.contig1096	576	65	3
D4010.contig1097	575	26	5
D4010.contig1098	575	35	5
D4010.contig1099	575	24	8
D4010.contig1100	574	24	8
D4010.contig1101	574	39	7
D4010.contig1102	571	32	0
D4010.contig1103	571	38	9
D4010.contig1104	570	24	5
D4010.contig1105	569	28	0
D4010.contig1106	569	30	6
D4010.contig1107	568	31	8
D4010.contig1108	567	35	6
D4010.contig1109	567	993	31
D4010.contig1110	567	38	3
D4010.contig1111	566	32	8
D4010.contig1112	565	31	2
D4010.contig1113	565	30	2
D4010.contig1114	564	28	4
D4010.contig1115	564	20	5
D4010.contig1116	563	32	5
D4010.contig1117	562	23	5
D4010.contig1118	561	25	7
D4010.contig1119	560	26	1
D4010.contig1120	560	54	8
D4010.contig1121	558	74	3
D4010.contig1122	556	46	2
D4010.contig1123	555	25	4
D4010.contig1124	554	22	4
D4010.contig1125	554	43	2
D4010.contig1126	553	38	4
D4010.contig1127	553	32	1
D4010.contig1128	552	32	4
D4010.contig1129	552	43	9
D4010.contig1130	551	30	5
D4010.contig1131	551	23	10
D4010.contig1132	551	43	4
D4010.contig1133	550	36	0
D4010.contig1134	550	31	1
D4010.contig1135	550	34	3
D4010.contig1136	550	24	6
D4010.contig1137	550	31	6
D4010.contig1138	549	54	8
D4010.contig1139	549	22	7
D4010.contig1140	548	38	7
D4010.contig1141	548	29	6
D4010.contig1142	547	25	7
D4010.contig1143	547	42	11
D4010.contig1144	547	73	5
D4010.contig1145	546	36	5
D4010.contig1146	546	884	26
D4010.contig1147	546	45	8
D4010.contig1148	545	49	2
D4010.contig1149	545	59	4
D4010.contig1150	545	20	4
D4010.contig1151	544	21	2
D4010.contig1152	543	34	6
D4010.contig1153	542	50	5
D4010.contig1154	542	187	1
D4010.contig1155	540	35	4
D4010.contig1156	539	29	5
D4010.contig1157	539	24	8
D4010.contig1158	539	36	4
D4010.contig1159	537	14	2
D4010.contig1160	537	35	6
D4010.contig1161	536	31	1
D4010.contig1162	536	15	6
D4010.contig1163	535	25	2
D4010.contig1164	534	31	3
D4010.contig1165	533	36	10
D4010.contig1166	533	32	8
D4010.contig1167	532	35	2
D4010.contig1168	532	36	12
D4010.contig1169	531	22	8
D4010.contig1170	531	34	4
D4010.contig1171	531	43	5
D4010.contig1172	531	20	4
D4010.contig1173	531	25	8
D4010.contig1174	530	36	4
D4010.contig1175	530	164	16
D4010.contig1176	529	22	3
D4010.contig1177	528	32	4
D4010.contig1178	528	507	16
D4010.contig1179	528	21	6
D4010.contig1180	528	19	1
D4010.contig1181	528	28	4
D4010.contig1182	527	53	2
D4010.contig1183	526	38	4
D4010.contig1184	526	39	12
D4010.contig1185	526	44	9
D4010.contig1186	525	37	1
D4010.contig1187	524	18	8
D4010.contig1188	523	46	7
D4010.contig1189	523	23	9
D4010.contig1190	522	26	9
D4010.contig1191	522	26	8
D4010.contig1192	522	14	3
D4010.contig1193	522	34	6
D4010.contig1194	521	26	10
D4010.contig1195	521	17	4
D4010.contig1196	520	20	4
D4010.contig1197	520	11	7
D4010.contig1198	520	37	4
D4010.contig1199	520	32	9
D4010.contig1200	518	46	4
D4010.contig1201	518	27	3
D4010.contig1202	517	29	9
D4010.contig1203	517	500	14
D4010.contig1204	516	38	4
D4010.contig1205	516	29	5
D4010.contig1206	514	24	5
D4010.contig1207	514	30	2
D4010.contig1208	514	30	8
D4010.contig1209	514	31	3
D4010.contig1210	514	25	5
D4010.contig1211	513	31	7
D4010.contig1212	511	22	3
D4010.contig1213	511	4478	71
D4010.contig1214	510	4518	118
D4010.contig1215	509	27	5
D4010.contig1216	509	23	6
D4010.contig1217	509	24	2
D4010.contig1218	508	77	2
D4010.contig1219	508	36	7
D4010.contig1220	507	41	10
D4010.contig1221	507	420	4
D4010.contig1222	506	27	12
D4010.contig1223	506	26	5
D4010.contig1224	506	25	4
D4010.contig1225	505	30	6
D4010.contig1226	505	28	4
D4010.contig1227	504	18	6
D4010.contig1228	504	36	2
D4010.contig1229	504	16	5
D4010.contig1230	504	18	4
D4010.contig1231	504	34	3
D4010.contig1232	503	24	12
D4010.contig1233	503	40	3
D4010.contig1234	503	28	6
D4010.contig1235	503	34	4
D4010.contig1236	503	45	2
D4010.contig1237	501	17	9
D4010.contig1238	501	24	12
D4010.contig1239	500	23	3
D4010.contig1240	500	15	5
D4010.contig1241	499	284	32
D4010.contig1242	498	35	5
D4010.contig1243	497	14	5
D4010.contig1244	496	781	5
D4010.contig1245	494	26	4
D4010.contig1246	493	29	7
D4010.contig1247	493	27	3
D4010.contig1248	492	19	4
D4010.contig1249	492	290	14
D4010.contig1250	491	7830	278
D4010.contig1251	490	29	13
D4010.contig1252	489	22	6
D4010.contig1253	489	43	5
D4010.contig1254	489	25	7
D4010.contig1255	488	384	6
D4010.contig1256	487	25	0
D4010.contig1257	487	27	11
D4010.contig1258	486	14	4
D4010.contig1259	485	38	8
D4010.contig1260	485	24	3
D4010.contig1261	485	39	5
D4010.contig1262	485	24	1
D4010.contig1263	484	29	2
D4010.contig1264	484	19	10
D4010.contig1265	484	34	5
D4010.contig1266	482	26	6
D4010.contig1267	481	26	5
D4010.contig1268	481	22	7
D4010.contig1269	481	26	7
D4010.contig1270	480	31	4
D4010.contig1271	480	25	2
D4010.contig1272	480	35	5
D4010.contig1273	478	19	1
D4010.contig1274	478	32	5
D4010.contig1275	477	26	2
D4010.contig1276	477	21	3
D4010.contig1277	476	27	10
D4010.contig1278	476	24	5
D4010.contig1279	476	31	7
D4010.contig1280	475	15	4
D4010.contig1281	475	13	7
D4010.contig1282	475	24	0
D4010.contig1283	474	18	2
D4010.contig1284	474	16	4
D4010.contig1285	473	22	1
D4010.contig1286	473	34	2
D4010.contig1287	473	7	5
D4010.contig1288	472	23	4
D4010.contig1289	472	17	5
D4010.contig1290	472	26	1
D4010.contig1291	471	933	19
D4010.contig1292	470	28	8
D4010.contig1293	470	19	7
D4010.contig1294	470	28	7
D4010.contig1295	470	33	2
D4010.contig1296	469	25	1
D4010.contig1297	468	13	3
D4010.contig1298	466	13	3
D4010.contig1299	466	18	4
D4010.contig1300	465	21	5
D4010.contig1301	465	21	3
D4010.contig1302	465	11	6
D4010.contig1303	464	16	10
D4010.contig1304	464	12	4
D4010.contig1305	463	15	5
D4010.contig1306	463	28	4
D4010.contig1307	462	42	2
D4010.contig1308	462	17	3
D4010.contig1309	462	20	6
D4010.contig1310	462	15	2
D4010.contig1311	458	1991	90
D4010.contig1312	458	22	2
D4010.contig1313	457	32	7
D4010.contig1314	456	13	5
D4010.contig1315	455	16	0
D4010.contig1316	454	25	6
D4010.contig1317	454	26	9
D4010.contig1318	454	18	9
D4010.contig1319	453	12	3
D4010.contig1320	452	28	9
D4010.contig1321	452	26	7
D4010.contig1322	451	29	3
D4010.contig1323	451	12	4
D4010.contig1324	450	22	2
D4010.contig1325	450	16	1
D4010.contig1326	449	22	7
D4010.contig1327	449	29	2
D4010.contig1328	449	28	5
D4010.contig1329	449	15	5
D4010.contig1330	448	10	7
D4010.contig1331	448	307	9
D4010.contig1332	447	34	7
D4010.contig1333	447	35	5
D4010.contig1334	447	8	3
D4010.contig1335	446	386	10
D4010.contig1336	445	11	5
D4010.contig1337	445	13	5
D4010.contig1338	445	20	4
D4010.contig1339	444	20	8
D4010.contig1340	444	38	11
D4010.contig1341	444	27	3
D4010.contig1342	443	19	4
D4010.contig1343	443	25	7
D4010.contig1344	442	19	11
D4010.contig1345	442	23	1
D4010.contig1346	440	21	3
D4010.contig1347	440	21	4
D4010.contig1348	439	2565	225
D4010.contig1349	438	17	3
D4010.contig1350	438	24	6
D4010.contig1351	435	14	4
D4010.contig1352	435	20	9
D4010.contig1353	434	24	2
D4010.contig1354	434	26	7
D4010.contig1355	434	14	7
D4010.contig1356	434	16	5
D4010.contig1357	434	13	1
D4010.contig1358	434	32	4
D4010.contig1359	433	18	6
D4010.contig1360	432	23	2
D4010.contig1361	432	14	3
D4010.contig1362	432	16	6
D4010.contig1363	430	34	6
D4010.contig1364	430	32	9
D4010.contig1365	429	14	5
D4010.contig1366	429	30	4
D4010.contig1367	429	33	5
D4010.contig1368	428	25	4
D4010.contig1369	428	21	1
D4010.contig1370	428	38	6
D4010.contig1371	428	17	6
D4010.contig1372	428	24	7
D4010.contig1373	428	11	5
D4010.contig1374	427	15	3
D4010.contig1375	427	19	9
D4010.contig1376	426	33	13
D4010.contig1377	426	23	6
D4010.contig1378	426	23	3
D4010.contig1379	426	23	1
D4010.contig1380	425	15	5
D4010.contig1381	425	26	5
D4010.contig1382	424	15	2
D4010.contig1383	422	25	4
D4010.contig1384	422	18	5
D4010.contig1385	422	24	2
D4010.contig1386	420	15	8
D4010.contig1387	420	25	7
D4010.contig1388	420	10	5
D4010.contig1389	420	12	4
D4010.contig1390	419	19	4
D4010.contig1391	419	35	6
D4010.contig1392	419	16	4
D4010.contig1393	419	17	4
D4010.contig1394	418	20	3
D4010.contig1395	417	37	0
D4010.contig1396	416	11	7
D4010.contig1397	416	17	5
D4010.contig1398	416	31	1
D4010.contig1399	415	29	4
D4010.contig1400	415	29	1
D4010.contig1401	415	20	2
D4010.contig1402	415	21	2
D4010.contig1403	413	21	3
D4010.contig1404	412	24	6
D4010.contig1405	412	43	2
D4010.contig1406	412	14	5
D4010.contig1407	412	28	7
D4010.contig1408	411	32	6
D4010.contig1409	411	12	6
D4010.contig1410	410	30	2
D4010.contig1411	410	19	8
D4010.contig1412	409	14	8
D4010.contig1413	409	37	4
D4010.contig1414	408	16	3
D4010.contig1415	408	20	4
D4010.contig1416	407	18	4
D4010.contig1417	407	23	7
D4010.contig1418	406	23	2
D4010.contig1419	406	28	14
D4010.contig1420	405	15	3
D4010.contig1421	405	32	3
D4010.contig1422	405	18	2
D4010.contig1423	405	27	1
D4010.contig1424	404	15	11
D4010.contig1425	404	27	9
D4010.contig1426	403	12	3
D4010.contig1427	403	10	3
D4010.contig1428	402	19	5
D4010.contig1429	402	27	1
D4010.contig1430	402	28	3
D4010.contig1431	401	22	9
D4010.contig1432	401	30	5
D4010.contig1433	401	10	2
D4010.contig1434	401	30	9
D4010.contig1435	401	2	0
D4010.contig1436	400	16	6
D4010.contig1437	398	20	6
D4010.contig1438	398	11	3
D4010.contig1439	398	18	7
D4010.contig1440	398	8	6
D4010.contig1441	397	209	15
D4010.contig1442	397	1543	34
D4010.contig1443	397	377	5
D4010.contig1444	397	19	2
D4010.contig1445	397	11	3
D4010.contig1446	396	39	5
D4010.contig1447	396	20	3
D4010.contig1448	396	37	1
D4010.contig1449	395	9	5
D4010.contig1450	395	26	7
D4010.contig1451	394	9	3
D4010.contig1452	394	18	8
D4010.contig1453	394	23	5
D4010.contig1454	393	19	3
D4010.contig1455	393	19	5
D4010.contig1456	392	25	5
D4010.contig1457	391	19	7
D4010.contig1458	391	68	0
D4010.contig1459	391	13	7
D4010.contig1460	391	25	5
D4010.contig1461	390	25	2
D4010.contig1462	390	21	5
D4010.contig1463	389	250	26
D4010.contig1464	389	15	2
D4010.contig1465	389	139	2
D4010.contig1466	388	10	6
D4010.contig1467	388	12	4
D4010.contig1468	388	17	6
D4010.contig1469	388	27	3
D4010.contig1470	388	15	5
D4010.contig1471	388	18	6
D4010.contig1472	387	12	4
D4010.contig1473	387	17	4
D4010.contig1474	387	19	7
D4010.contig1475	387	16	5
D4010.contig1476	387	13	0
D4010.contig1477	386	14	4
D4010.contig1478	385	19	5
D4010.contig1479	384	9	3
D4010.contig1480	384	30	4
D4010.contig1481	383	21	5
D4010.contig1482	383	15	3
D4010.contig1483	383	12	4
D4010.contig1484	383	18	3
D4010.contig1485	382	15	6
D4010.contig1486	381	24	3
D4010.contig1487	381	14	6
D4010.contig1488	381	72	8
D4010.contig1489	381	1814	88
D4010.contig1490	381	13	5
D4010.contig1491	381	27	3
D4010.contig1492	380	27	2
D4010.contig1493	380	11	3
D4010.contig1494	380	13	3
D4010.contig1495	379	10	4
D4010.contig1496	378	13	5
D4010.contig1497	378	15	5
D4010.contig1498	378	11	5
D4010.contig1499	378	30	7
D4010.contig1500	378	15	7
D4010.contig1501	378	13	6
D4010.contig1502	376	10	5
D4010.contig1503	376	21	7
D4010.contig1504	375	16	5
D4010.contig1505	375	8	3
D4010.contig1506	375	33	3
D4010.contig1507	375	10	2
D4010.contig1508	374	13	7
D4010.contig1509	373	11	5
D4010.contig1510	372	17	3
D4010.contig1511	371	17	1
D4010.contig1512	371	28	6
D4010.contig1513	370	31	5
D4010.contig1514	370	10	2
D4010.contig1515	370	13	5
D4010.contig1516	369	7	5
D4010.contig1517	368	19	7
D4010.contig1518	368	18	4
D4010.contig1519	368	16	5
D4010.contig1520	368	11	3
D4010.contig1521	367	27	8
D4010.contig1522	367	23	9
D4010.contig1523	366	10	5
D4010.contig1524	366	15	7
D4010.contig1525	366	13	7
D4010.contig1526	365	18	5
D4010.contig1527	365	11	5
D4010.contig1528	365	33	3
D4010.contig1529	365	17	7
D4010.contig1530	365	15	5
D4010.contig1531	365	16	0
D4010.contig1532	364	9	3
D4010.contig1533	364	21	2
D4010.contig1534	364	18	5
D4010.contig1535	364	21	5
D4010.contig1536	364	10	3
D4010.contig1537	364	23	5
D4010.contig1538	363	23	3
D4010.contig1539	363	13	3
D4010.contig1540	362	11	1
D4010.contig1541	362	160	3
D4010.contig1542	361	25	5
D4010.contig1543	361	39	4
D4010.contig1544	361	11	7
D4010.contig1545	360	11	2
D4010.contig1546	360	22	1
D4010.contig1547	359	9	2
D4010.contig1548	359	23	2
D4010.contig1549	359	19	6
D4010.contig1550	359	11	3
D4010.contig1551	358	10	6
D4010.contig1552	358	30	3
D4010.contig1553	357	801	22
D4010.contig1554	357	17	2
D4010.contig1555	357	14	4
D4010.contig1556	357	14	2
D4010.contig1557	357	26	7
D4010.contig1558	356	16	1
D4010.contig1559	356	12	2
D4010.contig1560	356	13	3
D4010.contig1561	355	20	4
D4010.contig1562	355	11	5
D4010.contig1563	355	21	1
D4010.contig1564	355	9	5
D4010.contig1565	354	23	6
D4010.contig1566	354	37	1
D4010.contig1567	354	12	8
D4010.contig1568	354	22	2
D4010.contig1569	354	12	5
D4010.contig1570	353	21	2
D4010.contig1571	353	12	3
D4010.contig1572	353	19	7
D4010.contig1573	353	11	6
D4010.contig1574	352	15	1
D4010.contig1575	352	11	5
D4010.contig1576	352	34	2
D4010.contig1577	351	23	10
D4010.contig1578	350	8	3
D4010.contig1579	350	19	2
D4010.contig1580	350	12	6
D4010.contig1581	349	28	7
D4010.contig1582	349	9	5
D4010.contig1583	349	28	9
D4010.contig1584	348	18	4
D4010.contig1585	348	23	3
D4010.contig1586	348	30	6
D4010.contig1587	348	23	4
D4010.contig1588	347	25	4
D4010.contig1589	347	14	10
D4010.contig1590	347	15	1
D4010.contig1591	346	17	11
D4010.contig1592	346	10	2
D4010.contig1593	346	43	12
D4010.contig1594	346	16	2
D4010.contig1595	346	18	6
D4010.contig1596	346	15	7
D4010.contig1597	346	16	10
D4010.contig1598	345	4	4
D4010.contig1599	345	9	5
D4010.contig1600	345	9	2
D4010.contig1601	344	13	4
D4010.contig1602	344	13	5
D4010.contig1603	344	7	5
D4010.contig1604	344	6	4
D4010.contig1605	344	8	4
D4010.contig1606	344	16	6
D4010.contig1607	343	8	3
D4010.contig1608	342	11	3
D4010.contig1609	342	6	6
D4010.contig1610	342	166	1
D4010.contig1611	342	11	2
D4010.contig1612	342	13	5
D4010.contig1613	341	14	6
D4010.contig1614	341	10	4
D4010.contig1615	340	13	1
D4010.contig1616	340	15	2
D4010.contig1617	340	21	4
D4010.contig1618	340	8	3
D4010.contig1619	340	18	2
D4010.contig1620	339	7	5
D4010.contig1621	339	23	4
D4010.contig1622	339	18	2
D4010.contig1623	339	19	2
D4010.contig1624	339	12	0
D4010.contig1625	338	13	3
D4010.contig1626	338	12	3
D4010.contig1627	337	8	4
D4010.contig1628	337	26	1
D4010.contig1629	337	20	12
D4010.contig1630	336	11	1
D4010.contig1631	336	14	0
D4010.contig1632	336	10	3
D4010.contig1633	335	10	3
D4010.contig1634	335	14	3
D4010.contig1635	335	9	4
D4010.contig1636	334	17	2
D4010.contig1637	334	10	6
D4010.contig1638	334	14	3
D4010.contig1639	333	25	6
D4010.contig1640	333	10	4
D4010.contig1641	333	4	0
D4010.contig1642	333	10	4
D4010.contig1643	333	19	4
D4010.contig1644	332	13	2
D4010.contig1645	331	17	9
D4010.contig1646	331	19	4
D4010.contig1647	331	10	4
D4010.contig1648	331	11	5
D4010.contig1649	330	14	2
D4010.contig1650	329	29	7
D4010.contig1651	329	13	4
D4010.contig1652	328	9	4
D4010.contig1653	328	5	2
D4010.contig1654	328	8	8
D4010.contig1655	328	16	6
D4010.contig1656	328	683	13
D4010.contig1657	327	14	6
D4010.contig1658	327	11	3
D4010.contig1659	327	13	5
D4010.contig1660	327	10	3
D4010.contig1661	327	16	5
D4010.contig1662	327	13	1
D4010.contig1663	326	22	8
D4010.contig1664	326	5	3
D4010.contig1665	325	11	7
D4010.contig1666	324	8	0
D4010.contig1667	324	22	6
D4010.contig1668	324	14	9
D4010.contig1669	324	17	3
D4010.contig1670	324	15	6
D4010.contig1671	324	12	5
D4010.contig1672	323	9	3
D4010.contig1673	323	12	2
D4010.contig1674	323	7	1
D4010.contig1675	322	9	3
D4010.contig1676	322	16	2
D4010.contig1677	322	9	0
D4010.contig1678	322	13	7
D4010.contig1679	322	5	1
D4010.contig1680	321	9	3
D4010.contig1681	321	5	3
D4010.contig1682	321	215	8
D4010.contig1683	321	13	4
D4010.contig1684	321	11	3
D4010.contig1685	321	15	6
D4010.contig1686	320	10	4
D4010.contig1687	320	14	3
D4010.contig1688	319	22	6
D4010.contig1689	319	10	4
D4010.contig1690	319	16	8
D4010.contig1691	319	25	4
D4010.contig1692	318	19	8
D4010.contig1693	318	10	2
D4010.contig1694	318	12	6
D4010.contig1695	318	21	1
D4010.contig1696	318	15	7
D4010.contig1697	317	7	3
D4010.contig1698	316	10	5
D4010.contig1699	316	8	5
D4010.contig1700	316	10	6
D4010.contig1701	316	10	3
D4010.contig1702	316	27	4
D4010.contig1703	316	12	3
D4010.contig1704	315	3	1
D4010.contig1705	315	19	4
D4010.contig1706	315	20	6
D4010.contig1707	315	18	6
D4010.contig1708	315	16	3
D4010.contig1709	314	14	3
D4010.contig1710	314	4	4
D4010.contig1711	313	9	5
D4010.contig1712	313	20	7
D4010.contig1713	313	11	7
D4010.contig1714	313	17	3
D4010.contig1715	313	9	5
D4010.contig1716	313	15	7
D4010.contig1717	312	16	4
D4010.contig1718	312	16	2
D4010.contig1719	312	8	2
D4010.contig1720	311	10	1
D4010.contig1721	311	9	4
D4010.contig1722	311	8	3
D4010.contig1723	311	14	4
D4010.contig1724	310	10	4
D4010.contig1725	310	23	1
D4010.contig1726	310	11	2
D4010.contig1727	310	9	1
D4010.contig1728	310	14	5
D4010.contig1729	309	20	5
D4010.contig1730	309	6	4
D4010.contig1731	309	12	5
D4010.contig1732	309	12	5
D4010.contig1733	309	11	4
D4010.contig1734	309	45	4
D4010.contig1735	309	11	6
D4010.contig1736	309	11	4
D4010.contig1737	308	17	3
D4010.contig1738	308	18	4
D4010.contig1739	308	8	6
D4010.contig1740	308	15	8
D4010.contig1741	308	12	4
D4010.contig1742	308	217	4
D4010.contig1743	308	11	3
D4010.contig1744	307	9	4
D4010.contig1745	307	10	5
D4010.contig1746	307	5	5
D4010.contig1747	307	15	4
D4010.contig1748	306	13	7
D4010.contig1749	306	6	2
D4010.contig1750	306	7	3
D4010.contig1751	306	14	3
D4010.contig1752	306	14	4
D4010.contig1753	305	19	10
D4010.contig1754	305	20	4
D4010.contig1755	304	10	4
D4010.contig1756	304	9	5
D4010.contig1757	304	4	0
D4010.contig1758	304	14	4
D4010.contig1759	304	13	7
D4010.contig1760	303	13	2
D4010.contig1761	303	13	6
D4010.contig1762	303	10	9
D4010.contig1763	303	11	8
D4010.contig1764	302	9	5
D4010.contig1765	302	63	0
D4010.contig1766	302	8	4
D4010.contig1767	302	7	3
D4010.contig1768	302	10	6
D4010.contig1769	301	11	6
D4010.contig1770	301	27	3
D4010.contig1771	301	6	4
D4010.contig1772	300	15	4
*	0	0	81964
