D3960.contig1	118799	195114	10695
D3960.contig2	102897	135379	6616
D3960.contig3	101394	102810	5385
D3960.contig4	89015	134190	6962
D3960.contig5	87748	212927	11137
D3960.contig6	71003	43237	2083
D3960.contig7	67792	45864	2358
D3960.contig8	56503	64308	3302
D3960.contig9	55885	46905	2646
D3960.contig10	55158	69410	3547
D3960.contig11	54905	28845	1486
D3960.contig12	53204	150237	6220
D3960.contig13	48762	107117	5177
D3960.contig14	48590	43582	2226
D3960.contig15	44704	33934	1950
D3960.contig16	43926	37830	1956
D3960.contig17	43910	67071	3256
D3960.contig18	43081	52621	2723
D3960.contig19	42979	65635	3127
D3960.contig20	42711	81777	4301
D3960.contig21	42703	49088	2501
D3960.contig22	42543	52206	2395
D3960.contig23	40718	32318	1613
D3960.contig24	38411	48851	2578
D3960.contig25	37830	67960	3453
D3960.contig26	37357	72485	3026
D3960.contig27	36564	54294	3129
D3960.contig28	35995	42710	2148
D3960.contig29	35874	21696	1142
D3960.contig30	35634	29631	1620
D3960.contig31	35396	68939	3552
D3960.contig32	35354	15950	879
D3960.contig33	35087	177317	7284
D3960.contig34	34190	36946	1926
D3960.contig35	34162	106583	4937
D3960.contig36	33122	17730	821
D3960.contig37	32974	77325	3630
D3960.contig38	32918	29969	1858
D3960.contig39	32809	28240	1289
D3960.contig40	31543	31273	1768
D3960.contig41	31234	131061	6326
D3960.contig42	31071	47956	2336
D3960.contig43	30684	32315	1191
D3960.contig44	29596	15990	783
D3960.contig45	29527	9565	481
D3960.contig46	29048	33330	1444
D3960.contig47	28474	35584	1762
D3960.contig48	27949	21217	1019
D3960.contig49	27184	16492	901
D3960.contig50	26208	25297	1350
D3960.contig51	25504	39726	2129
D3960.contig52	25329	330418	157096
D3960.contig53	23630	131990	7015
D3960.contig54	23118	11122	451
D3960.contig55	22497	7944	390
D3960.contig56	22431	20226	905
D3960.contig57	21983	18305	988
D3960.contig58	21568	4733	260
D3960.contig59	21534	14810	794
D3960.contig60	20948	57612	2580
D3960.contig61	20925	15246	1133
D3960.contig62	20801	27304	1592
D3960.contig63	20742	15409	682
D3960.contig64	20663	16553	864
D3960.contig65	19957	11464	507
D3960.contig66	19872	12220	609
D3960.contig67	19770	16115	813
D3960.contig68	19580	11650	545
D3960.contig69	19163	33819	1751
D3960.contig70	18961	22212	740
D3960.contig71	18603	19911	849
D3960.contig72	18385	9840	531
D3960.contig73	18283	9737	471
D3960.contig74	18060	6007	344
D3960.contig75	17762	7144	375
D3960.contig76	17647	4028	231
D3960.contig77	17504	11395	521
D3960.contig78	17471	12315	553
D3960.contig79	17411	10981	2578
D3960.contig80	17406	6638	422
D3960.contig81	17251	21890	1177
D3960.contig82	17203	9983	448
D3960.contig83	16304	1386	72
D3960.contig84	16164	15345	721
D3960.contig85	15987	12622	625
D3960.contig86	15922	41998	1864
D3960.contig87	15704	23435	1040
D3960.contig88	15384	8088	510
D3960.contig89	14866	2327	94
D3960.contig90	14719	8604	485
D3960.contig91	14562	59184	3003
D3960.contig92	14534	6265	354
D3960.contig93	14235	6973	366
D3960.contig94	14049	19396	1003
D3960.contig95	13784	5572	292
D3960.contig96	13651	7208	356
D3960.contig97	13429	7029	440
D3960.contig98	13300	5920	273
D3960.contig99	13206	44372	2308
D3960.contig100	13071	54021	3076
D3960.contig101	12643	5664	310
D3960.contig102	12625	28125	1431
D3960.contig103	12397	3925	252
D3960.contig104	12079	5989	289
D3960.contig105	11998	16728	971
D3960.contig106	11840	7795	316
D3960.contig107	11304	47043	2481
D3960.contig108	11226	3592	182
D3960.contig109	11173	19764	1099
D3960.contig110	11128	113993	6210
D3960.contig111	11092	9904	422
D3960.contig112	10954	5950	235
D3960.contig113	10845	4442	194
D3960.contig114	10691	4598	253
D3960.contig115	10587	7280	378
D3960.contig116	10495	9262	583
D3960.contig117	10336	4098	220
D3960.contig118	10276	1958	74
D3960.contig119	10178	2999	150
D3960.contig120	10025	4009	218
D3960.contig121	9944	4585	282
D3960.contig122	9926	3020	116
D3960.contig123	9871	25512	1199
D3960.contig124	9782	7166	398
D3960.contig125	9728	7545	416
D3960.contig126	9721	39974	1843
D3960.contig127	9691	6659	311
D3960.contig128	9537	6056	335
D3960.contig129	9503	57929	3171
D3960.contig130	9444	3385	194
D3960.contig131	9387	1159	49
D3960.contig132	9361	2873	147
D3960.contig133	9330	28450	1449
D3960.contig134	9327	2370	119
D3960.contig135	9289	6389	353
D3960.contig136	9275	7236	270
D3960.contig137	9256	55956	2847
D3960.contig138	9205	6313	331
D3960.contig139	9202	3916	197
D3960.contig140	9026	3601	212
D3960.contig141	8996	1679	82
D3960.contig142	8885	2975	143
D3960.contig143	8866	4633	207
D3960.contig144	8818	4668	247
D3960.contig145	8782	18328	1116
D3960.contig146	8698	1924	106
D3960.contig147	8596	706	58
D3960.contig148	8543	6641	337
D3960.contig149	8462	7865	503
D3960.contig150	8456	3367	134
D3960.contig151	8381	0	0
D3960.contig152	8284	7291	388
D3960.contig153	8165	4617	224
D3960.contig154	7859	4791	202
D3960.contig155	7838	23536	1321
D3960.contig156	7792	2223	99
D3960.contig157	7634	43865	2346
D3960.contig158	7551	11085	769
D3960.contig159	7546	3567	173
D3960.contig160	7504	6938	488
D3960.contig161	7458	6011	309
D3960.contig162	7302	8881	400
D3960.contig163	7278	7889	373
D3960.contig164	7091	2973	174
D3960.contig165	6974	2800	132
D3960.contig166	6972	0	0
D3960.contig167	6926	2428	147
D3960.contig168	6901	3668	193
D3960.contig169	6890	6099	192
D3960.contig170	6782	3319	135
D3960.contig171	6767	1003	45
D3960.contig172	6575	4200	230
D3960.contig173	6548	6272	273
D3960.contig174	6522	7966	399
D3960.contig175	6432	1321	52
D3960.contig176	6388	87	17
D3960.contig177	6370	3896	246
D3960.contig178	6365	9867	566
D3960.contig179	6345	4091	193
D3960.contig180	6323	5897	315
D3960.contig181	6283	1176	67
D3960.contig182	6264	6309	319
D3960.contig183	6214	5588	365
D3960.contig184	6174	29711	1333
D3960.contig185	6141	1220	82
D3960.contig186	6131	28409	1574
D3960.contig187	6108	1582	92
D3960.contig188	6061	3743	216
D3960.contig189	5918	3529	187
D3960.contig190	5898	6254	317
D3960.contig191	5805	1050	57
D3960.contig192	5717	2530	152
D3960.contig193	5691	1495	70
D3960.contig194	5630	15964	849
D3960.contig195	5612	11609	487
D3960.contig196	5586	1245	36
D3960.contig197	5582	6286	301
D3960.contig198	5419	0	0
D3960.contig199	5385	1900	72
D3960.contig200	5369	2584	98
D3960.contig201	5294	6033	348
D3960.contig202	5277	3225	156
D3960.contig203	5255	2693	155
D3960.contig204	5254	0	0
D3960.contig205	5212	1787	95
D3960.contig206	5186	2789	188
D3960.contig207	5183	1695	89
D3960.contig208	5145	3178	158
D3960.contig209	5143	1320	89
D3960.contig210	5096	40988	2194
D3960.contig211	5088	2010	72
D3960.contig212	5068	607	41
D3960.contig213	5060	14046	615
D3960.contig214	5055	2423	120
D3960.contig215	5038	19210551	1024276
D3960.contig216	5011	1451	62
D3960.contig217	5000	1167	50
D3960.contig218	4990	1001	57
D3960.contig219	4943	8887	455
D3960.contig220	4923	3510	266
D3960.contig221	4903	1685	64
D3960.contig222	4835	1848	83
D3960.contig223	4814	2119	108
D3960.contig224	4765	1241	97
D3960.contig225	4688	12902	560
D3960.contig226	4629	1967	128
D3960.contig227	4604	12023	555
D3960.contig228	4542	13766	532
D3960.contig229	4493	2488	134
D3960.contig230	4488	0	0
D3960.contig231	4467	782	62
D3960.contig232	4448	3026	144
D3960.contig233	4444	728	39
D3960.contig234	4434	765	49
D3960.contig235	4387	1220	83
D3960.contig236	4371	22534	871
D3960.contig237	4334	1266	59
D3960.contig238	4315	1742	128
D3960.contig239	4269	2316	97
D3960.contig240	4136	20074	862
D3960.contig241	4126	4059	143
D3960.contig242	4123	621	44
D3960.contig243	4067	1204	52
D3960.contig244	4062	2156	120
D3960.contig245	4058	824	31
D3960.contig246	4055	1598	88
D3960.contig247	4046	708	27
D3960.contig248	3928	26591	1425
D3960.contig249	3920	919	61
D3960.contig250	3891	2572	160
D3960.contig251	3887	1727	107
D3960.contig252	3869	706	34
D3960.contig253	3860	428	18
D3960.contig254	3818	810	46
D3960.contig255	3767	2551	120
D3960.contig256	3753	4940	241
D3960.contig257	3713	855	33
D3960.contig258	3698	1095	46
D3960.contig259	3661	672	36
D3960.contig260	3660	1495	96
D3960.contig261	3598	0	0
D3960.contig262	3598	2878	167
D3960.contig263	3597	925	41
D3960.contig264	3532	4238	242
D3960.contig265	3507	920	50
D3960.contig266	3494	14425	538
D3960.contig267	3488	612	24
D3960.contig268	3452	1013	68
D3960.contig269	3449	451	33
D3960.contig270	3429	788	48
D3960.contig271	3416	818	44
D3960.contig272	3412	462	31
D3960.contig273	3384	918	75
D3960.contig274	3360	26891	1565
D3960.contig275	3351	1447	47
D3960.contig276	3309	451	20
D3960.contig277	3240	1240	67
D3960.contig278	3206	55966	2501
D3960.contig279	3174	551	22
D3960.contig280	3150	767	43
D3960.contig281	3075	0	0
D3960.contig282	3058	1165	61
D3960.contig283	3042	0	0
D3960.contig284	3035	623	46
D3960.contig285	3025	1031	68
D3960.contig286	3025	1116	51
D3960.contig287	3009	973	62
D3960.contig288	2997	1299	72
D3960.contig289	2994	965	77
D3960.contig290	2963	1023	54
D3960.contig291	2958	635	35
D3960.contig292	2858	1356	54
D3960.contig293	2853	1028	43
D3960.contig294	2852	1137	60
D3960.contig295	2841	701	36
D3960.contig296	2829	6202	162
D3960.contig297	2828	5170	287
D3960.contig298	2821	1675	144
D3960.contig299	2820	641	56
D3960.contig300	2810	0	0
D3960.contig301	2795	953	53
D3960.contig302	2774	824	44
D3960.contig303	2770	725	29
D3960.contig304	2766	14353	748
D3960.contig305	2741	8273	304
D3960.contig306	2730	432	19
D3960.contig307	2682	939	51
D3960.contig308	2680	1455	89
D3960.contig309	2675	955	53
D3960.contig310	2663	413	24
D3960.contig311	2658	1721	114
D3960.contig312	2645	605	34
D3960.contig313	2642	1299	68
D3960.contig314	2637	12221	644
D3960.contig315	2618	564	32
D3960.contig316	2604	1291	47
D3960.contig317	2604	790	39
D3960.contig318	2598	5758	175
D3960.contig319	2581	2336	103
D3960.contig320	2580	384	11
D3960.contig321	2574	473	20
D3960.contig322	2574	1351	56
D3960.contig323	2563	183	6
D3960.contig324	2550	1530	118
D3960.contig325	2547	909	94
D3960.contig326	2510	795	41
D3960.contig327	2508	526	32
D3960.contig328	2490	146348	5201
D3960.contig329	2484	297	12
D3960.contig330	2472	2105	121
D3960.contig331	2472	290	26
D3960.contig332	2455	34551	1653
D3960.contig333	2446	1179	93
D3960.contig334	2440	818	35
D3960.contig335	2426	343	26
D3960.contig336	2424	3324	128
D3960.contig337	2418	2612	152
D3960.contig338	2414	2182	144
D3960.contig339	2410	368	24
D3960.contig340	2409	720	37
D3960.contig341	2386	14803	677
D3960.contig342	2380	5983	412
D3960.contig343	2378	578	30
D3960.contig344	2376	1100	71
D3960.contig345	2361	307	16
D3960.contig346	2345	208	8
D3960.contig347	2326	390	26
D3960.contig348	2321	978	68
D3960.contig349	2316	0	0
D3960.contig350	2291	880	60
D3960.contig351	2288	383	21
D3960.contig352	2270	608	22
D3960.contig353	2262	272	14
D3960.contig354	2243	281	15
D3960.contig355	2235	770	39
D3960.contig356	2232	572	27
D3960.contig357	2229	553	35
D3960.contig358	2219	962	51
D3960.contig359	2212	0	0
D3960.contig360	2189	385	29
D3960.contig361	2168	569	31
D3960.contig362	2166	1097	72
D3960.contig363	2165	206	11
D3960.contig364	2150	238	20
D3960.contig365	2150	496	27
D3960.contig366	2146	151	5
D3960.contig367	2136	461	36
D3960.contig368	2122	2364	142
D3960.contig369	2115	1854	69
D3960.contig370	2112	499	24
D3960.contig371	2105	518	27
D3960.contig372	2093	122	7
D3960.contig373	2086	214	16
D3960.contig374	2072	507	12
D3960.contig375	2069	1159	53
D3960.contig376	2061	494	30
D3960.contig377	2043	194	12
D3960.contig378	2027	280	13
D3960.contig379	2021	0	0
D3960.contig380	2020	19338	800
D3960.contig381	2005	817	35
D3960.contig382	1987	500	39
D3960.contig383	1986	713	27
D3960.contig384	1982	918	76
D3960.contig385	1981	685	44
D3960.contig386	1978	336	21
D3960.contig387	1964	1419	74
D3960.contig388	1959	670	53
D3960.contig389	1955	769	37
D3960.contig390	1951	627	41
D3960.contig391	1944	1160	76
D3960.contig392	1940	810	55
D3960.contig393	1917	349	26
D3960.contig394	1911	313	9
D3960.contig395	1909	507	21
D3960.contig396	1906	348	10
D3960.contig397	1900	1099	57
D3960.contig398	1895	2281	121
D3960.contig399	1885	583	33
D3960.contig400	1883	753	256
D3960.contig401	1881	480	19
D3960.contig402	1880	849	48
D3960.contig403	1880	14869	1064
D3960.contig404	1877	525	29
D3960.contig405	1877	262	15
D3960.contig406	1869	174	12
D3960.contig407	1864	445	27
D3960.contig408	1856	363	22
D3960.contig409	1853	685	28
D3960.contig410	1849	484	27
D3960.contig411	1838	143	2
D3960.contig412	1836	12476	628
D3960.contig413	1826	437	41
D3960.contig414	1823	950	55
D3960.contig415	1817	770	36
D3960.contig416	1813	705	56
D3960.contig417	1812	7801	540
D3960.contig418	1796	5275	308
D3960.contig419	1794	2256	163
D3960.contig420	1780	438	46
D3960.contig421	1778	7244	297
D3960.contig422	1775	967	58
D3960.contig423	1773	701	37
D3960.contig424	1771	4639	259
D3960.contig425	1765	611	33
D3960.contig426	1765	465	23
D3960.contig427	1763	319	16
D3960.contig428	1759	229	17
D3960.contig429	1750	562	35
D3960.contig430	1745	199	11
D3960.contig431	1741	246	15
D3960.contig432	1738	266	16
D3960.contig433	1731	178	8
D3960.contig434	1730	598	27
D3960.contig435	1720	135	11
D3960.contig436	1704	400	28
D3960.contig437	1687	790	40
D3960.contig438	1685	660	30
D3960.contig439	1680	933	49
D3960.contig440	1676	620	53
D3960.contig441	1670	353	26
D3960.contig442	1660	718	61
D3960.contig443	1652	0	0
D3960.contig444	1628	250	12
D3960.contig445	1627	682	38
D3960.contig446	1626	1540	67
D3960.contig447	1607	74	6
D3960.contig448	1607	315	21
D3960.contig449	1605	1002	52
D3960.contig450	1599	596	37
D3960.contig451	1587	257	8
D3960.contig452	1584	394	20
D3960.contig453	1580	484	24
D3960.contig454	1568	217	5
D3960.contig455	1568	302	16
D3960.contig456	1561	459	12
D3960.contig457	1551	0	0
D3960.contig458	1549	11904	770
D3960.contig459	1546	147	10
D3960.contig460	1546	138	12
D3960.contig461	1538	351	22
D3960.contig462	1538	994	56
D3960.contig463	1537	464	21
D3960.contig464	1531	1236	92
D3960.contig465	1530	407	31
D3960.contig466	1529	442	19
D3960.contig467	1528	526	47
D3960.contig468	1526	842	56
D3960.contig469	1516	634	41
D3960.contig470	1515	924	49
D3960.contig471	1515	483	24
D3960.contig472	1509	201	10
D3960.contig473	1505	356	26
D3960.contig474	1503	8530	352
D3960.contig475	1491	285	28
D3960.contig476	1489	17047	636
D3960.contig477	1486	400	29
D3960.contig478	1484	152	4
D3960.contig479	1477	465	36
D3960.contig480	1473	351	15
D3960.contig481	1462	7498	459
D3960.contig482	1458	573	51
D3960.contig483	1455	309	18
D3960.contig484	1450	483	24
D3960.contig485	1447	219	17
D3960.contig486	1446	1259	63
D3960.contig487	1438	6622	265
D3960.contig488	1432	617	24
D3960.contig489	1431	0	0
D3960.contig490	1429	0	0
D3960.contig491	1427	247	18
D3960.contig492	1424	432	30
D3960.contig493	1423	236	10
D3960.contig494	1420	193	9
D3960.contig495	1416	120	10
D3960.contig496	1408	290	29
D3960.contig497	1400	143	8
D3960.contig498	1393	782	41
D3960.contig499	1386	1590	86
D3960.contig500	1385	445	30
D3960.contig501	1378	150	13
D3960.contig502	1377	146	10
D3960.contig503	1374	317	21
D3960.contig504	1372	0	0
D3960.contig505	1371	531	28
D3960.contig506	1371	451	32
D3960.contig507	1366	448	27
D3960.contig508	1366	297	15
D3960.contig509	1366	514	31
D3960.contig510	1365	295	8
D3960.contig511	1357	10983	575
D3960.contig512	1352	318	15
D3960.contig513	1349	50938	2781
D3960.contig514	1347	5621	305
D3960.contig515	1345	300	15
D3960.contig516	1345	0	0
D3960.contig517	1343	3693	217
D3960.contig518	1341	239	25
D3960.contig519	1323	289	12
D3960.contig520	1318	20152	1142
D3960.contig521	1315	0	0
D3960.contig522	1314	469	16
D3960.contig523	1314	61	1
D3960.contig524	1314	3480	322
D3960.contig525	1308	443	35
D3960.contig526	1308	262	30
D3960.contig527	1302	738	41
D3960.contig528	1293	483	24
D3960.contig529	1292	657	33
D3960.contig530	1283	210	17
D3960.contig531	1282	427	17
D3960.contig532	1280	271	9
D3960.contig533	1274	73	4
D3960.contig534	1271	504	29
D3960.contig535	1263	274	15
D3960.contig536	1256	87	7
D3960.contig537	1254	138	11
D3960.contig538	1226	100	8
D3960.contig539	1218	508	32
D3960.contig540	1214	560	17
D3960.contig541	1214	216	17
D3960.contig542	1212	88	3
D3960.contig543	1208	253	9
D3960.contig544	1206	245	9
D3960.contig545	1206	424	34
D3960.contig546	1204	870	93
D3960.contig547	1204	307	39
D3960.contig548	1197	0	0
D3960.contig549	1191	244	13
D3960.contig550	1188	132	10
D3960.contig551	1187	407	26
D3960.contig552	1186	250	24
D3960.contig553	1186	413	221
D3960.contig554	1186	80	11
D3960.contig555	1184	242	10
D3960.contig556	1183	388	19
D3960.contig557	1179	244	21
D3960.contig558	1179	121	12
D3960.contig559	1174	424	45
D3960.contig560	1170	351	18
D3960.contig561	1168	415	20
D3960.contig562	1167	331	17
D3960.contig563	1167	782	48
D3960.contig564	1166	228	14
D3960.contig565	1165	111	5
D3960.contig566	1163	311	18
D3960.contig567	1162	160	9
D3960.contig568	1161	446	27
D3960.contig569	1155	293	23
D3960.contig570	1155	190	11
D3960.contig571	1150	1757	124
D3960.contig572	1149	786	21
D3960.contig573	1149	4283	310
D3960.contig574	1145	98	17
D3960.contig575	1139	366	16
D3960.contig576	1139	162	11
D3960.contig577	1136	210	23
D3960.contig578	1133	388	19
D3960.contig579	1131	400	19
D3960.contig580	1130	343	22
D3960.contig581	1123	163	10
D3960.contig582	1123	477	39
D3960.contig583	1120	1844	83
D3960.contig584	1119	197	12
D3960.contig585	1117	253	16
D3960.contig586	1116	265	13
D3960.contig587	1106	555	21
D3960.contig588	1105	225	10
D3960.contig589	1095	573	42
D3960.contig590	1093	449	27
D3960.contig591	1088	203	10
D3960.contig592	1084	0	0
D3960.contig593	1082	234	6
D3960.contig594	1077	321	17
D3960.contig595	1073	6453	310
D3960.contig596	1070	196	21
D3960.contig597	1070	272	17
D3960.contig598	1069	228	9
D3960.contig599	1068	13966	445
D3960.contig600	1064	308	21
D3960.contig601	1063	149	11
D3960.contig602	1061	283	28
D3960.contig603	1061	34	2
D3960.contig604	1060	637	57
D3960.contig605	1059	161	10
D3960.contig606	1058	363	24
D3960.contig607	1042	81	7
D3960.contig608	1042	32	4
D3960.contig609	1039	113	5
D3960.contig610	1039	486	23
D3960.contig611	1038	265	9
D3960.contig612	1035	332	13
D3960.contig613	1032	373	16
D3960.contig614	1032	0	0
D3960.contig615	1026	4000	284
D3960.contig616	1023	136	17
D3960.contig617	1019	159	8
D3960.contig618	1018	236	16
D3960.contig619	1012	55744	1487
D3960.contig620	1008	306	40
D3960.contig621	1008	491	40
D3960.contig622	1004	2165	88
D3960.contig623	1004	174	9
D3960.contig624	999	198	18
D3960.contig625	998	173	7
D3960.contig626	994	250	34
D3960.contig627	993	150	17
D3960.contig628	992	73	2
D3960.contig629	991	216	13
D3960.contig630	991	157	11
D3960.contig631	989	601	41
D3960.contig632	989	218	11
D3960.contig633	987	150	10
D3960.contig634	979	460	18
D3960.contig635	979	219	19
D3960.contig636	977	10829	582
D3960.contig637	976	10964	531
D3960.contig638	975	137	10
D3960.contig639	974	97	4
D3960.contig640	967	59	4
D3960.contig641	965	266	11
D3960.contig642	963	38	5
D3960.contig643	962	524	23
D3960.contig644	957	199	12
D3960.contig645	956	280	24
D3960.contig646	956	80	8
D3960.contig647	955	214	17
D3960.contig648	952	299	23
D3960.contig649	951	361	14
D3960.contig650	950	517	35
D3960.contig651	950	100	7
D3960.contig652	950	401	19
D3960.contig653	950	72	14
D3960.contig654	949	102	5
D3960.contig655	948	52	0
D3960.contig656	941	214	16
D3960.contig657	939	179	5
D3960.contig658	936	67	5
D3960.contig659	934	276	24
D3960.contig660	932	129	7
D3960.contig661	929	179	6
D3960.contig662	929	224	19
D3960.contig663	927	212	23
D3960.contig664	925	265	18
D3960.contig665	924	186	8
D3960.contig666	924	69	2
D3960.contig667	923	221	15
D3960.contig668	923	68	5
D3960.contig669	921	145	10
D3960.contig670	920	197	17
D3960.contig671	919	190	13
D3960.contig672	914	196	15
D3960.contig673	912	54	4
D3960.contig674	911	42	4
D3960.contig675	907	93	16
D3960.contig676	901	111	7
D3960.contig677	901	148	7
D3960.contig678	898	210	23
D3960.contig679	897	544	32
D3960.contig680	895	342	25
D3960.contig681	892	222	28
D3960.contig682	892	216	27
D3960.contig683	892	170	8
D3960.contig684	889	279	24
D3960.contig685	889	41	1
D3960.contig686	888	2756	168
D3960.contig687	886	39	5
D3960.contig688	886	48	9
D3960.contig689	884	361	27
D3960.contig690	883	250	15
D3960.contig691	883	139	13
D3960.contig692	876	3718	175
D3960.contig693	875	54	6
D3960.contig694	875	3742	249
D3960.contig695	873	0	0
D3960.contig696	871	103	4
D3960.contig697	867	54	7
D3960.contig698	866	205	15
D3960.contig699	864	188	7
D3960.contig700	862	209	17
D3960.contig701	862	0	0
D3960.contig702	862	232	13
D3960.contig703	854	2957	182
D3960.contig704	853	96	8
D3960.contig705	851	114	5
D3960.contig706	850	197	18
D3960.contig707	848	198	23
D3960.contig708	847	219	10
D3960.contig709	844	376	35
D3960.contig710	843	233	9
D3960.contig711	842	168	7
D3960.contig712	840	165	16
D3960.contig713	840	110	17
D3960.contig714	840	155	14
D3960.contig715	840	254	21
D3960.contig716	840	131	11
D3960.contig717	839	34	3
D3960.contig718	836	115	12
D3960.contig719	835	222	14
D3960.contig720	832	90	12
D3960.contig721	826	0	0
D3960.contig722	825	88	6
D3960.contig723	821	295	21
D3960.contig724	821	158	14
D3960.contig725	820	163	9
D3960.contig726	820	222	14
D3960.contig727	816	364	27
D3960.contig728	815	64	5
D3960.contig729	815	354	17
D3960.contig730	813	140	11
D3960.contig731	809	255	37
D3960.contig732	808	203	11
D3960.contig733	807	179	11
D3960.contig734	807	119	14
D3960.contig735	806	221	28
D3960.contig736	803	43	1
D3960.contig737	800	83	13
D3960.contig738	797	313	19
D3960.contig739	796	233	15
D3960.contig740	796	218	12
D3960.contig741	795	59	3
D3960.contig742	795	269	16
D3960.contig743	794	92	5
D3960.contig744	794	568	34
D3960.contig745	794	73	7
D3960.contig746	792	155	20
D3960.contig747	791	259	20
D3960.contig748	790	0	0
D3960.contig749	790	283	24
D3960.contig750	787	73	3
D3960.contig751	787	216	8
D3960.contig752	786	185	17
D3960.contig753	786	61	1
D3960.contig754	786	66	11
D3960.contig755	785	0	0
D3960.contig756	782	309	23
D3960.contig757	779	0	0
D3960.contig758	778	175	14
D3960.contig759	778	115	9
D3960.contig760	777	255	24
D3960.contig761	774	80	5
D3960.contig762	772	53393	1650
D3960.contig763	770	0	0
D3960.contig764	765	131	10
D3960.contig765	764	310	26
D3960.contig766	762	61	7
D3960.contig767	762	595	100
D3960.contig768	761	100	7
D3960.contig769	761	242	25
D3960.contig770	760	57	4
D3960.contig771	758	138	6
D3960.contig772	756	104	9
D3960.contig773	755	26	3
D3960.contig774	750	221	14
D3960.contig775	745	546	30
D3960.contig776	745	101	11
D3960.contig777	744	290	27
D3960.contig778	741	134	7
D3960.contig779	740	242	11
D3960.contig780	740	112	6
D3960.contig781	740	222	22
D3960.contig782	739	0	0
D3960.contig783	737	0	0
D3960.contig784	736	66	4
D3960.contig785	734	143	5
D3960.contig786	734	120	18
D3960.contig787	733	111	8
D3960.contig788	732	0	0
D3960.contig789	731	0	0
D3960.contig790	729	174	16
D3960.contig791	728	291	18
D3960.contig792	726	0	0
D3960.contig793	723	68	5
D3960.contig794	722	190	7
D3960.contig795	720	79	3
D3960.contig796	718	163	8
D3960.contig797	717	146	3
D3960.contig798	713	75	10
D3960.contig799	708	52	1
D3960.contig800	708	342	15
D3960.contig801	707	66	3
D3960.contig802	707	129	12
D3960.contig803	702	68	9
D3960.contig804	701	3	1
D3960.contig805	700	0	0
D3960.contig806	699	136	16
D3960.contig807	698	218	18
D3960.contig808	693	38	2
D3960.contig809	692	48	2
D3960.contig810	690	95	12
D3960.contig811	688	208	38
D3960.contig812	687	91	7
D3960.contig813	687	161	14
D3960.contig814	687	83	10
D3960.contig815	686	310	31
D3960.contig816	686	168	18
D3960.contig817	681	76	5
D3960.contig818	680	481	40
D3960.contig819	680	9019	641
D3960.contig820	674	69	5
D3960.contig821	673	121	3
D3960.contig822	673	128	11
D3960.contig823	673	133	14
D3960.contig824	672	9241	462
D3960.contig825	671	91	5
D3960.contig826	669	204	15
D3960.contig827	667	36	4
D3960.contig828	667	164	13
D3960.contig829	667	20	1
D3960.contig830	667	169	8
D3960.contig831	665	41	2
D3960.contig832	664	154	18
D3960.contig833	663	153	13
D3960.contig834	663	291	14
D3960.contig835	661	0	0
D3960.contig836	661	0	0
D3960.contig837	660	106	4
D3960.contig838	659	29	2
D3960.contig839	658	121	12
D3960.contig840	658	148	13
D3960.contig841	657	71	3
D3960.contig842	656	0	0
D3960.contig843	654	138	6
D3960.contig844	654	211	13
D3960.contig845	654	52	2
D3960.contig846	653	436	19
D3960.contig847	652	20	2
D3960.contig848	649	413	23
D3960.contig849	646	97	8
D3960.contig850	645	297	20
D3960.contig851	643	656	72
D3960.contig852	642	76	12
D3960.contig853	640	157	19
D3960.contig854	640	159	3
D3960.contig855	637	128	6
D3960.contig856	636	111	9
D3960.contig857	636	108	13
D3960.contig858	635	72	3
D3960.contig859	635	0	0
D3960.contig860	633	68	4
D3960.contig861	633	65	8
D3960.contig862	629	40	2
D3960.contig863	629	439	23
D3960.contig864	628	1006	51
D3960.contig865	627	183	31
D3960.contig866	624	41	2
D3960.contig867	620	166	11
D3960.contig868	619	0	0
D3960.contig869	618	106	9
D3960.contig870	616	344	19
D3960.contig871	616	99	4
D3960.contig872	614	175	17
D3960.contig873	614	3347	168
D3960.contig874	613	147	15
D3960.contig875	613	786	51
D3960.contig876	612	126	15
D3960.contig877	611	28	2
D3960.contig878	610	105	1
D3960.contig879	609	113	8
D3960.contig880	608	140	11
D3960.contig881	607	102	5
D3960.contig882	606	240	7
D3960.contig883	603	80	5
D3960.contig884	601	218	14
D3960.contig885	600	31	6
D3960.contig886	599	61	6
D3960.contig887	598	30	1
D3960.contig888	597	898	33
D3960.contig889	595	42	4
D3960.contig890	594	76	8
D3960.contig891	592	39	5
D3960.contig892	590	81	8
D3960.contig893	588	1687	94
D3960.contig894	586	52	6
D3960.contig895	583	0	0
D3960.contig896	583	94	14
D3960.contig897	582	273	24
D3960.contig898	582	66	0
D3960.contig899	582	372	21
D3960.contig900	581	95	7
D3960.contig901	580	58	3
D3960.contig902	580	82	7
D3960.contig903	580	21	5
D3960.contig904	579	119	4
D3960.contig905	579	38	3
D3960.contig906	578	9	1
D3960.contig907	577	96	15
D3960.contig908	577	118	10
D3960.contig909	575	174	17
D3960.contig910	574	143	12
D3960.contig911	573	97	5
D3960.contig912	573	890	165
D3960.contig913	573	37	7
D3960.contig914	570	18	2
D3960.contig915	570	110	12
D3960.contig916	567	52	5
D3960.contig917	566	89	8
D3960.contig918	566	26	8
D3960.contig919	566	35	1
D3960.contig920	564	100	5
D3960.contig921	563	57	4
D3960.contig922	562	73	5
D3960.contig923	561	0	0
D3960.contig924	561	172	17
D3960.contig925	561	92	19
D3960.contig926	560	39	4
D3960.contig927	560	212	27
D3960.contig928	557	322	10
D3960.contig929	557	0	0
D3960.contig930	557	0	0
D3960.contig931	556	140	6
D3960.contig932	556	27	3
D3960.contig933	553	127	11
D3960.contig934	553	129	6
D3960.contig935	552	47	3
D3960.contig936	552	18	0
D3960.contig937	551	59	7
D3960.contig938	551	32	1
D3960.contig939	550	30	2
D3960.contig940	547	100	5
D3960.contig941	547	66	12
D3960.contig942	546	175	12
D3960.contig943	546	98	9
D3960.contig944	544	58	3
D3960.contig945	544	98	11
D3960.contig946	542	88	11
D3960.contig947	540	41	2
D3960.contig948	540	120	12
D3960.contig949	539	154	6
D3960.contig950	538	31	2
D3960.contig951	536	33	8
D3960.contig952	536	57	9
D3960.contig953	535	0	0
D3960.contig954	532	133	20
D3960.contig955	531	139	23
D3960.contig956	531	73	1
D3960.contig957	530	0	0
D3960.contig958	530	88	6
D3960.contig959	530	115	6
D3960.contig960	529	11	0
D3960.contig961	528	41	5
D3960.contig962	525	99	7
D3960.contig963	524	68	5
D3960.contig964	524	80	7
D3960.contig965	522	21	0
D3960.contig966	521	131	15
D3960.contig967	520	94	9
D3960.contig968	520	156	4
D3960.contig969	518	117	8
D3960.contig970	516	0	0
D3960.contig971	515	103	14
D3960.contig972	515	159	8
D3960.contig973	514	91	10
D3960.contig974	514	133	15
D3960.contig975	513	49	4
D3960.contig976	512	63	2
D3960.contig977	512	109	10
D3960.contig978	511	113	4
D3960.contig979	509	5	0
D3960.contig980	508	0	0
D3960.contig981	506	48	6
D3960.contig982	504	53	3
D3960.contig983	504	0	0
D3960.contig984	503	18	0
D3960.contig985	501	48	1
D3960.contig986	501	76	9
D3960.contig987	498	71	12
D3960.contig988	496	945	75
D3960.contig989	496	123	14
D3960.contig990	496	221	15
D3960.contig991	494	78	7
D3960.contig992	494	31	11
D3960.contig993	494	53	0
D3960.contig994	493	121	11
D3960.contig995	493	85	4
D3960.contig996	493	50	4
D3960.contig997	492	16	3
D3960.contig998	492	0	0
D3960.contig999	490	68	5
D3960.contig1000	488	268	7
D3960.contig1001	487	498	9
D3960.contig1002	483	28	1
D3960.contig1003	481	67	3
D3960.contig1004	480	273	18
D3960.contig1005	479	43	8
D3960.contig1006	479	16	0
D3960.contig1007	479	22	2
D3960.contig1008	475	51	6
D3960.contig1009	475	31	4
D3960.contig1010	473	82	16
D3960.contig1011	473	99	6
D3960.contig1012	470	10527	570
D3960.contig1013	469	27	2
D3960.contig1014	469	0	0
D3960.contig1015	468	70	6
D3960.contig1016	466	74	11
D3960.contig1017	465	161	17
D3960.contig1018	462	44	3
D3960.contig1019	462	1653	129
D3960.contig1020	462	140	20
D3960.contig1021	461	0	0
D3960.contig1022	461	27	3
D3960.contig1023	457	8	1
D3960.contig1024	456	112	10
D3960.contig1025	455	59	7
D3960.contig1026	455	72	7
D3960.contig1027	454	52	6
D3960.contig1028	453	10	2
D3960.contig1029	452	0	0
D3960.contig1030	452	64	4
D3960.contig1031	451	135	13
D3960.contig1032	451	1005	235
D3960.contig1033	451	67	8
D3960.contig1034	450	24	1
D3960.contig1035	450	59	10
D3960.contig1036	448	0	0
D3960.contig1037	447	98	10
D3960.contig1038	447	131	10
D3960.contig1039	447	96	3
D3960.contig1040	447	0	0
D3960.contig1041	446	61	1
D3960.contig1042	443	0	0
D3960.contig1043	442	0	0
D3960.contig1044	441	104	3
D3960.contig1045	441	58	1
D3960.contig1046	441	43	6
D3960.contig1047	439	46	2
D3960.contig1048	439	166	12
D3960.contig1049	438	30	3
D3960.contig1050	437	70	14
D3960.contig1051	437	18	1
D3960.contig1052	436	57	3
D3960.contig1053	435	25	2
D3960.contig1054	435	90	7
D3960.contig1055	435	21	0
D3960.contig1056	434	81	13
D3960.contig1057	433	245	14
D3960.contig1058	433	107	9
D3960.contig1059	432	65	4
D3960.contig1060	431	49	3
D3960.contig1061	431	0	0
D3960.contig1062	430	55	10
D3960.contig1063	430	111	11
D3960.contig1064	428	21	2
D3960.contig1065	428	38	3
D3960.contig1066	428	36	4
D3960.contig1067	427	90	2
D3960.contig1068	427	59	8
D3960.contig1069	427	40	6
D3960.contig1070	426	24	5
D3960.contig1071	424	46	2
D3960.contig1072	423	149	6
D3960.contig1073	423	121	10
D3960.contig1074	422	28	4
D3960.contig1075	422	19	3
D3960.contig1076	420	97	4
D3960.contig1077	420	47	3
D3960.contig1078	419	57	19
D3960.contig1079	419	37	4
D3960.contig1080	418	376	15
D3960.contig1081	418	104	14
D3960.contig1082	417	30	2
D3960.contig1083	416	131	17
D3960.contig1084	415	21	3
D3960.contig1085	415	28	7
D3960.contig1086	415	27	5
D3960.contig1087	414	368	19
D3960.contig1088	414	25	3
D3960.contig1089	413	54	6
D3960.contig1090	413	16	3
D3960.contig1091	412	116	12
D3960.contig1092	410	50	4
D3960.contig1093	406	87	15
D3960.contig1094	406	70	5
D3960.contig1095	405	21	1
D3960.contig1096	404	24	3
D3960.contig1097	404	94	10
D3960.contig1098	403	11	1
D3960.contig1099	403	0	0
D3960.contig1100	402	57	8
D3960.contig1101	401	73	5
D3960.contig1102	401	74	4
D3960.contig1103	400	12	0
D3960.contig1104	399	7241	332
D3960.contig1105	398	1664	103
D3960.contig1106	398	70	5
D3960.contig1107	397	27	3
D3960.contig1108	397	1341	89
D3960.contig1109	396	32	4
D3960.contig1110	396	102	8
D3960.contig1111	395	22	5
D3960.contig1112	394	96	19
D3960.contig1113	394	30	2
D3960.contig1114	393	32	4
D3960.contig1115	393	57	6
D3960.contig1116	392	51	11
D3960.contig1117	392	6	4
D3960.contig1118	392	61	11
D3960.contig1119	391	38	3
D3960.contig1120	390	62	10
D3960.contig1121	390	112	16
D3960.contig1122	390	746	41
D3960.contig1123	390	56	4
D3960.contig1124	388	33	2
D3960.contig1125	388	93	7
D3960.contig1126	387	5	0
D3960.contig1127	387	119	12
D3960.contig1128	387	17	0
D3960.contig1129	386	31	3
D3960.contig1130	386	756	28
D3960.contig1131	386	39	3
D3960.contig1132	385	120	14
D3960.contig1133	384	97	7
D3960.contig1134	383	259	22
D3960.contig1135	383	66	5
D3960.contig1136	382	107	12
D3960.contig1137	382	185	11
D3960.contig1138	382	67	8
D3960.contig1139	381	320	19
D3960.contig1140	381	54	8
D3960.contig1141	381	113	10
D3960.contig1142	381	108	6
D3960.contig1143	380	52	3
D3960.contig1144	379	90	20
D3960.contig1145	379	0	0
D3960.contig1146	377	79	10
D3960.contig1147	377	15	0
D3960.contig1148	376	97	15
D3960.contig1149	376	75	4
D3960.contig1150	375	19	2
D3960.contig1151	375	72	8
D3960.contig1152	375	963	102
D3960.contig1153	374	495	211
D3960.contig1154	373	25	4
D3960.contig1155	373	45	5
D3960.contig1156	372	19	1
D3960.contig1157	372	46	10
D3960.contig1158	372	64	8
D3960.contig1159	371	38	2
D3960.contig1160	371	49	9
D3960.contig1161	370	91	9
D3960.contig1162	369	143	5
D3960.contig1163	369	21	3
D3960.contig1164	367	74	8
D3960.contig1165	367	45	12
D3960.contig1166	367	29	5
D3960.contig1167	367	11	2
D3960.contig1168	365	161	5
D3960.contig1169	365	102	1
D3960.contig1170	363	54	10
D3960.contig1171	362	53	4
D3960.contig1172	362	78	5
D3960.contig1173	361	18	3
D3960.contig1174	360	39	1
D3960.contig1175	360	71	18
D3960.contig1176	360	114	6
D3960.contig1177	360	13	2
D3960.contig1178	360	43	4
D3960.contig1179	359	16	2
D3960.contig1180	358	56	9
D3960.contig1181	357	9	0
D3960.contig1182	356	35	5
D3960.contig1183	355	13	4
D3960.contig1184	354	36	4
D3960.contig1185	354	20	1
D3960.contig1186	354	39	4
D3960.contig1187	353	33	4
D3960.contig1188	353	54	5
D3960.contig1189	353	13	2
D3960.contig1190	352	164	11
D3960.contig1191	352	1168	69
D3960.contig1192	352	64	8
D3960.contig1193	351	15	1
D3960.contig1194	351	59	15
D3960.contig1195	351	0	0
D3960.contig1196	351	16	2
D3960.contig1197	350	95	11
D3960.contig1198	350	20	5
D3960.contig1199	350	6037	511
D3960.contig1200	349	0	0
D3960.contig1201	349	62	5
D3960.contig1202	349	49	4
D3960.contig1203	349	19	1
D3960.contig1204	347	0	0
D3960.contig1205	347	17	1
D3960.contig1206	346	0	0
D3960.contig1207	346	13	2
D3960.contig1208	345	0	0
D3960.contig1209	345	33	2
D3960.contig1210	345	223	15
D3960.contig1211	345	30	2
D3960.contig1212	345	21	1
D3960.contig1213	344	55	8
D3960.contig1214	343	37	6
D3960.contig1215	343	139	8
D3960.contig1216	342	54	3
D3960.contig1217	342	472	32
D3960.contig1218	342	0	0
D3960.contig1219	341	15	0
D3960.contig1220	341	79	17
D3960.contig1221	341	0	0
D3960.contig1222	341	60	7
D3960.contig1223	340	51	6
D3960.contig1224	339	0	0
D3960.contig1225	339	57	3
D3960.contig1226	339	34	1
D3960.contig1227	339	54	8
D3960.contig1228	338	8	1
D3960.contig1229	338	36	2
D3960.contig1230	338	46	9
D3960.contig1231	337	5	1
D3960.contig1232	337	29	5
D3960.contig1233	336	1398	77
D3960.contig1234	335	96	5
D3960.contig1235	335	57	10
D3960.contig1236	334	14	3
D3960.contig1237	334	29	2
D3960.contig1238	333	71	4
D3960.contig1239	333	43	7
D3960.contig1240	332	273	156
D3960.contig1241	332	7	1
D3960.contig1242	331	49	8
D3960.contig1243	331	60	12
D3960.contig1244	331	19	0
D3960.contig1245	331	26	2
D3960.contig1246	330	16	6
D3960.contig1247	330	76501	54398
D3960.contig1248	328	48	5
D3960.contig1249	328	27	5
D3960.contig1250	327	249	30
D3960.contig1251	326	23	10
D3960.contig1252	326	132	11
D3960.contig1253	326	86	8
D3960.contig1254	326	302	14
D3960.contig1255	325	43	10
D3960.contig1256	325	12	0
D3960.contig1257	325	0	0
D3960.contig1258	324	568	45
D3960.contig1259	323	31	0
D3960.contig1260	321	0	0
D3960.contig1261	319	37	7
D3960.contig1262	319	56	4
D3960.contig1263	318	26	8
D3960.contig1264	318	24	0
D3960.contig1265	317	25	11
D3960.contig1266	317	38	3
D3960.contig1267	316	8	0
D3960.contig1268	316	47	2
D3960.contig1269	315	59	7
D3960.contig1270	314	34	1
D3960.contig1271	314	12	3
D3960.contig1272	313	1806	88
D3960.contig1273	313	42	4
D3960.contig1274	312	22	1
D3960.contig1275	312	33	2
D3960.contig1276	310	59	1
D3960.contig1277	310	5	1
D3960.contig1278	308	25	2
D3960.contig1279	307	42	12
D3960.contig1280	307	5	5
D3960.contig1281	306	31	2
D3960.contig1282	305	245	32
D3960.contig1283	305	16	0
D3960.contig1284	304	23	7
D3960.contig1285	304	0	0
D3960.contig1286	304	83	15
D3960.contig1287	303	39	5
D3960.contig1288	303	68	6
D3960.contig1289	303	35	0
D3960.contig1290	302	52	5
D3960.contig1291	302	70	2
D3960.contig1292	302	24	3
D3960.contig1293	301	16	2
D3960.contig1294	301	0	0
D3960.contig1295	300	26	1
D3960.contig1296	300	68	4
D3960.contig1297	300	34	5
*	0	0	72788880
