R3894.contig1	1725	74258	1097
R3894.contig2	1651	20558	253
R3894.contig3	1536	45809	360
R3894.contig4	1154	159477	1284
R3894.contig5	1118	32014	1100
R3894.contig6	1008	3082	141
R3894.contig7	994	195	1
R3894.contig8	964	60809	2440
R3894.contig9	894	18640	2547
R3894.contig10	862	162266	17906
R3894.contig11	804	175	0
R3894.contig12	794	44	10
R3894.contig13	792	1275	33
R3894.contig14	784	229449	5605
R3894.contig15	747	2655	53
R3894.contig16	715	5245	780
R3894.contig17	696	60	4
R3894.contig18	682	2709	186
R3894.contig19	673	3814	273
R3894.contig20	670	19577	733
R3894.contig21	669	11256	2004
R3894.contig22	662	74	1
R3894.contig23	660	23950	1528
R3894.contig24	659	3364	103
R3894.contig25	657	320202	50697
R3894.contig26	656	27940	1935
R3894.contig27	647	113975	11174
R3894.contig28	641	60	1
R3894.contig29	623	40	2
R3894.contig30	611	4127	1158
R3894.contig31	606	73324	2361
R3894.contig32	588	5079	257
R3894.contig33	582	36	3
R3894.contig34	569	3251	111
R3894.contig35	568	30490	1443
R3894.contig36	558	48131	2638
R3894.contig37	556	2008	96
R3894.contig38	525	48270	3925
R3894.contig39	509	526	4
R3894.contig40	508	23354	1563
R3894.contig41	508	89922	5566
R3894.contig42	496	70	4
R3894.contig43	494	3303	751
R3894.contig44	492	108	14
R3894.contig45	489	23700	6844
R3894.contig46	486	131	1
R3894.contig47	482	1914	40
R3894.contig48	480	980	47
R3894.contig49	476	3101	76
R3894.contig50	472	14830	1003
R3894.contig51	471	32855	4005
R3894.contig52	466	536	45
R3894.contig53	465	114	8
R3894.contig54	459	26	2
R3894.contig55	459	611	13
R3894.contig56	457	14011	266
R3894.contig57	457	351	7
R3894.contig58	451	24	8
R3894.contig59	450	4899	328
R3894.contig60	445	17	7
R3894.contig61	443	20495	1078
R3894.contig62	438	2576	96
R3894.contig63	436	100	4
R3894.contig64	436	16317	537
R3894.contig65	426	148	10
R3894.contig66	424	7678	503
R3894.contig67	416	1636	375
R3894.contig68	412	11791	154
R3894.contig69	408	928	149
R3894.contig70	401	9808	239
R3894.contig71	399	28	4
R3894.contig72	397	10884	1043
R3894.contig73	396	330	50
R3894.contig74	391	358123	76737
R3894.contig75	385	21	3
R3894.contig76	384	11124	320
R3894.contig77	384	18148	3133
R3894.contig78	382	4107	107
R3894.contig79	382	6845	394
R3894.contig80	381	557	15
R3894.contig81	379	11059	2447
R3894.contig82	379	3512	510
R3894.contig83	369	1194	137
R3894.contig84	367	32	0
R3894.contig85	366	1265	318
R3894.contig86	359	28	11
R3894.contig87	356	1098	156
R3894.contig88	355	26	6
R3894.contig89	350	594	33
R3894.contig90	348	26814	5560
R3894.contig91	345	4791	152
R3894.contig92	339	15344	688
R3894.contig93	339	32421	1956
R3894.contig94	336	66322	15146
R3894.contig95	334	69	2
R3894.contig96	334	6653	194
R3894.contig97	331	43603	2802
R3894.contig98	330	23	4
R3894.contig99	326	16141	4631
R3894.contig100	326	61	8
R3894.contig101	320	14	2
R3894.contig102	319	14	2
R3894.contig103	316	12	3
R3894.contig104	311	18316	2461
R3894.contig105	308	107558	24307
R3894.contig106	305	341	38
R3894.contig107	302	11	3
*	0	0	365316
