wgs14.contig1	786330	54778	141
wgs14.contig2	506427	35352	98
wgs14.contig3	354907	25009	69
wgs14.contig4	294689	21577	97
wgs14.contig5	277163	19175	57
wgs14.contig6	200627	14104	29
wgs14.contig7	191080	13859	30
wgs14.contig8	183489	12616	30
wgs14.contig9	181341	12829	33
wgs14.contig10	154624	10811	26
wgs14.contig11	150763	10548	31
wgs14.contig12	136125	9594	32
wgs14.contig13	131195	9224	22
wgs14.contig14	128808	9329	24
wgs14.contig15	97595	7118	30
wgs14.contig16	95701	6600	23
wgs14.contig17	90360	6415	14
wgs14.contig18	74743	5072	11
wgs14.contig19	71305	5026	15
wgs14.contig20	68869	4842	14
wgs14.contig21	68721	4923	14
wgs14.contig22	67914	4799	11
wgs14.contig23	67688	5106	15
wgs14.contig24	63015	4371	11
wgs14.contig25	54955	3985	14
wgs14.contig26	46721	6839	19
wgs14.contig27	40173	2876	4
wgs14.contig28	36096	2307	6
wgs14.contig29	34146	2443	5
wgs14.contig30	29326	2102	4
wgs14.contig31	21442	3227	14
wgs14.contig32	18549	1379	7
wgs14.contig33	17361	1165	2
wgs14.contig34	17165	1175	9
wgs14.contig35	15611	1191	3
wgs14.contig36	13664	2108	9
wgs14.contig37	11840	737	4
wgs14.contig38	9164	636	1
wgs14.contig39	7434	614	2
wgs14.contig40	5971	479	3
wgs14.contig41	5378	15747	71
wgs14.contig42	4910	9008	18
wgs14.contig43	3917	608	6
wgs14.contig44	3565	444	18
wgs14.contig45	3075	462	9
wgs14.contig46	3021	4136	43
wgs14.contig47	3010	382	3
wgs14.contig48	2621	4831	66
wgs14.contig49	2042	989	36
wgs14.contig50	1958	239	3
wgs14.contig51	1580	240	6
wgs14.contig52	1570	2337	58
wgs14.contig53	1478	153	7
wgs14.contig54	1379	736	29
wgs14.contig55	1336	181	7
wgs14.contig56	1255	91	2
wgs14.contig57	1242	259	14
wgs14.contig58	1221	382	11
wgs14.contig59	1154	138	5
wgs14.contig60	1100	370	19
wgs14.contig61	1067	189	9
wgs14.contig62	1047	114	2
wgs14.contig63	867	98	4
wgs14.contig64	821	208	26
wgs14.contig65	757	356	40
wgs14.contig66	736	49	5
wgs14.contig67	666	148	8
wgs14.contig68	569	36	6
wgs14.contig69	493	79	5
wgs14.contig70	475	2	0
wgs14.contig71	469	2	0
wgs14.contig72	463	2	0
wgs14.contig73	463	16	0
wgs14.contig74	449	27	3
wgs14.contig75	436	131	8
wgs14.contig76	426	1	1
wgs14.contig77	417	2	0
wgs14.contig78	417	12	1
wgs14.contig79	411	15	2
wgs14.contig80	404	11	1
wgs14.contig81	379	45	1
wgs14.contig82	357	5	0
wgs14.contig83	348	18	0
wgs14.contig84	331	48	4
wgs14.contig85	290	6	0
wgs14.contig86	289	5	0
wgs14.contig87	283	5	0
wgs14.contig88	276	7	0
wgs14.contig89	262	2	0
wgs14.contig90	257	2	0
wgs14.contig91	256	2	0
wgs14.contig92	255	2	0
wgs14.contig93	255	7	0
wgs14.contig94	255	7	0
wgs14.contig95	255	29	1
wgs14.contig96	255	2	0
wgs14.contig97	254	16	0
wgs14.contig98	254	26	0
wgs14.contig99	253	12	0
wgs14.contig100	251	1	0
wgs14.contig101	250	0	0
wgs14.contig102	248	8	1
wgs14.contig103	247	4	0
wgs14.contig104	246	39	2
wgs14.contig105	243	1	0
wgs14.contig106	241	5	0
wgs14.contig107	238	20	0
wgs14.contig108	234	22	1
wgs14.contig109	232	5	1
wgs14.contig110	217	0	0
wgs14.contig111	217	2	0
wgs14.contig112	207	0	0
wgs14.contig113	190	0	0
wgs14.contig114	184	0	0
wgs14.contig115	177	0	0
wgs14.contig116	168	0	0
wgs14.contig117	165	0	0
wgs14.contig118	165	0	0
wgs14.contig119	165	0	0
wgs14.contig120	151	0	0
wgs14.contig121	149	0	0
wgs14.contig122	147	0	0
wgs14.contig123	134	1	0
wgs14.contig124	132	3	0
wgs14.contig125	131	0	0
wgs14.contig126	130	0	0
wgs14.contig127	128	0	0
*	0	0	890
