R3940.contig1	2387	0	0
R3940.contig2	2146	0	0
R3940.contig3	2079	0	0
R3940.contig4	1755	0	0
R3940.contig5	1595	0	0
R3940.contig6	1432	29	14
R3940.contig7	1408	11803	2850
R3940.contig8	1376	0	0
R3940.contig9	1290	2714658	285182
R3940.contig10	1195	0	0
R3940.contig11	1181	3419	391
R3940.contig12	1172	2259129	487819
R3940.contig13	1067	309281	69116
R3940.contig14	967	59	15
R3940.contig15	871	0	0
R3940.contig16	848	424607	169793
R3940.contig17	847	0	0
R3940.contig18	846	2	0
R3940.contig19	783	96	9
R3940.contig20	776	4	0
R3940.contig21	774	689117	300795
R3940.contig22	761	12136	3938
R3940.contig23	757	0	0
R3940.contig24	739	22013	5339
R3940.contig25	723	55748	6258
R3940.contig26	685	0	0
R3940.contig27	677	0	0
R3940.contig28	656	41853	15662
R3940.contig29	642	21	7
R3940.contig30	609	387185	138112
R3940.contig31	590	0	0
R3940.contig32	588	0	0
R3940.contig33	586	6995	1210
R3940.contig34	575	0	0
R3940.contig35	571	1	0
R3940.contig36	531	11	1
R3940.contig37	513	0	0
R3940.contig38	512	0	0
R3940.contig39	495	2	1
R3940.contig40	492	0	0
R3940.contig41	480	13908	3726
R3940.contig42	454	204918	68115
R3940.contig43	447	0	0
R3940.contig44	445	108341	36166
R3940.contig45	445	1065	226
R3940.contig46	438	64	2
R3940.contig47	428	25	0
R3940.contig48	421	5875	717
R3940.contig49	411	0	0
R3940.contig50	401	3111	1018
R3940.contig51	401	8215	1926
R3940.contig52	380	0	0
R3940.contig53	380	0	0
R3940.contig54	372	39	6
R3940.contig55	368	35	3
R3940.contig56	354	9129	2618
R3940.contig57	348	0	0
R3940.contig58	346	18273	2270
R3940.contig59	346	0	0
R3940.contig60	346	0	0
R3940.contig61	337	0	0
R3940.contig62	307	8118	2280
R3940.contig63	304	0	0
*	0	0	18433228
