D3680.contig1	20544	0	0
D3680.contig2	15390	0	0
D3680.contig3	12295	239	71
D3680.contig4	9723	0	0
D3680.contig5	7020	8439	631
D3680.contig6	6626	3810	151
D3680.contig7	6335	351	33
D3680.contig8	5333	0	0
D3680.contig9	5227	0	0
D3680.contig10	5213	0	0
D3680.contig11	4498	0	0
D3680.contig12	4117	0	0
D3680.contig13	3796	2	0
D3680.contig14	3573	0	0
D3680.contig15	3384	0	0
D3680.contig16	3307	183810	91916
D3680.contig17	3078	0	0
D3680.contig18	2782	0	0
D3680.contig19	2735	90633	39288
D3680.contig20	2701	212	9
D3680.contig21	2672	0	0
D3680.contig22	2651	373	26
D3680.contig23	2641	0	0
D3680.contig24	2628	1236	840
D3680.contig25	2561	0	0
D3680.contig26	2529	34	2
D3680.contig27	2391	0	0
D3680.contig28	2342	0	0
D3680.contig29	2254	0	0
D3680.contig30	2130	0	0
D3680.contig31	2073	0	0
D3680.contig32	1886	0	0
D3680.contig33	1483	4	0
D3680.contig34	1391	0	0
D3680.contig35	1391	0	0
D3680.contig36	1372	0	0
D3680.contig37	1295	0	0
D3680.contig38	1237	0	0
D3680.contig39	1191	0	0
D3680.contig40	1180	0	0
D3680.contig41	1152	0	0
D3680.contig42	1144	36	13
D3680.contig43	1124	0	0
D3680.contig44	1108	0	0
D3680.contig45	1090	0	0
D3680.contig46	1035	0	0
D3680.contig47	1013	0	0
D3680.contig48	1011	79	77
D3680.contig49	998	102	20
D3680.contig50	966	0	0
D3680.contig51	964	0	0
D3680.contig52	961	0	0
D3680.contig53	954	0	0
D3680.contig54	951	0	0
D3680.contig55	900	178	33
D3680.contig56	886	25	7
D3680.contig57	882	55	55
D3680.contig58	876	0	0
D3680.contig59	870	0	0
D3680.contig60	869	0	0
D3680.contig61	860	0	0
D3680.contig62	843	0	0
D3680.contig63	827	0	0
D3680.contig64	817	0	0
D3680.contig65	817	0	0
D3680.contig66	805	0	0
D3680.contig67	780	0	0
D3680.contig68	776	0	0
D3680.contig69	768	0	0
D3680.contig70	756	0	0
D3680.contig71	740	0	0
D3680.contig72	731	14	10
D3680.contig73	717	0	0
D3680.contig74	710	0	0
D3680.contig75	703	0	0
D3680.contig76	696	0	0
D3680.contig77	693	0	0
D3680.contig78	671	0	0
D3680.contig79	669	813	277
D3680.contig80	669	0	0
D3680.contig81	667	0	0
D3680.contig82	665	0	0
D3680.contig83	655	0	0
D3680.contig84	648	130	36
D3680.contig85	644	0	0
D3680.contig86	634	0	0
D3680.contig87	629	0	0
D3680.contig88	627	0	0
D3680.contig89	620	0	0
D3680.contig90	617	0	0
D3680.contig91	617	0	0
D3680.contig92	615	0	0
D3680.contig93	599	0	0
D3680.contig94	596	0	0
D3680.contig95	595	0	0
D3680.contig96	590	0	0
D3680.contig97	589	0	0
D3680.contig98	584	0	0
D3680.contig99	582	0	0
D3680.contig100	578	0	0
D3680.contig101	577	0	0
D3680.contig102	577	0	0
D3680.contig103	572	0	0
D3680.contig104	572	0	0
D3680.contig105	568	0	0
D3680.contig106	563	16	12
D3680.contig107	560	0	0
D3680.contig108	559	9	5
D3680.contig109	559	0	0
D3680.contig110	549	0	0
D3680.contig111	541	41	41
D3680.contig112	538	0	0
D3680.contig113	537	0	0
D3680.contig114	536	0	0
D3680.contig115	535	0	0
D3680.contig116	534	0	0
D3680.contig117	529	0	0
D3680.contig118	527	40	12
D3680.contig119	518	0	0
D3680.contig120	518	0	0
D3680.contig121	518	0	0
D3680.contig122	517	0	0
D3680.contig123	514	0	0
D3680.contig124	513	0	0
D3680.contig125	510	0	0
D3680.contig126	509	0	0
D3680.contig127	508	0	0
D3680.contig128	508	0	0
D3680.contig129	507	8	1
D3680.contig130	507	0	0
D3680.contig131	506	0	0
D3680.contig132	504	0	0
D3680.contig133	503	0	0
D3680.contig134	502	0	0
D3680.contig135	502	0	0
D3680.contig136	501	0	0
D3680.contig137	499	0	0
D3680.contig138	498	0	0
D3680.contig139	495	37	37
D3680.contig140	494	0	0
D3680.contig141	492	0	0
D3680.contig142	492	0	0
D3680.contig143	490	0	0
D3680.contig144	490	0	0
D3680.contig145	490	0	0
D3680.contig146	489	0	0
D3680.contig147	485	0	0
D3680.contig148	483	0	0
D3680.contig149	483	0	0
D3680.contig150	481	0	0
D3680.contig151	480	0	0
D3680.contig152	479	0	0
D3680.contig153	477	1	1
D3680.contig154	477	0	0
D3680.contig155	474	13	10
D3680.contig156	472	0	0
D3680.contig157	466	0	0
D3680.contig158	464	0	0
D3680.contig159	464	0	0
D3680.contig160	461	0	0
D3680.contig161	460	0	0
D3680.contig162	459	0	0
D3680.contig163	459	0	0
D3680.contig164	458	5	5
D3680.contig165	458	0	0
D3680.contig166	457	0	0
D3680.contig167	456	0	0
D3680.contig168	455	0	0
D3680.contig169	455	87824	50298
D3680.contig170	454	0	0
D3680.contig171	452	0	0
D3680.contig172	451	0	0
D3680.contig173	451	0	0
D3680.contig174	450	0	0
D3680.contig175	449	0	0
D3680.contig176	446	51	18
D3680.contig177	446	0	0
D3680.contig178	444	13	11
D3680.contig179	442	0	0
D3680.contig180	441	14	8
D3680.contig181	438	10	10
D3680.contig182	437	0	0
D3680.contig183	436	0	0
D3680.contig184	436	0	0
D3680.contig185	434	0	0
D3680.contig186	433	0	0
D3680.contig187	431	14	8
D3680.contig188	431	50	36
D3680.contig189	430	0	0
D3680.contig190	429	0	0
D3680.contig191	428	0	0
D3680.contig192	427	0	0
D3680.contig193	427	0	0
D3680.contig194	426	6	6
D3680.contig195	421	0	0
D3680.contig196	420	3	2
D3680.contig197	420	0	0
D3680.contig198	418	0	0
D3680.contig199	417	0	0
D3680.contig200	412	0	0
D3680.contig201	412	0	0
D3680.contig202	410	75	40
D3680.contig203	409	94535	64243
D3680.contig204	409	0	0
D3680.contig205	409	0	0
D3680.contig206	408	0	0
D3680.contig207	408	0	0
D3680.contig208	407	4	1
D3680.contig209	407	0	0
D3680.contig210	407	0	0
D3680.contig211	407	0	0
D3680.contig212	405	0	0
D3680.contig213	405	0	0
D3680.contig214	405	0	0
D3680.contig215	404	0	0
D3680.contig216	403	0	0
D3680.contig217	403	0	0
D3680.contig218	401	0	0
D3680.contig219	400	0	0
D3680.contig220	400	0	0
D3680.contig221	400	11	11
D3680.contig222	399	0	0
D3680.contig223	395	0	0
D3680.contig224	395	0	0
D3680.contig225	395	0	0
D3680.contig226	394	0	0
D3680.contig227	394	0	0
D3680.contig228	393	0	0
D3680.contig229	393	0	0
D3680.contig230	390	0	0
D3680.contig231	389	0	0
D3680.contig232	388	0	0
D3680.contig233	388	0	0
D3680.contig234	388	0	0
D3680.contig235	387	0	0
D3680.contig236	386	0	0
D3680.contig237	384	18	18
D3680.contig238	383	0	0
D3680.contig239	382	0	0
D3680.contig240	382	0	0
D3680.contig241	382	0	0
D3680.contig242	381	13	5
D3680.contig243	379	16	16
D3680.contig244	378	0	0
D3680.contig245	377	0	0
D3680.contig246	376	14	14
D3680.contig247	376	0	0
D3680.contig248	372	0	0
D3680.contig249	371	0	0
D3680.contig250	370	10	7
D3680.contig251	370	0	0
D3680.contig252	370	0	0
D3680.contig253	369	0	0
D3680.contig254	368	0	0
D3680.contig255	367	0	0
D3680.contig256	367	0	0
D3680.contig257	366	0	0
D3680.contig258	365	0	0
D3680.contig259	364	0	0
D3680.contig260	364	0	0
D3680.contig261	364	27	27
D3680.contig262	363	0	0
D3680.contig263	362	0	0
D3680.contig264	359	0	0
D3680.contig265	358	0	0
D3680.contig266	358	0	0
D3680.contig267	358	0	0
D3680.contig268	357	0	0
D3680.contig269	356	0	0
D3680.contig270	355	0	0
D3680.contig271	354	2	2
D3680.contig272	354	0	0
D3680.contig273	351	0	0
D3680.contig274	351	20	16
D3680.contig275	350	0	0
D3680.contig276	349	35	15
D3680.contig277	349	0	0
D3680.contig278	348	0	0
D3680.contig279	348	0	0
D3680.contig280	348	0	0
D3680.contig281	347	0	0
D3680.contig282	346	0	0
D3680.contig283	345	0	0
D3680.contig284	344	0	0
D3680.contig285	344	0	0
D3680.contig286	343	0	0
D3680.contig287	343	0	0
D3680.contig288	343	0	0
D3680.contig289	343	0	0
D3680.contig290	343	0	0
D3680.contig291	343	0	0
D3680.contig292	342	0	0
D3680.contig293	342	0	0
D3680.contig294	342	0	0
D3680.contig295	341	0	0
D3680.contig296	340	0	0
D3680.contig297	340	0	0
D3680.contig298	339	0	0
D3680.contig299	338	0	0
D3680.contig300	338	1	1
D3680.contig301	338	0	0
D3680.contig302	337	0	0
D3680.contig303	337	0	0
D3680.contig304	337	0	0
D3680.contig305	335	0	0
D3680.contig306	335	0	0
D3680.contig307	335	0	0
D3680.contig308	334	0	0
D3680.contig309	334	0	0
D3680.contig310	334	0	0
D3680.contig311	334	0	0
D3680.contig312	334	0	0
D3680.contig313	334	0	0
D3680.contig314	333	0	0
D3680.contig315	333	0	0
D3680.contig316	332	0	0
D3680.contig317	332	0	0
D3680.contig318	331	6	3
D3680.contig319	329	0	0
D3680.contig320	329	0	0
D3680.contig321	328	0	0
D3680.contig322	328	0	0
D3680.contig323	327	0	0
D3680.contig324	327	0	0
D3680.contig325	327	0	0
D3680.contig326	325	0	0
D3680.contig327	325	0	0
D3680.contig328	325	2	0
D3680.contig329	325	0	0
D3680.contig330	324	0	0
D3680.contig331	324	0	0
D3680.contig332	324	0	0
D3680.contig333	324	0	0
D3680.contig334	323	0	0
D3680.contig335	323	0	0
D3680.contig336	323	0	0
D3680.contig337	322	0	0
D3680.contig338	322	0	0
D3680.contig339	321	0	0
D3680.contig340	321	0	0
D3680.contig341	321	0	0
D3680.contig342	320	162	120
D3680.contig343	320	0	0
D3680.contig344	320	0	0
D3680.contig345	319	0	0
D3680.contig346	319	0	0
D3680.contig347	319	0	0
D3680.contig348	319	0	0
D3680.contig349	318	0	0
D3680.contig350	318	0	0
D3680.contig351	318	4	4
D3680.contig352	318	0	0
D3680.contig353	318	0	0
D3680.contig354	317	0	0
D3680.contig355	317	1	1
D3680.contig356	317	0	0
D3680.contig357	315	0	0
D3680.contig358	315	0	0
D3680.contig359	314	0	0
D3680.contig360	314	0	0
D3680.contig361	312	0	0
D3680.contig362	312	0	0
D3680.contig363	312	0	0
D3680.contig364	312	0	0
D3680.contig365	312	0	0
D3680.contig366	311	0	0
D3680.contig367	311	0	0
D3680.contig368	311	0	0
D3680.contig369	311	0	0
D3680.contig370	311	0	0
D3680.contig371	310	0	0
D3680.contig372	310	0	0
D3680.contig373	310	0	0
D3680.contig374	309	0	0
D3680.contig375	309	0	0
D3680.contig376	309	0	0
D3680.contig377	309	0	0
D3680.contig378	309	0	0
D3680.contig379	307	0	0
D3680.contig380	306	34	22
D3680.contig381	305	0	0
D3680.contig382	305	0	0
D3680.contig383	304	0	0
D3680.contig384	304	2	2
D3680.contig385	303	0	0
D3680.contig386	303	0	0
D3680.contig387	303	0	0
D3680.contig388	303	0	0
D3680.contig389	303	0	0
D3680.contig390	302	0	0
D3680.contig391	301	0	0
D3680.contig392	301	0	0
D3680.contig393	300	0	0
D3680.contig394	300	0	0
*	0	0	99631074
