DB3.contig1	35204	39443	701
DB3.contig2	28476	11988	190
DB3.contig3	23467	6330	124
DB3.contig4	19547	6728	159
DB3.contig5	19230	28649	309
DB3.contig6	17013	5626	102
DB3.contig7	16857	3948	66
DB3.contig8	16729	4451	104
DB3.contig9	14443	3738	64
DB3.contig10	14355	5804	127
DB3.contig11	14184	1932	40
DB3.contig12	13621	3239	49
DB3.contig13	12876	2946	50
DB3.contig14	12792	2042	31
DB3.contig15	12428	4996	88
DB3.contig16	12337	2245	53
DB3.contig17	12101	4766	67
DB3.contig18	12081	4880	98
DB3.contig19	11747	2511	39
DB3.contig20	11344	2228	33
DB3.contig21	11204	2438	61
DB3.contig22	11196	1581	28
DB3.contig23	11129	1875	31
DB3.contig24	10975	1865	33
DB3.contig25	10534	1548	17
DB3.contig26	10098	2220	41
DB3.contig27	9805	8170	170
DB3.contig28	9225	2492	53
DB3.contig29	9084	2546	36
DB3.contig30	8988	1133	24
DB3.contig31	8880	30700	353
DB3.contig32	8666	1032	17
DB3.contig33	8593	2602	46
DB3.contig34	8548	1449	31
DB3.contig35	8487	1945	31
DB3.contig36	8419	1332	27
DB3.contig37	8165	5713	118
DB3.contig38	8130	1010	23
DB3.contig39	7709	1771	41
DB3.contig40	7648	1668	37
DB3.contig41	7567	1108	29
DB3.contig42	7533	1220	28
DB3.contig43	7480	990	34
DB3.contig44	7296	1128	14
DB3.contig45	6980	908	22
DB3.contig46	6822	4166	126
DB3.contig47	6818	6385	145
DB3.contig48	6733	1102	28
DB3.contig49	6662	1114	30
DB3.contig50	6569	775	18
DB3.contig51	6456	976	26
DB3.contig52	6256	5634	238
DB3.contig53	6127	706	30
DB3.contig54	6095	628	9
DB3.contig55	6016	879	18
DB3.contig56	5959	2317	37
DB3.contig57	5829	827	20
DB3.contig58	5773	753	13
DB3.contig59	5599	5144	138
DB3.contig60	5482	701	18
DB3.contig61	5346	2044	30
DB3.contig62	5322	472	19
DB3.contig63	5260	3677	44
DB3.contig64	5253	1426	21
DB3.contig65	5230	809	16
DB3.contig66	5224	632	12
DB3.contig67	5194	521	18
DB3.contig68	5187	584	14
DB3.contig69	5105	388	7
DB3.contig70	5038	3955395	196699
DB3.contig71	5013	471	6
DB3.contig72	4911	518	13
DB3.contig73	4857	1071	29
DB3.contig74	4833	1406	17
DB3.contig75	4694	485	13
DB3.contig76	4520	580	27
DB3.contig77	4520	625	19
DB3.contig78	4498	2755	78
DB3.contig79	4410	545	15
DB3.contig80	4402	828	35
DB3.contig81	4389	655	16
DB3.contig82	4334	442	14
DB3.contig83	4317	4181	115
DB3.contig84	4312	713	15
DB3.contig85	4233	313	10
DB3.contig86	4049	465	6
DB3.contig87	4032	478	18
DB3.contig88	4011	446	3
DB3.contig89	3975	454	16
DB3.contig90	3940	1175	35
DB3.contig91	3814	533	20
DB3.contig92	3779	486	10
DB3.contig93	3726	582	14
DB3.contig94	3711	394	17
DB3.contig95	3692	396	8
DB3.contig96	3646	1768	26
DB3.contig97	3615	1182	42
DB3.contig98	3596	705	26
DB3.contig99	3537	635	15
DB3.contig100	3504	343	7
DB3.contig101	3489	4324	132
DB3.contig102	3441	1326	28
DB3.contig103	3425	372	8
DB3.contig104	3413	316	10
DB3.contig105	3401	977	19
DB3.contig106	3352	353	11
DB3.contig107	3340	360	11
DB3.contig108	3298	1291	15
DB3.contig109	3256	1732	39
DB3.contig110	3211	388	16
DB3.contig111	3203	320	9
DB3.contig112	3199	3392	46
DB3.contig113	3192	384	13
DB3.contig114	3178	441	14
DB3.contig115	3157	213	3
DB3.contig116	3153	354	6
DB3.contig117	3069	544	10
DB3.contig118	3064	283	9
DB3.contig119	3054	212	11
DB3.contig120	2996	221	10
DB3.contig121	2990	414	8
DB3.contig122	2950	372	12
DB3.contig123	2908	217	14
DB3.contig124	2878	227	11
DB3.contig125	2790	1730	20
DB3.contig126	2754	777	21
DB3.contig127	2752	235	12
DB3.contig128	2752	208	9
DB3.contig129	2736	369	12
DB3.contig130	2697	205	12
DB3.contig131	2684	303	12
DB3.contig132	2666	451	7
DB3.contig133	2662	247	11
DB3.contig134	2633	183	10
DB3.contig135	2626	208	10
DB3.contig136	2618	397	2
DB3.contig137	2541	8321	61
DB3.contig138	2502	227	17
DB3.contig139	2498	228	13
DB3.contig140	2481	690	25
DB3.contig141	2469	221	19
DB3.contig142	2441	462	5
DB3.contig143	2439	200	11
DB3.contig144	2421	238	9
DB3.contig145	2406	140	6
DB3.contig146	2396	212	9
DB3.contig147	2389	150	17
DB3.contig148	2378	3036	66
DB3.contig149	2367	225	24
DB3.contig150	2335	225	5
DB3.contig151	2325	176	11
DB3.contig152	2312	415	22
DB3.contig153	2296	241	5
DB3.contig154	2275	253	13
DB3.contig155	2275	319	5
DB3.contig156	2248	553	30
DB3.contig157	2233	155	5
DB3.contig158	2190	348	4
DB3.contig159	2184	147	5
DB3.contig160	2179	157	9
DB3.contig161	2178	157	15
DB3.contig162	2177	173	9
DB3.contig163	2162	226	10
DB3.contig164	2155	155	11
DB3.contig165	2155	178	9
DB3.contig166	2110	104	9
DB3.contig167	2100	158	4
DB3.contig168	2094	401	4
DB3.contig169	2061	191	10
DB3.contig170	2037	139	8
DB3.contig171	2031	152	8
DB3.contig172	2031	158	9
DB3.contig173	2029	234	7
DB3.contig174	2018	144	7
DB3.contig175	1970	107	6
DB3.contig176	1965	121	9
DB3.contig177	1964	191	1
DB3.contig178	1956	315	7
DB3.contig179	1954	16622	392
DB3.contig180	1951	606	9
DB3.contig181	1948	536	6
DB3.contig182	1920	225	7
DB3.contig183	1920	159	3
DB3.contig184	1903	1252	28
DB3.contig185	1858	253	16
DB3.contig186	1854	154	7
DB3.contig187	1843	150	3
DB3.contig188	1843	193	15
DB3.contig189	1831	106	3
DB3.contig190	1827	154	13
DB3.contig191	1811	994	42
DB3.contig192	1807	121	9
DB3.contig193	1806	208	1
DB3.contig194	1803	82	15
DB3.contig195	1799	125	6
DB3.contig196	1795	130	14
DB3.contig197	1774	139	2
DB3.contig198	1769	153	7
DB3.contig199	1753	115	6
DB3.contig200	1743	103	4
DB3.contig201	1740	106	8
DB3.contig202	1722	109	12
DB3.contig203	1721	233	19
DB3.contig204	1706	195	8
DB3.contig205	1704	120	7
DB3.contig206	1702	126	11
DB3.contig207	1688	2129	44
DB3.contig208	1688	110	5
DB3.contig209	1677	99	10
DB3.contig210	1664	98	11
DB3.contig211	1643	381	5
DB3.contig212	1637	89	5
DB3.contig213	1634	202	4
DB3.contig214	1631	378	7
DB3.contig215	1625	93	6
DB3.contig216	1614	97	10
DB3.contig217	1611	119	13
DB3.contig218	1607	66	9
DB3.contig219	1606	141	9
DB3.contig220	1588	88	7
DB3.contig221	1578	122	10
DB3.contig222	1575	135	3
DB3.contig223	1566	196	7
DB3.contig224	1562	92	10
DB3.contig225	1553	111	2
DB3.contig226	1552	90	2
DB3.contig227	1551	125	8
DB3.contig228	1537	186	7
DB3.contig229	1522	87	6
DB3.contig230	1521	92	9
DB3.contig231	1512	94	3
DB3.contig232	1510	93	8
DB3.contig233	1502	112	3
DB3.contig234	1500	85	5
DB3.contig235	1498	91	3
DB3.contig236	1495	645	14
DB3.contig237	1493	117	7
DB3.contig238	1493	89	4
DB3.contig239	1489	1287	11
DB3.contig240	1477	93	7
DB3.contig241	1445	93	6
DB3.contig242	1439	107	16
DB3.contig243	1435	81	10
DB3.contig244	1433	104	6
DB3.contig245	1432	84	6
DB3.contig246	1422	96	3
DB3.contig247	1410	91	5
DB3.contig248	1398	161	3
DB3.contig249	1373	84	12
DB3.contig250	1370	69	10
DB3.contig251	1357	148	6
DB3.contig252	1354	85	6
DB3.contig253	1349	163	9
DB3.contig254	1342	111	6
DB3.contig255	1340	73	9
DB3.contig256	1339	97	10
DB3.contig257	1339	78	8
DB3.contig258	1336	47	15
DB3.contig259	1334	126	3
DB3.contig260	1326	552	11
DB3.contig261	1321	340	6
DB3.contig262	1319	131	9
DB3.contig263	1318	70	4
DB3.contig264	1310	88	9
DB3.contig265	1309	122	3
DB3.contig266	1308	102	3
DB3.contig267	1302	111	11
DB3.contig268	1300	282	7
DB3.contig269	1299	67	5
DB3.contig270	1298	77	4
DB3.contig271	1279	84	9
DB3.contig272	1276	107	10
DB3.contig273	1269	107	12
DB3.contig274	1266	62	3
DB3.contig275	1264	108	6
DB3.contig276	1263	82	18
DB3.contig277	1263	97	8
DB3.contig278	1260	58	8
DB3.contig279	1257	78	8
DB3.contig280	1253	238	7
DB3.contig281	1252	95	6
DB3.contig282	1250	69	8
DB3.contig283	1236	698	16
DB3.contig284	1236	73	7
DB3.contig285	1234	425	10
DB3.contig286	1231	118	4
DB3.contig287	1230	88	5
DB3.contig288	1230	90	3
DB3.contig289	1224	63	7
DB3.contig290	1224	84	12
DB3.contig291	1212	65	14
DB3.contig292	1208	77	3
DB3.contig293	1208	98	5
DB3.contig294	1205	97	6
DB3.contig295	1203	76	15
DB3.contig296	1203	90	5
DB3.contig297	1201	102	2
DB3.contig298	1200	70	11
DB3.contig299	1198	69	6
DB3.contig300	1198	70	4
DB3.contig301	1197	87	6
DB3.contig302	1186	134	5
DB3.contig303	1185	95	7
DB3.contig304	1179	68	6
DB3.contig305	1178	74	7
DB3.contig306	1177	68	6
DB3.contig307	1177	255	7
DB3.contig308	1177	64	9
DB3.contig309	1172	87	1
DB3.contig310	1169	73	3
DB3.contig311	1155	89	6
DB3.contig312	1154	108	9
DB3.contig313	1154	87	4
DB3.contig314	1151	147	5
DB3.contig315	1133	74	7
DB3.contig316	1128	81	8
DB3.contig317	1126	193	4
DB3.contig318	1121	76	8
DB3.contig319	1119	69	11
DB3.contig320	1114	124	2
DB3.contig321	1113	70	6
DB3.contig322	1106	108	7
DB3.contig323	1100	64	9
DB3.contig324	1098	74	6
DB3.contig325	1097	57	7
DB3.contig326	1096	69	5
DB3.contig327	1092	292	10
DB3.contig328	1091	69	7
DB3.contig329	1090	78	4
DB3.contig330	1090	263	7
DB3.contig331	1089	56	13
DB3.contig332	1087	65	9
DB3.contig333	1085	72	4
DB3.contig334	1084	141	10
DB3.contig335	1081	85	4
DB3.contig336	1079	51	8
DB3.contig337	1077	58	6
DB3.contig338	1076	65	7
DB3.contig339	1070	72	9
DB3.contig340	1069	41	4
DB3.contig341	1064	61	7
DB3.contig342	1062	43	6
DB3.contig343	1062	56	5
DB3.contig344	1053	58	16
DB3.contig345	1051	50	6
DB3.contig346	1048	84	8
DB3.contig347	1039	40	8
DB3.contig348	1038	41	7
DB3.contig349	1036	446	14
DB3.contig350	1034	56	7
DB3.contig351	1031	46	9
DB3.contig352	1029	50	4
DB3.contig353	1028	59	11
DB3.contig354	1028	63	7
DB3.contig355	1025	61	6
DB3.contig356	1024	49	4
DB3.contig357	1023	40	6
DB3.contig358	1022	93	5
DB3.contig359	1021	60	11
DB3.contig360	1020	90	10
DB3.contig361	1019	86	6
DB3.contig362	1018	46	10
DB3.contig363	1014	56	9
DB3.contig364	1002	68	6
DB3.contig365	1000	1195	37
DB3.contig366	996	45	8
DB3.contig367	996	79	12
DB3.contig368	995	58	14
DB3.contig369	994	34	8
DB3.contig370	991	61	9
DB3.contig371	990	57	4
DB3.contig372	989	54	6
DB3.contig373	987	67	6
DB3.contig374	984	66	8
DB3.contig375	982	65	12
DB3.contig376	980	969	32
DB3.contig377	979	45	9
DB3.contig378	978	79	2
DB3.contig379	971	56	9
DB3.contig380	968	51	5
DB3.contig381	968	40	15
DB3.contig382	967	33	6
DB3.contig383	964	50	6
DB3.contig384	964	74	7
DB3.contig385	963	33	4
DB3.contig386	961	221	9
DB3.contig387	960	40	10
DB3.contig388	960	39	3
DB3.contig389	955	35	4
DB3.contig390	953	90	14
DB3.contig391	951	72	3
DB3.contig392	944	42	14
DB3.contig393	943	41	3
DB3.contig394	943	43	7
DB3.contig395	943	102	6
DB3.contig396	941	40	8
DB3.contig397	941	788	16
DB3.contig398	938	49	7
DB3.contig399	937	47	7
DB3.contig400	936	53	11
DB3.contig401	934	64	8
DB3.contig402	931	46	6
DB3.contig403	930	53	12
DB3.contig404	929	40	6
DB3.contig405	927	59	10
DB3.contig406	919	98	4
DB3.contig407	918	28	6
DB3.contig408	916	40	5
DB3.contig409	915	60	9
DB3.contig410	913	53	10
DB3.contig411	912	59	7
DB3.contig412	912	80	8
DB3.contig413	909	51	6
DB3.contig414	908	43	11
DB3.contig415	904	59	4
DB3.contig416	904	56	5
DB3.contig417	901	45	11
DB3.contig418	900	85	8
DB3.contig419	899	80	4
DB3.contig420	893	65	8
DB3.contig421	888	33	10
DB3.contig422	884	400	9
DB3.contig423	884	74	7
DB3.contig424	883	29	5
DB3.contig425	881	58	9
DB3.contig426	881	77	11
DB3.contig427	880	48	8
DB3.contig428	877	65	6
DB3.contig429	877	64	7
DB3.contig430	877	68	10
DB3.contig431	874	62	4
DB3.contig432	873	53	4
DB3.contig433	872	72	6
DB3.contig434	872	68	12
DB3.contig435	870	56	7
DB3.contig436	870	103	1
DB3.contig437	869	54	5
DB3.contig438	866	56	6
DB3.contig439	866	5389	35
DB3.contig440	866	43	13
DB3.contig441	863	65	12
DB3.contig442	862	59	9
DB3.contig443	859	45	12
DB3.contig444	859	50	9
DB3.contig445	857	22	8
DB3.contig446	857	45	8
DB3.contig447	857	33	10
DB3.contig448	855	67	3
DB3.contig449	855	39	5
DB3.contig450	853	75	13
DB3.contig451	853	51	1
DB3.contig452	852	45	4
DB3.contig453	852	37	9
DB3.contig454	852	53	14
DB3.contig455	849	60	11
DB3.contig456	848	32	7
DB3.contig457	847	48	4
DB3.contig458	846	44	13
DB3.contig459	845	29	7
DB3.contig460	844	33	9
DB3.contig461	842	48	4
DB3.contig462	840	46	3
DB3.contig463	840	26	11
DB3.contig464	839	56	11
DB3.contig465	838	42	10
DB3.contig466	838	58	9
DB3.contig467	838	55	3
DB3.contig468	837	50	6
DB3.contig469	836	44	8
DB3.contig470	836	35	10
DB3.contig471	836	58	10
DB3.contig472	831	36	2
DB3.contig473	831	1083	7
DB3.contig474	828	91	4
DB3.contig475	828	39	9
DB3.contig476	824	49	7
DB3.contig477	824	60	2
DB3.contig478	823	38	6
DB3.contig479	821	49	6
DB3.contig480	821	29	5
DB3.contig481	819	31	5
DB3.contig482	818	45	3
DB3.contig483	818	48	10
DB3.contig484	816	45	10
DB3.contig485	815	41	3
DB3.contig486	813	45	4
DB3.contig487	811	56	9
DB3.contig488	811	39	9
DB3.contig489	810	32	6
DB3.contig490	810	54	5
DB3.contig491	808	42	6
DB3.contig492	807	53	6
DB3.contig493	807	47	7
DB3.contig494	804	45	6
DB3.contig495	804	32	7
DB3.contig496	803	43	8
DB3.contig497	802	40	3
DB3.contig498	801	57	6
DB3.contig499	800	38	6
DB3.contig500	799	968	40
DB3.contig501	799	45	6
DB3.contig502	796	42	13
DB3.contig503	793	84	1
DB3.contig504	792	38	32
DB3.contig505	791	30	8
DB3.contig506	790	18	3
DB3.contig507	789	54	4
DB3.contig508	789	43	3
DB3.contig509	788	37	7
DB3.contig510	782	33	7
DB3.contig511	781	42	7
DB3.contig512	781	95	5
DB3.contig513	779	50	10
DB3.contig514	775	41	4
DB3.contig515	770	92	11
DB3.contig516	769	38	8
DB3.contig517	769	34	7
DB3.contig518	769	42	4
DB3.contig519	768	20	10
DB3.contig520	766	38	3
DB3.contig521	764	42	9
DB3.contig522	763	38	4
DB3.contig523	763	32	13
DB3.contig524	759	47	7
DB3.contig525	758	42	5
DB3.contig526	754	49	4
DB3.contig527	753	26	5
DB3.contig528	752	29	6
DB3.contig529	751	26	8
DB3.contig530	749	74	2
DB3.contig531	749	24	5
DB3.contig532	748	51	15
DB3.contig533	748	36	14
DB3.contig534	748	320	18
DB3.contig535	747	59	9
DB3.contig536	746	56	8
DB3.contig537	745	31	3
DB3.contig538	745	60	10
DB3.contig539	742	33	9
DB3.contig540	741	26	6
DB3.contig541	740	21	5
DB3.contig542	739	26	8
DB3.contig543	739	31	7
DB3.contig544	737	86	3
DB3.contig545	737	23	13
DB3.contig546	735	118	7
DB3.contig547	735	32	6
DB3.contig548	733	50	5
DB3.contig549	732	40	9
DB3.contig550	731	24	12
DB3.contig551	730	39	13
DB3.contig552	730	37	3
DB3.contig553	729	32	5
DB3.contig554	729	42	6
DB3.contig555	729	35	10
DB3.contig556	728	46	5
DB3.contig557	728	22	6
DB3.contig558	728	36	10
DB3.contig559	727	165	8
DB3.contig560	726	41	10
DB3.contig561	726	20	4
DB3.contig562	724	49	4
DB3.contig563	722	38	10
DB3.contig564	721	29	5
DB3.contig565	720	40	6
DB3.contig566	718	40	0
DB3.contig567	717	22	3
DB3.contig568	716	29	9
DB3.contig569	716	29	4
DB3.contig570	716	35	5
DB3.contig571	715	24	4
DB3.contig572	714	48	6
DB3.contig573	713	31	7
DB3.contig574	713	57	12
DB3.contig575	711	26	3
DB3.contig576	710	55	9
DB3.contig577	710	26	6
DB3.contig578	709	55	1
DB3.contig579	708	28	1
DB3.contig580	707	31	1
DB3.contig581	705	39	15
DB3.contig582	705	40	4
DB3.contig583	704	36	6
DB3.contig584	703	40	6
DB3.contig585	702	33	7
DB3.contig586	701	33	8
DB3.contig587	700	38	6
DB3.contig588	700	106	15
DB3.contig589	699	30	4
DB3.contig590	698	46	7
DB3.contig591	696	41	4
DB3.contig592	696	30	10
DB3.contig593	695	34	3
DB3.contig594	692	43	8
DB3.contig595	692	48	8
DB3.contig596	692	38	32
DB3.contig597	691	22	11
DB3.contig598	689	21	7
DB3.contig599	689	130	4
DB3.contig600	686	52	10
DB3.contig601	684	22	4
DB3.contig602	684	32	7
DB3.contig603	683	28	2
DB3.contig604	683	29	9
DB3.contig605	683	27	7
DB3.contig606	682	27	4
DB3.contig607	682	44	6
DB3.contig608	681	26	6
DB3.contig609	680	36	5
DB3.contig610	679	65	8
DB3.contig611	679	33	5
DB3.contig612	678	40	6
DB3.contig613	678	45	5
DB3.contig614	677	50	9
DB3.contig615	677	38	6
DB3.contig616	674	19	8
DB3.contig617	673	75	9
DB3.contig618	673	34	9
DB3.contig619	672	36	12
DB3.contig620	672	38	8
DB3.contig621	671	31	7
DB3.contig622	671	18	8
DB3.contig623	670	30	4
DB3.contig624	669	50	6
DB3.contig625	667	29	3
DB3.contig626	667	40	4
DB3.contig627	666	37	6
DB3.contig628	663	27	1
DB3.contig629	661	45	13
DB3.contig630	660	36	4
DB3.contig631	659	38	5
DB3.contig632	659	21	7
DB3.contig633	657	39	7
DB3.contig634	657	38	5
DB3.contig635	656	36	0
DB3.contig636	655	27	12
DB3.contig637	655	18	6
DB3.contig638	655	26	8
DB3.contig639	654	29	5
DB3.contig640	653	24	4
DB3.contig641	653	26	6
DB3.contig642	653	34	9
DB3.contig643	651	52	6
DB3.contig644	651	30	8
DB3.contig645	650	57	1
DB3.contig646	650	31	7
DB3.contig647	649	36	3
DB3.contig648	649	20	4
DB3.contig649	647	25	8
DB3.contig650	646	31	9
DB3.contig651	646	29	6
DB3.contig652	645	48	4
DB3.contig653	643	39	7
DB3.contig654	643	34	6
DB3.contig655	642	44	12
DB3.contig656	642	26	9
DB3.contig657	641	30	6
DB3.contig658	639	41	3
DB3.contig659	638	25	6
DB3.contig660	638	38	2
DB3.contig661	637	36	2
DB3.contig662	636	17	3
DB3.contig663	634	25	9
DB3.contig664	633	27	3
DB3.contig665	632	34	12
DB3.contig666	631	479	8
DB3.contig667	631	38	10
DB3.contig668	631	33	7
DB3.contig669	630	21	3
DB3.contig670	630	32	4
DB3.contig671	629	26	3
DB3.contig672	628	23	2
DB3.contig673	628	21	4
DB3.contig674	628	29	2
DB3.contig675	628	14	6
DB3.contig676	626	21	7
DB3.contig677	626	38	4
DB3.contig678	625	20	10
DB3.contig679	624	17	9
DB3.contig680	624	21	7
DB3.contig681	623	44	5
DB3.contig682	623	41	10
DB3.contig683	622	18	11
DB3.contig684	620	23	5
DB3.contig685	619	26	2
DB3.contig686	619	46	10
DB3.contig687	619	27	2
DB3.contig688	615	28	7
DB3.contig689	615	20	8
DB3.contig690	615	43	4
DB3.contig691	614	39	5
DB3.contig692	614	22	5
DB3.contig693	613	29	11
DB3.contig694	613	29	5
DB3.contig695	613	21	4
DB3.contig696	613	21	3
DB3.contig697	612	842	35
DB3.contig698	612	32	7
DB3.contig699	612	32	4
DB3.contig700	611	38	6
DB3.contig701	610	93	1
DB3.contig702	609	38	5
DB3.contig703	609	26	11
DB3.contig704	609	26	5
DB3.contig705	608	31	9
DB3.contig706	607	28	10
DB3.contig707	606	28	6
DB3.contig708	606	22	6
DB3.contig709	606	29	6
DB3.contig710	605	24	7
DB3.contig711	603	23	5
DB3.contig712	602	22	2
DB3.contig713	601	24	8
DB3.contig714	600	21	11
DB3.contig715	599	50	5
DB3.contig716	598	28	6
DB3.contig717	598	29	3
DB3.contig718	597	51	1
DB3.contig719	595	26	3
DB3.contig720	593	32	5
DB3.contig721	592	35	4
DB3.contig722	592	27	4
DB3.contig723	591	34	9
DB3.contig724	591	37	5
DB3.contig725	590	31	4
DB3.contig726	590	43	11
DB3.contig727	590	21	6
DB3.contig728	590	16	3
DB3.contig729	590	25	7
DB3.contig730	589	32	3
DB3.contig731	588	26	3
DB3.contig732	587	22	6
DB3.contig733	587	39	5
DB3.contig734	586	31	5
DB3.contig735	586	18	4
DB3.contig736	585	45	5
DB3.contig737	585	26	4
DB3.contig738	584	24	10
DB3.contig739	584	15	7
DB3.contig740	582	26	5
DB3.contig741	579	39	3
DB3.contig742	578	36	7
DB3.contig743	578	24	2
DB3.contig744	578	20	8
DB3.contig745	578	24	2
DB3.contig746	575	14	6
DB3.contig747	575	13	7
DB3.contig748	573	29	7
DB3.contig749	573	21	5
DB3.contig750	570	12	6
DB3.contig751	570	22	6
DB3.contig752	569	22	6
DB3.contig753	569	33	7
DB3.contig754	569	17	3
DB3.contig755	568	26	8
DB3.contig756	568	30	6
DB3.contig757	568	21	5
DB3.contig758	566	29	7
DB3.contig759	566	32	6
DB3.contig760	565	19	6
DB3.contig761	565	19	6
DB3.contig762	565	15	2
DB3.contig763	564	25	9
DB3.contig764	564	35	8
DB3.contig765	563	26	1
DB3.contig766	562	37	10
DB3.contig767	562	16	3
DB3.contig768	562	20	10
DB3.contig769	561	26	3
DB3.contig770	560	22	6
DB3.contig771	559	21	5
DB3.contig772	559	30	8
DB3.contig773	556	37	7
DB3.contig774	555	13	4
DB3.contig775	555	29	9
DB3.contig776	554	19	5
DB3.contig777	554	17	11
DB3.contig778	554	19	3
DB3.contig779	553	34	2
DB3.contig780	551	26	8
DB3.contig781	550	19	11
DB3.contig782	549	16	8
DB3.contig783	549	19	2
DB3.contig784	548	26	5
DB3.contig785	548	31	5
DB3.contig786	548	37	10
DB3.contig787	547	15	7
DB3.contig788	547	17	5
DB3.contig789	547	25	7
DB3.contig790	546	20	3
DB3.contig791	546	20	6
DB3.contig792	545	36	5
DB3.contig793	545	15	4
DB3.contig794	545	24	7
DB3.contig795	544	20	2
DB3.contig796	544	16	11
DB3.contig797	543	18	7
DB3.contig798	543	19	4
DB3.contig799	543	29	9
DB3.contig800	542	17	9
DB3.contig801	541	32	5
DB3.contig802	541	30	5
DB3.contig803	540	27	11
DB3.contig804	540	12	8
DB3.contig805	539	26	2
DB3.contig806	539	13	7
DB3.contig807	539	31	11
DB3.contig808	538	24	10
DB3.contig809	537	24	3
DB3.contig810	536	23	7
DB3.contig811	534	41	2
DB3.contig812	534	48	6
DB3.contig813	533	20	6
DB3.contig814	533	31	9
DB3.contig815	533	30	2
DB3.contig816	533	24	4
DB3.contig817	533	27	4
DB3.contig818	533	48	7
DB3.contig819	532	19	6
DB3.contig820	531	29	7
DB3.contig821	531	112	1
DB3.contig822	530	19	5
DB3.contig823	529	20	6
DB3.contig824	529	14	4
DB3.contig825	528	17	1
DB3.contig826	528	27	5
DB3.contig827	528	69	5
DB3.contig828	527	20	8
DB3.contig829	527	27	10
DB3.contig830	527	18	2
DB3.contig831	526	25	7
DB3.contig832	526	25	3
DB3.contig833	524	20	5
DB3.contig834	524	30	4
DB3.contig835	524	18	4
DB3.contig836	524	24	8
DB3.contig837	523	47	1
DB3.contig838	520	17	1
DB3.contig839	519	25	9
DB3.contig840	518	22	6
DB3.contig841	518	28	14
DB3.contig842	517	18	7
DB3.contig843	517	13	5
DB3.contig844	516	30	3
DB3.contig845	516	15	7
DB3.contig846	515	96	1
DB3.contig847	515	19	3
DB3.contig848	515	32	11
DB3.contig849	514	18	4
DB3.contig850	513	17	7
DB3.contig851	513	32	13
DB3.contig852	513	16	7
DB3.contig853	512	28	8
DB3.contig854	511	17	5
DB3.contig855	511	21	1
DB3.contig856	509	15	2
DB3.contig857	509	29	5
DB3.contig858	509	16	6
DB3.contig859	509	18	5
DB3.contig860	509	31	8
DB3.contig861	509	17	2
DB3.contig862	508	18	5
DB3.contig863	508	13	3
DB3.contig864	508	16	5
DB3.contig865	508	24	6
DB3.contig866	507	21	4
DB3.contig867	507	14	4
DB3.contig868	507	20	7
DB3.contig869	507	20	10
DB3.contig870	507	20	6
DB3.contig871	506	30	6
DB3.contig872	505	21	7
DB3.contig873	505	12	4
DB3.contig874	504	18	6
DB3.contig875	504	26	7
DB3.contig876	504	15	11
DB3.contig877	503	31	3
DB3.contig878	503	22	3
DB3.contig879	503	18	4
DB3.contig880	502	22	4
DB3.contig881	502	26	3
DB3.contig882	501	19	7
DB3.contig883	501	21	3
DB3.contig884	499	27	7
DB3.contig885	499	22	7
DB3.contig886	499	25	12
DB3.contig887	498	8	2
DB3.contig888	498	21	6
DB3.contig889	497	24	4
DB3.contig890	497	44	2
DB3.contig891	497	13	8
DB3.contig892	497	20	3
DB3.contig893	497	31	5
DB3.contig894	496	24	4
DB3.contig895	496	13	5
DB3.contig896	495	16	3
DB3.contig897	495	18	4
DB3.contig898	494	28	5
DB3.contig899	494	20	7
DB3.contig900	493	22	4
DB3.contig901	492	14	3
DB3.contig902	491	18	2
DB3.contig903	491	24	4
DB3.contig904	491	17	4
DB3.contig905	491	13	8
DB3.contig906	491	18	0
DB3.contig907	490	19	7
DB3.contig908	490	24	3
DB3.contig909	489	13	5
DB3.contig910	488	5	5
DB3.contig911	488	19	4
DB3.contig912	487	16	2
DB3.contig913	487	12	4
DB3.contig914	487	23	7
DB3.contig915	486	17	3
DB3.contig916	486	42	9
DB3.contig917	486	31	2
DB3.contig918	484	52	2
DB3.contig919	484	14	5
DB3.contig920	483	12	2
DB3.contig921	483	13	6
DB3.contig922	483	22	6
DB3.contig923	483	15	3
DB3.contig924	483	29	6
DB3.contig925	483	38	6
DB3.contig926	482	24	3
DB3.contig927	481	19	7
DB3.contig928	481	8	4
DB3.contig929	481	12	5
DB3.contig930	480	14	0
DB3.contig931	479	9	5
DB3.contig932	479	19	11
DB3.contig933	479	19	4
DB3.contig934	478	16	4
DB3.contig935	478	11	5
DB3.contig936	478	24	8
DB3.contig937	478	12	4
DB3.contig938	478	16	6
DB3.contig939	476	11	5
DB3.contig940	476	30	11
DB3.contig941	476	10	6
DB3.contig942	475	21	5
DB3.contig943	475	27	10
DB3.contig944	475	22	1
DB3.contig945	474	19	4
DB3.contig946	474	30	4
DB3.contig947	474	22	6
DB3.contig948	474	22	3
DB3.contig949	474	29	6
DB3.contig950	473	19	6
DB3.contig951	473	215	6
DB3.contig952	473	14	6
DB3.contig953	473	18	4
DB3.contig954	472	31	5
DB3.contig955	471	20	3
DB3.contig956	470	16	7
DB3.contig957	469	16	6
DB3.contig958	469	24	8
DB3.contig959	469	16	4
DB3.contig960	469	19	4
DB3.contig961	468	20	4
DB3.contig962	468	21	5
DB3.contig963	468	17	13
DB3.contig964	467	21	5
DB3.contig965	467	22	7
DB3.contig966	466	167	16
DB3.contig967	466	24	9
DB3.contig968	465	40	3
DB3.contig969	465	17	7
DB3.contig970	465	22	6
DB3.contig971	465	24	11
DB3.contig972	464	23	5
DB3.contig973	464	13	3
DB3.contig974	464	33	3
DB3.contig975	463	11	4
DB3.contig976	463	36	8
DB3.contig977	463	23	9
DB3.contig978	463	9	5
DB3.contig979	463	26	6
DB3.contig980	463	22	4
DB3.contig981	463	17	6
DB3.contig982	462	24	3
DB3.contig983	461	12	4
DB3.contig984	461	14	6
DB3.contig985	461	25	2
DB3.contig986	460	22	10
DB3.contig987	460	11	5
DB3.contig988	460	24	3
DB3.contig989	460	17	3
DB3.contig990	460	23	5
DB3.contig991	459	18	4
DB3.contig992	459	15	7
DB3.contig993	459	11	4
DB3.contig994	459	19	4
DB3.contig995	458	10	4
DB3.contig996	458	13	7
DB3.contig997	458	14	6
DB3.contig998	457	19	4
DB3.contig999	457	14	4
DB3.contig1000	457	18	6
DB3.contig1001	457	25	10
DB3.contig1002	457	16	11
DB3.contig1003	457	28	11
DB3.contig1004	456	12	5
DB3.contig1005	456	10	2
DB3.contig1006	456	16	1
DB3.contig1007	455	20	7
DB3.contig1008	455	15	7
DB3.contig1009	455	15	5
DB3.contig1010	454	13	4
DB3.contig1011	454	22	3
DB3.contig1012	453	16	5
DB3.contig1013	453	20	8
DB3.contig1014	452	8	1
DB3.contig1015	452	17	8
DB3.contig1016	452	6	6
DB3.contig1017	451	19	7
DB3.contig1018	450	16	3
DB3.contig1019	450	14	4
DB3.contig1020	450	26	10
DB3.contig1021	449	24	5
DB3.contig1022	449	11	7
DB3.contig1023	449	14	9
DB3.contig1024	449	16	6
DB3.contig1025	449	17	5
DB3.contig1026	447	27	11
DB3.contig1027	447	21	5
DB3.contig1028	447	13	5
DB3.contig1029	446	14	5
DB3.contig1030	446	40	11
DB3.contig1031	446	13	3
DB3.contig1032	446	17	3
DB3.contig1033	446	17	11
DB3.contig1034	446	18	4
DB3.contig1035	446	29	7
DB3.contig1036	445	13	7
DB3.contig1037	445	27	5
DB3.contig1038	445	22	10
DB3.contig1039	445	31	7
DB3.contig1040	444	12	6
DB3.contig1041	444	22	7
DB3.contig1042	443	14	8
DB3.contig1043	443	19	7
DB3.contig1044	442	14	6
DB3.contig1045	442	15	10
DB3.contig1046	442	19	9
DB3.contig1047	442	23	6
DB3.contig1048	441	19	9
DB3.contig1049	441	17	5
DB3.contig1050	441	12	8
DB3.contig1051	440	17	5
DB3.contig1052	440	27	11
DB3.contig1053	440	60	3
DB3.contig1054	440	9	5
DB3.contig1055	439	18	6
DB3.contig1056	439	17	3
DB3.contig1057	438	20	8
DB3.contig1058	438	20	10
DB3.contig1059	438	16	5
DB3.contig1060	437	18	10
DB3.contig1061	437	9	3
DB3.contig1062	436	16	3
DB3.contig1063	436	14	0
DB3.contig1064	436	8	5
DB3.contig1065	436	26	7
DB3.contig1066	436	14	4
DB3.contig1067	436	23	6
DB3.contig1068	436	17	7
DB3.contig1069	435	13	3
DB3.contig1070	435	25	9
DB3.contig1071	435	12	6
DB3.contig1072	434	11	2
DB3.contig1073	434	9	4
DB3.contig1074	434	23	7
DB3.contig1075	433	21	1
DB3.contig1076	432	24	8
DB3.contig1077	432	20	6
DB3.contig1078	432	25	6
DB3.contig1079	432	26	8
DB3.contig1080	431	35	0
DB3.contig1081	431	17	8
DB3.contig1082	431	15	7
DB3.contig1083	430	14	6
DB3.contig1084	430	11	5
DB3.contig1085	430	12	2
DB3.contig1086	430	20	3
DB3.contig1087	430	10	6
DB3.contig1088	430	18	5
DB3.contig1089	430	11	7
DB3.contig1090	429	16	4
DB3.contig1091	429	11	7
DB3.contig1092	429	17	5
DB3.contig1093	428	29	7
DB3.contig1094	428	17	6
DB3.contig1095	428	18	8
DB3.contig1096	428	13	5
DB3.contig1097	427	17	10
DB3.contig1098	427	17	4
DB3.contig1099	427	12	6
DB3.contig1100	426	22	3
DB3.contig1101	426	21	4
DB3.contig1102	426	16	6
DB3.contig1103	426	21	7
DB3.contig1104	425	11	4
DB3.contig1105	425	18	5
DB3.contig1106	424	10	6
DB3.contig1107	424	17	4
DB3.contig1108	424	16	4
DB3.contig1109	424	14	6
DB3.contig1110	424	14	4
DB3.contig1111	424	16	6
DB3.contig1112	423	17	6
DB3.contig1113	423	15	2
DB3.contig1114	423	21	10
DB3.contig1115	422	21	3
DB3.contig1116	422	15	5
DB3.contig1117	422	34	10
DB3.contig1118	421	9	7
DB3.contig1119	420	18	3
DB3.contig1120	420	23	7
DB3.contig1121	420	14	8
DB3.contig1122	420	19	7
DB3.contig1123	420	10	6
DB3.contig1124	419	29	6
DB3.contig1125	419	10	1
DB3.contig1126	419	16	7
DB3.contig1127	418	17	8
DB3.contig1128	417	16	4
DB3.contig1129	417	29	4
DB3.contig1130	417	19	9
DB3.contig1131	417	14	4
DB3.contig1132	416	17	5
DB3.contig1133	416	12	2
DB3.contig1134	414	16	5
DB3.contig1135	414	18	3
DB3.contig1136	414	9	7
DB3.contig1137	414	24	3
DB3.contig1138	413	7	5
DB3.contig1139	412	13	5
DB3.contig1140	412	16	3
DB3.contig1141	412	12	1
DB3.contig1142	411	18	5
DB3.contig1143	411	13	7
DB3.contig1144	411	19	10
DB3.contig1145	411	12	3
DB3.contig1146	410	11	1
DB3.contig1147	410	8	4
DB3.contig1148	410	9	3
DB3.contig1149	409	16	7
DB3.contig1150	409	12	4
DB3.contig1151	409	6	3
DB3.contig1152	408	16	8
DB3.contig1153	408	15	5
DB3.contig1154	408	8	4
DB3.contig1155	408	10	4
DB3.contig1156	408	15	3
DB3.contig1157	408	13	7
DB3.contig1158	407	22	4
DB3.contig1159	407	12	2
DB3.contig1160	407	19	7
DB3.contig1161	407	11	9
DB3.contig1162	407	9	6
DB3.contig1163	407	15	5
DB3.contig1164	407	21	14
DB3.contig1165	406	49	3
DB3.contig1166	406	9	4
DB3.contig1167	406	18	3
DB3.contig1168	406	12	8
DB3.contig1169	406	14	8
DB3.contig1170	405	19	11
DB3.contig1171	405	15	9
DB3.contig1172	405	10	4
DB3.contig1173	405	6	4
DB3.contig1174	405	17	8
DB3.contig1175	405	12	5
DB3.contig1176	404	59	5
DB3.contig1177	404	24	8
DB3.contig1178	404	20	5
DB3.contig1179	404	22	8
DB3.contig1180	404	12	4
DB3.contig1181	403	11	3
DB3.contig1182	403	21	9
DB3.contig1183	403	18	8
DB3.contig1184	402	13	2
DB3.contig1185	402	15	5
DB3.contig1186	402	11	8
DB3.contig1187	402	12	8
DB3.contig1188	402	20	8
DB3.contig1189	402	12	6
DB3.contig1190	402	10	8
DB3.contig1191	401	10	2
DB3.contig1192	401	7	3
DB3.contig1193	401	13	6
DB3.contig1194	400	12	4
DB3.contig1195	400	9	7
DB3.contig1196	400	15	5
DB3.contig1197	400	12	6
DB3.contig1198	399	14	6
DB3.contig1199	398	26	12
DB3.contig1200	398	19	5
DB3.contig1201	398	19	5
DB3.contig1202	398	12	4
DB3.contig1203	397	16	8
DB3.contig1204	396	11	5
DB3.contig1205	396	11	5
DB3.contig1206	395	17	11
DB3.contig1207	395	28	6
DB3.contig1208	394	15	8
DB3.contig1209	393	21	3
DB3.contig1210	393	14	7
DB3.contig1211	393	15	2
DB3.contig1212	393	16	5
DB3.contig1213	393	9	9
DB3.contig1214	393	10	2
DB3.contig1215	393	7	7
DB3.contig1216	392	16	6
DB3.contig1217	392	15	7
DB3.contig1218	391	11	5
DB3.contig1219	391	9	3
DB3.contig1220	391	13	4
DB3.contig1221	391	12	4
DB3.contig1222	389	15	5
DB3.contig1223	389	12	5
DB3.contig1224	389	229	32
DB3.contig1225	388	14	6
DB3.contig1226	388	10	2
DB3.contig1227	388	33	13
DB3.contig1228	388	15	6
DB3.contig1229	388	12	5
DB3.contig1230	388	31	6
DB3.contig1231	387	14	7
DB3.contig1232	387	12	8
DB3.contig1233	387	11	3
DB3.contig1234	387	13	4
DB3.contig1235	387	11	8
DB3.contig1236	386	20	1
DB3.contig1237	386	12	6
DB3.contig1238	386	11	3
DB3.contig1239	386	22	7
DB3.contig1240	385	8	4
DB3.contig1241	385	21	2
DB3.contig1242	385	11	3
DB3.contig1243	385	13	3
DB3.contig1244	385	7	5
DB3.contig1245	385	15	5
DB3.contig1246	385	22	10
DB3.contig1247	385	10	3
DB3.contig1248	384	16	6
DB3.contig1249	384	13	2
DB3.contig1250	383	10	6
DB3.contig1251	383	13	7
DB3.contig1252	383	12	6
DB3.contig1253	382	16	8
DB3.contig1254	382	23	1
DB3.contig1255	382	9	5
DB3.contig1256	382	14	6
DB3.contig1257	381	14	2
DB3.contig1258	381	11	5
DB3.contig1259	380	15	2
DB3.contig1260	380	13	8
DB3.contig1261	380	13	1
DB3.contig1262	380	14	2
DB3.contig1263	380	16	5
DB3.contig1264	379	8	4
DB3.contig1265	379	7	5
DB3.contig1266	379	8	5
DB3.contig1267	379	12	6
DB3.contig1268	379	12	8
DB3.contig1269	378	10	6
DB3.contig1270	378	15	3
DB3.contig1271	378	13	6
DB3.contig1272	378	12	4
DB3.contig1273	378	24	4
DB3.contig1274	378	16	9
DB3.contig1275	378	11	4
DB3.contig1276	378	9	3
DB3.contig1277	377	12	6
DB3.contig1278	377	31	3
DB3.contig1279	377	12	8
DB3.contig1280	376	14	4
DB3.contig1281	376	12	4
DB3.contig1282	376	7	4
DB3.contig1283	376	19	3
DB3.contig1284	376	13	5
DB3.contig1285	375	13	5
DB3.contig1286	375	23	8
DB3.contig1287	375	86	10
DB3.contig1288	375	12	5
DB3.contig1289	374	16	4
DB3.contig1290	373	14	6
DB3.contig1291	373	11	7
DB3.contig1292	372	14	8
DB3.contig1293	372	13	9
DB3.contig1294	372	34	5
DB3.contig1295	372	8	2
DB3.contig1296	372	15	5
DB3.contig1297	372	12	5
DB3.contig1298	372	14	6
DB3.contig1299	372	14	5
DB3.contig1300	371	11	7
DB3.contig1301	370	13	3
DB3.contig1302	370	11	6
DB3.contig1303	370	13	5
DB3.contig1304	370	6	4
DB3.contig1305	369	7	3
DB3.contig1306	369	14	4
DB3.contig1307	369	11	7
DB3.contig1308	369	19	6
DB3.contig1309	369	22	1
DB3.contig1310	369	9	3
DB3.contig1311	368	10	4
DB3.contig1312	368	17	9
DB3.contig1313	368	13	6
DB3.contig1314	368	11	5
DB3.contig1315	368	12	4
DB3.contig1316	368	11	5
DB3.contig1317	368	14	8
DB3.contig1318	367	8	8
DB3.contig1319	367	23	1
DB3.contig1320	367	5	5
DB3.contig1321	367	15	10
DB3.contig1322	367	15	3
DB3.contig1323	367	10	6
DB3.contig1324	366	11	3
DB3.contig1325	366	9	3
DB3.contig1326	366	5	1
DB3.contig1327	366	9	1
DB3.contig1328	365	85	3
DB3.contig1329	365	15	5
DB3.contig1330	365	18	10
DB3.contig1331	364	10	6
DB3.contig1332	364	11	7
DB3.contig1333	364	18	1
DB3.contig1334	364	17	6
DB3.contig1335	363	8	6
DB3.contig1336	363	17	5
DB3.contig1337	363	9	3
DB3.contig1338	362	14	6
DB3.contig1339	362	15	8
DB3.contig1340	361	14	9
DB3.contig1341	361	19	11
DB3.contig1342	360	16	4
DB3.contig1343	360	11	4
DB3.contig1344	360	16	4
DB3.contig1345	360	13	8
DB3.contig1346	360	9	7
DB3.contig1347	360	19	5
DB3.contig1348	360	14	4
DB3.contig1349	360	13	5
DB3.contig1350	359	12	0
DB3.contig1351	359	13	7
DB3.contig1352	359	12	8
DB3.contig1353	358	10	4
DB3.contig1354	358	7	3
DB3.contig1355	358	17	8
DB3.contig1356	358	16	10
DB3.contig1357	358	10	4
DB3.contig1358	357	15	4
DB3.contig1359	357	12	6
DB3.contig1360	357	8	2
DB3.contig1361	357	15	5
DB3.contig1362	356	6	6
DB3.contig1363	355	20	3
DB3.contig1364	355	10	3
DB3.contig1365	355	16	6
DB3.contig1366	355	11	5
DB3.contig1367	355	12	5
DB3.contig1368	354	6	5
DB3.contig1369	354	8	4
DB3.contig1370	354	10	2
DB3.contig1371	354	10	4
DB3.contig1372	353	11	1
DB3.contig1373	353	8	1
DB3.contig1374	353	11	5
DB3.contig1375	353	9	3
DB3.contig1376	353	15	3
DB3.contig1377	352	10	4
DB3.contig1378	352	11	7
DB3.contig1379	352	17	9
DB3.contig1380	351	13	4
DB3.contig1381	351	10	8
DB3.contig1382	351	14	4
DB3.contig1383	351	5	1
DB3.contig1384	351	9	3
DB3.contig1385	351	10	5
DB3.contig1386	350	12	4
DB3.contig1387	350	10	8
DB3.contig1388	350	8	4
DB3.contig1389	350	12	4
DB3.contig1390	350	12	7
DB3.contig1391	350	13	7
DB3.contig1392	350	13	1
DB3.contig1393	350	8	0
DB3.contig1394	349	8	3
DB3.contig1395	349	17	4
DB3.contig1396	349	7	4
DB3.contig1397	349	10	4
DB3.contig1398	348	27	3
DB3.contig1399	348	12	6
DB3.contig1400	348	10	6
DB3.contig1401	347	13	5
DB3.contig1402	347	8	2
DB3.contig1403	347	6	4
DB3.contig1404	346	15	7
DB3.contig1405	346	13	4
DB3.contig1406	346	15	4
DB3.contig1407	346	15	7
DB3.contig1408	346	9	3
DB3.contig1409	346	6	4
DB3.contig1410	346	13	6
DB3.contig1411	346	11	2
DB3.contig1412	345	9	3
DB3.contig1413	345	9	3
DB3.contig1414	345	17	4
DB3.contig1415	344	27	10
DB3.contig1416	344	9	2
DB3.contig1417	344	14	6
DB3.contig1418	344	12	2
DB3.contig1419	344	17	4
DB3.contig1420	344	13	4
DB3.contig1421	344	9	9
DB3.contig1422	343	12	4
DB3.contig1423	343	10	2
DB3.contig1424	343	19	7
DB3.contig1425	343	5	1
DB3.contig1426	343	10	4
DB3.contig1427	343	8	6
DB3.contig1428	343	13	7
DB3.contig1429	342	7	1
DB3.contig1430	342	10	5
DB3.contig1431	342	16	4
DB3.contig1432	342	28	0
DB3.contig1433	342	12	5
DB3.contig1434	342	8	7
DB3.contig1435	342	7	1
DB3.contig1436	341	19	6
DB3.contig1437	341	19	9
DB3.contig1438	340	7	3
DB3.contig1439	340	7	5
DB3.contig1440	340	10	6
DB3.contig1441	340	18	8
DB3.contig1442	340	12	6
DB3.contig1443	340	9	7
DB3.contig1444	339	9	2
DB3.contig1445	339	12	6
DB3.contig1446	339	9	5
DB3.contig1447	339	14	5
DB3.contig1448	339	12	6
DB3.contig1449	339	11	7
DB3.contig1450	338	9	5
DB3.contig1451	338	10	3
DB3.contig1452	338	17	10
DB3.contig1453	338	10	6
DB3.contig1454	338	9	2
DB3.contig1455	338	17	5
DB3.contig1456	337	18	3
DB3.contig1457	337	13	8
DB3.contig1458	337	10	4
DB3.contig1459	337	11	3
DB3.contig1460	337	8	6
DB3.contig1461	337	7	3
DB3.contig1462	337	10	6
DB3.contig1463	336	10	4
DB3.contig1464	336	7	3
DB3.contig1465	336	7	3
DB3.contig1466	336	10	2
DB3.contig1467	336	13	3
DB3.contig1468	336	14	3
DB3.contig1469	336	16	6
DB3.contig1470	335	12	4
DB3.contig1471	335	8	2
DB3.contig1472	335	7	2
DB3.contig1473	335	30	2
DB3.contig1474	335	19	4
DB3.contig1475	334	15	4
DB3.contig1476	334	13	1
DB3.contig1477	334	24	7
DB3.contig1478	334	8	6
DB3.contig1479	334	10	2
DB3.contig1480	334	10	6
DB3.contig1481	334	11	4
DB3.contig1482	334	9	5
DB3.contig1483	334	15	6
DB3.contig1484	334	19	7
DB3.contig1485	334	16	4
DB3.contig1486	333	14	3
DB3.contig1487	333	10	4
DB3.contig1488	333	14	4
DB3.contig1489	333	22	3
DB3.contig1490	333	10	6
DB3.contig1491	332	8	2
DB3.contig1492	332	11	5
DB3.contig1493	332	13	4
DB3.contig1494	332	12	1
DB3.contig1495	332	7	7
DB3.contig1496	332	12	5
DB3.contig1497	332	13	5
DB3.contig1498	332	17	3
DB3.contig1499	331	11	4
DB3.contig1500	331	13	5
DB3.contig1501	331	11	5
DB3.contig1502	331	11	7
DB3.contig1503	331	24	7
DB3.contig1504	331	16	9
DB3.contig1505	331	10	8
DB3.contig1506	331	9	4
DB3.contig1507	331	18	7
DB3.contig1508	330	9	1
DB3.contig1509	330	10	6
DB3.contig1510	330	8	6
DB3.contig1511	330	9	5
DB3.contig1512	329	11	1
DB3.contig1513	329	6	6
DB3.contig1514	329	7	7
DB3.contig1515	329	10	1
DB3.contig1516	328	15	5
DB3.contig1517	328	10	3
DB3.contig1518	328	6	4
DB3.contig1519	328	15	3
DB3.contig1520	328	7	5
DB3.contig1521	328	5	3
DB3.contig1522	327	7	3
DB3.contig1523	327	21	3
DB3.contig1524	326	15	0
DB3.contig1525	326	10	8
DB3.contig1526	326	10	10
DB3.contig1527	326	20	3
DB3.contig1528	326	12	2
DB3.contig1529	326	13	5
DB3.contig1530	326	11	4
DB3.contig1531	326	19	3
DB3.contig1532	326	11	1
DB3.contig1533	326	7	5
DB3.contig1534	325	6	2
DB3.contig1535	325	7	2
DB3.contig1536	325	7	5
DB3.contig1537	325	15	8
DB3.contig1538	325	15	3
DB3.contig1539	325	9	4
DB3.contig1540	325	30	1
DB3.contig1541	325	8	5
DB3.contig1542	325	12	4
DB3.contig1543	324	13	3
DB3.contig1544	324	6	6
DB3.contig1545	324	9	3
DB3.contig1546	324	25	6
DB3.contig1547	324	33	19
DB3.contig1548	324	19	2
DB3.contig1549	324	10	3
DB3.contig1550	323	10	4
DB3.contig1551	323	6	3
DB3.contig1552	323	13	3
DB3.contig1553	323	12	2
DB3.contig1554	323	8	6
DB3.contig1555	323	17	6
DB3.contig1556	323	9	7
DB3.contig1557	322	202	46
DB3.contig1558	322	17	3
DB3.contig1559	322	14	7
DB3.contig1560	322	6	4
DB3.contig1561	322	7	2
DB3.contig1562	322	8	6
DB3.contig1563	321	12	4
DB3.contig1564	321	6	4
DB3.contig1565	321	17	6
DB3.contig1566	321	9	5
DB3.contig1567	321	8	6
DB3.contig1568	320	7	7
DB3.contig1569	320	7	4
DB3.contig1570	320	6	5
DB3.contig1571	320	14	5
DB3.contig1572	320	10	5
DB3.contig1573	319	8	2
DB3.contig1574	319	9	3
DB3.contig1575	319	10	6
DB3.contig1576	318	7	6
DB3.contig1577	318	12	3
DB3.contig1578	318	21	0
DB3.contig1579	318	11	4
DB3.contig1580	318	10	4
DB3.contig1581	317	8	8
DB3.contig1582	317	20	4
DB3.contig1583	317	11	1
DB3.contig1584	317	5	1
DB3.contig1585	317	23	5
DB3.contig1586	317	11	5
DB3.contig1587	317	9	7
DB3.contig1588	316	4	4
DB3.contig1589	316	9	5
DB3.contig1590	316	7	3
DB3.contig1591	316	12	8
DB3.contig1592	316	15	7
DB3.contig1593	316	8	4
DB3.contig1594	315	8	5
DB3.contig1595	315	13	2
DB3.contig1596	315	8	6
DB3.contig1597	315	8	2
DB3.contig1598	315	10	2
DB3.contig1599	315	5	3
DB3.contig1600	315	7	3
DB3.contig1601	315	9	1
DB3.contig1602	315	10	4
DB3.contig1603	315	15	2
DB3.contig1604	315	7	5
DB3.contig1605	315	6	2
DB3.contig1606	315	13	3
DB3.contig1607	314	6	4
DB3.contig1608	314	7	2
DB3.contig1609	314	10	7
DB3.contig1610	314	9	4
DB3.contig1611	313	6	0
DB3.contig1612	313	9	5
DB3.contig1613	313	27	3
DB3.contig1614	313	10	4
DB3.contig1615	313	8	3
DB3.contig1616	312	10	6
DB3.contig1617	312	9	5
DB3.contig1618	312	6	2
DB3.contig1619	311	9	0
DB3.contig1620	311	10	6
DB3.contig1621	311	13	2
DB3.contig1622	311	7	5
DB3.contig1623	311	16	3
DB3.contig1624	311	11	5
DB3.contig1625	311	7	5
DB3.contig1626	311	10	4
DB3.contig1627	311	41	2
DB3.contig1628	311	8	5
DB3.contig1629	310	11	10
DB3.contig1630	310	5	5
DB3.contig1631	310	18	1
DB3.contig1632	310	8	6
DB3.contig1633	310	7	5
DB3.contig1634	310	9	3
DB3.contig1635	310	5	5
DB3.contig1636	309	14	8
DB3.contig1637	309	20	11
DB3.contig1638	309	13	3
DB3.contig1639	309	38	3
DB3.contig1640	309	18	5
DB3.contig1641	309	7	3
DB3.contig1642	309	6	4
DB3.contig1643	309	10	3
DB3.contig1644	308	18	5
DB3.contig1645	308	11	4
DB3.contig1646	308	9	3
DB3.contig1647	308	18	6
DB3.contig1648	308	19	8
DB3.contig1649	308	9	7
DB3.contig1650	308	10	3
DB3.contig1651	308	6	4
DB3.contig1652	308	7	5
DB3.contig1653	308	13	5
DB3.contig1654	308	11	3
DB3.contig1655	307	11	7
DB3.contig1656	307	15	7
DB3.contig1657	307	9	9
DB3.contig1658	307	6	1
DB3.contig1659	307	8	4
DB3.contig1660	307	16	2
DB3.contig1661	306	8	2
DB3.contig1662	306	11	8
DB3.contig1663	306	7	2
DB3.contig1664	305	5	3
DB3.contig1665	305	4	4
DB3.contig1666	305	5	5
DB3.contig1667	304	8	2
DB3.contig1668	304	7	5
DB3.contig1669	304	11	7
DB3.contig1670	304	15	5
DB3.contig1671	304	7	5
DB3.contig1672	304	11	3
DB3.contig1673	304	7	5
DB3.contig1674	303	14	4
DB3.contig1675	303	11	3
DB3.contig1676	303	13	3
DB3.contig1677	303	13	4
DB3.contig1678	303	8	2
DB3.contig1679	303	10	6
DB3.contig1680	303	13	7
DB3.contig1681	303	8	2
DB3.contig1682	303	9	5
DB3.contig1683	302	11	7
DB3.contig1684	302	8	6
DB3.contig1685	302	13	4
DB3.contig1686	302	7	1
DB3.contig1687	302	9	6
DB3.contig1688	302	10	5
DB3.contig1689	302	15	7
DB3.contig1690	302	6	4
DB3.contig1691	302	12	4
DB3.contig1692	301	17	1
DB3.contig1693	301	9	5
DB3.contig1694	301	9	5
DB3.contig1695	301	14	3
DB3.contig1696	301	12	8
DB3.contig1697	301	5	3
DB3.contig1698	301	11	2
DB3.contig1699	301	9	5
DB3.contig1700	301	9	5
DB3.contig1701	301	12	10
DB3.contig1702	301	9	2
DB3.contig1703	301	5	3
DB3.contig1704	300	8	6
DB3.contig1705	300	7	3
DB3.contig1706	300	15	6
DB3.contig1707	300	7	5
DB3.contig1708	300	8	8
DB3.contig1709	300	13	5
DB3.contig1710	300	11	2
DB3.contig1711	300	13	9
DB3.contig1712	300	10	3
DB3.contig1713	300	8	4
*	0	0	90122
