wgs22.contig1	273207	10543	38
wgs22.contig2	255761	9163	25
wgs22.contig3	191217	7004	46
wgs22.contig4	182183	6634	14
wgs22.contig5	179628	6021	22
wgs22.contig6	162747	5909	18
wgs22.contig7	159195	6231	12
wgs22.contig8	156550	6239	21
wgs22.contig9	131777	4545	17
wgs22.contig10	130999	8376	37
wgs22.contig11	125998	4821	24
wgs22.contig12	119239	4299	11
wgs22.contig13	108743	3747	18
wgs22.contig14	108508	4085	12
wgs22.contig15	103017	3701	17
wgs22.contig16	79864	3145	13
wgs22.contig17	77813	2731	11
wgs22.contig18	77511	2866	8
wgs22.contig19	76466	2930	8
wgs22.contig20	74319	2471	7
wgs22.contig21	73312	3011	11
wgs22.contig22	69717	2583	16
wgs22.contig23	68812	2670	11
wgs22.contig24	68616	2325	11
wgs22.contig25	67729	2325	14
wgs22.contig26	67598	2639	7
wgs22.contig27	63354	2262	12
wgs22.contig28	60287	2122	10
wgs22.contig29	58670	2147	6
wgs22.contig30	56492	1940	11
wgs22.contig31	54428	2134	8
wgs22.contig32	53873	2051	3
wgs22.contig33	52815	2071	9
wgs22.contig34	51038	1963	6
wgs22.contig35	50813	1929	8
wgs22.contig36	49735	1756	3
wgs22.contig37	48612	8597	55
wgs22.contig38	46666	1818	9
wgs22.contig39	43868	1659	7
wgs22.contig40	41556	1497	7
wgs22.contig41	40319	1572	5
wgs22.contig42	37882	1628	6
wgs22.contig43	37225	1538	6
wgs22.contig44	36689	1354	2
wgs22.contig45	36661	6506	22
wgs22.contig46	35568	1380	8
wgs22.contig47	34561	1148	0
wgs22.contig48	34334	1488	4
wgs22.contig49	33908	1191	0
wgs22.contig50	30432	1072	6
wgs22.contig51	30045	1178	2
wgs22.contig52	29425	982	4
wgs22.contig53	28853	1059	6
wgs22.contig54	26539	1070	5
wgs22.contig55	26198	858	2
wgs22.contig56	25983	1184	6
wgs22.contig57	25314	7064	34
wgs22.contig58	25231	975	7
wgs22.contig59	24590	886	5
wgs22.contig60	23685	780	6
wgs22.contig61	22515	892	4
wgs22.contig62	22493	930	1
wgs22.contig63	22257	734	2
wgs22.contig64	20392	875	5
wgs22.contig65	19109	805	2
wgs22.contig66	18775	783	2
wgs22.contig67	18476	670	5
wgs22.contig68	18252	694	3
wgs22.contig69	18114	602	1
wgs22.contig70	18099	803	3
wgs22.contig71	16935	576	3
wgs22.contig72	16583	824	2
wgs22.contig73	16049	561	1
wgs22.contig74	15933	613	4
wgs22.contig75	15820	598	4
wgs22.contig76	14360	499	1
wgs22.contig77	14265	588	1
wgs22.contig78	13125	453	0
wgs22.contig79	13027	494	1
wgs22.contig80	12662	3146	17
wgs22.contig81	12315	405	0
wgs22.contig82	11333	2648	18
wgs22.contig83	11033	430	3
wgs22.contig84	10332	335	0
wgs22.contig85	10321	382	2
wgs22.contig86	10277	430	1
wgs22.contig87	10260	2529	21
wgs22.contig88	10118	453	1
wgs22.contig89	9944	443	4
wgs22.contig90	9778	381	5
wgs22.contig91	9721	394	0
wgs22.contig92	8529	362	2
wgs22.contig93	8474	298	1
wgs22.contig94	8286	2232	14
wgs22.contig95	7776	243	2
wgs22.contig96	7690	332	3
wgs22.contig97	7548	231	1
wgs22.contig98	7102	268	2
wgs22.contig99	6472	232	3
wgs22.contig100	6198	208	0
wgs22.contig101	6054	231	2
wgs22.contig102	5536	168	2
wgs22.contig103	5291	17466	144
wgs22.contig104	5257	157	1
wgs22.contig105	4951	225	1
wgs22.contig106	4773	1053	42
wgs22.contig107	4674	202	0
wgs22.contig108	4469	174	3
wgs22.contig109	4462	140	0
wgs22.contig110	4209	14980	152
wgs22.contig111	4035	991	15
wgs22.contig112	3683	859	3
wgs22.contig113	3186	139	2
wgs22.contig114	3088	111	1
wgs22.contig115	3075	738	10
wgs22.contig116	3068	93	2
wgs22.contig117	2965	139	0
wgs22.contig118	2756	125	1
wgs22.contig119	2699	665	9
wgs22.contig120	2690	102	1
wgs22.contig121	2581	986	15
wgs22.contig122	2449	95	3
wgs22.contig123	2228	9740	175
wgs22.contig124	2010	71	2
wgs22.contig125	1992	75	0
wgs22.contig126	1891	127	1
wgs22.contig127	1758	722	14
wgs22.contig128	1708	101	0
wgs22.contig129	1681	50	2
wgs22.contig130	1679	3779	103
wgs22.contig131	1618	48	1
wgs22.contig132	1555	111	3
wgs22.contig133	1512	60	1
wgs22.contig134	1452	35	1
wgs22.contig135	1400	51	1
wgs22.contig136	1348	66	3
wgs22.contig137	1344	84	3
wgs22.contig138	1294	90	3
wgs22.contig139	1272	34	0
wgs22.contig140	1263	43	0
wgs22.contig141	1257	65	4
wgs22.contig142	1251	110	3
wgs22.contig143	1186	37	1
wgs22.contig144	1110	31	0
wgs22.contig145	957	44	0
wgs22.contig146	936	21	0
wgs22.contig147	928	38	1
wgs22.contig148	903	31	0
wgs22.contig149	894	49	0
wgs22.contig150	873	25	2
wgs22.contig151	852	66	4
wgs22.contig152	812	26	0
wgs22.contig153	805	282	7
wgs22.contig154	790	23	1
wgs22.contig155	787	138	0
wgs22.contig156	777	557	45
wgs22.contig157	771	26	1
wgs22.contig158	731	27	0
wgs22.contig159	698	126	15
wgs22.contig160	682	25	1
wgs22.contig161	675	125	1
wgs22.contig162	674	17	0
wgs22.contig163	674	34	2
wgs22.contig164	671	15	1
wgs22.contig165	647	35	0
wgs22.contig166	640	61	6
wgs22.contig167	635	30	0
wgs22.contig168	609	20	2
wgs22.contig169	603	16	1
wgs22.contig170	598	16	0
wgs22.contig171	541	3	1
wgs22.contig172	538	12	3
wgs22.contig173	538	17	5
wgs22.contig174	531	5	0
wgs22.contig175	528	8	0
wgs22.contig176	528	11	0
wgs22.contig177	519	55	9
wgs22.contig178	506	9	1
wgs22.contig179	498	8	1
wgs22.contig180	493	15	0
wgs22.contig181	487	8	0
wgs22.contig182	479	2	0
wgs22.contig183	479	25	3
wgs22.contig184	478	106	2
wgs22.contig185	471	2	0
wgs22.contig186	470	2	2
wgs22.contig187	469	2	0
wgs22.contig188	468	2	0
wgs22.contig189	468	2	0
wgs22.contig190	465	2	0
wgs22.contig191	462	2	0
wgs22.contig192	461	2	0
wgs22.contig193	460	53	0
wgs22.contig194	459	2	1
wgs22.contig195	457	2	0
wgs22.contig196	457	2	0
wgs22.contig197	456	2	0
wgs22.contig198	455	2	0
wgs22.contig199	453	2	0
wgs22.contig200	452	18	2
wgs22.contig201	448	2	0
wgs22.contig202	436	2	0
wgs22.contig203	436	2	0
wgs22.contig204	435	9	1
wgs22.contig205	430	9	0
wgs22.contig206	430	2	0
wgs22.contig207	429	2	0
wgs22.contig208	428	2	0
wgs22.contig209	424	2	0
wgs22.contig210	422	2	0
wgs22.contig211	418	2	0
wgs22.contig212	416	7	0
wgs22.contig213	411	8	0
wgs22.contig214	409	8	0
wgs22.contig215	401	2	0
wgs22.contig216	400	6	1
wgs22.contig217	400	1	1
wgs22.contig218	398	2	1
wgs22.contig219	398	2	0
wgs22.contig220	397	12	1
wgs22.contig221	392	2	0
wgs22.contig222	389	7	0
wgs22.contig223	387	2	2
wgs22.contig224	361	5	0
wgs22.contig225	354	6	0
wgs22.contig226	351	5	1
wgs22.contig227	351	8	0
wgs22.contig228	348	1	0
wgs22.contig229	348	6	0
wgs22.contig230	345	3	0
wgs22.contig231	341	4	0
wgs22.contig232	338	1	0
wgs22.contig233	332	9	3
wgs22.contig234	332	6	0
wgs22.contig235	299	0	0
wgs22.contig236	295	6	1
wgs22.contig237	289	1	0
wgs22.contig238	283	0	0
wgs22.contig239	282	3	0
wgs22.contig240	282	2	0
wgs22.contig241	281	1	1
wgs22.contig242	279	20	0
wgs22.contig243	269	0	0
wgs22.contig244	268	0	0
wgs22.contig245	268	1	0
wgs22.contig246	266	17	1
wgs22.contig247	266	15	0
wgs22.contig248	261	0	0
wgs22.contig249	255	3	0
wgs22.contig250	255	0	0
wgs22.contig251	255	1	0
wgs22.contig252	255	0	0
wgs22.contig253	255	4	0
wgs22.contig254	255	9	0
wgs22.contig255	255	5	0
wgs22.contig256	255	2	0
wgs22.contig257	255	2	0
wgs22.contig258	255	8	0
wgs22.contig259	255	1	0
wgs22.contig260	255	3	0
wgs22.contig261	255	1	0
wgs22.contig262	255	1	0
wgs22.contig263	255	5	0
wgs22.contig264	255	2	0
wgs22.contig265	255	4	0
wgs22.contig266	255	4	0
wgs22.contig267	255	9	0
wgs22.contig268	255	1	0
wgs22.contig269	254	0	0
wgs22.contig270	251	3	0
wgs22.contig271	249	0	0
wgs22.contig272	249	0	0
wgs22.contig273	246	0	0
wgs22.contig274	246	3	0
wgs22.contig275	246	3	0
wgs22.contig276	246	3	0
wgs22.contig277	241	12	0
wgs22.contig278	239	1	0
wgs22.contig279	234	1	0
wgs22.contig280	234	1	0
wgs22.contig281	234	2	0
wgs22.contig282	234	1	0
wgs22.contig283	224	11	0
wgs22.contig284	224	13	0
wgs22.contig285	220	0	0
wgs22.contig286	220	1	0
wgs22.contig287	215	0	0
wgs22.contig288	213	3	0
wgs22.contig289	202	1	1
wgs22.contig290	188	0	0
wgs22.contig291	187	18	1
wgs22.contig292	183	0	0
wgs22.contig293	180	0	0
wgs22.contig294	174	0	0
wgs22.contig295	173	0	0
wgs22.contig296	170	0	0
wgs22.contig297	169	1	0
wgs22.contig298	169	0	0
wgs22.contig299	163	0	0
wgs22.contig300	163	0	0
wgs22.contig301	162	0	0
wgs22.contig302	162	0	0
wgs22.contig303	161	0	0
wgs22.contig304	161	0	0
wgs22.contig305	161	0	0
wgs22.contig306	159	0	0
wgs22.contig307	158	0	0
wgs22.contig308	158	0	0
wgs22.contig309	158	1	0
wgs22.contig310	158	0	0
wgs22.contig311	157	0	0
wgs22.contig312	157	0	0
wgs22.contig313	153	1	0
wgs22.contig314	151	0	0
wgs22.contig315	151	0	0
wgs22.contig316	148	0	0
wgs22.contig317	143	0	0
wgs22.contig318	137	0	0
wgs22.contig319	137	0	0
wgs22.contig320	136	0	0
wgs22.contig321	136	0	0
wgs22.contig322	136	0	0
wgs22.contig323	133	0	0
wgs22.contig324	130	0	0
wgs22.contig325	128	1	0
wgs22.contig326	128	0	0
wgs22.contig327	128	1	0
*	0	0	942
