R3854.contig1	1792	76239	739
R3854.contig2	1744	130906	2460
R3854.contig3	1526	36135	429
R3854.contig4	1212	273	3
R3854.contig5	1199	208522	7722
R3854.contig6	1137	118161	4638
R3854.contig7	1005	394329	18057
R3854.contig8	1004	107507	14520
R3854.contig9	749	38068	1782
R3854.contig10	745	112	0
R3854.contig11	691	19409	554
R3854.contig12	645	17467	480
R3854.contig13	644	75756	9926
R3854.contig14	627	320440	7677
R3854.contig15	625	3863	143
R3854.contig16	596	1545	63
R3854.contig17	589	17059	737
R3854.contig18	567	64	0
R3854.contig19	557	26897	564
R3854.contig20	552	24601	3139
R3854.contig21	546	35	17
R3854.contig22	528	32966	589
R3854.contig23	517	193	4
R3854.contig24	505	25508	2351
R3854.contig25	505	2058	19
R3854.contig26	500	1896	51
R3854.contig27	475	28316	3930
R3854.contig28	459	9360	245
R3854.contig29	459	453	57
R3854.contig30	457	4028	182
R3854.contig31	429	140	2
R3854.contig32	416	149	1
R3854.contig33	414	331	21
R3854.contig34	411	151	0
R3854.contig35	410	265	6
R3854.contig36	396	418	7
R3854.contig37	394	3448	530
R3854.contig38	392	1760	109
R3854.contig39	391	383	32
R3854.contig40	390	630865	56622
R3854.contig41	385	564	7
R3854.contig42	381	22815	1756
R3854.contig43	373	1472	160
R3854.contig44	372	12874	329
R3854.contig45	356	6	3
R3854.contig46	355	85	1
R3854.contig47	336	822	50
R3854.contig48	321	17	7
R3854.contig49	320	176	5
R3854.contig50	314	10	1
R3854.contig51	301	97	1
*	0	0	184902
