wgs5.contig1	271830	48088	147
wgs5.contig2	186262	41001	135
wgs5.contig3	175008	46791	192
wgs5.contig4	147363	33688	109
wgs5.contig5	145921	28403	92
wgs5.contig6	132002	21649	79
wgs5.contig7	109431	22677	104
wgs5.contig8	105252	24546	90
wgs5.contig9	105160	29500	137
wgs5.contig10	91243	21587	83
wgs5.contig11	87871	22247	82
wgs5.contig12	79111	12422	48
wgs5.contig13	77511	24995	120
wgs5.contig14	72028	20142	96
wgs5.contig15	70423	26784	114
wgs5.contig16	70242	14030	61
wgs5.contig17	67668	12803	41
wgs5.contig18	63616	16584	64
wgs5.contig19	60613	10270	54
wgs5.contig20	59983	16626	84
wgs5.contig21	58939	18065	75
wgs5.contig22	53372	14150	53
wgs5.contig23	52905	10667	59
wgs5.contig24	47681	2155	7
wgs5.contig25	45693	9725	54
wgs5.contig26	39822	12419	56
wgs5.contig27	35292	6485	32
wgs5.contig28	34329	10189	46
wgs5.contig29	30771	18162	48
wgs5.contig30	26483	6830	32
wgs5.contig31	26211	5551	31
wgs5.contig32	24246	8306	28
wgs5.contig33	22979	7740	24
wgs5.contig34	22951	6956	37
wgs5.contig35	21453	4434	21
wgs5.contig36	17790	4761	23
wgs5.contig37	14847	4445	35
wgs5.contig38	14796	2845	10
wgs5.contig39	14500	3468	16
wgs5.contig40	13335	2392	10
wgs5.contig41	12535	396	8
wgs5.contig42	12269	318	0
wgs5.contig43	12076	4433	11
wgs5.contig44	11610	311	3
wgs5.contig45	11552	3090	23
wgs5.contig46	10925	2354	14
wgs5.contig47	10886	4390	41
wgs5.contig48	10505	3746	26
wgs5.contig49	10353	972	11
wgs5.contig50	9677	383	1
wgs5.contig51	9544	1842	11
wgs5.contig52	8661	225	1
wgs5.contig53	8400	2044	18
wgs5.contig54	8264	184	3
wgs5.contig55	8122	524	8
wgs5.contig56	7920	318	2
wgs5.contig57	7777	2129	22
wgs5.contig58	7071	175	0
wgs5.contig59	6558	274	3
wgs5.contig60	6444	115	1
wgs5.contig61	6044	937	8
wgs5.contig62	5737	97	3
wgs5.contig63	5570	2160	25
wgs5.contig64	5564	1049	12
wgs5.contig65	5056	88	1
wgs5.contig66	5005	1252	9
wgs5.contig67	4959	1154	14
wgs5.contig68	4869	1981	18
wgs5.contig69	4829	138	11
wgs5.contig70	4781	103	0
wgs5.contig71	4696	108	1
wgs5.contig72	4681	82	1
wgs5.contig73	4671	1589	28
wgs5.contig74	4518	79	1
wgs5.contig75	4504	3993	73
wgs5.contig76	4474	124	0
wgs5.contig77	4238	82	0
wgs5.contig78	4136	154	5
wgs5.contig79	4034	51	0
wgs5.contig80	3933	62	2
wgs5.contig81	3785	87	2
wgs5.contig82	3759	53	0
wgs5.contig83	3736	955	9
wgs5.contig84	3734	111	1
wgs5.contig85	3699	1316	10
wgs5.contig86	3556	128	1
wgs5.contig87	3494	663	9
wgs5.contig88	3393	56	2
wgs5.contig89	3355	50	0
wgs5.contig90	3317	565	19
wgs5.contig91	3171	47	2
wgs5.contig92	3119	891	20
wgs5.contig93	3083	127	1
wgs5.contig94	2995	49	0
wgs5.contig95	2787	46	4
wgs5.contig96	2763	129	0
wgs5.contig97	2719	67	1
wgs5.contig98	2699	86	1
wgs5.contig99	2659	51	2
wgs5.contig100	2635	133	2
wgs5.contig101	2629	922	24
wgs5.contig102	2612	37	0
wgs5.contig103	2604	841	8
wgs5.contig104	2555	65	2
wgs5.contig105	2491	70	5
wgs5.contig106	2461	53	0
wgs5.contig107	2382	40	1
wgs5.contig108	2358	535	7
wgs5.contig109	2357	49	0
wgs5.contig110	2305	57	1
wgs5.contig111	2283	43	0
wgs5.contig112	2250	60	3
wgs5.contig113	2239	54	0
wgs5.contig114	2238	31	2
wgs5.contig115	2228	63	0
wgs5.contig116	2205	49	1
wgs5.contig117	2201	43	0
wgs5.contig118	2193	47	0
wgs5.contig119	2180	36	3
wgs5.contig120	2174	35	0
wgs5.contig121	2153	37	0
wgs5.contig122	2125	46	1
wgs5.contig123	2092	726	8
wgs5.contig124	2067	31	0
wgs5.contig125	2018	627	15
wgs5.contig126	1910	39	1
wgs5.contig127	1899	38	0
wgs5.contig128	1896	41	0
wgs5.contig129	1881	24	1
wgs5.contig130	1843	42	0
wgs5.contig131	1830	27	0
wgs5.contig132	1792	59	2
wgs5.contig133	1789	577	7
wgs5.contig134	1779	29	0
wgs5.contig135	1772	93	6
wgs5.contig136	1767	35	5
wgs5.contig137	1766	51	0
wgs5.contig138	1745	26	0
wgs5.contig139	1740	37	1
wgs5.contig140	1733	20	1
wgs5.contig141	1719	690	14
wgs5.contig142	1702	525	8
wgs5.contig143	1700	31	0
wgs5.contig144	1694	73	1
wgs5.contig145	1693	43	3
wgs5.contig146	1691	25	1
wgs5.contig147	1667	30	0
wgs5.contig148	1666	39	1
wgs5.contig149	1635	388	16
wgs5.contig150	1593	28	1
wgs5.contig151	1571	21	2
wgs5.contig152	1509	35	2
wgs5.contig153	1488	30	0
wgs5.contig154	1479	386	8
wgs5.contig155	1467	512	20
wgs5.contig156	1451	17	0
wgs5.contig157	1387	22	0
wgs5.contig158	1381	41	1
wgs5.contig159	1378	13	0
wgs5.contig160	1295	18	2
wgs5.contig161	1249	323	9
wgs5.contig162	1202	20	0
wgs5.contig163	1183	17	1
wgs5.contig164	1172	363	9
wgs5.contig165	1071	19	0
wgs5.contig166	1065	2901	173
wgs5.contig167	1064	20	1
wgs5.contig168	1062	2213	111
wgs5.contig169	975	13	0
wgs5.contig170	965	16	0
wgs5.contig171	940	8	0
wgs5.contig172	801	594	41
wgs5.contig173	795	10	2
wgs5.contig174	770	17	0
wgs5.contig175	764	10	0
wgs5.contig176	746	7	0
wgs5.contig177	675	7	0
wgs5.contig178	668	11	0
wgs5.contig179	664	5	1
wgs5.contig180	659	6	2
wgs5.contig181	652	14	2
wgs5.contig182	613	44	0
wgs5.contig183	608	9	2
wgs5.contig184	591	9	4
wgs5.contig185	588	16	4
wgs5.contig186	587	5	0
wgs5.contig187	573	13	2
wgs5.contig188	560	9	2
wgs5.contig189	540	12	1
wgs5.contig190	470	5	0
wgs5.contig191	469	51	1
wgs5.contig192	460	2	0
wgs5.contig193	455	2	0
wgs5.contig194	452	5	1
wgs5.contig195	447	4	2
wgs5.contig196	442	4	0
wgs5.contig197	434	5	2
wgs5.contig198	419	3	0
wgs5.contig199	416	2	0
wgs5.contig200	415	2	0
wgs5.contig201	405	2	0
wgs5.contig202	399	2	0
wgs5.contig203	394	2	0
wgs5.contig204	393	4	0
wgs5.contig205	393	2	0
wgs5.contig206	389	4	0
wgs5.contig207	385	3	0
wgs5.contig208	385	4	0
wgs5.contig209	378	98	3
wgs5.contig210	373	24	4
wgs5.contig211	359	98	1
wgs5.contig212	314	51	1
wgs5.contig213	262	4	1
wgs5.contig214	255	8	3
wgs5.contig215	255	5	0
wgs5.contig216	255	36	0
wgs5.contig217	253	27	0
wgs5.contig218	252	23	0
wgs5.contig219	190	0	0
wgs5.contig220	177	0	0
wgs5.contig221	172	0	0
wgs5.contig222	129	0	0
wgs5.contig223	128	0	0
*	0	0	1560
