R4010.contig1	2615	5468	22
R4010.contig2	1834	253274	4904
R4010.contig3	1813	83136	1235
R4010.contig4	1338	904	20
R4010.contig5	1311	646	8
R4010.contig6	1311	320	2
R4010.contig7	1271	115	7
R4010.contig8	1241	1323	15
R4010.contig9	1202	1098	7
R4010.contig10	1116	236	4
R4010.contig11	1039	110	7
R4010.contig12	1001	62	4
R4010.contig13	978	163	4
R4010.contig14	962	114	4
R4010.contig15	916	166	3
R4010.contig16	900	67	7
R4010.contig17	892	29996	421
R4010.contig18	876	361	7
R4010.contig19	871	94815	738
R4010.contig20	860	12364	191
R4010.contig21	853	463	4
R4010.contig22	831	155	2
R4010.contig23	810	102	0
R4010.contig24	809	5098	381
R4010.contig25	803	47	9
R4010.contig26	800	281	3
R4010.contig27	777	53	3
R4010.contig28	775	122	6
R4010.contig29	756	139	1
R4010.contig30	721	774	18
R4010.contig31	719	68	2
R4010.contig32	709	204	0
R4010.contig33	705	5580	1757
R4010.contig34	692	52	4
R4010.contig35	684	81	1
R4010.contig36	680	132	4
R4010.contig37	679	100	0
R4010.contig38	658	140	4
R4010.contig39	655	40	2
R4010.contig40	654	49	7
R4010.contig41	635	198	6
R4010.contig42	631	56	6
R4010.contig43	614	68	4
R4010.contig44	611	2014	52
R4010.contig45	606	560	8
R4010.contig46	603	30	4
R4010.contig47	594	313	2
R4010.contig48	588	941	48
R4010.contig49	580	235	6
R4010.contig50	573	61	4
R4010.contig51	566	8302	116
R4010.contig52	561	64	0
R4010.contig53	550	224	6
R4010.contig54	549	195	5
R4010.contig55	542	2842	54
R4010.contig56	541	186	2
R4010.contig57	538	223	3
R4010.contig58	530	19	9
R4010.contig59	529	27	1
R4010.contig60	523	304	12
R4010.contig61	522	27	1
R4010.contig62	516	107	1
R4010.contig63	510	27	2
R4010.contig64	506	40	2
R4010.contig65	502	40	2
R4010.contig66	491	987	50
R4010.contig67	479	3051	35
R4010.contig68	479	338	10
R4010.contig69	478	25	5
R4010.contig70	474	54	4
R4010.contig71	473	25	3
R4010.contig72	472	23	5
R4010.contig73	469	83	19
R4010.contig74	465	23	3
R4010.contig75	460	168	6
R4010.contig76	457	33	1
R4010.contig77	448	26	0
R4010.contig78	444	107	2
R4010.contig79	442	25	5
R4010.contig80	442	20	0
R4010.contig81	441	24	6
R4010.contig82	436	30	3
R4010.contig83	434	20	2
R4010.contig84	434	712	38
R4010.contig85	426	46	3
R4010.contig86	403	273	3
R4010.contig87	402	11	5
R4010.contig88	394	115	3
R4010.contig89	392	17	3
R4010.contig90	389	923	6
R4010.contig91	386	13	7
R4010.contig92	379	952	19
R4010.contig93	378	17	7
R4010.contig94	374	18	3
R4010.contig95	372	17	5
R4010.contig96	368	10	4
R4010.contig97	366	56	0
R4010.contig98	364	122	1
R4010.contig99	363	216	9
R4010.contig100	358	518	27
R4010.contig101	358	53	1
R4010.contig102	357	19	1
R4010.contig103	357	19	5
R4010.contig104	349	49	0
R4010.contig105	347	69	3
R4010.contig106	344	313	5
R4010.contig107	340	155	3
R4010.contig108	340	74013	23906
R4010.contig109	337	138	3
R4010.contig110	334	5976	1386
R4010.contig111	332	8734	2250
R4010.contig112	331	8	0
R4010.contig113	322	188	18
R4010.contig114	321	25	7
R4010.contig115	320	23	1
R4010.contig116	315	12	2
R4010.contig117	314	57	10
R4010.contig118	312	40	0
R4010.contig119	309	27690	7556
R4010.contig120	308	516	65
R4010.contig121	304	10	0
R4010.contig122	304	20	6
R4010.contig123	303	12	2
R4010.contig124	301	23	1
R4010.contig125	301	7	3
*	0	0	480064
