RD2.contig1	1818	522089	6024
RD2.contig2	1568	310769	1999
RD2.contig3	1408	114	7
RD2.contig4	1118	4183	5
RD2.contig5	921	612	16
RD2.contig6	890	11732	680
RD2.contig7	861	23598	279
RD2.contig8	854	130565	11878
RD2.contig9	724	9921	36
RD2.contig10	711	87679	307
RD2.contig11	596	35649	127
RD2.contig12	583	22988	461
RD2.contig13	573	5929	43
RD2.contig14	552	29	0
RD2.contig15	535	31	5
RD2.contig16	529	42781	930
RD2.contig17	519	2926	16
RD2.contig18	511	16081	31
RD2.contig19	496	2376	93
RD2.contig20	467	9263	31
RD2.contig21	453	284	3
RD2.contig22	452	3063	16
RD2.contig23	450	6129	38
RD2.contig24	440	1458	26
RD2.contig25	411	45014	201
RD2.contig26	399	3275	15
RD2.contig27	398	21	5
RD2.contig28	392	4099	13
RD2.contig29	387	53	3
RD2.contig30	385	590	44
RD2.contig31	375	145	3
RD2.contig32	373	8454	508
RD2.contig33	373	2035	64
RD2.contig34	373	1053	5
RD2.contig35	370	63	1
RD2.contig36	365	579	1
RD2.contig37	357	77	1
RD2.contig38	356	4266	20
RD2.contig39	349	3422	50
RD2.contig40	346	16	0
RD2.contig41	345	2031	15
RD2.contig42	339	2253	9
RD2.contig43	336	1514	12
RD2.contig44	334	1697	7
RD2.contig45	333	6875	348
RD2.contig46	328	356	2
RD2.contig47	325	42	5
RD2.contig48	319	50	8
RD2.contig49	314	12	0
RD2.contig50	310	1359	7
RD2.contig51	308	16	0
RD2.contig52	308	1398	0
RD2.contig53	301	30	0
RD2.contig54	301	43	1
*	0	0	91406
