wgs2.contig1	272547	69426	332
wgs2.contig2	271830	35768	140
wgs2.contig3	198118	40943	201
wgs2.contig4	190521	27822	107
wgs2.contig5	186132	30286	112
wgs2.contig6	178989	32978	140
wgs2.contig7	175009	38219	168
wgs2.contig8	147361	25469	91
wgs2.contig9	145923	21390	101
wgs2.contig10	135180	21569	87
wgs2.contig11	132002	16510	64
wgs2.contig12	105250	18378	89
wgs2.contig13	105159	22406	99
wgs2.contig14	79111	9457	49
wgs2.contig15	70242	10736	55
wgs2.contig16	63616	12421	51
wgs2.contig17	60236	8121	38
wgs2.contig18	55894	12896	44
wgs2.contig19	48477	14797	72
wgs2.contig20	45693	7176	39
wgs2.contig21	41516	8441	37
wgs2.contig22	34329	7409	46
wgs2.contig23	30602	14545	50
wgs2.contig24	26214	4336	20
wgs2.contig25	25214	4912	25
wgs2.contig26	22951	5102	29
wgs2.contig27	21453	3584	19
wgs2.contig28	20500	4024	16
wgs2.contig29	8400	1523	10
wgs2.contig30	6044	689	4
wgs2.contig31	4503	2841	60
wgs2.contig32	887	1600	102
wgs2.contig33	801	449	34
wgs2.contig34	735	1105	91
wgs2.contig35	569	256	30
wgs2.contig36	474	2	0
wgs2.contig37	473	2	0
wgs2.contig38	463	22	0
wgs2.contig39	459	2	0
wgs2.contig40	449	3	1
wgs2.contig41	385	2	0
wgs2.contig42	363	20	8
wgs2.contig43	359	71	6
wgs2.contig44	255	28	2
wgs2.contig45	255	4	0
wgs2.contig46	255	15	2
wgs2.contig47	255	13	1
wgs2.contig48	253	6	0
wgs2.contig49	253	9	0
wgs2.contig50	177	1	0
wgs2.contig51	129	0	0
*	0	0	616
