wgs24.contig1	310526	183793	1081
wgs24.contig2	286962	157360	933
wgs24.contig3	263741	172029	988
wgs24.contig4	216173	150591	880
wgs24.contig5	203117	98238	602
wgs24.contig6	195408	105315	513
wgs24.contig7	193091	115429	781
wgs24.contig8	186798	88063	485
wgs24.contig9	186620	102997	708
wgs24.contig10	151862	72484	367
wgs24.contig11	124856	87725	555
wgs24.contig12	118774	78366	446
wgs24.contig13	118271	78644	514
wgs24.contig14	113139	85148	217
wgs24.contig15	109531	69259	363
wgs24.contig16	108368	52178	339
wgs24.contig17	106086	65641	414
wgs24.contig18	102204	45879	237
wgs24.contig19	100267	71726	370
wgs24.contig20	99538	75942	468
wgs24.contig21	97058	54972	378
wgs24.contig22	93266	68715	454
wgs24.contig23	92545	64381	407
wgs24.contig24	92282	57817	378
wgs24.contig25	88124	64449	433
wgs24.contig26	79126	51529	312
wgs24.contig27	77697	35151	235
wgs24.contig28	72104	179982	2056
wgs24.contig29	71911	36242	236
wgs24.contig30	70409	65513	213
wgs24.contig31	59604	35529	230
wgs24.contig32	57420	25787	237
wgs24.contig33	56884	34962	170
wgs24.contig34	56822	28814	275
wgs24.contig35	56079	30440	179
wgs24.contig36	54913	26218	151
wgs24.contig37	52244	54353	180
wgs24.contig38	50830	39396	298
wgs24.contig39	49320	33674	224
wgs24.contig40	48106	32725	229
wgs24.contig41	43862	26770	191
wgs24.contig42	43510	22861	133
wgs24.contig43	42175	38971	164
wgs24.contig44	41978	26607	177
wgs24.contig45	41260	23497	142
wgs24.contig46	41116	26922	190
wgs24.contig47	40003	21337	151
wgs24.contig48	39915	20838	212
wgs24.contig49	36116	34126	165
wgs24.contig50	35284	21836	204
wgs24.contig51	34676	26708	164
wgs24.contig52	34108	20617	136
wgs24.contig53	32794	14521	109
wgs24.contig54	31152	23204	194
wgs24.contig55	31040	25444	151
wgs24.contig56	28516	25209	269
wgs24.contig57	28351	18364	112
wgs24.contig58	26300	22925	110
wgs24.contig59	26158	58982	452
wgs24.contig60	24577	26447	103
wgs24.contig61	23132	12434	92
wgs24.contig62	23116	10065	87
wgs24.contig63	22127	23998	253
wgs24.contig64	21767	10384	68
wgs24.contig65	21713	13554	126
wgs24.contig66	18950	12286	107
wgs24.contig67	18871	9845	77
wgs24.contig68	18572	12261	116
wgs24.contig69	17724	20535	643
wgs24.contig70	17396	13959	124
wgs24.contig71	16141	16460	280
wgs24.contig72	15837	11111	98
wgs24.contig73	15703	15581	97
wgs24.contig74	14393	9886	95
wgs24.contig75	14115	9422	113
wgs24.contig76	14107	7924	47
wgs24.contig77	14103	8481	39
wgs24.contig78	9519	12090	258
wgs24.contig79	9283	6686	19
wgs24.contig80	8876	4644	51
wgs24.contig81	7654	4810	43
wgs24.contig82	7073	6575	27
wgs24.contig83	5295	6909	25
wgs24.contig84	5181	3267	76
wgs24.contig85	4466	3696	22
wgs24.contig86	4135	3988	18
wgs24.contig87	3719	2273	16
wgs24.contig88	3320	1913	14
wgs24.contig89	3101	19653	202
wgs24.contig90	2925	1061	40
wgs24.contig91	2900	2285	10
wgs24.contig92	2591	2104	15
wgs24.contig93	2454	4872	58
wgs24.contig94	2398	1871	17
wgs24.contig95	2271	4062	482
wgs24.contig96	1741	692	61
wgs24.contig97	1694	11033	109
wgs24.contig98	1478	2305	19
wgs24.contig99	1391	3652	22
wgs24.contig100	1361	2800	24
wgs24.contig101	1352	4332	99
wgs24.contig102	1296	6821	128
wgs24.contig103	1244	6538	94
wgs24.contig104	1197	3092	253
wgs24.contig105	1196	6489	151
wgs24.contig106	1106	1691	7
wgs24.contig107	917	2125	8
wgs24.contig108	913	1061	65
wgs24.contig109	889	2637	16
wgs24.contig110	822	4197	8
wgs24.contig111	763	4793	71
wgs24.contig112	760	550	5
wgs24.contig113	747	2127	59
wgs24.contig114	727	400	0
wgs24.contig115	721	1045	1
wgs24.contig116	720	2046	29
wgs24.contig117	717	547	6
wgs24.contig118	616	249	6
wgs24.contig119	609	2369	8
wgs24.contig120	569	401	3
wgs24.contig121	567	613	35
wgs24.contig122	551	0	0
wgs24.contig123	512	272	0
wgs24.contig124	501	445	6
wgs24.contig125	483	169	0
wgs24.contig126	473	0	0
wgs24.contig127	469	0	0
wgs24.contig128	450	0	0
wgs24.contig129	429	0	0
wgs24.contig130	429	910	3
wgs24.contig131	415	0	0
wgs24.contig132	414	0	0
wgs24.contig133	412	154	3
wgs24.contig134	404	4	4
wgs24.contig135	401	0	0
wgs24.contig136	401	0	0
wgs24.contig137	390	940	3
wgs24.contig138	389	0	0
wgs24.contig139	373	801	14
wgs24.contig140	368	326	3
wgs24.contig141	352	121	0
wgs24.contig142	347	509	7
wgs24.contig143	345	585	5
wgs24.contig144	332	114	9
wgs24.contig145	327	472	21
wgs24.contig146	318	442	1
wgs24.contig147	296	194	0
wgs24.contig148	293	283	4
wgs24.contig149	292	185	1
wgs24.contig150	291	0	0
wgs24.contig151	279	95	0
wgs24.contig152	279	306	1
wgs24.contig153	278	142	5
wgs24.contig154	274	162	0
wgs24.contig155	269	341	3
wgs24.contig156	268	147	6
wgs24.contig157	267	126	1
wgs24.contig158	265	113	1
wgs24.contig159	264	98	11
wgs24.contig160	262	116	1
wgs24.contig161	259	149	0
wgs24.contig162	258	95	4
wgs24.contig163	256	61	0
wgs24.contig164	256	118	1
wgs24.contig165	256	126	1
wgs24.contig166	255	121	0
wgs24.contig167	255	185	1
wgs24.contig168	255	64	0
wgs24.contig169	255	289	1
wgs24.contig170	255	59	0
wgs24.contig171	255	68	1
wgs24.contig172	255	136	0
wgs24.contig173	255	90	0
wgs24.contig174	255	97	3
wgs24.contig175	255	130	1
wgs24.contig176	255	5	1
wgs24.contig177	255	65	0
wgs24.contig178	255	157	3
wgs24.contig179	255	102	0
wgs24.contig180	255	69	0
wgs24.contig181	255	62	0
wgs24.contig182	255	187	3
wgs24.contig183	255	35	1
wgs24.contig184	255	249	0
wgs24.contig185	255	275	3
wgs24.contig186	255	38	0
wgs24.contig187	255	64	0
wgs24.contig188	253	18	0
wgs24.contig189	251	120	1
wgs24.contig190	250	30	0
wgs24.contig191	249	10	1
wgs24.contig192	249	280	1
wgs24.contig193	248	5	0
wgs24.contig194	247	12	1
wgs24.contig195	247	20	0
wgs24.contig196	247	275	1
wgs24.contig197	246	362	1
wgs24.contig198	245	17	2
wgs24.contig199	245	169	0
wgs24.contig200	243	3	0
wgs24.contig201	242	70	0
wgs24.contig202	242	2	0
wgs24.contig203	242	0	0
wgs24.contig204	241	76	0
wgs24.contig205	238	10	0
wgs24.contig206	231	4	0
wgs24.contig207	231	12	0
wgs24.contig208	229	10	0
wgs24.contig209	229	166	0
wgs24.contig210	228	232	6
wgs24.contig211	228	149	2
wgs24.contig212	228	80	0
wgs24.contig213	227	113	5
wgs24.contig214	219	164	0
wgs24.contig215	217	67	15
wgs24.contig216	216	13	0
wgs24.contig217	216	7	0
wgs24.contig218	216	236	4
wgs24.contig219	211	134	2
wgs24.contig220	210	14	1
wgs24.contig221	204	8	0
wgs24.contig222	204	144	3
wgs24.contig223	194	8	0
wgs24.contig224	193	191	14
wgs24.contig225	186	2	0
wgs24.contig226	178	109	2
wgs24.contig227	178	5	0
wgs24.contig228	178	78	1
wgs24.contig229	177	15	1
wgs24.contig230	172	7	0
wgs24.contig231	172	38	0
wgs24.contig232	170	15	0
wgs24.contig233	166	0	0
wgs24.contig234	163	18	0
wgs24.contig235	158	0	0
wgs24.contig236	158	44	0
wgs24.contig237	158	5	0
wgs24.contig238	158	6	0
wgs24.contig239	158	11	0
wgs24.contig240	154	51	0
wgs24.contig241	154	32	0
wgs24.contig242	153	4	0
wgs24.contig243	150	50	1
wgs24.contig244	149	19	2
wgs24.contig245	147	0	0
wgs24.contig246	145	4	0
wgs24.contig247	144	2	0
wgs24.contig248	141	9	0
wgs24.contig249	141	19	0
wgs24.contig250	140	0	0
wgs24.contig251	139	12	0
wgs24.contig252	138	2	0
wgs24.contig253	137	0	0
wgs24.contig254	137	2	0
wgs24.contig255	135	12	0
wgs24.contig256	135	12	0
wgs24.contig257	135	0	0
wgs24.contig258	135	16	0
wgs24.contig259	135	2	0
wgs24.contig260	134	5	0
wgs24.contig261	134	9	0
wgs24.contig262	134	2	0
wgs24.contig263	132	1	0
wgs24.contig264	129	0	0
wgs24.contig265	129	12	0
wgs24.contig266	129	0	0
wgs24.contig267	129	0	0
wgs24.contig268	128	3	0
wgs24.contig269	128	4	0
wgs24.contig270	128	3	0
*	0	0	1528770
