RB4.contig1	2034	2683	77
RB4.contig2	1865	490	12
RB4.contig3	1774	445004	11218
RB4.contig4	1511	2088	32
RB4.contig5	1434	3664	178
RB4.contig6	1207	461	52
RB4.contig7	1103	150	2
RB4.contig8	1099	1064	7
RB4.contig9	1099	3137	22
RB4.contig10	966	11827	151
RB4.contig11	902	234844	4635
RB4.contig12	902	7360	183
RB4.contig13	882	5693	80
RB4.contig14	864	96418	656
RB4.contig15	810	41119	524
RB4.contig16	808	161	7
RB4.contig17	785	10767	429
RB4.contig18	778	52093	654
RB4.contig19	761	1222	10
RB4.contig20	727	16605	105
RB4.contig21	727	1838	8
RB4.contig22	723	1424	29
RB4.contig23	655	8770	438
RB4.contig24	641	63	5
RB4.contig25	622	38	0
RB4.contig26	605	9760	303
RB4.contig27	571	48	0
RB4.contig28	537	30	8
RB4.contig29	517	94298	11290
RB4.contig30	511	185	4
RB4.contig31	468	110	2
RB4.contig32	462	1407	7
RB4.contig33	446	29	3
RB4.contig34	438	323	14
RB4.contig35	435	3078	68
RB4.contig36	413	48	1
RB4.contig37	405	15	5
RB4.contig38	356	1294	58
RB4.contig39	347	3746	404
RB4.contig40	335	1163	362
RB4.contig41	331	246	4
RB4.contig42	328	1092	6
RB4.contig43	328	439	3
RB4.contig44	309	809	15
RB4.contig45	300	80	2
*	0	0	162208
