D3760.contig1	41244	2236041	66999
D3760.contig2	21126	10799	1887
D3760.contig3	14256	0	0
D3760.contig4	14055	0	0
D3760.contig5	12265	1308	781
D3760.contig6	11525	8932	462
D3760.contig7	9105	10056	238
D3760.contig8	8106	1	1
D3760.contig9	7602	9	2
D3760.contig10	7414	14	0
D3760.contig11	7014	35875	2141
D3760.contig12	6333	10	4
D3760.contig13	6303	0	0
D3760.contig14	5609	125340	8451
D3760.contig15	4998	1784	1287
D3760.contig16	4709	25	0
D3760.contig17	4668	16494	517
D3760.contig18	4493	0	0
D3760.contig19	4136	35	3
D3760.contig20	4034	12950	1536
D3760.contig21	3815	2746	61
D3760.contig22	3790	0	0
D3760.contig23	3591	2	2
D3760.contig24	3462	40430	2503
D3760.contig25	3151	120	9
D3760.contig26	2963	427	31
D3760.contig27	2712	670	49
D3760.contig28	2509	0	0
D3760.contig29	2472	6	3
D3760.contig30	2367	426	23
D3760.contig31	2314	46	8
D3760.contig32	2302	267	17
D3760.contig33	2299	0	0
D3760.contig34	2250	0	0
D3760.contig35	2236	401	33
D3760.contig36	2167	0	0
D3760.contig37	2138	0	0
D3760.contig38	1988	0	0
D3760.contig39	1985	0	0
D3760.contig40	1913	66	6
D3760.contig41	1896	17708	1407
D3760.contig42	1809	340	35
D3760.contig43	1797	0	0
D3760.contig44	1752	0	0
D3760.contig45	1737	83	64
D3760.contig46	1730	77	17
D3760.contig47	1707	0	0
D3760.contig48	1657	0	0
D3760.contig49	1654	0	0
D3760.contig50	1581	0	0
D3760.contig51	1554	0	0
D3760.contig52	1473	40	8
D3760.contig53	1449	0	0
D3760.contig54	1423	0	0
D3760.contig55	1399	0	0
D3760.contig56	1384	0	0
D3760.contig57	1368	1	1
D3760.contig58	1365	25	1
D3760.contig59	1351	0	0
D3760.contig60	1334	22	2
D3760.contig61	1332	52	5
D3760.contig62	1324	135	12
D3760.contig63	1320	0	0
D3760.contig64	1301	0	0
D3760.contig65	1274	0	0
D3760.contig66	1259	67	13
D3760.contig67	1234	0	0
D3760.contig68	1228	461	39
D3760.contig69	1226	4033	381
D3760.contig70	1218	0	0
D3760.contig71	1213	0	0
D3760.contig72	1211	0	0
D3760.contig73	1200	188	16
D3760.contig74	1194	2	0
D3760.contig75	1163	5055	563
D3760.contig76	1102	0	0
D3760.contig77	1094	0	0
D3760.contig78	1086	11	1
D3760.contig79	1069	28	9
D3760.contig80	1045	0	0
D3760.contig81	1041	106	8
D3760.contig82	1039	138	33
D3760.contig83	1034	0	0
D3760.contig84	1029	0	0
D3760.contig85	985	34	11
D3760.contig86	969	2	2
D3760.contig87	963	1268	206
D3760.contig88	952	9	0
D3760.contig89	941	0	0
D3760.contig90	940	1	1
D3760.contig91	910	135	34
D3760.contig92	896	1309	809
D3760.contig93	892	0	0
D3760.contig94	886	0	0
D3760.contig95	879	0	0
D3760.contig96	876	0	0
D3760.contig97	875	26	14
D3760.contig98	868	0	0
D3760.contig99	859	0	0
D3760.contig100	845	0	0
D3760.contig101	833	0	0
D3760.contig102	831	0	0
D3760.contig103	823	0	0
D3760.contig104	816	25	2
D3760.contig105	811	0	0
D3760.contig106	810	0	0
D3760.contig107	810	0	0
D3760.contig108	806	0	0
D3760.contig109	799	0	0
D3760.contig110	784	0	0
D3760.contig111	779	0	0
D3760.contig112	778	16347	1764
D3760.contig113	765	0	0
D3760.contig114	764	140	20
D3760.contig115	751	0	0
D3760.contig116	749	0	0
D3760.contig117	746	0	0
D3760.contig118	744	28	10
D3760.contig119	726	0	0
D3760.contig120	716	72	13
D3760.contig121	705	0	0
D3760.contig122	699	11	3
D3760.contig123	692	0	0
D3760.contig124	683	0	0
D3760.contig125	680	746	198
D3760.contig126	676	0	0
D3760.contig127	672	12025	2804
D3760.contig128	671	0	0
D3760.contig129	670	0	0
D3760.contig130	670	0	0
D3760.contig131	670	0	0
D3760.contig132	669	9200	2726
D3760.contig133	669	0	0
D3760.contig134	661	10	3
D3760.contig135	659	0	0
D3760.contig136	655	18592	3782
D3760.contig137	646	0	0
D3760.contig138	641	0	0
D3760.contig139	641	4	2
D3760.contig140	630	0	0
D3760.contig141	629	0	0
D3760.contig142	628	11	2
D3760.contig143	628	0	0
D3760.contig144	623	1013	177
D3760.contig145	623	0	0
D3760.contig146	621	2401586	1390760
D3760.contig147	616	0	0
D3760.contig148	616	0	0
D3760.contig149	615	23	4
D3760.contig150	614	23	8
D3760.contig151	611	16035	4164
D3760.contig152	611	0	0
D3760.contig153	605	965	454
D3760.contig154	604	0	0
D3760.contig155	603	0	0
D3760.contig156	602	0	0
D3760.contig157	599	0	0
D3760.contig158	599	0	0
D3760.contig159	598	0	0
D3760.contig160	595	0	0
D3760.contig161	594	0	0
D3760.contig162	591	0	0
D3760.contig163	591	2	2
D3760.contig164	588	0	0
D3760.contig165	588	0	0
D3760.contig166	586	37	12
D3760.contig167	586	24	7
D3760.contig168	584	0	0
D3760.contig169	582	0	0
D3760.contig170	580	0	0
D3760.contig171	578	65	19
D3760.contig172	574	9466	3355
D3760.contig173	574	0	0
D3760.contig174	572	0	0
D3760.contig175	565	0	0
D3760.contig176	562	0	0
D3760.contig177	562	0	0
D3760.contig178	561	3	2
D3760.contig179	561	0	0
D3760.contig180	559	0	0
D3760.contig181	558	0	0
D3760.contig182	556	0	0
D3760.contig183	553	33	8
D3760.contig184	553	0	0
D3760.contig185	552	855	350
D3760.contig186	552	0	0
D3760.contig187	552	0	0
D3760.contig188	548	0	0
D3760.contig189	543	0	0
D3760.contig190	542	110	14
D3760.contig191	538	0	0
D3760.contig192	535	85	16
D3760.contig193	535	0	0
D3760.contig194	535	1589700	957454
D3760.contig195	532	0	0
D3760.contig196	531	0	0
D3760.contig197	530	0	0
D3760.contig198	529	0	0
D3760.contig199	529	28	11
D3760.contig200	527	101	34
D3760.contig201	526	0	0
D3760.contig202	525	0	0
D3760.contig203	523	0	0
D3760.contig204	523	926	260
D3760.contig205	519	1	0
D3760.contig206	519	866	307
D3760.contig207	517	0	0
D3760.contig208	514	0	0
D3760.contig209	514	0	0
D3760.contig210	512	0	0
D3760.contig211	511	0	0
D3760.contig212	508	0	0
D3760.contig213	508	0	0
D3760.contig214	508	0	0
D3760.contig215	507	10	6
D3760.contig216	504	0	0
D3760.contig217	504	7532	2002
D3760.contig218	503	0	0
D3760.contig219	502	0	0
D3760.contig220	498	0	0
D3760.contig221	496	0	0
D3760.contig222	495	0	0
D3760.contig223	491	0	0
D3760.contig224	490	0	0
D3760.contig225	488	0	0
D3760.contig226	487	0	0
D3760.contig227	487	0	0
D3760.contig228	485	0	0
D3760.contig229	483	1	1
D3760.contig230	483	0	0
D3760.contig231	483	0	0
D3760.contig232	483	0	0
D3760.contig233	482	0	0
D3760.contig234	482	0	0
D3760.contig235	479	1144	812
D3760.contig236	477	0	0
D3760.contig237	477	123	58
D3760.contig238	477	0	0
D3760.contig239	476	0	0
D3760.contig240	475	0	0
D3760.contig241	474	0	0
D3760.contig242	474	0	0
D3760.contig243	473	72	43
D3760.contig244	473	0	0
D3760.contig245	472	6	4
D3760.contig246	471	0	0
D3760.contig247	469	0	0
D3760.contig248	468	0	0
D3760.contig249	467	4	4
D3760.contig250	466	2467	1525
D3760.contig251	466	0	0
D3760.contig252	465	2	2
D3760.contig253	464	0	0
D3760.contig254	464	0	0
D3760.contig255	463	0	0
D3760.contig256	461	0	0
D3760.contig257	461	0	0
D3760.contig258	456	0	0
D3760.contig259	455	64	10
D3760.contig260	454	70	37
D3760.contig261	454	0	0
D3760.contig262	454	4	2
D3760.contig263	450	2628	951
D3760.contig264	444	7	1
D3760.contig265	444	0	0
D3760.contig266	443	73	30
D3760.contig267	443	0	0
D3760.contig268	442	2	0
D3760.contig269	442	0	0
D3760.contig270	439	0	0
D3760.contig271	438	0	0
D3760.contig272	438	3101	1261
D3760.contig273	438	0	0
D3760.contig274	438	0	0
D3760.contig275	436	2	0
D3760.contig276	435	36	18
D3760.contig277	434	0	0
D3760.contig278	433	0	0
D3760.contig279	433	0	0
D3760.contig280	431	0	0
D3760.contig281	430	0	0
D3760.contig282	430	0	0
D3760.contig283	429	0	0
D3760.contig284	429	59	27
D3760.contig285	426	0	0
D3760.contig286	424	0	0
D3760.contig287	423	0	0
D3760.contig288	422	0	0
D3760.contig289	421	0	0
D3760.contig290	420	0	0
D3760.contig291	419	0	0
D3760.contig292	418	46	19
D3760.contig293	417	0	0
D3760.contig294	417	0	0
D3760.contig295	416	0	0
D3760.contig296	416	0	0
D3760.contig297	416	0	0
D3760.contig298	415	0	0
D3760.contig299	412	0	0
D3760.contig300	411	0	0
D3760.contig301	410	0	0
D3760.contig302	410	0	0
D3760.contig303	408	0	0
D3760.contig304	408	0	0
D3760.contig305	408	0	0
D3760.contig306	407	0	0
D3760.contig307	404	0	0
D3760.contig308	403	0	0
D3760.contig309	403	27	20
D3760.contig310	403	0	0
D3760.contig311	403	0	0
D3760.contig312	401	0	0
D3760.contig313	401	0	0
D3760.contig314	401	0	0
D3760.contig315	400	3308	2058
D3760.contig316	400	0	0
D3760.contig317	399	6	4
D3760.contig318	399	0	0
D3760.contig319	397	0	0
D3760.contig320	396	0	0
D3760.contig321	396	1	1
D3760.contig322	395	0	0
D3760.contig323	394	48	16
D3760.contig324	394	0	0
D3760.contig325	394	39	38
D3760.contig326	394	0	0
D3760.contig327	393	0	0
D3760.contig328	391	0	0
D3760.contig329	390	0	0
D3760.contig330	389	0	0
D3760.contig331	389	0	0
D3760.contig332	387	0	0
D3760.contig333	386	6	6
D3760.contig334	386	0	0
D3760.contig335	386	0	0
D3760.contig336	386	0	0
D3760.contig337	386	0	0
D3760.contig338	385	0	0
D3760.contig339	384	1	1
D3760.contig340	384	0	0
D3760.contig341	383	0	0
D3760.contig342	383	0	0
D3760.contig343	383	680	263
D3760.contig344	382	0	0
D3760.contig345	381	0	0
D3760.contig346	381	0	0
D3760.contig347	380	0	0
D3760.contig348	380	0	0
D3760.contig349	379	0	0
D3760.contig350	378	0	0
D3760.contig351	378	0	0
D3760.contig352	378	0	0
D3760.contig353	378	0	0
D3760.contig354	378	5	3
D3760.contig355	376	0	0
D3760.contig356	376	3	0
D3760.contig357	376	0	0
D3760.contig358	375	0	0
D3760.contig359	375	0	0
D3760.contig360	374	0	0
D3760.contig361	373	0	0
D3760.contig362	372	0	0
D3760.contig363	371	0	0
D3760.contig364	369	0	0
D3760.contig365	368	0	0
D3760.contig366	368	0	0
D3760.contig367	368	0	0
D3760.contig368	368	0	0
D3760.contig369	367	6	2
D3760.contig370	367	0	0
D3760.contig371	366	0	0
D3760.contig372	366	0	0
D3760.contig373	365	11105	5429
D3760.contig374	365	3034	2156
D3760.contig375	365	0	0
D3760.contig376	364	0	0
D3760.contig377	363	0	0
D3760.contig378	362	1700	1186
D3760.contig379	361	0	0
D3760.contig380	361	0	0
D3760.contig381	361	426	221
D3760.contig382	360	0	0
D3760.contig383	358	0	0
D3760.contig384	357	0	0
D3760.contig385	357	0	0
D3760.contig386	356	0	0
D3760.contig387	356	0	0
D3760.contig388	356	0	0
D3760.contig389	355	0	0
D3760.contig390	355	0	0
D3760.contig391	354	0	0
D3760.contig392	354	0	0
D3760.contig393	354	0	0
D3760.contig394	354	0	0
D3760.contig395	353	68	10
D3760.contig396	352	0	0
D3760.contig397	352	0	0
D3760.contig398	352	10	2
D3760.contig399	351	0	0
D3760.contig400	351	0	0
D3760.contig401	351	0	0
D3760.contig402	349	0	0
D3760.contig403	349	4	4
D3760.contig404	349	0	0
D3760.contig405	347	134	72
D3760.contig406	347	0	0
D3760.contig407	346	0	0
D3760.contig408	346	0	0
D3760.contig409	346	0	0
D3760.contig410	345	0	0
D3760.contig411	345	0	0
D3760.contig412	345	8	2
D3760.contig413	344	0	0
D3760.contig414	344	0	0
D3760.contig415	343	0	0
D3760.contig416	342	0	0
D3760.contig417	342	0	0
D3760.contig418	342	0	0
D3760.contig419	341	0	0
D3760.contig420	340	0	0
D3760.contig421	340	0	0
D3760.contig422	339	52214	31951
D3760.contig423	338	61	41
D3760.contig424	338	0	0
D3760.contig425	338	34	16
D3760.contig426	338	0	0
D3760.contig427	338	0	0
D3760.contig428	336	0	0
D3760.contig429	335	0	0
D3760.contig430	335	0	0
D3760.contig431	335	0	0
D3760.contig432	334	0	0
D3760.contig433	334	0	0
D3760.contig434	334	3	3
D3760.contig435	334	0	0
D3760.contig436	334	0	0
D3760.contig437	334	0	0
D3760.contig438	333	0	0
D3760.contig439	333	0	0
D3760.contig440	333	118	69
D3760.contig441	332	307	211
D3760.contig442	332	2	1
D3760.contig443	332	0	0
D3760.contig444	332	0	0
D3760.contig445	331	0	0
D3760.contig446	331	0	0
D3760.contig447	331	0	0
D3760.contig448	331	0	0
D3760.contig449	330	0	0
D3760.contig450	330	0	0
D3760.contig451	330	0	0
D3760.contig452	330	0	0
D3760.contig453	329	0	0
D3760.contig454	329	0	0
D3760.contig455	329	0	0
D3760.contig456	329	0	0
D3760.contig457	328	0	0
D3760.contig458	327	0	0
D3760.contig459	327	0	0
D3760.contig460	326	0	0
D3760.contig461	326	0	0
D3760.contig462	326	0	0
D3760.contig463	326	0	0
D3760.contig464	326	0	0
D3760.contig465	325	1	0
D3760.contig466	324	0	0
D3760.contig467	324	0	0
D3760.contig468	323	0	0
D3760.contig469	323	0	0
D3760.contig470	323	0	0
D3760.contig471	322	0	0
D3760.contig472	322	3	3
D3760.contig473	322	0	0
D3760.contig474	321	0	0
D3760.contig475	320	0	0
D3760.contig476	320	0	0
D3760.contig477	320	0	0
D3760.contig478	320	312	69
D3760.contig479	320	0	0
D3760.contig480	319	0	0
D3760.contig481	319	0	0
D3760.contig482	318	0	0
D3760.contig483	318	2	1
D3760.contig484	318	4	3
D3760.contig485	317	0	0
D3760.contig486	317	0	0
D3760.contig487	317	1	1
D3760.contig488	316	0	0
D3760.contig489	316	0	0
D3760.contig490	316	0	0
D3760.contig491	316	0	0
D3760.contig492	315	0	0
D3760.contig493	314	70429	49850
D3760.contig494	313	0	0
D3760.contig495	312	31	5
D3760.contig496	311	0	0
D3760.contig497	311	0	0
D3760.contig498	311	897	667
D3760.contig499	310	0	0
D3760.contig500	310	0	0
D3760.contig501	309	0	0
D3760.contig502	309	0	0
D3760.contig503	309	0	0
D3760.contig504	309	0	0
D3760.contig505	308	0	0
D3760.contig506	308	5154	1642
D3760.contig507	308	0	0
D3760.contig508	307	45	28
D3760.contig509	307	0	0
D3760.contig510	307	0	0
D3760.contig511	306	0	0
D3760.contig512	306	0	0
D3760.contig513	306	0	0
D3760.contig514	305	0	0
D3760.contig515	304	0	0
D3760.contig516	304	0	0
D3760.contig517	304	9	5
D3760.contig518	304	173	136
D3760.contig519	304	0	0
D3760.contig520	304	0	0
D3760.contig521	303	0	0
D3760.contig522	303	0	0
D3760.contig523	303	0	0
D3760.contig524	303	0	0
D3760.contig525	303	0	0
D3760.contig526	302	0	0
D3760.contig527	302	0	0
D3760.contig528	302	0	0
D3760.contig529	301	39	17
D3760.contig530	301	0	0
D3760.contig531	301	0	0
D3760.contig532	300	0	0
*	0	0	91007156
