R4001.contig1	3129	357149	5240
R4001.contig2	2125	80483	17662
R4001.contig3	1849	26716	181
R4001.contig4	1661	139644	9620
R4001.contig5	1661	203	3
R4001.contig6	1580	89849	2769
R4001.contig7	1354	3381	18
R4001.contig8	1318	32946	3105
R4001.contig9	1310	34437	198
R4001.contig10	1172	45420	1090
R4001.contig11	1158	398974	40286
R4001.contig12	1154	129	2
R4001.contig13	1118	15521	3683
R4001.contig14	1100	294662	6751
R4001.contig15	1090	202225	7733
R4001.contig16	1061	1314	242
R4001.contig17	1050	1795	144
R4001.contig18	1036	57350	1682
R4001.contig19	1014	44530	5174
R4001.contig20	1009	73868	1422
R4001.contig21	996	2311	148
R4001.contig22	989	19071	98
R4001.contig23	967	53	3
R4001.contig24	966	1930	474
R4001.contig25	966	47778	1500
R4001.contig26	943	64106	2256
R4001.contig27	936	44831	3819
R4001.contig28	922	4368	239
R4001.contig29	918	81573	2855
R4001.contig30	866	76354	5796
R4001.contig31	853	85777	1727
R4001.contig32	852	61747	10339
R4001.contig33	845	115	1
R4001.contig34	844	22093	1227
R4001.contig35	800	35970	4372
R4001.contig36	795	10313	596
R4001.contig37	764	46	3
R4001.contig38	742	49989	3380
R4001.contig39	728	13003	469
R4001.contig40	728	75043	1284
R4001.contig41	727	38302	1522
R4001.contig42	718	6311	230
R4001.contig43	715	9941	478
R4001.contig44	699	35981	3430
R4001.contig45	691	116825	13178
R4001.contig46	686	35048	776
R4001.contig47	673	23747	490
R4001.contig48	671	6704	163
R4001.contig49	657	46630	1273
R4001.contig50	654	62	0
R4001.contig51	651	5324	368
R4001.contig52	648	139918	8902
R4001.contig53	642	3059	20
R4001.contig54	620	13808	253
R4001.contig55	615	19876	297
R4001.contig56	614	20203	445
R4001.contig57	613	3952	28
R4001.contig58	610	1495	33
R4001.contig59	604	2390	78
R4001.contig60	599	297	3
R4001.contig61	581	3582	273
R4001.contig62	581	40445	813
R4001.contig63	577	79321	4402
R4001.contig64	577	74877	6804
R4001.contig65	576	2504	55
R4001.contig66	572	1974	159
R4001.contig67	569	6912	81
R4001.contig68	565	100123	4229
R4001.contig69	564	4811	1319
R4001.contig70	563	47908	2528
R4001.contig71	560	308	6
R4001.contig72	556	7814	649
R4001.contig73	554	1581	297
R4001.contig74	550	102	2
R4001.contig75	545	16663	1287
R4001.contig76	544	12489	702
R4001.contig77	544	33217	1096
R4001.contig78	542	73468	2092
R4001.contig79	535	38	4
R4001.contig80	532	5899	149
R4001.contig81	525	2360	163
R4001.contig82	521	26376	1805
R4001.contig83	519	14890	2083
R4001.contig84	518	887	34
R4001.contig85	517	891	7
R4001.contig86	514	1570	132
R4001.contig87	514	227	3
R4001.contig88	503	2080	530
R4001.contig89	501	134	2
R4001.contig90	501	40970	1599
R4001.contig91	499	2745	220
R4001.contig92	498	113	1
R4001.contig93	496	25915	1376
R4001.contig94	493	3594	538
R4001.contig95	492	30472	2913
R4001.contig96	486	7454	1012
R4001.contig97	486	148657	18939
R4001.contig98	463	5001	390
R4001.contig99	463	9615	233
R4001.contig100	463	20	4
R4001.contig101	462	13537	690
R4001.contig102	460	25	2
R4001.contig103	459	11689	181
R4001.contig104	453	5947	192
R4001.contig105	453	104	0
R4001.contig106	453	7060	733
R4001.contig107	451	4890	661
R4001.contig108	449	3389	189
R4001.contig109	447	67495	16284
R4001.contig110	443	5101	538
R4001.contig111	442	116	16
R4001.contig112	442	238603	38456
R4001.contig113	440	28	4
R4001.contig114	440	45013	6587
R4001.contig115	439	60394	4641
R4001.contig116	439	23930	2800
R4001.contig117	436	1921	90
R4001.contig118	434	1114	15
R4001.contig119	431	5857	1108
R4001.contig120	426	115	1
R4001.contig121	422	964	37
R4001.contig122	422	126	14
R4001.contig123	419	44	0
R4001.contig124	416	8861	1038
R4001.contig125	415	354	17
R4001.contig126	412	2096	168
R4001.contig127	410	6029	150
R4001.contig128	408	101	1
R4001.contig129	407	43	1
R4001.contig130	404	759	31
R4001.contig131	404	20	4
R4001.contig132	404	162	8
R4001.contig133	401	1436	203
R4001.contig134	397	144	3
R4001.contig135	396	58970	2557
R4001.contig136	394	99	11
R4001.contig137	392	9391	2503
R4001.contig138	389	690	56
R4001.contig139	389	833	159
R4001.contig140	388	13	5
R4001.contig141	388	20902	775
R4001.contig142	387	29394	810
R4001.contig143	387	54398	2743
R4001.contig144	387	207	1
R4001.contig145	385	10	4
R4001.contig146	383	1629	97
R4001.contig147	382	1664	86
R4001.contig148	382	36	2
R4001.contig149	381	10512	389
R4001.contig150	376	34	5
R4001.contig151	371	5116	1793
R4001.contig152	362	41	3
R4001.contig153	359	12371	5009
R4001.contig154	358	5665	705
R4001.contig155	357	60592	2779
R4001.contig156	353	21	1
R4001.contig157	353	22759	1555
R4001.contig158	350	69	1
R4001.contig159	349	65	3
R4001.contig160	342	20480	3023
R4001.contig161	342	34	0
R4001.contig162	342	160	0
R4001.contig163	338	10821	481
R4001.contig164	332	5472	36
R4001.contig165	332	44993	3137
R4001.contig166	330	39	5
R4001.contig167	328	5682	82
R4001.contig168	327	11	1
R4001.contig169	327	14607	3516
R4001.contig170	323	1851	243
R4001.contig171	322	1701	28
R4001.contig172	321	5176	220
R4001.contig173	311	83	3
R4001.contig174	311	1964	68
R4001.contig175	309	19558	1339
R4001.contig176	309	4959	171
R4001.contig177	308	905	238
R4001.contig178	308	40	0
R4001.contig179	307	21	2
R4001.contig180	305	52	2
R4001.contig181	305	23033	5027
R4001.contig182	302	6491	1300
R4001.contig183	302	26	0
*	0	0	662294
