D428.contig1	88728	26197	460
D428.contig2	80053	223	5
D428.contig3	61406	0	0
D428.contig4	60062	2	0
D428.contig5	59949	0	0
D428.contig6	57897	0	0
D428.contig7	50221	182	2
D428.contig8	49639	4510	71
D428.contig9	49015	0	0
D428.contig10	44036	7	2
D428.contig11	43272	2135710	57123
D428.contig12	43048	2130	45
D428.contig13	42863	130427	2464
D428.contig14	42543	0	0
D428.contig15	42055	49	7
D428.contig16	41725	0	0
D428.contig17	41636	0	0
D428.contig18	41482	1	0
D428.contig19	41255	11229	350
D428.contig20	41072	0	0
D428.contig21	40526	112508	2056
D428.contig22	40313	93046	1537
D428.contig23	38854	19	3
D428.contig24	38752	0	0
D428.contig25	38149	81091	1374
D428.contig26	38115	5947	67
D428.contig27	37405	2663	95
D428.contig28	36065	0	0
D428.contig29	34273	0	0
D428.contig30	31863	6	1
D428.contig31	30455	0	0
D428.contig32	30320	80998	2199
D428.contig33	29796	0	0
D428.contig34	28592	1626	38
D428.contig35	27212	1	1
D428.contig36	26075	5380	145
D428.contig37	25852	53135	1001
D428.contig38	25264	0	0
D428.contig39	24897	2380	25
D428.contig40	24540	4402	150
D428.contig41	24156	0	0
D428.contig42	23407	1	1
D428.contig43	23236	1	1
D428.contig44	23053	0	0
D428.contig45	22727	0	0
D428.contig46	22675	0	0
D428.contig47	22358	0	0
D428.contig48	22285	824	20
D428.contig49	22000	707	13
D428.contig50	21391	2286	30
D428.contig51	21345	15	5
D428.contig52	21189	1001	18
D428.contig53	21132	7997	1539
D428.contig54	20967	0	0
D428.contig55	20859	0	0
D428.contig56	20476	5801	1923
D428.contig57	20365	1930	38
D428.contig58	20246	2910	60
D428.contig59	20241	577	34
D428.contig60	19589	1060	24
D428.contig61	18960	2226	57
D428.contig62	18849	0	0
D428.contig63	18646	11	4
D428.contig64	18580	1615	63
D428.contig65	18190	0	0
D428.contig66	17860	0	0
D428.contig67	17660	1089	32
D428.contig68	17604	759	30
D428.contig69	17495	0	0
D428.contig70	17284	689	13
D428.contig71	17067	0	0
D428.contig72	16941	2242	38
D428.contig73	16565	1322	62
D428.contig74	16410	0	0
D428.contig75	16291	0	0
D428.contig76	15622	0	0
D428.contig77	15244	1297	28
D428.contig78	15198	0	0
D428.contig79	15171	1913	93
D428.contig80	15020	1399	35
D428.contig81	14889	1020	28
D428.contig82	14783	0	0
D428.contig83	14778	0	0
D428.contig84	14774	0	0
D428.contig85	14340	0	0
D428.contig86	14073	16112	338
D428.contig87	13853	0	0
D428.contig88	13739	1310	36
D428.contig89	13737	0	0
D428.contig90	13340	907	22
D428.contig91	13333	480	52
D428.contig92	13192	598	16
D428.contig93	13150	0	0
D428.contig94	13107	2107939	70654
D428.contig95	12883	369	9
D428.contig96	12595	319	5
D428.contig97	12475	0	0
D428.contig98	12308	0	0
D428.contig99	12280	1062	38
D428.contig100	12252	0	0
D428.contig101	12207	2520	55
D428.contig102	12079	0	0
D428.contig103	11907	0	0
D428.contig104	11807	546	17
D428.contig105	11661	0	0
D428.contig106	11650	960	26
D428.contig107	11320	2	0
D428.contig108	11250	0	0
D428.contig109	11068	0	0
D428.contig110	10998	537	21
D428.contig111	10951	799	29
D428.contig112	10937	0	0
D428.contig113	10875	284	1
D428.contig114	10873	1024	33
D428.contig115	10760	0	0
D428.contig116	10759	0	0
D428.contig117	10664	3411	115
D428.contig118	10638	374	2
D428.contig119	10623	0	0
D428.contig120	10510	0	0
D428.contig121	10371	31	11
D428.contig122	10194	889	37
D428.contig123	10154	108	0
D428.contig124	10139	0	0
D428.contig125	10091	439	11
D428.contig126	10071	0	0
D428.contig127	10038	1371	23
D428.contig128	9980	0	0
D428.contig129	9967	0	0
D428.contig130	9921	0	0
D428.contig131	9784	0	0
D428.contig132	9655	0	0
D428.contig133	9644	0	0
D428.contig134	9632	1603576	78065
D428.contig135	9629	565	9
D428.contig136	9514	19	12
D428.contig137	9483	0	0
D428.contig138	9419	0	0
D428.contig139	9414	17	1
D428.contig140	9401	0	0
D428.contig141	9352	0	0
D428.contig142	9339	8	0
D428.contig143	9322	127	6
D428.contig144	9300	263	4
D428.contig145	9240	0	0
D428.contig146	9180	0	0
D428.contig147	9102	0	0
D428.contig148	9041	2267	39
D428.contig149	9040	380	17
D428.contig150	9025	427	15
D428.contig151	8903	529	15
D428.contig152	8842	48	2
D428.contig153	8823	366	5
D428.contig154	8676	462	9
D428.contig155	8599	5258	96
D428.contig156	8553	394	13
D428.contig157	8492	0	0
D428.contig158	8384	0	0
D428.contig159	8324	0	0
D428.contig160	8280	182	6
D428.contig161	8276	139	3
D428.contig162	8244	3	1
D428.contig163	8175	0	0
D428.contig164	8124	1	1
D428.contig165	8088	0	0
D428.contig166	8078	0	0
D428.contig167	8062	0	0
D428.contig168	7969	0	0
D428.contig169	7943	2372	38
D428.contig170	7916	353	13
D428.contig171	7907	0	0
D428.contig172	7862	422	20
D428.contig173	7817	7	0
D428.contig174	7808	10	0
D428.contig175	7805	1314	85
D428.contig176	7680	353	9
D428.contig177	7623	0	0
D428.contig178	7620	0	0
D428.contig179	7575	0	0
D428.contig180	7450	0	0
D428.contig181	7432	252	10
D428.contig182	7418	16	10
D428.contig183	7375	0	0
D428.contig184	7300	208	11
D428.contig185	7266	2884	140
D428.contig186	7176	0	0
D428.contig187	7161	301	7
D428.contig188	7121	118	7
D428.contig189	7091	373	11
D428.contig190	7080	0	0
D428.contig191	6933	150	9
D428.contig192	6895	238	5
D428.contig193	6820	333	16
D428.contig194	6743	987	56
D428.contig195	6700	6	0
D428.contig196	6692	0	0
D428.contig197	6646	0	0
D428.contig198	6644	572	7
D428.contig199	6537	147	6
D428.contig200	6518	0	0
D428.contig201	6436	0	0
D428.contig202	6414	0	0
D428.contig203	6345	0	0
D428.contig204	6305	0	0
D428.contig205	6245	225	4
D428.contig206	6215	1466	18
D428.contig207	6209	226	6
D428.contig208	6199	846	11
D428.contig209	6182	129	3
D428.contig210	6142	0	0
D428.contig211	6126	251	8
D428.contig212	6119	0	0
D428.contig213	6119	0	0
D428.contig214	6117	0	0
D428.contig215	6113	370	6
D428.contig216	6051	227	18
D428.contig217	6016	1001	68
D428.contig218	6002	0	0
D428.contig219	5999	0	0
D428.contig220	5992	0	0
D428.contig221	5979	2985	51
D428.contig222	5960	2	0
D428.contig223	5942	283	10
D428.contig224	5917	0	0
D428.contig225	5894	0	0
D428.contig226	5888	135	6
D428.contig227	5885	0	0
D428.contig228	5832	0	0
D428.contig229	5818	0	0
D428.contig230	5782	0	0
D428.contig231	5771	184	6
D428.contig232	5761	0	0
D428.contig233	5760	0	0
D428.contig234	5751	0	0
D428.contig235	5730	2	0
D428.contig236	5701	2	1
D428.contig237	5670	0	0
D428.contig238	5616	232	18
D428.contig239	5598	204	8
D428.contig240	5569	48	6
D428.contig241	5528	3	3
D428.contig242	5476	64010	504
D428.contig243	5472	216	11
D428.contig244	5409	95	5
D428.contig245	5357	0	0
D428.contig246	5324	137	1
D428.contig247	5291	71	1
D428.contig248	5280	0	0
D428.contig249	5262	67	9
D428.contig250	5236	252	4
D428.contig251	5226	0	0
D428.contig252	5217	0	0
D428.contig253	5203	0	0
D428.contig254	5119	0	0
D428.contig255	5113	1	1
D428.contig256	5108	1172	22
D428.contig257	5102	310	15
D428.contig258	5092	0	0
D428.contig259	5059	0	0
D428.contig260	5031	130	6
D428.contig261	4994	0	0
D428.contig262	4933	0	0
D428.contig263	4904	0	0
D428.contig264	4897	0	0
D428.contig265	4895	201	15
D428.contig266	4886	0	0
D428.contig267	4867	0	0
D428.contig268	4863	12990	209
D428.contig269	4848	2713	80
D428.contig270	4846	0	0
D428.contig271	4833	0	0
D428.contig272	4768	0	0
D428.contig273	4761	0	0
D428.contig274	4711	208	9
D428.contig275	4710	0	0
D428.contig276	4685	0	0
D428.contig277	4675	0	0
D428.contig278	4664	0	0
D428.contig279	4652	0	0
D428.contig280	4598	0	0
D428.contig281	4589	0	0
D428.contig282	4545	141	6
D428.contig283	4542	0	0
D428.contig284	4531	0	0
D428.contig285	4520	65	14
D428.contig286	4505	0	0
D428.contig287	4458	4898	45
D428.contig288	4435	1307	1057
D428.contig289	4432	293	9
D428.contig290	4422	0	0
D428.contig291	4416	0	0
D428.contig292	4415	0	0
D428.contig293	4410	0	0
D428.contig294	4404	0	0
D428.contig295	4397	0	0
D428.contig296	4395	0	0
D428.contig297	4371	192	14
D428.contig298	4365	0	0
D428.contig299	4363	293	16
D428.contig300	4330	17330	1489
D428.contig301	4313	0	0
D428.contig302	4312	0	0
D428.contig303	4305	116	8
D428.contig304	4289	2	0
D428.contig305	4286	0	0
D428.contig306	4277	0	0
D428.contig307	4276	0	0
D428.contig308	4254	0	0
D428.contig309	4252	0	0
D428.contig310	4242	0	0
D428.contig311	4228	6659	60
D428.contig312	4213	0	0
D428.contig313	4208	110	6
D428.contig314	4204	0	0
D428.contig315	4186	748381	56240
D428.contig316	4127	258	38
D428.contig317	4125	0	0
D428.contig318	4117	0	0
D428.contig319	4096	155	11
D428.contig320	4083	0	0
D428.contig321	4081	1303	15
D428.contig322	4080	159	9
D428.contig323	4051	126	6
D428.contig324	3987	7007	512
D428.contig325	3961	0	0
D428.contig326	3960	0	0
D428.contig327	3942	6113	130
D428.contig328	3941	11888	778
D428.contig329	3939	0	0
D428.contig330	3924	103	3
D428.contig331	3922	795	15
D428.contig332	3918	0	0
D428.contig333	3913	0	0
D428.contig334	3894	0	0
D428.contig335	3871	0	0
D428.contig336	3870	16	6
D428.contig337	3865	0	0
D428.contig338	3865	94	8
D428.contig339	3865	0	0
D428.contig340	3861	0	0
D428.contig341	3861	2	0
D428.contig342	3847	0	0
D428.contig343	3837	0	0
D428.contig344	3833	0	0
D428.contig345	3829	0	0
D428.contig346	3826	81	3
D428.contig347	3806	0	0
D428.contig348	3785	30	1
D428.contig349	3771	0	0
D428.contig350	3771	96	2
D428.contig351	3771	0	0
D428.contig352	3754	193397	5822
D428.contig353	3746	0	0
D428.contig354	3738	21886	296
D428.contig355	3737	4	0
D428.contig356	3731	4910	111
D428.contig357	3726	99	6
D428.contig358	3701	1	0
D428.contig359	3701	0	0
D428.contig360	3695	0	0
D428.contig361	3685	54	2
D428.contig362	3670	65	4
D428.contig363	3669	266	8
D428.contig364	3650	0	0
D428.contig365	3635	7031	1921
D428.contig366	3619	0	0
D428.contig367	3606	23	3
D428.contig368	3548	0	0
D428.contig369	3516	0	0
D428.contig370	3506	0	0
D428.contig371	3505	0	0
D428.contig372	3500	518	74
D428.contig373	3484	0	0
D428.contig374	3444	6268	30
D428.contig375	3442	0	0
D428.contig376	3438	7	1
D428.contig377	3436	127	6
D428.contig378	3419	256	23
D428.contig379	3401	0	0
D428.contig380	3391	72	6
D428.contig381	3374	0	0
D428.contig382	3357	82	6
D428.contig383	3355	0	0
D428.contig384	3350	0	0
D428.contig385	3341	0	0
D428.contig386	3339	0	0
D428.contig387	3331	0	0
D428.contig388	3331	113	11
D428.contig389	3323	91	14
D428.contig390	3316	27	1
D428.contig391	3314	159	13
D428.contig392	3308	2	0
D428.contig393	3306	12	2
D428.contig394	3289	156	4
D428.contig395	3287	0	0
D428.contig396	3285	161	13
D428.contig397	3272	57	4
D428.contig398	3265	82	2
D428.contig399	3264	0	0
D428.contig400	3256	0	0
D428.contig401	3254	117	7
D428.contig402	3254	0	0
D428.contig403	3243	0	0
D428.contig404	3234	0	0
D428.contig405	3230	2	0
D428.contig406	3224	0	0
D428.contig407	3211	0	0
D428.contig408	3203	0	0
D428.contig409	3197	0	0
D428.contig410	3187	169	10
D428.contig411	3184	67	4
D428.contig412	3180	0	0
D428.contig413	3177	0	0
D428.contig414	3162	0	0
D428.contig415	3151	0	0
D428.contig416	3138	16	2
D428.contig417	3133	0	0
D428.contig418	3119	187	3
D428.contig419	3114	0	0
D428.contig420	3110	58	6
D428.contig421	3094	0	0
D428.contig422	3093	0	0
D428.contig423	3083	0	0
D428.contig424	3082	151	3
D428.contig425	3081	69	7
D428.contig426	3070	83	7
D428.contig427	3069	0	0
D428.contig428	3059	0	0
D428.contig429	3044	138	14
D428.contig430	3038	66	2
D428.contig431	3034	0	0
D428.contig432	3023	0	0
D428.contig433	3019	219099	9213
D428.contig434	3018	2470	39
D428.contig435	3017	0	0
D428.contig436	3011	0	0
D428.contig437	3011	0	0
D428.contig438	3009	0	0
D428.contig439	3009	0	0
D428.contig440	3004	0	0
*	0	0	672804
