D428.contig1	88728	0	0
D428.contig2	80053	0	0
D428.contig3	61406	2	0
D428.contig4	60062	0	0
D428.contig5	59949	0	0
D428.contig6	57897	0	0
D428.contig7	50221	0	0
D428.contig8	49639	0	0
D428.contig9	49015	134855	2951
D428.contig10	44036	2288400	44950
D428.contig11	43272	13	2
D428.contig12	43048	0	0
D428.contig13	42863	0	0
D428.contig14	42543	0	0
D428.contig15	42055	0	0
D428.contig16	41725	0	0
D428.contig17	41636	0	0
D428.contig18	41482	0	0
D428.contig19	41255	0	0
D428.contig20	41072	0	0
D428.contig21	40526	0	0
D428.contig22	40313	0	0
D428.contig23	38854	0	0
D428.contig24	38752	0	0
D428.contig25	38149	0	0
D428.contig26	38115	0	0
D428.contig27	37405	0	0
D428.contig28	36065	0	0
D428.contig29	34273	60809	636
D428.contig30	31863	0	0
D428.contig31	30455	0	0
D428.contig32	30320	0	0
D428.contig33	29796	1	0
D428.contig34	28592	0	0
D428.contig35	27212	0	0
D428.contig36	26075	0	0
D428.contig37	25852	0	0
D428.contig38	25264	0	0
D428.contig39	24897	0	0
D428.contig40	24540	0	0
D428.contig41	24156	0	0
D428.contig42	23407	0	0
D428.contig43	23236	1211537	18766
D428.contig44	23053	0	0
D428.contig45	22727	0	0
D428.contig46	22675	0	0
D428.contig47	22358	0	0
D428.contig48	22285	0	0
D428.contig49	22000	0	0
D428.contig50	21391	0	0
D428.contig51	21345	6371	101
D428.contig52	21189	0	0
D428.contig53	21132	0	0
D428.contig54	20967	0	0
D428.contig55	20859	8946	657
D428.contig56	20476	0	0
D428.contig57	20365	0	0
D428.contig58	20246	0	0
D428.contig59	20241	0	0
D428.contig60	19589	0	0
D428.contig61	18960	0	0
D428.contig62	18849	8452	146
D428.contig63	18646	343	150
D428.contig64	18580	0	0
D428.contig65	18190	8399	256
D428.contig66	17860	0	0
D428.contig67	17660	0	0
D428.contig68	17604	0	0
D428.contig69	17495	5828	96
D428.contig70	17284	4	2
D428.contig71	17067	59347	1273
D428.contig72	16941	0	0
D428.contig73	16565	0	0
D428.contig74	16410	0	0
D428.contig75	16291	0	0
D428.contig76	15622	12	4
D428.contig77	15244	0	0
D428.contig78	15198	14	0
D428.contig79	15171	0	0
D428.contig80	15020	0	0
D428.contig81	14889	0	0
D428.contig82	14783	0	0
D428.contig83	14778	9	3
D428.contig84	14774	0	0
D428.contig85	14340	0	0
D428.contig86	14073	0	0
D428.contig87	13853	0	0
D428.contig88	13739	0	0
D428.contig89	13737	4142	177
D428.contig90	13340	0	0
D428.contig91	13333	0	0
D428.contig92	13192	0	0
D428.contig93	13150	2	0
D428.contig94	13107	3	3
D428.contig95	12883	0	0
D428.contig96	12595	0	0
D428.contig97	12475	1020087	34322
D428.contig98	12308	0	0
D428.contig99	12280	0	0
D428.contig100	12252	0	0
D428.contig101	12207	0	0
D428.contig102	12079	3	1
D428.contig103	11907	1246	89
D428.contig104	11807	0	0
D428.contig105	11661	0	0
D428.contig106	11650	0	0
D428.contig107	11320	28796	1526
D428.contig108	11250	2431	84
D428.contig109	11068	0	0
D428.contig110	10998	0	0
D428.contig111	10951	0	0
D428.contig112	10937	822	13
D428.contig113	10875	0	0
D428.contig114	10873	0	0
D428.contig115	10760	0	0
D428.contig116	10759	2319	66
D428.contig117	10664	0	0
D428.contig118	10638	0	0
D428.contig119	10623	870	22
D428.contig120	10510	177	59
D428.contig121	10371	1965	78
D428.contig122	10194	0	0
D428.contig123	10154	0	0
D428.contig124	10139	0	0
D428.contig125	10091	0	0
D428.contig126	10071	875	15
D428.contig127	10038	0	0
D428.contig128	9980	0	0
D428.contig129	9967	4590	80
D428.contig130	9921	6083	86
D428.contig131	9784	803	21
D428.contig132	9655	0	0
D428.contig133	9644	1850	80
D428.contig134	9632	6	2
D428.contig135	9629	0	0
D428.contig136	9514	0	0
D428.contig137	9483	0	0
D428.contig138	9419	119094	3478
D428.contig139	9414	0	0
D428.contig140	9401	0	0
D428.contig141	9352	10183	190
D428.contig142	9339	5441	390
D428.contig143	9322	0	0
D428.contig144	9300	0	0
D428.contig145	9240	2253	48
D428.contig146	9180	22823	1025
D428.contig147	9102	15492	700
D428.contig148	9041	0	0
D428.contig149	9040	0	0
D428.contig150	9025	0	0
D428.contig151	8903	0	0
D428.contig152	8842	0	0
D428.contig153	8823	0	0
D428.contig154	8676	0	0
D428.contig155	8599	0	0
D428.contig156	8553	0	0
D428.contig157	8492	0	0
D428.contig158	8384	1789	36
D428.contig159	8324	0	0
D428.contig160	8280	0	0
D428.contig161	8276	0	0
D428.contig162	8244	92467	1790
D428.contig163	8175	0	0
D428.contig164	8124	6237	117
D428.contig165	8088	0	0
D428.contig166	8078	1011	22
D428.contig167	8062	1132	77
D428.contig168	7969	1170	26
D428.contig169	7943	0	0
D428.contig170	7916	0	0
D428.contig171	7907	655	33
D428.contig172	7862	4	2
D428.contig173	7817	10688	949
D428.contig174	7808	14018	1028
D428.contig175	7805	0	0
D428.contig176	7680	0	0
D428.contig177	7623	0	0
D428.contig178	7620	0	0
D428.contig179	7575	0	0
D428.contig180	7450	0	0
D428.contig181	7432	0	0
D428.contig182	7418	714	54
D428.contig183	7375	130435	1914
D428.contig184	7300	0	0
D428.contig185	7266	0	0
D428.contig186	7176	9792	81
D428.contig187	7161	0	0
D428.contig188	7121	0	0
D428.contig189	7091	0	0
D428.contig190	7080	526	13
D428.contig191	6933	0	0
D428.contig192	6895	0	0
D428.contig193	6820	0	0
D428.contig194	6743	0	0
D428.contig195	6700	6813	617
D428.contig196	6692	13591	976
D428.contig197	6646	1004	60
D428.contig198	6644	0	0
D428.contig199	6537	0	0
D428.contig200	6518	3938	194
D428.contig201	6436	26816	1887
D428.contig202	6414	464	16
D428.contig203	6345	0	0
D428.contig204	6305	1247	38
D428.contig205	6245	0	0
D428.contig206	6215	0	0
D428.contig207	6209	0	0
D428.contig208	6199	0	0
D428.contig209	6182	0	0
D428.contig210	6142	1682	36
D428.contig211	6126	0	0
D428.contig212	6119	662	23
D428.contig213	6119	1264	49
D428.contig214	6117	6391	323
D428.contig215	6113	0	0
D428.contig216	6051	0	0
D428.contig217	6016	0	0
D428.contig218	6002	9339	447
D428.contig219	5999	12768	115
D428.contig220	5992	1373	9
D428.contig221	5979	0	0
D428.contig222	5960	7975	539
D428.contig223	5942	0	0
D428.contig224	5917	661	29
D428.contig225	5894	368	11
D428.contig226	5888	0	0
D428.contig227	5885	290	13
D428.contig228	5832	6370	485
D428.contig229	5818	1691	41
D428.contig230	5782	1574	44
D428.contig231	5771	0	0
D428.contig232	5761	281	11
D428.contig233	5760	819	40
D428.contig234	5751	4	0
D428.contig235	5730	545330	35970
D428.contig236	5701	0	0
D428.contig237	5670	579	29
D428.contig238	5616	0	0
D428.contig239	5598	0	0
D428.contig240	5569	0	0
D428.contig241	5528	682	42
D428.contig242	5476	0	0
D428.contig243	5472	0	0
D428.contig244	5409	0	0
D428.contig245	5357	1554	94
D428.contig246	5324	0	0
D428.contig247	5291	0	0
D428.contig248	5280	4	0
D428.contig249	5262	0	0
D428.contig250	5236	0	0
D428.contig251	5226	298	3
D428.contig252	5217	636	18
D428.contig253	5203	0	0
D428.contig254	5119	1650	136
D428.contig255	5113	5965	470
D428.contig256	5108	0	0
D428.contig257	5102	0	0
D428.contig258	5092	339	15
D428.contig259	5059	417	19
D428.contig260	5031	0	0
D428.contig261	4994	0	0
D428.contig262	4933	334	12
D428.contig263	4904	0	0
D428.contig264	4897	108844	5530
D428.contig265	4895	0	0
D428.contig266	4886	0	0
D428.contig267	4867	78118	6185
D428.contig268	4863	0	0
D428.contig269	4848	0	0
D428.contig270	4846	0	0
D428.contig271	4833	1436	116
D428.contig272	4768	0	0
D428.contig273	4761	3496	42
D428.contig274	4711	0	0
D428.contig275	4710	768	40
D428.contig276	4685	52126	2009
D428.contig277	4675	1131	55
D428.contig278	4664	2234	85
D428.contig279	4652	0	0
D428.contig280	4598	0	0
D428.contig281	4589	0	0
D428.contig282	4545	0	0
D428.contig283	4542	1646	47
D428.contig284	4531	0	0
D428.contig285	4520	0	0
D428.contig286	4505	358	22
D428.contig287	4458	0	0
D428.contig288	4435	0	0
D428.contig289	4432	0	0
D428.contig290	4422	267	4
D428.contig291	4416	0	0
D428.contig292	4415	176	10
D428.contig293	4410	0	0
D428.contig294	4404	269	11
D428.contig295	4397	2	0
D428.contig296	4395	1039	14
D428.contig297	4371	0	0
D428.contig298	4365	3530	166
D428.contig299	4363	0	0
D428.contig300	4330	0	0
D428.contig301	4313	0	0
D428.contig302	4312	0	0
D428.contig303	4305	0	0
D428.contig304	4289	34	2
D428.contig305	4286	1548	21
D428.contig306	4277	2071	164
D428.contig307	4276	0	0
D428.contig308	4254	477	133
D428.contig309	4252	357	12
D428.contig310	4242	361	25
D428.contig311	4228	0	0
D428.contig312	4213	0	0
D428.contig313	4208	0	0
D428.contig314	4204	0	0
D428.contig315	4186	0	0
D428.contig316	4127	0	0
D428.contig317	4125	0	0
D428.contig318	4117	0	0
D428.contig319	4096	0	0
D428.contig320	4083	299	5
D428.contig321	4081	0	0
D428.contig322	4080	0	0
D428.contig323	4051	0	0
D428.contig324	3987	0	0
D428.contig325	3961	0	0
D428.contig326	3960	868	12
D428.contig327	3942	0	0
D428.contig328	3941	0	0
D428.contig329	3939	262	12
D428.contig330	3924	0	0
D428.contig331	3922	0	0
D428.contig332	3918	674	19
D428.contig333	3913	4492	242
D428.contig334	3894	2772	14
D428.contig335	3871	0	0
D428.contig336	3870	0	0
D428.contig337	3865	0	0
D428.contig338	3865	0	0
D428.contig339	3865	0	0
D428.contig340	3861	12601	663
D428.contig341	3861	27299	2089
D428.contig342	3847	1316	25
D428.contig343	3837	995	93
D428.contig344	3833	0	0
D428.contig345	3829	0	0
D428.contig346	3826	0	0
D428.contig347	3806	173	9
D428.contig348	3785	0	0
D428.contig349	3771	109809	2470
D428.contig350	3771	0	0
D428.contig351	3771	2184	226
D428.contig352	3754	0	0
D428.contig353	3746	6554	553
D428.contig354	3738	0	0
D428.contig355	3737	0	0
D428.contig356	3731	0	0
D428.contig357	3726	0	0
D428.contig358	3701	0	0
D428.contig359	3701	1455	53
D428.contig360	3695	0	0
D428.contig361	3685	0	0
D428.contig362	3670	0	0
D428.contig363	3669	0	0
D428.contig364	3650	161	9
D428.contig365	3635	0	0
D428.contig366	3619	136	5
D428.contig367	3606	0	0
D428.contig368	3548	222	3
D428.contig369	3516	0	0
D428.contig370	3506	0	0
D428.contig371	3505	0	0
D428.contig372	3500	0	0
D428.contig373	3484	43142	2351
D428.contig374	3444	0	0
D428.contig375	3442	149	2
D428.contig376	3438	3458	275
D428.contig377	3436	0	0
D428.contig378	3419	0	0
D428.contig379	3401	321	37
D428.contig380	3391	0	0
D428.contig381	3374	111	4
D428.contig382	3357	0	0
D428.contig383	3355	184	8
D428.contig384	3350	0	0
D428.contig385	3341	0	0
D428.contig386	3339	212	10
D428.contig387	3331	210	12
D428.contig388	3331	0	0
D428.contig389	3323	0	0
D428.contig390	3316	0	0
D428.contig391	3314	0	0
D428.contig392	3308	17205	257
D428.contig393	3306	0	0
D428.contig394	3289	0	0
D428.contig395	3287	0	0
D428.contig396	3285	0	0
D428.contig397	3272	0	0
D428.contig398	3265	0	0
D428.contig399	3264	287	19
D428.contig400	3256	536	11
D428.contig401	3254	0	0
D428.contig402	3254	110	4
D428.contig403	3243	155	6
D428.contig404	3234	0	0
D428.contig405	3230	6028	553
D428.contig406	3224	149	4
D428.contig407	3211	237	13
D428.contig408	3203	443	35
D428.contig409	3197	948	220
D428.contig410	3187	0	0
D428.contig411	3184	0	0
D428.contig412	3180	83450	2467
D428.contig413	3177	393	39
D428.contig414	3162	158	14
D428.contig415	3151	528	36
D428.contig416	3138	0	0
D428.contig417	3133	0	0
D428.contig418	3119	0	0
D428.contig419	3114	0	0
D428.contig420	3110	0	0
D428.contig421	3094	4485	441
D428.contig422	3093	0	0
D428.contig423	3083	4160	610
D428.contig424	3082	0	0
D428.contig425	3081	0	0
D428.contig426	3070	0	0
D428.contig427	3069	96	12
D428.contig428	3059	40165	2543
D428.contig429	3044	0	0
D428.contig430	3038	0	0
D428.contig431	3034	0	0
D428.contig432	3023	113	4
D428.contig433	3019	0	0
D428.contig434	3018	0	0
D428.contig435	3017	486	42
D428.contig436	3011	2408	288
D428.contig437	3011	0	0
D428.contig438	3009	134	6
D428.contig439	3009	0	0
D428.contig440	3004	159	6
*	0	0	920816
