R3570.contig1	2903	6211	52
R3570.contig2	2849	708	9
R3570.contig3	2224	536	2
R3570.contig4	1136	100899	774
R3570.contig5	952	37	6
R3570.contig6	910	153814	2168
R3570.contig7	828	87995	345
R3570.contig8	702	46721	106
R3570.contig9	665	230	0
R3570.contig10	642	5849	41
R3570.contig11	639	69314	314
R3570.contig12	482	911	11
R3570.contig13	479	1083	3
R3570.contig14	471	16	4
R3570.contig15	470	18608	79
R3570.contig16	463	96	0
R3570.contig17	441	5059	169
R3570.contig18	416	64	0
R3570.contig19	406	52	5
R3570.contig20	402	304	0
R3570.contig21	390	8458	61
R3570.contig22	385	2336	4
R3570.contig23	365	17400	369
R3570.contig24	362	2556	1
R3570.contig25	342	16539	58
R3570.contig26	331	62	2
R3570.contig27	330	682	2
R3570.contig28	315	345	1
R3570.contig29	304	9	6
*	0	0	23994
