R3960.contig1	1641	1	1
R3960.contig2	1565	1169970	170678
R3960.contig3	1459	0	0
R3960.contig4	1389	0	0
R3960.contig5	1386	3	1
R3960.contig6	1271	0	0
R3960.contig7	1263	9666	246
R3960.contig8	1253	443484	93653
R3960.contig9	1232	0	0
R3960.contig10	1229	0	0
R3960.contig11	1229	0	0
R3960.contig12	1174	575612	133088
R3960.contig13	1164	0	0
R3960.contig14	1125	3310050	397335
R3960.contig15	1117	4	0
R3960.contig16	1113	0	0
R3960.contig17	1110	1865671	225249
R3960.contig18	1065	323700	123704
R3960.contig19	1002	0	0
R3960.contig20	965	0	0
R3960.contig21	949	1014666	165248
R3960.contig22	947	0	0
R3960.contig23	931	1	1
R3960.contig24	868	3919	622
R3960.contig25	855	0	0
R3960.contig26	843	10	5
R3960.contig27	771	0	0
R3960.contig28	769	0	0
R3960.contig29	746	0	0
R3960.contig30	742	0	0
R3960.contig31	739	0	0
R3960.contig32	727	0	0
R3960.contig33	726	296005	50776
R3960.contig34	709	0	0
R3960.contig35	703	0	0
R3960.contig36	673	39825	17894
R3960.contig37	663	68	17
R3960.contig38	648	3	1
R3960.contig39	639	315	24
R3960.contig40	632	8464	1612
R3960.contig41	611	0	0
R3960.contig42	611	321	64
R3960.contig43	607	63761	6083
R3960.contig44	605	262	51
R3960.contig45	580	79507	26684
R3960.contig46	573	211	35
R3960.contig47	570	231	29
R3960.contig48	566	4	0
R3960.contig49	557	0	0
R3960.contig50	549	31956	17207
R3960.contig51	544	6072	963
R3960.contig52	541	0	0
R3960.contig53	536	3882	1735
R3960.contig54	527	0	0
R3960.contig55	507	0	0
R3960.contig56	499	84082	25870
R3960.contig57	473	7821	1626
R3960.contig58	472	0	0
R3960.contig59	451	540	130
R3960.contig60	451	15494	3601
R3960.contig61	450	13941	2684
R3960.contig62	449	20152	7236
R3960.contig63	432	430	88
R3960.contig64	430	22611	275
R3960.contig65	427	0	0
R3960.contig66	425	18930	5146
R3960.contig67	422	0	0
R3960.contig68	417	4869	1434
R3960.contig69	416	0	0
R3960.contig70	413	7231	2725
R3960.contig71	412	2490	406
R3960.contig72	411	0	0
R3960.contig73	410	0	0
R3960.contig74	407	0	0
R3960.contig75	403	108	14
R3960.contig76	402	238	40
R3960.contig77	402	16	3
R3960.contig78	396	0	0
R3960.contig79	394	3257	736
R3960.contig80	393	26	2
R3960.contig81	383	0	0
R3960.contig82	379	1592	989
R3960.contig83	376	17666	3205
R3960.contig84	374	0	0
R3960.contig85	351	0	0
R3960.contig86	344	0	0
R3960.contig87	343	0	0
R3960.contig88	342	0	0
R3960.contig89	339	622	90
R3960.contig90	336	38023	8955
R3960.contig91	332	23	5
R3960.contig92	332	0	0
R3960.contig93	329	0	0
R3960.contig94	326	15667	3935
R3960.contig95	322	0	0
R3960.contig96	318	2397511	737151
R3960.contig97	313	79	22
R3960.contig98	310	157	20
R3960.contig99	309	0	0
R3960.contig100	308	0	0
R3960.contig101	307	64	6
R3960.contig102	300	0	0
R3960.contig103	300	0	0
*	0	0	13197414
