D4010.contig1	105565	153396	7870
D4010.contig2	67557	81703	4318
D4010.contig3	61027	71184	3747
D4010.contig4	57114	178989	7540
D4010.contig5	55592	103109	5151
D4010.contig6	54510	50715	2780
D4010.contig7	53131	163019	8900
D4010.contig8	51595	66133	3538
D4010.contig9	51413	96336	4880
D4010.contig10	49305	27808	1508
D4010.contig11	41565	23279	1151
D4010.contig12	41293	81478	4519
D4010.contig13	40257	36233	2082
D4010.contig14	39278	47770	2574
D4010.contig15	38680	72994	3183
D4010.contig16	36243	25908	1350
D4010.contig17	36211	49950	2718
D4010.contig18	35087	177297	7578
D4010.contig19	35001	56634	2876
D4010.contig20	34280	61435	3157
D4010.contig21	34132	41474	2031
D4010.contig22	34060	106385	5137
D4010.contig23	32560	148338	7413
D4010.contig24	31744	34144	1517
D4010.contig25	29786	18768	994
D4010.contig26	28526	82182	4938
D4010.contig27	28475	53521	2572
D4010.contig28	28361	91365	4626
D4010.contig29	28249	32215	1855
D4010.contig30	27745	17599	991
D4010.contig31	26600	101042	5980
D4010.contig32	25889	23547	1149
D4010.contig33	25147	19777	1143
D4010.contig34	24649	14109	839
D4010.contig35	24005	15336	855
D4010.contig36	23661	132117	7404
D4010.contig37	23645	43214	2420
D4010.contig38	23296	10417	493
D4010.contig39	22974	53743	24532
D4010.contig40	22962	56059	3082
D4010.contig41	22848	43068	2402
D4010.contig42	22216	31265	1980
D4010.contig43	21922	34809	1992
D4010.contig44	21516	33599	1978
D4010.contig45	21382	18055	898
D4010.contig46	21261	26232	1724
D4010.contig47	20749	11681	610
D4010.contig48	20693	15701	812
D4010.contig49	20692	50818	2609
D4010.contig50	20389	14550	844
D4010.contig51	20155	11541	536
D4010.contig52	20118	17677	908
D4010.contig53	19832	21755	1075
D4010.contig54	19749	14128	676
D4010.contig55	19612	40528	1982
D4010.contig56	19189	12293	637
D4010.contig57	19088	15762	855
D4010.contig58	18965	44319	2720
D4010.contig59	18634	299	32
D4010.contig60	18620	22774	1290
D4010.contig61	18585	15834	724
D4010.contig62	18403	11326	519
D4010.contig63	18301	4867	226
D4010.contig64	18224	49607	2777
D4010.contig65	18056	8071	385
D4010.contig66	17993	26865	1363
D4010.contig67	17934	9289	509
D4010.contig68	17805	6701	462
D4010.contig69	17514	16953	896
D4010.contig70	17402	4716	320
D4010.contig71	17350	16089	758
D4010.contig72	17093	19564	877
D4010.contig73	16946	11002	583
D4010.contig74	15818	15312	617
D4010.contig75	15728	7828	439
D4010.contig76	15685	4304	222
D4010.contig77	15655	5661	254
D4010.contig78	15610	20290	1065
D4010.contig79	15506	16330	909
D4010.contig80	15187	19796	1019
D4010.contig81	15118	8542	415
D4010.contig82	15074	21330	945
D4010.contig83	14903	10533	545
D4010.contig84	14778	12346	750
D4010.contig85	14556	34047	1671
D4010.contig86	14552	12164	640
D4010.contig87	14547	12501	809
D4010.contig88	14493	128512	7156
D4010.contig89	14389	8565	539
D4010.contig90	14259	17690	1043
D4010.contig91	14255	57405	3134
D4010.contig92	14191	6638	361
D4010.contig93	14141	7863	398
D4010.contig94	14030	19380	1145
D4010.contig95	13913	17331	1164
D4010.contig96	13731	8678	454
D4010.contig97	13594	24958	1354
D4010.contig98	13448	2379	171
D4010.contig99	13384	15674	1061
D4010.contig100	13382	54465	3264
D4010.contig101	13300	5540	299
D4010.contig102	13240	44189	2381
D4010.contig103	13239	6783	393
D4010.contig104	13221	10772	621
D4010.contig105	13167	5201	262
D4010.contig106	13027	9002	450
D4010.contig107	12973	11687	614
D4010.contig108	12822	5293	246
D4010.contig109	12749	4624	268
D4010.contig110	12688	11245	675
D4010.contig111	12677	9374	511
D4010.contig112	12509	7662	456
D4010.contig113	12486	5926	295
D4010.contig114	12442	8135	438
D4010.contig115	12351	20998	970
D4010.contig116	12298	5622	291
D4010.contig117	12036	6143	309
D4010.contig118	12019	14262	843
D4010.contig119	11897	10216	612
D4010.contig120	11849	23681	1147
D4010.contig121	11396	2759	197
D4010.contig122	11388	4420	270
D4010.contig123	11295	6739	281
D4010.contig124	11291	8600	447
D4010.contig125	11281	15934	1038
D4010.contig126	11150	5541	268
D4010.contig127	11066	4744	252
D4010.contig128	10951	13054	679
D4010.contig129	10838	4443	215
D4010.contig130	10662	6506	330
D4010.contig131	10618	8307	486
D4010.contig132	10386	8160	412
D4010.contig133	10374	3367	175
D4010.contig134	10240	4295	343
D4010.contig135	10152	10627	686
D4010.contig136	9878	8377	403
D4010.contig137	9689	4409	182
D4010.contig138	9682	39883	1864
D4010.contig139	9459	8807	453
D4010.contig140	9422	5015	271
D4010.contig141	9362	3377	192
D4010.contig142	9308	0	0
D4010.contig143	9287	28235	1464
D4010.contig144	9203	9007	501
D4010.contig145	9203	55912	2983
D4010.contig146	9195	6202	227
D4010.contig147	8865	4925	293
D4010.contig148	8846	6260	331
D4010.contig149	8795	4182	253
D4010.contig150	8746	9354	650
D4010.contig151	8615	3422	135
D4010.contig152	8381	3617	164
D4010.contig153	8315	5007	309
D4010.contig154	8258	5197	275
D4010.contig155	8107	4994	321
D4010.contig156	8079	6440	476
D4010.contig157	8050	1580	85
D4010.contig158	8035	2197	112
D4010.contig159	7895	11153	675
D4010.contig160	7789	120804	3307
D4010.contig161	7789	4109	272
D4010.contig162	7779	5637	286
D4010.contig163	7759	48023	2693
D4010.contig164	7631	5391	307
D4010.contig165	7583	1767	115
D4010.contig166	7344	9336	501
D4010.contig167	7291	5997	310
D4010.contig168	7282	2692	138
D4010.contig169	7202	7850	438
D4010.contig170	7099	6453	279
D4010.contig171	7027	1981	79
D4010.contig172	6932	4892	286
D4010.contig173	6911	7090	695
D4010.contig174	6886	2610	153
D4010.contig175	6862	1828	132
D4010.contig176	6859	5251	315
D4010.contig177	6813	8071	206
D4010.contig178	6706	53725	3013
D4010.contig179	6673	6519	436
D4010.contig180	6600	1737	110
D4010.contig181	6591	1414	80
D4010.contig182	6579	1791	94
D4010.contig183	6579	2334	108
D4010.contig184	6512	8563	376
D4010.contig185	6455	5652	222
D4010.contig186	6437	3154	221
D4010.contig187	6428	1272	63
D4010.contig188	6400	2740	183
D4010.contig189	6356	0	0
D4010.contig190	6340	8320	560
D4010.contig191	6330	6389	2295
D4010.contig192	6317	7275	422
D4010.contig193	6278	5224	266
D4010.contig194	6192	2267	120
D4010.contig195	6183	915	29
D4010.contig196	6135	2289	141
D4010.contig197	6112	4841	241
D4010.contig198	6074	1804	105
D4010.contig199	6071	0	0
D4010.contig200	6025	1510	104
D4010.contig201	5980	2359	103
D4010.contig202	5977	3051	158
D4010.contig203	5913	1964	125
D4010.contig204	5866	24564	1412
D4010.contig205	5865	2453	132
D4010.contig206	5847	5117	294
D4010.contig207	5820	50793	3117
D4010.contig208	5783	13281	778
D4010.contig209	5777	7362	421
D4010.contig210	5692	4667	262
D4010.contig211	5686	3088	154
D4010.contig212	5661	1830	99
D4010.contig213	5606	42911	1994
D4010.contig214	5580	1849	107
D4010.contig215	5550	2199	115
D4010.contig216	5525	4377	235
D4010.contig217	5346	3031	221
D4010.contig218	5296	7812	382
D4010.contig219	5285	16971	811
D4010.contig220	5166	4699	351
D4010.contig221	5148	2234	149
D4010.contig222	5095	2935	148
D4010.contig223	5089	14914	764
D4010.contig224	5076	886	50
D4010.contig225	5074	3338	201
D4010.contig226	5063	115593	6258
D4010.contig227	5062	3955	250
D4010.contig228	5038	19208540	1057208
D4010.contig229	5006	8061	397
D4010.contig230	4992	1091	64
D4010.contig231	4992	2363	164
D4010.contig232	4991	2363	102
D4010.contig233	4976	3040	179
D4010.contig234	4967	698	49
D4010.contig235	4868	1013	32
D4010.contig236	4860	3277	185
D4010.contig237	4843	0	0
D4010.contig238	4822	175	4
D4010.contig239	4812	1887	139
D4010.contig240	4790	4134	223
D4010.contig241	4757	1650	79
D4010.contig242	4750	8804	534
D4010.contig243	4728	3044	175
D4010.contig244	4723	868	50
D4010.contig245	4636	1814	104
D4010.contig246	4607	2438	185
D4010.contig247	4603	6833	361
D4010.contig248	4584	14009	585
D4010.contig249	4527	11634	589
D4010.contig250	4469	1030	72
D4010.contig251	4424	830	44
D4010.contig252	4410	1437	77
D4010.contig253	4392	961	49
D4010.contig254	4322	1721	107
D4010.contig255	4274	1569	79
D4010.contig256	4211	1014	74
D4010.contig257	4184	1958	100
D4010.contig258	4181	4348	191
D4010.contig259	4163	4890	371
D4010.contig260	4160	2875	163
D4010.contig261	4157	3309	232
D4010.contig262	4067	2290	139
D4010.contig263	4066	1286	79
D4010.contig264	4044	2776	185
D4010.contig265	4026	2468	159
D4010.contig266	4005	2301	122
D4010.contig267	3965	3149	136
D4010.contig268	3959	1565	156
D4010.contig269	3933	26698	1474
D4010.contig270	3916	890	53
D4010.contig271	3915	3965	201
D4010.contig272	3905	2646	160
D4010.contig273	3900	156108	5297
D4010.contig274	3849	1282	66
D4010.contig275	3806	992	39
D4010.contig276	3796	808	51
D4010.contig277	3790	488	23
D4010.contig278	3788	1575	90
D4010.contig279	3778	466	32
D4010.contig280	3770	3527	150
D4010.contig281	3759	345	27
D4010.contig282	3751	1348	55
D4010.contig283	3746	1571	89
D4010.contig284	3733	2164	130
D4010.contig285	3691	2205	102
D4010.contig286	3683	11536	480
D4010.contig287	3661	36745	1990
D4010.contig288	3655	2802	253
D4010.contig289	3617	1484	68
D4010.contig290	3598	2053	88
D4010.contig291	3540	21209	1086
D4010.contig292	3537	1435	82
D4010.contig293	3510	15491	784
D4010.contig294	3496	2292	91
D4010.contig295	3479	0	0
D4010.contig296	3479	1136	84
D4010.contig297	3472	397	36
D4010.contig298	3462	1622	104
D4010.contig299	3460	2384	104
D4010.contig300	3459	1289	105
D4010.contig301	3455	3901	207
D4010.contig302	3432	2428	138
D4010.contig303	3372	1662	57
D4010.contig304	3364	394	29
D4010.contig305	3349	1323	52
D4010.contig306	3329	1895	91
D4010.contig307	3289	1328	53
D4010.contig308	3276	812	47
D4010.contig309	3275	1154	77
D4010.contig310	3240	25710	1573
D4010.contig311	3240	5633	337
D4010.contig312	3226	1716	102
D4010.contig313	3220	3544	339
D4010.contig314	3215	1928	78
D4010.contig315	3212	762	53
D4010.contig316	3210	2129	98
D4010.contig317	3208	270	6
D4010.contig318	3203	777	57
D4010.contig319	3199	787	68
D4010.contig320	3192	1655	118
D4010.contig321	3190	2095	179
D4010.contig322	3170	1074	50
D4010.contig323	3155	961	51
D4010.contig324	3151	277	9
D4010.contig325	3145	635	56
D4010.contig326	3138	1832	84
D4010.contig327	3119	11820	639
D4010.contig328	3117	2743	120
D4010.contig329	3117	6299	410
D4010.contig330	3114	524	22
D4010.contig331	3108	0	0
D4010.contig332	3093	9156	384
D4010.contig333	3058	823	32
D4010.contig334	3057	1797	102
D4010.contig335	3039	268150	132506
D4010.contig336	3009	4747	257
D4010.contig337	3001	938	44
D4010.contig338	2983	959	69
D4010.contig339	2970	486	37
D4010.contig340	2960	389	23
D4010.contig341	2941	598	27
D4010.contig342	2939	1198	68
D4010.contig343	2937	48986	3098
D4010.contig344	2925	7640	656
D4010.contig345	2924	1150	64
D4010.contig346	2916	13781	554
D4010.contig347	2890	849	41
D4010.contig348	2808	916	92
D4010.contig349	2791	799	38
D4010.contig350	2787	780	49
D4010.contig351	2779	720	45
D4010.contig352	2777	16199	1413
D4010.contig353	2775	931	86
D4010.contig354	2759	908	73
D4010.contig355	2718	280	18
D4010.contig356	2685	793	61
D4010.contig357	2656	649	22
D4010.contig358	2640	2037	108
D4010.contig359	2639	2182	132
D4010.contig360	2614	1455	87
D4010.contig361	2612	510	24
D4010.contig362	2594	457	19
D4010.contig363	2586	3039	147
D4010.contig364	2577	691	31
D4010.contig365	2572	561	28
D4010.contig366	2571	804	71
D4010.contig367	2547	628	33
D4010.contig368	2539	585	29
D4010.contig369	2531	574	17
D4010.contig370	2531	635	35
D4010.contig371	2530	477	53
D4010.contig372	2528	1486	45
D4010.contig373	2527	461	29
D4010.contig374	2482	570	28
D4010.contig375	2479	541	49
D4010.contig376	2470	875	80
D4010.contig377	2462	304	24
D4010.contig378	2442	461	36
D4010.contig379	2438	2906	111
D4010.contig380	2433	449	50
D4010.contig381	2423	1083	70
D4010.contig382	2415	944	62
D4010.contig383	2383	3982	264
D4010.contig384	2378	1759	116
D4010.contig385	2374	1587	123
D4010.contig386	2343	5218	359
D4010.contig387	2316	261092	10193
D4010.contig388	2312	932	69
D4010.contig389	2301	0	0
D4010.contig390	2295	971	65
D4010.contig391	2291	1030	51
D4010.contig392	2291	456	22
D4010.contig393	2287	1621	73
D4010.contig394	2284	903	45
D4010.contig395	2282	706	39
D4010.contig396	2277	571	21
D4010.contig397	2272	1058	77
D4010.contig398	2260	480	26
D4010.contig399	2258	398	15
D4010.contig400	2248	597	36
D4010.contig401	2247	319	17
D4010.contig402	2240	528	35
D4010.contig403	2237	1772	111
D4010.contig404	2224	1202	107
D4010.contig405	2216	798	36
D4010.contig406	2216	727	42
D4010.contig407	2212	503	23
D4010.contig408	2210	789	44
D4010.contig409	2195	4401	223
D4010.contig410	2191	381	29
D4010.contig411	2186	587	35
D4010.contig412	2181	1851	104
D4010.contig413	2171	1843	103
D4010.contig414	2171	662	45
D4010.contig415	2160	465	29
D4010.contig416	2146	1022	70
D4010.contig417	2146	1093	88
D4010.contig418	2125	1194	52
D4010.contig419	2121	839	54
D4010.contig420	2121	3417	146
D4010.contig421	2115	820	56
D4010.contig422	2113	1349	81
D4010.contig423	2097	939	51
D4010.contig424	2092	853	47
D4010.contig425	2091	372	28
D4010.contig426	2085	493	32
D4010.contig427	2085	763	34
D4010.contig428	2076	1109	40
D4010.contig429	2073	0	0
D4010.contig430	2071	289	18
D4010.contig431	2054	0	0
D4010.contig432	2052	1351	73
D4010.contig433	2049	1035	65
D4010.contig434	2028	167	2
D4010.contig435	2015	755	49
D4010.contig436	2010	658	25
D4010.contig437	1998	990	59
D4010.contig438	1997	8119	596
D4010.contig439	1992	4254	190
D4010.contig440	1990	307	30
D4010.contig441	1984	1368	87
D4010.contig442	1979	282	16
D4010.contig443	1977	1347	70
D4010.contig444	1961	881	59
D4010.contig445	1960	1311	88
D4010.contig446	1953	1205	92
D4010.contig447	1940	35303	2895
D4010.contig448	1934	1167	49
D4010.contig449	1934	8048	327
D4010.contig450	1905	543	34
D4010.contig451	1886	274	14
D4010.contig452	1885	1548	69
D4010.contig453	1872	618	35
D4010.contig454	1871	790	41
D4010.contig455	1870	6001	236
D4010.contig456	1869	436	20
D4010.contig457	1859	12804	643
D4010.contig458	1855	796	54
D4010.contig459	1847	903	68
D4010.contig460	1844	1002	45
D4010.contig461	1842	579	27
D4010.contig462	1841	361	26
D4010.contig463	1834	469	64
D4010.contig464	1833	326	22
D4010.contig465	1825	1800	164
D4010.contig466	1821	722	43
D4010.contig467	1818	6914	294
D4010.contig468	1812	696	32
D4010.contig469	1809	210	13
D4010.contig470	1809	436	28
D4010.contig471	1807	4461	257
D4010.contig472	1803	300	19
D4010.contig473	1798	907	28
D4010.contig474	1794	581	35
D4010.contig475	1788	765	49
D4010.contig476	1788	303	10
D4010.contig477	1785	135	6
D4010.contig478	1784	617	63
D4010.contig479	1782	1170	107
D4010.contig480	1779	241	17
D4010.contig481	1779	217	15
D4010.contig482	1771	372	25
D4010.contig483	1767	478	24
D4010.contig484	1758	656	51
D4010.contig485	1758	779	61
D4010.contig486	1756	808	33
D4010.contig487	1754	277	16
D4010.contig488	1747	345	23
D4010.contig489	1742	466	26
D4010.contig490	1741	6266	337
D4010.contig491	1741	461	17
D4010.contig492	1737	2382	79
D4010.contig493	1728	524	40
D4010.contig494	1726	1256	74
D4010.contig495	1724	106	4
D4010.contig496	1722	339	22
D4010.contig497	1718	8039	422
D4010.contig498	1712	722	46
D4010.contig499	1708	171	9
D4010.contig500	1701	3197	146
D4010.contig501	1697	107	7
D4010.contig502	1697	731	29
D4010.contig503	1696	398	30
D4010.contig504	1693	1842	98
D4010.contig505	1692	4861	386
D4010.contig506	1690	934	79
D4010.contig507	1686	510	20
D4010.contig508	1682	800	46
D4010.contig509	1677	1066	34
D4010.contig510	1660	905	42
D4010.contig511	1656	593	26
D4010.contig512	1655	1572	88
D4010.contig513	1655	241	9
D4010.contig514	1652	320	13
D4010.contig515	1650	1158	76
D4010.contig516	1644	207	15
D4010.contig517	1637	305	25
D4010.contig518	1637	249	26
D4010.contig519	1636	543	34
D4010.contig520	1633	337	17
D4010.contig521	1629	561	29
D4010.contig522	1628	129	5
D4010.contig523	1622	1751	95
D4010.contig524	1610	1324	132
D4010.contig525	1606	667	41
D4010.contig526	1605	193	13
D4010.contig527	1601	340	25
D4010.contig528	1600	445	24
D4010.contig529	1587	76	6
D4010.contig530	1585	437	54
D4010.contig531	1576	288	19
D4010.contig532	1576	316	12
D4010.contig533	1565	246	12
D4010.contig534	1562	296	26
D4010.contig535	1559	752	39
D4010.contig536	1549	1136	58
D4010.contig537	1547	2641	126
D4010.contig538	1546	484	66
D4010.contig539	1543	0	0
D4010.contig540	1541	317	19
D4010.contig541	1539	626	26
D4010.contig542	1538	610	19
D4010.contig543	1537	1287	55
D4010.contig544	1537	402	9
D4010.contig545	1536	146	10
D4010.contig546	1535	331	16
D4010.contig547	1528	319	23
D4010.contig548	1526	291	29
D4010.contig549	1525	460	31
D4010.contig550	1519	355	29
D4010.contig551	1519	639	34
D4010.contig552	1516	886	35
D4010.contig553	1504	1215	74
D4010.contig554	1503	243	14
D4010.contig555	1503	809	69
D4010.contig556	1498	1005	83
D4010.contig557	1495	0	0
D4010.contig558	1492	597	45
D4010.contig559	1487	785	46
D4010.contig560	1474	178	12
D4010.contig561	1470	740	47
D4010.contig562	1468	556	39
D4010.contig563	1462	232	10
D4010.contig564	1454	589	52
D4010.contig565	1447	1033	91
D4010.contig566	1447	141	10
D4010.contig567	1446	613	37
D4010.contig568	1437	432	32
D4010.contig569	1435	541	26
D4010.contig570	1434	623	33
D4010.contig571	1433	254	26
D4010.contig572	1424	807	45
D4010.contig573	1423	260	23
D4010.contig574	1415	625	50
D4010.contig575	1407	3899	229
D4010.contig576	1404	310	26
D4010.contig577	1403	369	22
D4010.contig578	1403	10611	437
D4010.contig579	1399	112	10
D4010.contig580	1398	312	10
D4010.contig581	1397	156	9
D4010.contig582	1396	1068	56
D4010.contig583	1391	685	50
D4010.contig584	1382	213	6
D4010.contig585	1379	567	35
D4010.contig586	1379	525	26
D4010.contig587	1376	1142	80
D4010.contig588	1373	415	51
D4010.contig589	1373	173	11
D4010.contig590	1370	505	39
D4010.contig591	1365	364	21
D4010.contig592	1364	691	36
D4010.contig593	1363	261	33
D4010.contig594	1352	305	20
D4010.contig595	1352	674	36
D4010.contig596	1351	376	15
D4010.contig597	1349	220	15
D4010.contig598	1349	423	30
D4010.contig599	1347	978	47
D4010.contig600	1346	8864	662
D4010.contig601	1344	82	11
D4010.contig602	1333	191	6
D4010.contig603	1332	233	13
D4010.contig604	1330	204	17
D4010.contig605	1330	109	2
D4010.contig606	1325	711	70
D4010.contig607	1319	385	17
D4010.contig608	1316	1250	74
D4010.contig609	1315	242	15
D4010.contig610	1310	234	12
D4010.contig611	1308	479	37
D4010.contig612	1303	737	33
D4010.contig613	1300	95	6
D4010.contig614	1299	492	18
D4010.contig615	1298	171	10
D4010.contig616	1297	152	12
D4010.contig617	1292	325	23
D4010.contig618	1282	257	18
D4010.contig619	1282	589	25
D4010.contig620	1277	544	34
D4010.contig621	1275	589	29
D4010.contig622	1273	693	40
D4010.contig623	1272	1223	73
D4010.contig624	1266	382	30
D4010.contig625	1264	159	12
D4010.contig626	1264	1653	378
D4010.contig627	1261	0	0
D4010.contig628	1260	0	0
D4010.contig629	1259	766	56
D4010.contig630	1256	287	16
D4010.contig631	1256	194	9
D4010.contig632	1250	104	7
D4010.contig633	1249	399	42
D4010.contig634	1248	376	22
D4010.contig635	1248	126	3
D4010.contig636	1244	640	36
D4010.contig637	1244	740	39
D4010.contig638	1243	160	8
D4010.contig639	1236	173	9
D4010.contig640	1225	382	29
D4010.contig641	1222	8974	435
D4010.contig642	1220	342	16
D4010.contig643	1220	0	0
D4010.contig644	1218	273	15
D4010.contig645	1215	438	28
D4010.contig646	1215	488	25
D4010.contig647	1215	349	28
D4010.contig648	1210	250	24
D4010.contig649	1209	150	8
D4010.contig650	1204	3065	317
D4010.contig651	1203	0	0
D4010.contig652	1203	137	7
D4010.contig653	1197	215	14
D4010.contig654	1196	339	13
D4010.contig655	1194	193	12
D4010.contig656	1191	489	16
D4010.contig657	1190	869	51
D4010.contig658	1189	276	12
D4010.contig659	1182	240	10
D4010.contig660	1175	310	17
D4010.contig661	1171	127	11
D4010.contig662	1170	395	24
D4010.contig663	1167	813	49
D4010.contig664	1165	385	13
D4010.contig665	1163	517	34
D4010.contig666	1162	266	9
D4010.contig667	1157	442	21
D4010.contig668	1150	275	16
D4010.contig669	1149	512	37
D4010.contig670	1149	4412	337
D4010.contig671	1148	190	5
D4010.contig672	1147	105	9
D4010.contig673	1145	317	33
D4010.contig674	1144	1998	298
D4010.contig675	1141	1497	109
D4010.contig676	1139	123	9
D4010.contig677	1138	470	25
D4010.contig678	1137	111	6
D4010.contig679	1132	267	32
D4010.contig680	1128	139	6
D4010.contig681	1126	382	12
D4010.contig682	1125	486	40
D4010.contig683	1124	0	0
D4010.contig684	1123	497	36
D4010.contig685	1115	204	19
D4010.contig686	1113	227	18
D4010.contig687	1112	186	11
D4010.contig688	1110	0	0
D4010.contig689	1105	1287	89
D4010.contig690	1103	671	29
D4010.contig691	1099	2276	443
D4010.contig692	1098	141	10
D4010.contig693	1097	232	20
D4010.contig694	1096	750	35
D4010.contig695	1096	204	13
D4010.contig696	1094	0	0
D4010.contig697	1090	456	36
D4010.contig698	1088	470	20
D4010.contig699	1085	159	11
D4010.contig700	1084	81	9
D4010.contig701	1084	409	29
D4010.contig702	1078	581	22
D4010.contig703	1073	329	15
D4010.contig704	1072	239	21
D4010.contig705	1068	6206	1282
D4010.contig706	1067	377	17
D4010.contig707	1067	97	8
D4010.contig708	1060	244	8
D4010.contig709	1056	370	24
D4010.contig710	1053	132	11
D4010.contig711	1045	2277	161
D4010.contig712	1043	356	24
D4010.contig713	1041	704	35
D4010.contig714	1039	324	21
D4010.contig715	1033	68	2
D4010.contig716	1031	886	83
D4010.contig717	1028	11846	671
D4010.contig718	1023	375	14
D4010.contig719	1017	79	4
D4010.contig720	1015	71	6
D4010.contig721	1009	290	15
D4010.contig722	1009	169	15
D4010.contig723	1009	66	8
D4010.contig724	1003	849	46
D4010.contig725	1003	1703	77
D4010.contig726	1002	373	17
D4010.contig727	999	96	7
D4010.contig728	995	19200	2228
D4010.contig729	992	1356	77
D4010.contig730	990	262	13
D4010.contig731	987	499	35
D4010.contig732	985	572	50
D4010.contig733	985	201	12
D4010.contig734	984	93	2
D4010.contig735	983	289	12
D4010.contig736	983	217	27
D4010.contig737	983	173	16
D4010.contig738	982	236	23
D4010.contig739	982	36	2
D4010.contig740	981	60	2
D4010.contig741	979	261	7
D4010.contig742	974	261	26
D4010.contig743	971	595	59
D4010.contig744	970	382	124
D4010.contig745	970	0	0
D4010.contig746	970	144	7
D4010.contig747	968	206	22
D4010.contig748	964	153	18
D4010.contig749	964	301	34
D4010.contig750	962	143	12
D4010.contig751	960	521	27
D4010.contig752	960	396	22
D4010.contig753	959	350	20
D4010.contig754	959	33332	2003
D4010.contig755	958	260	27
D4010.contig756	958	88	9
D4010.contig757	957	0	0
D4010.contig758	954	405	26
D4010.contig759	953	99	2
D4010.contig760	953	264	23
D4010.contig761	952	619	27
D4010.contig762	951	77	4
D4010.contig763	948	567	17
D4010.contig764	946	213	19
D4010.contig765	945	1400	139
D4010.contig766	942	185	12
D4010.contig767	935	124	7
D4010.contig768	932	164	18
D4010.contig769	924	332	32
D4010.contig770	922	276	22
D4010.contig771	921	826	71
D4010.contig772	920	183	10
D4010.contig773	919	186	13
D4010.contig774	915	8527	2532
D4010.contig775	915	261	7
D4010.contig776	914	209	28
D4010.contig777	912	207	28
D4010.contig778	912	118	10
D4010.contig779	912	268	21
D4010.contig780	906	580	32
D4010.contig781	905	219	10
D4010.contig782	903	404	44
D4010.contig783	902	605	52
D4010.contig784	899	203	15
D4010.contig785	897	148	10
D4010.contig786	897	137	12
D4010.contig787	895	226	14
D4010.contig788	894	0	0
D4010.contig789	889	346	29
D4010.contig790	889	304	18
D4010.contig791	888	173	11
D4010.contig792	887	138	5
D4010.contig793	885	224	15
D4010.contig794	885	121	15
D4010.contig795	884	1580	252
D4010.contig796	883	362	24
D4010.contig797	881	118	8
D4010.contig798	880	106	13
D4010.contig799	880	3187	327
D4010.contig800	879	112	8
D4010.contig801	874	120	20
D4010.contig802	874	110	14
D4010.contig803	873	55	3
D4010.contig804	873	99	5
D4010.contig805	870	404	23
D4010.contig806	869	5547	345
D4010.contig807	867	138	10
D4010.contig808	866	138	4
D4010.contig809	866	192	8
D4010.contig810	865	68	8
D4010.contig811	865	139	10
D4010.contig812	864	63	2
D4010.contig813	860	130	13
D4010.contig814	859	152	12
D4010.contig815	856	435	52
D4010.contig816	853	313	19
D4010.contig817	853	512	72
D4010.contig818	851	0	0
D4010.contig819	848	325	26
D4010.contig820	848	216	18
D4010.contig821	846	2425	126
D4010.contig822	845	0	0
D4010.contig823	843	292	16
D4010.contig824	841	134	8
D4010.contig825	841	43	5
D4010.contig826	840	412	16
D4010.contig827	840	194	13
D4010.contig828	838	125	15
D4010.contig829	833	317	23
D4010.contig830	833	293	39
D4010.contig831	831	486	54
D4010.contig832	830	262	14
D4010.contig833	828	54	5
D4010.contig834	827	173	10
D4010.contig835	827	324	14
D4010.contig836	827	44	5
D4010.contig837	825	222	18
D4010.contig838	825	173	15
D4010.contig839	825	228	13
D4010.contig840	823	187	10
D4010.contig841	823	0	0
D4010.contig842	822	299	21
D4010.contig843	822	10453	404
D4010.contig844	820	203	5
D4010.contig845	818	0	0
D4010.contig846	818	235	7
D4010.contig847	817	78	6
D4010.contig848	817	88	11
D4010.contig849	814	66	6
D4010.contig850	813	284	26
D4010.contig851	813	229	28
D4010.contig852	812	224	23
D4010.contig853	812	221	15
D4010.contig854	811	550	40
D4010.contig855	809	158	10
D4010.contig856	809	81	8
D4010.contig857	808	1476	301
D4010.contig858	806	34	2
D4010.contig859	806	30	6
D4010.contig860	806	241	16
D4010.contig861	805	323	35
D4010.contig862	801	231	26
D4010.contig863	797	852	317
D4010.contig864	797	174	14
D4010.contig865	796	129	7
D4010.contig866	794	0	0
D4010.contig867	792	78	9
D4010.contig868	788	352	26
D4010.contig869	787	48	5
D4010.contig870	787	83	5
D4010.contig871	786	66	4
D4010.contig872	779	88	3
D4010.contig873	776	189	16
D4010.contig874	773	0	0
D4010.contig875	772	335	25
D4010.contig876	771	212	12
D4010.contig877	771	72	7
D4010.contig878	770	5599	347
D4010.contig879	770	276	30
D4010.contig880	769	123	12
D4010.contig881	764	142	23
D4010.contig882	764	216	19
D4010.contig883	763	59	5
D4010.contig884	761	142	11
D4010.contig885	760	127	4
D4010.contig886	759	128	8
D4010.contig887	758	204	24
D4010.contig888	757	81	4
D4010.contig889	754	32	2
D4010.contig890	752	381	23
D4010.contig891	752	199	12
D4010.contig892	752	79	5
D4010.contig893	751	0	0
D4010.contig894	751	96	14
D4010.contig895	750	411	37
D4010.contig896	749	112	4
D4010.contig897	748	238	25
D4010.contig898	747	179	5
D4010.contig899	746	51	3
D4010.contig900	745	222	20
D4010.contig901	745	197	28
D4010.contig902	744	195	13
D4010.contig903	744	122	8
D4010.contig904	742	232	24
D4010.contig905	742	86	5
D4010.contig906	741	103	9
D4010.contig907	741	169	17
D4010.contig908	740	231	17
D4010.contig909	739	130	5
D4010.contig910	739	64	2
D4010.contig911	738	216	27
D4010.contig912	737	117	14
D4010.contig913	737	91	8
D4010.contig914	736	4527	261
D4010.contig915	734	29	6
D4010.contig916	732	152	15
D4010.contig917	731	14	1
D4010.contig918	730	52	8
D4010.contig919	729	153	11
D4010.contig920	728	0	0
D4010.contig921	727	275	32
D4010.contig922	726	164	13
D4010.contig923	726	213	23
D4010.contig924	725	125	6
D4010.contig925	720	330	39
D4010.contig926	720	79	5
D4010.contig927	719	118	5
D4010.contig928	718	374	25
D4010.contig929	717	341	46
D4010.contig930	717	0	0
D4010.contig931	716	315	29
D4010.contig932	713	48	4
D4010.contig933	711	85	5
D4010.contig934	710	0	0
D4010.contig935	709	37599	1195
D4010.contig936	709	317	17
D4010.contig937	706	52	8
D4010.contig938	705	0	0
D4010.contig939	705	83	7
D4010.contig940	704	77	11
D4010.contig941	703	97	6
D4010.contig942	702	116	5
D4010.contig943	701	177	12
D4010.contig944	700	188	16
D4010.contig945	700	56	4
D4010.contig946	698	151	12
D4010.contig947	697	429	62
D4010.contig948	697	206	6
D4010.contig949	694	211	17
D4010.contig950	693	137	7
D4010.contig951	693	169	6
D4010.contig952	693	101	9
D4010.contig953	691	160	13
D4010.contig954	691	146	9
D4010.contig955	690	159	10
D4010.contig956	690	213	10
D4010.contig957	689	234	15
D4010.contig958	688	116	7
D4010.contig959	687	164	14
D4010.contig960	685	833	102
D4010.contig961	684	103	17
D4010.contig962	683	178	16
D4010.contig963	681	415	56
D4010.contig964	681	351	25
D4010.contig965	680	139	9
D4010.contig966	679	492	27
D4010.contig967	678	102	8
D4010.contig968	677	94	13
D4010.contig969	677	118	2
D4010.contig970	677	140	17
D4010.contig971	676	205	41
D4010.contig972	675	169	16
D4010.contig973	675	92	16
D4010.contig974	674	172	18
D4010.contig975	674	80	8
D4010.contig976	672	74	4
D4010.contig977	672	389	30
D4010.contig978	670	1397	411
D4010.contig979	669	378	19
D4010.contig980	668	127	4
D4010.contig981	668	39	9
D4010.contig982	667	48	6
D4010.contig983	666	128	14
D4010.contig984	665	306	15
D4010.contig985	665	58	3
D4010.contig986	664	98	4
D4010.contig987	664	235	12
D4010.contig988	664	39	2
D4010.contig989	664	164	9
D4010.contig990	663	30	5
D4010.contig991	663	240	73
D4010.contig992	662	95	8
D4010.contig993	661	185	13
D4010.contig994	661	123	7
D4010.contig995	660	0	0
D4010.contig996	660	766	26
D4010.contig997	660	79	4
D4010.contig998	660	1111	51
D4010.contig999	659	23	5
D4010.contig1000	659	107	7
D4010.contig1001	659	84	10
D4010.contig1002	658	140	14
D4010.contig1003	656	5905	433
D4010.contig1004	654	183	10
D4010.contig1005	651	144	25
D4010.contig1006	651	2475	167
D4010.contig1007	649	186	11
D4010.contig1008	649	208	28
D4010.contig1009	648	68	5
D4010.contig1010	647	167	18
D4010.contig1011	645	306	13
D4010.contig1012	645	206	12
D4010.contig1013	644	79	9
D4010.contig1014	643	117	5
D4010.contig1015	640	152	6
D4010.contig1016	639	143	14
D4010.contig1017	638	0	0
D4010.contig1018	637	29	4
D4010.contig1019	635	1	1
D4010.contig1020	635	211	21
D4010.contig1021	634	821	32
D4010.contig1022	633	346	17
D4010.contig1023	633	0	0
D4010.contig1024	632	152	15
D4010.contig1025	630	0	0
D4010.contig1026	630	122	5
D4010.contig1027	629	102	2
D4010.contig1028	628	443	39
D4010.contig1029	627	142	5
D4010.contig1030	627	45	6
D4010.contig1031	627	1010	53
D4010.contig1032	626	168	16
D4010.contig1033	625	42	3
D4010.contig1034	624	156	12
D4010.contig1035	623	328	26
D4010.contig1036	623	66	5
D4010.contig1037	621	301	31
D4010.contig1038	621	51	4
D4010.contig1039	621	71	10
D4010.contig1040	620	185	11
D4010.contig1041	619	45	3
D4010.contig1042	618	99	6
D4010.contig1043	617	0	0
D4010.contig1044	615	1029	111
D4010.contig1045	614	128	16
D4010.contig1046	612	163	20
D4010.contig1047	611	1479	499
D4010.contig1048	610	85	4
D4010.contig1049	610	310	14
D4010.contig1050	610	170	5
D4010.contig1051	610	53	5
D4010.contig1052	608	93	7
D4010.contig1053	608	150	17
D4010.contig1054	607	100	6
D4010.contig1055	607	67	3
D4010.contig1056	607	199	25
D4010.contig1057	602	133	18
D4010.contig1058	601	134	15
D4010.contig1059	601	102	4
D4010.contig1060	599	158	12
D4010.contig1061	598	214	24
D4010.contig1062	597	0	0
D4010.contig1063	597	228	31
D4010.contig1064	596	136	11
D4010.contig1065	595	216	11
D4010.contig1066	595	243	60
D4010.contig1067	595	89	12
D4010.contig1068	594	263	30
D4010.contig1069	594	186	19
D4010.contig1070	594	593	23
D4010.contig1071	593	58	8
D4010.contig1072	593	118	9
D4010.contig1073	593	154	15
D4010.contig1074	592	617	42
D4010.contig1075	590	101	6
D4010.contig1076	589	39	2
D4010.contig1077	588	315	20
D4010.contig1078	588	60	5
D4010.contig1079	587	68	7
D4010.contig1080	587	182	19
D4010.contig1081	587	129	30
D4010.contig1082	586	164	9
D4010.contig1083	585	201	17
D4010.contig1084	585	118	15
D4010.contig1085	584	102	9
D4010.contig1086	584	3139	106
D4010.contig1087	583	254	17
D4010.contig1088	583	256	14
D4010.contig1089	583	0	0
D4010.contig1090	581	0	0
D4010.contig1091	581	40	6
D4010.contig1092	581	102	9
D4010.contig1093	580	63	8
D4010.contig1094	579	92	8
D4010.contig1095	576	178	23
D4010.contig1096	576	254	23
D4010.contig1097	575	135	31
D4010.contig1098	575	0	0
D4010.contig1099	575	108	9
D4010.contig1100	574	19	4
D4010.contig1101	574	0	0
D4010.contig1102	571	100	10
D4010.contig1103	571	84	9
D4010.contig1104	570	48	6
D4010.contig1105	569	189	11
D4010.contig1106	569	56	2
D4010.contig1107	568	0	0
D4010.contig1108	567	99	9
D4010.contig1109	567	1905	122
D4010.contig1110	567	367	19
D4010.contig1111	566	114	17
D4010.contig1112	565	174	18
D4010.contig1113	565	71	1
D4010.contig1114	564	152	32
D4010.contig1115	564	61	7
D4010.contig1116	563	100	8
D4010.contig1117	562	49	1
D4010.contig1118	561	33	0
D4010.contig1119	560	69	3
D4010.contig1120	560	67	7
D4010.contig1121	558	344	32
D4010.contig1122	556	177	9
D4010.contig1123	555	151	14
D4010.contig1124	554	82	13
D4010.contig1125	554	146	8
D4010.contig1126	553	243	23
D4010.contig1127	553	142	18
D4010.contig1128	552	151	20
D4010.contig1129	552	124	5
D4010.contig1130	551	109	4
D4010.contig1131	551	92	10
D4010.contig1132	551	270	19
D4010.contig1133	550	420	26
D4010.contig1134	550	144	9
D4010.contig1135	550	122	6
D4010.contig1136	550	90	10
D4010.contig1137	550	59	8
D4010.contig1138	549	128	9
D4010.contig1139	549	160	22
D4010.contig1140	548	127	25
D4010.contig1141	548	113	13
D4010.contig1142	547	29	4
D4010.contig1143	547	256	29
D4010.contig1144	547	119	12
D4010.contig1145	546	25	2
D4010.contig1146	546	2335	137
D4010.contig1147	546	622	22
D4010.contig1148	545	431	36
D4010.contig1149	545	325	38
D4010.contig1150	545	377	21
D4010.contig1151	544	27	9
D4010.contig1152	543	791	194
D4010.contig1153	542	316	29
D4010.contig1154	542	581	46
D4010.contig1155	540	73	4
D4010.contig1156	539	0	0
D4010.contig1157	539	26	0
D4010.contig1158	539	201	31
D4010.contig1159	537	29	0
D4010.contig1160	537	185	25
D4010.contig1161	536	313	16
D4010.contig1162	536	98	21
D4010.contig1163	535	146	13
D4010.contig1164	534	86	8
D4010.contig1165	533	115	12
D4010.contig1166	533	172	13
D4010.contig1167	532	169	20
D4010.contig1168	532	148	12
D4010.contig1169	531	110	8
D4010.contig1170	531	229	5
D4010.contig1171	531	62	3
D4010.contig1172	531	27	4
D4010.contig1173	531	125	7
D4010.contig1174	530	223	21
D4010.contig1175	530	243	7
D4010.contig1176	529	217	29
D4010.contig1177	528	54	5
D4010.contig1178	528	0	0
D4010.contig1179	528	93	8
D4010.contig1180	528	0	0
D4010.contig1181	528	309	31
D4010.contig1182	527	158	6
D4010.contig1183	526	69	9
D4010.contig1184	526	109	7
D4010.contig1185	526	261	6
D4010.contig1186	525	232	23
D4010.contig1187	524	30	4
D4010.contig1188	523	0	0
D4010.contig1189	523	98	31
D4010.contig1190	522	97	15
D4010.contig1191	522	36	8
D4010.contig1192	522	0	0
D4010.contig1193	522	165	8
D4010.contig1194	521	168	13
D4010.contig1195	521	106	12
D4010.contig1196	520	31	7
D4010.contig1197	520	0	0
D4010.contig1198	520	61	4
D4010.contig1199	520	46	3
D4010.contig1200	518	207	35
D4010.contig1201	518	0	0
D4010.contig1202	517	65	7
D4010.contig1203	517	0	0
D4010.contig1204	516	100	11
D4010.contig1205	516	65	6
D4010.contig1206	514	300	64
D4010.contig1207	514	89	3
D4010.contig1208	514	0	0
D4010.contig1209	514	45	2
D4010.contig1210	514	136	19
D4010.contig1211	513	0	0
D4010.contig1212	511	30	2
D4010.contig1213	511	4224	204
D4010.contig1214	510	13833	764
D4010.contig1215	509	153	19
D4010.contig1216	509	140	15
D4010.contig1217	509	87	7
D4010.contig1218	508	99	3
D4010.contig1219	508	83	6
D4010.contig1220	507	144	11
D4010.contig1221	507	899	52
D4010.contig1222	506	151	16
D4010.contig1223	506	409	21
D4010.contig1224	506	21	3
D4010.contig1225	505	135	8
D4010.contig1226	505	156	11
D4010.contig1227	504	93	14
D4010.contig1228	504	233	10
D4010.contig1229	504	81	10
D4010.contig1230	504	94	8
D4010.contig1231	504	93	4
D4010.contig1232	503	55	8
D4010.contig1233	503	91	11
D4010.contig1234	503	107	19
D4010.contig1235	503	126	7
D4010.contig1236	503	226	16
D4010.contig1237	501	25	4
D4010.contig1238	501	73	5
D4010.contig1239	500	52	3
D4010.contig1240	500	21	2
D4010.contig1241	499	865	66
D4010.contig1242	498	110	8
D4010.contig1243	497	30	3
D4010.contig1244	496	1168	59
D4010.contig1245	494	48	3
D4010.contig1246	493	14	0
D4010.contig1247	493	95	7
D4010.contig1248	492	144	8
D4010.contig1249	492	1122	51
D4010.contig1250	491	11765	724
D4010.contig1251	490	52	6
D4010.contig1252	489	96	13
D4010.contig1253	489	103	2
D4010.contig1254	489	90	11
D4010.contig1255	488	452	17
D4010.contig1256	487	168	11
D4010.contig1257	487	48	5
D4010.contig1258	486	2879	1635
D4010.contig1259	485	108	10
D4010.contig1260	485	108	9
D4010.contig1261	485	161	20
D4010.contig1262	485	144	4
D4010.contig1263	484	51	5
D4010.contig1264	484	117	5
D4010.contig1265	484	56	9
D4010.contig1266	482	80	6
D4010.contig1267	481	55	9
D4010.contig1268	481	3510	1254
D4010.contig1269	481	97	5
D4010.contig1270	480	142	12
D4010.contig1271	480	71	3
D4010.contig1272	480	76	11
D4010.contig1273	478	26	6
D4010.contig1274	478	123	12
D4010.contig1275	477	49	3
D4010.contig1276	477	111	21
D4010.contig1277	476	82	13
D4010.contig1278	476	166	5
D4010.contig1279	476	126	11
D4010.contig1280	475	145	71
D4010.contig1281	475	39	5
D4010.contig1282	475	279	40
D4010.contig1283	474	50	11
D4010.contig1284	474	1462	955
D4010.contig1285	473	29	2
D4010.contig1286	473	137	7
D4010.contig1287	473	47	8
D4010.contig1288	472	311	56
D4010.contig1289	472	0	0
D4010.contig1290	472	153	12
D4010.contig1291	471	1886	73
D4010.contig1292	470	93	16
D4010.contig1293	470	1689	592
D4010.contig1294	470	75	8
D4010.contig1295	470	131	11
D4010.contig1296	469	128	14
D4010.contig1297	468	0	0
D4010.contig1298	466	33	3
D4010.contig1299	466	44	9
D4010.contig1300	465	115	5
D4010.contig1301	465	94	8
D4010.contig1302	465	52	9
D4010.contig1303	464	117	9
D4010.contig1304	464	91	10
D4010.contig1305	463	90	6
D4010.contig1306	463	664	179
D4010.contig1307	462	63	1
D4010.contig1308	462	207	81
D4010.contig1309	462	218	80
D4010.contig1310	462	87	5
D4010.contig1311	458	4981	494
D4010.contig1312	458	150	53
D4010.contig1313	457	20	5
D4010.contig1314	456	62	7
D4010.contig1315	455	65	7
D4010.contig1316	454	77	10
D4010.contig1317	454	171	11
D4010.contig1318	454	69	5
D4010.contig1319	453	34	14
D4010.contig1320	452	72	3
D4010.contig1321	452	151	45
D4010.contig1322	451	58	7
D4010.contig1323	451	98	21
D4010.contig1324	450	156	11
D4010.contig1325	450	45	5
D4010.contig1326	449	114	9
D4010.contig1327	449	114	10
D4010.contig1328	449	106	6
D4010.contig1329	449	48	7
D4010.contig1330	448	0	0
D4010.contig1331	448	0	0
D4010.contig1332	447	140	23
D4010.contig1333	447	76	4
D4010.contig1334	447	67	5
D4010.contig1335	446	1486	117
D4010.contig1336	445	23	1
D4010.contig1337	445	41	2
D4010.contig1338	445	751	287
D4010.contig1339	444	127	17
D4010.contig1340	444	91	6
D4010.contig1341	444	211	12
D4010.contig1342	443	73	9
D4010.contig1343	443	62	6
D4010.contig1344	442	121	34
D4010.contig1345	442	66	2
D4010.contig1346	440	117	24
D4010.contig1347	440	91	8
D4010.contig1348	439	2180	176
D4010.contig1349	438	116	13
D4010.contig1350	438	0	0
D4010.contig1351	435	82	8
D4010.contig1352	435	48	1
D4010.contig1353	434	32	1
D4010.contig1354	434	43	8
D4010.contig1355	434	35	1
D4010.contig1356	434	67	16
D4010.contig1357	434	0	0
D4010.contig1358	434	50	6
D4010.contig1359	433	35	0
D4010.contig1360	432	75	14
D4010.contig1361	432	0	0
D4010.contig1362	432	86	10
D4010.contig1363	430	20	1
D4010.contig1364	430	147	10
D4010.contig1365	429	110	14
D4010.contig1366	429	92	7
D4010.contig1367	429	339	59
D4010.contig1368	428	102	7
D4010.contig1369	428	81	5
D4010.contig1370	428	43	3
D4010.contig1371	428	62	4
D4010.contig1372	428	91	7
D4010.contig1373	428	100	16
D4010.contig1374	427	44	3
D4010.contig1375	427	837	482
D4010.contig1376	426	75	4
D4010.contig1377	426	76	7
D4010.contig1378	426	88	6
D4010.contig1379	426	70	8
D4010.contig1380	425	499	334
D4010.contig1381	425	47	4
D4010.contig1382	424	27	3
D4010.contig1383	422	33	4
D4010.contig1384	422	30	2
D4010.contig1385	422	36	2
D4010.contig1386	420	73	4
D4010.contig1387	420	17	1
D4010.contig1388	420	36	2
D4010.contig1389	420	762	527
D4010.contig1390	419	293	67
D4010.contig1391	419	181	14
D4010.contig1392	419	36	5
D4010.contig1393	419	60	8
D4010.contig1394	418	92	6
D4010.contig1395	417	184	24
D4010.contig1396	416	41	8
D4010.contig1397	416	65	5
D4010.contig1398	416	48	5
D4010.contig1399	415	0	0
D4010.contig1400	415	37	3
D4010.contig1401	415	276	19
D4010.contig1402	415	100	15
D4010.contig1403	413	48	3
D4010.contig1404	412	207	30
D4010.contig1405	412	245	23
D4010.contig1406	412	707	42
D4010.contig1407	412	169	7
D4010.contig1408	411	96	11
D4010.contig1409	411	20	5
D4010.contig1410	410	0	0
D4010.contig1411	410	28	3
D4010.contig1412	409	82	6
D4010.contig1413	409	0	0
D4010.contig1414	408	0	0
D4010.contig1415	408	54	7
D4010.contig1416	407	167	20
D4010.contig1417	407	11	1
D4010.contig1418	406	32	3
D4010.contig1419	406	83	10
D4010.contig1420	405	147	8
D4010.contig1421	405	494	28
D4010.contig1422	405	21	4
D4010.contig1423	405	65	5
D4010.contig1424	404	30	5
D4010.contig1425	404	91	15
D4010.contig1426	403	0	0
D4010.contig1427	403	50	5
D4010.contig1428	402	48	3
D4010.contig1429	402	308	31
D4010.contig1430	402	0	0
D4010.contig1431	401	82	14
D4010.contig1432	401	90	11
D4010.contig1433	401	20	1
D4010.contig1434	401	60	4
D4010.contig1435	401	0	0
D4010.contig1436	400	56	6
D4010.contig1437	398	84	7
D4010.contig1438	398	63	14
D4010.contig1439	398	60	4
D4010.contig1440	398	0	0
D4010.contig1441	397	265	13
D4010.contig1442	397	3926	257
D4010.contig1443	397	754	41
D4010.contig1444	397	81	14
D4010.contig1445	397	23	2
D4010.contig1446	396	150	6
D4010.contig1447	396	101	19
D4010.contig1448	396	0	0
D4010.contig1449	395	84	7
D4010.contig1450	395	67	15
D4010.contig1451	394	10	1
D4010.contig1452	394	404	258
D4010.contig1453	394	126	13
D4010.contig1454	393	40	3
D4010.contig1455	393	77	2
D4010.contig1456	392	62	5
D4010.contig1457	391	81	12
D4010.contig1458	391	193	11
D4010.contig1459	391	167	4
D4010.contig1460	391	62	5
D4010.contig1461	390	49	4
D4010.contig1462	390	5460	803
D4010.contig1463	389	954	96
D4010.contig1464	389	0	0
D4010.contig1465	389	845	46
D4010.contig1466	388	0	0
D4010.contig1467	388	118	10
D4010.contig1468	388	34	5
D4010.contig1469	388	117	11
D4010.contig1470	388	24	4
D4010.contig1471	388	63	2
D4010.contig1472	387	3996	2209
D4010.contig1473	387	56	6
D4010.contig1474	387	295	61
D4010.contig1475	387	80	1
D4010.contig1476	387	35	6
D4010.contig1477	386	0	0
D4010.contig1478	385	55	4
D4010.contig1479	384	64	7
D4010.contig1480	384	46	4
D4010.contig1481	383	25	0
D4010.contig1482	383	24	8
D4010.contig1483	383	94	15
D4010.contig1484	383	33	3
D4010.contig1485	382	95	16
D4010.contig1486	381	51	7
D4010.contig1487	381	158	17
D4010.contig1488	381	0	0
D4010.contig1489	381	0	0
D4010.contig1490	381	91	5
D4010.contig1491	381	370	73
D4010.contig1492	380	116	7
D4010.contig1493	380	77	14
D4010.contig1494	380	0	0
D4010.contig1495	379	23	2
D4010.contig1496	378	17	3
D4010.contig1497	378	415	158
D4010.contig1498	378	25	2
D4010.contig1499	378	100	10
D4010.contig1500	378	551	154
D4010.contig1501	378	51	7
D4010.contig1502	376	39	3
D4010.contig1503	376	135	39
D4010.contig1504	375	110	15
D4010.contig1505	375	3884	2275
D4010.contig1506	375	0	0
D4010.contig1507	375	178	10
D4010.contig1508	374	2459	1566
D4010.contig1509	373	12	1
D4010.contig1510	372	67	5
D4010.contig1511	371	63	5
D4010.contig1512	371	210	15
D4010.contig1513	370	68	5
D4010.contig1514	370	81	53
D4010.contig1515	370	37	6
D4010.contig1516	369	784	522
D4010.contig1517	368	48	4
D4010.contig1518	368	42	5
D4010.contig1519	368	59	1
D4010.contig1520	368	109	13
D4010.contig1521	367	41	12
D4010.contig1522	367	134	21
D4010.contig1523	366	32	9
D4010.contig1524	366	19	1
D4010.contig1525	366	22	3
D4010.contig1526	365	95	7
D4010.contig1527	365	24	4
D4010.contig1528	365	161	19
D4010.contig1529	365	205	33
D4010.contig1530	365	24	3
D4010.contig1531	365	158	27
D4010.contig1532	364	0	0
D4010.contig1533	364	32	4
D4010.contig1534	364	81	11
D4010.contig1535	364	185	13
D4010.contig1536	364	40	2
D4010.contig1537	364	0	0
D4010.contig1538	363	18	3
D4010.contig1539	363	514	326
D4010.contig1540	362	0	0
D4010.contig1541	362	860	95
D4010.contig1542	361	79	10
D4010.contig1543	361	154	11
D4010.contig1544	361	56	3
D4010.contig1545	360	54	3
D4010.contig1546	360	48	5
D4010.contig1547	359	34	0
D4010.contig1548	359	9	2
D4010.contig1549	359	59	8
D4010.contig1550	359	23	7
D4010.contig1551	358	113	24
D4010.contig1552	358	149	17
D4010.contig1553	357	2227	108
D4010.contig1554	357	68	4
D4010.contig1555	357	66	2
D4010.contig1556	357	93	19
D4010.contig1557	357	58	8
D4010.contig1558	356	33	5
D4010.contig1559	356	192	72
D4010.contig1560	356	55	1
D4010.contig1561	355	51	2
D4010.contig1562	355	42	2
D4010.contig1563	355	0	0
D4010.contig1564	355	20	3
D4010.contig1565	354	318	16
D4010.contig1566	354	0	0
D4010.contig1567	354	14	0
D4010.contig1568	354	54	0
D4010.contig1569	354	18	0
D4010.contig1570	353	145	38
D4010.contig1571	353	98	8
D4010.contig1572	353	192	54
D4010.contig1573	353	91	7
D4010.contig1574	352	119	6
D4010.contig1575	352	55	10
D4010.contig1576	352	0	0
D4010.contig1577	351	95	10
D4010.contig1578	350	27	2
D4010.contig1579	350	50	6
D4010.contig1580	350	44	0
D4010.contig1581	349	61	10
D4010.contig1582	349	42	3
D4010.contig1583	349	49	7
D4010.contig1584	348	141	14
D4010.contig1585	348	60	10
D4010.contig1586	348	91	5
D4010.contig1587	348	82	6
D4010.contig1588	347	98	4
D4010.contig1589	347	10	0
D4010.contig1590	347	86	5
D4010.contig1591	346	58	10
D4010.contig1592	346	31	0
D4010.contig1593	346	0	0
D4010.contig1594	346	45	5
D4010.contig1595	346	25	0
D4010.contig1596	346	41	4
D4010.contig1597	346	113	12
D4010.contig1598	345	0	0
D4010.contig1599	345	9	1
D4010.contig1600	345	0	0
D4010.contig1601	344	8252	4331
D4010.contig1602	344	147	86
D4010.contig1603	344	0	0
D4010.contig1604	344	0	0
D4010.contig1605	344	0	0
D4010.contig1606	344	45	5
D4010.contig1607	343	49	6
D4010.contig1608	342	18	3
D4010.contig1609	342	19	6
D4010.contig1610	342	550	34
D4010.contig1611	342	56	6
D4010.contig1612	342	38	3
D4010.contig1613	341	99	10
D4010.contig1614	341	0	0
D4010.contig1615	340	77	6
D4010.contig1616	340	45	3
D4010.contig1617	340	113	11
D4010.contig1618	340	26	7
D4010.contig1619	340	28	3
D4010.contig1620	339	23	3
D4010.contig1621	339	27	4
D4010.contig1622	339	63	8
D4010.contig1623	339	104	6
D4010.contig1624	339	40	2
D4010.contig1625	338	56	10
D4010.contig1626	338	25	5
D4010.contig1627	337	81	18
D4010.contig1628	337	38	2
D4010.contig1629	337	2044	1392
D4010.contig1630	336	0	0
D4010.contig1631	336	66	10
D4010.contig1632	336	22	2
D4010.contig1633	335	3482	1931
D4010.contig1634	335	0	0
D4010.contig1635	335	17	4
D4010.contig1636	334	58	6
D4010.contig1637	334	19	4
D4010.contig1638	334	22	4
D4010.contig1639	333	71	2
D4010.contig1640	333	0	0
D4010.contig1641	333	0	0
D4010.contig1642	333	18	8
D4010.contig1643	333	5212	1480
D4010.contig1644	332	30	3
D4010.contig1645	331	26	2
D4010.contig1646	331	37	7
D4010.contig1647	331	24	4
D4010.contig1648	331	146	4
D4010.contig1649	330	86	22
D4010.contig1650	329	51	3
D4010.contig1651	329	46	5
D4010.contig1652	328	9	0
D4010.contig1653	328	0	0
D4010.contig1654	328	658	404
D4010.contig1655	328	71	6
D4010.contig1656	328	1561	73
D4010.contig1657	327	19	1
D4010.contig1658	327	74	10
D4010.contig1659	327	16	3
D4010.contig1660	327	36	0
D4010.contig1661	327	99	6
D4010.contig1662	327	33	5
D4010.contig1663	326	106	12
D4010.contig1664	326	0	0
D4010.contig1665	325	101	9
D4010.contig1666	324	0	0
D4010.contig1667	324	77	17
D4010.contig1668	324	98	9
D4010.contig1669	324	23	7
D4010.contig1670	324	57	11
D4010.contig1671	324	1547	734
D4010.contig1672	323	19	2
D4010.contig1673	323	0	0
D4010.contig1674	323	32	10
D4010.contig1675	322	31	0
D4010.contig1676	322	151	14
D4010.contig1677	322	26	4
D4010.contig1678	322	27	6
D4010.contig1679	322	1	0
D4010.contig1680	321	36	2
D4010.contig1681	321	12	1
D4010.contig1682	321	731	32
D4010.contig1683	321	50	4
D4010.contig1684	321	49	3
D4010.contig1685	321	48	17
D4010.contig1686	320	38	4
D4010.contig1687	320	76	9
D4010.contig1688	319	36	6
D4010.contig1689	319	65	9
D4010.contig1690	319	0	0
D4010.contig1691	319	87	13
D4010.contig1692	318	50	5
D4010.contig1693	318	0	0
D4010.contig1694	318	106	9
D4010.contig1695	318	0	0
D4010.contig1696	318	0	0
D4010.contig1697	317	93	38
D4010.contig1698	316	22	1
D4010.contig1699	316	25	6
D4010.contig1700	316	0	0
D4010.contig1701	316	41	8
D4010.contig1702	316	25	0
D4010.contig1703	316	35	4
D4010.contig1704	315	0	0
D4010.contig1705	315	204	32
D4010.contig1706	315	0	0
D4010.contig1707	315	101	8
D4010.contig1708	315	97	9
D4010.contig1709	314	42	5
D4010.contig1710	314	19	10
D4010.contig1711	313	27	2
D4010.contig1712	313	55	6
D4010.contig1713	313	19	2
D4010.contig1714	313	53	3
D4010.contig1715	313	0	0
D4010.contig1716	313	52	9
D4010.contig1717	312	44	3
D4010.contig1718	312	58	5
D4010.contig1719	312	46	4
D4010.contig1720	311	39	5
D4010.contig1721	311	73	9
D4010.contig1722	311	110	8
D4010.contig1723	311	57	1
D4010.contig1724	310	28	3
D4010.contig1725	310	6	1
D4010.contig1726	310	1691	623
D4010.contig1727	310	22	6
D4010.contig1728	310	0	0
D4010.contig1729	309	37	3
D4010.contig1730	309	74	18
D4010.contig1731	309	38	2
D4010.contig1732	309	62	13
D4010.contig1733	309	48	19
D4010.contig1734	309	111	10
D4010.contig1735	309	52	1
D4010.contig1736	309	107	18
D4010.contig1737	308	35	1
D4010.contig1738	308	261	13
D4010.contig1739	308	424	331
D4010.contig1740	308	105	20
D4010.contig1741	308	0	0
D4010.contig1742	308	341	13
D4010.contig1743	308	18	1
D4010.contig1744	307	25	5
D4010.contig1745	307	56	9
D4010.contig1746	307	819	624
D4010.contig1747	307	119	10
D4010.contig1748	306	77	11
D4010.contig1749	306	6890	4110
D4010.contig1750	306	24	3
D4010.contig1751	306	104	10
D4010.contig1752	306	14	1
D4010.contig1753	305	40	15
D4010.contig1754	305	28	2
D4010.contig1755	304	57	12
D4010.contig1756	304	27	4
D4010.contig1757	304	0	0
D4010.contig1758	304	15	2
D4010.contig1759	304	16	2
D4010.contig1760	303	30	1
D4010.contig1761	303	93	21
D4010.contig1762	303	39	4
D4010.contig1763	303	29	4
D4010.contig1764	302	15	1
D4010.contig1765	302	262	12
D4010.contig1766	302	72	2
D4010.contig1767	302	44	3
D4010.contig1768	302	11	7
D4010.contig1769	301	19	6
D4010.contig1770	301	140	7
D4010.contig1771	301	3	0
D4010.contig1772	300	23	9
*	0	0	72307596
