RT2.contig1	1915	3268584	221986
RT2.contig2	1135	3408271	341159
RT2.contig3	867	115	1
RT2.contig4	817	122	1
RT2.contig5	789	2309	100
RT2.contig6	781	9958	1193
RT2.contig7	742	941544	77520
RT2.contig8	732	82471	37608
RT2.contig9	709	8409	2081
RT2.contig10	646	12518	1693
RT2.contig11	639	206014	70945
RT2.contig12	592	15584	4271
RT2.contig13	583	47	1
RT2.contig14	526	7927	1869
RT2.contig15	524	34	1
RT2.contig16	479	9	3
RT2.contig17	469	1205	253
RT2.contig18	444	54681	5017
RT2.contig19	443	194590	84242
RT2.contig20	427	859	76
RT2.contig21	393	266	107
RT2.contig22	392	1687	419
RT2.contig23	375	55704	18717
RT2.contig24	366	3319	591
RT2.contig25	354	37041	11319
RT2.contig26	347	12	0
RT2.contig27	346	20	0
RT2.contig28	342	102	2
RT2.contig29	339	1130	477
RT2.contig30	336	39433	11346
RT2.contig31	312	256839	112351
RT2.contig32	306	19755	6421
RT2.contig33	305	61882	30463
RT2.contig34	302	45306	10986
*	0	0	17567132
