D3941.contig1	41391	22	8
D3941.contig2	39771	0	0
D3941.contig3	37074	4	2
D3941.contig4	34013	14	8
D3941.contig5	32331	0	0
D3941.contig6	31277	205	145
D3941.contig7	30499	0	0
D3941.contig8	22962	0	0
D3941.contig9	22434	0	0
D3941.contig10	19726	0	0
D3941.contig11	19125	0	0
D3941.contig12	17433	0	0
D3941.contig13	14400	0	0
D3941.contig14	13975	0	0
D3941.contig15	13542	3313	1139
D3941.contig16	13374	0	0
D3941.contig17	13007	240	206
D3941.contig18	12576	0	0
D3941.contig19	12256	12	12
D3941.contig20	11785	0	0
D3941.contig21	10936	2452	1740
D3941.contig22	10895	0	0
D3941.contig23	10695	0	0
D3941.contig24	10480	0	0
D3941.contig25	10050	0	0
D3941.contig26	9868	0	0
D3941.contig27	9425	0	0
D3941.contig28	9418	2	0
D3941.contig29	9391	0	0
D3941.contig30	9204	0	0
D3941.contig31	9099	0	0
D3941.contig32	9056	0	0
D3941.contig33	8321	0	0
D3941.contig34	8220	3	3
D3941.contig35	8056	0	0
D3941.contig36	7870	0	0
D3941.contig37	7649	0	0
D3941.contig38	7638	0	0
D3941.contig39	7459	0	0
D3941.contig40	7360	0	0
D3941.contig41	7352	0	0
D3941.contig42	7165	0	0
D3941.contig43	7065	0	0
D3941.contig44	7045	0	0
D3941.contig45	6904	16120	11826
D3941.contig46	6820	0	0
D3941.contig47	6655	0	0
D3941.contig48	6159	0	0
D3941.contig49	6120	0	0
D3941.contig50	6043	0	0
D3941.contig51	5958	54	26
D3941.contig52	5867	0	0
D3941.contig53	5858	0	0
D3941.contig54	5821	0	0
D3941.contig55	5789	0	0
D3941.contig56	5712	0	0
D3941.contig57	5592	0	0
D3941.contig58	5549	0	0
D3941.contig59	5538	0	0
D3941.contig60	5397	0	0
D3941.contig61	5327	290	16
D3941.contig62	5188	0	0
D3941.contig63	5136	124	110
D3941.contig64	5075	4	0
D3941.contig65	5042	5	1
D3941.contig66	5034	0	0
D3941.contig67	4958	0	0
D3941.contig68	4921	0	0
D3941.contig69	4916	0	0
D3941.contig70	4854	0	0
D3941.contig71	4769	0	0
D3941.contig72	4716	0	0
D3941.contig73	4654	0	0
D3941.contig74	4602	2	1
D3941.contig75	4428	0	0
D3941.contig76	4347	0	0
D3941.contig77	4294	0	0
D3941.contig78	4289	47	11
D3941.contig79	4265	0	0
D3941.contig80	4189	0	0
D3941.contig81	4145	0	0
D3941.contig82	4069	0	0
D3941.contig83	3949	0	0
D3941.contig84	3906	0	0
D3941.contig85	3762	0	0
D3941.contig86	3699	0	0
D3941.contig87	3648	0	0
D3941.contig88	3599	0	0
D3941.contig89	3588	0	0
D3941.contig90	3581	0	0
D3941.contig91	3554	0	0
D3941.contig92	3531	1	1
D3941.contig93	3527	0	0
D3941.contig94	3525	0	0
D3941.contig95	3466	0	0
D3941.contig96	3445	0	0
D3941.contig97	3364	0	0
D3941.contig98	3325	0	0
D3941.contig99	3285	0	0
D3941.contig100	3282	0	0
D3941.contig101	3162	0	0
D3941.contig102	3144	0	0
D3941.contig103	3076	0	0
D3941.contig104	3061	0	0
D3941.contig105	3061	0	0
D3941.contig106	3011	0	0
D3941.contig107	2981	0	0
D3941.contig108	2961	0	0
D3941.contig109	2923	0	0
D3941.contig110	2916	0	0
D3941.contig111	2908	0	0
D3941.contig112	2884	0	0
D3941.contig113	2874	0	0
D3941.contig114	2842	0	0
D3941.contig115	2830	0	0
D3941.contig116	2816	0	0
D3941.contig117	2792	0	0
D3941.contig118	2779	0	0
D3941.contig119	2778	0	0
D3941.contig120	2724	0	0
D3941.contig121	2717	0	0
D3941.contig122	2714	0	0
D3941.contig123	2638	0	0
D3941.contig124	2627	0	0
D3941.contig125	2581	0	0
D3941.contig126	2571	0	0
D3941.contig127	2567	0	0
D3941.contig128	2486	0	0
D3941.contig129	2486	0	0
D3941.contig130	2466	0	0
D3941.contig131	2464	0	0
D3941.contig132	2452	0	0
D3941.contig133	2444	2	0
D3941.contig134	2404	0	0
D3941.contig135	2401	48395	2034
D3941.contig136	2400	0	0
D3941.contig137	2391	0	0
D3941.contig138	2390	0	0
D3941.contig139	2375	0	0
D3941.contig140	2314	0	0
D3941.contig141	2299	0	0
D3941.contig142	2284	0	0
D3941.contig143	2267	0	0
D3941.contig144	2254	0	0
D3941.contig145	2243	0	0
D3941.contig146	2239	0	0
D3941.contig147	2215	0	0
D3941.contig148	2187	0	0
D3941.contig149	2147	0	0
D3941.contig150	2123	0	0
D3941.contig151	2104	2	0
D3941.contig152	2104	0	0
D3941.contig153	2086	0	0
D3941.contig154	2081	0	0
D3941.contig155	2080	0	0
D3941.contig156	2078	102735	5196
D3941.contig157	2052	0	0
D3941.contig158	2037	0	0
D3941.contig159	2022	0	0
D3941.contig160	2017	0	0
D3941.contig161	1997	0	0
D3941.contig162	1993	0	0
D3941.contig163	1990	0	0
D3941.contig164	1970	0	0
D3941.contig165	1967	0	0
D3941.contig166	1966	0	0
D3941.contig167	1956	0	0
D3941.contig168	1952	0	0
D3941.contig169	1935	0	0
D3941.contig170	1932	0	0
D3941.contig171	1922	0	0
D3941.contig172	1916	19	1
D3941.contig173	1915	0	0
D3941.contig174	1913	0	0
D3941.contig175	1872	0	0
D3941.contig176	1856	0	0
D3941.contig177	1850	0	0
D3941.contig178	1824	0	0
D3941.contig179	1818	0	0
D3941.contig180	1732	0	0
D3941.contig181	1721	0	0
D3941.contig182	1717	0	0
D3941.contig183	1714	0	0
D3941.contig184	1711	0	0
D3941.contig185	1709	0	0
D3941.contig186	1703	0	0
D3941.contig187	1688	0	0
D3941.contig188	1687	0	0
D3941.contig189	1661	0	0
D3941.contig190	1659	0	0
D3941.contig191	1658	0	0
D3941.contig192	1645	0	0
D3941.contig193	1633	0	0
D3941.contig194	1615	0	0
D3941.contig195	1615	0	0
D3941.contig196	1603	0	0
D3941.contig197	1596	0	0
D3941.contig198	1590	0	0
D3941.contig199	1588	0	0
D3941.contig200	1588	0	0
D3941.contig201	1585	0	0
D3941.contig202	1581	1	1
D3941.contig203	1580	0	0
D3941.contig204	1579	0	0
D3941.contig205	1569	0	0
D3941.contig206	1567	0	0
D3941.contig207	1561	0	0
D3941.contig208	1560	0	0
D3941.contig209	1550	0	0
D3941.contig210	1544	0	0
D3941.contig211	1525	0	0
D3941.contig212	1521	0	0
D3941.contig213	1521	0	0
D3941.contig214	1517	0	0
D3941.contig215	1510	0	0
D3941.contig216	1495	0	0
D3941.contig217	1494	0	0
D3941.contig218	1493	0	0
D3941.contig219	1491	0	0
D3941.contig220	1483	0	0
D3941.contig221	1466	1	1
D3941.contig222	1451	0	0
D3941.contig223	1432	0	0
D3941.contig224	1430	0	0
D3941.contig225	1426	0	0
D3941.contig226	1424	0	0
D3941.contig227	1424	0	0
D3941.contig228	1423	0	0
D3941.contig229	1406	0	0
D3941.contig230	1402	0	0
D3941.contig231	1396	0	0
D3941.contig232	1391	0	0
D3941.contig233	1391	0	0
D3941.contig234	1388	0	0
D3941.contig235	1386	0	0
D3941.contig236	1381	0	0
D3941.contig237	1380	0	0
D3941.contig238	1379	0	0
D3941.contig239	1377	0	0
D3941.contig240	1368	0	0
D3941.contig241	1348	0	0
D3941.contig242	1326	0	0
D3941.contig243	1322	0	0
D3941.contig244	1319	0	0
D3941.contig245	1313	20	4
D3941.contig246	1313	1	1
D3941.contig247	1312	0	0
D3941.contig248	1298	0	0
D3941.contig249	1297	0	0
D3941.contig250	1292	0	0
D3941.contig251	1290	0	0
D3941.contig252	1289	0	0
D3941.contig253	1289	5	0
D3941.contig254	1283	0	0
D3941.contig255	1283	0	0
D3941.contig256	1280	0	0
D3941.contig257	1280	0	0
D3941.contig258	1275	0	0
D3941.contig259	1273	0	0
D3941.contig260	1270	0	0
D3941.contig261	1263	0	0
D3941.contig262	1263	0	0
D3941.contig263	1263	0	0
D3941.contig264	1259	0	0
D3941.contig265	1247	0	0
D3941.contig266	1244	0	0
D3941.contig267	1243	0	0
D3941.contig268	1237	0	0
D3941.contig269	1236	0	0
D3941.contig270	1232	0	0
D3941.contig271	1230	0	0
D3941.contig272	1230	0	0
D3941.contig273	1229	0	0
D3941.contig274	1228	0	0
D3941.contig275	1222	0	0
D3941.contig276	1220	0	0
D3941.contig277	1216	0	0
D3941.contig278	1212	0	0
D3941.contig279	1207	0	0
D3941.contig280	1205	0	0
D3941.contig281	1190	0	0
D3941.contig282	1189	0	0
D3941.contig283	1185	0	0
D3941.contig284	1183	0	0
D3941.contig285	1170	0	0
D3941.contig286	1168	0	0
D3941.contig287	1167	0	0
D3941.contig288	1164	0	0
D3941.contig289	1160	0	0
D3941.contig290	1159	0	0
D3941.contig291	1159	0	0
D3941.contig292	1158	0	0
D3941.contig293	1150	0	0
D3941.contig294	1149	0	0
D3941.contig295	1144	0	0
D3941.contig296	1137	0	0
D3941.contig297	1129	0	0
D3941.contig298	1125	0	0
D3941.contig299	1124	0	0
D3941.contig300	1120	0	0
D3941.contig301	1119	0	0
D3941.contig302	1100	0	0
D3941.contig303	1099	0	0
D3941.contig304	1097	0	0
D3941.contig305	1096	0	0
D3941.contig306	1094	0	0
D3941.contig307	1086	0	0
D3941.contig308	1085	0	0
D3941.contig309	1081	0	0
D3941.contig310	1078	0	0
D3941.contig311	1078	0	0
D3941.contig312	1077	0	0
D3941.contig313	1074	0	0
D3941.contig314	1071	0	0
D3941.contig315	1071	0	0
D3941.contig316	1062	0	0
D3941.contig317	1061	0	0
D3941.contig318	1058	0	0
D3941.contig319	1058	0	0
D3941.contig320	1058	0	0
D3941.contig321	1057	0	0
D3941.contig322	1056	0	0
D3941.contig323	1054	0	0
D3941.contig324	1053	0	0
D3941.contig325	1046	0	0
D3941.contig326	1045	0	0
D3941.contig327	1044	0	0
D3941.contig328	1037	210104	23945
D3941.contig329	1032	0	0
D3941.contig330	1030	0	0
D3941.contig331	1030	0	0
D3941.contig332	1027	0	0
D3941.contig333	1021	0	0
D3941.contig334	1017	0	0
D3941.contig335	1012	0	0
D3941.contig336	1012	25376	1620
D3941.contig337	1012	0	0
D3941.contig338	1011	0	0
D3941.contig339	1011	0	0
D3941.contig340	1009	0	0
D3941.contig341	1006	0	0
D3941.contig342	1004	0	0
D3941.contig343	999	0	0
D3941.contig344	998	0	0
D3941.contig345	997	0	0
D3941.contig346	995	0	0
D3941.contig347	994	0	0
D3941.contig348	992	0	0
D3941.contig349	992	1	1
D3941.contig350	991	0	0
D3941.contig351	989	0	0
D3941.contig352	987	0	0
D3941.contig353	987	0	0
D3941.contig354	982	0	0
D3941.contig355	980	0	0
D3941.contig356	975	0	0
D3941.contig357	974	0	0
D3941.contig358	965	0	0
D3941.contig359	965	0	0
D3941.contig360	964	0	0
D3941.contig361	962	7	2
D3941.contig362	962	0	0
D3941.contig363	958	0	0
D3941.contig364	954	0	0
D3941.contig365	954	0	0
D3941.contig366	953	0	0
D3941.contig367	953	0	0
D3941.contig368	948	0	0
D3941.contig369	947	0	0
D3941.contig370	945	0	0
D3941.contig371	945	0	0
D3941.contig372	943	2	0
D3941.contig373	943	0	0
D3941.contig374	943	0	0
D3941.contig375	943	0	0
D3941.contig376	941	0	0
D3941.contig377	941	0	0
D3941.contig378	939	0	0
D3941.contig379	925	0	0
D3941.contig380	923	0	0
D3941.contig381	922	0	0
D3941.contig382	922	0	0
D3941.contig383	917	0	0
D3941.contig384	916	0	0
D3941.contig385	915	0	0
D3941.contig386	915	0	0
D3941.contig387	914	0	0
D3941.contig388	910	0	0
D3941.contig389	910	1	0
D3941.contig390	910	0	0
D3941.contig391	908	0	0
D3941.contig392	907	0	0
D3941.contig393	897	0	0
D3941.contig394	897	0	0
D3941.contig395	897	0	0
D3941.contig396	894	0	0
D3941.contig397	894	0	0
D3941.contig398	892	0	0
D3941.contig399	892	0	0
D3941.contig400	885	0	0
D3941.contig401	884	0	0
D3941.contig402	882	0	0
D3941.contig403	878	0	0
D3941.contig404	875	60	32
D3941.contig405	872	0	0
D3941.contig406	872	0	0
D3941.contig407	869	32208	25506
D3941.contig408	868	0	0
D3941.contig409	868	0	0
D3941.contig410	866	0	0
D3941.contig411	863	0	0
D3941.contig412	860	0	0
D3941.contig413	860	0	0
D3941.contig414	855	0	0
D3941.contig415	847	0	0
D3941.contig416	844	0	0
D3941.contig417	843	0	0
D3941.contig418	843	0	0
D3941.contig419	842	0	0
D3941.contig420	841	0	0
D3941.contig421	841	0	0
D3941.contig422	840	0	0
D3941.contig423	839	0	0
D3941.contig424	839	0	0
D3941.contig425	837	0	0
D3941.contig426	834	0	0
D3941.contig427	830	0	0
D3941.contig428	829	0	0
D3941.contig429	829	0	0
D3941.contig430	827	0	0
D3941.contig431	826	0	0
D3941.contig432	823	0	0
D3941.contig433	821	0	0
D3941.contig434	820	0	0
D3941.contig435	820	0	0
D3941.contig436	819	0	0
D3941.contig437	813	0	0
D3941.contig438	812	0	0
D3941.contig439	810	0	0
D3941.contig440	810	0	0
D3941.contig441	808	0	0
D3941.contig442	807	0	0
D3941.contig443	805	0	0
D3941.contig444	805	0	0
D3941.contig445	803	0	0
D3941.contig446	800	0	0
D3941.contig447	797	0	0
D3941.contig448	796	0	0
D3941.contig449	796	0	0
D3941.contig450	796	0	0
D3941.contig451	795	0	0
D3941.contig452	793	0	0
D3941.contig453	791	0	0
D3941.contig454	788	0	0
D3941.contig455	786	2	0
D3941.contig456	785	0	0
D3941.contig457	785	0	0
D3941.contig458	783	0	0
D3941.contig459	779	0	0
D3941.contig460	778	0	0
D3941.contig461	774	0	0
D3941.contig462	774	0	0
D3941.contig463	774	0	0
D3941.contig464	773	0	0
D3941.contig465	771	0	0
D3941.contig466	771	0	0
D3941.contig467	770	0	0
D3941.contig468	765	0	0
D3941.contig469	764	0	0
D3941.contig470	763	0	0
D3941.contig471	761	0	0
D3941.contig472	760	0	0
D3941.contig473	758	0	0
D3941.contig474	756	0	0
D3941.contig475	756	0	0
D3941.contig476	755	0	0
D3941.contig477	754	0	0
D3941.contig478	752	0	0
D3941.contig479	749	0	0
D3941.contig480	748	0	0
D3941.contig481	747	0	0
D3941.contig482	745	0	0
D3941.contig483	744	0	0
D3941.contig484	741	0	0
D3941.contig485	739	0	0
D3941.contig486	735	0	0
D3941.contig487	735	0	0
D3941.contig488	731	0	0
D3941.contig489	730	0	0
D3941.contig490	726	2	0
D3941.contig491	726	0	0
D3941.contig492	726	0	0
D3941.contig493	725	0	0
D3941.contig494	725	0	0
D3941.contig495	722	0	0
D3941.contig496	722	0	0
D3941.contig497	722	0	0
D3941.contig498	721	0	0
D3941.contig499	720	0	0
D3941.contig500	715	0	0
D3941.contig501	714	0	0
D3941.contig502	712	0	0
D3941.contig503	711	0	0
D3941.contig504	709	0	0
D3941.contig505	709	0	0
D3941.contig506	708	0	0
D3941.contig507	706	0	0
D3941.contig508	706	0	0
D3941.contig509	702	0	0
D3941.contig510	701	0	0
D3941.contig511	699	0	0
D3941.contig512	697	0	0
D3941.contig513	697	0	0
D3941.contig514	696	0	0
D3941.contig515	695	0	0
D3941.contig516	693	0	0
D3941.contig517	693	0	0
D3941.contig518	693	0	0
D3941.contig519	692	0	0
D3941.contig520	692	0	0
D3941.contig521	691	0	0
D3941.contig522	689	0	0
D3941.contig523	689	0	0
D3941.contig524	689	0	0
D3941.contig525	687	0	0
D3941.contig526	686	0	0
D3941.contig527	684	0	0
D3941.contig528	681	0	0
D3941.contig529	680	0	0
D3941.contig530	679	0	0
D3941.contig531	679	0	0
D3941.contig532	679	0	0
D3941.contig533	678	0	0
D3941.contig534	673	0	0
D3941.contig535	673	1	1
D3941.contig536	672	0	0
D3941.contig537	671	0	0
D3941.contig538	671	0	0
D3941.contig539	670	0	0
D3941.contig540	669	0	0
D3941.contig541	668	0	0
D3941.contig542	668	0	0
D3941.contig543	666	0	0
D3941.contig544	663	0	0
D3941.contig545	662	0	0
D3941.contig546	661	0	0
D3941.contig547	658	0	0
D3941.contig548	655	0	0
D3941.contig549	654	0	0
D3941.contig550	654	0	0
D3941.contig551	653	0	0
D3941.contig552	651	0	0
D3941.contig553	651	0	0
D3941.contig554	650	6	0
D3941.contig555	649	0	0
D3941.contig556	648	0	0
D3941.contig557	647	0	0
D3941.contig558	642	0	0
D3941.contig559	642	0	0
D3941.contig560	636	0	0
D3941.contig561	634	0	0
D3941.contig562	633	0	0
D3941.contig563	628	0	0
D3941.contig564	628	0	0
D3941.contig565	627	0	0
D3941.contig566	626	0	0
D3941.contig567	624	0	0
D3941.contig568	624	0	0
D3941.contig569	623	0	0
D3941.contig570	619	0	0
D3941.contig571	619	0	0
D3941.contig572	619	0	0
D3941.contig573	616	0	0
D3941.contig574	616	0	0
D3941.contig575	616	0	0
D3941.contig576	614	0	0
D3941.contig577	613	0	0
D3941.contig578	612	0	0
D3941.contig579	612	0	0
D3941.contig580	612	0	0
D3941.contig581	610	0	0
D3941.contig582	610	0	0
D3941.contig583	608	152049	26042
D3941.contig584	607	0	0
D3941.contig585	606	0	0
D3941.contig586	605	0	0
D3941.contig587	604	0	0
D3941.contig588	599	0	0
D3941.contig589	597	0	0
D3941.contig590	596	0	0
D3941.contig591	594	0	0
D3941.contig592	594	0	0
D3941.contig593	593	0	0
D3941.contig594	593	0	0
D3941.contig595	592	0	0
D3941.contig596	592	0	0
D3941.contig597	591	0	0
D3941.contig598	591	0	0
D3941.contig599	590	0	0
D3941.contig600	590	0	0
D3941.contig601	589	0	0
D3941.contig602	587	0	0
D3941.contig603	586	0	0
D3941.contig604	586	0	0
D3941.contig605	585	0	0
D3941.contig606	584	0	0
D3941.contig607	583	0	0
D3941.contig608	582	0	0
D3941.contig609	582	0	0
D3941.contig610	581	0	0
D3941.contig611	581	0	0
D3941.contig612	579	0	0
D3941.contig613	579	0	0
D3941.contig614	577	0	0
D3941.contig615	577	0	0
D3941.contig616	576	0	0
D3941.contig617	576	0	0
D3941.contig618	576	0	0
D3941.contig619	575	0	0
D3941.contig620	572	0	0
D3941.contig621	570	841	524
D3941.contig622	570	0	0
D3941.contig623	570	0	0
D3941.contig624	570	0	0
D3941.contig625	569	0	0
D3941.contig626	568	0	0
D3941.contig627	568	0	0
D3941.contig628	568	0	0
D3941.contig629	566	0	0
D3941.contig630	565	0	0
D3941.contig631	565	0	0
D3941.contig632	563	0	0
D3941.contig633	563	0	0
D3941.contig634	562	0	0
D3941.contig635	561	0	0
D3941.contig636	561	0	0
D3941.contig637	561	0	0
D3941.contig638	561	0	0
D3941.contig639	561	0	0
D3941.contig640	560	0	0
D3941.contig641	559	0	0
D3941.contig642	558	0	0
D3941.contig643	557	134760	49853
D3941.contig644	557	0	0
D3941.contig645	557	0	0
D3941.contig646	557	0	0
D3941.contig647	556	155	101
D3941.contig648	556	0	0
D3941.contig649	555	0	0
D3941.contig650	555	0	0
D3941.contig651	551	0	0
D3941.contig652	549	0	0
D3941.contig653	549	0	0
D3941.contig654	549	0	0
D3941.contig655	549	0	0
D3941.contig656	548	0	0
D3941.contig657	547	0	0
D3941.contig658	547	0	0
D3941.contig659	545	0	0
D3941.contig660	545	0	0
D3941.contig661	544	0	0
D3941.contig662	544	0	0
D3941.contig663	541	0	0
D3941.contig664	541	0	0
D3941.contig665	541	0	0
D3941.contig666	540	0	0
D3941.contig667	539	0	0
D3941.contig668	539	0	0
D3941.contig669	538	0	0
D3941.contig670	537	0	0
D3941.contig671	537	0	0
D3941.contig672	536	0	0
D3941.contig673	536	0	0
D3941.contig674	536	0	0
D3941.contig675	536	0	0
D3941.contig676	535	6	2
D3941.contig677	534	0	0
D3941.contig678	534	0	0
D3941.contig679	534	0	0
D3941.contig680	534	0	0
D3941.contig681	533	0	0
D3941.contig682	533	0	0
D3941.contig683	532	0	0
D3941.contig684	532	0	0
D3941.contig685	531	0	0
D3941.contig686	531	0	0
D3941.contig687	530	0	0
D3941.contig688	530	0	0
D3941.contig689	530	0	0
D3941.contig690	530	0	0
D3941.contig691	529	0	0
D3941.contig692	529	0	0
D3941.contig693	527	0	0
D3941.contig694	527	0	0
D3941.contig695	525	0	0
D3941.contig696	524	0	0
D3941.contig697	524	0	0
D3941.contig698	523	0	0
D3941.contig699	523	0	0
D3941.contig700	523	0	0
D3941.contig701	522	0	0
D3941.contig702	521	0	0
D3941.contig703	518	0	0
D3941.contig704	518	0	0
D3941.contig705	518	0	0
D3941.contig706	518	0	0
D3941.contig707	517	0	0
D3941.contig708	517	0	0
D3941.contig709	517	0	0
D3941.contig710	516	0	0
D3941.contig711	515	0	0
D3941.contig712	515	0	0
D3941.contig713	514	0	0
D3941.contig714	514	0	0
D3941.contig715	513	0	0
D3941.contig716	513	0	0
D3941.contig717	512	0	0
D3941.contig718	512	0	0
D3941.contig719	512	0	0
D3941.contig720	512	0	0
D3941.contig721	512	0	0
D3941.contig722	511	0	0
D3941.contig723	511	0	0
D3941.contig724	511	0	0
D3941.contig725	510	0	0
D3941.contig726	510	0	0
D3941.contig727	509	0	0
D3941.contig728	509	0	0
D3941.contig729	508	0	0
D3941.contig730	508	0	0
D3941.contig731	508	0	0
D3941.contig732	507	0	0
D3941.contig733	507	0	0
D3941.contig734	506	98954	31838
D3941.contig735	506	0	0
D3941.contig736	505	0	0
D3941.contig737	505	0	0
D3941.contig738	504	0	0
D3941.contig739	504	0	0
D3941.contig740	504	0	0
D3941.contig741	503	0	0
D3941.contig742	503	0	0
D3941.contig743	501	0	0
D3941.contig744	500	0	0
D3941.contig745	500	2	0
D3941.contig746	500	0	0
D3941.contig747	498	0	0
D3941.contig748	497	0	0
D3941.contig749	497	0	0
D3941.contig750	496	0	0
D3941.contig751	495	0	0
D3941.contig752	494	0	0
D3941.contig753	494	0	0
D3941.contig754	492	0	0
D3941.contig755	492	0	0
D3941.contig756	490	0	0
D3941.contig757	490	0	0
D3941.contig758	489	88	55
D3941.contig759	489	0	0
D3941.contig760	489	0	0
D3941.contig761	489	0	0
D3941.contig762	487	0	0
D3941.contig763	487	0	0
D3941.contig764	485	0	0
D3941.contig765	485	0	0
D3941.contig766	485	0	0
D3941.contig767	484	0	0
D3941.contig768	484	0	0
D3941.contig769	484	0	0
D3941.contig770	484	0	0
D3941.contig771	484	0	0
D3941.contig772	483	0	0
D3941.contig773	483	0	0
D3941.contig774	482	0	0
D3941.contig775	481	0	0
D3941.contig776	481	0	0
D3941.contig777	481	0	0
D3941.contig778	480	0	0
D3941.contig779	480	0	0
D3941.contig780	479	0	0
D3941.contig781	479	0	0
D3941.contig782	479	0	0
D3941.contig783	479	0	0
D3941.contig784	478	0	0
D3941.contig785	477	0	0
D3941.contig786	475	0	0
D3941.contig787	475	0	0
D3941.contig788	475	0	0
D3941.contig789	475	0	0
D3941.contig790	473	0	0
D3941.contig791	472	0	0
D3941.contig792	472	0	0
D3941.contig793	471	0	0
D3941.contig794	469	0	0
D3941.contig795	468	0	0
D3941.contig796	468	0	0
D3941.contig797	468	0	0
D3941.contig798	467	0	0
D3941.contig799	466	0	0
D3941.contig800	466	0	0
D3941.contig801	465	0	0
D3941.contig802	465	0	0
D3941.contig803	465	0	0
D3941.contig804	465	0	0
D3941.contig805	464	0	0
D3941.contig806	464	0	0
D3941.contig807	463	0	0
D3941.contig808	463	0	0
D3941.contig809	463	32	18
D3941.contig810	463	0	0
D3941.contig811	463	0	0
D3941.contig812	463	0	0
D3941.contig813	461	0	0
D3941.contig814	461	0	0
D3941.contig815	461	0	0
D3941.contig816	460	0	0
D3941.contig817	460	0	0
D3941.contig818	459	0	0
D3941.contig819	458	0	0
D3941.contig820	457	0	0
D3941.contig821	456	0	0
D3941.contig822	455	0	0
D3941.contig823	454	0	0
D3941.contig824	454	0	0
D3941.contig825	452	0	0
D3941.contig826	451	0	0
D3941.contig827	451	0	0
D3941.contig828	451	0	0
D3941.contig829	451	0	0
D3941.contig830	451	0	0
D3941.contig831	450	0	0
D3941.contig832	450	0	0
D3941.contig833	450	0	0
D3941.contig834	450	0	0
D3941.contig835	450	0	0
D3941.contig836	450	0	0
D3941.contig837	450	19	17
D3941.contig838	449	0	0
D3941.contig839	449	0	0
D3941.contig840	449	0	0
D3941.contig841	448	0	0
D3941.contig842	447	0	0
D3941.contig843	447	0	0
D3941.contig844	447	0	0
D3941.contig845	445	0	0
D3941.contig846	444	0	0
D3941.contig847	444	0	0
D3941.contig848	443	0	0
D3941.contig849	443	0	0
D3941.contig850	442	0	0
D3941.contig851	442	0	0
D3941.contig852	441	0	0
D3941.contig853	441	0	0
D3941.contig854	441	0	0
D3941.contig855	440	0	0
D3941.contig856	440	0	0
D3941.contig857	439	0	0
D3941.contig858	439	0	0
D3941.contig859	439	0	0
D3941.contig860	437	0	0
D3941.contig861	437	0	0
D3941.contig862	437	0	0
D3941.contig863	437	0	0
D3941.contig864	436	0	0
D3941.contig865	435	0	0
D3941.contig866	435	0	0
D3941.contig867	435	0	0
D3941.contig868	434	0	0
D3941.contig869	434	0	0
D3941.contig870	434	0	0
D3941.contig871	434	0	0
D3941.contig872	433	0	0
D3941.contig873	433	0	0
D3941.contig874	432	55048	3495
D3941.contig875	432	0	0
D3941.contig876	432	0	0
D3941.contig877	432	0	0
D3941.contig878	430	1669	378
D3941.contig879	430	0	0
D3941.contig880	429	0	0
D3941.contig881	429	0	0
D3941.contig882	429	15	7
D3941.contig883	429	0	0
D3941.contig884	428	0	0
D3941.contig885	428	0	0
D3941.contig886	428	0	0
D3941.contig887	427	0	0
D3941.contig888	426	0	0
D3941.contig889	426	0	0
D3941.contig890	426	0	0
D3941.contig891	425	0	0
D3941.contig892	425	0	0
D3941.contig893	425	0	0
D3941.contig894	424	0	0
D3941.contig895	424	0	0
D3941.contig896	423	0	0
D3941.contig897	423	0	0
D3941.contig898	422	0	0
D3941.contig899	422	0	0
D3941.contig900	422	0	0
D3941.contig901	421	0	0
D3941.contig902	419	0	0
D3941.contig903	418	0	0
D3941.contig904	418	0	0
D3941.contig905	418	0	0
D3941.contig906	418	0	0
D3941.contig907	418	0	0
D3941.contig908	417	0	0
D3941.contig909	417	0	0
D3941.contig910	417	0	0
D3941.contig911	416	0	0
D3941.contig912	416	0	0
D3941.contig913	416	0	0
D3941.contig914	415	0	0
D3941.contig915	414	0	0
D3941.contig916	412	0	0
D3941.contig917	412	0	0
D3941.contig918	412	0	0
D3941.contig919	412	10	8
D3941.contig920	412	0	0
D3941.contig921	411	0	0
D3941.contig922	410	0	0
D3941.contig923	410	0	0
D3941.contig924	410	0	0
D3941.contig925	409	0	0
D3941.contig926	409	0	0
D3941.contig927	407	0	0
D3941.contig928	407	0	0
D3941.contig929	407	0	0
D3941.contig930	405	0	0
D3941.contig931	405	0	0
D3941.contig932	405	0	0
D3941.contig933	405	0	0
D3941.contig934	404	0	0
D3941.contig935	404	0	0
D3941.contig936	404	29	21
D3941.contig937	404	0	0
D3941.contig938	403	0	0
D3941.contig939	403	0	0
D3941.contig940	403	0	0
D3941.contig941	403	0	0
D3941.contig942	402	0	0
D3941.contig943	402	0	0
D3941.contig944	401	0	0
D3941.contig945	401	2	0
D3941.contig946	401	0	0
D3941.contig947	401	0	0
D3941.contig948	400	0	0
D3941.contig949	400	0	0
D3941.contig950	399	0	0
D3941.contig951	399	0	0
D3941.contig952	399	0	0
D3941.contig953	398	0	0
D3941.contig954	398	0	0
D3941.contig955	398	0	0
D3941.contig956	397	0	0
D3941.contig957	397	0	0
D3941.contig958	397	0	0
D3941.contig959	397	0	0
D3941.contig960	397	0	0
D3941.contig961	396	0	0
D3941.contig962	396	0	0
D3941.contig963	396	0	0
D3941.contig964	396	0	0
D3941.contig965	395	0	0
D3941.contig966	395	0	0
D3941.contig967	395	0	0
D3941.contig968	394	0	0
D3941.contig969	393	0	0
D3941.contig970	392	0	0
D3941.contig971	392	0	0
D3941.contig972	391	0	0
D3941.contig973	391	0	0
D3941.contig974	391	0	0
D3941.contig975	391	0	0
D3941.contig976	390	0	0
D3941.contig977	390	0	0
D3941.contig978	390	0	0
D3941.contig979	389	0	0
D3941.contig980	389	0	0
D3941.contig981	389	0	0
D3941.contig982	388	0	0
D3941.contig983	388	0	0
D3941.contig984	388	0	0
D3941.contig985	388	0	0
D3941.contig986	388	0	0
D3941.contig987	388	0	0
D3941.contig988	387	0	0
D3941.contig989	386	0	0
D3941.contig990	386	0	0
D3941.contig991	386	0	0
D3941.contig992	385	0	0
D3941.contig993	385	0	0
D3941.contig994	384	0	0
D3941.contig995	384	10576	8901
D3941.contig996	384	0	0
D3941.contig997	383	0	0
D3941.contig998	383	0	0
D3941.contig999	383	0	0
D3941.contig1000	383	0	0
D3941.contig1001	382	0	0
D3941.contig1002	382	0	0
D3941.contig1003	382	0	0
D3941.contig1004	382	0	0
D3941.contig1005	380	0	0
D3941.contig1006	380	0	0
D3941.contig1007	380	0	0
D3941.contig1008	379	0	0
D3941.contig1009	379	0	0
D3941.contig1010	378	84697	62691
D3941.contig1011	378	28	26
D3941.contig1012	378	0	0
D3941.contig1013	377	0	0
D3941.contig1014	377	0	0
D3941.contig1015	377	0	0
D3941.contig1016	377	0	0
D3941.contig1017	377	0	0
D3941.contig1018	377	0	0
D3941.contig1019	377	0	0
D3941.contig1020	376	0	0
D3941.contig1021	376	0	0
D3941.contig1022	376	0	0
D3941.contig1023	376	0	0
D3941.contig1024	376	0	0
D3941.contig1025	376	0	0
D3941.contig1026	376	0	0
D3941.contig1027	375	0	0
D3941.contig1028	375	0	0
D3941.contig1029	375	0	0
D3941.contig1030	375	0	0
D3941.contig1031	375	0	0
D3941.contig1032	375	0	0
D3941.contig1033	374	0	0
D3941.contig1034	374	0	0
D3941.contig1035	374	0	0
D3941.contig1036	374	0	0
D3941.contig1037	374	0	0
D3941.contig1038	374	0	0
D3941.contig1039	373	0	0
D3941.contig1040	372	0	0
D3941.contig1041	372	0	0
D3941.contig1042	371	0	0
D3941.contig1043	370	0	0
D3941.contig1044	370	0	0
D3941.contig1045	369	0	0
D3941.contig1046	369	0	0
D3941.contig1047	368	0	0
D3941.contig1048	367	0	0
D3941.contig1049	367	0	0
D3941.contig1050	366	0	0
D3941.contig1051	366	0	0
D3941.contig1052	366	0	0
D3941.contig1053	365	0	0
D3941.contig1054	364	0	0
D3941.contig1055	363	0	0
D3941.contig1056	363	0	0
D3941.contig1057	363	0	0
D3941.contig1058	362	0	0
D3941.contig1059	362	0	0
D3941.contig1060	361	0	0
D3941.contig1061	361	0	0
D3941.contig1062	360	0	0
D3941.contig1063	359	0	0
D3941.contig1064	359	0	0
D3941.contig1065	359	0	0
D3941.contig1066	359	0	0
D3941.contig1067	359	0	0
D3941.contig1068	358	0	0
D3941.contig1069	358	0	0
D3941.contig1070	357	0	0
D3941.contig1071	357	0	0
D3941.contig1072	356	0	0
D3941.contig1073	356	0	0
D3941.contig1074	356	0	0
D3941.contig1075	356	0	0
D3941.contig1076	355	21928	1737
D3941.contig1077	355	0	0
D3941.contig1078	355	0	0
D3941.contig1079	354	0	0
D3941.contig1080	353	0	0
D3941.contig1081	353	0	0
D3941.contig1082	352	0	0
D3941.contig1083	352	0	0
D3941.contig1084	352	0	0
D3941.contig1085	352	0	0
D3941.contig1086	352	0	0
D3941.contig1087	352	0	0
D3941.contig1088	352	0	0
D3941.contig1089	351	0	0
D3941.contig1090	351	0	0
D3941.contig1091	351	0	0
D3941.contig1092	351	0	0
D3941.contig1093	351	0	0
D3941.contig1094	351	0	0
D3941.contig1095	351	0	0
D3941.contig1096	350	0	0
D3941.contig1097	350	155	103
D3941.contig1098	350	0	0
D3941.contig1099	350	0	0
D3941.contig1100	350	0	0
D3941.contig1101	349	0	0
D3941.contig1102	349	0	0
D3941.contig1103	349	0	0
D3941.contig1104	348	0	0
D3941.contig1105	348	0	0
D3941.contig1106	348	0	0
D3941.contig1107	347	0	0
D3941.contig1108	347	0	0
D3941.contig1109	347	0	0
D3941.contig1110	347	0	0
D3941.contig1111	347	0	0
D3941.contig1112	347	10	1
D3941.contig1113	347	0	0
D3941.contig1114	346	0	0
D3941.contig1115	346	0	0
D3941.contig1116	346	0	0
D3941.contig1117	345	0	0
D3941.contig1118	345	0	0
D3941.contig1119	345	0	0
D3941.contig1120	345	0	0
D3941.contig1121	345	0	0
D3941.contig1122	344	0	0
D3941.contig1123	344	0	0
D3941.contig1124	344	0	0
D3941.contig1125	343	0	0
D3941.contig1126	343	0	0
D3941.contig1127	342	0	0
D3941.contig1128	342	0	0
D3941.contig1129	342	0	0
D3941.contig1130	342	0	0
D3941.contig1131	342	0	0
D3941.contig1132	341	0	0
D3941.contig1133	341	0	0
D3941.contig1134	341	0	0
D3941.contig1135	341	0	0
D3941.contig1136	341	0	0
D3941.contig1137	341	0	0
D3941.contig1138	340	0	0
D3941.contig1139	339	0	0
D3941.contig1140	339	0	0
D3941.contig1141	339	0	0
D3941.contig1142	339	0	0
D3941.contig1143	339	0	0
D3941.contig1144	338	0	0
D3941.contig1145	338	0	0
D3941.contig1146	338	0	0
D3941.contig1147	338	1467	1029
D3941.contig1148	338	0	0
D3941.contig1149	338	0	0
D3941.contig1150	337	0	0
D3941.contig1151	337	0	0
D3941.contig1152	337	0	0
D3941.contig1153	337	0	0
D3941.contig1154	336	0	0
D3941.contig1155	336	0	0
D3941.contig1156	336	0	0
D3941.contig1157	335	0	0
D3941.contig1158	335	0	0
D3941.contig1159	335	0	0
D3941.contig1160	335	0	0
D3941.contig1161	335	0	0
D3941.contig1162	335	0	0
D3941.contig1163	335	0	0
D3941.contig1164	335	0	0
D3941.contig1165	334	0	0
D3941.contig1166	334	0	0
D3941.contig1167	334	0	0
D3941.contig1168	334	0	0
D3941.contig1169	333	0	0
D3941.contig1170	333	0	0
D3941.contig1171	333	0	0
D3941.contig1172	333	2267	1427
D3941.contig1173	333	0	0
D3941.contig1174	333	0	0
D3941.contig1175	333	0	0
D3941.contig1176	333	0	0
D3941.contig1177	333	0	0
D3941.contig1178	332	0	0
D3941.contig1179	332	0	0
D3941.contig1180	331	0	0
D3941.contig1181	331	0	0
D3941.contig1182	331	0	0
D3941.contig1183	331	0	0
D3941.contig1184	331	0	0
D3941.contig1185	331	0	0
D3941.contig1186	330	0	0
D3941.contig1187	330	0	0
D3941.contig1188	330	0	0
D3941.contig1189	330	0	0
D3941.contig1190	330	0	0
D3941.contig1191	329	0	0
D3941.contig1192	329	0	0
D3941.contig1193	328	0	0
D3941.contig1194	328	0	0
D3941.contig1195	328	0	0
D3941.contig1196	328	0	0
D3941.contig1197	328	0	0
D3941.contig1198	327	0	0
D3941.contig1199	327	0	0
D3941.contig1200	327	0	0
D3941.contig1201	327	0	0
D3941.contig1202	327	0	0
D3941.contig1203	326	0	0
D3941.contig1204	325	0	0
D3941.contig1205	325	0	0
D3941.contig1206	325	0	0
D3941.contig1207	325	0	0
D3941.contig1208	325	0	0
D3941.contig1209	325	0	0
D3941.contig1210	325	0	0
D3941.contig1211	325	0	0
D3941.contig1212	324	0	0
D3941.contig1213	324	0	0
D3941.contig1214	324	0	0
D3941.contig1215	324	0	0
D3941.contig1216	324	0	0
D3941.contig1217	324	0	0
D3941.contig1218	323	0	0
D3941.contig1219	323	0	0
D3941.contig1220	322	0	0
D3941.contig1221	322	0	0
D3941.contig1222	322	0	0
D3941.contig1223	322	0	0
D3941.contig1224	321	0	0
D3941.contig1225	321	0	0
D3941.contig1226	321	0	0
D3941.contig1227	321	0	0
D3941.contig1228	321	0	0
D3941.contig1229	321	0	0
D3941.contig1230	320	0	0
D3941.contig1231	320	0	0
D3941.contig1232	320	0	0
D3941.contig1233	320	0	0
D3941.contig1234	320	0	0
D3941.contig1235	319	0	0
D3941.contig1236	319	0	0
D3941.contig1237	319	0	0
D3941.contig1238	319	0	0
D3941.contig1239	319	0	0
D3941.contig1240	319	0	0
D3941.contig1241	319	0	0
D3941.contig1242	318	0	0
D3941.contig1243	318	0	0
D3941.contig1244	318	0	0
D3941.contig1245	318	0	0
D3941.contig1246	318	0	0
D3941.contig1247	318	0	0
D3941.contig1248	318	0	0
D3941.contig1249	317	0	0
D3941.contig1250	316	0	0
D3941.contig1251	316	0	0
D3941.contig1252	316	0	0
D3941.contig1253	315	0	0
D3941.contig1254	315	0	0
D3941.contig1255	315	0	0
D3941.contig1256	315	0	0
D3941.contig1257	315	0	0
D3941.contig1258	315	0	0
D3941.contig1259	315	0	0
D3941.contig1260	315	57	33
D3941.contig1261	314	0	0
D3941.contig1262	314	0	0
D3941.contig1263	314	0	0
D3941.contig1264	314	0	0
D3941.contig1265	314	0	0
D3941.contig1266	314	0	0
D3941.contig1267	314	0	0
D3941.contig1268	313	0	0
D3941.contig1269	313	0	0
D3941.contig1270	312	0	0
D3941.contig1271	312	0	0
D3941.contig1272	311	0	0
D3941.contig1273	311	0	0
D3941.contig1274	311	0	0
D3941.contig1275	311	0	0
D3941.contig1276	310	0	0
D3941.contig1277	310	0	0
D3941.contig1278	310	0	0
D3941.contig1279	310	0	0
D3941.contig1280	309	0	0
D3941.contig1281	309	0	0
D3941.contig1282	309	0	0
D3941.contig1283	309	0	0
D3941.contig1284	308	0	0
D3941.contig1285	308	0	0
D3941.contig1286	308	0	0
D3941.contig1287	308	0	0
D3941.contig1288	308	0	0
D3941.contig1289	308	0	0
D3941.contig1290	308	0	0
D3941.contig1291	307	0	0
D3941.contig1292	306	0	0
D3941.contig1293	306	0	0
D3941.contig1294	306	0	0
D3941.contig1295	306	0	0
D3941.contig1296	306	0	0
D3941.contig1297	306	0	0
D3941.contig1298	305	0	0
D3941.contig1299	305	0	0
D3941.contig1300	305	0	0
D3941.contig1301	305	1	1
D3941.contig1302	305	0	0
D3941.contig1303	305	0	0
D3941.contig1304	305	0	0
D3941.contig1305	304	129	81
D3941.contig1306	304	0	0
D3941.contig1307	304	0	0
D3941.contig1308	304	0	0
D3941.contig1309	304	0	0
D3941.contig1310	303	0	0
D3941.contig1311	303	0	0
D3941.contig1312	303	0	0
D3941.contig1313	303	0	0
D3941.contig1314	303	0	0
D3941.contig1315	303	0	0
D3941.contig1316	303	0	0
D3941.contig1317	303	0	0
D3941.contig1318	303	0	0
D3941.contig1319	302	0	0
D3941.contig1320	302	0	0
D3941.contig1321	302	0	0
D3941.contig1322	302	0	0
D3941.contig1323	302	0	0
D3941.contig1324	301	0	0
D3941.contig1325	301	0	0
D3941.contig1326	301	0	0
D3941.contig1327	301	0	0
D3941.contig1328	301	0	0
D3941.contig1329	300	0	0
D3941.contig1330	300	0	0
D3941.contig1331	300	0	0
D3941.contig1332	300	0	0
D3941.contig1333	300	4925	3373
D3941.contig1334	300	0	0
*	0	0	99076234
