D3650.contig1	44680	273	28
D3650.contig2	28621	4	0
D3650.contig3	27500	0	0
D3650.contig4	25143	2	0
D3650.contig5	25129	214897	105059
D3650.contig6	23966	0	0
D3650.contig7	22561	6823	233
D3650.contig8	22441	2	0
D3650.contig9	22364	242	225
D3650.contig10	21112	51	1
D3650.contig11	20735	11025	1826
D3650.contig12	19291	38	28
D3650.contig13	18998	0	0
D3650.contig14	18407	1352	918
D3650.contig15	17409	4331	1212
D3650.contig16	17403	75	73
D3650.contig17	17262	38473	8399
D3650.contig18	16786	88	27
D3650.contig19	15755	0	0
D3650.contig20	15388	7	1
D3650.contig21	14821	80064	2028
D3650.contig22	14430	77	36
D3650.contig23	14285	0	0
D3650.contig24	14274	2	0
D3650.contig25	14235	2	0
D3650.contig26	13798	0	0
D3650.contig27	13519	10	0
D3650.contig28	12658	8990	6540
D3650.contig29	12320	0	0
D3650.contig30	12266	0	0
D3650.contig31	11963	168	141
D3650.contig32	11874	0	0
D3650.contig33	11606	140	4
D3650.contig34	11600	0	0
D3650.contig35	11434	1034	28
D3650.contig36	11278	0	0
D3650.contig37	11109	45	5
D3650.contig38	10841	0	0
D3650.contig39	10686	1168	38
D3650.contig40	10509	0	0
D3650.contig41	10487	0	0
D3650.contig42	10277	9	1
D3650.contig43	10022	0	0
D3650.contig44	9969	2	0
D3650.contig45	9912	191	47
D3650.contig46	9888	0	0
D3650.contig47	9845	106	22
D3650.contig48	9825	4	0
D3650.contig49	9738	3	3
D3650.contig50	9690	9785	340
D3650.contig51	9659	0	0
D3650.contig52	9358	0	0
D3650.contig53	9296	6	3
D3650.contig54	8982	4	0
D3650.contig55	8969	2	0
D3650.contig56	8820	1444	47
D3650.contig57	8790	30	8
D3650.contig58	8589	79484	5858
D3650.contig59	8326	0	0
D3650.contig60	8325	291	11
D3650.contig61	8258	28076	547
D3650.contig62	8018	0	0
D3650.contig63	7878	3685	73
D3650.contig64	7859	8	0
D3650.contig65	7809	89903	20318
D3650.contig66	7604	0	0
D3650.contig67	7596	0	0
D3650.contig68	7516	3	1
D3650.contig69	7493	0	0
D3650.contig70	7298	0	0
D3650.contig71	7198	6	2
D3650.contig72	7192	0	0
D3650.contig73	7143	0	0
D3650.contig74	6956	1724	66
D3650.contig75	6924	1035	46
D3650.contig76	6873	0	0
D3650.contig77	6820	0	0
D3650.contig78	6775	0	0
D3650.contig79	6639	0	0
D3650.contig80	6638	145	4
D3650.contig81	6587	0	0
D3650.contig82	6545	0	0
D3650.contig83	6527	17	1
D3650.contig84	6493	1	1
D3650.contig85	6481	143584	27989
D3650.contig86	6340	915	31
D3650.contig87	6336	0	0
D3650.contig88	6336	2	0
D3650.contig89	6196	7	1
D3650.contig90	6176	19	1
D3650.contig91	6088	197	10
D3650.contig92	6062	2	0
D3650.contig93	6035	0	0
D3650.contig94	6027	2	0
D3650.contig95	6024	4	0
D3650.contig96	5832	673	29
D3650.contig97	5649	2668	47
D3650.contig98	5636	20	1
D3650.contig99	5562	124	60
D3650.contig100	5540	0	0
D3650.contig101	5484	0	0
D3650.contig102	5484	0	0
D3650.contig103	5363	11	0
D3650.contig104	5243	1474	17
D3650.contig105	5236	256	8
D3650.contig106	5196	0	0
D3650.contig107	5184	0	0
D3650.contig108	5178	0	0
D3650.contig109	5164	1	0
D3650.contig110	5161	2626	136
D3650.contig111	5078	27	1
D3650.contig112	5066	0	0
D3650.contig113	5051	254	229
D3650.contig114	5026	0	0
D3650.contig115	5008	2	0
D3650.contig116	4922	66	66
D3650.contig117	4729	0	0
D3650.contig118	4688	0	0
D3650.contig119	4653	2	0
D3650.contig120	4603	0	0
D3650.contig121	4539	898	16
D3650.contig122	4525	0	0
D3650.contig123	4524	94	4
D3650.contig124	4521	1	1
D3650.contig125	4504	0	0
D3650.contig126	4485	9	9
D3650.contig127	4484	0	0
D3650.contig128	4463	1	1
D3650.contig129	4442	13	1
D3650.contig130	4390	0	0
D3650.contig131	4376	0	0
D3650.contig132	4363	2	0
D3650.contig133	4353	0	0
D3650.contig134	4305	62801	665
D3650.contig135	4286	2	0
D3650.contig136	4137	20	0
D3650.contig137	4059	0	0
D3650.contig138	4006	82053	3585
D3650.contig139	3984	0	0
D3650.contig140	3976	0	0
D3650.contig141	3976	0	0
D3650.contig142	3935	0	0
D3650.contig143	3907	380	98
D3650.contig144	3896	0	0
D3650.contig145	3884	63	5
D3650.contig146	3850	0	0
D3650.contig147	3812	0	0
D3650.contig148	3784	0	0
D3650.contig149	3778	23	0
D3650.contig150	3755	0	0
D3650.contig151	3739	0	0
D3650.contig152	3718	0	0
D3650.contig153	3705	0	0
D3650.contig154	3662	0	0
D3650.contig155	3655	0	0
D3650.contig156	3594	45	3
D3650.contig157	3586	5	3
D3650.contig158	3578	194	5
D3650.contig159	3546	2909	125
D3650.contig160	3495	0	0
D3650.contig161	3486	2583	79
D3650.contig162	3434	64391	2123
D3650.contig163	3401	585	19
D3650.contig164	3394	1347	66
D3650.contig165	3387	0	0
D3650.contig166	3360	78	7
D3650.contig167	3342	0	0
D3650.contig168	3341	707418	83581
D3650.contig169	3338	154	8
D3650.contig170	3309	0	0
D3650.contig171	3269	0	0
D3650.contig172	3264	29635	418
D3650.contig173	3251	95	3
D3650.contig174	3250	0	0
D3650.contig175	3237	0	0
D3650.contig176	3230	80	5
D3650.contig177	3199	501	165
D3650.contig178	3189	0	0
D3650.contig179	3188	0	0
D3650.contig180	3132	0	0
D3650.contig181	3127	31683	360
D3650.contig182	3127	0	0
D3650.contig183	3119	0	0
D3650.contig184	3087	0	0
D3650.contig185	3051	0	0
D3650.contig186	3023	0	0
D3650.contig187	3022	0	0
D3650.contig188	3017	0	0
D3650.contig189	3014	0	0
D3650.contig190	3005	17	1
D3650.contig191	2998	3	1
D3650.contig192	2987	0	0
D3650.contig193	2978	1	0
D3650.contig194	2975	0	0
D3650.contig195	2962	96341	6092
D3650.contig196	2953	0	0
D3650.contig197	2939	0	0
D3650.contig198	2937	0	0
D3650.contig199	2918	0	0
D3650.contig200	2910	0	0
D3650.contig201	2901	2	0
D3650.contig202	2863	58	4
D3650.contig203	2851	0	0
D3650.contig204	2841	0	0
D3650.contig205	2813	8	2
D3650.contig206	2808	1513	115
D3650.contig207	2804	1	1
D3650.contig208	2794	3797	2246
D3650.contig209	2787	0	0
D3650.contig210	2755	0	0
D3650.contig211	2734	132	8
D3650.contig212	2731	18973	1529
D3650.contig213	2710	13	3
D3650.contig214	2683	0	0
D3650.contig215	2663	15403	2511
D3650.contig216	2650	2	0
D3650.contig217	2644	0	0
D3650.contig218	2633	0	0
D3650.contig219	2625	0	0
D3650.contig220	2617	0	0
D3650.contig221	2595	74	12
D3650.contig222	2592	18	0
D3650.contig223	2580	7	0
D3650.contig224	2529	2	0
D3650.contig225	2523	0	0
D3650.contig226	2518	0	0
D3650.contig227	2476	0	0
D3650.contig228	2476	0	0
D3650.contig229	2472	13692	2949
D3650.contig230	2468	888	53
D3650.contig231	2459	0	0
D3650.contig232	2453	5406	289
D3650.contig233	2446	0	0
D3650.contig234	2431	0	0
D3650.contig235	2416	0	0
D3650.contig236	2415	168	31
D3650.contig237	2414	105	70
D3650.contig238	2407	53	5
D3650.contig239	2393	0	0
D3650.contig240	2360	0	0
D3650.contig241	2352	0	0
D3650.contig242	2340	93	6
D3650.contig243	2331	25	1
D3650.contig244	2281	72	1
D3650.contig245	2255	0	0
D3650.contig246	2244	0	0
D3650.contig247	2243	665	36
D3650.contig248	2240	0	0
D3650.contig249	2231	0	0
D3650.contig250	2221	3	1
D3650.contig251	2198	0	0
D3650.contig252	2190	0	0
D3650.contig253	2189	5	3
D3650.contig254	2170	0	0
D3650.contig255	2168	0	0
D3650.contig256	2137	1573	35
D3650.contig257	2135	657	37
D3650.contig258	2124	0	0
D3650.contig259	2124	0	0
D3650.contig260	2119	31	1
D3650.contig261	2085	3947	320
D3650.contig262	2076	30	3
D3650.contig263	2074	0	0
D3650.contig264	2064	0	0
D3650.contig265	2064	0	0
D3650.contig266	2063	339	12
D3650.contig267	2053	2	1
D3650.contig268	2050	0	0
D3650.contig269	2048	0	0
D3650.contig270	2003	0	0
D3650.contig271	2002	295	32
D3650.contig272	2001	2	2
D3650.contig273	1997	2	2
D3650.contig274	1985	2	2
D3650.contig275	1973	0	0
D3650.contig276	1965	0	0
D3650.contig277	1954	460	87
D3650.contig278	1913	0	0
D3650.contig279	1899	0	0
D3650.contig280	1895	0	0
D3650.contig281	1876	348	8
D3650.contig282	1873	4	0
D3650.contig283	1871	0	0
D3650.contig284	1868	0	0
D3650.contig285	1864	0	0
D3650.contig286	1857	0	0
D3650.contig287	1840	0	0
D3650.contig288	1816	0	0
D3650.contig289	1810	8	0
D3650.contig290	1808	24	14
D3650.contig291	1802	0	0
D3650.contig292	1800	0	0
D3650.contig293	1800	0	0
D3650.contig294	1799	0	0
D3650.contig295	1791	10854	1076
D3650.contig296	1774	0	0
D3650.contig297	1770	0	0
D3650.contig298	1769	1	1
D3650.contig299	1755	0	0
D3650.contig300	1755	18	1
D3650.contig301	1741	0	0
D3650.contig302	1717	0	0
D3650.contig303	1704	0	0
D3650.contig304	1701	0	0
D3650.contig305	1698	0	0
D3650.contig306	1696	55	4
D3650.contig307	1695	0	0
D3650.contig308	1688	0	0
D3650.contig309	1687	0	0
D3650.contig310	1687	0	0
D3650.contig311	1684	49	7
D3650.contig312	1675	2	0
D3650.contig313	1657	0	0
D3650.contig314	1647	0	0
D3650.contig315	1637	1	1
D3650.contig316	1628	0	0
D3650.contig317	1625	0	0
D3650.contig318	1623	0	0
D3650.contig319	1604	3	3
D3650.contig320	1602	3503	71
D3650.contig321	1589	0	0
D3650.contig322	1574	0	0
D3650.contig323	1563	0	0
D3650.contig324	1558	0	0
D3650.contig325	1557	0	0
D3650.contig326	1555	0	0
D3650.contig327	1547	443	43
D3650.contig328	1541	1	1
D3650.contig329	1536	0	0
D3650.contig330	1534	0	0
D3650.contig331	1524	0	0
D3650.contig332	1521	2	2
D3650.contig333	1507	0	0
D3650.contig334	1505	50	10
D3650.contig335	1504	0	0
D3650.contig336	1498	10	0
D3650.contig337	1498	0	0
D3650.contig338	1492	65	64
D3650.contig339	1482	0	0
D3650.contig340	1457	11	1
D3650.contig341	1453	65	15
D3650.contig342	1447	0	0
D3650.contig343	1443	0	0
D3650.contig344	1430	0	0
D3650.contig345	1428	0	0
D3650.contig346	1426	19	0
D3650.contig347	1423	354	28
D3650.contig348	1417	0	0
D3650.contig349	1415	0	0
D3650.contig350	1412	1	1
D3650.contig351	1410	2	0
D3650.contig352	1401	148	7
D3650.contig353	1401	0	0
D3650.contig354	1394	0	0
D3650.contig355	1394	148	7
D3650.contig356	1393	0	0
D3650.contig357	1387	0	0
D3650.contig358	1365	1241	145
D3650.contig359	1363	851	227
D3650.contig360	1358	246	38
D3650.contig361	1354	110	67
D3650.contig362	1308	0	0
D3650.contig363	1308	0	0
D3650.contig364	1300	8	0
D3650.contig365	1297	15	1
D3650.contig366	1295	0	0
D3650.contig367	1293	22	1
D3650.contig368	1292	8	1
D3650.contig369	1282	4	0
D3650.contig370	1278	1	1
D3650.contig371	1273	1	1
D3650.contig372	1272	6283	237
D3650.contig373	1266	0	0
D3650.contig374	1264	0	0
D3650.contig375	1261	10	0
D3650.contig376	1261	0	0
D3650.contig377	1260	0	0
D3650.contig378	1253	0	0
D3650.contig379	1251	23	4
D3650.contig380	1246	2598	190
D3650.contig381	1245	0	0
D3650.contig382	1241	0	0
D3650.contig383	1240	0	0
D3650.contig384	1239	0	0
D3650.contig385	1233	0	0
D3650.contig386	1223	0	0
D3650.contig387	1219	0	0
D3650.contig388	1218	3	1
D3650.contig389	1218	6958	1370
D3650.contig390	1217	24	6
D3650.contig391	1210	0	0
D3650.contig392	1207	0	0
D3650.contig393	1206	0	0
D3650.contig394	1202	0	0
D3650.contig395	1202	0	0
D3650.contig396	1196	16	0
D3650.contig397	1192	33	25
D3650.contig398	1191	0	0
D3650.contig399	1190	693	12
D3650.contig400	1186	0	0
D3650.contig401	1181	0	0
D3650.contig402	1176	76	76
D3650.contig403	1176	28	0
D3650.contig404	1172	0	0
D3650.contig405	1170	24	12
D3650.contig406	1168	367	80
D3650.contig407	1157	33398	8804
D3650.contig408	1156	0	0
D3650.contig409	1151	0	0
D3650.contig410	1149	0	0
D3650.contig411	1148	0	0
D3650.contig412	1147	0	0
D3650.contig413	1140	0	0
D3650.contig414	1132	0	0
D3650.contig415	1131	0	0
D3650.contig416	1130	0	0
D3650.contig417	1113	0	0
D3650.contig418	1112	0	0
D3650.contig419	1108	0	0
D3650.contig420	1096	0	0
D3650.contig421	1096	0	0
D3650.contig422	1088	0	0
D3650.contig423	1088	2036	269
D3650.contig424	1087	0	0
D3650.contig425	1080	0	0
D3650.contig426	1076	0	0
D3650.contig427	1076	0	0
D3650.contig428	1071	0	0
D3650.contig429	1070	0	0
D3650.contig430	1070	0	0
D3650.contig431	1066	268	112
D3650.contig432	1065	2065	486
D3650.contig433	1063	18882	1452
D3650.contig434	1062	0	0
D3650.contig435	1058	4	1
D3650.contig436	1054	3	3
D3650.contig437	1053	3	1
D3650.contig438	1053	0	0
D3650.contig439	1039	30	10
D3650.contig440	1036	3	0
D3650.contig441	1032	0	0
D3650.contig442	1031	0	0
D3650.contig443	1029	0	0
D3650.contig444	1028	0	0
D3650.contig445	1023	0	0
D3650.contig446	1018	2	0
D3650.contig447	1014	0	0
D3650.contig448	1013	258	56
D3650.contig449	1013	0	0
D3650.contig450	1010	169	30
D3650.contig451	1010	131	35
D3650.contig452	1010	0	0
D3650.contig453	1007	0	0
D3650.contig454	997	8	2
D3650.contig455	995	2	0
D3650.contig456	993	0	0
D3650.contig457	992	0	0
D3650.contig458	990	0	0
D3650.contig459	989	0	0
D3650.contig460	989	0	0
D3650.contig461	986	23	19
D3650.contig462	985	0	0
D3650.contig463	979	33	3
D3650.contig464	975	0	0
D3650.contig465	972	0	0
D3650.contig466	971	7	0
D3650.contig467	968	2	0
D3650.contig468	966	194	42
D3650.contig469	966	0	0
D3650.contig470	965	0	0
D3650.contig471	963	387	71
D3650.contig472	963	0	0
D3650.contig473	958	0	0
D3650.contig474	956	0	0
D3650.contig475	955	30	11
D3650.contig476	951	1	1
D3650.contig477	951	0	0
D3650.contig478	950	0	0
D3650.contig479	946	523	238
D3650.contig480	945	78	11
D3650.contig481	945	31	9
D3650.contig482	943	45	13
D3650.contig483	943	0	0
D3650.contig484	940	0	0
D3650.contig485	940	0	0
D3650.contig486	939	0	0
D3650.contig487	935	0	0
D3650.contig488	935	0	0
D3650.contig489	934	0	0
D3650.contig490	932	0	0
D3650.contig491	923	0	0
D3650.contig492	923	0	0
D3650.contig493	922	0	0
D3650.contig494	921	0	0
D3650.contig495	916	0	0
D3650.contig496	916	0	0
D3650.contig497	914	0	0
D3650.contig498	907	0	0
D3650.contig499	905	110	68
D3650.contig500	905	13689	7082
D3650.contig501	898	0	0
D3650.contig502	893	0	0
D3650.contig503	892	0	0
D3650.contig504	890	0	0
D3650.contig505	889	0	0
D3650.contig506	884	0	0
D3650.contig507	883	75	7
D3650.contig508	879	24	4
D3650.contig509	878	0	0
D3650.contig510	874	3	1
D3650.contig511	872	0	0
D3650.contig512	870	600	160
D3650.contig513	869	0	0
D3650.contig514	869	0	0
D3650.contig515	867	0	0
D3650.contig516	867	0	0
D3650.contig517	861	0	0
D3650.contig518	861	62	4
D3650.contig519	856	5	2
D3650.contig520	854	16	6
D3650.contig521	852	0	0
D3650.contig522	850	0	0
D3650.contig523	849	5	0
D3650.contig524	849	0	0
D3650.contig525	846	0	0
D3650.contig526	843	0	0
D3650.contig527	842	0	0
D3650.contig528	839	0	0
D3650.contig529	837	2	0
D3650.contig530	837	0	0
D3650.contig531	835	0	0
D3650.contig532	833	0	0
D3650.contig533	831	583	8
D3650.contig534	828	0	0
D3650.contig535	827	0	0
D3650.contig536	826	7	3
D3650.contig537	824	143	20
D3650.contig538	823	0	0
D3650.contig539	822	77	1
D3650.contig540	821	0	0
D3650.contig541	815	0	0
D3650.contig542	814	0	0
D3650.contig543	812	0	0
D3650.contig544	811	555	62
D3650.contig545	811	0	0
D3650.contig546	807	0	0
D3650.contig547	804	0	0
D3650.contig548	795	0	0
D3650.contig549	788	2	1
D3650.contig550	787	0	0
D3650.contig551	787	0	0
D3650.contig552	782	0	0
D3650.contig553	778	0	0
D3650.contig554	777	0	0
D3650.contig555	776	0	0
D3650.contig556	771	0	0
D3650.contig557	771	0	0
D3650.contig558	771	0	0
D3650.contig559	766	0	0
D3650.contig560	764	0	0
D3650.contig561	764	0	0
D3650.contig562	761	9	1
D3650.contig563	761	0	0
D3650.contig564	761	0	0
D3650.contig565	758	2	0
D3650.contig566	758	0	0
D3650.contig567	756	12	3
D3650.contig568	749	0	0
D3650.contig569	748	1100	187
D3650.contig570	746	0	0
D3650.contig571	743	0	0
D3650.contig572	742	0	0
D3650.contig573	738	0	0
D3650.contig574	737	390	57
D3650.contig575	736	0	0
D3650.contig576	732	4	2
D3650.contig577	731	0	0
D3650.contig578	726	0	0
D3650.contig579	709	118	50
D3650.contig580	708	0	0
D3650.contig581	707	0	0
D3650.contig582	707	0	0
D3650.contig583	707	0	0
D3650.contig584	706	0	0
D3650.contig585	705	2	2
D3650.contig586	703	0	0
D3650.contig587	703	0	0
D3650.contig588	702	0	0
D3650.contig589	702	0	0
D3650.contig590	701	2	0
D3650.contig591	700	0	0
D3650.contig592	699	0	0
D3650.contig593	692	527	293
D3650.contig594	691	260	258
D3650.contig595	690	0	0
D3650.contig596	690	0	0
D3650.contig597	686	0	0
D3650.contig598	683	24	6
D3650.contig599	683	0	0
D3650.contig600	679	0	0
D3650.contig601	673	0	0
D3650.contig602	672	0	0
D3650.contig603	672	0	0
D3650.contig604	668	0	0
D3650.contig605	666	0	0
D3650.contig606	666	0	0
D3650.contig607	666	0	0
D3650.contig608	665	0	0
D3650.contig609	665	0	0
D3650.contig610	665	0	0
D3650.contig611	660	0	0
D3650.contig612	660	0	0
D3650.contig613	657	0	0
D3650.contig614	656	0	0
D3650.contig615	655	0	0
D3650.contig616	655	0	0
D3650.contig617	654	0	0
D3650.contig618	652	0	0
D3650.contig619	650	246	80
D3650.contig620	650	0	0
D3650.contig621	644	0	0
D3650.contig622	643	0	0
D3650.contig623	642	0	0
D3650.contig624	641	0	0
D3650.contig625	635	0	0
D3650.contig626	633	1588	397
D3650.contig627	633	0	0
D3650.contig628	633	0	0
D3650.contig629	630	0	0
D3650.contig630	629	0	0
D3650.contig631	626	0	0
D3650.contig632	626	0	0
D3650.contig633	625	0	0
D3650.contig634	624	0	0
D3650.contig635	618	203	9
D3650.contig636	616	0	0
D3650.contig637	615	0	0
D3650.contig638	615	0	0
D3650.contig639	611	4	1
D3650.contig640	610	0	0
D3650.contig641	609	0	0
D3650.contig642	609	2	0
D3650.contig643	608	0	0
D3650.contig644	607	0	0
D3650.contig645	606	0	0
D3650.contig646	602	0	0
D3650.contig647	600	1	1
D3650.contig648	599	0	0
D3650.contig649	598	3	0
D3650.contig650	593	0	0
D3650.contig651	592	0	0
D3650.contig652	589	0	0
D3650.contig653	589	0	0
D3650.contig654	589	7	5
D3650.contig655	587	2	0
D3650.contig656	585	2	0
D3650.contig657	584	0	0
D3650.contig658	583	0	0
D3650.contig659	583	0	0
D3650.contig660	582	0	0
D3650.contig661	582	0	0
D3650.contig662	580	0	0
D3650.contig663	580	0	0
D3650.contig664	579	0	0
D3650.contig665	579	0	0
D3650.contig666	577	0	0
D3650.contig667	575	0	0
D3650.contig668	574	0	0
D3650.contig669	574	13088	2840
D3650.contig670	574	4	0
D3650.contig671	574	0	0
D3650.contig672	573	12	6
D3650.contig673	571	0	0
D3650.contig674	570	1	1
D3650.contig675	568	65	19
D3650.contig676	567	0	0
D3650.contig677	566	0	0
D3650.contig678	566	0	0
D3650.contig679	566	0	0
D3650.contig680	565	19	8
D3650.contig681	564	0	0
D3650.contig682	563	0	0
D3650.contig683	562	0	0
D3650.contig684	561	0	0
D3650.contig685	561	0	0
D3650.contig686	561	0	0
D3650.contig687	560	0	0
D3650.contig688	560	16	6
D3650.contig689	559	57	19
D3650.contig690	558	0	0
D3650.contig691	558	7	7
D3650.contig692	554	0	0
D3650.contig693	554	0	0
D3650.contig694	550	0	0
D3650.contig695	550	0	0
D3650.contig696	549	10	2
D3650.contig697	549	0	0
D3650.contig698	548	0	0
D3650.contig699	548	0	0
D3650.contig700	546	0	0
D3650.contig701	544	31	25
D3650.contig702	544	0	0
D3650.contig703	543	7	2
D3650.contig704	543	0	0
D3650.contig705	542	0	0
D3650.contig706	542	2	0
D3650.contig707	541	0	0
D3650.contig708	541	0	0
D3650.contig709	540	0	0
D3650.contig710	540	17	3
D3650.contig711	538	121	36
D3650.contig712	537	0	0
D3650.contig713	537	12000	6137
D3650.contig714	536	0	0
D3650.contig715	534	0	0
D3650.contig716	532	0	0
D3650.contig717	530	0	0
D3650.contig718	528	0	0
D3650.contig719	528	0	0
D3650.contig720	528	0	0
D3650.contig721	527	0	0
D3650.contig722	527	0	0
D3650.contig723	526	0	0
D3650.contig724	524	0	0
D3650.contig725	523	0	0
D3650.contig726	522	0	0
D3650.contig727	522	0	0
D3650.contig728	522	20	4
D3650.contig729	521	0	0
D3650.contig730	520	0	0
D3650.contig731	520	5	1
D3650.contig732	519	0	0
D3650.contig733	518	0	0
D3650.contig734	517	0	0
D3650.contig735	517	18	8
D3650.contig736	514	2	0
D3650.contig737	512	0	0
D3650.contig738	512	344	100
D3650.contig739	512	0	0
D3650.contig740	512	0	0
D3650.contig741	511	0	0
D3650.contig742	511	0	0
D3650.contig743	511	0	0
D3650.contig744	511	0	0
D3650.contig745	510	268	108
D3650.contig746	510	14	9
D3650.contig747	509	0	0
D3650.contig748	508	0	0
D3650.contig749	508	0	0
D3650.contig750	507	16	4
D3650.contig751	506	0	0
D3650.contig752	506	0	0
D3650.contig753	505	0	0
D3650.contig754	504	0	0
D3650.contig755	501	0	0
D3650.contig756	501	0	0
D3650.contig757	500	0	0
D3650.contig758	500	0	0
D3650.contig759	499	0	0
D3650.contig760	498	4	1
D3650.contig761	497	4	3
D3650.contig762	495	0	0
D3650.contig763	495	0	0
D3650.contig764	495	0	0
D3650.contig765	494	0	0
D3650.contig766	494	0	0
D3650.contig767	494	0	0
D3650.contig768	494	190	84
D3650.contig769	493	0	0
D3650.contig770	492	3	1
D3650.contig771	492	0	0
D3650.contig772	490	0	0
D3650.contig773	490	0	0
D3650.contig774	489	3	3
D3650.contig775	489	0	0
D3650.contig776	489	0	0
D3650.contig777	488	0	0
D3650.contig778	487	0	0
D3650.contig779	485	24	22
D3650.contig780	484	0	0
D3650.contig781	484	0	0
D3650.contig782	484	0	0
D3650.contig783	483	0	0
D3650.contig784	482	2	2
D3650.contig785	482	0	0
D3650.contig786	478	0	0
D3650.contig787	478	1	1
D3650.contig788	478	0	0
D3650.contig789	476	0	0
D3650.contig790	476	0	0
D3650.contig791	475	0	0
D3650.contig792	475	8	0
D3650.contig793	474	0	0
D3650.contig794	474	0	0
D3650.contig795	473	0	0
D3650.contig796	473	1	1
D3650.contig797	473	0	0
D3650.contig798	471	2532	793
D3650.contig799	470	0	0
D3650.contig800	469	0	0
D3650.contig801	469	0	0
D3650.contig802	469	0	0
D3650.contig803	467	0	0
D3650.contig804	466	3	1
D3650.contig805	464	0	0
D3650.contig806	463	0	0
D3650.contig807	462	0	0
D3650.contig808	460	0	0
D3650.contig809	459	0	0
D3650.contig810	458	99	44
D3650.contig811	458	0	0
D3650.contig812	456	0	0
D3650.contig813	455	0	0
D3650.contig814	453	7	7
D3650.contig815	453	0	0
D3650.contig816	453	111	55
D3650.contig817	452	1584	384
D3650.contig818	452	0	0
D3650.contig819	451	0	0
D3650.contig820	450	431	123
D3650.contig821	449	24	16
D3650.contig822	448	0	0
D3650.contig823	448	0	0
D3650.contig824	447	9	5
D3650.contig825	446	1	1
D3650.contig826	446	0	0
D3650.contig827	446	0	0
D3650.contig828	445	0	0
D3650.contig829	445	0	0
D3650.contig830	444	0	0
D3650.contig831	444	0	0
D3650.contig832	443	0	0
D3650.contig833	443	0	0
D3650.contig834	442	0	0
D3650.contig835	442	0	0
D3650.contig836	442	884	323
D3650.contig837	440	0	0
D3650.contig838	439	0	0
D3650.contig839	439	0	0
D3650.contig840	439	0	0
D3650.contig841	438	0	0
D3650.contig842	438	0	0
D3650.contig843	437	0	0
D3650.contig844	437	0	0
D3650.contig845	436	0	0
D3650.contig846	436	0	0
D3650.contig847	436	1	1
D3650.contig848	436	2341	1265
D3650.contig849	436	0	0
D3650.contig850	435	0	0
D3650.contig851	435	0	0
D3650.contig852	434	0	0
D3650.contig853	434	0	0
D3650.contig854	434	0	0
D3650.contig855	433	6	1
D3650.contig856	431	0	0
D3650.contig857	429	0	0
D3650.contig858	429	0	0
D3650.contig859	429	0	0
D3650.contig860	428	0	0
D3650.contig861	428	4	0
D3650.contig862	428	0	0
D3650.contig863	427	0	0
D3650.contig864	427	0	0
D3650.contig865	426	32	32
D3650.contig866	424	0	0
D3650.contig867	424	0	0
D3650.contig868	423	0	0
D3650.contig869	422	386	312
D3650.contig870	422	90	28
D3650.contig871	422	0	0
D3650.contig872	421	0	0
D3650.contig873	421	0	0
D3650.contig874	421	0	0
D3650.contig875	420	0	0
D3650.contig876	420	0	0
D3650.contig877	420	0	0
D3650.contig878	419	0	0
D3650.contig879	419	0	0
D3650.contig880	419	0	0
D3650.contig881	417	0	0
D3650.contig882	417	0	0
D3650.contig883	417	0	0
D3650.contig884	417	19	14
D3650.contig885	417	0	0
D3650.contig886	416	0	0
D3650.contig887	416	279	140
D3650.contig888	416	0	0
D3650.contig889	415	0	0
D3650.contig890	415	8	3
D3650.contig891	414	0	0
D3650.contig892	414	3	3
D3650.contig893	413	0	0
D3650.contig894	413	0	0
D3650.contig895	412	0	0
D3650.contig896	410	0	0
D3650.contig897	409	0	0
D3650.contig898	409	0	0
D3650.contig899	409	0	0
D3650.contig900	409	0	0
D3650.contig901	408	0	0
D3650.contig902	408	0	0
D3650.contig903	407	0	0
D3650.contig904	407	0	0
D3650.contig905	407	0	0
D3650.contig906	407	0	0
D3650.contig907	406	0	0
D3650.contig908	406	0	0
D3650.contig909	405	0	0
D3650.contig910	405	0	0
D3650.contig911	405	0	0
D3650.contig912	403	0	0
D3650.contig913	403	0	0
D3650.contig914	401	2	0
D3650.contig915	401	0	0
D3650.contig916	400	0	0
D3650.contig917	400	0	0
D3650.contig918	399	111	20
D3650.contig919	399	0	0
D3650.contig920	399	0	0
D3650.contig921	399	0	0
D3650.contig922	398	0	0
D3650.contig923	398	0	0
D3650.contig924	397	8	6
D3650.contig925	397	0	0
D3650.contig926	397	0	0
D3650.contig927	396	0	0
D3650.contig928	396	13	6
D3650.contig929	395	0	0
D3650.contig930	394	0	0
D3650.contig931	394	2	0
D3650.contig932	394	0	0
D3650.contig933	393	0	0
D3650.contig934	393	0	0
D3650.contig935	393	0	0
D3650.contig936	392	0	0
D3650.contig937	392	0	0
D3650.contig938	392	37	37
D3650.contig939	392	4	0
D3650.contig940	392	0	0
D3650.contig941	391	1	1
D3650.contig942	390	0	0
D3650.contig943	390	0	0
D3650.contig944	389	0	0
D3650.contig945	389	4	0
D3650.contig946	389	0	0
D3650.contig947	389	0	0
D3650.contig948	389	0	0
D3650.contig949	388	0	0
D3650.contig950	387	0	0
D3650.contig951	387	1	1
D3650.contig952	387	72	26
D3650.contig953	387	0	0
D3650.contig954	387	0	0
D3650.contig955	386	2	2
D3650.contig956	386	0	0
D3650.contig957	385	0	0
D3650.contig958	384	0	0
D3650.contig959	384	0	0
D3650.contig960	384	0	0
D3650.contig961	383	83	42
D3650.contig962	383	0	0
D3650.contig963	383	0	0
D3650.contig964	383	2	0
D3650.contig965	381	0	0
D3650.contig966	381	0	0
D3650.contig967	380	0	0
D3650.contig968	379	0	0
D3650.contig969	378	0	0
D3650.contig970	377	6	2
D3650.contig971	376	1883	784
D3650.contig972	376	0	0
D3650.contig973	375	1	0
D3650.contig974	375	0	0
D3650.contig975	374	0	0
D3650.contig976	374	0	0
D3650.contig977	373	0	0
D3650.contig978	372	0	0
D3650.contig979	372	0	0
D3650.contig980	371	0	0
D3650.contig981	371	0	0
D3650.contig982	371	0	0
D3650.contig983	371	0	0
D3650.contig984	371	9	2
D3650.contig985	370	0	0
D3650.contig986	370	0	0
D3650.contig987	370	8385	3712
D3650.contig988	370	12	6
D3650.contig989	369	0	0
D3650.contig990	369	0	0
D3650.contig991	368	0	0
D3650.contig992	368	0	0
D3650.contig993	368	6906	4717
D3650.contig994	367	2	1
D3650.contig995	367	1	1
D3650.contig996	366	0	0
D3650.contig997	366	1	1
D3650.contig998	366	0	0
D3650.contig999	366	0	0
D3650.contig1000	365	0	0
D3650.contig1001	365	0	0
D3650.contig1002	365	1	1
D3650.contig1003	365	30	29
D3650.contig1004	364	0	0
D3650.contig1005	364	0	0
D3650.contig1006	364	0	0
D3650.contig1007	363	0	0
D3650.contig1008	363	2	2
D3650.contig1009	362	1	1
D3650.contig1010	362	0	0
D3650.contig1011	362	0	0
D3650.contig1012	362	0	0
D3650.contig1013	360	0	0
D3650.contig1014	360	0	0
D3650.contig1015	359	0	0
D3650.contig1016	359	1084	98
D3650.contig1017	359	0	0
D3650.contig1018	359	0	0
D3650.contig1019	358	0	0
D3650.contig1020	357	0	0
D3650.contig1021	357	0	0
D3650.contig1022	357	7	7
D3650.contig1023	356	0	0
D3650.contig1024	355	0	0
D3650.contig1025	355	0	0
D3650.contig1026	354	19	10
D3650.contig1027	354	0	0
D3650.contig1028	354	0	0
D3650.contig1029	352	0	0
D3650.contig1030	352	2	0
D3650.contig1031	352	0	0
D3650.contig1032	351	0	0
D3650.contig1033	350	13	9
D3650.contig1034	350	2	0
D3650.contig1035	350	168	90
D3650.contig1036	349	0	0
D3650.contig1037	349	0	0
D3650.contig1038	349	0	0
D3650.contig1039	348	0	0
D3650.contig1040	348	0	0
D3650.contig1041	348	0	0
D3650.contig1042	347	1	1
D3650.contig1043	347	0	0
D3650.contig1044	347	2	0
D3650.contig1045	346	0	0
D3650.contig1046	345	0	0
D3650.contig1047	345	2	0
D3650.contig1048	345	0	0
D3650.contig1049	344	0	0
D3650.contig1050	344	0	0
D3650.contig1051	344	0	0
D3650.contig1052	344	0	0
D3650.contig1053	343	0	0
D3650.contig1054	343	0	0
D3650.contig1055	343	0	0
D3650.contig1056	343	0	0
D3650.contig1057	342	0	0
D3650.contig1058	342	0	0
D3650.contig1059	342	0	0
D3650.contig1060	342	0	0
D3650.contig1061	342	2	0
D3650.contig1062	342	4961	422
D3650.contig1063	341	0	0
D3650.contig1064	341	0	0
D3650.contig1065	341	0	0
D3650.contig1066	341	0	0
D3650.contig1067	341	0	0
D3650.contig1068	340	0	0
D3650.contig1069	340	9907	6670
D3650.contig1070	340	0	0
D3650.contig1071	339	0	0
D3650.contig1072	338	0	0
D3650.contig1073	337	10	5
D3650.contig1074	337	0	0
D3650.contig1075	337	0	0
D3650.contig1076	337	0	0
D3650.contig1077	337	0	0
D3650.contig1078	337	0	0
D3650.contig1079	336	0	0
D3650.contig1080	336	0	0
D3650.contig1081	336	0	0
D3650.contig1082	336	0	0
D3650.contig1083	335	0	0
D3650.contig1084	335	3	0
D3650.contig1085	335	0	0
D3650.contig1086	335	0	0
D3650.contig1087	334	0	0
D3650.contig1088	333	0	0
D3650.contig1089	333	0	0
D3650.contig1090	332	0	0
D3650.contig1091	332	0	0
D3650.contig1092	332	0	0
D3650.contig1093	332	0	0
D3650.contig1094	332	0	0
D3650.contig1095	332	0	0
D3650.contig1096	331	0	0
D3650.contig1097	331	28	28
D3650.contig1098	331	0	0
D3650.contig1099	331	0	0
D3650.contig1100	331	0	0
D3650.contig1101	330	1	1
D3650.contig1102	330	0	0
D3650.contig1103	329	0	0
D3650.contig1104	329	0	0
D3650.contig1105	329	0	0
D3650.contig1106	329	9085	6323
D3650.contig1107	329	0	0
D3650.contig1108	328	0	0
D3650.contig1109	328	0	0
D3650.contig1110	328	1	1
D3650.contig1111	328	0	0
D3650.contig1112	328	0	0
D3650.contig1113	327	0	0
D3650.contig1114	327	0	0
D3650.contig1115	327	0	0
D3650.contig1116	326	41	27
D3650.contig1117	324	0	0
D3650.contig1118	324	4	2
D3650.contig1119	324	0	0
D3650.contig1120	324	0	0
D3650.contig1121	323	300	214
D3650.contig1122	323	0	0
D3650.contig1123	323	0	0
D3650.contig1124	323	0	0
D3650.contig1125	321	0	0
D3650.contig1126	321	0	0
D3650.contig1127	320	0	0
D3650.contig1128	320	0	0
D3650.contig1129	320	0	0
D3650.contig1130	320	0	0
D3650.contig1131	320	0	0
D3650.contig1132	320	0	0
D3650.contig1133	319	0	0
D3650.contig1134	319	0	0
D3650.contig1135	319	83	44
D3650.contig1136	319	0	0
D3650.contig1137	318	0	0
D3650.contig1138	318	0	0
D3650.contig1139	317	0	0
D3650.contig1140	317	6	1
D3650.contig1141	317	0	0
D3650.contig1142	317	547	188
D3650.contig1143	317	12380	7807
D3650.contig1144	316	552	295
D3650.contig1145	316	0	0
D3650.contig1146	316	2	2
D3650.contig1147	316	0	0
D3650.contig1148	316	0	0
D3650.contig1149	315	0	0
D3650.contig1150	315	0	0
D3650.contig1151	313	30	23
D3650.contig1152	313	0	0
D3650.contig1153	313	2	2
D3650.contig1154	312	0	0
D3650.contig1155	312	0	0
D3650.contig1156	312	0	0
D3650.contig1157	312	0	0
D3650.contig1158	311	2	2
D3650.contig1159	310	1	1
D3650.contig1160	310	0	0
D3650.contig1161	310	0	0
D3650.contig1162	310	0	0
D3650.contig1163	310	0	0
D3650.contig1164	309	6	3
D3650.contig1165	309	4748	1664
D3650.contig1166	309	0	0
D3650.contig1167	308	0	0
D3650.contig1168	308	17446	11816
D3650.contig1169	308	0	0
D3650.contig1170	306	0	0
D3650.contig1171	306	9	9
D3650.contig1172	306	0	0
D3650.contig1173	305	0	0
D3650.contig1174	305	0	0
D3650.contig1175	304	0	0
D3650.contig1176	304	0	0
D3650.contig1177	304	12	8
D3650.contig1178	303	0	0
D3650.contig1179	303	0	0
D3650.contig1180	303	0	0
D3650.contig1181	303	12	10
D3650.contig1182	303	116	12
D3650.contig1183	303	0	0
D3650.contig1184	303	0	0
D3650.contig1185	302	0	0
D3650.contig1186	302	0	0
D3650.contig1187	301	0	0
D3650.contig1188	301	15	11
D3650.contig1189	301	4	4
D3650.contig1190	301	0	0
D3650.contig1191	300	0	0
D3650.contig1192	300	0	0
D3650.contig1193	300	1	1
D3650.contig1194	300	0	0
D3650.contig1195	300	0	0
*	0	0	97859524
