D3334.contig1	63711	3	3
D3334.contig2	44026	0	0
D3334.contig3	42350	0	0
D3334.contig4	40169	112	32
D3334.contig5	38514	0	0
D3334.contig6	38248	0	0
D3334.contig7	36956	3	1
D3334.contig8	36092	1	1
D3334.contig9	23747	7	1
D3334.contig10	22796	0	0
D3334.contig11	21341	0	0
D3334.contig12	18597	19	9
D3334.contig13	18316	1	1
D3334.contig14	18286	0	0
D3334.contig15	17903	0	0
D3334.contig16	16805	53	9
D3334.contig17	16500	0	0
D3334.contig18	16495	33	15
D3334.contig19	15842	5	1
D3334.contig20	15796	3	3
D3334.contig21	14957	0	0
D3334.contig22	14570	2	0
D3334.contig23	13415	2	0
D3334.contig24	12954	0	0
D3334.contig25	12387	0	0
D3334.contig26	12354	0	0
D3334.contig27	11594	0	0
D3334.contig28	11591	2	0
D3334.contig29	10386	3	1
D3334.contig30	10318	0	0
D3334.contig31	10259	0	0
D3334.contig32	9501	4	0
D3334.contig33	9276	0	0
D3334.contig34	9130	0	0
D3334.contig35	8908	1	1
D3334.contig36	8470	0	0
D3334.contig37	8123	0	0
D3334.contig38	7992	0	0
D3334.contig39	7976	0	0
D3334.contig40	7707	0	0
D3334.contig41	7591	2	0
D3334.contig42	7466	0	0
D3334.contig43	7431	0	0
D3334.contig44	7283	0	0
D3334.contig45	7230	0	0
D3334.contig46	7226	0	0
D3334.contig47	6747	30	0
D3334.contig48	6743	0	0
D3334.contig49	6641	0	0
D3334.contig50	6118	0	0
D3334.contig51	5971	0	0
D3334.contig52	5930	0	0
D3334.contig53	5915	1	1
D3334.contig54	5891	0	0
D3334.contig55	5879	0	0
D3334.contig56	5131	0	0
D3334.contig57	5077	0	0
D3334.contig58	4928	0	0
D3334.contig59	4889	0	0
D3334.contig60	4886	0	0
D3334.contig61	4875	8	1
D3334.contig62	4827	0	0
D3334.contig63	4497	5	1
D3334.contig64	4492	0	0
D3334.contig65	4462	0	0
D3334.contig66	4321	1	0
D3334.contig67	4309	0	0
D3334.contig68	4289	47	11
D3334.contig69	4264	6	0
D3334.contig70	4072	0	0
D3334.contig71	4037	0	0
D3334.contig72	4024	0	0
D3334.contig73	3915	0	0
D3334.contig74	3666	0	0
D3334.contig75	3647	0	0
D3334.contig76	3463	0	0
D3334.contig77	3429	1	1
D3334.contig78	3419	0	0
D3334.contig79	3394	0	0
D3334.contig80	3285	0	0
D3334.contig81	3242	0	0
D3334.contig82	3154	0	0
D3334.contig83	3148	0	0
D3334.contig84	3137	0	0
D3334.contig85	3037	0	0
D3334.contig86	2980	0	0
D3334.contig87	2966	0	0
D3334.contig88	2924	36	2
D3334.contig89	2912	0	0
D3334.contig90	2876	7	3
D3334.contig91	2867	0	0
D3334.contig92	2849	0	0
D3334.contig93	2845	0	0
D3334.contig94	2820	0	0
D3334.contig95	2797	0	0
D3334.contig96	2772	0	0
D3334.contig97	2760	0	0
D3334.contig98	2720	0	0
D3334.contig99	2719	0	0
D3334.contig100	2699	0	0
D3334.contig101	2689	0	0
D3334.contig102	2648	1	0
D3334.contig103	2626	0	0
D3334.contig104	2626	0	0
D3334.contig105	2607	0	0
D3334.contig106	2602	0	0
D3334.contig107	2540	0	0
D3334.contig108	2525	0	0
D3334.contig109	2506	2	2
D3334.contig110	2498	0	0
D3334.contig111	2496	0	0
D3334.contig112	2444	9	1
D3334.contig113	2427	0	0
D3334.contig114	2357	0	0
D3334.contig115	2353	0	0
D3334.contig116	2313	0	0
D3334.contig117	2274	2	0
D3334.contig118	2274	0	0
D3334.contig119	2210	0	0
D3334.contig120	2202	0	0
D3334.contig121	2198	0	0
D3334.contig122	2188	0	0
D3334.contig123	2185	0	0
D3334.contig124	2179	0	0
D3334.contig125	2173	0	0
D3334.contig126	2167	0	0
D3334.contig127	2166	0	0
D3334.contig128	2134	0	0
D3334.contig129	2111	1	1
D3334.contig130	2108	0	0
D3334.contig131	2045	0	0
D3334.contig132	2043	0	0
D3334.contig133	2013	0	0
D3334.contig134	1996	0	0
D3334.contig135	1979	0	0
D3334.contig136	1972	32	4
D3334.contig137	1963	2	0
D3334.contig138	1962	0	0
D3334.contig139	1945	0	0
D3334.contig140	1933	1	0
D3334.contig141	1928	0	0
D3334.contig142	1891	0	0
D3334.contig143	1822	0	0
D3334.contig144	1772	0	0
D3334.contig145	1768	0	0
D3334.contig146	1766	0	0
D3334.contig147	1765	0	0
D3334.contig148	1738	0	0
D3334.contig149	1716	0	0
D3334.contig150	1678	0	0
D3334.contig151	1664	0	0
D3334.contig152	1664	1	1
D3334.contig153	1660	0	0
D3334.contig154	1656	0	0
D3334.contig155	1623	0	0
D3334.contig156	1622	0	0
D3334.contig157	1621	0	0
D3334.contig158	1605	0	0
D3334.contig159	1603	0	0
D3334.contig160	1586	0	0
D3334.contig161	1584	0	0
D3334.contig162	1581	0	0
D3334.contig163	1581	0	0
D3334.contig164	1566	0	0
D3334.contig165	1565	0	0
D3334.contig166	1564	0	0
D3334.contig167	1564	0	0
D3334.contig168	1555	0	0
D3334.contig169	1537	3	1
D3334.contig170	1535	0	0
D3334.contig171	1522	0	0
D3334.contig172	1520	0	0
D3334.contig173	1514	0	0
D3334.contig174	1509	0	0
D3334.contig175	1507	0	0
D3334.contig176	1496	3	1
D3334.contig177	1491	0	0
D3334.contig178	1460	0	0
D3334.contig179	1456	0	0
D3334.contig180	1453	0	0
D3334.contig181	1453	0	0
D3334.contig182	1450	40	40
D3334.contig183	1443	0	0
D3334.contig184	1435	4	0
D3334.contig185	1426	0	0
D3334.contig186	1418	0	0
D3334.contig187	1411	0	0
D3334.contig188	1385	0	0
D3334.contig189	1369	0	0
D3334.contig190	1363	0	0
D3334.contig191	1358	0	0
D3334.contig192	1350	0	0
D3334.contig193	1329	0	0
D3334.contig194	1327	2	0
D3334.contig195	1324	0	0
D3334.contig196	1320	0	0
D3334.contig197	1318	0	0
D3334.contig198	1311	0	0
D3334.contig199	1310	0	0
D3334.contig200	1307	0	0
D3334.contig201	1303	1	1
D3334.contig202	1302	0	0
D3334.contig203	1291	39	5
D3334.contig204	1288	0	0
D3334.contig205	1287	0	0
D3334.contig206	1268	0	0
D3334.contig207	1264	0	0
D3334.contig208	1252	1	1
D3334.contig209	1248	0	0
D3334.contig210	1245	0	0
D3334.contig211	1243	0	0
D3334.contig212	1240	0	0
D3334.contig213	1237	0	0
D3334.contig214	1237	0	0
D3334.contig215	1233	0	0
D3334.contig216	1225	0	0
D3334.contig217	1211	8	0
D3334.contig218	1199	0	0
D3334.contig219	1198	0	0
D3334.contig220	1197	0	0
D3334.contig221	1197	0	0
D3334.contig222	1194	0	0
D3334.contig223	1181	4	2
D3334.contig224	1179	0	0
D3334.contig225	1174	0	0
D3334.contig226	1170	0	0
D3334.contig227	1160	0	0
D3334.contig228	1160	0	0
D3334.contig229	1158	30	26
D3334.contig230	1153	0	0
D3334.contig231	1147	0	0
D3334.contig232	1141	0	0
D3334.contig233	1140	0	0
D3334.contig234	1136	0	0
D3334.contig235	1131	0	0
D3334.contig236	1129	0	0
D3334.contig237	1129	0	0
D3334.contig238	1129	0	0
D3334.contig239	1119	0	0
D3334.contig240	1118	0	0
D3334.contig241	1117	0	0
D3334.contig242	1114	322	46
D3334.contig243	1105	0	0
D3334.contig244	1096	0	0
D3334.contig245	1089	0	0
D3334.contig246	1078	0	0
D3334.contig247	1073	0	0
D3334.contig248	1066	0	0
D3334.contig249	1063	0	0
D3334.contig250	1060	0	0
D3334.contig251	1048	0	0
D3334.contig252	1048	0	0
D3334.contig253	1040	0	0
D3334.contig254	1040	0	0
D3334.contig255	1039	0	0
D3334.contig256	1038	0	0
D3334.contig257	1032	0	0
D3334.contig258	1026	0	0
D3334.contig259	1025	0	0
D3334.contig260	1024	0	0
D3334.contig261	1023	0	0
D3334.contig262	1010	2	0
D3334.contig263	1005	0	0
D3334.contig264	1002	0	0
D3334.contig265	1002	103	31
D3334.contig266	996	0	0
D3334.contig267	994	0	0
D3334.contig268	992	0	0
D3334.contig269	991	0	0
D3334.contig270	991	0	0
D3334.contig271	986	0	0
D3334.contig272	983	0	0
D3334.contig273	972	0	0
D3334.contig274	970	0	0
D3334.contig275	965	0	0
D3334.contig276	963	0	0
D3334.contig277	963	0	0
D3334.contig278	961	0	0
D3334.contig279	955	0	0
D3334.contig280	953	0	0
D3334.contig281	951	0	0
D3334.contig282	949	0	0
D3334.contig283	946	0	0
D3334.contig284	945	0	0
D3334.contig285	940	0	0
D3334.contig286	933	0	0
D3334.contig287	928	1	1
D3334.contig288	927	0	0
D3334.contig289	926	0	0
D3334.contig290	919	0	0
D3334.contig291	914	0	0
D3334.contig292	911	0	0
D3334.contig293	910	0	0
D3334.contig294	907	0	0
D3334.contig295	891	0	0
D3334.contig296	888	0	0
D3334.contig297	884	0	0
D3334.contig298	882	0	0
D3334.contig299	881	0	0
D3334.contig300	870	0	0
D3334.contig301	863	0	0
D3334.contig302	861	0	0
D3334.contig303	861	0	0
D3334.contig304	856	0	0
D3334.contig305	854	0	0
D3334.contig306	853	0	0
D3334.contig307	850	0	0
D3334.contig308	847	0	0
D3334.contig309	846	0	0
D3334.contig310	846	0	0
D3334.contig311	845	0	0
D3334.contig312	845	0	0
D3334.contig313	842	0	0
D3334.contig314	838	0	0
D3334.contig315	834	0	0
D3334.contig316	833	0	0
D3334.contig317	830	0	0
D3334.contig318	827	0	0
D3334.contig319	826	0	0
D3334.contig320	825	0	0
D3334.contig321	824	0	0
D3334.contig322	823	0	0
D3334.contig323	821	0	0
D3334.contig324	819	0	0
D3334.contig325	817	0	0
D3334.contig326	814	0	0
D3334.contig327	810	0	0
D3334.contig328	809	0	0
D3334.contig329	808	0	0
D3334.contig330	808	0	0
D3334.contig331	808	0	0
D3334.contig332	806	0	0
D3334.contig333	803	0	0
D3334.contig334	800	0	0
D3334.contig335	796	0	0
D3334.contig336	793	0	0
D3334.contig337	792	0	0
D3334.contig338	790	0	0
D3334.contig339	788	0	0
D3334.contig340	787	0	0
D3334.contig341	785	0	0
D3334.contig342	784	0	0
D3334.contig343	783	0	0
D3334.contig344	782	0	0
D3334.contig345	781	0	0
D3334.contig346	779	0	0
D3334.contig347	777	0	0
D3334.contig348	777	0	0
D3334.contig349	775	0	0
D3334.contig350	772	0	0
D3334.contig351	771	0	0
D3334.contig352	771	0	0
D3334.contig353	770	0	0
D3334.contig354	768	0	0
D3334.contig355	764	1	1
D3334.contig356	762	0	0
D3334.contig357	762	0	0
D3334.contig358	761	0	0
D3334.contig359	757	0	0
D3334.contig360	754	0	0
D3334.contig361	753	0	0
D3334.contig362	749	0	0
D3334.contig363	747	0	0
D3334.contig364	743	0	0
D3334.contig365	743	0	0
D3334.contig366	742	0	0
D3334.contig367	739	0	0
D3334.contig368	736	0	0
D3334.contig369	736	16	3
D3334.contig370	736	0	0
D3334.contig371	735	0	0
D3334.contig372	732	0	0
D3334.contig373	725	0	0
D3334.contig374	724	0	0
D3334.contig375	723	0	0
D3334.contig376	723	0	0
D3334.contig377	720	0	0
D3334.contig378	717	0	0
D3334.contig379	715	0	0
D3334.contig380	714	0	0
D3334.contig381	713	0	0
D3334.contig382	713	0	0
D3334.contig383	712	0	0
D3334.contig384	712	0	0
D3334.contig385	712	0	0
D3334.contig386	711	0	0
D3334.contig387	710	2	0
D3334.contig388	707	0	0
D3334.contig389	705	0	0
D3334.contig390	704	0	0
D3334.contig391	702	0	0
D3334.contig392	700	0	0
D3334.contig393	699	0	0
D3334.contig394	699	0	0
D3334.contig395	697	0	0
D3334.contig396	695	0	0
D3334.contig397	694	0	0
D3334.contig398	694	0	0
D3334.contig399	691	0	0
D3334.contig400	690	0	0
D3334.contig401	689	0	0
D3334.contig402	689	0	0
D3334.contig403	688	2	0
D3334.contig404	688	0	0
D3334.contig405	687	0	0
D3334.contig406	681	0	0
D3334.contig407	680	0	0
D3334.contig408	679	0	0
D3334.contig409	678	0	0
D3334.contig410	675	0	0
D3334.contig411	673	0	0
D3334.contig412	673	0	0
D3334.contig413	671	0	0
D3334.contig414	671	0	0
D3334.contig415	669	0	0
D3334.contig416	667	0	0
D3334.contig417	666	0	0
D3334.contig418	666	0	0
D3334.contig419	662	0	0
D3334.contig420	662	0	0
D3334.contig421	658	0	0
D3334.contig422	656	0	0
D3334.contig423	656	1	1
D3334.contig424	655	0	0
D3334.contig425	654	0	0
D3334.contig426	653	0	0
D3334.contig427	653	0	0
D3334.contig428	653	1360	537
D3334.contig429	652	0	0
D3334.contig430	652	0	0
D3334.contig431	651	0	0
D3334.contig432	648	0	0
D3334.contig433	647	0	0
D3334.contig434	644	0	0
D3334.contig435	641	0	0
D3334.contig436	641	0	0
D3334.contig437	641	0	0
D3334.contig438	640	0	0
D3334.contig439	637	0	0
D3334.contig440	636	0	0
D3334.contig441	633	0	0
D3334.contig442	632	0	0
D3334.contig443	632	0	0
D3334.contig444	631	0	0
D3334.contig445	629	0	0
D3334.contig446	626	0	0
D3334.contig447	625	0	0
D3334.contig448	625	0	0
D3334.contig449	624	0	0
D3334.contig450	624	0	0
D3334.contig451	624	0	0
D3334.contig452	623	0	0
D3334.contig453	622	0	0
D3334.contig454	621	0	0
D3334.contig455	621	0	0
D3334.contig456	619	0	0
D3334.contig457	619	16	3
D3334.contig458	618	0	0
D3334.contig459	614	0	0
D3334.contig460	614	0	0
D3334.contig461	612	0	0
D3334.contig462	611	0	0
D3334.contig463	611	0	0
D3334.contig464	608	0	0
D3334.contig465	608	0	0
D3334.contig466	608	0	0
D3334.contig467	605	0	0
D3334.contig468	603	0	0
D3334.contig469	602	0	0
D3334.contig470	600	0	0
D3334.contig471	600	0	0
D3334.contig472	600	0	0
D3334.contig473	599	0	0
D3334.contig474	598	0	0
D3334.contig475	594	0	0
D3334.contig476	594	0	0
D3334.contig477	592	0	0
D3334.contig478	592	0	0
D3334.contig479	592	0	0
D3334.contig480	592	4	0
D3334.contig481	591	0	0
D3334.contig482	590	0	0
D3334.contig483	589	0	0
D3334.contig484	587	0	0
D3334.contig485	585	18	5
D3334.contig486	585	0	0
D3334.contig487	583	0	0
D3334.contig488	582	0	0
D3334.contig489	582	0	0
D3334.contig490	581	24	12
D3334.contig491	580	0	0
D3334.contig492	580	0	0
D3334.contig493	579	0	0
D3334.contig494	579	0	0
D3334.contig495	579	0	0
D3334.contig496	579	0	0
D3334.contig497	577	0	0
D3334.contig498	574	0	0
D3334.contig499	572	0	0
D3334.contig500	572	0	0
D3334.contig501	572	0	0
D3334.contig502	572	0	0
D3334.contig503	571	0	0
D3334.contig504	571	0	0
D3334.contig505	569	0	0
D3334.contig506	566	0	0
D3334.contig507	566	0	0
D3334.contig508	564	0	0
D3334.contig509	560	0	0
D3334.contig510	559	30	12
D3334.contig511	559	0	0
D3334.contig512	559	0	0
D3334.contig513	559	0	0
D3334.contig514	559	0	0
D3334.contig515	559	0	0
D3334.contig516	558	0	0
D3334.contig517	558	307	120
D3334.contig518	556	0	0
D3334.contig519	555	0	0
D3334.contig520	554	0	0
D3334.contig521	553	10	10
D3334.contig522	553	0	0
D3334.contig523	553	0	0
D3334.contig524	552	0	0
D3334.contig525	552	0	0
D3334.contig526	552	0	0
D3334.contig527	551	0	0
D3334.contig528	551	0	0
D3334.contig529	551	0	0
D3334.contig530	549	0	0
D3334.contig531	548	0	0
D3334.contig532	548	0	0
D3334.contig533	547	0	0
D3334.contig534	546	1	1
D3334.contig535	545	0	0
D3334.contig536	545	0	0
D3334.contig537	545	0	0
D3334.contig538	544	0	0
D3334.contig539	544	0	0
D3334.contig540	543	0	0
D3334.contig541	542	0	0
D3334.contig542	542	0	0
D3334.contig543	542	0	0
D3334.contig544	541	0	0
D3334.contig545	541	0	0
D3334.contig546	541	0	0
D3334.contig547	540	0	0
D3334.contig548	540	0	0
D3334.contig549	540	0	0
D3334.contig550	539	0	0
D3334.contig551	538	0	0
D3334.contig552	538	0	0
D3334.contig553	537	0	0
D3334.contig554	537	0	0
D3334.contig555	536	0	0
D3334.contig556	535	12	10
D3334.contig557	534	0	0
D3334.contig558	532	0	0
D3334.contig559	532	0	0
D3334.contig560	531	0	0
D3334.contig561	531	0	0
D3334.contig562	530	0	0
D3334.contig563	528	0	0
D3334.contig564	528	0	0
D3334.contig565	527	0	0
D3334.contig566	527	0	0
D3334.contig567	527	0	0
D3334.contig568	526	0	0
D3334.contig569	526	0	0
D3334.contig570	526	0	0
D3334.contig571	526	0	0
D3334.contig572	526	0	0
D3334.contig573	525	0	0
D3334.contig574	521	0	0
D3334.contig575	521	0	0
D3334.contig576	520	0	0
D3334.contig577	520	0	0
D3334.contig578	520	0	0
D3334.contig579	520	16	5
D3334.contig580	519	0	0
D3334.contig581	519	0	0
D3334.contig582	519	0	0
D3334.contig583	517	0	0
D3334.contig584	515	0	0
D3334.contig585	515	0	0
D3334.contig586	513	0	0
D3334.contig587	513	0	0
D3334.contig588	512	0	0
D3334.contig589	511	0	0
D3334.contig590	509	0	0
D3334.contig591	508	0	0
D3334.contig592	507	0	0
D3334.contig593	507	0	0
D3334.contig594	506	0	0
D3334.contig595	506	0	0
D3334.contig596	506	0	0
D3334.contig597	505	0	0
D3334.contig598	505	0	0
D3334.contig599	504	0	0
D3334.contig600	503	0	0
D3334.contig601	503	0	0
D3334.contig602	503	0	0
D3334.contig603	503	0	0
D3334.contig604	502	41	41
D3334.contig605	502	4	0
D3334.contig606	502	0	0
D3334.contig607	500	0	0
D3334.contig608	498	0	0
D3334.contig609	497	0	0
D3334.contig610	495	0	0
D3334.contig611	495	0	0
D3334.contig612	494	0	0
D3334.contig613	494	0	0
D3334.contig614	494	0	0
D3334.contig615	493	0	0
D3334.contig616	491	0	0
D3334.contig617	490	0	0
D3334.contig618	490	0	0
D3334.contig619	487	35	35
D3334.contig620	486	0	0
D3334.contig621	484	0	0
D3334.contig622	484	0	0
D3334.contig623	483	0	0
D3334.contig624	482	0	0
D3334.contig625	481	0	0
D3334.contig626	479	0	0
D3334.contig627	479	0	0
D3334.contig628	478	0	0
D3334.contig629	478	0	0
D3334.contig630	477	0	0
D3334.contig631	476	0	0
D3334.contig632	476	0	0
D3334.contig633	475	0	0
D3334.contig634	474	0	0
D3334.contig635	473	0	0
D3334.contig636	473	0	0
D3334.contig637	473	0	0
D3334.contig638	472	0	0
D3334.contig639	472	0	0
D3334.contig640	471	0	0
D3334.contig641	471	0	0
D3334.contig642	470	0	0
D3334.contig643	470	0	0
D3334.contig644	470	0	0
D3334.contig645	469	0	0
D3334.contig646	469	0	0
D3334.contig647	469	0	0
D3334.contig648	469	0	0
D3334.contig649	468	0	0
D3334.contig650	468	0	0
D3334.contig651	467	0	0
D3334.contig652	467	0	0
D3334.contig653	467	0	0
D3334.contig654	467	0	0
D3334.contig655	467	0	0
D3334.contig656	466	0	0
D3334.contig657	466	0	0
D3334.contig658	466	0	0
D3334.contig659	465	0	0
D3334.contig660	465	0	0
D3334.contig661	464	0	0
D3334.contig662	463	0	0
D3334.contig663	463	0	0
D3334.contig664	463	0	0
D3334.contig665	462	0	0
D3334.contig666	460	0	0
D3334.contig667	459	0	0
D3334.contig668	458	0	0
D3334.contig669	456	1621	771
D3334.contig670	456	0	0
D3334.contig671	455	0	0
D3334.contig672	454	0	0
D3334.contig673	453	0	0
D3334.contig674	453	0	0
D3334.contig675	453	0	0
D3334.contig676	453	0	0
D3334.contig677	450	0	0
D3334.contig678	450	0	0
D3334.contig679	450	0	0
D3334.contig680	449	0	0
D3334.contig681	448	0	0
D3334.contig682	447	0	0
D3334.contig683	446	0	0
D3334.contig684	445	0	0
D3334.contig685	445	0	0
D3334.contig686	445	0	0
D3334.contig687	444	0	0
D3334.contig688	444	0	0
D3334.contig689	444	0	0
D3334.contig690	444	0	0
D3334.contig691	444	0	0
D3334.contig692	444	0	0
D3334.contig693	444	0	0
D3334.contig694	443	0	0
D3334.contig695	443	0	0
D3334.contig696	442	0	0
D3334.contig697	442	0	0
D3334.contig698	441	0	0
D3334.contig699	441	0	0
D3334.contig700	441	0	0
D3334.contig701	440	0	0
D3334.contig702	439	6548	3069
D3334.contig703	439	0	0
D3334.contig704	438	8	2
D3334.contig705	438	0	0
D3334.contig706	438	0	0
D3334.contig707	437	0	0
D3334.contig708	437	0	0
D3334.contig709	435	0	0
D3334.contig710	434	0	0
D3334.contig711	433	0	0
D3334.contig712	432	0	0
D3334.contig713	431	0	0
D3334.contig714	431	0	0
D3334.contig715	430	0	0
D3334.contig716	430	638	304
D3334.contig717	430	0	0
D3334.contig718	430	0	0
D3334.contig719	429	0	0
D3334.contig720	426	0	0
D3334.contig721	426	27	14
D3334.contig722	426	0	0
D3334.contig723	426	0	0
D3334.contig724	425	0	0
D3334.contig725	424	0	0
D3334.contig726	424	0	0
D3334.contig727	424	0	0
D3334.contig728	424	0	0
D3334.contig729	424	0	0
D3334.contig730	424	0	0
D3334.contig731	423	0	0
D3334.contig732	423	0	0
D3334.contig733	423	0	0
D3334.contig734	422	0	0
D3334.contig735	422	9	3
D3334.contig736	422	0	0
D3334.contig737	421	0	0
D3334.contig738	421	0	0
D3334.contig739	420	0	0
D3334.contig740	419	0	0
D3334.contig741	419	0	0
D3334.contig742	418	0	0
D3334.contig743	417	0	0
D3334.contig744	417	0	0
D3334.contig745	417	0	0
D3334.contig746	416	0	0
D3334.contig747	416	0	0
D3334.contig748	415	0	0
D3334.contig749	415	0	0
D3334.contig750	415	0	0
D3334.contig751	415	0	0
D3334.contig752	414	0	0
D3334.contig753	414	0	0
D3334.contig754	413	0	0
D3334.contig755	413	0	0
D3334.contig756	412	0	0
D3334.contig757	412	0	0
D3334.contig758	412	0	0
D3334.contig759	412	7005	3432
D3334.contig760	411	0	0
D3334.contig761	411	0	0
D3334.contig762	411	7	3
D3334.contig763	410	0	0
D3334.contig764	410	0	0
D3334.contig765	410	0	0
D3334.contig766	409	0	0
D3334.contig767	409	0	0
D3334.contig768	408	0	0
D3334.contig769	408	0	0
D3334.contig770	408	0	0
D3334.contig771	408	0	0
D3334.contig772	408	0	0
D3334.contig773	407	0	0
D3334.contig774	407	0	0
D3334.contig775	407	0	0
D3334.contig776	407	0	0
D3334.contig777	406	0	0
D3334.contig778	406	0	0
D3334.contig779	406	0	0
D3334.contig780	406	0	0
D3334.contig781	405	0	0
D3334.contig782	405	0	0
D3334.contig783	405	0	0
D3334.contig784	404	0	0
D3334.contig785	403	0	0
D3334.contig786	403	0	0
D3334.contig787	403	0	0
D3334.contig788	403	0	0
D3334.contig789	403	1	1
D3334.contig790	403	0	0
D3334.contig791	402	0	0
D3334.contig792	401	0	0
D3334.contig793	400	0	0
D3334.contig794	400	0	0
D3334.contig795	399	0	0
D3334.contig796	398	0	0
D3334.contig797	398	0	0
D3334.contig798	398	0	0
D3334.contig799	398	0	0
D3334.contig800	397	0	0
D3334.contig801	397	0	0
D3334.contig802	397	0	0
D3334.contig803	397	0	0
D3334.contig804	396	0	0
D3334.contig805	396	0	0
D3334.contig806	396	0	0
D3334.contig807	396	0	0
D3334.contig808	395	0	0
D3334.contig809	395	0	0
D3334.contig810	395	0	0
D3334.contig811	394	0	0
D3334.contig812	394	0	0
D3334.contig813	394	0	0
D3334.contig814	394	0	0
D3334.contig815	394	0	0
D3334.contig816	394	0	0
D3334.contig817	394	0	0
D3334.contig818	394	0	0
D3334.contig819	393	0	0
D3334.contig820	393	0	0
D3334.contig821	393	0	0
D3334.contig822	391	0	0
D3334.contig823	390	0	0
D3334.contig824	389	0	0
D3334.contig825	388	0	0
D3334.contig826	388	0	0
D3334.contig827	387	0	0
D3334.contig828	387	0	0
D3334.contig829	387	0	0
D3334.contig830	386	0	0
D3334.contig831	385	0	0
D3334.contig832	385	0	0
D3334.contig833	385	0	0
D3334.contig834	385	0	0
D3334.contig835	384	0	0
D3334.contig836	384	0	0
D3334.contig837	384	2	2
D3334.contig838	384	0	0
D3334.contig839	383	0	0
D3334.contig840	383	0	0
D3334.contig841	382	0	0
D3334.contig842	382	0	0
D3334.contig843	382	0	0
D3334.contig844	382	0	0
D3334.contig845	380	0	0
D3334.contig846	380	0	0
D3334.contig847	380	0	0
D3334.contig848	380	0	0
D3334.contig849	379	4	2
D3334.contig850	379	0	0
D3334.contig851	379	0	0
D3334.contig852	378	0	0
D3334.contig853	378	0	0
D3334.contig854	378	0	0
D3334.contig855	378	0	0
D3334.contig856	378	0	0
D3334.contig857	378	0	0
D3334.contig858	378	0	0
D3334.contig859	377	0	0
D3334.contig860	376	0	0
D3334.contig861	376	0	0
D3334.contig862	376	0	0
D3334.contig863	375	0	0
D3334.contig864	375	0	0
D3334.contig865	375	0	0
D3334.contig866	375	0	0
D3334.contig867	374	0	0
D3334.contig868	373	0	0
D3334.contig869	373	0	0
D3334.contig870	373	0	0
D3334.contig871	373	0	0
D3334.contig872	373	0	0
D3334.contig873	372	0	0
D3334.contig874	372	0	0
D3334.contig875	371	0	0
D3334.contig876	371	0	0
D3334.contig877	371	0	0
D3334.contig878	371	0	0
D3334.contig879	371	0	0
D3334.contig880	370	0	0
D3334.contig881	370	0	0
D3334.contig882	370	0	0
D3334.contig883	369	0	0
D3334.contig884	369	0	0
D3334.contig885	369	0	0
D3334.contig886	368	0	0
D3334.contig887	368	0	0
D3334.contig888	367	0	0
D3334.contig889	367	0	0
D3334.contig890	367	0	0
D3334.contig891	367	0	0
D3334.contig892	367	0	0
D3334.contig893	367	0	0
D3334.contig894	367	0	0
D3334.contig895	366	0	0
D3334.contig896	366	0	0
D3334.contig897	366	0	0
D3334.contig898	366	0	0
D3334.contig899	366	5	3
D3334.contig900	365	0	0
D3334.contig901	365	0	0
D3334.contig902	365	0	0
D3334.contig903	365	0	0
D3334.contig904	365	0	0
D3334.contig905	365	0	0
D3334.contig906	364	5	5
D3334.contig907	364	0	0
D3334.contig908	364	0	0
D3334.contig909	364	0	0
D3334.contig910	364	0	0
D3334.contig911	363	0	0
D3334.contig912	362	0	0
D3334.contig913	362	0	0
D3334.contig914	362	0	0
D3334.contig915	362	0	0
D3334.contig916	362	0	0
D3334.contig917	361	0	0
D3334.contig918	361	0	0
D3334.contig919	361	0	0
D3334.contig920	361	0	0
D3334.contig921	361	0	0
D3334.contig922	360	0	0
D3334.contig923	360	0	0
D3334.contig924	360	0	0
D3334.contig925	359	0	0
D3334.contig926	359	0	0
D3334.contig927	358	0	0
D3334.contig928	358	0	0
D3334.contig929	358	0	0
D3334.contig930	358	0	0
D3334.contig931	358	0	0
D3334.contig932	358	0	0
D3334.contig933	357	0	0
D3334.contig934	357	0	0
D3334.contig935	357	0	0
D3334.contig936	356	0	0
D3334.contig937	356	2	2
D3334.contig938	356	0	0
D3334.contig939	355	0	0
D3334.contig940	355	0	0
D3334.contig941	354	0	0
D3334.contig942	354	0	0
D3334.contig943	354	0	0
D3334.contig944	354	0	0
D3334.contig945	354	0	0
D3334.contig946	353	0	0
D3334.contig947	353	0	0
D3334.contig948	353	0	0
D3334.contig949	352	0	0
D3334.contig950	351	0	0
D3334.contig951	351	0	0
D3334.contig952	351	0	0
D3334.contig953	351	0	0
D3334.contig954	351	0	0
D3334.contig955	351	0	0
D3334.contig956	350	0	0
D3334.contig957	349	0	0
D3334.contig958	349	0	0
D3334.contig959	349	0	0
D3334.contig960	348	11	0
D3334.contig961	348	0	0
D3334.contig962	348	1	1
D3334.contig963	348	0	0
D3334.contig964	348	0	0
D3334.contig965	347	104	53
D3334.contig966	347	0	0
D3334.contig967	347	0	0
D3334.contig968	347	0	0
D3334.contig969	347	0	0
D3334.contig970	347	0	0
D3334.contig971	346	0	0
D3334.contig972	346	4	1
D3334.contig973	346	2	0
D3334.contig974	345	0	0
D3334.contig975	345	0	0
D3334.contig976	345	0	0
D3334.contig977	345	0	0
D3334.contig978	344	0	0
D3334.contig979	344	0	0
D3334.contig980	344	0	0
D3334.contig981	344	0	0
D3334.contig982	344	0	0
D3334.contig983	343	0	0
D3334.contig984	343	0	0
D3334.contig985	342	0	0
D3334.contig986	342	0	0
D3334.contig987	342	0	0
D3334.contig988	342	0	0
D3334.contig989	341	0	0
D3334.contig990	341	0	0
D3334.contig991	341	0	0
D3334.contig992	340	0	0
D3334.contig993	340	0	0
D3334.contig994	340	0	0
D3334.contig995	339	0	0
D3334.contig996	339	0	0
D3334.contig997	339	61	28
D3334.contig998	338	0	0
D3334.contig999	338	0	0
D3334.contig1000	338	0	0
D3334.contig1001	338	0	0
D3334.contig1002	338	0	0
D3334.contig1003	338	0	0
D3334.contig1004	337	0	0
D3334.contig1005	337	0	0
D3334.contig1006	337	0	0
D3334.contig1007	336	0	0
D3334.contig1008	336	0	0
D3334.contig1009	336	0	0
D3334.contig1010	335	0	0
D3334.contig1011	335	0	0
D3334.contig1012	335	0	0
D3334.contig1013	335	0	0
D3334.contig1014	335	0	0
D3334.contig1015	335	0	0
D3334.contig1016	334	0	0
D3334.contig1017	334	0	0
D3334.contig1018	334	0	0
D3334.contig1019	334	0	0
D3334.contig1020	334	0	0
D3334.contig1021	334	0	0
D3334.contig1022	333	1	1
D3334.contig1023	333	0	0
D3334.contig1024	333	0	0
D3334.contig1025	333	0	0
D3334.contig1026	333	0	0
D3334.contig1027	333	0	0
D3334.contig1028	332	0	0
D3334.contig1029	332	0	0
D3334.contig1030	332	0	0
D3334.contig1031	332	0	0
D3334.contig1032	332	0	0
D3334.contig1033	331	0	0
D3334.contig1034	331	0	0
D3334.contig1035	330	0	0
D3334.contig1036	330	1	1
D3334.contig1037	330	0	0
D3334.contig1038	330	0	0
D3334.contig1039	330	0	0
D3334.contig1040	330	0	0
D3334.contig1041	330	0	0
D3334.contig1042	329	0	0
D3334.contig1043	329	0	0
D3334.contig1044	329	1	1
D3334.contig1045	329	0	0
D3334.contig1046	328	0	0
D3334.contig1047	328	0	0
D3334.contig1048	328	0	0
D3334.contig1049	328	39	39
D3334.contig1050	328	0	0
D3334.contig1051	328	0	0
D3334.contig1052	328	0	0
D3334.contig1053	327	0	0
D3334.contig1054	327	0	0
D3334.contig1055	327	0	0
D3334.contig1056	327	0	0
D3334.contig1057	327	0	0
D3334.contig1058	326	0	0
D3334.contig1059	326	0	0
D3334.contig1060	325	7	1
D3334.contig1061	325	0	0
D3334.contig1062	325	0	0
D3334.contig1063	324	0	0
D3334.contig1064	324	0	0
D3334.contig1065	324	0	0
D3334.contig1066	324	0	0
D3334.contig1067	324	0	0
D3334.contig1068	324	0	0
D3334.contig1069	324	0	0
D3334.contig1070	323	0	0
D3334.contig1071	323	0	0
D3334.contig1072	322	0	0
D3334.contig1073	322	0	0
D3334.contig1074	322	0	0
D3334.contig1075	322	0	0
D3334.contig1076	321	2	0
D3334.contig1077	321	0	0
D3334.contig1078	321	0	0
D3334.contig1079	321	0	0
D3334.contig1080	321	0	0
D3334.contig1081	320	0	0
D3334.contig1082	320	0	0
D3334.contig1083	320	0	0
D3334.contig1084	320	0	0
D3334.contig1085	320	0	0
D3334.contig1086	320	0	0
D3334.contig1087	320	0	0
D3334.contig1088	319	0	0
D3334.contig1089	319	0	0
D3334.contig1090	319	0	0
D3334.contig1091	318	0	0
D3334.contig1092	318	0	0
D3334.contig1093	318	0	0
D3334.contig1094	318	0	0
D3334.contig1095	318	0	0
D3334.contig1096	317	0	0
D3334.contig1097	317	0	0
D3334.contig1098	317	0	0
D3334.contig1099	317	0	0
D3334.contig1100	317	0	0
D3334.contig1101	316	0	0
D3334.contig1102	316	0	0
D3334.contig1103	315	0	0
D3334.contig1104	315	0	0
D3334.contig1105	315	0	0
D3334.contig1106	315	0	0
D3334.contig1107	315	0	0
D3334.contig1108	314	0	0
D3334.contig1109	314	0	0
D3334.contig1110	314	0	0
D3334.contig1111	313	0	0
D3334.contig1112	313	0	0
D3334.contig1113	313	0	0
D3334.contig1114	313	0	0
D3334.contig1115	313	0	0
D3334.contig1116	313	0	0
D3334.contig1117	313	0	0
D3334.contig1118	312	0	0
D3334.contig1119	312	0	0
D3334.contig1120	312	0	0
D3334.contig1121	312	0	0
D3334.contig1122	312	0	0
D3334.contig1123	312	0	0
D3334.contig1124	311	0	0
D3334.contig1125	311	0	0
D3334.contig1126	311	0	0
D3334.contig1127	311	11	8
D3334.contig1128	310	0	0
D3334.contig1129	310	0	0
D3334.contig1130	310	0	0
D3334.contig1131	310	0	0
D3334.contig1132	310	0	0
D3334.contig1133	310	0	0
D3334.contig1134	310	0	0
D3334.contig1135	309	3	3
D3334.contig1136	309	0	0
D3334.contig1137	309	0	0
D3334.contig1138	309	0	0
D3334.contig1139	309	0	0
D3334.contig1140	308	0	0
D3334.contig1141	308	0	0
D3334.contig1142	308	0	0
D3334.contig1143	308	0	0
D3334.contig1144	308	0	0
D3334.contig1145	308	0	0
D3334.contig1146	308	0	0
D3334.contig1147	307	0	0
D3334.contig1148	307	0	0
D3334.contig1149	307	0	0
D3334.contig1150	307	0	0
D3334.contig1151	307	0	0
D3334.contig1152	307	0	0
D3334.contig1153	307	0	0
D3334.contig1154	307	0	0
D3334.contig1155	306	0	0
D3334.contig1156	306	0	0
D3334.contig1157	306	0	0
D3334.contig1158	306	0	0
D3334.contig1159	306	0	0
D3334.contig1160	306	0	0
D3334.contig1161	306	0	0
D3334.contig1162	305	0	0
D3334.contig1163	305	0	0
D3334.contig1164	305	0	0
D3334.contig1165	305	0	0
D3334.contig1166	305	0	0
D3334.contig1167	304	0	0
D3334.contig1168	304	42	29
D3334.contig1169	304	0	0
D3334.contig1170	304	0	0
D3334.contig1171	304	0	0
D3334.contig1172	304	0	0
D3334.contig1173	304	0	0
D3334.contig1174	303	0	0
D3334.contig1175	303	0	0
D3334.contig1176	303	0	0
D3334.contig1177	303	0	0
D3334.contig1178	303	0	0
D3334.contig1179	303	0	0
D3334.contig1180	303	0	0
D3334.contig1181	302	808	620
D3334.contig1182	302	0	0
D3334.contig1183	302	0	0
D3334.contig1184	302	0	0
D3334.contig1185	302	52	22
D3334.contig1186	302	0	0
D3334.contig1187	302	0	0
D3334.contig1188	301	0	0
D3334.contig1189	301	0	0
D3334.contig1190	301	0	0
D3334.contig1191	301	0	0
D3334.contig1192	301	0	0
D3334.contig1193	301	0	0
D3334.contig1194	300	0	0
D3334.contig1195	300	4	4
D3334.contig1196	300	0	0
D3334.contig1197	300	0	0
D3334.contig1198	300	0	0
D3334.contig1199	300	0	0
D3334.contig1200	300	0	0
D3334.contig1201	300	0	0
D3334.contig1202	300	0	0
D3334.contig1203	300	133	70
D3334.contig1204	300	0	0
*	0	0	100323746
