D376.contig1	205686	0	0
D376.contig2	184745	6	3
D376.contig3	132850	13174	277
D376.contig4	124007	0	0
D376.contig5	108570	38136	911
D376.contig6	101546	21815	478
D376.contig7	101545	37701	899
D376.contig8	98564	12700	282
D376.contig9	98308	34829	702
D376.contig10	97512	11946	269
D376.contig11	95081	30934	632
D376.contig12	93909	0	0
D376.contig13	92248	22453	542
D376.contig14	91181	11434	243
D376.contig15	88324	32305	849
D376.contig16	86465	20405	398
D376.contig17	83210	9427	197
D376.contig18	81493	0	0
D376.contig19	77740	28789	625
D376.contig20	73546	18955	496
D376.contig21	71225	0	0
D376.contig22	65504	0	0
D376.contig23	64127	10454	248
D376.contig24	60298	13225	311
D376.contig25	60285	11306	278
D376.contig26	59957	2738	48
D376.contig27	59509	16418	497
D376.contig28	57805	29503	761
D376.contig29	56385	0	0
D376.contig30	55449	22352	515
D376.contig31	54029	11282	176
D376.contig32	53482	6027	134
D376.contig33	52815	10233	340
D376.contig34	52107	4958	123
D376.contig35	52065	0	0
D376.contig36	51859	0	0
D376.contig37	50304	9441	225
D376.contig38	50303	13666	379
D376.contig39	48995	11873	249
D376.contig40	47902	4118	92
D376.contig41	47751	0	0
D376.contig42	47740	2818	53
D376.contig43	46626	483	191
D376.contig44	45306	0	0
D376.contig45	44874	6689	156
D376.contig46	44468	6371	152
D376.contig47	43218	2325	54
D376.contig48	42708	0	0
D376.contig49	40724	6907	140
D376.contig50	40632	9381	261
D376.contig51	40224	0	0
D376.contig52	40013	23	9
D376.contig53	39338	20598	745
D376.contig54	38873	9691	328
D376.contig55	38422	0	0
D376.contig56	37480	45163	1573
D376.contig57	37013	6254	253
D376.contig58	36840	10469	188
D376.contig59	36364	9834	345
D376.contig60	34787	1	1
D376.contig61	34141	4226	102
D376.contig62	34128	0	0
D376.contig63	34117	10567	198
D376.contig64	34058	5404	143
D376.contig65	33857	2920	72
D376.contig66	33659	4898	124
D376.contig67	33402	0	0
D376.contig68	33136	12145	357
D376.contig69	32974	15588	420
D376.contig70	32434	1966	56
D376.contig71	32248	4059	88
D376.contig72	31895	7601	190
D376.contig73	31643	0	0
D376.contig74	31233	56400	1384
D376.contig75	31109	3174	80
D376.contig76	30569	11295	310
D376.contig77	29992	0	0
D376.contig78	29893	4992	158
D376.contig79	29268	0	0
D376.contig80	28758	4295	91
D376.contig81	28582	20601	1045
D376.contig82	27735	13633	364
D376.contig83	27722	2323	54
D376.contig84	27597	0	0
D376.contig85	26365	2452	71
D376.contig86	25412	2835	57
D376.contig87	25333	0	0
D376.contig88	25221	3324	88
D376.contig89	24868	4161	97
D376.contig90	24842	2543	46
D376.contig91	24439	4	0
D376.contig92	24130	1472	46
D376.contig93	23931	2	0
D376.contig94	23929	5206	119
D376.contig95	23803	51924	1659
D376.contig96	23096	0	0
D376.contig97	22984	0	0
D376.contig98	22756	0	0
D376.contig99	22512	0	0
D376.contig100	22428	2095	60
D376.contig101	22362	1522	51
D376.contig102	22334	1100	27
D376.contig103	21526	1978	49
D376.contig104	21353	0	0
D376.contig105	21008	2355	60
D376.contig106	20830	11364	384
D376.contig107	20793	795	18
D376.contig108	20785	0	0
D376.contig109	20284	990	31
D376.contig110	20161	708	16
D376.contig111	19560	1254	31
D376.contig112	19469	1692	34
D376.contig113	19327	4038	116
D376.contig114	18602	12174	723
D376.contig115	18415	2208	55
D376.contig116	18281	12026	279
D376.contig117	18161	0	0
D376.contig118	17756	0	0
D376.contig119	17638	1725	66
D376.contig120	17591	5103	321
D376.contig121	17548	2921	91
D376.contig122	17445	0	0
D376.contig123	17286	589	19
D376.contig124	17151	1020	31
D376.contig125	17149	4868	115
D376.contig126	17018	1179	27
D376.contig127	16819	0	0
D376.contig128	16781	384	21
D376.contig129	16568	384	9
D376.contig130	16561	0	0
D376.contig131	16246	0	0
D376.contig132	16109	2151	44
D376.contig133	15903	2297	40
D376.contig134	15897	936	28
D376.contig135	15818	0	0
D376.contig136	15547	9241	228
D376.contig137	15378	0	0
D376.contig138	15320	692	25
D376.contig139	15317	0	0
D376.contig140	15007	0	0
D376.contig141	14970	0	0
D376.contig142	14914	1197	48
D376.contig143	14905	0	0
D376.contig144	14894	0	0
D376.contig145	14889	858	24
D376.contig146	14750	2	0
D376.contig147	14610	0	0
D376.contig148	14603	2351	70
D376.contig149	14598	45987	2519
D376.contig150	14594	0	0
D376.contig151	14591	0	0
D376.contig152	14449	0	0
D376.contig153	14253	62	18
D376.contig154	14164	0	0
D376.contig155	14069	0	0
D376.contig156	14017	0	0
D376.contig157	13946	2	0
D376.contig158	13813	0	0
D376.contig159	13802	6618	358
D376.contig160	13774	0	0
D376.contig161	13753	1861	37
D376.contig162	13723	0	0
D376.contig163	13549	466	22
D376.contig164	13424	8682	290
D376.contig165	13206	739	20
D376.contig166	12979	0	0
D376.contig167	12923	6092	206
D376.contig168	12850	0	0
D376.contig169	12788	2058	66
D376.contig170	12677	0	0
D376.contig171	12580	2171	55
D376.contig172	12547	5449	251
D376.contig173	12527	0	0
D376.contig174	12479	0	0
D376.contig175	12272	0	0
D376.contig176	12213	0	0
D376.contig177	12203	4712	810
D376.contig178	12162	0	0
D376.contig179	12131	0	0
D376.contig180	12114	5098	224
D376.contig181	12087	429	10
D376.contig182	12059	1657	42
D376.contig183	12047	0	0
D376.contig184	11993	0	0
D376.contig185	11970	1405	23
D376.contig186	11969	0	0
D376.contig187	11819	854	22
D376.contig188	11724	0	0
D376.contig189	11660	107	33
D376.contig190	11621	599	15
D376.contig191	11616	0	0
D376.contig192	11574	1432	34
D376.contig193	11539	0	0
D376.contig194	11479	0	0
D376.contig195	11384	6	0
D376.contig196	11224	431	13
D376.contig197	11190	10557	423
D376.contig198	11041	0	0
D376.contig199	11039	0	0
D376.contig200	11010	560	17
D376.contig201	11002	0	0
D376.contig202	10987	896	26
D376.contig203	10977	263	9
D376.contig204	10924	1055	31
D376.contig205	10821	0	0
D376.contig206	10797	0	0
D376.contig207	10796	0	0
D376.contig208	10787	0	0
D376.contig209	10577	1	1
D376.contig210	10439	0	0
D376.contig211	10435	26172	612
D376.contig212	10328	0	0
D376.contig213	10254	0	0
D376.contig214	10239	149	9
D376.contig215	10186	4	0
D376.contig216	10171	491	21
D376.contig217	10150	0	0
D376.contig218	10080	0	0
D376.contig219	10018	0	0
D376.contig220	9942	0	0
D376.contig221	9873	730	30
D376.contig222	9849	0	0
D376.contig223	9768	0	0
D376.contig224	9744	814	36
D376.contig225	9683	0	0
D376.contig226	9649	0	0
D376.contig227	9626	0	0
D376.contig228	9525	187	21
D376.contig229	9510	0	0
D376.contig230	9460	6160	272
D376.contig231	9368	166	12
D376.contig232	9363	2	2
D376.contig233	9362	11190	354
D376.contig234	9329	9986	497
D376.contig235	9309	0	0
D376.contig236	9226	0	0
D376.contig237	9221	0	0
D376.contig238	9167	1656	47
D376.contig239	9091	19614	623
D376.contig240	9077	0	0
D376.contig241	9072	0	0
D376.contig242	9046	868	25
D376.contig243	9028	0	0
D376.contig244	9022	0	0
D376.contig245	9001	0	0
D376.contig246	8783	0	0
D376.contig247	8764	0	0
D376.contig248	8713	0	0
D376.contig249	8688	0	0
D376.contig250	8680	0	0
D376.contig251	8666	0	0
D376.contig252	8646	362	10
D376.contig253	8614	0	0
D376.contig254	8610	0	0
D376.contig255	8472	0	0
D376.contig256	8360	0	0
D376.contig257	8316	0	0
D376.contig258	8238	0	0
D376.contig259	8222	180	6
D376.contig260	8169	0	0
D376.contig261	8139	0	0
D376.contig262	8137	0	0
D376.contig263	8137	0	0
D376.contig264	8123	0	0
D376.contig265	8097	0	0
D376.contig266	8090	0	0
D376.contig267	8043	383	9
D376.contig268	8040	0	0
D376.contig269	8037	0	0
D376.contig270	7980	1740	73
D376.contig271	7902	237	12
D376.contig272	7848	287	9
D376.contig273	7836	0	0
D376.contig274	7810	0	0
D376.contig275	7736	310	6
D376.contig276	7654	0	0
D376.contig277	7546	0	0
D376.contig278	7526	0	0
D376.contig279	7505	0	0
D376.contig280	7468	0	0
D376.contig281	7442	0	0
D376.contig282	7432	0	0
D376.contig283	7426	0	0
D376.contig284	7359	0	0
D376.contig285	7333	330	14
D376.contig286	7325	0	0
D376.contig287	7309	0	0
D376.contig288	7292	99	5
D376.contig289	7273	596	8
D376.contig290	7268	0	0
D376.contig291	7241	0	0
D376.contig292	7222	0	0
D376.contig293	7209	0	0
D376.contig294	7167	17973	805
D376.contig295	7151	0	0
D376.contig296	7111	0	0
D376.contig297	7090	0	0
D376.contig298	7053	0	0
D376.contig299	7048	0	0
D376.contig300	7033	3	1
D376.contig301	7027	567	168
D376.contig302	7004	373	21
D376.contig303	6978	1027	42
D376.contig304	6970	0	0
D376.contig305	6927	0	0
D376.contig306	6917	0	0
D376.contig307	6906	0	0
D376.contig308	6902	0	0
D376.contig309	6894	0	0
D376.contig310	6880	0	0
D376.contig311	6879	0	0
D376.contig312	6835	0	0
D376.contig313	6831	25	3
D376.contig314	6808	501	14
D376.contig315	6791	0	0
D376.contig316	6744	876	30
D376.contig317	6715	0	0
D376.contig318	6714	0	0
D376.contig319	6702	0	0
D376.contig320	6673	3848	189
D376.contig321	6639	37	1
D376.contig322	6635	0	0
D376.contig323	6623	0	0
D376.contig324	6590	0	0
D376.contig325	6563	1110	39
D376.contig326	6556	0	0
D376.contig327	6517	426	28
D376.contig328	6462	0	0
D376.contig329	6429	0	0
D376.contig330	6381	0	0
D376.contig331	6380	3055	223
D376.contig332	6372	0	0
D376.contig333	6366	0	0
D376.contig334	6362	0	0
D376.contig335	6330	0	0
D376.contig336	6315	193	6
D376.contig337	6304	0	0
D376.contig338	6256	0	0
D376.contig339	6244	0	0
D376.contig340	6215	0	0
D376.contig341	6212	0	0
D376.contig342	6183	0	0
D376.contig343	6155	281	15
D376.contig344	6136	0	0
D376.contig345	6088	1908	112
D376.contig346	6084	0	0
D376.contig347	6074	0	0
D376.contig348	6069	487	29
D376.contig349	6060	0	0
D376.contig350	6051	0	0
D376.contig351	6026	0	0
D376.contig352	6017	440	18
D376.contig353	6003	0	0
D376.contig354	5943	0	0
D376.contig355	5903	0	0
D376.contig356	5891	0	0
D376.contig357	5882	0	0
D376.contig358	5861	0	0
D376.contig359	5843	0	0
D376.contig360	5810	1357	36
D376.contig361	5803	0	0
D376.contig362	5793	0	0
D376.contig363	5780	0	0
D376.contig364	5780	0	0
D376.contig365	5779	0	0
D376.contig366	5748	0	0
D376.contig367	5708	2226	70
D376.contig368	5694	0	0
D376.contig369	5657	580	22
D376.contig370	5656	125	9
D376.contig371	5645	953	21
D376.contig372	5641	104	19
D376.contig373	5621	146	7
D376.contig374	5566	0	0
D376.contig375	5564	0	0
D376.contig376	5556	0	0
D376.contig377	5547	0	0
D376.contig378	5448	0	0
D376.contig379	5428	0	0
D376.contig380	5394	0	0
D376.contig381	5391	0	0
D376.contig382	5369	111	1
D376.contig383	5368	2384	138
D376.contig384	5362	277	9
D376.contig385	5350	0	0
D376.contig386	5342	0	0
D376.contig387	5307	52	2
D376.contig388	5301	0	0
D376.contig389	5292	0	0
D376.contig390	5276	0	0
D376.contig391	5257	0	0
D376.contig392	5248	0	0
D376.contig393	5219	1293	53
D376.contig394	5205	0	0
D376.contig395	5204	0	0
D376.contig396	5203	507	31
D376.contig397	5190	0	0
D376.contig398	5175	0	0
D376.contig399	5152	110	3
D376.contig400	5134	0	0
D376.contig401	5082	469	12
D376.contig402	5067	0	0
D376.contig403	5061	0	0
D376.contig404	5054	0	0
D376.contig405	5054	766	40
D376.contig406	5044	674	47
D376.contig407	5038	500898	21516
D376.contig408	5035	64	1
D376.contig409	4980	0	0
D376.contig410	4974	0	0
D376.contig411	4959	0	0
D376.contig412	4956	0	0
D376.contig413	4954	47	15
D376.contig414	4952	0	0
D376.contig415	4945	225	12
D376.contig416	4938	0	0
D376.contig417	4919	55	2
D376.contig418	4877	3107	185
D376.contig419	4868	281	9
D376.contig420	4852	0	0
D376.contig421	4822	0	0
D376.contig422	4817	0	0
D376.contig423	4808	107	4
D376.contig424	4790	10441	1132
D376.contig425	4775	0	0
D376.contig426	4754	0	0
D376.contig427	4750	10272	758
D376.contig428	4737	0	0
D376.contig429	4736	9058	665
D376.contig430	4717	0	0
D376.contig431	4714	0	0
D376.contig432	4705	181	15
D376.contig433	4666	258	11
D376.contig434	4641	1053	65
D376.contig435	4639	0	0
D376.contig436	4636	0	0
D376.contig437	4634	0	0
D376.contig438	4615	0	0
D376.contig439	4611	119	9
D376.contig440	4606	2545	289
D376.contig441	4606	5	1
D376.contig442	4604	0	0
D376.contig443	4562	0	0
D376.contig444	4558	0	0
D376.contig445	4535	3590	339
D376.contig446	4530	0	0
D376.contig447	4522	0	0
D376.contig448	4522	204	6
D376.contig449	4518	0	0
D376.contig450	4515	0	0
D376.contig451	4504	0	0
D376.contig452	4493	0	0
D376.contig453	4490	0	0
D376.contig454	4489	560	43
D376.contig455	4485	0	0
D376.contig456	4475	161	3
D376.contig457	4474	0	0
D376.contig458	4437	0	0
D376.contig459	4430	0	0
D376.contig460	4401	0	0
D376.contig461	4398	0	0
D376.contig462	4388	9076	609
D376.contig463	4369	0	0
D376.contig464	4360	0	0
D376.contig465	4359	0	0
D376.contig466	4349	0	0
D376.contig467	4336	0	0
D376.contig468	4335	346	12
D376.contig469	4333	0	0
D376.contig470	4333	227	6
D376.contig471	4322	0	0
D376.contig472	4312	0	0
D376.contig473	4281	81	3
D376.contig474	4280	0	0
D376.contig475	4253	0	0
D376.contig476	4249	10402	494
D376.contig477	4242	0	0
D376.contig478	4239	0	0
D376.contig479	4234	1	1
D376.contig480	4221	0	0
D376.contig481	4218	0	0
D376.contig482	4209	77	3
D376.contig483	4203	0	0
D376.contig484	4193	0	0
D376.contig485	4179	0	0
D376.contig486	4178	0	0
D376.contig487	4172	0	0
D376.contig488	4166	0	0
D376.contig489	4145	236	12
D376.contig490	4144	0	0
D376.contig491	4127	0	0
D376.contig492	4104	79	7
D376.contig493	4092	0	0
D376.contig494	4075	0	0
D376.contig495	4046	262	6
D376.contig496	4039	125	4
D376.contig497	4038	0	0
D376.contig498	4028	248	12
D376.contig499	4024	0	0
D376.contig500	3993	0	0
D376.contig501	3982	0	0
D376.contig502	3978	37	2
D376.contig503	3974	0	0
D376.contig504	3973	0	0
D376.contig505	3957	0	0
D376.contig506	3954	443	20
D376.contig507	3947	0	0
D376.contig508	3929	0	0
D376.contig509	3923	183	9
D376.contig510	3906	0	0
D376.contig511	3900	0	0
D376.contig512	3894	0	0
D376.contig513	3892	0	0
D376.contig514	3884	0	0
D376.contig515	3879	160	4
D376.contig516	3876	0	0
D376.contig517	3870	0	0
D376.contig518	3862	0	0
D376.contig519	3852	38	0
D376.contig520	3845	390	41
D376.contig521	3832	0	0
D376.contig522	3819	0	0
D376.contig523	3816	0	0
D376.contig524	3815	0	0
D376.contig525	3804	0	0
D376.contig526	3793	0	0
D376.contig527	3787	0	0
D376.contig528	3781	0	0
D376.contig529	3780	0	0
D376.contig530	3772	0	0
D376.contig531	3768	0	0
D376.contig532	3766	0	0
D376.contig533	3765	0	0
D376.contig534	3764	0	0
D376.contig535	3753	0	0
D376.contig536	3749	276	32
D376.contig537	3745	0	0
D376.contig538	3726	337	19
D376.contig539	3720	0	0
D376.contig540	3719	0	0
D376.contig541	3706	24	5
D376.contig542	3705	4312	369
D376.contig543	3700	0	0
D376.contig544	3675	0	0
D376.contig545	3665	108	6
D376.contig546	3657	94	6
D376.contig547	3631	0	0
D376.contig548	3622	0	0
D376.contig549	3620	0	0
D376.contig550	3606	422	25
D376.contig551	3570	865	48
D376.contig552	3568	0	0
D376.contig553	3562	0	0
D376.contig554	3555	42	2
D376.contig555	3548	0	0
D376.contig556	3544	0	0
D376.contig557	3544	0	0
D376.contig558	3539	0	0
D376.contig559	3528	0	0
D376.contig560	3526	0	0
D376.contig561	3518	0	0
D376.contig562	3517	0	0
D376.contig563	3506	0	0
D376.contig564	3503	10412	858
D376.contig565	3483	135	13
D376.contig566	3467	0	0
D376.contig567	3465	0	0
D376.contig568	3458	0	0
D376.contig569	3442	99	11
D376.contig570	3439	0	0
D376.contig571	3427	0	0
D376.contig572	3425	0	0
D376.contig573	3419	0	0
D376.contig574	3396	71	7
D376.contig575	3372	143	12
D376.contig576	3372	0	0
D376.contig577	3365	0	0
D376.contig578	3349	0	0
D376.contig579	3342	0	0
D376.contig580	3339	0	0
D376.contig581	3336	0	0
D376.contig582	3332	0	0
D376.contig583	3328	92	4
D376.contig584	3327	0	0
D376.contig585	3299	0	0
D376.contig586	3298	0	0
D376.contig587	3283	4	0
D376.contig588	3272	0	0
D376.contig589	3256	0	0
D376.contig590	3256	171	15
D376.contig591	3251	0	0
D376.contig592	3222	0	0
D376.contig593	3220	0	0
D376.contig594	3217	0	0
D376.contig595	3215	0	0
D376.contig596	3214	3601	335
D376.contig597	3206	0	0
D376.contig598	3195	0	0
D376.contig599	3194	0	0
D376.contig600	3192	0	0
D376.contig601	3192	0	0
D376.contig602	3190	60	6
D376.contig603	3181	0	0
D376.contig604	3172	0	0
D376.contig605	3162	0	0
D376.contig606	3149	5	0
D376.contig607	3141	0	0
D376.contig608	3137	0	0
D376.contig609	3130	0	0
D376.contig610	3127	0	0
D376.contig611	3122	0	0
D376.contig612	3107	0	0
D376.contig613	3096	0	0
D376.contig614	3083	0	0
D376.contig615	3082	0	0
D376.contig616	3081	36	4
D376.contig617	3080	0	0
D376.contig618	3080	0	0
D376.contig619	3072	0	0
D376.contig620	3068	0	0
D376.contig621	3060	136	4
D376.contig622	3054	0	0
D376.contig623	3050	0	0
D376.contig624	3048	0	0
D376.contig625	3034	0	0
D376.contig626	3033	84	6
D376.contig627	3024	567	63
D376.contig628	3020	0	0
D376.contig629	3020	0	0
D376.contig630	3018	2572	186
D376.contig631	3017	0	0
D376.contig632	3014	0	0
*	0	0	473436
