D376.contig1	205686	0	0
D376.contig2	184745	64	46
D376.contig3	132850	3966	68
D376.contig4	124007	0	0
D376.contig5	108570	14820	484
D376.contig6	101546	4923	93
D376.contig7	101545	8734	187
D376.contig8	98564	3128	60
D376.contig9	98308	6944	134
D376.contig10	97512	2460	47
D376.contig11	95081	2858	58
D376.contig12	93909	0	0
D376.contig13	92248	5257	126
D376.contig14	91181	2945	70
D376.contig15	88324	13210	276
D376.contig16	86465	4365	91
D376.contig17	83210	2075	67
D376.contig18	81493	0	0
D376.contig19	77740	4779	88
D376.contig20	73546	5415	118
D376.contig21	71225	0	0
D376.contig22	65504	0	0
D376.contig23	64127	1833	28
D376.contig24	60298	3381	61
D376.contig25	60285	1754	32
D376.contig26	59957	1278	34
D376.contig27	59509	4670	190
D376.contig28	57805	6575	183
D376.contig29	56385	0	0
D376.contig30	55449	4273	79
D376.contig31	54029	1126	21
D376.contig32	53482	2586	58
D376.contig33	52815	2046	77
D376.contig34	52107	2205	51
D376.contig35	52065	0	0
D376.contig36	51859	34	0
D376.contig37	50304	1366	35
D376.contig38	50303	3421	76
D376.contig39	48995	2681	44
D376.contig40	47902	4217	65
D376.contig41	47751	0	0
D376.contig42	47740	1159	53
D376.contig43	46626	127	72
D376.contig44	45306	1398	430
D376.contig45	44874	2868	59
D376.contig46	44468	1203	25
D376.contig47	43218	1038	22
D376.contig48	42708	13	6
D376.contig49	40724	1083	23
D376.contig50	40632	1187	17
D376.contig51	40224	0	0
D376.contig52	40013	682	528
D376.contig53	39338	9668	235
D376.contig54	38873	2253	62
D376.contig55	38422	0	0
D376.contig56	37480	16716	427
D376.contig57	37013	1618	51
D376.contig58	36840	1143	22
D376.contig59	36364	3087	71
D376.contig60	34787	17	4
D376.contig61	34141	639	14
D376.contig62	34128	0	0
D376.contig63	34117	1072	16
D376.contig64	34058	1951	57
D376.contig65	33857	966	18
D376.contig66	33659	1346	73
D376.contig67	33402	0	0
D376.contig68	33136	3930	114
D376.contig69	32974	4603	95
D376.contig70	32434	836	21
D376.contig71	32248	1252	18
D376.contig72	31895	2243	47
D376.contig73	31643	0	0
D376.contig74	31233	13740	258
D376.contig75	31109	887	19
D376.contig76	30569	860	22
D376.contig77	29992	1	1
D376.contig78	29893	1074	30
D376.contig79	29268	2	2
D376.contig80	28758	612	15
D376.contig81	28582	5011	247
D376.contig82	27735	10622	211
D376.contig83	27722	483	17
D376.contig84	27597	0	0
D376.contig85	26365	547	7
D376.contig86	25412	839	9
D376.contig87	25333	0	0
D376.contig88	25221	277	9
D376.contig89	24868	1267	21
D376.contig90	24842	163	8
D376.contig91	24439	0	0
D376.contig92	24130	397	11
D376.contig93	23931	18	0
D376.contig94	23929	2308	97
D376.contig95	23803	7238	244
D376.contig96	23096	0	0
D376.contig97	22984	18410	14864
D376.contig98	22756	872	54
D376.contig99	22512	17	5
D376.contig100	22428	390	9
D376.contig101	22362	991	27
D376.contig102	22334	559	9
D376.contig103	21526	276	3
D376.contig104	21353	1	1
D376.contig105	21008	442	9
D376.contig106	20830	4827	179
D376.contig107	20793	427	8
D376.contig108	20785	0	0
D376.contig109	20284	955	16
D376.contig110	20161	163	7
D376.contig111	19560	258	7
D376.contig112	19469	389	9
D376.contig113	19327	681	34
D376.contig114	18602	2129	188
D376.contig115	18415	607	17
D376.contig116	18281	581	23
D376.contig117	18161	0	0
D376.contig118	17756	0	0
D376.contig119	17638	640	26
D376.contig120	17591	1487	69
D376.contig121	17548	359	11
D376.contig122	17445	0	0
D376.contig123	17286	336	16
D376.contig124	17151	404	6
D376.contig125	17149	694	17
D376.contig126	17018	342	9
D376.contig127	16819	0	0
D376.contig128	16781	412	12
D376.contig129	16568	170	8
D376.contig130	16561	0	0
D376.contig131	16246	0	0
D376.contig132	16109	1153	20
D376.contig133	15903	260	7
D376.contig134	15897	296	7
D376.contig135	15818	0	0
D376.contig136	15547	3086	69
D376.contig137	15378	0	0
D376.contig138	15320	261	9
D376.contig139	15317	0	0
D376.contig140	15007	0	0
D376.contig141	14970	14	2
D376.contig142	14914	223	11
D376.contig143	14905	0	0
D376.contig144	14894	0	0
D376.contig145	14889	396	18
D376.contig146	14750	0	0
D376.contig147	14610	0	0
D376.contig148	14603	1681	32
D376.contig149	14598	5810	421
D376.contig150	14594	0	0
D376.contig151	14591	0	0
D376.contig152	14449	0	0
D376.contig153	14253	17	3
D376.contig154	14164	0	0
D376.contig155	14069	0	0
D376.contig156	14017	0	0
D376.contig157	13946	1	1
D376.contig158	13813	0	0
D376.contig159	13802	2384	117
D376.contig160	13774	0	0
D376.contig161	13753	322	11
D376.contig162	13723	0	0
D376.contig163	13549	196	6
D376.contig164	13424	4772	100
D376.contig165	13206	257	13
D376.contig166	12979	0	0
D376.contig167	12923	1617	43
D376.contig168	12850	0	0
D376.contig169	12788	360	16
D376.contig170	12677	0	0
D376.contig171	12580	247	6
D376.contig172	12547	1916	77
D376.contig173	12527	0	0
D376.contig174	12479	0	0
D376.contig175	12272	0	0
D376.contig176	12213	0	0
D376.contig177	12203	1022	213
D376.contig178	12162	0	0
D376.contig179	12131	0	0
D376.contig180	12114	2072	59
D376.contig181	12087	147	4
D376.contig182	12059	383	5
D376.contig183	12047	0	0
D376.contig184	11993	0	0
D376.contig185	11970	319	9
D376.contig186	11969	0	0
D376.contig187	11819	275	2
D376.contig188	11724	0	0
D376.contig189	11660	1	1
D376.contig190	11621	196	7
D376.contig191	11616	1	1
D376.contig192	11574	199	0
D376.contig193	11539	0	0
D376.contig194	11479	0	0
D376.contig195	11384	0	0
D376.contig196	11224	210	6
D376.contig197	11190	2565	120
D376.contig198	11041	0	0
D376.contig199	11039	0	0
D376.contig200	11010	94	5
D376.contig201	11002	0	0
D376.contig202	10987	200	5
D376.contig203	10977	240	5
D376.contig204	10924	155	4
D376.contig205	10821	285	33
D376.contig206	10797	0	0
D376.contig207	10796	0	0
D376.contig208	10787	0	0
D376.contig209	10577	4400	1130
D376.contig210	10439	0	0
D376.contig211	10435	5956	115
D376.contig212	10328	0	0
D376.contig213	10254	0	0
D376.contig214	10239	157	7
D376.contig215	10186	0	0
D376.contig216	10171	209	6
D376.contig217	10150	0	0
D376.contig218	10080	0	0
D376.contig219	10018	0	0
D376.contig220	9942	0	0
D376.contig221	9873	326	14
D376.contig222	9849	0	0
D376.contig223	9768	0	0
D376.contig224	9744	237	7
D376.contig225	9683	1	1
D376.contig226	9649	1	1
D376.contig227	9626	0	0
D376.contig228	9525	122	5
D376.contig229	9510	0	0
D376.contig230	9460	1718	89
D376.contig231	9368	248	5
D376.contig232	9363	0	0
D376.contig233	9362	2377	67
D376.contig234	9329	3467	107
D376.contig235	9309	0	0
D376.contig236	9226	15	7
D376.contig237	9221	0	0
D376.contig238	9167	373	8
D376.contig239	9091	4054	131
D376.contig240	9077	0	0
D376.contig241	9072	1123	233
D376.contig242	9046	246	2
D376.contig243	9028	0	0
D376.contig244	9022	18	5
D376.contig245	9001	0	0
D376.contig246	8783	0	0
D376.contig247	8764	0	0
D376.contig248	8713	0	0
D376.contig249	8688	0	0
D376.contig250	8680	0	0
D376.contig251	8666	0	0
D376.contig252	8646	106	3
D376.contig253	8614	0	0
D376.contig254	8610	0	0
D376.contig255	8472	0	0
D376.contig256	8360	0	0
D376.contig257	8316	0	0
D376.contig258	8238	0	0
D376.contig259	8222	13	1
D376.contig260	8169	4	0
D376.contig261	8139	0	0
D376.contig262	8137	0	0
D376.contig263	8137	0	0
D376.contig264	8123	0	0
D376.contig265	8097	0	0
D376.contig266	8090	0	0
D376.contig267	8043	138	8
D376.contig268	8040	0	0
D376.contig269	8037	0	0
D376.contig270	7980	410	15
D376.contig271	7902	111	4
D376.contig272	7848	138	2
D376.contig273	7836	1056	485
D376.contig274	7810	0	0
D376.contig275	7736	109	2
D376.contig276	7654	19229	4850
D376.contig277	7546	0	0
D376.contig278	7526	0	0
D376.contig279	7505	0	0
D376.contig280	7468	0	0
D376.contig281	7442	0	0
D376.contig282	7432	0	0
D376.contig283	7426	0	0
D376.contig284	7359	0	0
D376.contig285	7333	80	2
D376.contig286	7325	0	0
D376.contig287	7309	0	0
D376.contig288	7292	51	3
D376.contig289	7273	90	3
D376.contig290	7268	0	0
D376.contig291	7241	0	0
D376.contig292	7222	0	0
D376.contig293	7209	0	0
D376.contig294	7167	8051	331
D376.contig295	7151	0	0
D376.contig296	7111	0	0
D376.contig297	7090	0	0
D376.contig298	7053	26	4
D376.contig299	7048	0	0
D376.contig300	7033	4	2
D376.contig301	7027	188	69
D376.contig302	7004	61	3
D376.contig303	6978	347	20
D376.contig304	6970	0	0
D376.contig305	6927	0	0
D376.contig306	6917	0	0
D376.contig307	6906	0	0
D376.contig308	6902	15	5
D376.contig309	6894	0	0
D376.contig310	6880	0	0
D376.contig311	6879	0	0
D376.contig312	6835	0	0
D376.contig313	6831	0	0
D376.contig314	6808	132	7
D376.contig315	6791	0	0
D376.contig316	6744	350	18
D376.contig317	6715	0	0
D376.contig318	6714	0	0
D376.contig319	6702	0	0
D376.contig320	6673	843	55
D376.contig321	6639	42	2
D376.contig322	6635	0	0
D376.contig323	6623	0	0
D376.contig324	6590	0	0
D376.contig325	6563	170	7
D376.contig326	6556	0	0
D376.contig327	6517	102	6
D376.contig328	6462	0	0
D376.contig329	6429	0	0
D376.contig330	6381	0	0
D376.contig331	6380	651	26
D376.contig332	6372	0	0
D376.contig333	6366	0	0
D376.contig334	6362	0	0
D376.contig335	6330	0	0
D376.contig336	6315	27	0
D376.contig337	6304	0	0
D376.contig338	6256	0	0
D376.contig339	6244	0	0
D376.contig340	6215	0	0
D376.contig341	6212	0	0
D376.contig342	6183	0	0
D376.contig343	6155	82	2
D376.contig344	6136	0	0
D376.contig345	6088	4672	488
D376.contig346	6084	0	0
D376.contig347	6074	0	0
D376.contig348	6069	50	3
D376.contig349	6060	0	0
D376.contig350	6051	0	0
D376.contig351	6026	0	0
D376.contig352	6017	79	2
D376.contig353	6003	0	0
D376.contig354	5943	0	0
D376.contig355	5903	0	0
D376.contig356	5891	0	0
D376.contig357	5882	4	2
D376.contig358	5861	0	0
D376.contig359	5843	0	0
D376.contig360	5810	59	5
D376.contig361	5803	0	0
D376.contig362	5793	0	0
D376.contig363	5780	0	0
D376.contig364	5780	0	0
D376.contig365	5779	0	0
D376.contig366	5748	0	0
D376.contig367	5708	106	6
D376.contig368	5694	0	0
D376.contig369	5657	49	1
D376.contig370	5656	45	1
D376.contig371	5645	150	5
D376.contig372	5641	48	10
D376.contig373	5621	93	7
D376.contig374	5566	0	0
D376.contig375	5564	0	0
D376.contig376	5556	0	0
D376.contig377	5547	0	0
D376.contig378	5448	0	0
D376.contig379	5428	0	0
D376.contig380	5394	0	0
D376.contig381	5391	0	0
D376.contig382	5369	151	5
D376.contig383	5368	913	50
D376.contig384	5362	54	0
D376.contig385	5350	10	2
D376.contig386	5342	0	0
D376.contig387	5307	0	0
D376.contig388	5301	0	0
D376.contig389	5292	0	0
D376.contig390	5276	0	0
D376.contig391	5257	0	0
D376.contig392	5248	0	0
D376.contig393	5219	74	3
D376.contig394	5205	0	0
D376.contig395	5204	0	0
D376.contig396	5203	111	5
D376.contig397	5190	0	0
D376.contig398	5175	0	0
D376.contig399	5152	62	2
D376.contig400	5134	0	0
D376.contig401	5082	62	0
D376.contig402	5067	0	0
D376.contig403	5061	0	0
D376.contig404	5054	0	0
D376.contig405	5054	70	4
D376.contig406	5044	30	1
D376.contig407	5038	666575	17703
D376.contig408	5035	61	6
D376.contig409	4980	0	0
D376.contig410	4974	0	0
D376.contig411	4959	0	0
D376.contig412	4956	0	0
D376.contig413	4954	24	0
D376.contig414	4952	0	0
D376.contig415	4945	235	4
D376.contig416	4938	0	0
D376.contig417	4919	31	0
D376.contig418	4877	926	53
D376.contig419	4868	230	12
D376.contig420	4852	0	0
D376.contig421	4822	5	3
D376.contig422	4817	0	0
D376.contig423	4808	69	1
D376.contig424	4790	3358	451
D376.contig425	4775	0	0
D376.contig426	4754	0	0
D376.contig427	4750	2283	228
D376.contig428	4737	0	0
D376.contig429	4736	3619	199
D376.contig430	4717	0	0
D376.contig431	4714	0	0
D376.contig432	4705	23	3
D376.contig433	4666	39	4
D376.contig434	4641	52	2
D376.contig435	4639	0	0
D376.contig436	4636	0	0
D376.contig437	4634	60	12
D376.contig438	4615	16	10
D376.contig439	4611	44	2
D376.contig440	4606	861	105
D376.contig441	4606	72	7
D376.contig442	4604	0	0
D376.contig443	4562	0	0
D376.contig444	4558	0	0
D376.contig445	4535	935	93
D376.contig446	4530	0	0
D376.contig447	4522	0	0
D376.contig448	4522	78	3
D376.contig449	4518	0	0
D376.contig450	4515	0	0
D376.contig451	4504	0	0
D376.contig452	4493	0	0
D376.contig453	4490	0	0
D376.contig454	4489	48	3
D376.contig455	4485	0	0
D376.contig456	4475	59	2
D376.contig457	4474	0	0
D376.contig458	4437	0	0
D376.contig459	4430	195	125
D376.contig460	4401	0	0
D376.contig461	4398	0	0
D376.contig462	4388	5262	246
D376.contig463	4369	0	0
D376.contig464	4360	0	0
D376.contig465	4359	0	0
D376.contig466	4349	0	0
D376.contig467	4336	0	0
D376.contig468	4335	53	5
D376.contig469	4333	0	0
D376.contig470	4333	85	2
D376.contig471	4322	0	0
D376.contig472	4312	0	0
D376.contig473	4281	54	4
D376.contig474	4280	0	0
D376.contig475	4253	0	0
D376.contig476	4249	2216	94
D376.contig477	4242	0	0
D376.contig478	4239	0	0
D376.contig479	4234	2536	122
D376.contig480	4221	0	0
D376.contig481	4218	0	0
D376.contig482	4209	44	2
D376.contig483	4203	0	0
D376.contig484	4193	0	0
D376.contig485	4179	0	0
D376.contig486	4178	0	0
D376.contig487	4172	0	0
D376.contig488	4166	0	0
D376.contig489	4145	16	0
D376.contig490	4144	0	0
D376.contig491	4127	0	0
D376.contig492	4104	35	5
D376.contig493	4092	0	0
D376.contig494	4075	0	0
D376.contig495	4046	100	16
D376.contig496	4039	102	3
D376.contig497	4038	0	0
D376.contig498	4028	23	3
D376.contig499	4024	0	0
D376.contig500	3993	0	0
D376.contig501	3982	0	0
D376.contig502	3978	33	1
D376.contig503	3974	0	0
D376.contig504	3973	0	0
D376.contig505	3957	0	0
D376.contig506	3954	20	3
D376.contig507	3947	0	0
D376.contig508	3929	0	0
D376.contig509	3923	29	1
D376.contig510	3906	0	0
D376.contig511	3900	0	0
D376.contig512	3894	0	0
D376.contig513	3892	0	0
D376.contig514	3884	0	0
D376.contig515	3879	34	4
D376.contig516	3876	0	0
D376.contig517	3870	0	0
D376.contig518	3862	0	0
D376.contig519	3852	20	1
D376.contig520	3845	106	12
D376.contig521	3832	0	0
D376.contig522	3819	0	0
D376.contig523	3816	301	79
D376.contig524	3815	1	1
D376.contig525	3804	0	0
D376.contig526	3793	0	0
D376.contig527	3787	0	0
D376.contig528	3781	0	0
D376.contig529	3780	0	0
D376.contig530	3772	141	55
D376.contig531	3768	0	0
D376.contig532	3766	0	0
D376.contig533	3765	0	0
D376.contig534	3764	0	0
D376.contig535	3753	0	0
D376.contig536	3749	97	7
D376.contig537	3745	0	0
D376.contig538	3726	29	1
D376.contig539	3720	0	0
D376.contig540	3719	0	0
D376.contig541	3706	5	1
D376.contig542	3705	740	64
D376.contig543	3700	0	0
D376.contig544	3675	0	0
D376.contig545	3665	39	1
D376.contig546	3657	45	3
D376.contig547	3631	0	0
D376.contig548	3622	0	0
D376.contig549	3620	0	0
D376.contig550	3606	66	7
D376.contig551	3570	572	30
D376.contig552	3568	0	0
D376.contig553	3562	0	0
D376.contig554	3555	49	5
D376.contig555	3548	0	0
D376.contig556	3544	0	0
D376.contig557	3544	0	0
D376.contig558	3539	0	0
D376.contig559	3528	0	0
D376.contig560	3526	0	0
D376.contig561	3518	278	153
D376.contig562	3517	0	0
D376.contig563	3506	0	0
D376.contig564	3503	2602	191
D376.contig565	3483	78	6
D376.contig566	3467	0	0
D376.contig567	3465	31608	9441
D376.contig568	3458	0	0
D376.contig569	3442	122	4
D376.contig570	3439	0	0
D376.contig571	3427	0	0
D376.contig572	3425	0	0
D376.contig573	3419	0	0
D376.contig574	3396	67	7
D376.contig575	3372	28	0
D376.contig576	3372	0	0
D376.contig577	3365	0	0
D376.contig578	3349	0	0
D376.contig579	3342	0	0
D376.contig580	3339	0	0
D376.contig581	3336	0	0
D376.contig582	3332	0	0
D376.contig583	3328	44	3
D376.contig584	3327	0	0
D376.contig585	3299	0	0
D376.contig586	3298	4	2
D376.contig587	3283	0	0
D376.contig588	3272	0	0
D376.contig589	3256	0	0
D376.contig590	3256	24	9
D376.contig591	3251	0	0
D376.contig592	3222	0	0
D376.contig593	3220	0	0
D376.contig594	3217	0	0
D376.contig595	3215	0	0
D376.contig596	3214	1025	79
D376.contig597	3206	44	19
D376.contig598	3195	0	0
D376.contig599	3194	0	0
D376.contig600	3192	0	0
D376.contig601	3192	0	0
D376.contig602	3190	48	1
D376.contig603	3181	0	0
D376.contig604	3172	0	0
D376.contig605	3162	0	0
D376.contig606	3149	18	3
D376.contig607	3141	0	0
D376.contig608	3137	0	0
D376.contig609	3130	0	0
D376.contig610	3127	0	0
D376.contig611	3122	0	0
D376.contig612	3107	0	0
D376.contig613	3096	0	0
D376.contig614	3083	0	0
D376.contig615	3082	0	0
D376.contig616	3081	7	1
D376.contig617	3080	0	0
D376.contig618	3080	0	0
D376.contig619	3072	0	0
D376.contig620	3068	0	0
D376.contig621	3060	28	4
D376.contig622	3054	0	0
D376.contig623	3050	0	0
D376.contig624	3048	0	0
D376.contig625	3034	0	0
D376.contig626	3033	8	0
D376.contig627	3024	44	8
D376.contig628	3020	0	0
D376.contig629	3020	2	0
D376.contig630	3018	1020	78
D376.contig631	3017	0	0
D376.contig632	3014	0	0
*	0	0	7551290
