D376.contig1	205686	84	4
D376.contig2	184745	1322	60
D376.contig3	132850	46721	1022
D376.contig4	124007	0	0
D376.contig5	108570	93132	2224
D376.contig6	101546	45594	1020
D376.contig7	101545	90223	2028
D376.contig8	98564	41827	895
D376.contig9	98308	50093	1174
D376.contig10	97512	34712	724
D376.contig11	95081	34070	778
D376.contig12	93909	108	7
D376.contig13	92248	48459	1163
D376.contig14	91181	24499	526
D376.contig15	88324	103921	2643
D376.contig16	86465	47767	1121
D376.contig17	83210	23418	611
D376.contig18	81493	243	8
D376.contig19	77740	51693	1128
D376.contig20	73546	38385	1029
D376.contig21	71225	67	5
D376.contig22	65504	175	9
D376.contig23	64127	23062	454
D376.contig24	60298	36126	928
D376.contig25	60285	15952	387
D376.contig26	59957	17754	355
D376.contig27	59509	25733	742
D376.contig28	57805	70955	1922
D376.contig29	56385	54	5
D376.contig30	55449	32832	817
D376.contig31	54029	12805	274
D376.contig32	53482	14802	378
D376.contig33	52815	23992	653
D376.contig34	52107	14969	362
D376.contig35	52065	0	0
D376.contig36	51859	159	2
D376.contig37	50304	13140	325
D376.contig38	50303	30304	703
D376.contig39	48995	35288	768
D376.contig40	47902	10322	261
D376.contig41	47751	0	0
D376.contig42	47740	10102	210
D376.contig43	46626	445	257
D376.contig44	45306	0	0
D376.contig45	44874	30217	691
D376.contig46	44468	12917	304
D376.contig47	43218	13395	324
D376.contig48	42708	0	0
D376.contig49	40724	17505	420
D376.contig50	40632	13417	343
D376.contig51	40224	0	0
D376.contig52	40013	4	0
D376.contig53	39338	34365	1149
D376.contig54	38873	28723	860
D376.contig55	38422	0	0
D376.contig56	37480	111106	3636
D376.contig57	37013	9826	363
D376.contig58	36840	10393	221
D376.contig59	36364	28245	882
D376.contig60	34787	7393	1482
D376.contig61	34141	7169	186
D376.contig62	34128	14	2
D376.contig63	34117	11365	276
D376.contig64	34058	16421	358
D376.contig65	33857	6367	158
D376.contig66	33659	11566	252
D376.contig67	33402	6	2
D376.contig68	33136	32176	1418
D376.contig69	32974	32664	827
D376.contig70	32434	6262	157
D376.contig71	32248	11248	266
D376.contig72	31895	19177	439
D376.contig73	31643	85	1
D376.contig74	31233	116595	2730
D376.contig75	31109	6727	182
D376.contig76	30569	6770	169
D376.contig77	29992	0	0
D376.contig78	29893	9209	298
D376.contig79	29268	0	0
D376.contig80	28758	4718	108
D376.contig81	28582	39122	1941
D376.contig82	27735	48098	1293
D376.contig83	27722	5345	156
D376.contig84	27597	3	1
D376.contig85	26365	3460	90
D376.contig86	25412	6792	148
D376.contig87	25333	31	1
D376.contig88	25221	6560	166
D376.contig89	24868	13618	311
D376.contig90	24842	3108	61
D376.contig91	24439	611321	32045
D376.contig92	24130	3592	91
D376.contig93	23931	0	0
D376.contig94	23929	10693	245
D376.contig95	23803	55201	2091
D376.contig96	23096	0	0
D376.contig97	22984	0	0
D376.contig98	22756	0	0
D376.contig99	22512	0	0
D376.contig100	22428	3997	91
D376.contig101	22362	4265	122
D376.contig102	22334	4969	98
D376.contig103	21526	4627	120
D376.contig104	21353	340	8
D376.contig105	21008	6648	169
D376.contig106	20830	35304	1121
D376.contig107	20793	3966	103
D376.contig108	20785	48	9
D376.contig109	20284	6316	149
D376.contig110	20161	1495	41
D376.contig111	19560	4979	101
D376.contig112	19469	4035	106
D376.contig113	19327	7279	208
D376.contig114	18602	15634	1375
D376.contig115	18415	10628	228
D376.contig116	18281	604	10
D376.contig117	18161	93	11
D376.contig118	17756	18	2
D376.contig119	17638	3195	139
D376.contig120	17591	12142	648
D376.contig121	17548	1985	63
D376.contig122	17445	5	3
D376.contig123	17286	2523	89
D376.contig124	17151	2304	55
D376.contig125	17149	6104	229
D376.contig126	17018	5377	118
D376.contig127	16819	7	1
D376.contig128	16781	2841	121
D376.contig129	16568	2524	67
D376.contig130	16561	1277	65
D376.contig131	16246	0	0
D376.contig132	16109	3903	85
D376.contig133	15903	3001	78
D376.contig134	15897	3992	118
D376.contig135	15818	0	0
D376.contig136	15547	37645	907
D376.contig137	15378	1	1
D376.contig138	15320	2932	82
D376.contig139	15317	16	0
D376.contig140	15007	0	0
D376.contig141	14970	25	1
D376.contig142	14914	2447	76
D376.contig143	14905	417460	32163
D376.contig144	14894	4	0
D376.contig145	14889	2347	61
D376.contig146	14750	0	0
D376.contig147	14610	0	0
D376.contig148	14603	11275	287
D376.contig149	14598	90464	4782
D376.contig150	14594	60	4
D376.contig151	14591	234178	15777
D376.contig152	14449	11	1
D376.contig153	14253	14	6
D376.contig154	14164	28	0
D376.contig155	14069	0	0
D376.contig156	14017	0	0
D376.contig157	13946	331125	67004
D376.contig158	13813	0	0
D376.contig159	13802	15973	810
D376.contig160	13774	0	0
D376.contig161	13753	5121	135
D376.contig162	13723	263	12
D376.contig163	13549	1359	34
D376.contig164	13424	27270	864
D376.contig165	13206	2842	89
D376.contig166	12979	0	0
D376.contig167	12923	12642	367
D376.contig168	12850	0	0
D376.contig169	12788	2195	72
D376.contig170	12677	1105	47
D376.contig171	12580	2222	79
D376.contig172	12547	14072	575
D376.contig173	12527	178	7
D376.contig174	12479	402	16
D376.contig175	12272	2	0
D376.contig176	12213	0	0
D376.contig177	12203	10185	1626
D376.contig178	12162	79	3
D376.contig179	12131	0	0
D376.contig180	12114	8159	301
D376.contig181	12087	1034	30
D376.contig182	12059	2691	72
D376.contig183	12047	0	0
D376.contig184	11993	36	6
D376.contig185	11970	3757	99
D376.contig186	11969	0	0
D376.contig187	11819	2143	45
D376.contig188	11724	67	5
D376.contig189	11660	0	0
D376.contig190	11621	2127	44
D376.contig191	11616	0	0
D376.contig192	11574	1125	37
D376.contig193	11539	219	13
D376.contig194	11479	307	9
D376.contig195	11384	3	3
D376.contig196	11224	974	37
D376.contig197	11190	17630	829
D376.contig198	11041	0	0
D376.contig199	11039	881	43
D376.contig200	11010	1278	37
D376.contig201	11002	0	0
D376.contig202	10987	1569	63
D376.contig203	10977	1925	53
D376.contig204	10924	2118	64
D376.contig205	10821	0	0
D376.contig206	10797	0	0
D376.contig207	10796	0	0
D376.contig208	10787	0	0
D376.contig209	10577	0	0
D376.contig210	10439	59	7
D376.contig211	10435	41279	881
D376.contig212	10328	0	0
D376.contig213	10254	0	0
D376.contig214	10239	1424	46
D376.contig215	10186	0	0
D376.contig216	10171	1460	71
D376.contig217	10150	6	0
D376.contig218	10080	51	5
D376.contig219	10018	0	0
D376.contig220	9942	0	0
D376.contig221	9873	1702	80
D376.contig222	9849	0	0
D376.contig223	9768	0	0
D376.contig224	9744	2312	109
D376.contig225	9683	6	0
D376.contig226	9649	0	0
D376.contig227	9626	51	5
D376.contig228	9525	1786	74
D376.contig229	9510	0	0
D376.contig230	9460	6638	383
D376.contig231	9368	423	18
D376.contig232	9363	3	1
D376.contig233	9362	17052	489
D376.contig234	9329	19776	917
D376.contig235	9309	546	276
D376.contig236	9226	0	0
D376.contig237	9221	0	0
D376.contig238	9167	3423	76
D376.contig239	9091	26043	885
D376.contig240	9077	154	9
D376.contig241	9072	0	0
D376.contig242	9046	2296	44
D376.contig243	9028	46	4
D376.contig244	9022	0	0
D376.contig245	9001	0	0
D376.contig246	8783	0	0
D376.contig247	8764	48	4
D376.contig248	8713	36	4
D376.contig249	8688	110	6
D376.contig250	8680	4	0
D376.contig251	8666	62	2
D376.contig252	8646	1467	49
D376.contig253	8614	0	0
D376.contig254	8610	0	0
D376.contig255	8472	0	0
D376.contig256	8360	0	0
D376.contig257	8316	48	2
D376.contig258	8238	90	2
D376.contig259	8222	10	2
D376.contig260	8169	349	11
D376.contig261	8139	0	0
D376.contig262	8137	586	42
D376.contig263	8137	0	0
D376.contig264	8123	335	19
D376.contig265	8097	0	0
D376.contig266	8090	0	0
D376.contig267	8043	632	29
D376.contig268	8040	0	0
D376.contig269	8037	0	0
D376.contig270	7980	3263	91
D376.contig271	7902	938	30
D376.contig272	7848	814	23
D376.contig273	7836	0	0
D376.contig274	7810	7	0
D376.contig275	7736	1248	47
D376.contig276	7654	0	0
D376.contig277	7546	8	0
D376.contig278	7526	6	2
D376.contig279	7505	8	2
D376.contig280	7468	23	1
D376.contig281	7442	0	0
D376.contig282	7432	23	1
D376.contig283	7426	183	8
D376.contig284	7359	0	0
D376.contig285	7333	661	30
D376.contig286	7325	63	7
D376.contig287	7309	0	0
D376.contig288	7292	548	20
D376.contig289	7273	1219	40
D376.contig290	7268	0	0
D376.contig291	7241	18	0
D376.contig292	7222	0	0
D376.contig293	7209	30	2
D376.contig294	7167	23477	1123
D376.contig295	7151	225	12
D376.contig296	7111	112	4
D376.contig297	7090	694	449
D376.contig298	7053	3	1
D376.contig299	7048	0	0
D376.contig300	7033	50	16
D376.contig301	7027	1004	321
D376.contig302	7004	453	21
D376.contig303	6978	2607	135
D376.contig304	6970	0	0
D376.contig305	6927	0	0
D376.contig306	6917	84	53
D376.contig307	6906	0	0
D376.contig308	6902	0	0
D376.contig309	6894	18	6
D376.contig310	6880	0	0
D376.contig311	6879	0	0
D376.contig312	6835	0	0
D376.contig313	6831	12	0
D376.contig314	6808	948	35
D376.contig315	6791	1	1
D376.contig316	6744	1006	39
D376.contig317	6715	101	5
D376.contig318	6714	0	0
D376.contig319	6702	0	0
D376.contig320	6673	3780	295
D376.contig321	6639	402	31
D376.contig322	6635	2	0
D376.contig323	6623	0	0
D376.contig324	6590	0	0
D376.contig325	6563	1796	67
D376.contig326	6556	0	0
D376.contig327	6517	787	43
D376.contig328	6462	0	0
D376.contig329	6429	0	0
D376.contig330	6381	0	0
D376.contig331	6380	6102	290
D376.contig332	6372	0	0
D376.contig333	6366	6	0
D376.contig334	6362	0	0
D376.contig335	6330	279	10
D376.contig336	6315	388	13
D376.contig337	6304	0	0
D376.contig338	6256	0	0
D376.contig339	6244	0	0
D376.contig340	6215	23	5
D376.contig341	6212	0	0
D376.contig342	6183	0	0
D376.contig343	6155	1105	71
D376.contig344	6136	0	0
D376.contig345	6088	7082	358
D376.contig346	6084	0	0
D376.contig347	6074	0	0
D376.contig348	6069	378	48
D376.contig349	6060	164	7
D376.contig350	6051	0	0
D376.contig351	6026	8	2
D376.contig352	6017	846	30
D376.contig353	6003	0	0
D376.contig354	5943	0	0
D376.contig355	5903	1	1
D376.contig356	5891	0	0
D376.contig357	5882	3608	1054
D376.contig358	5861	0	0
D376.contig359	5843	0	0
D376.contig360	5810	552	17
D376.contig361	5803	15	1
D376.contig362	5793	0	0
D376.contig363	5780	0	0
D376.contig364	5780	0	0
D376.contig365	5779	0	0
D376.contig366	5748	0	0
D376.contig367	5708	423	17
D376.contig368	5694	0	0
D376.contig369	5657	1451	62
D376.contig370	5656	268	27
D376.contig371	5645	964	45
D376.contig372	5641	256	61
D376.contig373	5621	1287	59
D376.contig374	5566	9	0
D376.contig375	5564	0	0
D376.contig376	5556	0	0
D376.contig377	5547	2	0
D376.contig378	5448	0	0
D376.contig379	5428	0	0
D376.contig380	5394	0	0
D376.contig381	5391	0	0
D376.contig382	5369	794	21
D376.contig383	5368	6120	320
D376.contig384	5362	367	12
D376.contig385	5350	0	0
D376.contig386	5342	101	3
D376.contig387	5307	0	0
D376.contig388	5301	224	10
D376.contig389	5292	0	0
D376.contig390	5276	0	0
D376.contig391	5257	4	0
D376.contig392	5248	65	3
D376.contig393	5219	527	36
D376.contig394	5205	3	1
D376.contig395	5204	0	0
D376.contig396	5203	1027	73
D376.contig397	5190	0	0
D376.contig398	5175	0	0
D376.contig399	5152	540	23
D376.contig400	5134	0	0
D376.contig401	5082	564	28
D376.contig402	5067	0	0
D376.contig403	5061	0	0
D376.contig404	5054	22	0
D376.contig405	5054	507	42
D376.contig406	5044	710	28
D376.contig407	5038	160573	5981
D376.contig408	5035	383	15
D376.contig409	4980	1	1
D376.contig410	4974	0	0
D376.contig411	4959	0	0
D376.contig412	4956	1	1
D376.contig413	4954	105	11
D376.contig414	4952	0	0
D376.contig415	4945	925	22
D376.contig416	4938	331	21
D376.contig417	4919	525	25
D376.contig418	4877	6498	412
D376.contig419	4868	793	34
D376.contig420	4852	0	0
D376.contig421	4822	0	0
D376.contig422	4817	1	1
D376.contig423	4808	304	15
D376.contig424	4790	22231	1768
D376.contig425	4775	0	0
D376.contig426	4754	3	0
D376.contig427	4750	14025	1312
D376.contig428	4737	0	0
D376.contig429	4736	14132	937
D376.contig430	4717	0	0
D376.contig431	4714	0	0
D376.contig432	4705	224	14
D376.contig433	4666	666	34
D376.contig434	4641	486	44
D376.contig435	4639	0	0
D376.contig436	4636	11	1
D376.contig437	4634	0	0
D376.contig438	4615	0	0
D376.contig439	4611	317	23
D376.contig440	4606	7708	890
D376.contig441	4606	233	15
D376.contig442	4604	12	2
D376.contig443	4562	0	0
D376.contig444	4558	52	3
D376.contig445	4535	11072	943
D376.contig446	4530	0	0
D376.contig447	4522	0	0
D376.contig448	4522	965	44
D376.contig449	4518	118	4
D376.contig450	4515	1	0
D376.contig451	4504	83	7
D376.contig452	4493	0	0
D376.contig453	4490	0	0
D376.contig454	4489	742	32
D376.contig455	4485	0	0
D376.contig456	4475	1523	48
D376.contig457	4474	0	0
D376.contig458	4437	0	0
D376.contig459	4430	0	0
D376.contig460	4401	0	0
D376.contig461	4398	13	3
D376.contig462	4388	16435	1180
D376.contig463	4369	0	0
D376.contig464	4360	0	0
D376.contig465	4359	1	1
D376.contig466	4349	0	0
D376.contig467	4336	2	0
D376.contig468	4335	596	32
D376.contig469	4333	0	0
D376.contig470	4333	382	11
D376.contig471	4322	0	0
D376.contig472	4312	7	3
D376.contig473	4281	402	20
D376.contig474	4280	153	10
D376.contig475	4253	14	0
D376.contig476	4249	16005	911
D376.contig477	4242	0	0
D376.contig478	4239	20	0
D376.contig479	4234	0	0
D376.contig480	4221	0	0
D376.contig481	4218	0	0
D376.contig482	4209	803	48
D376.contig483	4203	0	0
D376.contig484	4193	0	0
D376.contig485	4179	55265	20115
D376.contig486	4178	0	0
D376.contig487	4172	0	0
D376.contig488	4166	0	0
D376.contig489	4145	313	18
D376.contig490	4144	0	0
D376.contig491	4127	1294	944
D376.contig492	4104	540	44
D376.contig493	4092	0	0
D376.contig494	4075	0	0
D376.contig495	4046	659	32
D376.contig496	4039	475	26
D376.contig497	4038	0	0
D376.contig498	4028	374	36
D376.contig499	4024	0	0
D376.contig500	3993	0	0
D376.contig501	3982	0	0
D376.contig502	3978	231	10
D376.contig503	3974	0	0
D376.contig504	3973	0	0
D376.contig505	3957	54	6
D376.contig506	3954	547	21
D376.contig507	3947	0	0
D376.contig508	3929	0	0
D376.contig509	3923	391	17
D376.contig510	3906	78785	12763
D376.contig511	3900	0	0
D376.contig512	3894	0	0
D376.contig513	3892	0	0
D376.contig514	3884	0	0
D376.contig515	3879	440	26
D376.contig516	3876	0	0
D376.contig517	3870	0	0
D376.contig518	3862	0	0
D376.contig519	3852	237	12
D376.contig520	3845	673	54
D376.contig521	3832	13	5
D376.contig522	3819	22	7
D376.contig523	3816	0	0
D376.contig524	3815	6	3
D376.contig525	3804	0	0
D376.contig526	3793	0	0
D376.contig527	3787	0	0
D376.contig528	3781	0	0
D376.contig529	3780	0	0
D376.contig530	3772	0	0
D376.contig531	3768	0	0
D376.contig532	3766	10	0
D376.contig533	3765	0	0
D376.contig534	3764	0	0
D376.contig535	3753	0	0
D376.contig536	3749	472	55
D376.contig537	3745	0	0
D376.contig538	3726	261	10
D376.contig539	3720	0	0
D376.contig540	3719	0	0
D376.contig541	3706	28	6
D376.contig542	3705	7323	740
D376.contig543	3700	0	0
D376.contig544	3675	0	0
D376.contig545	3665	245	20
D376.contig546	3657	252	18
D376.contig547	3631	0	0
D376.contig548	3622	0	0
D376.contig549	3620	0	0
D376.contig550	3606	670	38
D376.contig551	3570	3095	107
D376.contig552	3568	12	4
D376.contig553	3562	0	0
D376.contig554	3555	213	15
D376.contig555	3548	0	0
D376.contig556	3544	1	1
D376.contig557	3544	0	0
D376.contig558	3539	0	0
D376.contig559	3528	0	0
D376.contig560	3526	0	0
D376.contig561	3518	0	0
D376.contig562	3517	0	0
D376.contig563	3506	6	0
D376.contig564	3503	21411	1763
D376.contig565	3483	213	17
D376.contig566	3467	0	0
D376.contig567	3465	0	0
D376.contig568	3458	0	0
D376.contig569	3442	459	34
D376.contig570	3439	0	0
D376.contig571	3427	0	0
D376.contig572	3425	25	2
D376.contig573	3419	0	0
D376.contig574	3396	383	39
D376.contig575	3372	103	6
D376.contig576	3372	0	0
D376.contig577	3365	0	0
D376.contig578	3349	0	0
D376.contig579	3342	0	0
D376.contig580	3339	0	0
D376.contig581	3336	5	1
D376.contig582	3332	0	0
D376.contig583	3328	353	24
D376.contig584	3327	0	0
D376.contig585	3299	0	0
D376.contig586	3298	0	0
D376.contig587	3283	0	0
D376.contig588	3272	0	0
D376.contig589	3256	0	0
D376.contig590	3256	254	24
D376.contig591	3251	0	0
D376.contig592	3222	23	3
D376.contig593	3220	0	0
D376.contig594	3217	0	0
D376.contig595	3215	0	0
D376.contig596	3214	3815	393
D376.contig597	3206	0	0
D376.contig598	3195	22	2
D376.contig599	3194	0	0
D376.contig600	3192	0	0
D376.contig601	3192	0	0
D376.contig602	3190	317	17
D376.contig603	3181	0	0
D376.contig604	3172	0	0
D376.contig605	3162	0	0
D376.contig606	3149	13	0
D376.contig607	3141	0	0
D376.contig608	3137	85	13
D376.contig609	3130	1	1
D376.contig610	3127	198	13
D376.contig611	3122	202	16
D376.contig612	3107	0	0
D376.contig613	3096	0	0
D376.contig614	3083	11	1
D376.contig615	3082	0	0
D376.contig616	3081	127	16
D376.contig617	3080	0	0
D376.contig618	3080	7	5
D376.contig619	3072	0	0
D376.contig620	3068	861	303
D376.contig621	3060	463	40
D376.contig622	3054	0	0
D376.contig623	3050	0	0
D376.contig624	3048	20	2
D376.contig625	3034	20	1
D376.contig626	3033	188	18
D376.contig627	3024	350	36
D376.contig628	3020	0	0
D376.contig629	3020	0	0
D376.contig630	3018	5162	444
D376.contig631	3017	0	0
D376.contig632	3014	0	0
*	0	0	4830016
