D376.contig1	205686	54536	1753
D376.contig2	184745	113715	3812
D376.contig3	132850	23625	427
D376.contig4	124007	0	0
D376.contig5	108570	33437	701
D376.contig6	101546	17555	391
D376.contig7	101545	33023	681
D376.contig8	98564	20254	330
D376.contig9	98308	26607	472
D376.contig10	97512	16447	308
D376.contig11	95081	16176	268
D376.contig12	93909	22557	750
D376.contig13	92248	19207	378
D376.contig14	91181	13050	221
D376.contig15	88324	44784	908
D376.contig16	86465	18200	390
D376.contig17	83210	11626	223
D376.contig18	81493	30703	986
D376.contig19	77740	22126	414
D376.contig20	73546	20844	442
D376.contig21	71225	27642	953
D376.contig22	65504	22003	748
D376.contig23	64127	11313	187
D376.contig24	60298	16409	288
D376.contig25	60285	8055	148
D376.contig26	59957	9027	164
D376.contig27	59509	12424	278
D376.contig28	57805	27058	620
D376.contig29	56385	10528	314
D376.contig30	55449	14757	342
D376.contig31	54029	6512	117
D376.contig32	53482	9645	165
D376.contig33	52815	10787	266
D376.contig34	52107	7587	132
D376.contig35	52065	0	0
D376.contig36	51859	17278	540
D376.contig37	50304	6255	131
D376.contig38	50303	14861	274
D376.contig39	48995	11603	228
D376.contig40	47902	7609	146
D376.contig41	47751	10212	344
D376.contig42	47740	5338	89
D376.contig43	46626	208	119
D376.contig44	45306	58157	1687
D376.contig45	44874	12164	214
D376.contig46	44468	6380	132
D376.contig47	43218	5598	99
D376.contig48	42708	160634	6728
D376.contig49	40724	6694	122
D376.contig50	40632	5940	96
D376.contig51	40224	0	0
D376.contig52	40013	3312	195
D376.contig53	39338	12443	365
D376.contig54	38873	13160	356
D376.contig55	38422	0	0
D376.contig56	37480	34265	969
D376.contig57	37013	5643	135
D376.contig58	36840	7308	142
D376.contig59	36364	9570	211
D376.contig60	34787	6531075	434741
D376.contig61	34141	4094	80
D376.contig62	34128	6759	253
D376.contig63	34117	7007	136
D376.contig64	34058	4922	103
D376.contig65	33857	3936	83
D376.contig66	33659	5586	127
D376.contig67	33402	8051	213
D376.contig68	33136	11723	343
D376.contig69	32974	9727	243
D376.contig70	32434	3164	63
D376.contig71	32248	4798	85
D376.contig72	31895	8506	174
D376.contig73	31643	5135	176
D376.contig74	31233	31330	672
D376.contig75	31109	4464	86
D376.contig76	30569	3446	92
D376.contig77	29992	0	0
D376.contig78	29893	5148	142
D376.contig79	29268	18200	411
D376.contig80	28758	3055	62
D376.contig81	28582	11782	548
D376.contig82	27735	13915	320
D376.contig83	27722	3091	73
D376.contig84	27597	2289	72
D376.contig85	26365	2258	47
D376.contig86	25412	3683	75
D376.contig87	25333	2207	84
D376.contig88	25221	3032	55
D376.contig89	24868	4584	72
D376.contig90	24842	2240	32
D376.contig91	24439	3390	94
D376.contig92	24130	1997	45
D376.contig93	23931	0	0
D376.contig94	23929	6186	133
D376.contig95	23803	17911	641
D376.contig96	23096	324	10
D376.contig97	22984	7790	163
D376.contig98	22756	0	0
D376.contig99	22512	0	0
D376.contig100	22428	2439	48
D376.contig101	22362	2498	58
D376.contig102	22334	1833	26
D376.contig103	21526	1613	29
D376.contig104	21353	2	0
D376.contig105	21008	2933	65
D376.contig106	20830	10635	330
D376.contig107	20793	2248	32
D376.contig108	20785	397	11
D376.contig109	20284	2786	52
D376.contig110	20161	1479	42
D376.contig111	19560	2214	31
D376.contig112	19469	2456	37
D376.contig113	19327	2957	63
D376.contig114	18602	5629	436
D376.contig115	18415	4408	83
D376.contig116	18281	103	1
D376.contig117	18161	1531	44
D376.contig118	17756	1224	45
D376.contig119	17638	2736	55
D376.contig120	17591	4850	222
D376.contig121	17548	1352	32
D376.contig122	17445	3673	122
D376.contig123	17286	1333	39
D376.contig124	17151	1951	27
D376.contig125	17149	4214	82
D376.contig126	17018	2538	55
D376.contig127	16819	3164	104
D376.contig128	16781	1571	51
D376.contig129	16568	1444	27
D376.contig130	16561	1569	62
D376.contig131	16246	29574	647
D376.contig132	16109	1779	37
D376.contig133	15903	1447	21
D376.contig134	15897	1854	50
D376.contig135	15818	1241	19
D376.contig136	15547	15542	314
D376.contig137	15378	1593	56
D376.contig138	15320	1517	24
D376.contig139	15317	1716	62
D376.contig140	15007	1766	64
D376.contig141	14970	0	0
D376.contig142	14914	1147	21
D376.contig143	14905	0	0
D376.contig144	14894	1694	54
D376.contig145	14889	1239	21
D376.contig146	14750	0	0
D376.contig147	14610	1616	33
D376.contig148	14603	3761	91
D376.contig149	14598	21901	1320
D376.contig150	14594	4	0
D376.contig151	14591	1739	65
D376.contig152	14449	1767	41
D376.contig153	14253	2	2
D376.contig154	14164	1161	41
D376.contig155	14069	0	0
D376.contig156	14017	0	0
D376.contig157	13946	0	0
D376.contig158	13813	1247	46
D376.contig159	13802	6803	300
D376.contig160	13774	0	0
D376.contig161	13753	1536	22
D376.contig162	13723	2059	59
D376.contig163	13549	1285	32
D376.contig164	13424	10895	339
D376.contig165	13206	1354	37
D376.contig166	12979	0	0
D376.contig167	12923	4279	90
D376.contig168	12850	38	14
D376.contig169	12788	1398	35
D376.contig170	12677	1285	39
D376.contig171	12580	1457	39
D376.contig172	12547	11053	376
D376.contig173	12527	1314	46
D376.contig174	12479	1029	49
D376.contig175	12272	1077	35
D376.contig176	12213	0	0
D376.contig177	12203	4059	663
D376.contig178	12162	1006	33
D376.contig179	12131	939	136
D376.contig180	12114	4475	140
D376.contig181	12087	724	11
D376.contig182	12059	1323	25
D376.contig183	12047	0	0
D376.contig184	11993	853	51
D376.contig185	11970	1466	26
D376.contig186	11969	0	0
D376.contig187	11819	1261	14
D376.contig188	11724	911	29
D376.contig189	11660	0	0
D376.contig190	11621	1448	18
D376.contig191	11616	833	35
D376.contig192	11574	719	19
D376.contig193	11539	821	23
D376.contig194	11479	1312	49
D376.contig195	11384	6	0
D376.contig196	11224	787	18
D376.contig197	11190	7723	310
D376.contig198	11041	858	40
D376.contig199	11039	1735	63
D376.contig200	11010	812	17
D376.contig201	11002	1057	31
D376.contig202	10987	918	16
D376.contig203	10977	979	23
D376.contig204	10924	820	16
D376.contig205	10821	0	0
D376.contig206	10797	807	28
D376.contig207	10796	787	15
D376.contig208	10787	2	0
D376.contig209	10577	261	8
D376.contig210	10439	912	42
D376.contig211	10435	14404	296
D376.contig212	10328	996	35
D376.contig213	10254	0	0
D376.contig214	10239	689	11
D376.contig215	10186	9	1
D376.contig216	10171	692	28
D376.contig217	10150	605	35
D376.contig218	10080	825	31
D376.contig219	10018	1026	25
D376.contig220	9942	358	22
D376.contig221	9873	672	23
D376.contig222	9849	18	0
D376.contig223	9768	0	0
D376.contig224	9744	1062	38
D376.contig225	9683	4	0
D376.contig226	9649	0	0
D376.contig227	9626	586	26
D376.contig228	9525	778	24
D376.contig229	9510	0	0
D376.contig230	9460	4519	215
D376.contig231	9368	570	15
D376.contig232	9363	0	0
D376.contig233	9362	5285	165
D376.contig234	9329	6404	289
D376.contig235	9309	1293	64
D376.contig236	9226	0	0
D376.contig237	9221	0	0
D376.contig238	9167	1292	26
D376.contig239	9091	8275	302
D376.contig240	9077	659	20
D376.contig241	9072	0	0
D376.contig242	9046	796	7
D376.contig243	9028	1513	38
D376.contig244	9022	62	5
D376.contig245	9001	0	0
D376.contig246	8783	573	19
D376.contig247	8764	774	30
D376.contig248	8713	562	26
D376.contig249	8688	718	21
D376.contig250	8680	357	9
D376.contig251	8666	1729	45
D376.contig252	8646	662	14
D376.contig253	8614	0	0
D376.contig254	8610	0	0
D376.contig255	8472	708	59
D376.contig256	8360	523	10
D376.contig257	8316	612	30
D376.contig258	8238	596	15
D376.contig259	8222	15	1
D376.contig260	8169	0	0
D376.contig261	8139	2539	58
D376.contig262	8137	439	19
D376.contig263	8137	0	0
D376.contig264	8123	478	24
D376.contig265	8097	516	24
D376.contig266	8090	477	12
D376.contig267	8043	407	9
D376.contig268	8040	0	0
D376.contig269	8037	423	25
D376.contig270	7980	1538	33
D376.contig271	7902	483	11
D376.contig272	7848	551	7
D376.contig273	7836	41	4
D376.contig274	7810	1595	52
D376.contig275	7736	794	31
D376.contig276	7654	6190	257
D376.contig277	7546	428	12
D376.contig278	7526	692	23
D376.contig279	7505	680	35
D376.contig280	7468	689	35
D376.contig281	7442	555	19
D376.contig282	7432	382	17
D376.contig283	7426	570	23
D376.contig284	7359	0	0
D376.contig285	7333	404	4
D376.contig286	7325	495	29
D376.contig287	7309	558	16
D376.contig288	7292	409	6
D376.contig289	7273	637	8
D376.contig290	7268	1410	39
D376.contig291	7241	484	13
D376.contig292	7222	441	14
D376.contig293	7209	419	18
D376.contig294	7167	9782	394
D376.contig295	7151	550	14
D376.contig296	7111	547	24
D376.contig297	7090	0	0
D376.contig298	7053	0	0
D376.contig299	7048	5	1
D376.contig300	7033	24	8
D376.contig301	7027	1026	158
D376.contig302	7004	369	25
D376.contig303	6978	662	26
D376.contig304	6970	0	0
D376.contig305	6927	0	0
D376.contig306	6917	541	13
D376.contig307	6906	717	41
D376.contig308	6902	0	0
D376.contig309	6894	383	20
D376.contig310	6880	375	17
D376.contig311	6879	7	1
D376.contig312	6835	250	10
D376.contig313	6831	0	0
D376.contig314	6808	367	8
D376.contig315	6791	0	0
D376.contig316	6744	383	9
D376.contig317	6715	379	15
D376.contig318	6714	0	0
D376.contig319	6702	399	31
D376.contig320	6673	1598	90
D376.contig321	6639	260	6
D376.contig322	6635	30	0
D376.contig323	6623	0	0
D376.contig324	6590	0	0
D376.contig325	6563	917	20
D376.contig326	6556	0	0
D376.contig327	6517	434	16
D376.contig328	6462	473	11
D376.contig329	6429	21858	3626
D376.contig330	6381	473	14
D376.contig331	6380	3033	113
D376.contig332	6372	0	0
D376.contig333	6366	2269	65
D376.contig334	6362	462	16
D376.contig335	6330	647	30
D376.contig336	6315	529	11
D376.contig337	6304	389	13
D376.contig338	6256	0	0
D376.contig339	6244	0	0
D376.contig340	6215	382	22
D376.contig341	6212	303	21
D376.contig342	6183	0	0
D376.contig343	6155	382	12
D376.contig344	6136	0	0
D376.contig345	6088	2996	114
D376.contig346	6084	0	0
D376.contig347	6074	399	14
D376.contig348	6069	349	16
D376.contig349	6060	419	18
D376.contig350	6051	0	0
D376.contig351	6026	553	14
D376.contig352	6017	454	11
D376.contig353	6003	0	0
D376.contig354	5943	328	14
D376.contig355	5903	0	0
D376.contig356	5891	450	22
D376.contig357	5882	16451	4342
D376.contig358	5861	0	0
D376.contig359	5843	0	0
D376.contig360	5810	364	3
D376.contig361	5803	270	13
D376.contig362	5793	391	25
D376.contig363	5780	0	0
D376.contig364	5780	0	0
D376.contig365	5779	378	21
D376.contig366	5748	0	0
D376.contig367	5708	280	3
D376.contig368	5694	260	9
D376.contig369	5657	317	12
D376.contig370	5656	290	13
D376.contig371	5645	713	9
D376.contig372	5641	635	46
D376.contig373	5621	385	11
D376.contig374	5566	493	16
D376.contig375	5564	279	11
D376.contig376	5556	0	0
D376.contig377	5547	373	12
D376.contig378	5448	390	24
D376.contig379	5428	308	18
D376.contig380	5394	0	0
D376.contig381	5391	297	10
D376.contig382	5369	534	12
D376.contig383	5368	3325	155
D376.contig384	5362	333	10
D376.contig385	5350	0	0
D376.contig386	5342	432	13
D376.contig387	5307	0	0
D376.contig388	5301	556	20
D376.contig389	5292	377	11
D376.contig390	5276	337	15
D376.contig391	5257	462	17
D376.contig392	5248	226	14
D376.contig393	5219	322	13
D376.contig394	5205	192	14
D376.contig395	5204	403	13
D376.contig396	5203	429	11
D376.contig397	5190	4346	314
D376.contig398	5175	38	6
D376.contig399	5152	322	9
D376.contig400	5134	0	0
D376.contig401	5082	406	20
D376.contig402	5067	0	0
D376.contig403	5061	274	20
D376.contig404	5054	250	21
D376.contig405	5054	219	8
D376.contig406	5044	282	8
D376.contig407	5038	138496	4256
D376.contig408	5035	257	9
D376.contig409	4980	312	9
D376.contig410	4974	3584	126
D376.contig411	4959	371	11
D376.contig412	4956	248	8
D376.contig413	4954	244	8
D376.contig414	4952	362	15
D376.contig415	4945	362	4
D376.contig416	4938	267	16
D376.contig417	4919	277	5
D376.contig418	4877	3438	184
D376.contig419	4868	408	8
D376.contig420	4852	249	17
D376.contig421	4822	915	90
D376.contig422	4817	284	13
D376.contig423	4808	199	8
D376.contig424	4790	8450	702
D376.contig425	4775	251	15
D376.contig426	4754	186	7
D376.contig427	4750	5801	520
D376.contig428	4737	271	11
D376.contig429	4736	6856	411
D376.contig430	4717	371	23
D376.contig431	4714	0	0
D376.contig432	4705	179	7
D376.contig433	4666	260	6
D376.contig434	4641	260	14
D376.contig435	4639	223	11
D376.contig436	4636	265	16
D376.contig437	4634	0	0
D376.contig438	4615	0	0
D376.contig439	4611	221	11
D376.contig440	4606	2269	240
D376.contig441	4606	238	11
D376.contig442	4604	379	35
D376.contig443	4562	3	0
D376.contig444	4558	263	12
D376.contig445	4535	3155	308
D376.contig446	4530	0	0
D376.contig447	4522	2	0
D376.contig448	4522	337	9
D376.contig449	4518	472	26
D376.contig450	4515	213	11
D376.contig451	4504	273	11
D376.contig452	4493	0	0
D376.contig453	4490	231	19
D376.contig454	4489	315	15
D376.contig455	4485	0	0
D376.contig456	4475	492	12
D376.contig457	4474	247	18
D376.contig458	4437	249	17
D376.contig459	4430	551	13
D376.contig460	4401	0	0
D376.contig461	4398	188	12
D376.contig462	4388	8700	487
D376.contig463	4369	0	0
D376.contig464	4360	331	7
D376.contig465	4359	2	2
D376.contig466	4349	8	0
D376.contig467	4336	223	14
D376.contig468	4335	240	7
D376.contig469	4333	189	11
D376.contig470	4333	289	3
D376.contig471	4322	0	0
D376.contig472	4312	363	12
D376.contig473	4281	219	5
D376.contig474	4280	184	9
D376.contig475	4253	190	14
D376.contig476	4249	4682	201
D376.contig477	4242	0	0
D376.contig478	4239	210	8
D376.contig479	4234	0	0
D376.contig480	4221	215	13
D376.contig481	4218	0	0
D376.contig482	4209	257	2
D376.contig483	4203	260	12
D376.contig484	4193	189	17
D376.contig485	4179	2	0
D376.contig486	4178	40515	12255
D376.contig487	4172	0	0
D376.contig488	4166	0	0
D376.contig489	4145	230	11
D376.contig490	4144	16	0
D376.contig491	4127	915	23
D376.contig492	4104	161	7
D376.contig493	4092	8	0
D376.contig494	4075	0	0
D376.contig495	4046	811	40
D376.contig496	4039	223	6
D376.contig497	4038	0	0
D376.contig498	4028	193	9
D376.contig499	4024	0	0
D376.contig500	3993	0	0
D376.contig501	3982	0	0
D376.contig502	3978	215	8
D376.contig503	3974	140	10
D376.contig504	3973	211	11
D376.contig505	3957	205	17
D376.contig506	3954	262	5
D376.contig507	3947	181	7
D376.contig508	3929	0	0
D376.contig509	3923	261	15
D376.contig510	3906	3	3
D376.contig511	3900	215	11
D376.contig512	3894	0	0
D376.contig513	3892	0	0
D376.contig514	3884	199	12
D376.contig515	3879	183	9
D376.contig516	3876	0	0
D376.contig517	3870	207	11
D376.contig518	3862	500	41
D376.contig519	3852	182	5
D376.contig520	3845	315	18
D376.contig521	3832	493	9
D376.contig522	3819	767	30
D376.contig523	3816	14	10
D376.contig524	3815	0	0
D376.contig525	3804	0	0
D376.contig526	3793	321	10
D376.contig527	3787	140	10
D376.contig528	3781	263	6
D376.contig529	3780	163	7
D376.contig530	3772	0	0
D376.contig531	3768	12	0
D376.contig532	3766	216	12
D376.contig533	3765	562	16
D376.contig534	3764	226	14
D376.contig535	3753	0	0
D376.contig536	3749	303	29
D376.contig537	3745	249	15
D376.contig538	3726	168	5
D376.contig539	3720	177	9
D376.contig540	3719	0	0
D376.contig541	3706	8	2
D376.contig542	3705	2027	174
D376.contig543	3700	182	10
D376.contig544	3675	4	0
D376.contig545	3665	191	15
D376.contig546	3657	178	9
D376.contig547	3631	0	0
D376.contig548	3622	0	0
D376.contig549	3620	249	16
D376.contig550	3606	221	8
D376.contig551	3570	1061	47
D376.contig552	3568	223	8
D376.contig553	3562	197	13
D376.contig554	3555	191	10
D376.contig555	3548	295	21
D376.contig556	3544	234	4
D376.contig557	3544	0	0
D376.contig558	3539	0	0
D376.contig559	3528	226	14
D376.contig560	3526	139	11
D376.contig561	3518	0	0
D376.contig562	3517	208	16
D376.contig563	3506	127	4
D376.contig564	3503	5730	460
D376.contig565	3483	190	8
D376.contig566	3467	164	8
D376.contig567	3465	200	12
D376.contig568	3458	146	5
D376.contig569	3442	255	14
D376.contig570	3439	200	14
D376.contig571	3427	188	7
D376.contig572	3425	220	12
D376.contig573	3419	137	11
D376.contig574	3396	155	7
D376.contig575	3372	120	4
D376.contig576	3372	0	0
D376.contig577	3365	169	6
D376.contig578	3349	162	10
D376.contig579	3342	0	0
D376.contig580	3339	0	0
D376.contig581	3336	328	22
D376.contig582	3332	0	0
D376.contig583	3328	185	2
D376.contig584	3327	2905	236
D376.contig585	3299	193	15
D376.contig586	3298	0	0
D376.contig587	3283	0	0
D376.contig588	3272	0	0
D376.contig589	3256	0	0
D376.contig590	3256	164	10
D376.contig591	3251	0	0
D376.contig592	3222	112	6
D376.contig593	3220	0	0
D376.contig594	3217	0	0
D376.contig595	3215	153	15
D376.contig596	3214	2113	163
D376.contig597	3206	3028	143
D376.contig598	3195	140	12
D376.contig599	3194	151	13
D376.contig600	3192	114	8
D376.contig601	3192	0	0
D376.contig602	3190	179	3
D376.contig603	3181	136	9
D376.contig604	3172	0	0
D376.contig605	3162	211	10
D376.contig606	3149	5	0
D376.contig607	3141	0	0
D376.contig608	3137	0	0
D376.contig609	3130	129	8
D376.contig610	3127	195	6
D376.contig611	3122	322	20
D376.contig612	3107	214	15
D376.contig613	3096	0	0
D376.contig614	3083	136	12
D376.contig615	3082	146	12
D376.contig616	3081	129	5
D376.contig617	3080	170	8
D376.contig618	3080	169	7
D376.contig619	3072	0	0
D376.contig620	3068	155	7
D376.contig621	3060	158	3
D376.contig622	3054	0	0
D376.contig623	3050	131	11
D376.contig624	3048	143	8
D376.contig625	3034	190	6
D376.contig626	3033	139	9
D376.contig627	3024	182	12
D376.contig628	3020	136	8
D376.contig629	3020	807229	102926
D376.contig630	3018	2053	148
D376.contig631	3017	229	7
D376.contig632	3014	0	0
*	0	0	689804
