D376.contig1	205686	0	0
D376.contig2	184745	40	16
D376.contig3	132850	105496	1826
D376.contig4	124007	0	0
D376.contig5	108570	175611	3162
D376.contig6	101546	138775	2206
D376.contig7	101545	154284	2500
D376.contig8	98564	52203	913
D376.contig9	98308	125918	1984
D376.contig10	97512	62560	1025
D376.contig11	95081	56840	941
D376.contig12	93909	0	0
D376.contig13	92248	131856	2169
D376.contig14	91181	44238	745
D376.contig15	88324	231552	4004
D376.contig16	86465	82078	1413
D376.contig17	83210	48027	893
D376.contig18	81493	0	0
D376.contig19	77740	120107	2039
D376.contig20	73546	109806	2081
D376.contig21	71225	0	0
D376.contig22	65504	0	0
D376.contig23	64127	34713	538
D376.contig24	60298	85249	1449
D376.contig25	60285	45668	762
D376.contig26	59957	32034	523
D376.contig27	59509	60020	1148
D376.contig28	57805	117142	2580
D376.contig29	56385	0	0
D376.contig30	55449	74088	1250
D376.contig31	54029	21518	372
D376.contig32	53482	32898	566
D376.contig33	52815	38601	1008
D376.contig34	52107	36807	661
D376.contig35	52065	0	0
D376.contig36	51859	0	0
D376.contig37	50304	51545	817
D376.contig38	50303	71597	1233
D376.contig39	48995	48687	862
D376.contig40	47902	23519	466
D376.contig41	47751	0	0
D376.contig42	47740	16591	286
D376.contig43	46626	2114	1209
D376.contig44	45306	88	6
D376.contig45	44874	61833	982
D376.contig46	44468	30012	562
D376.contig47	43218	24451	448
D376.contig48	42708	0	0
D376.contig49	40724	44617	796
D376.contig50	40632	29510	543
D376.contig51	40224	1	1
D376.contig52	40013	20	5
D376.contig53	39338	120740	2510
D376.contig54	38873	66790	1526
D376.contig55	38422	0	0
D376.contig56	37480	266325	6464
D376.contig57	37013	25482	729
D376.contig58	36840	23788	395
D376.contig59	36364	57854	1156
D376.contig60	34787	1	0
D376.contig61	34141	15851	249
D376.contig62	34128	0	0
D376.contig63	34117	32577	577
D376.contig64	34058	40158	708
D376.contig65	33857	21947	427
D376.contig66	33659	30722	605
D376.contig67	33402	0	0
D376.contig68	33136	102616	2242
D376.contig69	32974	67099	1103
D376.contig70	32434	11737	206
D376.contig71	32248	19124	354
D376.contig72	31895	74841	1348
D376.contig73	31643	0	0
D376.contig74	31233	225128	3737
D376.contig75	31109	15598	292
D376.contig76	30569	15512	289
D376.contig77	29992	0	0
D376.contig78	29893	19870	592
D376.contig79	29268	31	20
D376.contig80	28758	12183	216
D376.contig81	28582	101502	3819
D376.contig82	27735	123016	2096
D376.contig83	27722	20015	397
D376.contig84	27597	0	0
D376.contig85	26365	14856	284
D376.contig86	25412	16651	331
D376.contig87	25333	0	0
D376.contig88	25221	12012	275
D376.contig89	24868	25486	440
D376.contig90	24842	4318	65
D376.contig91	24439	1	0
D376.contig92	24130	12456	230
D376.contig93	23931	0	0
D376.contig94	23929	40326	694
D376.contig95	23803	174646	4644
D376.contig96	23096	0	0
D376.contig97	22984	1	0
D376.contig98	22756	0	0
D376.contig99	22512	0	0
D376.contig100	22428	11330	229
D376.contig101	22362	10125	233
D376.contig102	22334	8736	167
D376.contig103	21526	6520	115
D376.contig104	21353	2	0
D376.contig105	21008	21130	391
D376.contig106	20830	67345	1773
D376.contig107	20793	10045	184
D376.contig108	20785	0	0
D376.contig109	20284	15101	258
D376.contig110	20161	5582	136
D376.contig111	19560	8907	178
D376.contig112	19469	13522	233
D376.contig113	19327	13338	366
D376.contig114	18602	27924	2759
D376.contig115	18415	11038	243
D376.contig116	18281	1023	25
D376.contig117	18161	0	0
D376.contig118	17756	0	0
D376.contig119	17638	10634	285
D376.contig120	17591	30925	1501
D376.contig121	17548	6776	133
D376.contig122	17445	0	0
D376.contig123	17286	6697	185
D376.contig124	17151	8740	170
D376.contig125	17149	20193	322
D376.contig126	17018	10599	173
D376.contig127	16819	0	0
D376.contig128	16781	8361	319
D376.contig129	16568	10991	230
D376.contig130	16561	0	0
D376.contig131	16246	0	0
D376.contig132	16109	6158	118
D376.contig133	15903	5580	118
D376.contig134	15897	4890	123
D376.contig135	15818	0	0
D376.contig136	15547	83483	1487
D376.contig137	15378	0	0
D376.contig138	15320	6807	164
D376.contig139	15317	0	0
D376.contig140	15007	0	0
D376.contig141	14970	0	0
D376.contig142	14914	3891	122
D376.contig143	14905	0	0
D376.contig144	14894	0	0
D376.contig145	14889	6805	122
D376.contig146	14750	4	0
D376.contig147	14610	0	0
D376.contig148	14603	25299	472
D376.contig149	14598	117510	8313
D376.contig150	14594	0	0
D376.contig151	14591	0	0
D376.contig152	14449	0	0
D376.contig153	14253	177	35
D376.contig154	14164	0	0
D376.contig155	14069	0	0
D376.contig156	14017	0	0
D376.contig157	13946	0	0
D376.contig158	13813	0	0
D376.contig159	13802	51928	2022
D376.contig160	13774	0	0
D376.contig161	13753	8955	190
D376.contig162	13723	0	0
D376.contig163	13549	3096	102
D376.contig164	13424	63828	1338
D376.contig165	13206	6471	149
D376.contig166	12979	0	0
D376.contig167	12923	26455	519
D376.contig168	12850	15	1
D376.contig169	12788	9287	225
D376.contig170	12677	0	0
D376.contig171	12580	5786	141
D376.contig172	12547	28024	945
D376.contig173	12527	0	0
D376.contig174	12479	0	0
D376.contig175	12272	16	0
D376.contig176	12213	0	0
D376.contig177	12203	25406	4132
D376.contig178	12162	0	0
D376.contig179	12131	0	0
D376.contig180	12114	36420	1013
D376.contig181	12087	5272	123
D376.contig182	12059	8365	161
D376.contig183	12047	0	0
D376.contig184	11993	0	0
D376.contig185	11970	3448	72
D376.contig186	11969	0	0
D376.contig187	11819	5773	112
D376.contig188	11724	0	0
D376.contig189	11660	0	0
D376.contig190	11621	5555	135
D376.contig191	11616	0	0
D376.contig192	11574	4934	92
D376.contig193	11539	0	0
D376.contig194	11479	0	0
D376.contig195	11384	4	2
D376.contig196	11224	4617	118
D376.contig197	11190	59897	2435
D376.contig198	11041	0	0
D376.contig199	11039	0	0
D376.contig200	11010	2242	44
D376.contig201	11002	0	0
D376.contig202	10987	3403	87
D376.contig203	10977	5401	97
D376.contig204	10924	5188	142
D376.contig205	10821	0	0
D376.contig206	10797	0	0
D376.contig207	10796	0	0
D376.contig208	10787	0	0
D376.contig209	10577	0	0
D376.contig210	10439	0	0
D376.contig211	10435	105795	1692
D376.contig212	10328	0	0
D376.contig213	10254	0	0
D376.contig214	10239	1995	77
D376.contig215	10186	0	0
D376.contig216	10171	2403	97
D376.contig217	10150	0	0
D376.contig218	10080	0	0
D376.contig219	10018	0	0
D376.contig220	9942	0	0
D376.contig221	9873	3662	157
D376.contig222	9849	0	0
D376.contig223	9768	0	0
D376.contig224	9744	9573	284
D376.contig225	9683	0	0
D376.contig226	9649	39	11
D376.contig227	9626	0	0
D376.contig228	9525	2447	174
D376.contig229	9510	0	0
D376.contig230	9460	47244	1827
D376.contig231	9368	4081	101
D376.contig232	9363	16	0
D376.contig233	9362	39634	879
D376.contig234	9329	62948	2069
D376.contig235	9309	0	0
D376.contig236	9226	0	0
D376.contig237	9221	0	0
D376.contig238	9167	5962	126
D376.contig239	9091	65552	1747
D376.contig240	9077	0	0
D376.contig241	9072	0	0
D376.contig242	9046	4948	114
D376.contig243	9028	0	0
D376.contig244	9022	2	1
D376.contig245	9001	0	0
D376.contig246	8783	0	0
D376.contig247	8764	0	0
D376.contig248	8713	0	0
D376.contig249	8688	0	0
D376.contig250	8680	0	0
D376.contig251	8666	0	0
D376.contig252	8646	3412	121
D376.contig253	8614	0	0
D376.contig254	8610	0	0
D376.contig255	8472	0	0
D376.contig256	8360	0	0
D376.contig257	8316	0	0
D376.contig258	8238	0	0
D376.contig259	8222	20	1
D376.contig260	8169	52	2
D376.contig261	8139	0	0
D376.contig262	8137	0	0
D376.contig263	8137	0	0
D376.contig264	8123	0	0
D376.contig265	8097	0	0
D376.contig266	8090	0	0
D376.contig267	8043	1987	66
D376.contig268	8040	0	0
D376.contig269	8037	0	0
D376.contig270	7980	9901	191
D376.contig271	7902	2685	102
D376.contig272	7848	1379	47
D376.contig273	7836	8	0
D376.contig274	7810	0	0
D376.contig275	7736	1923	56
D376.contig276	7654	2	0
D376.contig277	7546	0	0
D376.contig278	7526	0	0
D376.contig279	7505	0	0
D376.contig280	7468	0	0
D376.contig281	7442	0	0
D376.contig282	7432	0	0
D376.contig283	7426	0	0
D376.contig284	7359	0	0
D376.contig285	7333	1343	63
D376.contig286	7325	0	0
D376.contig287	7309	0	0
D376.contig288	7292	1442	31
D376.contig289	7273	2182	60
D376.contig290	7268	0	0
D376.contig291	7241	0	0
D376.contig292	7222	0	0
D376.contig293	7209	0	0
D376.contig294	7167	76633	3012
D376.contig295	7151	0	0
D376.contig296	7111	24	0
D376.contig297	7090	0	0
D376.contig298	7053	0	0
D376.contig299	7048	0	0
D376.contig300	7033	35	9
D376.contig301	7027	2645	847
D376.contig302	7004	1298	71
D376.contig303	6978	3822	250
D376.contig304	6970	0	0
D376.contig305	6927	0	0
D376.contig306	6917	0	0
D376.contig307	6906	0	0
D376.contig308	6902	0	0
D376.contig309	6894	0	0
D376.contig310	6880	0	0
D376.contig311	6879	0	0
D376.contig312	6835	0	0
D376.contig313	6831	5	1
D376.contig314	6808	2582	73
D376.contig315	6791	0	0
D376.contig316	6744	2465	68
D376.contig317	6715	0	0
D376.contig318	6714	0	0
D376.contig319	6702	0	0
D376.contig320	6673	7093	445
D376.contig321	6639	660	32
D376.contig322	6635	0	0
D376.contig323	6623	0	0
D376.contig324	6590	0	0
D376.contig325	6563	3642	119
D376.contig326	6556	0	0
D376.contig327	6517	2784	123
D376.contig328	6462	0	0
D376.contig329	6429	0	0
D376.contig330	6381	0	0
D376.contig331	6380	17842	606
D376.contig332	6372	4	4
D376.contig333	6366	0	0
D376.contig334	6362	0	0
D376.contig335	6330	0	0
D376.contig336	6315	3917	100
D376.contig337	6304	0	0
D376.contig338	6256	15	1
D376.contig339	6244	0	0
D376.contig340	6215	0	0
D376.contig341	6212	0	0
D376.contig342	6183	0	0
D376.contig343	6155	1588	93
D376.contig344	6136	0	0
D376.contig345	6088	27335	1264
D376.contig346	6084	0	0
D376.contig347	6074	0	0
D376.contig348	6069	2298	151
D376.contig349	6060	0	0
D376.contig350	6051	26	14
D376.contig351	6026	0	0
D376.contig352	6017	1486	60
D376.contig353	6003	0	0
D376.contig354	5943	0	0
D376.contig355	5903	0	0
D376.contig356	5891	0	0
D376.contig357	5882	0	0
D376.contig358	5861	0	0
D376.contig359	5843	0	0
D376.contig360	5810	778	33
D376.contig361	5803	0	0
D376.contig362	5793	0	0
D376.contig363	5780	0	0
D376.contig364	5780	0	0
D376.contig365	5779	0	0
D376.contig366	5748	0	0
D376.contig367	5708	1135	51
D376.contig368	5694	0	0
D376.contig369	5657	1542	74
D376.contig370	5656	961	30
D376.contig371	5645	3660	44
D376.contig372	5641	694	138
D376.contig373	5621	4199	183
D376.contig374	5566	0	0
D376.contig375	5564	0	0
D376.contig376	5556	0	0
D376.contig377	5547	0	0
D376.contig378	5448	0	0
D376.contig379	5428	0	0
D376.contig380	5394	0	0
D376.contig381	5391	0	0
D376.contig382	5369	1888	34
D376.contig383	5368	18942	823
D376.contig384	5362	979	40
D376.contig385	5350	199	19
D376.contig386	5342	0	0
D376.contig387	5307	0	0
D376.contig388	5301	0	0
D376.contig389	5292	0	0
D376.contig390	5276	0	0
D376.contig391	5257	0	0
D376.contig392	5248	0	0
D376.contig393	5219	2142	68
D376.contig394	5205	0	0
D376.contig395	5204	0	0
D376.contig396	5203	2981	162
D376.contig397	5190	0	0
D376.contig398	5175	22	14
D376.contig399	5152	824	36
D376.contig400	5134	0	0
D376.contig401	5082	2439	95
D376.contig402	5067	0	0
D376.contig403	5061	0	0
D376.contig404	5054	0	0
D376.contig405	5054	790	65
D376.contig406	5044	2394	77
D376.contig407	5038	2374765	98536
D376.contig408	5035	1364	36
D376.contig409	4980	0	0
D376.contig410	4974	0	0
D376.contig411	4959	0	0
D376.contig412	4956	0	0
D376.contig413	4954	479	37
D376.contig414	4952	0	0
D376.contig415	4945	2489	61
D376.contig416	4938	0	0
D376.contig417	4919	1019	40
D376.contig418	4877	23738	1211
D376.contig419	4868	2759	93
D376.contig420	4852	0	0
D376.contig421	4822	0	0
D376.contig422	4817	0	0
D376.contig423	4808	2304	93
D376.contig424	4790	36682	3954
D376.contig425	4775	0	0
D376.contig426	4754	0	0
D376.contig427	4750	36478	3192
D376.contig428	4737	0	0
D376.contig429	4736	52997	2909
D376.contig430	4717	0	0
D376.contig431	4714	0	0
D376.contig432	4705	496	40
D376.contig433	4666	651	33
D376.contig434	4641	2760	202
D376.contig435	4639	0	0
D376.contig436	4636	0	0
D376.contig437	4634	0	0
D376.contig438	4615	0	0
D376.contig439	4611	1205	78
D376.contig440	4606	12807	1369
D376.contig441	4606	1083	55
D376.contig442	4604	0	0
D376.contig443	4562	0	0
D376.contig444	4558	0	0
D376.contig445	4535	29763	2288
D376.contig446	4530	0	0
D376.contig447	4522	0	0
D376.contig448	4522	2632	112
D376.contig449	4518	0	0
D376.contig450	4515	0	0
D376.contig451	4504	0	0
D376.contig452	4493	0	0
D376.contig453	4490	0	0
D376.contig454	4489	2029	113
D376.contig455	4485	0	0
D376.contig456	4475	2670	63
D376.contig457	4474	0	0
D376.contig458	4437	0	0
D376.contig459	4430	0	0
D376.contig460	4401	0	0
D376.contig461	4398	0	0
D376.contig462	4388	56089	3266
D376.contig463	4369	0	0
D376.contig464	4360	0	0
D376.contig465	4359	0	0
D376.contig466	4349	0	0
D376.contig467	4336	0	0
D376.contig468	4335	655	24
D376.contig469	4333	0	0
D376.contig470	4333	1761	54
D376.contig471	4322	0	0
D376.contig472	4312	0	0
D376.contig473	4281	1119	65
D376.contig474	4280	0	0
D376.contig475	4253	0	0
D376.contig476	4249	39515	1875
D376.contig477	4242	0	0
D376.contig478	4239	0	0
D376.contig479	4234	0	0
D376.contig480	4221	0	0
D376.contig481	4218	0	0
D376.contig482	4209	1098	83
D376.contig483	4203	0	0
D376.contig484	4193	0	0
D376.contig485	4179	0	0
D376.contig486	4178	0	0
D376.contig487	4172	0	0
D376.contig488	4166	0	0
D376.contig489	4145	321	22
D376.contig490	4144	0	0
D376.contig491	4127	0	0
D376.contig492	4104	797	53
D376.contig493	4092	0	0
D376.contig494	4075	0	0
D376.contig495	4046	1781	95
D376.contig496	4039	922	43
D376.contig497	4038	0	0
D376.contig498	4028	1064	55
D376.contig499	4024	0	0
D376.contig500	3993	0	0
D376.contig501	3982	0	0
D376.contig502	3978	594	20
D376.contig503	3974	0	0
D376.contig504	3973	0	0
D376.contig505	3957	0	0
D376.contig506	3954	829	46
D376.contig507	3947	0	0
D376.contig508	3929	0	0
D376.contig509	3923	1968	172
D376.contig510	3906	2	0
D376.contig511	3900	0	0
D376.contig512	3894	0	0
D376.contig513	3892	0	0
D376.contig514	3884	0	0
D376.contig515	3879	475	35
D376.contig516	3876	0	0
D376.contig517	3870	0	0
D376.contig518	3862	0	0
D376.contig519	3852	429	36
D376.contig520	3845	2439	128
D376.contig521	3832	1	1
D376.contig522	3819	0	0
D376.contig523	3816	6	0
D376.contig524	3815	0	0
D376.contig525	3804	0	0
D376.contig526	3793	0	0
D376.contig527	3787	0	0
D376.contig528	3781	0	0
D376.contig529	3780	2	0
D376.contig530	3772	0	0
D376.contig531	3768	0	0
D376.contig532	3766	0	0
D376.contig533	3765	0	0
D376.contig534	3764	0	0
D376.contig535	3753	0	0
D376.contig536	3749	2043	227
D376.contig537	3745	0	0
D376.contig538	3726	408	35
D376.contig539	3720	0	0
D376.contig540	3719	0	0
D376.contig541	3706	35	8
D376.contig542	3705	13085	1135
D376.contig543	3700	0	0
D376.contig544	3675	12	2
D376.contig545	3665	787	49
D376.contig546	3657	926	66
D376.contig547	3631	0	0
D376.contig548	3622	0	0
D376.contig549	3620	0	0
D376.contig550	3606	3219	169
D376.contig551	3570	8485	257
D376.contig552	3568	0	0
D376.contig553	3562	0	0
D376.contig554	3555	339	29
D376.contig555	3548	0	0
D376.contig556	3544	0	0
D376.contig557	3544	0	0
D376.contig558	3539	0	0
D376.contig559	3528	0	0
D376.contig560	3526	0	0
D376.contig561	3518	0	0
D376.contig562	3517	0	0
D376.contig563	3506	0	0
D376.contig564	3503	45159	3567
D376.contig565	3483	904	84
D376.contig566	3467	0	0
D376.contig567	3465	0	0
D376.contig568	3458	0	0
D376.contig569	3442	1945	101
D376.contig570	3439	0	0
D376.contig571	3427	0	0
D376.contig572	3425	0	0
D376.contig573	3419	0	0
D376.contig574	3396	918	80
D376.contig575	3372	457	31
D376.contig576	3372	0	0
D376.contig577	3365	0	0
D376.contig578	3349	0	0
D376.contig579	3342	0	0
D376.contig580	3339	0	0
D376.contig581	3336	0	0
D376.contig582	3332	0	0
D376.contig583	3328	686	33
D376.contig584	3327	0	0
D376.contig585	3299	0	0
D376.contig586	3298	5	3
D376.contig587	3283	0	0
D376.contig588	3272	0	0
D376.contig589	3256	0	0
D376.contig590	3256	468	57
D376.contig591	3251	0	0
D376.contig592	3222	0	0
D376.contig593	3220	0	0
D376.contig594	3217	0	0
D376.contig595	3215	0	0
D376.contig596	3214	20436	1491
D376.contig597	3206	0	0
D376.contig598	3195	0	0
D376.contig599	3194	0	0
D376.contig600	3192	1	1
D376.contig601	3192	0	0
D376.contig602	3190	950	45
D376.contig603	3181	0	0
D376.contig604	3172	0	0
D376.contig605	3162	0	0
D376.contig606	3149	29	1
D376.contig607	3141	0	0
D376.contig608	3137	0	0
D376.contig609	3130	0	0
D376.contig610	3127	0	0
D376.contig611	3122	0	0
D376.contig612	3107	0	0
D376.contig613	3096	0	0
D376.contig614	3083	0	0
D376.contig615	3082	0	0
D376.contig616	3081	624	51
D376.contig617	3080	0	0
D376.contig618	3080	0	0
D376.contig619	3072	0	0
D376.contig620	3068	0	0
D376.contig621	3060	919	50
D376.contig622	3054	0	0
D376.contig623	3050	0	0
D376.contig624	3048	0	0
D376.contig625	3034	0	0
D376.contig626	3033	377	31
D376.contig627	3024	300	29
D376.contig628	3020	0	0
D376.contig629	3020	0	0
D376.contig630	3018	21256	1639
D376.contig631	3017	0	0
D376.contig632	3014	0	0
*	0	0	554508
