D376.contig1	205686	4	0
D376.contig2	184745	22	11
D376.contig3	132850	82103	1698
D376.contig4	124007	0	0
D376.contig5	108570	221859	8584
D376.contig6	101546	73885	1503
D376.contig7	101545	102753	2141
D376.contig8	98564	42308	900
D376.contig9	98308	62924	1275
D376.contig10	97512	34604	695
D376.contig11	95081	48884	1041
D376.contig12	93909	0	0
D376.contig13	92248	63532	1233
D376.contig14	91181	26293	654
D376.contig15	88324	139440	3135
D376.contig16	86465	45698	1167
D376.contig17	83210	40305	908
D376.contig18	81493	0	0
D376.contig19	77740	52081	1135
D376.contig20	73546	45809	1092
D376.contig21	71225	0	0
D376.contig22	65504	0	0
D376.contig23	64127	19958	376
D376.contig24	60298	34250	762
D376.contig25	60285	34037	830
D376.contig26	59957	38033	761
D376.contig27	59509	55357	1363
D376.contig28	57805	78368	2130
D376.contig29	56385	0	0
D376.contig30	55449	47482	1083
D376.contig31	54029	14976	277
D376.contig32	53482	19409	367
D376.contig33	52815	28309	1069
D376.contig34	52107	14090	345
D376.contig35	52065	0	0
D376.contig36	51859	0	0
D376.contig37	50304	19807	427
D376.contig38	50303	59131	1121
D376.contig39	48995	26476	701
D376.contig40	47902	12992	302
D376.contig41	47751	0	0
D376.contig42	47740	10197	189
D376.contig43	46626	1451	811
D376.contig44	45306	3	1
D376.contig45	44874	34441	706
D376.contig46	44468	26281	468
D376.contig47	43218	51526	1134
D376.contig48	42708	0	0
D376.contig49	40724	12933	338
D376.contig50	40632	27364	559
D376.contig51	40224	0	0
D376.contig52	40013	12	1
D376.contig53	39338	42925	1385
D376.contig54	38873	30676	825
D376.contig55	38422	0	0
D376.contig56	37480	115155	3551
D376.contig57	37013	15618	418
D376.contig58	36840	23650	408
D376.contig59	36364	91159	2438
D376.contig60	34787	3	1
D376.contig61	34141	16207	300
D376.contig62	34128	0	0
D376.contig63	34117	20323	433
D376.contig64	34058	17032	355
D376.contig65	33857	12128	280
D376.contig66	33659	12857	461
D376.contig67	33402	0	0
D376.contig68	33136	27663	728
D376.contig69	32974	290368	11700
D376.contig70	32434	8597	179
D376.contig71	32248	15427	323
D376.contig72	31895	32451	690
D376.contig73	31643	0	0
D376.contig74	31233	164840	3723
D376.contig75	31109	13537	254
D376.contig76	30569	7149	225
D376.contig77	29992	57	7
D376.contig78	29893	8237	215
D376.contig79	29268	0	0
D376.contig80	28758	7997	157
D376.contig81	28582	36696	1949
D376.contig82	27735	54172	1218
D376.contig83	27722	9062	255
D376.contig84	27597	0	0
D376.contig85	26365	6239	93
D376.contig86	25412	6856	162
D376.contig87	25333	0	0
D376.contig88	25221	6799	179
D376.contig89	24868	12035	259
D376.contig90	24842	6786	107
D376.contig91	24439	0	0
D376.contig92	24130	3881	108
D376.contig93	23931	0	0
D376.contig94	23929	28297	599
D376.contig95	23803	67471	2623
D376.contig96	23096	0	0
D376.contig97	22984	0	0
D376.contig98	22756	0	0
D376.contig99	22512	0	0
D376.contig100	22428	3227	78
D376.contig101	22362	10654	198
D376.contig102	22334	3536	69
D376.contig103	21526	2136	47
D376.contig104	21353	152	6
D376.contig105	21008	3146	109
D376.contig106	20830	45668	1669
D376.contig107	20793	2159	44
D376.contig108	20785	2219	1406
D376.contig109	20284	3241	75
D376.contig110	20161	7763	157
D376.contig111	19560	5741	118
D376.contig112	19469	5941	114
D376.contig113	19327	11057	552
D376.contig114	18602	14525	1535
D376.contig115	18415	6307	173
D376.contig116	18281	2049	61
D376.contig117	18161	0	0
D376.contig118	17756	0	0
D376.contig119	17638	5170	165
D376.contig120	17591	21838	764
D376.contig121	17548	6041	112
D376.contig122	17445	0	0
D376.contig123	17286	1376	51
D376.contig124	17151	2378	89
D376.contig125	17149	7061	166
D376.contig126	17018	8447	183
D376.contig127	16819	0	0
D376.contig128	16781	2998	139
D376.contig129	16568	4209	94
D376.contig130	16561	0	0
D376.contig131	16246	292	50
D376.contig132	16109	2483	70
D376.contig133	15903	3729	141
D376.contig134	15897	3256	75
D376.contig135	15818	0	0
D376.contig136	15547	35223	671
D376.contig137	15378	0	0
D376.contig138	15320	4076	100
D376.contig139	15317	0	0
D376.contig140	15007	0	0
D376.contig141	14970	2232	54
D376.contig142	14914	2040	63
D376.contig143	14905	4	0
D376.contig144	14894	0	0
D376.contig145	14889	3230	76
D376.contig146	14750	0	0
D376.contig147	14610	1	1
D376.contig148	14603	14300	318
D376.contig149	14598	61027	4025
D376.contig150	14594	144	6
D376.contig151	14591	1	1
D376.contig152	14449	0	0
D376.contig153	14253	7639	147
D376.contig154	14164	0	0
D376.contig155	14069	0	0
D376.contig156	14017	0	0
D376.contig157	13946	0	0
D376.contig158	13813	0	0
D376.contig159	13802	18722	976
D376.contig160	13774	0	0
D376.contig161	13753	4052	122
D376.contig162	13723	0	0
D376.contig163	13549	2223	88
D376.contig164	13424	33564	924
D376.contig165	13206	5282	126
D376.contig166	12979	0	0
D376.contig167	12923	15910	419
D376.contig168	12850	0	0
D376.contig169	12788	8630	277
D376.contig170	12677	0	0
D376.contig171	12580	3644	123
D376.contig172	12547	20239	556
D376.contig173	12527	0	0
D376.contig174	12479	0	0
D376.contig175	12272	0	0
D376.contig176	12213	0	0
D376.contig177	12203	14279	2017
D376.contig178	12162	0	0
D376.contig179	12131	0	0
D376.contig180	12114	12585	465
D376.contig181	12087	588	20
D376.contig182	12059	4892	126
D376.contig183	12047	0	0
D376.contig184	11993	0	0
D376.contig185	11970	2478	68
D376.contig186	11969	0	0
D376.contig187	11819	1693	41
D376.contig188	11724	0	0
D376.contig189	11660	0	0
D376.contig190	11621	4958	108
D376.contig191	11616	0	0
D376.contig192	11574	2497	70
D376.contig193	11539	0	0
D376.contig194	11479	0	0
D376.contig195	11384	0	0
D376.contig196	11224	626	28
D376.contig197	11190	41253	1753
D376.contig198	11041	0	0
D376.contig199	11039	0	0
D376.contig200	11010	2355	56
D376.contig201	11002	0	0
D376.contig202	10987	988	22
D376.contig203	10977	4235	110
D376.contig204	10924	2759	76
D376.contig205	10821	0	0
D376.contig206	10797	0	0
D376.contig207	10796	0	0
D376.contig208	10787	0	0
D376.contig209	10577	0	0
D376.contig210	10439	56	17
D376.contig211	10435	70388	1443
D376.contig212	10328	293	29
D376.contig213	10254	0	0
D376.contig214	10239	847	25
D376.contig215	10186	0	0
D376.contig216	10171	1480	171
D376.contig217	10150	0	0
D376.contig218	10080	0	0
D376.contig219	10018	0	0
D376.contig220	9942	0	0
D376.contig221	9873	2008	82
D376.contig222	9849	0	0
D376.contig223	9768	0	0
D376.contig224	9744	3734	149
D376.contig225	9683	0	0
D376.contig226	9649	0	0
D376.contig227	9626	0	0
D376.contig228	9525	1924	160
D376.contig229	9510	0	0
D376.contig230	9460	21713	838
D376.contig231	9368	436	14
D376.contig232	9363	35	3
D376.contig233	9362	19874	569
D376.contig234	9329	28934	1065
D376.contig235	9309	0	0
D376.contig236	9226	0	0
D376.contig237	9221	0	0
D376.contig238	9167	7817	167
D376.contig239	9091	29677	935
D376.contig240	9077	0	0
D376.contig241	9072	0	0
D376.contig242	9046	1499	35
D376.contig243	9028	0	0
D376.contig244	9022	0	0
D376.contig245	9001	0	0
D376.contig246	8783	0	0
D376.contig247	8764	0	0
D376.contig248	8713	0	0
D376.contig249	8688	0	0
D376.contig250	8680	0	0
D376.contig251	8666	0	0
D376.contig252	8646	825	29
D376.contig253	8614	0	0
D376.contig254	8610	0	0
D376.contig255	8472	0	0
D376.contig256	8360	0	0
D376.contig257	8316	0	0
D376.contig258	8238	0	0
D376.contig259	8222	1	0
D376.contig260	8169	38966	1472
D376.contig261	8139	2	0
D376.contig262	8137	0	0
D376.contig263	8137	0	0
D376.contig264	8123	0	0
D376.contig265	8097	0	0
D376.contig266	8090	117	59
D376.contig267	8043	502	16
D376.contig268	8040	0	0
D376.contig269	8037	0	0
D376.contig270	7980	2091	51
D376.contig271	7902	1409	59
D376.contig272	7848	1083	29
D376.contig273	7836	0	0
D376.contig274	7810	0	0
D376.contig275	7736	900	32
D376.contig276	7654	0	0
D376.contig277	7546	0	0
D376.contig278	7526	0	0
D376.contig279	7505	0	0
D376.contig280	7468	0	0
D376.contig281	7442	187	31
D376.contig282	7432	0	0
D376.contig283	7426	0	0
D376.contig284	7359	0	0
D376.contig285	7333	1185	61
D376.contig286	7325	0	0
D376.contig287	7309	0	0
D376.contig288	7292	474	12
D376.contig289	7273	1657	60
D376.contig290	7268	1	1
D376.contig291	7241	0	0
D376.contig292	7222	0	0
D376.contig293	7209	0	0
D376.contig294	7167	43794	1955
D376.contig295	7151	0	0
D376.contig296	7111	0	0
D376.contig297	7090	766	381
D376.contig298	7053	72	6
D376.contig299	7048	0	0
D376.contig300	7033	2199	72
D376.contig301	7027	1257	413
D376.contig302	7004	575	37
D376.contig303	6978	1450	84
D376.contig304	6970	0	0
D376.contig305	6927	0	0
D376.contig306	6917	0	0
D376.contig307	6906	0	0
D376.contig308	6902	0	0
D376.contig309	6894	0	0
D376.contig310	6880	0	0
D376.contig311	6879	0	0
D376.contig312	6835	0	0
D376.contig313	6831	0	0
D376.contig314	6808	924	26
D376.contig315	6791	355	17
D376.contig316	6744	1050	31
D376.contig317	6715	0	0
D376.contig318	6714	0	0
D376.contig319	6702	0	0
D376.contig320	6673	4487	332
D376.contig321	6639	439	30
D376.contig322	6635	8	0
D376.contig323	6623	0	0
D376.contig324	6590	0	0
D376.contig325	6563	1971	87
D376.contig326	6556	0	0
D376.contig327	6517	865	39
D376.contig328	6462	0	0
D376.contig329	6429	0	0
D376.contig330	6381	0	0
D376.contig331	6380	6600	269
D376.contig332	6372	2	0
D376.contig333	6366	0	0
D376.contig334	6362	0	0
D376.contig335	6330	0	0
D376.contig336	6315	389	14
D376.contig337	6304	0	0
D376.contig338	6256	0	0
D376.contig339	6244	0	0
D376.contig340	6215	0	0
D376.contig341	6212	0	0
D376.contig342	6183	0	0
D376.contig343	6155	491	31
D376.contig344	6136	0	0
D376.contig345	6088	7744	401
D376.contig346	6084	0	0
D376.contig347	6074	0	0
D376.contig348	6069	3053	205
D376.contig349	6060	0	0
D376.contig350	6051	0	0
D376.contig351	6026	0	0
D376.contig352	6017	726	40
D376.contig353	6003	0	0
D376.contig354	5943	0	0
D376.contig355	5903	132	28
D376.contig356	5891	0	0
D376.contig357	5882	0	0
D376.contig358	5861	0	0
D376.contig359	5843	0	0
D376.contig360	5810	150	7
D376.contig361	5803	0	0
D376.contig362	5793	0	0
D376.contig363	5780	0	0
D376.contig364	5780	0	0
D376.contig365	5779	0	0
D376.contig366	5748	0	0
D376.contig367	5708	958	44
D376.contig368	5694	0	0
D376.contig369	5657	1361	56
D376.contig370	5656	337	10
D376.contig371	5645	1441	24
D376.contig372	5641	434	61
D376.contig373	5621	2003	85
D376.contig374	5566	0	0
D376.contig375	5564	0	0
D376.contig376	5556	0	0
D376.contig377	5547	0	0
D376.contig378	5448	0	0
D376.contig379	5428	0	0
D376.contig380	5394	0	0
D376.contig381	5391	0	0
D376.contig382	5369	451	12
D376.contig383	5368	16393	595
D376.contig384	5362	138	8
D376.contig385	5350	2	0
D376.contig386	5342	0	0
D376.contig387	5307	0	0
D376.contig388	5301	0	0
D376.contig389	5292	0	0
D376.contig390	5276	0	0
D376.contig391	5257	0	0
D376.contig392	5248	0	0
D376.contig393	5219	274	16
D376.contig394	5205	0	0
D376.contig395	5204	0	0
D376.contig396	5203	706	28
D376.contig397	5190	0	0
D376.contig398	5175	0	0
D376.contig399	5152	124	4
D376.contig400	5134	0	0
D376.contig401	5082	600	14
D376.contig402	5067	0	0
D376.contig403	5061	0	0
D376.contig404	5054	0	0
D376.contig405	5054	538	60
D376.contig406	5044	445	14
D376.contig407	5038	1989998	111719
D376.contig408	5035	642	23
D376.contig409	4980	0	0
D376.contig410	4974	0	0
D376.contig411	4959	0	0
D376.contig412	4956	0	0
D376.contig413	4954	545	31
D376.contig414	4952	0	0
D376.contig415	4945	1350	37
D376.contig416	4938	0	0
D376.contig417	4919	153	4
D376.contig418	4877	8501	482
D376.contig419	4868	286	7
D376.contig420	4852	0	0
D376.contig421	4822	0	0
D376.contig422	4817	0	0
D376.contig423	4808	298	15
D376.contig424	4790	37152	4480
D376.contig425	4775	0	0
D376.contig426	4754	0	0
D376.contig427	4750	19729	1633
D376.contig428	4737	0	0
D376.contig429	4736	25995	1633
D376.contig430	4717	0	0
D376.contig431	4714	0	0
D376.contig432	4705	105	3
D376.contig433	4666	231	10
D376.contig434	4641	701	61
D376.contig435	4639	0	0
D376.contig436	4636	0	0
D376.contig437	4634	0	0
D376.contig438	4615	0	0
D376.contig439	4611	393	20
D376.contig440	4606	9223	966
D376.contig441	4606	484	35
D376.contig442	4604	0	0
D376.contig443	4562	4	2
D376.contig444	4558	0	0
D376.contig445	4535	8863	1007
D376.contig446	4530	0	0
D376.contig447	4522	1	1
D376.contig448	4522	794	68
D376.contig449	4518	0	0
D376.contig450	4515	1	0
D376.contig451	4504	0	0
D376.contig452	4493	0	0
D376.contig453	4490	3	1
D376.contig454	4489	1056	39
D376.contig455	4485	0	0
D376.contig456	4475	3504	70
D376.contig457	4474	0	0
D376.contig458	4437	0	0
D376.contig459	4430	0	0
D376.contig460	4401	0	0
D376.contig461	4398	0	0
D376.contig462	4388	20543	1434
D376.contig463	4369	0	0
D376.contig464	4360	0	0
D376.contig465	4359	28	5
D376.contig466	4349	0	0
D376.contig467	4336	0	0
D376.contig468	4335	418	16
D376.contig469	4333	0	0
D376.contig470	4333	1116	31
D376.contig471	4322	19	5
D376.contig472	4312	0	0
D376.contig473	4281	364	16
D376.contig474	4280	0	0
D376.contig475	4253	0	0
D376.contig476	4249	22321	1058
D376.contig477	4242	7	1
D376.contig478	4239	0	0
D376.contig479	4234	0	0
D376.contig480	4221	0	0
D376.contig481	4218	0	0
D376.contig482	4209	1148	74
D376.contig483	4203	0	0
D376.contig484	4193	0	0
D376.contig485	4179	10	10
D376.contig486	4178	0	0
D376.contig487	4172	0	0
D376.contig488	4166	0	0
D376.contig489	4145	199	7
D376.contig490	4144	0	0
D376.contig491	4127	2214	1134
D376.contig492	4104	532	38
D376.contig493	4092	0	0
D376.contig494	4075	0	0
D376.contig495	4046	1266	287
D376.contig496	4039	575	37
D376.contig497	4038	0	0
D376.contig498	4028	1118	60
D376.contig499	4024	0	0
D376.contig500	3993	0	0
D376.contig501	3982	0	0
D376.contig502	3978	57	3
D376.contig503	3974	0	0
D376.contig504	3973	0	0
D376.contig505	3957	0	0
D376.contig506	3954	591	22
D376.contig507	3947	0	0
D376.contig508	3929	0	0
D376.contig509	3923	275	44
D376.contig510	3906	1	1
D376.contig511	3900	0	0
D376.contig512	3894	0	0
D376.contig513	3892	0	0
D376.contig514	3884	0	0
D376.contig515	3879	90	8
D376.contig516	3876	0	0
D376.contig517	3870	0	0
D376.contig518	3862	11	7
D376.contig519	3852	138	4
D376.contig520	3845	743	54
D376.contig521	3832	11	3
D376.contig522	3819	52	28
D376.contig523	3816	0	0
D376.contig524	3815	103	11
D376.contig525	3804	0	0
D376.contig526	3793	0	0
D376.contig527	3787	0	0
D376.contig528	3781	0	0
D376.contig529	3780	2	0
D376.contig530	3772	0	0
D376.contig531	3768	0	0
D376.contig532	3766	0	0
D376.contig533	3765	0	0
D376.contig534	3764	0	0
D376.contig535	3753	0	0
D376.contig536	3749	703	104
D376.contig537	3745	0	0
D376.contig538	3726	310	10
D376.contig539	3720	0	0
D376.contig540	3719	0	0
D376.contig541	3706	1135	50
D376.contig542	3705	8523	753
D376.contig543	3700	0	0
D376.contig544	3675	0	0
D376.contig545	3665	260	18
D376.contig546	3657	222	18
D376.contig547	3631	0	0
D376.contig548	3622	0	0
D376.contig549	3620	0	0
D376.contig550	3606	776	42
D376.contig551	3570	2755	80
D376.contig552	3568	0	0
D376.contig553	3562	0	0
D376.contig554	3555	46	6
D376.contig555	3548	0	0
D376.contig556	3544	0	0
D376.contig557	3544	0	0
D376.contig558	3539	0	0
D376.contig559	3528	0	0
D376.contig560	3526	0	0
D376.contig561	3518	53	35
D376.contig562	3517	0	0
D376.contig563	3506	0	0
D376.contig564	3503	21285	1662
D376.contig565	3483	63	5
D376.contig566	3467	0	0
D376.contig567	3465	0	0
D376.contig568	3458	0	0
D376.contig569	3442	539	31
D376.contig570	3439	0	0
D376.contig571	3427	0	0
D376.contig572	3425	0	0
D376.contig573	3419	0	0
D376.contig574	3396	523	45
D376.contig575	3372	202	29
D376.contig576	3372	0	0
D376.contig577	3365	0	0
D376.contig578	3349	0	0
D376.contig579	3342	0	0
D376.contig580	3339	0	0
D376.contig581	3336	0	0
D376.contig582	3332	0	0
D376.contig583	3328	345	16
D376.contig584	3327	0	0
D376.contig585	3299	0	0
D376.contig586	3298	0	0
D376.contig587	3283	0	0
D376.contig588	3272	0	0
D376.contig589	3256	0	0
D376.contig590	3256	85	9
D376.contig591	3251	0	0
D376.contig592	3222	0	0
D376.contig593	3220	0	0
D376.contig594	3217	0	0
D376.contig595	3215	0	0
D376.contig596	3214	9156	634
D376.contig597	3206	0	0
D376.contig598	3195	0	0
D376.contig599	3194	0	0
D376.contig600	3192	0	0
D376.contig601	3192	0	0
D376.contig602	3190	233	11
D376.contig603	3181	0	0
D376.contig604	3172	0	0
D376.contig605	3162	0	0
D376.contig606	3149	396	32
D376.contig607	3141	0	0
D376.contig608	3137	271	20
D376.contig609	3130	0	0
D376.contig610	3127	0	0
D376.contig611	3122	0	0
D376.contig612	3107	0	0
D376.contig613	3096	0	0
D376.contig614	3083	0	0
D376.contig615	3082	0	0
D376.contig616	3081	56	4
D376.contig617	3080	0	0
D376.contig618	3080	0	0
D376.contig619	3072	0	0
D376.contig620	3068	0	0
D376.contig621	3060	1051	47
D376.contig622	3054	0	0
D376.contig623	3050	0	0
D376.contig624	3048	0	0
D376.contig625	3034	0	0
D376.contig626	3033	210	14
D376.contig627	3024	292	44
D376.contig628	3020	0	0
D376.contig629	3020	0	0
D376.contig630	3018	9354	758
D376.contig631	3017	0	0
D376.contig632	3014	0	0
*	0	0	1952834
