D376.contig1	205686	0	0
D376.contig2	184745	28	14
D376.contig3	132850	39085	689
D376.contig4	124007	4	0
D376.contig5	108570	66011	1395
D376.contig6	101546	32108	623
D376.contig7	101545	60661	1063
D376.contig8	98564	40411	714
D376.contig9	98308	46054	802
D376.contig10	97512	24541	417
D376.contig11	95081	26649	459
D376.contig12	93909	0	0
D376.contig13	92248	36548	689
D376.contig14	91181	21887	356
D376.contig15	88324	90690	1669
D376.contig16	86465	34802	594
D376.contig17	83210	21832	425
D376.contig18	81493	0	0
D376.contig19	77740	44428	868
D376.contig20	73546	37046	773
D376.contig21	71225	0	0
D376.contig22	65504	0	0
D376.contig23	64127	14817	243
D376.contig24	60298	26184	462
D376.contig25	60285	13379	248
D376.contig26	59957	14062	242
D376.contig27	59509	21264	473
D376.contig28	57805	47302	1102
D376.contig29	56385	0	0
D376.contig30	55449	28415	539
D376.contig31	54029	9760	175
D376.contig32	53482	15142	266
D376.contig33	52815	18636	486
D376.contig34	52107	17573	288
D376.contig35	52065	0	0
D376.contig36	51859	0	0
D376.contig37	50304	11727	217
D376.contig38	50303	25146	475
D376.contig39	48995	18840	328
D376.contig40	47902	10729	201
D376.contig41	47751	10	4
D376.contig42	47740	8345	125
D376.contig43	46626	496	222
D376.contig44	45306	13424	1579
D376.contig45	44874	23651	411
D376.contig46	44468	12984	243
D376.contig47	43218	10724	226
D376.contig48	42708	508	137
D376.contig49	40724	11554	228
D376.contig50	40632	10638	215
D376.contig51	40224	2	0
D376.contig52	40013	297	61
D376.contig53	39338	26371	700
D376.contig54	38873	21790	588
D376.contig55	38422	0	0
D376.contig56	37480	80770	2141
D376.contig57	37013	7999	243
D376.contig58	36840	12543	200
D376.contig59	36364	22161	591
D376.contig60	34787	25	9
D376.contig61	34141	9101	161
D376.contig62	34128	0	0
D376.contig63	34117	19135	527
D376.contig64	34058	7457	130
D376.contig65	33857	6504	122
D376.contig66	33659	10778	221
D376.contig67	33402	0	0
D376.contig68	33136	31615	686
D376.contig69	32974	23126	478
D376.contig70	32434	8019	137
D376.contig71	32248	10599	216
D376.contig72	31895	19589	347
D376.contig73	31643	0	0
D376.contig74	31233	67177	1255
D376.contig75	31109	8402	179
D376.contig76	30569	6385	131
D376.contig77	29992	48	6
D376.contig78	29893	10312	248
D376.contig79	29268	0	0
D376.contig80	28758	6089	123
D376.contig81	28582	25998	1062
D376.contig82	27735	31536	652
D376.contig83	27722	4339	102
D376.contig84	27597	0	0
D376.contig85	26365	3761	67
D376.contig86	25412	4616	99
D376.contig87	25333	0	0
D376.contig88	25221	4493	97
D376.contig89	24868	10277	193
D376.contig90	24842	3204	59
D376.contig91	24439	1686	38
D376.contig92	24130	4096	76
D376.contig93	23931	0	0
D376.contig94	23929	11381	202
D376.contig95	23803	57144	1598
D376.contig96	23096	0	0
D376.contig97	22984	573	167
D376.contig98	22756	63	3
D376.contig99	22512	0	0
D376.contig100	22428	4095	76
D376.contig101	22362	3409	80
D376.contig102	22334	3839	70
D376.contig103	21526	3256	57
D376.contig104	21353	2	0
D376.contig105	21008	3998	87
D376.contig106	20830	28887	857
D376.contig107	20793	3493	67
D376.contig108	20785	0	0
D376.contig109	20284	7165	123
D376.contig110	20161	1386	38
D376.contig111	19560	2656	42
D376.contig112	19469	4113	77
D376.contig113	19327	7499	207
D376.contig114	18602	10028	980
D376.contig115	18415	7574	167
D376.contig116	18281	28	0
D376.contig117	18161	0	0
D376.contig118	17756	0	0
D376.contig119	17638	4002	102
D376.contig120	17591	10852	476
D376.contig121	17548	2325	48
D376.contig122	17445	0	0
D376.contig123	17286	2386	57
D376.contig124	17151	2796	40
D376.contig125	17149	6098	118
D376.contig126	17018	3234	68
D376.contig127	16819	28	2
D376.contig128	16781	3236	85
D376.contig129	16568	2289	47
D376.contig130	16561	0	0
D376.contig131	16246	0	0
D376.contig132	16109	2108	39
D376.contig133	15903	2923	56
D376.contig134	15897	3081	73
D376.contig135	15818	0	0
D376.contig136	15547	26838	501
D376.contig137	15378	106	0
D376.contig138	15320	1930	43
D376.contig139	15317	0	0
D376.contig140	15007	0	0
D376.contig141	14970	0	0
D376.contig142	14914	2290	62
D376.contig143	14905	0	0
D376.contig144	14894	0	0
D376.contig145	14889	1242	24
D376.contig146	14750	0	0
D376.contig147	14610	1	0
D376.contig148	14603	6888	148
D376.contig149	14598	38696	2557
D376.contig150	14594	0	0
D376.contig151	14591	358	16
D376.contig152	14449	0	0
D376.contig153	14253	5	1
D376.contig154	14164	0	0
D376.contig155	14069	0	0
D376.contig156	14017	47	5
D376.contig157	13946	0	0
D376.contig158	13813	0	0
D376.contig159	13802	19811	732
D376.contig160	13774	0	0
D376.contig161	13753	2111	30
D376.contig162	13723	0	0
D376.contig163	13549	1061	30
D376.contig164	13424	22530	555
D376.contig165	13206	1837	52
D376.contig166	12979	0	0
D376.contig167	12923	8099	178
D376.contig168	12850	11	1
D376.contig169	12788	1908	141
D376.contig170	12677	0	0
D376.contig171	12580	3483	79
D376.contig172	12547	12395	467
D376.contig173	12527	0	0
D376.contig174	12479	0	0
D376.contig175	12272	0	0
D376.contig176	12213	0	0
D376.contig177	12203	9527	1372
D376.contig178	12162	0	0
D376.contig179	12131	0	0
D376.contig180	12114	10682	295
D376.contig181	12087	1442	39
D376.contig182	12059	1974	46
D376.contig183	12047	0	0
D376.contig184	11993	0	0
D376.contig185	11970	1462	38
D376.contig186	11969	0	0
D376.contig187	11819	3530	57
D376.contig188	11724	0	0
D376.contig189	11660	2	0
D376.contig190	11621	2396	44
D376.contig191	11616	0	0
D376.contig192	11574	1068	16
D376.contig193	11539	2	0
D376.contig194	11479	0	0
D376.contig195	11384	1123	25
D376.contig196	11224	1567	49
D376.contig197	11190	14653	642
D376.contig198	11041	0	0
D376.contig199	11039	0	0
D376.contig200	11010	1211	24
D376.contig201	11002	2	0
D376.contig202	10987	1959	46
D376.contig203	10977	1450	32
D376.contig204	10924	1109	27
D376.contig205	10821	0	0
D376.contig206	10797	0	0
D376.contig207	10796	139	3
D376.contig208	10787	0	0
D376.contig209	10577	584	230
D376.contig210	10439	0	0
D376.contig211	10435	33109	581
D376.contig212	10328	3	3
D376.contig213	10254	0	0
D376.contig214	10239	596	20
D376.contig215	10186	20	4
D376.contig216	10171	1502	56
D376.contig217	10150	18	0
D376.contig218	10080	0	0
D376.contig219	10018	0	0
D376.contig220	9942	0	0
D376.contig221	9873	2543	131
D376.contig222	9849	2205	255
D376.contig223	9768	0	0
D376.contig224	9744	1932	70
D376.contig225	9683	0	0
D376.contig226	9649	0	0
D376.contig227	9626	0	0
D376.contig228	9525	1008	37
D376.contig229	9510	0	0
D376.contig230	9460	8420	382
D376.contig231	9368	833	29
D376.contig232	9363	12	0
D376.contig233	9362	11150	269
D376.contig234	9329	13157	541
D376.contig235	9309	1	1
D376.contig236	9226	0	0
D376.contig237	9221	0	0
D376.contig238	9167	2991	51
D376.contig239	9091	19457	565
D376.contig240	9077	0	0
D376.contig241	9072	24	4
D376.contig242	9046	1715	38
D376.contig243	9028	0	0
D376.contig244	9022	27	5
D376.contig245	9001	0	0
D376.contig246	8783	0	0
D376.contig247	8764	6	0
D376.contig248	8713	0	0
D376.contig249	8688	0	0
D376.contig250	8680	0	0
D376.contig251	8666	0	0
D376.contig252	8646	1985	43
D376.contig253	8614	0	0
D376.contig254	8610	0	0
D376.contig255	8472	0	0
D376.contig256	8360	0	0
D376.contig257	8316	0	0
D376.contig258	8238	0	0
D376.contig259	8222	5	1
D376.contig260	8169	0	0
D376.contig261	8139	0	0
D376.contig262	8137	0	0
D376.contig263	8137	2	2
D376.contig264	8123	0	0
D376.contig265	8097	0	0
D376.contig266	8090	2	0
D376.contig267	8043	536	10
D376.contig268	8040	0	0
D376.contig269	8037	0	0
D376.contig270	7980	3964	79
D376.contig271	7902	691	19
D376.contig272	7848	463	14
D376.contig273	7836	2	0
D376.contig274	7810	0	0
D376.contig275	7736	903	25
D376.contig276	7654	42	2
D376.contig277	7546	6	0
D376.contig278	7526	10	2
D376.contig279	7505	0	0
D376.contig280	7468	10	0
D376.contig281	7442	0	0
D376.contig282	7432	0	0
D376.contig283	7426	0	0
D376.contig284	7359	0	0
D376.contig285	7333	901	39
D376.contig286	7325	0	0
D376.contig287	7309	0	0
D376.contig288	7292	550	13
D376.contig289	7273	796	21
D376.contig290	7268	0	0
D376.contig291	7241	0	0
D376.contig292	7222	0	0
D376.contig293	7209	0	0
D376.contig294	7167	17735	742
D376.contig295	7151	0	0
D376.contig296	7111	0	0
D376.contig297	7090	0	0
D376.contig298	7053	0	0
D376.contig299	7048	0	0
D376.contig300	7033	25	10
D376.contig301	7027	1306	438
D376.contig302	7004	355	27
D376.contig303	6978	1597	82
D376.contig304	6970	0	0
D376.contig305	6927	0	0
D376.contig306	6917	0	0
D376.contig307	6906	3	1
D376.contig308	6902	0	0
D376.contig309	6894	0	0
D376.contig310	6880	0	0
D376.contig311	6879	2	0
D376.contig312	6835	0	0
D376.contig313	6831	0	0
D376.contig314	6808	1326	32
D376.contig315	6791	1	1
D376.contig316	6744	852	26
D376.contig317	6715	0	0
D376.contig318	6714	0	0
D376.contig319	6702	0	0
D376.contig320	6673	2797	188
D376.contig321	6639	303	16
D376.contig322	6635	0	0
D376.contig323	6623	0	0
D376.contig324	6590	0	0
D376.contig325	6563	1436	43
D376.contig326	6556	0	0
D376.contig327	6517	1059	54
D376.contig328	6462	0	0
D376.contig329	6429	0	0
D376.contig330	6381	0	0
D376.contig331	6380	6174	242
D376.contig332	6372	4	4
D376.contig333	6366	0	0
D376.contig334	6362	0	0
D376.contig335	6330	0	0
D376.contig336	6315	524	20
D376.contig337	6304	0	0
D376.contig338	6256	0	0
D376.contig339	6244	0	0
D376.contig340	6215	0	0
D376.contig341	6212	0	0
D376.contig342	6183	6	0
D376.contig343	6155	453	21
D376.contig344	6136	0	0
D376.contig345	6088	5617	226
D376.contig346	6084	0	0
D376.contig347	6074	0	0
D376.contig348	6069	727	53
D376.contig349	6060	0	0
D376.contig350	6051	0	0
D376.contig351	6026	2	0
D376.contig352	6017	1020	30
D376.contig353	6003	0	0
D376.contig354	5943	0	0
D376.contig355	5903	0	0
D376.contig356	5891	0	0
D376.contig357	5882	2	0
D376.contig358	5861	0	0
D376.contig359	5843	0	0
D376.contig360	5810	309	11
D376.contig361	5803	0	0
D376.contig362	5793	0	0
D376.contig363	5780	0	0
D376.contig364	5780	0	0
D376.contig365	5779	0	0
D376.contig366	5748	18	0
D376.contig367	5708	384	16
D376.contig368	5694	0	0
D376.contig369	5657	1749	97
D376.contig370	5656	445	17
D376.contig371	5645	1365	18
D376.contig372	5641	162	33
D376.contig373	5621	693	36
D376.contig374	5566	2	0
D376.contig375	5564	0	0
D376.contig376	5556	0	0
D376.contig377	5547	0	0
D376.contig378	5448	0	0
D376.contig379	5428	0	0
D376.contig380	5394	0	0
D376.contig381	5391	0	0
D376.contig382	5369	885	13
D376.contig383	5368	6920	263
D376.contig384	5362	248	9
D376.contig385	5350	59	5
D376.contig386	5342	0	0
D376.contig387	5307	0	0
D376.contig388	5301	0	0
D376.contig389	5292	0	0
D376.contig390	5276	0	0
D376.contig391	5257	0	0
D376.contig392	5248	0	0
D376.contig393	5219	354	13
D376.contig394	5205	0	0
D376.contig395	5204	0	0
D376.contig396	5203	815	39
D376.contig397	5190	14	0
D376.contig398	5175	15	3
D376.contig399	5152	208	8
D376.contig400	5134	0	0
D376.contig401	5082	677	23
D376.contig402	5067	0	0
D376.contig403	5061	0	0
D376.contig404	5054	0	0
D376.contig405	5054	339	25
D376.contig406	5044	530	17
D376.contig407	5038	769112	27863
D376.contig408	5035	496	14
D376.contig409	4980	0	0
D376.contig410	4974	38	3
D376.contig411	4959	0	0
D376.contig412	4956	0	0
D376.contig413	4954	3252	188
D376.contig414	4952	0	0
D376.contig415	4945	873	25
D376.contig416	4938	0	0
D376.contig417	4919	558	17
D376.contig418	4877	19897	698
D376.contig419	4868	1397	39
D376.contig420	4852	0	0
D376.contig421	4822	3	1
D376.contig422	4817	0	0
D376.contig423	4808	276	10
D376.contig424	4790	16878	1652
D376.contig425	4775	0	0
D376.contig426	4754	0	0
D376.contig427	4750	15212	1209
D376.contig428	4737	14	2
D376.contig429	4736	14745	839
D376.contig430	4717	0	0
D376.contig431	4714	0	0
D376.contig432	4705	209	9
D376.contig433	4666	282	13
D376.contig434	4641	184	18
D376.contig435	4639	0	0
D376.contig436	4636	0	0
D376.contig437	4634	0	0
D376.contig438	4615	0	0
D376.contig439	4611	450	31
D376.contig440	4606	6330	579
D376.contig441	4606	216	15
D376.contig442	4604	0	0
D376.contig443	4562	0	0
D376.contig444	4558	0	0
D376.contig445	4535	5806	470
D376.contig446	4530	0	0
D376.contig447	4522	0	0
D376.contig448	4522	507	27
D376.contig449	4518	0	0
D376.contig450	4515	0	0
D376.contig451	4504	0	0
D376.contig452	4493	0	0
D376.contig453	4490	519	89
D376.contig454	4489	520	21
D376.contig455	4485	0	0
D376.contig456	4475	607	25
D376.contig457	4474	0	0
D376.contig458	4437	0	0
D376.contig459	4430	145	39
D376.contig460	4401	0	0
D376.contig461	4398	0	0
D376.contig462	4388	14840	849
D376.contig463	4369	0	0
D376.contig464	4360	0	0
D376.contig465	4359	0	0
D376.contig466	4349	0	0
D376.contig467	4336	0	0
D376.contig468	4335	324	16
D376.contig469	4333	0	0
D376.contig470	4333	607	14
D376.contig471	4322	0	0
D376.contig472	4312	0	0
D376.contig473	4281	345	13
D376.contig474	4280	0	0
D376.contig475	4253	0	0
D376.contig476	4249	13265	556
D376.contig477	4242	0	0
D376.contig478	4239	0	0
D376.contig479	4234	0	0
D376.contig480	4221	0	0
D376.contig481	4218	0	0
D376.contig482	4209	321	16
D376.contig483	4203	12	0
D376.contig484	4193	0	0
D376.contig485	4179	0	0
D376.contig486	4178	0	0
D376.contig487	4172	0	0
D376.contig488	4166	0	0
D376.contig489	4145	450	13
D376.contig490	4144	0	0
D376.contig491	4127	0	0
D376.contig492	4104	421	23
D376.contig493	4092	0	0
D376.contig494	4075	0	0
D376.contig495	4046	532	22
D376.contig496	4039	387	14
D376.contig497	4038	0	0
D376.contig498	4028	297	11
D376.contig499	4024	0	0
D376.contig500	3993	0	0
D376.contig501	3982	0	0
D376.contig502	3978	135	5
D376.contig503	3974	0	0
D376.contig504	3973	0	0
D376.contig505	3957	0	0
D376.contig506	3954	314	20
D376.contig507	3947	10	0
D376.contig508	3929	0	0
D376.contig509	3923	177	11
D376.contig510	3906	0	0
D376.contig511	3900	0	0
D376.contig512	3894	0	0
D376.contig513	3892	0	0
D376.contig514	3884	0	0
D376.contig515	3879	268	13
D376.contig516	3876	0	0
D376.contig517	3870	0	0
D376.contig518	3862	0	0
D376.contig519	3852	432	20
D376.contig520	3845	409	25
D376.contig521	3832	4	0
D376.contig522	3819	0	0
D376.contig523	3816	1	1
D376.contig524	3815	0	0
D376.contig525	3804	0	0
D376.contig526	3793	0	0
D376.contig527	3787	0	0
D376.contig528	3781	0	0
D376.contig529	3780	0	0
D376.contig530	3772	1	1
D376.contig531	3768	0	0
D376.contig532	3766	0	0
D376.contig533	3765	0	0
D376.contig534	3764	0	0
D376.contig535	3753	0	0
D376.contig536	3749	317	31
D376.contig537	3745	0	0
D376.contig538	3726	406	12
D376.contig539	3720	0	0
D376.contig540	3719	0	0
D376.contig541	3706	17	7
D376.contig542	3705	4878	386
D376.contig543	3700	0	0
D376.contig544	3675	14	0
D376.contig545	3665	263	22
D376.contig546	3657	402	23
D376.contig547	3631	0	0
D376.contig548	3622	0	0
D376.contig549	3620	0	0
D376.contig550	3606	691	40
D376.contig551	3570	2842	69
D376.contig552	3568	0	0
D376.contig553	3562	2	0
D376.contig554	3555	279	11
D376.contig555	3548	0	0
D376.contig556	3544	0	0
D376.contig557	3544	7	1
D376.contig558	3539	0	0
D376.contig559	3528	0	0
D376.contig560	3526	0	0
D376.contig561	3518	0	0
D376.contig562	3517	0	0
D376.contig563	3506	0	0
D376.contig564	3503	14494	1116
D376.contig565	3483	405	45
D376.contig566	3467	0	0
D376.contig567	3465	0	0
D376.contig568	3458	0	0
D376.contig569	3442	221	9
D376.contig570	3439	0	0
D376.contig571	3427	0	0
D376.contig572	3425	0	0
D376.contig573	3419	0	0
D376.contig574	3396	332	18
D376.contig575	3372	182	12
D376.contig576	3372	0	0
D376.contig577	3365	0	0
D376.contig578	3349	0	0
D376.contig579	3342	0	0
D376.contig580	3339	0	0
D376.contig581	3336	0	0
D376.contig582	3332	8	0
D376.contig583	3328	514	13
D376.contig584	3327	8	3
D376.contig585	3299	0	0
D376.contig586	3298	8	4
D376.contig587	3283	0	0
D376.contig588	3272	0	0
D376.contig589	3256	0	0
D376.contig590	3256	339	27
D376.contig591	3251	0	0
D376.contig592	3222	0	0
D376.contig593	3220	0	0
D376.contig594	3217	0	0
D376.contig595	3215	0	0
D376.contig596	3214	6977	477
D376.contig597	3206	9	3
D376.contig598	3195	0	0
D376.contig599	3194	0	0
D376.contig600	3192	0	0
D376.contig601	3192	0	0
D376.contig602	3190	237	8
D376.contig603	3181	0	0
D376.contig604	3172	0	0
D376.contig605	3162	0	0
D376.contig606	3149	12	0
D376.contig607	3141	0	0
D376.contig608	3137	0	0
D376.contig609	3130	4	0
D376.contig610	3127	0	0
D376.contig611	3122	0	0
D376.contig612	3107	0	0
D376.contig613	3096	0	0
D376.contig614	3083	0	0
D376.contig615	3082	0	0
D376.contig616	3081	228	15
D376.contig617	3080	0	0
D376.contig618	3080	0	0
D376.contig619	3072	0	0
D376.contig620	3068	2	0
D376.contig621	3060	203	9
D376.contig622	3054	0	0
D376.contig623	3050	0	0
D376.contig624	3048	0	0
D376.contig625	3034	0	0
D376.contig626	3033	288	16
D376.contig627	3024	320	25
D376.contig628	3020	0	0
D376.contig629	3020	0	0
D376.contig630	3018	3801	254
D376.contig631	3017	4	2
D376.contig632	3014	0	0
*	0	0	8280196
