D389.contig1	59158	8	0
D389.contig2	45562	0	0
D389.contig3	43565	0	0
D389.contig4	42596	8	0
D389.contig5	42437	17009	369
D389.contig6	41062	0	0
D389.contig7	40715	0	0
D389.contig8	40686	0	0
D389.contig9	40494	120	68
D389.contig10	39201	0	0
D389.contig11	38305	0	0
D389.contig12	38211	0	0
D389.contig13	37757	36364	960
D389.contig14	37110	0	0
D389.contig15	36827	595	87
D389.contig16	36738	41	0
D389.contig17	36618	13278	329
D389.contig18	36419	31	7
D389.contig19	36044	0	0
D389.contig20	35832	42481	1387
D389.contig21	35661	47	2
D389.contig22	35627	1	0
D389.contig23	34579	31541	941
D389.contig24	34386	0	0
D389.contig25	33286	3	1
D389.contig26	33275	0	0
D389.contig27	33194	53645	1341
D389.contig28	32951	0	0
D389.contig29	32783	25595	567
D389.contig30	32254	3	3
D389.contig31	32038	17252	466
D389.contig32	31796	0	0
D389.contig33	31557	34989	702
D389.contig34	31371	0	0
D389.contig35	29779	0	0
D389.contig36	27884	15146	467
D389.contig37	27737	55071	2619
D389.contig38	27401	2264	985
D389.contig39	27261	35	23
D389.contig40	26912	18494	446
D389.contig41	26800	0	0
D389.contig42	26670	0	0
D389.contig43	26507	33474	870
D389.contig44	26502	30974	678
D389.contig45	26258	77183	1827
D389.contig46	26213	0	0
D389.contig47	26196	0	0
D389.contig48	26134	12950	297
D389.contig49	26083	21822	677
D389.contig50	25987	2575	64
D389.contig51	25765	20946	611
D389.contig52	25470	14546	428
D389.contig53	25400	28272	524
D389.contig54	24483	0	0
D389.contig55	24452	5252	164
D389.contig56	24319	38892	763
D389.contig57	24240	4869	117
D389.contig58	24082	0	0
D389.contig59	24019	278102	11597
D389.contig60	23803	67409	2524
D389.contig61	23761	39122	796
D389.contig62	23584	142580	4309
D389.contig63	23349	0	0
D389.contig64	23323	6432	146
D389.contig65	23098	0	0
D389.contig66	22843	21942	658
D389.contig67	22810	0	0
D389.contig68	22684	10743	619
D389.contig69	22621	15105	527
D389.contig70	22353	1	1
D389.contig71	22261	630	36
D389.contig72	21856	9994	267
D389.contig73	21836	0	0
D389.contig74	21644	0	0
D389.contig75	21557	82410	2493
D389.contig76	21051	142	58
D389.contig77	21034	0	0
D389.contig78	20877	87482	2317
D389.contig79	20697	71573	1148
D389.contig80	20689	8098	185
D389.contig81	20618	0	0
D389.contig82	20447	5	0
D389.contig83	20429	960	38
D389.contig84	19841	0	0
D389.contig85	19755	13823	328
D389.contig86	19732	0	0
D389.contig87	19631	10571	261
D389.contig88	19584	0	0
D389.contig89	19408	0	0
D389.contig90	19403	2	0
D389.contig91	19395	0	0
D389.contig92	19336	0	0
D389.contig93	19295	12664	554
D389.contig94	19250	3551	228
D389.contig95	19116	18713	442
D389.contig96	18912	4588	96
D389.contig97	18512	19179	467
D389.contig98	18390	27	9
D389.contig99	18282	2	2
D389.contig100	18172	14318	394
D389.contig101	18152	0	0
D389.contig102	18024	5735	174
D389.contig103	17924	0	0
D389.contig104	17719	24314	615
D389.contig105	17628	15676	336
D389.contig106	17525	14735	1209
D389.contig107	17438	27723	6333
D389.contig108	17009	19908	476
D389.contig109	16974	26445	784
D389.contig110	16966	2621	79
D389.contig111	16965	7271	181
D389.contig112	16955	12043	324
D389.contig113	16853	6426	229
D389.contig114	16846	23057	699
D389.contig115	16805	0	0
D389.contig116	16769	5298	162
D389.contig117	16622	8868	195
D389.contig118	16569	0	0
D389.contig119	16400	16625	439
D389.contig120	16350	8654	175
D389.contig121	16338	0	0
D389.contig122	16317	0	0
D389.contig123	16245	7641	2928
D389.contig124	16155	0	0
D389.contig125	15888	14642	1642
D389.contig126	15855	0	0
D389.contig127	15848	4	0
D389.contig128	15832	0	0
D389.contig129	15798	0	0
D389.contig130	15705	0	0
D389.contig131	15606	0	0
D389.contig132	15447	67104	6238
D389.contig133	15254	17345	1002
D389.contig134	15184	0	0
D389.contig135	15118	9644	194
D389.contig136	15081	8592	427
D389.contig137	15058	4	2
D389.contig138	14943	0	0
D389.contig139	14816	8	1
D389.contig140	14804	14636	337
D389.contig141	14794	6693	252
D389.contig142	14637	0	0
D389.contig143	14598	60356	3793
D389.contig144	14455	0	0
D389.contig145	14439	0	0
D389.contig146	14411	3639	117
D389.contig147	14371	0	0
D389.contig148	14366	0	0
D389.contig149	14337	12979	455
D389.contig150	14263	5751	168
D389.contig151	14248	12	2
D389.contig152	14246	0	0
D389.contig153	14222	0	0
D389.contig154	14189	6635	192
D389.contig155	14161	33	5
D389.contig156	14084	0	0
D389.contig157	14026	0	0
D389.contig158	14022	0	0
D389.contig159	13929	7947	269
D389.contig160	13821	0	0
D389.contig161	13755	0	0
D389.contig162	13679	0	0
D389.contig163	13516	0	0
D389.contig164	13504	0	0
D389.contig165	13464	14785	295
D389.contig166	13438	23057	394
D389.contig167	13369	0	0
D389.contig168	13367	8590	234
D389.contig169	13287	33341	913
D389.contig170	13258	0	0
D389.contig171	13243	0	0
D389.contig172	13210	0	0
D389.contig173	13123	19666	612
D389.contig174	13100	0	0
D389.contig175	12945	0	0
D389.contig176	12907	19553	808
D389.contig177	12876	5313	95
D389.contig178	12863	13470	426
D389.contig179	12795	5298	129
D389.contig180	12642	0	0
D389.contig181	12595	31	17
D389.contig182	12572	1099	65
D389.contig183	12507	13539	687
D389.contig184	12439	0	0
D389.contig185	12389	0	0
D389.contig186	12320	14450	615
D389.contig187	12307	0	0
D389.contig188	12266	0	0
D389.contig189	12263	3069	65
D389.contig190	12231	0	0
D389.contig191	12172	0	0
D389.contig192	12128	0	0
D389.contig193	12123	20211	720
D389.contig194	12094	2209	59
D389.contig195	12076	0	0
D389.contig196	12004	10864	428
D389.contig197	11963	0	0
D389.contig198	11961	3423	158
D389.contig199	11934	0	0
D389.contig200	11855	5346	144
D389.contig201	11851	7289	146
D389.contig202	11746	70	36
D389.contig203	11710	0	0
D389.contig204	11566	0	0
D389.contig205	11515	0	0
D389.contig206	11455	0	0
D389.contig207	11354	10808	325
D389.contig208	11302	0	0
D389.contig209	11216	0	0
D389.contig210	11193	8871	363
D389.contig211	11130	0	0
D389.contig212	11077	0	0
D389.contig213	11045	5319	174
D389.contig214	11014	6177	251
D389.contig215	10905	5188	237
D389.contig216	10897	0	0
D389.contig217	10684	0	0
D389.contig218	10682	749	27
D389.contig219	10648	0	0
D389.contig220	10603	0	0
D389.contig221	10601	2065	85
D389.contig222	10410	22616	1290
D389.contig223	10256	4512	186
D389.contig224	10197	0	0
D389.contig225	10192	0	0
D389.contig226	10153	4	0
D389.contig227	10104	0	0
D389.contig228	10094	15586	1011
D389.contig229	10048	0	0
D389.contig230	10047	3342	94
D389.contig231	10011	12987	787
D389.contig232	9980	7896	207
D389.contig233	9977	0	0
D389.contig234	9842	4952	107
D389.contig235	9808	50	0
D389.contig236	9764	1043	45
D389.contig237	9718	30761	977
D389.contig238	9688	3619	274
D389.contig239	9666	6	0
D389.contig240	9649	0	0
D389.contig241	9630	0	0
D389.contig242	9604	4824	172
D389.contig243	9602	4783	349
D389.contig244	9573	6770	243
D389.contig245	9554	17467	412
D389.contig246	9554	77	17
D389.contig247	9535	0	0
D389.contig248	9435	0	0
D389.contig249	9410	0	0
D389.contig250	9369	0	0
D389.contig251	9365	0	0
D389.contig252	9363	8419	375
D389.contig253	9355	5759	404
D389.contig254	9342	0	0
D389.contig255	9337	3356	146
D389.contig256	9329	28893	1060
D389.contig257	9304	8009	271
D389.contig258	9275	3271	106
D389.contig259	9266	1622	107
D389.contig260	9246	0	0
D389.contig261	9224	507	69
D389.contig262	9221	36388	1907
D389.contig263	9201	32	2
D389.contig264	9145	6739	219
D389.contig265	9145	5191	188
D389.contig266	9136	0	0
D389.contig267	9099	5701	502
D389.contig268	9095	0	0
D389.contig269	9062	9348	238
D389.contig270	9033	4802	181
D389.contig271	8997	1	1
D389.contig272	8970	0	0
D389.contig273	8961	3174	132
D389.contig274	8875	0	0
D389.contig275	8846	1798	65
D389.contig276	8806	0	0
D389.contig277	8799	1453	125
D389.contig278	8788	0	0
D389.contig279	8738	0	0
D389.contig280	8735	3758	114
D389.contig281	8728	5	1
D389.contig282	8728	0	0
D389.contig283	8721	0	0
D389.contig284	8661	0	0
D389.contig285	8636	4469	223
D389.contig286	8581	0	0
D389.contig287	8568	0	0
D389.contig288	8527	40455	1095
D389.contig289	8526	0	0
D389.contig290	8507	0	0
D389.contig291	8419	0	0
D389.contig292	8390	231	29
D389.contig293	8356	0	0
D389.contig294	8318	0	0
D389.contig295	8303	0	0
D389.contig296	8278	0	0
D389.contig297	8268	3	0
D389.contig298	8257	2919	91
D389.contig299	8247	0	0
D389.contig300	8233	0	0
D389.contig301	8199	0	0
D389.contig302	8197	4162	234
D389.contig303	8186	36420	2509
D389.contig304	8181	4851	209
D389.contig305	8130	0	0
D389.contig306	8128	62	2
D389.contig307	8101	0	0
D389.contig308	8072	7579	304
D389.contig309	8007	4324	205
D389.contig310	7996	45046	1901
D389.contig311	7990	10	0
D389.contig312	7949	1672	54
D389.contig313	7944	0	0
D389.contig314	7934	2615	159
D389.contig315	7890	2	0
D389.contig316	7869	3682	143
D389.contig317	7860	1365	61
D389.contig318	7825	0	0
D389.contig319	7821	0	0
D389.contig320	7808	8544	669
D389.contig321	7801	0	0
D389.contig322	7779	835	27
D389.contig323	7775	0	0
D389.contig324	7734	0	0
D389.contig325	7688	0	0
D389.contig326	7685	28429	1455
D389.contig327	7667	8116	314
D389.contig328	7658	0	0
D389.contig329	7636	9654	560
D389.contig330	7631	0	0
D389.contig331	7615	0	0
D389.contig332	7555	2120	81
D389.contig333	7527	1029	70
D389.contig334	7478	0	0
D389.contig335	7469	4479	227
D389.contig336	7409	0	0
D389.contig337	7409	3416	146
D389.contig338	7364	17999	820
D389.contig339	7325	0	0
D389.contig340	7288	0	0
D389.contig341	7284	0	0
D389.contig342	7281	3188	72
D389.contig343	7271	15479	625
D389.contig344	7261	0	0
D389.contig345	7259	245	108
D389.contig346	7190	0	0
D389.contig347	7178	0	0
D389.contig348	7151	1	1
D389.contig349	7150	1972	85
D389.contig350	7095	0	0
D389.contig351	7089	0	0
D389.contig352	7080	3462	96
D389.contig353	7043	6006	346
D389.contig354	7007	1	1
D389.contig355	6993	0	0
D389.contig356	6973	2062	105
D389.contig357	6902	0	0
D389.contig358	6892	2341	95
D389.contig359	6890	0	0
D389.contig360	6788	3036	140
D389.contig361	6749	2998	171
D389.contig362	6696	0	0
D389.contig363	6690	0	0
D389.contig364	6646	11	1
D389.contig365	6638	0	0
D389.contig366	6634	59	39
D389.contig367	6630	0	0
D389.contig368	6621	3734	81
D389.contig369	6616	0	0
D389.contig370	6608	0	0
D389.contig371	6600	2772	141
D389.contig372	6589	0	0
D389.contig373	6583	0	0
D389.contig374	6580	8133	225
D389.contig375	6576	902	32
D389.contig376	6548	0	0
D389.contig377	6530	0	0
D389.contig378	6520	674	20
D389.contig379	6509	1182	64
D389.contig380	6496	0	0
D389.contig381	6494	0	0
D389.contig382	6471	0	0
D389.contig383	6465	0	0
D389.contig384	6449	26	2
D389.contig385	6419	642	28
D389.contig386	6415	0	0
D389.contig387	6372	463	25
D389.contig388	6361	0	0
D389.contig389	6360	4802	238
D389.contig390	6354	0	0
D389.contig391	6334	0	0
D389.contig392	6334	0	0
D389.contig393	6322	2919	159
D389.contig394	6318	0	0
D389.contig395	6318	0	0
D389.contig396	6317	10599	451
D389.contig397	6304	3302	172
D389.contig398	6302	0	0
D389.contig399	6275	3029	125
D389.contig400	6259	0	0
D389.contig401	6242	0	0
D389.contig402	6202	0	0
D389.contig403	6197	0	0
D389.contig404	6171	0	0
D389.contig405	6125	0	0
D389.contig406	6067	0	0
D389.contig407	6063	0	0
D389.contig408	6046	4427	227
D389.contig409	6044	0	0
D389.contig410	6043	0	0
D389.contig411	6038	0	0
D389.contig412	6034	0	0
D389.contig413	6011	0	0
D389.contig414	6009	0	0
D389.contig415	6000	0	0
D389.contig416	5992	0	0
D389.contig417	5961	3083	74
D389.contig418	5945	10791	496
D389.contig419	5933	6179	304
D389.contig420	5933	1792	157
D389.contig421	5922	0	0
D389.contig422	5889	11203	872
D389.contig423	5887	10	2
D389.contig424	5884	410	20
D389.contig425	5868	0	0
D389.contig426	5858	0	0
D389.contig427	5858	249	167
D389.contig428	5847	0	0
D389.contig429	5843	0	0
D389.contig430	5840	0	0
D389.contig431	5831	13	0
D389.contig432	5819	658	29
D389.contig433	5797	2376	109
D389.contig434	5795	305	12
D389.contig435	5792	0	0
D389.contig436	5763	0	0
D389.contig437	5756	0	0
D389.contig438	5750	0	0
D389.contig439	5746	0	0
D389.contig440	5730	0	0
D389.contig441	5711	643	50
D389.contig442	5697	0	0
D389.contig443	5696	9	1
D389.contig444	5689	0	0
D389.contig445	5655	0	0
D389.contig446	5652	0	0
D389.contig447	5644	2322	61
D389.contig448	5638	0	0
D389.contig449	5636	0	0
D389.contig450	5625	6	0
D389.contig451	5617	0	0
D389.contig452	5602	0	0
D389.contig453	5597	0	0
D389.contig454	5585	0	0
D389.contig455	5585	0	0
D389.contig456	5574	62	5
D389.contig457	5568	1330	76
D389.contig458	5567	0	0
D389.contig459	5564	1	1
D389.contig460	5559	2417	102
D389.contig461	5529	30953	6283
D389.contig462	5504	0	0
D389.contig463	5489	0	0
D389.contig464	5457	939	47
D389.contig465	5447	0	0
D389.contig466	5440	3173	157
D389.contig467	5414	4510	188
D389.contig468	5398	0	0
D389.contig469	5329	0	0
D389.contig470	5318	1210	63
D389.contig471	5288	13263	1371
D389.contig472	5256	17983	712
D389.contig473	5239	0	0
D389.contig474	5228	1340	122
D389.contig475	5208	0	0
D389.contig476	5207	0	0
D389.contig477	5203	0	0
D389.contig478	5196	0	0
D389.contig479	5164	0	0
D389.contig480	5161	1876	42
D389.contig481	5159	0	0
D389.contig482	5157	0	0
D389.contig483	5142	1368	103
D389.contig484	5135	0	0
D389.contig485	5134	0	0
D389.contig486	5118	4235	58
D389.contig487	5112	166	17
D389.contig488	5107	0	0
D389.contig489	5092	2749	119
D389.contig490	5056	0	0
D389.contig491	5038	1990236	111516
D389.contig492	5026	0	0
D389.contig493	5009	0	0
D389.contig494	4965	2135	181
D389.contig495	4960	129	55
D389.contig496	4954	0	0
D389.contig497	4951	0	0
D389.contig498	4951	5252	86
D389.contig499	4894	1473	715
D389.contig500	4879	0	0
D389.contig501	4865	1411	63
D389.contig502	4865	1372	50
D389.contig503	4855	0	0
D389.contig504	4853	2143	174
D389.contig505	4825	0	0
D389.contig506	4820	0	0
D389.contig507	4809	0	0
D389.contig508	4802	14583	546
D389.contig509	4791	38365	4552
D389.contig510	4786	0	0
D389.contig511	4784	0	0
D389.contig512	4777	1357	67
D389.contig513	4774	0	0
D389.contig514	4762	2243	140
D389.contig515	4757	1876	138
D389.contig516	4755	3212	126
D389.contig517	4736	26003	1627
D389.contig518	4733	0	0
D389.contig519	4696	0	0
D389.contig520	4689	1035	73
D389.contig521	4685	0	0
D389.contig522	4679	0	0
D389.contig523	4673	0	0
D389.contig524	4648	1605	29
D389.contig525	4645	0	0
D389.contig526	4628	4415	211
D389.contig527	4610	0	0
D389.contig528	4600	0	0
D389.contig529	4597	0	0
D389.contig530	4585	14567	880
D389.contig531	4578	0	0
D389.contig532	4565	675	56
D389.contig533	4555	2	0
D389.contig534	4551	0	0
D389.contig535	4547	42	2
D389.contig536	4520	0	0
D389.contig537	4513	0	0
D389.contig538	4510	5901	277
D389.contig539	4498	710	306
D389.contig540	4472	0	0
D389.contig541	4471	0	0
D389.contig542	4466	0	0
D389.contig543	4455	0	0
D389.contig544	4451	885	64
D389.contig545	4434	853	42
D389.contig546	4426	555	67
D389.contig547	4423	0	0
D389.contig548	4417	1384	74
D389.contig549	4413	4	0
D389.contig550	4396	790	30
D389.contig551	4392	740	46
D389.contig552	4387	0	0
D389.contig553	4383	1774	80
D389.contig554	4379	18	2
D389.contig555	4373	0	0
D389.contig556	4370	0	0
D389.contig557	4363	0	0
D389.contig558	4355	2	2
D389.contig559	4352	0	0
D389.contig560	4343	0	0
D389.contig561	4333	0	0
D389.contig562	4307	0	0
D389.contig563	4306	0	0
D389.contig564	4300	142	72
D389.contig565	4299	0	0
D389.contig566	4299	1812	150
D389.contig567	4281	0	0
D389.contig568	4274	0	0
D389.contig569	4263	0	0
D389.contig570	4261	0	0
D389.contig571	4260	2632	118
D389.contig572	4256	0	0
D389.contig573	4252	0	0
D389.contig574	4236	4385	182
D389.contig575	4234	0	0
D389.contig576	4232	0	0
D389.contig577	4225	3544	227
D389.contig578	4220	66	16
D389.contig579	4209	550	30
D389.contig580	4204	0	0
D389.contig581	4184	976	25
D389.contig582	4176	0	0
D389.contig583	4171	28	4
D389.contig584	4168	398	44
D389.contig585	4159	2043	95
D389.contig586	4158	0	0
D389.contig587	4157	0	0
D389.contig588	4147	0	0
D389.contig589	4138	0	0
D389.contig590	4129	610	72
D389.contig591	4122	1493	65
D389.contig592	4120	3714	310
D389.contig593	4118	0	0
D389.contig594	4118	0	0
D389.contig595	4103	0	0
D389.contig596	4101	0	0
D389.contig597	4097	0	0
D389.contig598	4085	8	0
D389.contig599	4084	0	0
D389.contig600	4076	0	0
D389.contig601	4068	0	0
D389.contig602	4050	0	0
D389.contig603	4046	0	0
D389.contig604	4040	0	0
D389.contig605	4036	0	0
D389.contig606	4033	220	32
D389.contig607	4022	0	0
D389.contig608	4007	848	86
D389.contig609	4003	2465	62
D389.contig610	4001	0	0
D389.contig611	3991	0	0
D389.contig612	3991	0	0
D389.contig613	3979	0	0
D389.contig614	3977	0	0
D389.contig615	3970	0	0
D389.contig616	3957	682	64
D389.contig617	3957	0	0
D389.contig618	3948	33915	1069
D389.contig619	3921	0	0
D389.contig620	3919	2	0
D389.contig621	3911	0	0
D389.contig622	3906	0	0
D389.contig623	3886	965	47
D389.contig624	3878	0	0
D389.contig625	3848	0	0
D389.contig626	3845	2413	61
D389.contig627	3844	980	78
D389.contig628	3832	0	0
D389.contig629	3829	2212	152
D389.contig630	3827	0	0
D389.contig631	3824	1	1
D389.contig632	3824	310	165
D389.contig633	3822	0	0
D389.contig634	3821	0	0
D389.contig635	3803	694	67
D389.contig636	3799	728	58
D389.contig637	3795	162	14
D389.contig638	3784	0	0
D389.contig639	3771	1429	47
D389.contig640	3755	0	0
D389.contig641	3750	0	0
D389.contig642	3747	1562	76
D389.contig643	3741	5292	163
D389.contig644	3741	491	29
D389.contig645	3724	0	0
D389.contig646	3719	0	0
D389.contig647	3716	0	0
D389.contig648	3716	0	0
D389.contig649	3705	8689	921
D389.contig650	3682	0	0
D389.contig651	3678	2733	54
D389.contig652	3666	15	9
D389.contig653	3660	491	39
D389.contig654	3657	16	12
D389.contig655	3654	375	25
D389.contig656	3653	1758	101
D389.contig657	3646	0	0
D389.contig658	3622	0	0
D389.contig659	3620	0	0
D389.contig660	3612	1399	73
D389.contig661	3603	13	9
D389.contig662	3594	0	0
D389.contig663	3583	0	0
D389.contig664	3578	2353	193
D389.contig665	3569	573	14
D389.contig666	3564	0	0
D389.contig667	3557	10739	751
D389.contig668	3538	0	0
D389.contig669	3537	0	0
D389.contig670	3536	2965	289
D389.contig671	3525	21100	1627
D389.contig672	3514	5325	244
D389.contig673	3511	1509	45
D389.contig674	3504	0	0
D389.contig675	3493	0	0
D389.contig676	3492	0	0
D389.contig677	3488	0	0
D389.contig678	3464	0	0
D389.contig679	3444	2708	104
D389.contig680	3438	2028	122
D389.contig681	3438	993	24
D389.contig682	3434	1266	36
D389.contig683	3427	0	0
D389.contig684	3425	2650	238
D389.contig685	3424	0	0
D389.contig686	3423	0	0
D389.contig687	3417	1338	92
D389.contig688	3417	1113	34
D389.contig689	3416	1135	105
D389.contig690	3412	9689	655
D389.contig691	3412	0	0
D389.contig692	3409	954	65
D389.contig693	3398	706	49
D389.contig694	3396	0	0
D389.contig695	3392	0	0
D389.contig696	3386	15586	1464
D389.contig697	3377	0	0
D389.contig698	3376	0	0
D389.contig699	3374	718	69
D389.contig700	3372	0	0
D389.contig701	3371	0	0
D389.contig702	3367	1335	163
D389.contig703	3362	1619	41
D389.contig704	3362	0	0
D389.contig705	3347	0	0
D389.contig706	3342	0	0
D389.contig707	3338	2044	196
D389.contig708	3319	403	22
D389.contig709	3314	0	0
D389.contig710	3309	0	0
D389.contig711	3309	0	0
D389.contig712	3301	0	0
D389.contig713	3291	0	0
D389.contig714	3282	2672	169
D389.contig715	3280	344	23
D389.contig716	3275	387	50
D389.contig717	3268	0	0
D389.contig718	3266	506	50
D389.contig719	3260	0	0
D389.contig720	3257	614	35
D389.contig721	3256	289	21
D389.contig722	3255	0	0
D389.contig723	3254	105	80
D389.contig724	3252	0	0
D389.contig725	3250	0	0
D389.contig726	3245	1684	89
D389.contig727	3245	8632	1682
D389.contig728	3236	0	0
D389.contig729	3230	590	23
D389.contig730	3227	929	43
D389.contig731	3225	0	0
D389.contig732	3220	0	0
D389.contig733	3218	0	0
D389.contig734	3218	961	58
D389.contig735	3217	619	27
D389.contig736	3208	3	0
D389.contig737	3199	1530	90
D389.contig738	3198	962	59
D389.contig739	3193	0	0
D389.contig740	3192	595	43
D389.contig741	3191	0	0
D389.contig742	3187	1297	54
D389.contig743	3182	0	0
D389.contig744	3179	1	0
D389.contig745	3176	0	0
D389.contig746	3174	0	0
D389.contig747	3162	12827	349
D389.contig748	3156	0	0
D389.contig749	3154	5124	1456
D389.contig750	3147	0	0
D389.contig751	3140	2089	125
D389.contig752	3138	137	5
D389.contig753	3126	0	0
D389.contig754	3125	0	0
D389.contig755	3124	0	0
D389.contig756	3123	0	0
D389.contig757	3122	267	25
D389.contig758	3121	0	0
D389.contig759	3121	0	0
D389.contig760	3118	0	0
D389.contig761	3106	0	0
D389.contig762	3104	0	0
D389.contig763	3098	1079	81
D389.contig764	3098	0	0
D389.contig765	3096	16443	647
D389.contig766	3094	1129	95
D389.contig767	3094	0	0
D389.contig768	3083	0	0
D389.contig769	3073	4112	362
D389.contig770	3068	504	29
D389.contig771	3067	0	0
D389.contig772	3059	0	0
D389.contig773	3054	1	1
D389.contig774	3046	0	0
D389.contig775	3043	0	0
D389.contig776	3033	4724	159
D389.contig777	3033	0	0
D389.contig778	3032	0	0
D389.contig779	3030	0	0
D389.contig780	3025	0	0
D389.contig781	3022	0	0
D389.contig782	3020	339	22
D389.contig783	3019	1205	23
D389.contig784	3010	0	0
D389.contig785	3009	1185	109
D389.contig786	3009	0	0
*	0	0	2544656
