D389.contig1	59158	0	0
D389.contig2	45562	0	0
D389.contig3	43565	0	0
D389.contig4	42596	0	0
D389.contig5	42437	712	18
D389.contig6	41062	0	0
D389.contig7	40715	0	0
D389.contig8	40686	2	0
D389.contig9	40494	0	0
D389.contig10	39201	0	0
D389.contig11	38305	0	0
D389.contig12	38211	0	0
D389.contig13	37757	3149	82
D389.contig14	37110	0	0
D389.contig15	36827	188	90
D389.contig16	36738	1	1
D389.contig17	36618	1837	46
D389.contig18	36419	8	1
D389.contig19	36044	0	0
D389.contig20	35832	9078	251
D389.contig21	35661	94018	10776
D389.contig22	35627	24	7
D389.contig23	34579	2107	53
D389.contig24	34386	0	0
D389.contig25	33286	227	117
D389.contig26	33275	0	0
D389.contig27	33194	5286	135
D389.contig28	32951	0	0
D389.contig29	32783	1681	35
D389.contig30	32254	10	4
D389.contig31	32038	933	27
D389.contig32	31796	0	0
D389.contig33	31557	2422	52
D389.contig34	31371	0	0
D389.contig35	29779	0	0
D389.contig36	27884	976	36
D389.contig37	27737	10701	351
D389.contig38	27401	0	0
D389.contig39	27261	0	0
D389.contig40	26912	984	18
D389.contig41	26800	0	0
D389.contig42	26670	596	30
D389.contig43	26507	3292	76
D389.contig44	26502	1819	48
D389.contig45	26258	5710	117
D389.contig46	26213	0	0
D389.contig47	26196	0	0
D389.contig48	26134	604	20
D389.contig49	26083	1847	51
D389.contig50	25987	371	13
D389.contig51	25765	2392	62
D389.contig52	25470	1728	39
D389.contig53	25400	1337	18
D389.contig54	24483	0	0
D389.contig55	24452	480	18
D389.contig56	24319	3090	75
D389.contig57	24240	16	0
D389.contig58	24082	0	0
D389.contig59	24019	2858	77
D389.contig60	23803	7240	233
D389.contig61	23761	1505	39
D389.contig62	23584	11355	286
D389.contig63	23349	0	0
D389.contig64	23323	660	17
D389.contig65	23098	0	0
D389.contig66	22843	1540	64
D389.contig67	22810	0	0
D389.contig68	22684	2052	79
D389.contig69	22621	1350	28
D389.contig70	22353	0	0
D389.contig71	22261	0	0
D389.contig72	21856	831	19
D389.contig73	21836	0	0
D389.contig74	21644	0	0
D389.contig75	21557	11190	267
D389.contig76	21051	1	1
D389.contig77	21034	0	0
D389.contig78	20877	2866	74
D389.contig79	20697	8	0
D389.contig80	20689	582	15
D389.contig81	20618	0	0
D389.contig82	20447	349873	25849
D389.contig83	20429	329	3
D389.contig84	19841	17	9
D389.contig85	19755	1912	43
D389.contig86	19732	0	0
D389.contig87	19631	1435	51
D389.contig88	19584	0	0
D389.contig89	19408	0	0
D389.contig90	19403	0	0
D389.contig91	19395	0	0
D389.contig92	19336	0	0
D389.contig93	19295	527	28
D389.contig94	19250	462	21
D389.contig95	19116	639	29
D389.contig96	18912	452	9
D389.contig97	18512	2043	141
D389.contig98	18390	0	0
D389.contig99	18282	0	0
D389.contig100	18172	1113	32
D389.contig101	18152	0	0
D389.contig102	18024	661	24
D389.contig103	17924	1	1
D389.contig104	17719	1189	31
D389.contig105	17628	1294	25
D389.contig106	17525	4342	601
D389.contig107	17438	0	0
D389.contig108	17009	2198	39
D389.contig109	16974	2922	81
D389.contig110	16966	363	4
D389.contig111	16965	811	17
D389.contig112	16955	334	16
D389.contig113	16853	778	21
D389.contig114	16846	2021	103
D389.contig115	16805	0	0
D389.contig116	16769	418	18
D389.contig117	16622	688	21
D389.contig118	16569	0	0
D389.contig119	16400	1706	40
D389.contig120	16350	462	11
D389.contig121	16338	0	0
D389.contig122	16317	0	0
D389.contig123	16245	3	1
D389.contig124	16155	0	0
D389.contig125	15888	2161	204
D389.contig126	15855	0	0
D389.contig127	15848	27	11
D389.contig128	15832	1098	432
D389.contig129	15798	0	0
D389.contig130	15705	0	0
D389.contig131	15606	45	15
D389.contig132	15447	5959	292
D389.contig133	15254	2258	137
D389.contig134	15184	0	0
D389.contig135	15118	522	14
D389.contig136	15081	590	20
D389.contig137	15058	0	0
D389.contig138	14943	0	0
D389.contig139	14816	0	0
D389.contig140	14804	1697	36
D389.contig141	14794	562	18
D389.contig142	14637	0	0
D389.contig143	14598	5727	391
D389.contig144	14455	0	0
D389.contig145	14439	0	0
D389.contig146	14411	413	14
D389.contig147	14371	0	0
D389.contig148	14366	0	0
D389.contig149	14337	983	34
D389.contig150	14263	419	9
D389.contig151	14248	0	0
D389.contig152	14246	39	25
D389.contig153	14222	0	0
D389.contig154	14189	471	13
D389.contig155	14161	1	0
D389.contig156	14084	0	0
D389.contig157	14026	2	2
D389.contig158	14022	0	0
D389.contig159	13929	648	24
D389.contig160	13821	0	0
D389.contig161	13755	0	0
D389.contig162	13679	0	0
D389.contig163	13516	0	0
D389.contig164	13504	0	0
D389.contig165	13464	1343	25
D389.contig166	13438	509	11
D389.contig167	13369	0	0
D389.contig168	13367	363	13
D389.contig169	13287	4762	97
D389.contig170	13258	0	0
D389.contig171	13243	0	0
D389.contig172	13210	0	0
D389.contig173	13123	671	16
D389.contig174	13100	0	0
D389.contig175	12945	0	0
D389.contig176	12907	3790	121
D389.contig177	12876	911	35
D389.contig178	12863	573	15
D389.contig179	12795	536	11
D389.contig180	12642	0	0
D389.contig181	12595	1	1
D389.contig182	12572	113	5
D389.contig183	12507	2182	99
D389.contig184	12439	0	0
D389.contig185	12389	0	0
D389.contig186	12320	1898	89
D389.contig187	12307	0	0
D389.contig188	12266	0	0
D389.contig189	12263	364	9
D389.contig190	12231	481	249
D389.contig191	12172	0	0
D389.contig192	12128	0	0
D389.contig193	12123	1700	55
D389.contig194	12094	348	9
D389.contig195	12076	0	0
D389.contig196	12004	996	29
D389.contig197	11963	0	0
D389.contig198	11961	498	17
D389.contig199	11934	0	0
D389.contig200	11855	523	19
D389.contig201	11851	387	7
D389.contig202	11746	0	0
D389.contig203	11710	0	0
D389.contig204	11566	0	0
D389.contig205	11515	0	0
D389.contig206	11455	0	0
D389.contig207	11354	561	17
D389.contig208	11302	0	0
D389.contig209	11216	0	0
D389.contig210	11193	1073	52
D389.contig211	11130	0	0
D389.contig212	11077	0	0
D389.contig213	11045	574	13
D389.contig214	11014	451	24
D389.contig215	10905	334	19
D389.contig216	10897	0	0
D389.contig217	10684	0	0
D389.contig218	10682	173	9
D389.contig219	10648	0	0
D389.contig220	10603	0	0
D389.contig221	10601	191	14
D389.contig222	10410	3131	178
D389.contig223	10256	574	25
D389.contig224	10197	0	0
D389.contig225	10192	0	0
D389.contig226	10153	0	0
D389.contig227	10104	0	0
D389.contig228	10094	1542	114
D389.contig229	10048	0	0
D389.contig230	10047	367	6
D389.contig231	10011	2048	169
D389.contig232	9980	377	9
D389.contig233	9977	0	0
D389.contig234	9842	333	10
D389.contig235	9808	2	0
D389.contig236	9764	129	5
D389.contig237	9718	4268	123
D389.contig238	9688	356	19
D389.contig239	9666	0	0
D389.contig240	9649	0	0
D389.contig241	9630	0	0
D389.contig242	9604	448	28
D389.contig243	9602	870	53
D389.contig244	9573	515	15
D389.contig245	9554	305	3
D389.contig246	9554	0	0
D389.contig247	9535	0	0
D389.contig248	9435	0	0
D389.contig249	9410	0	0
D389.contig250	9369	533	120
D389.contig251	9365	0	0
D389.contig252	9363	809	32
D389.contig253	9355	1179	82
D389.contig254	9342	0	0
D389.contig255	9337	252	10
D389.contig256	9329	3455	108
D389.contig257	9304	696	20
D389.contig258	9275	113	7
D389.contig259	9266	187	7
D389.contig260	9246	0	0
D389.contig261	9224	108	6
D389.contig262	9221	2107	138
D389.contig263	9201	2	0
D389.contig264	9145	239	8
D389.contig265	9145	66	4
D389.contig266	9136	0	0
D389.contig267	9099	1388	153
D389.contig268	9095	0	0
D389.contig269	9062	275	12
D389.contig270	9033	90	8
D389.contig271	8997	0	0
D389.contig272	8970	0	0
D389.contig273	8961	154	4
D389.contig274	8875	0	0
D389.contig275	8846	245	15
D389.contig276	8806	0	0
D389.contig277	8799	219	13
D389.contig278	8788	0	0
D389.contig279	8738	0	0
D389.contig280	8735	586	20
D389.contig281	8728	1	1
D389.contig282	8728	0	0
D389.contig283	8721	0	0
D389.contig284	8661	808	576
D389.contig285	8636	274	18
D389.contig286	8581	0	0
D389.contig287	8568	0	0
D389.contig288	8527	486	24
D389.contig289	8526	0	0
D389.contig290	8507	0	0
D389.contig291	8419	0	0
D389.contig292	8390	6935	980
D389.contig293	8356	0	0
D389.contig294	8318	0	0
D389.contig295	8303	0	0
D389.contig296	8278	0	0
D389.contig297	8268	0	0
D389.contig298	8257	557	49
D389.contig299	8247	0	0
D389.contig300	8233	0	0
D389.contig301	8199	3	0
D389.contig302	8197	682	41
D389.contig303	8186	4635	301
D389.contig304	8181	649	28
D389.contig305	8130	0	0
D389.contig306	8128	0	0
D389.contig307	8101	0	0
D389.contig308	8072	769	19
D389.contig309	8007	646	23
D389.contig310	7996	8197	325
D389.contig311	7990	1	0
D389.contig312	7949	294	12
D389.contig313	7944	0	0
D389.contig314	7934	451	23
D389.contig315	7890	5	4
D389.contig316	7869	506	19
D389.contig317	7860	480	25
D389.contig318	7825	0	0
D389.contig319	7821	0	0
D389.contig320	7808	1257	102
D389.contig321	7801	0	0
D389.contig322	7779	200	8
D389.contig323	7775	0	0
D389.contig324	7734	0	0
D389.contig325	7688	0	0
D389.contig326	7685	2205	121
D389.contig327	7667	233	22
D389.contig328	7658	0	0
D389.contig329	7636	1098	58
D389.contig330	7631	0	0
D389.contig331	7615	0	0
D389.contig332	7555	314	17
D389.contig333	7527	344	26
D389.contig334	7478	0	0
D389.contig335	7469	207	11
D389.contig336	7409	0	0
D389.contig337	7409	424	23
D389.contig338	7364	1358	84
D389.contig339	7325	0	0
D389.contig340	7288	0	0
D389.contig341	7284	0	0
D389.contig342	7281	518	14
D389.contig343	7271	1565	65
D389.contig344	7261	0	0
D389.contig345	7259	39	28
D389.contig346	7190	0	0
D389.contig347	7178	0	0
D389.contig348	7151	0	0
D389.contig349	7150	566	29
D389.contig350	7095	0	0
D389.contig351	7089	0	0
D389.contig352	7080	232	8
D389.contig353	7043	163	13
D389.contig354	7007	0	0
D389.contig355	6993	0	0
D389.contig356	6973	284	22
D389.contig357	6902	0	0
D389.contig358	6892	357	9
D389.contig359	6890	744	612
D389.contig360	6788	153	5
D389.contig361	6749	165	15
D389.contig362	6696	0	0
D389.contig363	6690	0	0
D389.contig364	6646	2386	402
D389.contig365	6638	0	0
D389.contig366	6634	0	0
D389.contig367	6630	0	0
D389.contig368	6621	195	6
D389.contig369	6616	17	0
D389.contig370	6608	0	0
D389.contig371	6600	930	38
D389.contig372	6589	0	0
D389.contig373	6583	0	0
D389.contig374	6580	666	21
D389.contig375	6576	158	6
D389.contig376	6548	0	0
D389.contig377	6530	0	0
D389.contig378	6520	29	1
D389.contig379	6509	397	14
D389.contig380	6496	296	92
D389.contig381	6494	0	0
D389.contig382	6471	0	0
D389.contig383	6465	0	0
D389.contig384	6449	1202	155
D389.contig385	6419	114	4
D389.contig386	6415	0	0
D389.contig387	6372	97	2
D389.contig388	6361	0	0
D389.contig389	6360	150	10
D389.contig390	6354	0	0
D389.contig391	6334	0	0
D389.contig392	6334	0	0
D389.contig393	6322	357	15
D389.contig394	6318	0	0
D389.contig395	6318	0	0
D389.contig396	6317	1475	60
D389.contig397	6304	144	10
D389.contig398	6302	0	0
D389.contig399	6275	145	5
D389.contig400	6259	0	0
D389.contig401	6242	0	0
D389.contig402	6202	0	0
D389.contig403	6197	0	0
D389.contig404	6171	0	0
D389.contig405	6125	0	0
D389.contig406	6067	0	0
D389.contig407	6063	0	0
D389.contig408	6046	303	19
D389.contig409	6044	0	0
D389.contig410	6043	0	0
D389.contig411	6038	0	0
D389.contig412	6034	0	0
D389.contig413	6011	0	0
D389.contig414	6009	0	0
D389.contig415	6000	0	0
D389.contig416	5992	0	0
D389.contig417	5961	241	10
D389.contig418	5945	1151	65
D389.contig419	5933	592	43
D389.contig420	5933	383	23
D389.contig421	5922	2	0
D389.contig422	5889	1185	100
D389.contig423	5887	0	0
D389.contig424	5884	48	4
D389.contig425	5868	0	0
D389.contig426	5858	0	0
D389.contig427	5858	27	23
D389.contig428	5847	0	0
D389.contig429	5843	0	0
D389.contig430	5840	0	0
D389.contig431	5831	5	5
D389.contig432	5819	105	7
D389.contig433	5797	29	3
D389.contig434	5795	59	3
D389.contig435	5792	0	0
D389.contig436	5763	0	0
D389.contig437	5756	0	0
D389.contig438	5750	0	0
D389.contig439	5746	0	0
D389.contig440	5730	0	0
D389.contig441	5711	112	3
D389.contig442	5697	0	0
D389.contig443	5696	127	61
D389.contig444	5689	0	0
D389.contig445	5655	0	0
D389.contig446	5652	0	0
D389.contig447	5644	184	5
D389.contig448	5638	0	0
D389.contig449	5636	0	0
D389.contig450	5625	0	0
D389.contig451	5617	0	0
D389.contig452	5602	0	0
D389.contig453	5597	0	0
D389.contig454	5585	0	0
D389.contig455	5585	0	0
D389.contig456	5574	0	0
D389.contig457	5568	222	16
D389.contig458	5567	0	0
D389.contig459	5564	0	0
D389.contig460	5559	275	11
D389.contig461	5529	2689	383
D389.contig462	5504	0	0
D389.contig463	5489	0	0
D389.contig464	5457	151	11
D389.contig465	5447	0	0
D389.contig466	5440	223	13
D389.contig467	5414	177	10
D389.contig468	5398	2	0
D389.contig469	5329	0	0
D389.contig470	5318	146	7
D389.contig471	5288	1236	121
D389.contig472	5256	1782	75
D389.contig473	5239	0	0
D389.contig474	5228	220	20
D389.contig475	5208	0	0
D389.contig476	5207	0	0
D389.contig477	5203	0	0
D389.contig478	5196	0	0
D389.contig479	5164	0	0
D389.contig480	5161	124	0
D389.contig481	5159	0	0
D389.contig482	5157	0	0
D389.contig483	5142	319	20
D389.contig484	5135	0	0
D389.contig485	5134	0	0
D389.contig486	5118	335	7
D389.contig487	5112	0	0
D389.contig488	5107	8	0
D389.contig489	5092	232	16
D389.contig490	5056	0	0
D389.contig491	5038	666690	17607
D389.contig492	5026	0	0
D389.contig493	5009	0	0
D389.contig494	4965	0	0
D389.contig495	4960	41	30
D389.contig496	4954	0	0
D389.contig497	4951	0	0
D389.contig498	4951	415	10
D389.contig499	4894	121	62
D389.contig500	4879	0	0
D389.contig501	4865	148	9
D389.contig502	4865	106	2
D389.contig503	4855	0	0
D389.contig504	4853	112	14
D389.contig505	4825	0	0
D389.contig506	4820	0	0
D389.contig507	4809	0	0
D389.contig508	4802	2	0
D389.contig509	4791	3490	433
D389.contig510	4786	0	0
D389.contig511	4784	281	62
D389.contig512	4777	143	5
D389.contig513	4774	0	0
D389.contig514	4762	155	20
D389.contig515	4757	269	23
D389.contig516	4755	452	19
D389.contig517	4736	3618	197
D389.contig518	4733	627	111
D389.contig519	4696	0	0
D389.contig520	4689	54	4
D389.contig521	4685	0	0
D389.contig522	4679	0	0
D389.contig523	4673	0	0
D389.contig524	4648	171	3
D389.contig525	4645	0	0
D389.contig526	4628	179	18
D389.contig527	4610	0	0
D389.contig528	4600	0	0
D389.contig529	4597	0	0
D389.contig530	4585	798	60
D389.contig531	4578	0	0
D389.contig532	4565	133	10
D389.contig533	4555	0	0
D389.contig534	4551	0	0
D389.contig535	4547	571	23
D389.contig536	4520	0	0
D389.contig537	4513	0	0
D389.contig538	4510	485	31
D389.contig539	4498	1	1
D389.contig540	4472	0	0
D389.contig541	4471	0	0
D389.contig542	4466	0	0
D389.contig543	4455	0	0
D389.contig544	4451	115	5
D389.contig545	4434	86	8
D389.contig546	4426	93	15
D389.contig547	4423	0	0
D389.contig548	4417	127	5
D389.contig549	4413	0	0
D389.contig550	4396	78	2
D389.contig551	4392	86	2
D389.contig552	4387	0	0
D389.contig553	4383	168	8
D389.contig554	4379	2	2
D389.contig555	4373	0	0
D389.contig556	4370	0	0
D389.contig557	4363	0	0
D389.contig558	4355	0	0
D389.contig559	4352	0	0
D389.contig560	4343	0	0
D389.contig561	4333	0	0
D389.contig562	4307	0	0
D389.contig563	4306	0	0
D389.contig564	4300	7	3
D389.contig565	4299	0	0
D389.contig566	4299	219	13
D389.contig567	4281	0	0
D389.contig568	4274	0	0
D389.contig569	4263	0	0
D389.contig570	4261	0	0
D389.contig571	4260	39	3
D389.contig572	4256	0	0
D389.contig573	4252	0	0
D389.contig574	4236	180	10
D389.contig575	4234	0	0
D389.contig576	4232	0	0
D389.contig577	4225	59	7
D389.contig578	4220	0	0
D389.contig579	4209	123	5
D389.contig580	4204	0	0
D389.contig581	4184	4	0
D389.contig582	4176	0	0
D389.contig583	4171	51	18
D389.contig584	4168	0	0
D389.contig585	4159	112	4
D389.contig586	4158	0	0
D389.contig587	4157	0	0
D389.contig588	4147	0	0
D389.contig589	4138	0	0
D389.contig590	4129	17	7
D389.contig591	4122	400	17
D389.contig592	4120	137	21
D389.contig593	4118	0	0
D389.contig594	4118	13252	737
D389.contig595	4103	0	0
D389.contig596	4101	0	0
D389.contig597	4097	0	0
D389.contig598	4085	1	1
D389.contig599	4084	0	0
D389.contig600	4076	0	0
D389.contig601	4068	0	0
D389.contig602	4050	0	0
D389.contig603	4046	0	0
D389.contig604	4040	0	0
D389.contig605	4036	0	0
D389.contig606	4033	45	1
D389.contig607	4022	0	0
D389.contig608	4007	131	9
D389.contig609	4003	115	3
D389.contig610	4001	0	0
D389.contig611	3991	0	0
D389.contig612	3991	0	0
D389.contig613	3979	0	0
D389.contig614	3977	0	0
D389.contig615	3970	0	0
D389.contig616	3957	79	3
D389.contig617	3957	0	0
D389.contig618	3948	2953	105
D389.contig619	3921	0	0
D389.contig620	3919	932	476
D389.contig621	3911	0	0
D389.contig622	3906	0	0
D389.contig623	3886	71	5
D389.contig624	3878	0	0
D389.contig625	3848	0	0
D389.contig626	3845	570	10
D389.contig627	3844	1459	32
D389.contig628	3832	0	0
D389.contig629	3829	100	3
D389.contig630	3827	0	0
D389.contig631	3824	0	0
D389.contig632	3824	10	8
D389.contig633	3822	0	0
D389.contig634	3821	0	0
D389.contig635	3803	78	8
D389.contig636	3799	114	5
D389.contig637	3795	24	2
D389.contig638	3784	0	0
D389.contig639	3771	114	1
D389.contig640	3755	0	0
D389.contig641	3750	0	0
D389.contig642	3747	113	5
D389.contig643	3741	145	9
D389.contig644	3741	118	9
D389.contig645	3724	0	0
D389.contig646	3719	0	0
D389.contig647	3716	0	0
D389.contig648	3716	0	0
D389.contig649	3705	752	79
D389.contig650	3682	0	0
D389.contig651	3678	392	4
D389.contig652	3666	2	0
D389.contig653	3660	54	4
D389.contig654	3657	0	0
D389.contig655	3654	47	3
D389.contig656	3653	40	2
D389.contig657	3646	0	0
D389.contig658	3622	0	0
D389.contig659	3620	0	0
D389.contig660	3612	104	7
D389.contig661	3603	1	1
D389.contig662	3594	0	0
D389.contig663	3583	0	0
D389.contig664	3578	232	12
D389.contig665	3569	50	1
D389.contig666	3564	0	0
D389.contig667	3557	1153	90
D389.contig668	3538	0	0
D389.contig669	3537	9	6
D389.contig670	3536	163	30
D389.contig671	3525	2563	184
D389.contig672	3514	308	19
D389.contig673	3511	293	8
D389.contig674	3504	0	0
D389.contig675	3493	0	0
D389.contig676	3492	0	0
D389.contig677	3488	6	4
D389.contig678	3464	10	1
D389.contig679	3444	245	13
D389.contig680	3438	100	6
D389.contig681	3438	133	4
D389.contig682	3434	186	4
D389.contig683	3427	0	0
D389.contig684	3425	173	13
D389.contig685	3424	0	0
D389.contig686	3423	0	0
D389.contig687	3417	115	11
D389.contig688	3417	6	0
D389.contig689	3416	99	13
D389.contig690	3412	1087	88
D389.contig691	3412	0	0
D389.contig692	3409	66	4
D389.contig693	3398	95	7
D389.contig694	3396	11	3
D389.contig695	3392	0	0
D389.contig696	3386	1613	148
D389.contig697	3377	0	0
D389.contig698	3376	0	0
D389.contig699	3374	65	7
D389.contig700	3372	0	0
D389.contig701	3371	0	0
D389.contig702	3367	125	11
D389.contig703	3362	213	0
D389.contig704	3362	0	0
D389.contig705	3347	0	0
D389.contig706	3342	0	0
D389.contig707	3338	71	7
D389.contig708	3319	12	2
D389.contig709	3314	0	0
D389.contig710	3309	0	0
D389.contig711	3309	0	0
D389.contig712	3301	0	0
D389.contig713	3291	0	0
D389.contig714	3282	224	20
D389.contig715	3280	67	6
D389.contig716	3275	53	5
D389.contig717	3268	0	0
D389.contig718	3266	80	8
D389.contig719	3260	0	0
D389.contig720	3257	47	1
D389.contig721	3256	53	5
D389.contig722	3255	0	0
D389.contig723	3254	0	0
D389.contig724	3252	0	0
D389.contig725	3250	0	0
D389.contig726	3245	89	5
D389.contig727	3245	1082	213
D389.contig728	3236	0	0
D389.contig729	3230	1525	58
D389.contig730	3227	74	2
D389.contig731	3225	0	0
D389.contig732	3220	0	0
D389.contig733	3218	0	0
D389.contig734	3218	151	7
D389.contig735	3217	100	4
D389.contig736	3208	0	0
D389.contig737	3199	355	15
D389.contig738	3198	80	11
D389.contig739	3193	0	0
D389.contig740	3192	47	4
D389.contig741	3191	0	0
D389.contig742	3187	75	7
D389.contig743	3182	0	0
D389.contig744	3179	0	0
D389.contig745	3176	0	0
D389.contig746	3174	0	0
D389.contig747	3162	1707	40
D389.contig748	3156	0	0
D389.contig749	3154	318	122
D389.contig750	3147	0	0
D389.contig751	3140	97	7
D389.contig752	3138	0	0
D389.contig753	3126	0	0
D389.contig754	3125	0	0
D389.contig755	3124	0	0
D389.contig756	3123	0	0
D389.contig757	3122	32	4
D389.contig758	3121	0	0
D389.contig759	3121	0	0
D389.contig760	3118	0	0
D389.contig761	3106	1	1
D389.contig762	3104	2	0
D389.contig763	3098	98	8
D389.contig764	3098	0	0
D389.contig765	3096	1256	38
D389.contig766	3094	207	17
D389.contig767	3094	0	0
D389.contig768	3083	0	0
D389.contig769	3073	0	0
D389.contig770	3068	74	4
D389.contig771	3067	0	0
D389.contig772	3059	0	0
D389.contig773	3054	0	0
D389.contig774	3046	0	0
D389.contig775	3043	0	0
D389.contig776	3033	178	2
D389.contig777	3033	0	0
D389.contig778	3032	0	0
D389.contig779	3030	0	0
D389.contig780	3025	0	0
D389.contig781	3022	0	0
D389.contig782	3020	167	16
D389.contig783	3019	59	3
D389.contig784	3010	0	0
D389.contig785	3009	107	3
D389.contig786	3009	0	0
*	0	0	7206966
