D389.contig1	59158	0	0
D389.contig2	45562	0	0
D389.contig3	43565	0	0
D389.contig4	42596	0	0
D389.contig5	42437	18879	477
D389.contig6	41062	0	0
D389.contig7	40715	0	0
D389.contig8	40686	0	0
D389.contig9	40494	0	0
D389.contig10	39201	0	0
D389.contig11	38305	0	0
D389.contig12	38211	0	0
D389.contig13	37757	4370	125
D389.contig14	37110	2	0
D389.contig15	36827	0	0
D389.contig16	36738	1	0
D389.contig17	36618	4222	92
D389.contig18	36419	0	0
D389.contig19	36044	0	0
D389.contig20	35832	6692	186
D389.contig21	35661	10	4
D389.contig22	35627	26	8
D389.contig23	34579	1569	53
D389.contig24	34386	2	1
D389.contig25	33286	0	0
D389.contig26	33275	0	0
D389.contig27	33194	5325	132
D389.contig28	32951	0	0
D389.contig29	32783	1682	34
D389.contig30	32254	5	1
D389.contig31	32038	655	19
D389.contig32	31796	0	0
D389.contig33	31557	4069	99
D389.contig34	31371	0	0
D389.contig35	29779	0	0
D389.contig36	27884	14247	273
D389.contig37	27737	20938	825
D389.contig38	27401	0	0
D389.contig39	27261	0	0
D389.contig40	26912	2154	50
D389.contig41	26800	0	0
D389.contig42	26670	0	0
D389.contig43	26507	3752	104
D389.contig44	26502	11526	236
D389.contig45	26258	4450	119
D389.contig46	26213	0	0
D389.contig47	26196	0	0
D389.contig48	26134	797	9
D389.contig49	26083	2365	86
D389.contig50	25987	136	6
D389.contig51	25765	3107	89
D389.contig52	25470	1831	36
D389.contig53	25400	1958	32
D389.contig54	24483	0	0
D389.contig55	24452	294	12
D389.contig56	24319	3727	80
D389.contig57	24240	5	1
D389.contig58	24082	1	1
D389.contig59	24019	12884	369
D389.contig60	23803	23664	747
D389.contig61	23761	1519	27
D389.contig62	23584	31265	851
D389.contig63	23349	0	0
D389.contig64	23323	171	2
D389.contig65	23098	0	0
D389.contig66	22843	5303	166
D389.contig67	22810	0	0
D389.contig68	22684	3662	120
D389.contig69	22621	1864	38
D389.contig70	22353	4	1
D389.contig71	22261	0	0
D389.contig72	21856	1694	27
D389.contig73	21836	0	0
D389.contig74	21644	0	0
D389.contig75	21557	29277	1199
D389.contig76	21051	0	0
D389.contig77	21034	2	0
D389.contig78	20877	3353	86
D389.contig79	20697	0	0
D389.contig80	20689	1515	47
D389.contig81	20618	0	0
D389.contig82	20447	1	1
D389.contig83	20429	83	5
D389.contig84	19841	0	0
D389.contig85	19755	6225	123
D389.contig86	19732	2	0
D389.contig87	19631	1071	31
D389.contig88	19584	0	0
D389.contig89	19408	0	0
D389.contig90	19403	0	0
D389.contig91	19395	0	0
D389.contig92	19336	0	0
D389.contig93	19295	265	12
D389.contig94	19250	528	25
D389.contig95	19116	384	24
D389.contig96	18912	276	3
D389.contig97	18512	367	9
D389.contig98	18390	0	0
D389.contig99	18282	0	0
D389.contig100	18172	2115	62
D389.contig101	18152	4	0
D389.contig102	18024	445	17
D389.contig103	17924	2	0
D389.contig104	17719	4968	90
D389.contig105	17628	2890	248
D389.contig106	17525	14046	1403
D389.contig107	17438	0	0
D389.contig108	17009	2041	42
D389.contig109	16974	1539	45
D389.contig110	16966	374	5
D389.contig111	16965	996	36
D389.contig112	16955	1071	44
D389.contig113	16853	571	18
D389.contig114	16846	682	23
D389.contig115	16805	0	0
D389.contig116	16769	234	12
D389.contig117	16622	535	9
D389.contig118	16569	0	0
D389.contig119	16400	2392	68
D389.contig120	16350	324	9
D389.contig121	16338	0	0
D389.contig122	16317	0	0
D389.contig123	16245	0	0
D389.contig124	16155	0	0
D389.contig125	15888	3822	397
D389.contig126	15855	0	0
D389.contig127	15848	0	0
D389.contig128	15832	0	0
D389.contig129	15798	0	0
D389.contig130	15705	0	0
D389.contig131	15606	0	0
D389.contig132	15447	4655	541
D389.contig133	15254	2466	204
D389.contig134	15184	0	0
D389.contig135	15118	541	15
D389.contig136	15081	430	10
D389.contig137	15058	0	0
D389.contig138	14943	0	0
D389.contig139	14816	0	0
D389.contig140	14804	4686	85
D389.contig141	14794	869	21
D389.contig142	14637	0	0
D389.contig143	14598	24959	1496
D389.contig144	14455	0	0
D389.contig145	14439	0	0
D389.contig146	14411	299	12
D389.contig147	14371	0	0
D389.contig148	14366	1	1
D389.contig149	14337	2605	64
D389.contig150	14263	2161	58
D389.contig151	14248	0	0
D389.contig152	14246	0	0
D389.contig153	14222	0	0
D389.contig154	14189	168	4
D389.contig155	14161	0	0
D389.contig156	14084	0	0
D389.contig157	14026	0	0
D389.contig158	14022	0	0
D389.contig159	13929	1520	43
D389.contig160	13821	0	0
D389.contig161	13755	0	0
D389.contig162	13679	0	0
D389.contig163	13516	0	0
D389.contig164	13504	0	0
D389.contig165	13464	2578	51
D389.contig166	13438	758	15
D389.contig167	13369	0	0
D389.contig168	13367	66	6
D389.contig169	13287	11647	265
D389.contig170	13258	0	0
D389.contig171	13243	0	0
D389.contig172	13210	0	0
D389.contig173	13123	873	20
D389.contig174	13100	0	0
D389.contig175	12945	0	0
D389.contig176	12907	5387	177
D389.contig177	12876	719	9
D389.contig178	12863	850	30
D389.contig179	12795	392	13
D389.contig180	12642	0	0
D389.contig181	12595	0	0
D389.contig182	12572	150	10
D389.contig183	12507	2856	116
D389.contig184	12439	0	0
D389.contig185	12389	0	0
D389.contig186	12320	5842	207
D389.contig187	12307	0	0
D389.contig188	12266	0	0
D389.contig189	12263	311	9
D389.contig190	12231	0	0
D389.contig191	12172	0	0
D389.contig192	12128	0	0
D389.contig193	12123	1420	65
D389.contig194	12094	277	8
D389.contig195	12076	0	0
D389.contig196	12004	909	41
D389.contig197	11963	0	0
D389.contig198	11961	876	22
D389.contig199	11934	0	0
D389.contig200	11855	920	22
D389.contig201	11851	609	15
D389.contig202	11746	0	0
D389.contig203	11710	0	0
D389.contig204	11566	1	0
D389.contig205	11515	0	0
D389.contig206	11455	0	0
D389.contig207	11354	677	15
D389.contig208	11302	0	0
D389.contig209	11216	0	0
D389.contig210	11193	1767	55
D389.contig211	11130	0	0
D389.contig212	11077	0	0
D389.contig213	11045	410	19
D389.contig214	11014	131	5
D389.contig215	10905	156	12
D389.contig216	10897	0	0
D389.contig217	10684	0	0
D389.contig218	10682	87	3
D389.contig219	10648	0	0
D389.contig220	10603	0	0
D389.contig221	10601	309	16
D389.contig222	10410	8756	433
D389.contig223	10256	813	29
D389.contig224	10197	0	0
D389.contig225	10192	0	0
D389.contig226	10153	1	0
D389.contig227	10104	104	4
D389.contig228	10094	2713	238
D389.contig229	10048	0	0
D389.contig230	10047	422	8
D389.contig231	10011	2901	267
D389.contig232	9980	304	15
D389.contig233	9977	0	0
D389.contig234	9842	944	32
D389.contig235	9808	0	0
D389.contig236	9764	121	9
D389.contig237	9718	7124	229
D389.contig238	9688	303	16
D389.contig239	9666	0	0
D389.contig240	9649	0	0
D389.contig241	9630	0	0
D389.contig242	9604	1087	43
D389.contig243	9602	551	47
D389.contig244	9573	861	24
D389.contig245	9554	312	7
D389.contig246	9554	0	0
D389.contig247	9535	0	0
D389.contig248	9435	0	0
D389.contig249	9410	0	0
D389.contig250	9369	0	0
D389.contig251	9365	0	0
D389.contig252	9363	626	30
D389.contig253	9355	3026	140
D389.contig254	9342	0	0
D389.contig255	9337	188	14
D389.contig256	9329	7678	300
D389.contig257	9304	1226	34
D389.contig258	9275	306	25
D389.contig259	9266	148	12
D389.contig260	9246	0	0
D389.contig261	9224	160	4
D389.contig262	9221	6237	1717
D389.contig263	9201	0	0
D389.contig264	9145	268	11
D389.contig265	9145	108	5
D389.contig266	9136	0	0
D389.contig267	9099	706	301
D389.contig268	9095	0	0
D389.contig269	9062	144	2
D389.contig270	9033	270	8
D389.contig271	8997	0	0
D389.contig272	8970	0	0
D389.contig273	8961	327	17
D389.contig274	8875	0	0
D389.contig275	8846	415	19
D389.contig276	8806	0	0
D389.contig277	8799	49	3
D389.contig278	8788	0	0
D389.contig279	8738	0	0
D389.contig280	8735	387	15
D389.contig281	8728	0	0
D389.contig282	8728	0	0
D389.contig283	8721	0	0
D389.contig284	8661	0	0
D389.contig285	8636	391	20
D389.contig286	8581	0	0
D389.contig287	8568	0	0
D389.contig288	8527	157	9
D389.contig289	8526	0	0
D389.contig290	8507	0	0
D389.contig291	8419	0	0
D389.contig292	8390	0	0
D389.contig293	8356	0	0
D389.contig294	8318	0	0
D389.contig295	8303	0	0
D389.contig296	8278	0	0
D389.contig297	8268	0	0
D389.contig298	8257	95	3
D389.contig299	8247	0	0
D389.contig300	8233	0	0
D389.contig301	8199	0	0
D389.contig302	8197	754	51
D389.contig303	8186	4350	451
D389.contig304	8181	643	32
D389.contig305	8130	0	0
D389.contig306	8128	0	0
D389.contig307	8101	0	0
D389.contig308	8072	1176	38
D389.contig309	8007	326	18
D389.contig310	7996	2261	113
D389.contig311	7990	5	0
D389.contig312	7949	275	9
D389.contig313	7944	10	0
D389.contig314	7934	154	10
D389.contig315	7890	0	0
D389.contig316	7869	167	5
D389.contig317	7860	248	15
D389.contig318	7825	0	0
D389.contig319	7821	0	0
D389.contig320	7808	2192	175
D389.contig321	7801	0	0
D389.contig322	7779	43	1
D389.contig323	7775	0	0
D389.contig324	7734	0	0
D389.contig325	7688	0	0
D389.contig326	7685	7976	419
D389.contig327	7667	59	3
D389.contig328	7658	0	0
D389.contig329	7636	1223	214
D389.contig330	7631	0	0
D389.contig331	7615	0	0
D389.contig332	7555	411	20
D389.contig333	7527	117	8
D389.contig334	7478	0	0
D389.contig335	7469	376	9
D389.contig336	7409	0	0
D389.contig337	7409	464	51
D389.contig338	7364	811	38
D389.contig339	7325	1	0
D389.contig340	7288	0	0
D389.contig341	7284	0	0
D389.contig342	7281	690	18
D389.contig343	7271	1802	78
D389.contig344	7261	0	0
D389.contig345	7259	356	132
D389.contig346	7190	0	0
D389.contig347	7178	0	0
D389.contig348	7151	0	0
D389.contig349	7150	2265	86
D389.contig350	7095	0	0
D389.contig351	7089	0	0
D389.contig352	7080	590	13
D389.contig353	7043	845	213
D389.contig354	7007	0	0
D389.contig355	6993	0	0
D389.contig356	6973	228	12
D389.contig357	6902	0	0
D389.contig358	6892	347	6
D389.contig359	6890	0	0
D389.contig360	6788	248	8
D389.contig361	6749	737	30
D389.contig362	6696	0	0
D389.contig363	6690	0	0
D389.contig364	6646	0	0
D389.contig365	6638	0	0
D389.contig366	6634	0	0
D389.contig367	6630	0	0
D389.contig368	6621	100	1
D389.contig369	6616	0	0
D389.contig370	6608	0	0
D389.contig371	6600	704	28
D389.contig372	6589	0	0
D389.contig373	6583	0	0
D389.contig374	6580	553	11
D389.contig375	6576	847	43
D389.contig376	6548	0	0
D389.contig377	6530	0	0
D389.contig378	6520	43	1
D389.contig379	6509	79	4
D389.contig380	6496	0	0
D389.contig381	6494	0	0
D389.contig382	6471	0	0
D389.contig383	6465	0	0
D389.contig384	6449	0	0
D389.contig385	6419	70	6
D389.contig386	6415	0	0
D389.contig387	6372	31	1
D389.contig388	6361	0	0
D389.contig389	6360	68	2
D389.contig390	6354	0	0
D389.contig391	6334	0	0
D389.contig392	6334	0	0
D389.contig393	6322	167	12
D389.contig394	6318	0	0
D389.contig395	6318	0	0
D389.contig396	6317	4627	236
D389.contig397	6304	163	9
D389.contig398	6302	0	0
D389.contig399	6275	518	23
D389.contig400	6259	0	0
D389.contig401	6242	0	0
D389.contig402	6202	0	0
D389.contig403	6197	0	0
D389.contig404	6171	0	0
D389.contig405	6125	0	0
D389.contig406	6067	0	0
D389.contig407	6063	0	0
D389.contig408	6046	422	26
D389.contig409	6044	0	0
D389.contig410	6043	0	0
D389.contig411	6038	0	0
D389.contig412	6034	0	0
D389.contig413	6011	0	0
D389.contig414	6009	0	0
D389.contig415	6000	0	0
D389.contig416	5992	0	0
D389.contig417	5961	74	2
D389.contig418	5945	922	44
D389.contig419	5933	826	106
D389.contig420	5933	393	10
D389.contig421	5922	0	0
D389.contig422	5889	4447	371
D389.contig423	5887	59	1
D389.contig424	5884	67	13
D389.contig425	5868	0	0
D389.contig426	5858	0	0
D389.contig427	5858	46	36
D389.contig428	5847	0	0
D389.contig429	5843	0	0
D389.contig430	5840	0	0
D389.contig431	5831	4	1
D389.contig432	5819	81	1
D389.contig433	5797	248	8
D389.contig434	5795	96	6
D389.contig435	5792	0	0
D389.contig436	5763	0	0
D389.contig437	5756	0	0
D389.contig438	5750	0	0
D389.contig439	5746	0	0
D389.contig440	5730	0	0
D389.contig441	5711	102	5
D389.contig442	5697	0	0
D389.contig443	5696	0	0
D389.contig444	5689	0	0
D389.contig445	5655	0	0
D389.contig446	5652	0	0
D389.contig447	5644	280	8
D389.contig448	5638	0	0
D389.contig449	5636	0	0
D389.contig450	5625	0	0
D389.contig451	5617	0	0
D389.contig452	5602	0	0
D389.contig453	5597	0	0
D389.contig454	5585	0	0
D389.contig455	5585	0	0
D389.contig456	5574	0	0
D389.contig457	5568	17	1
D389.contig458	5567	0	0
D389.contig459	5564	0	0
D389.contig460	5559	112	0
D389.contig461	5529	2005	528
D389.contig462	5504	0	0
D389.contig463	5489	0	0
D389.contig464	5457	270	20
D389.contig465	5447	1	0
D389.contig466	5440	204	12
D389.contig467	5414	59	3
D389.contig468	5398	0	0
D389.contig469	5329	0	0
D389.contig470	5318	91	2
D389.contig471	5288	46837	2210
D389.contig472	5256	4758	177
D389.contig473	5239	0	0
D389.contig474	5228	71	7
D389.contig475	5208	0	0
D389.contig476	5207	0	0
D389.contig477	5203	0	0
D389.contig478	5196	0	0
D389.contig479	5164	0	0
D389.contig480	5161	70	1
D389.contig481	5159	0	0
D389.contig482	5157	0	0
D389.contig483	5142	113	11
D389.contig484	5135	0	0
D389.contig485	5134	0	0
D389.contig486	5118	407	13
D389.contig487	5112	3	1
D389.contig488	5107	0	0
D389.contig489	5092	353	15
D389.contig490	5056	0	0
D389.contig491	5038	3624920	202029
D389.contig492	5026	0	0
D389.contig493	5009	0	0
D389.contig494	4965	0	0
D389.contig495	4960	5	2
D389.contig496	4954	0	0
D389.contig497	4951	0	0
D389.contig498	4951	2638	41
D389.contig499	4894	58	24
D389.contig500	4879	0	0
D389.contig501	4865	37	1
D389.contig502	4865	192	6
D389.contig503	4855	0	0
D389.contig504	4853	54	4
D389.contig505	4825	0	0
D389.contig506	4820	0	0
D389.contig507	4809	0	0
D389.contig508	4802	0	0
D389.contig509	4791	5875	456
D389.contig510	4786	0	0
D389.contig511	4784	0	0
D389.contig512	4777	96	4
D389.contig513	4774	0	0
D389.contig514	4762	241	13
D389.contig515	4757	172	19
D389.contig516	4755	1903	94
D389.contig517	4736	3180	220
D389.contig518	4733	3	1
D389.contig519	4696	0	0
D389.contig520	4689	56	4
D389.contig521	4685	0	0
D389.contig522	4679	0	0
D389.contig523	4673	0	0
D389.contig524	4648	32	1
D389.contig525	4645	0	0
D389.contig526	4628	70	6
D389.contig527	4610	0	0
D389.contig528	4600	0	0
D389.contig529	4597	0	0
D389.contig530	4585	854	108
D389.contig531	4578	0	0
D389.contig532	4565	134	14
D389.contig533	4555	0	0
D389.contig534	4551	97	5
D389.contig535	4547	0	0
D389.contig536	4520	0	0
D389.contig537	4513	0	0
D389.contig538	4510	4882	237
D389.contig539	4498	0	0
D389.contig540	4472	0	0
D389.contig541	4471	0	0
D389.contig542	4466	0	0
D389.contig543	4455	0	0
D389.contig544	4451	126	12
D389.contig545	4434	131	5
D389.contig546	4426	63	7
D389.contig547	4423	0	0
D389.contig548	4417	30	2
D389.contig549	4413	0	0
D389.contig550	4396	438	14
D389.contig551	4392	63	7
D389.contig552	4387	0	0
D389.contig553	4383	61	5
D389.contig554	4379	0	0
D389.contig555	4373	0	0
D389.contig556	4370	0	0
D389.contig557	4363	0	0
D389.contig558	4355	0	0
D389.contig559	4352	0	0
D389.contig560	4343	0	0
D389.contig561	4333	0	0
D389.contig562	4307	0	0
D389.contig563	4306	0	0
D389.contig564	4300	1	1
D389.contig565	4299	0	0
D389.contig566	4299	101	9
D389.contig567	4281	0	0
D389.contig568	4274	51	3
D389.contig569	4263	0	0
D389.contig570	4261	0	0
D389.contig571	4260	297	21
D389.contig572	4256	0	0
D389.contig573	4252	0	0
D389.contig574	4236	625	33
D389.contig575	4234	0	0
D389.contig576	4232	0	0
D389.contig577	4225	127	8
D389.contig578	4220	14	4
D389.contig579	4209	36	4
D389.contig580	4204	0	0
D389.contig581	4184	2	0
D389.contig582	4176	0	0
D389.contig583	4171	0	0
D389.contig584	4168	0	0
D389.contig585	4159	354	22
D389.contig586	4158	0	0
D389.contig587	4157	0	0
D389.contig588	4147	0	0
D389.contig589	4138	0	0
D389.contig590	4129	34	6
D389.contig591	4122	129	6
D389.contig592	4120	21	3
D389.contig593	4118	0	0
D389.contig594	4118	1	1
D389.contig595	4103	0	0
D389.contig596	4101	0	0
D389.contig597	4097	0	0
D389.contig598	4085	0	0
D389.contig599	4084	0	0
D389.contig600	4076	0	0
D389.contig601	4068	0	0
D389.contig602	4050	0	0
D389.contig603	4046	0	0
D389.contig604	4040	0	0
D389.contig605	4036	0	0
D389.contig606	4033	6	0
D389.contig607	4022	0	0
D389.contig608	4007	69	11
D389.contig609	4003	33	0
D389.contig610	4001	0	0
D389.contig611	3991	0	0
D389.contig612	3991	0	0
D389.contig613	3979	0	0
D389.contig614	3977	0	0
D389.contig615	3970	0	0
D389.contig616	3957	214	16
D389.contig617	3957	0	0
D389.contig618	3948	5536	224
D389.contig619	3921	0	0
D389.contig620	3919	0	0
D389.contig621	3911	0	0
D389.contig622	3906	0	0
D389.contig623	3886	232	22
D389.contig624	3878	0	0
D389.contig625	3848	0	0
D389.contig626	3845	1558	33
D389.contig627	3844	85	6
D389.contig628	3832	0	0
D389.contig629	3829	115	9
D389.contig630	3827	0	0
D389.contig631	3824	0	0
D389.contig632	3824	0	0
D389.contig633	3822	0	0
D389.contig634	3821	0	0
D389.contig635	3803	56	10
D389.contig636	3799	54	1
D389.contig637	3795	71	5
D389.contig638	3784	0	0
D389.contig639	3771	13	1
D389.contig640	3755	0	0
D389.contig641	3750	0	0
D389.contig642	3747	77	4
D389.contig643	3741	43	6
D389.contig644	3741	17	2
D389.contig645	3724	0	0
D389.contig646	3719	0	0
D389.contig647	3716	0	0
D389.contig648	3716	0	0
D389.contig649	3705	3007	343
D389.contig650	3682	0	0
D389.contig651	3678	411	4
D389.contig652	3666	2	1
D389.contig653	3660	244	16
D389.contig654	3657	0	0
D389.contig655	3654	10	0
D389.contig656	3653	363	19
D389.contig657	3646	0	0
D389.contig658	3622	0	0
D389.contig659	3620	0	0
D389.contig660	3612	117	6
D389.contig661	3603	0	0
D389.contig662	3594	0	0
D389.contig663	3583	0	0
D389.contig664	3578	109	7
D389.contig665	3569	58	4
D389.contig666	3564	0	0
D389.contig667	3557	777	46
D389.contig668	3538	0	0
D389.contig669	3537	0	0
D389.contig670	3536	237	45
D389.contig671	3525	9965	843
D389.contig672	3514	180	13
D389.contig673	3511	227	9
D389.contig674	3504	0	0
D389.contig675	3493	0	0
D389.contig676	3492	0	0
D389.contig677	3488	0	0
D389.contig678	3464	0	0
D389.contig679	3444	71	4
D389.contig680	3438	62	4
D389.contig681	3438	350	2
D389.contig682	3434	150	7
D389.contig683	3427	0	0
D389.contig684	3425	100	4
D389.contig685	3424	0	0
D389.contig686	3423	0	0
D389.contig687	3417	227	13
D389.contig688	3417	8	0
D389.contig689	3416	107	7
D389.contig690	3412	1642	150
D389.contig691	3412	0	0
D389.contig692	3409	178	8
D389.contig693	3398	86	8
D389.contig694	3396	0	0
D389.contig695	3392	0	0
D389.contig696	3386	5851	592
D389.contig697	3377	0	0
D389.contig698	3376	0	0
D389.contig699	3374	24	2
D389.contig700	3372	0	0
D389.contig701	3371	0	0
D389.contig702	3367	114	6
D389.contig703	3362	153	4
D389.contig704	3362	0	0
D389.contig705	3347	0	0
D389.contig706	3342	0	0
D389.contig707	3338	26	4
D389.contig708	3319	31	2
D389.contig709	3314	0	0
D389.contig710	3309	0	0
D389.contig711	3309	0	0
D389.contig712	3301	0	0
D389.contig713	3291	0	0
D389.contig714	3282	467	21
D389.contig715	3280	9	1
D389.contig716	3275	30	2
D389.contig717	3268	0	0
D389.contig718	3266	88	7
D389.contig719	3260	0	0
D389.contig720	3257	47	1
D389.contig721	3256	16	4
D389.contig722	3255	0	0
D389.contig723	3254	1	1
D389.contig724	3252	0	0
D389.contig725	3250	0	0
D389.contig726	3245	44	2
D389.contig727	3245	4894	895
D389.contig728	3236	0	0
D389.contig729	3230	58	1
D389.contig730	3227	41	3
D389.contig731	3225	0	0
D389.contig732	3220	0	0
D389.contig733	3218	0	0
D389.contig734	3218	40	2
D389.contig735	3217	48	2
D389.contig736	3208	0	0
D389.contig737	3199	256	40
D389.contig738	3198	104	7
D389.contig739	3193	0	0
D389.contig740	3192	62	8
D389.contig741	3191	0	0
D389.contig742	3187	69	9
D389.contig743	3182	0	0
D389.contig744	3179	0	0
D389.contig745	3176	0	0
D389.contig746	3174	0	0
D389.contig747	3162	2832	58
D389.contig748	3156	0	0
D389.contig749	3154	648	183
D389.contig750	3147	0	0
D389.contig751	3140	28	4
D389.contig752	3138	23	1
D389.contig753	3126	0	0
D389.contig754	3125	0	0
D389.contig755	3124	0	0
D389.contig756	3123	0	0
D389.contig757	3122	63	7
D389.contig758	3121	0	0
D389.contig759	3121	0	0
D389.contig760	3118	0	0
D389.contig761	3106	0	0
D389.contig762	3104	0	0
D389.contig763	3098	157	9
D389.contig764	3098	0	0
D389.contig765	3096	1089	125
D389.contig766	3094	127	7
D389.contig767	3094	0	0
D389.contig768	3083	0	0
D389.contig769	3073	0	0
D389.contig770	3068	35	0
D389.contig771	3067	0	0
D389.contig772	3059	0	0
D389.contig773	3054	0	0
D389.contig774	3046	0	0
D389.contig775	3043	0	0
D389.contig776	3033	223	6
D389.contig777	3033	0	0
D389.contig778	3032	0	0
D389.contig779	3030	0	0
D389.contig780	3025	0	0
D389.contig781	3022	0	0
D389.contig782	3020	41	4
D389.contig783	3019	48	1
D389.contig784	3010	0	0
D389.contig785	3009	38	5
D389.contig786	3009	0	0
*	0	0	225010
