D389.contig1	59158	0	0
D389.contig2	45562	0	0
D389.contig3	43565	0	0
D389.contig4	42596	5611	889
D389.contig5	42437	1337	29
D389.contig6	41062	10805	1903
D389.contig7	40715	0	0
D389.contig8	40686	0	0
D389.contig9	40494	2	0
D389.contig10	39201	0	0
D389.contig11	38305	0	0
D389.contig12	38211	6	2
D389.contig13	37757	6291	136
D389.contig14	37110	0	0
D389.contig15	36827	417	73
D389.contig16	36738	2	0
D389.contig17	36618	2837	60
D389.contig18	36419	1	0
D389.contig19	36044	0	0
D389.contig20	35832	13529	304
D389.contig21	35661	31717	3575
D389.contig22	35627	60	17
D389.contig23	34579	4435	79
D389.contig24	34386	0	0
D389.contig25	33286	0	0
D389.contig26	33275	0	0
D389.contig27	33194	9091	158
D389.contig28	32951	0	0
D389.contig29	32783	3539	57
D389.contig30	32254	117	4
D389.contig31	32038	2185	51
D389.contig32	31796	0	0
D389.contig33	31557	4387	81
D389.contig34	31371	0	0
D389.contig35	29779	0	0
D389.contig36	27884	2275	79
D389.contig37	27737	11971	372
D389.contig38	27401	50	2
D389.contig39	27261	4	0
D389.contig40	26912	1831	27
D389.contig41	26800	0	0
D389.contig42	26670	0	0
D389.contig43	26507	7920	176
D389.contig44	26502	3967	68
D389.contig45	26258	10159	176
D389.contig46	26213	0	0
D389.contig47	26196	0	0
D389.contig48	26134	1180	23
D389.contig49	26083	3344	71
D389.contig50	25987	287	5
D389.contig51	25765	3878	90
D389.contig52	25470	1791	33
D389.contig53	25400	2362	44
D389.contig54	24483	11	5
D389.contig55	24452	639	11
D389.contig56	24319	5855	99
D389.contig57	24240	0	0
D389.contig58	24082	7	7
D389.contig59	24019	8890	155
D389.contig60	23803	15949	420
D389.contig61	23761	2992	53
D389.contig62	23584	16707	413
D389.contig63	23349	0	0
D389.contig64	23323	1298	30
D389.contig65	23098	0	0
D389.contig66	22843	2644	70
D389.contig67	22810	0	0
D389.contig68	22684	4654	114
D389.contig69	22621	2110	40
D389.contig70	22353	0	0
D389.contig71	22261	0	0
D389.contig72	21856	2110	55
D389.contig73	21836	0	0
D389.contig74	21644	109	12
D389.contig75	21557	21341	451
D389.contig76	21051	0	0
D389.contig77	21034	8	2
D389.contig78	20877	5932	124
D389.contig79	20697	22	0
D389.contig80	20689	1283	24
D389.contig81	20618	0	0
D389.contig82	20447	25	3
D389.contig83	20429	510	12
D389.contig84	19841	0	0
D389.contig85	19755	3352	73
D389.contig86	19732	42	8
D389.contig87	19631	1510	28
D389.contig88	19584	0	0
D389.contig89	19408	0	0
D389.contig90	19403	52	13
D389.contig91	19395	0	0
D389.contig92	19336	0	0
D389.contig93	19295	1033	30
D389.contig94	19250	501	21
D389.contig95	19116	1432	46
D389.contig96	18912	662	16
D389.contig97	18512	742	13
D389.contig98	18390	1	1
D389.contig99	18282	0	0
D389.contig100	18172	1897	69
D389.contig101	18152	0	0
D389.contig102	18024	1358	36
D389.contig103	17924	49038	2070
D389.contig104	17719	2170	54
D389.contig105	17628	1709	32
D389.contig106	17525	1988	154
D389.contig107	17438	10	6
D389.contig108	17009	2636	58
D389.contig109	16974	4709	100
D389.contig110	16966	599	13
D389.contig111	16965	1336	32
D389.contig112	16955	1217	24
D389.contig113	16853	1283	38
D389.contig114	16846	2120	37
D389.contig115	16805	0	0
D389.contig116	16769	544	16
D389.contig117	16622	1019	11
D389.contig118	16569	0	0
D389.contig119	16400	2760	63
D389.contig120	16350	634	16
D389.contig121	16338	0	0
D389.contig122	16317	0	0
D389.contig123	16245	0	0
D389.contig124	16155	0	0
D389.contig125	15888	3180	247
D389.contig126	15855	0	0
D389.contig127	15848	188	67
D389.contig128	15832	0	0
D389.contig129	15798	0	0
D389.contig130	15705	0	0
D389.contig131	15606	0	0
D389.contig132	15447	9991	399
D389.contig133	15254	4245	194
D389.contig134	15184	0	0
D389.contig135	15118	1023	23
D389.contig136	15081	597	17
D389.contig137	15058	0	0
D389.contig138	14943	0	0
D389.contig139	14816	15	1
D389.contig140	14804	3283	69
D389.contig141	14794	596	19
D389.contig142	14637	0	0
D389.contig143	14598	9482	614
D389.contig144	14455	0	0
D389.contig145	14439	0	0
D389.contig146	14411	494	23
D389.contig147	14371	0	0
D389.contig148	14366	0	0
D389.contig149	14337	2388	73
D389.contig150	14263	508	18
D389.contig151	14248	0	0
D389.contig152	14246	2097	540
D389.contig153	14222	0	0
D389.contig154	14189	762	17
D389.contig155	14161	0	0
D389.contig156	14084	78	46
D389.contig157	14026	0	0
D389.contig158	14022	0	0
D389.contig159	13929	1254	33
D389.contig160	13821	0	0
D389.contig161	13755	0	0
D389.contig162	13679	0	0
D389.contig163	13516	0	0
D389.contig164	13504	0	0
D389.contig165	13464	1712	25
D389.contig166	13438	1248	38
D389.contig167	13369	0	0
D389.contig168	13367	742	26
D389.contig169	13287	5735	116
D389.contig170	13258	0	0
D389.contig171	13243	0	0
D389.contig172	13210	6	4
D389.contig173	13123	2320	61
D389.contig174	13100	0	0
D389.contig175	12945	2	0
D389.contig176	12907	6389	159
D389.contig177	12876	1273	19
D389.contig178	12863	1058	19
D389.contig179	12795	765	20
D389.contig180	12642	0	0
D389.contig181	12595	21	0
D389.contig182	12572	103	5
D389.contig183	12507	3318	138
D389.contig184	12439	0	0
D389.contig185	12389	0	0
D389.contig186	12320	4092	117
D389.contig187	12307	195	21
D389.contig188	12266	0	0
D389.contig189	12263	529	10
D389.contig190	12231	0	0
D389.contig191	12172	0	0
D389.contig192	12128	0	0
D389.contig193	12123	2608	68
D389.contig194	12094	408	9
D389.contig195	12076	0	0
D389.contig196	12004	2067	55
D389.contig197	11963	0	0
D389.contig198	11961	1324	23
D389.contig199	11934	0	0
D389.contig200	11855	864	23
D389.contig201	11851	803	7
D389.contig202	11746	10	6
D389.contig203	11710	0	0
D389.contig204	11566	22	1
D389.contig205	11515	0	0
D389.contig206	11455	0	0
D389.contig207	11354	1482	52
D389.contig208	11302	0	0
D389.contig209	11216	2	0
D389.contig210	11193	3032	116
D389.contig211	11130	0	0
D389.contig212	11077	0	0
D389.contig213	11045	766	20
D389.contig214	11014	613	63
D389.contig215	10905	299	13
D389.contig216	10897	0	0
D389.contig217	10684	9	3
D389.contig218	10682	358	6
D389.contig219	10648	0	0
D389.contig220	10603	0	0
D389.contig221	10601	442	15
D389.contig222	10410	4239	180
D389.contig223	10256	850	33
D389.contig224	10197	0	0
D389.contig225	10192	0	0
D389.contig226	10153	0	0
D389.contig227	10104	0	0
D389.contig228	10094	3254	286
D389.contig229	10048	0	0
D389.contig230	10047	584	18
D389.contig231	10011	3676	547
D389.contig232	9980	614	20
D389.contig233	9977	0	0
D389.contig234	9842	838	14
D389.contig235	9808	0	0
D389.contig236	9764	171	3
D389.contig237	9718	7173	193
D389.contig238	9688	1375	46
D389.contig239	9666	26188	2398
D389.contig240	9649	0	0
D389.contig241	9630	0	0
D389.contig242	9604	1044	29
D389.contig243	9602	903	52
D389.contig244	9573	648	25
D389.contig245	9554	417	7
D389.contig246	9554	0	0
D389.contig247	9535	0	0
D389.contig248	9435	3	3
D389.contig249	9410	0	0
D389.contig250	9369	13753	1104
D389.contig251	9365	0	0
D389.contig252	9363	1510	73
D389.contig253	9355	1512	84
D389.contig254	9342	0	0
D389.contig255	9337	434	15
D389.contig256	9329	6096	194
D389.contig257	9304	1087	25
D389.contig258	9275	317	10
D389.contig259	9266	377	13
D389.contig260	9246	0	0
D389.contig261	9224	255	5
D389.contig262	9221	3969	182
D389.contig263	9201	0	0
D389.contig264	9145	485	23
D389.contig265	9145	241	3
D389.contig266	9136	0	0
D389.contig267	9099	1893	635
D389.contig268	9095	0	0
D389.contig269	9062	346	15
D389.contig270	9033	227	13
D389.contig271	8997	4	2
D389.contig272	8970	0	0
D389.contig273	8961	381	9
D389.contig274	8875	2	2
D389.contig275	8846	307	7
D389.contig276	8806	0	0
D389.contig277	8799	181	6
D389.contig278	8788	0	0
D389.contig279	8738	0	0
D389.contig280	8735	1000	25
D389.contig281	8728	2	0
D389.contig282	8728	0	0
D389.contig283	8721	0	0
D389.contig284	8661	19719	1789
D389.contig285	8636	447	21
D389.contig286	8581	0	0
D389.contig287	8568	1	1
D389.contig288	8527	667	23
D389.contig289	8526	0	0
D389.contig290	8507	0	0
D389.contig291	8419	0	0
D389.contig292	8390	0	0
D389.contig293	8356	0	0
D389.contig294	8318	0	0
D389.contig295	8303	0	0
D389.contig296	8278	0	0
D389.contig297	8268	0	0
D389.contig298	8257	275	9
D389.contig299	8247	0	0
D389.contig300	8233	0	0
D389.contig301	8199	0	0
D389.contig302	8197	844	51
D389.contig303	8186	7865	455
D389.contig304	8181	1198	37
D389.contig305	8130	2	1
D389.contig306	8128	0	0
D389.contig307	8101	0	0
D389.contig308	8072	1931	43
D389.contig309	8007	647	23
D389.contig310	7996	6022	257
D389.contig311	7990	0	0
D389.contig312	7949	254	5
D389.contig313	7944	0	0
D389.contig314	7934	271	9
D389.contig315	7890	0	0
D389.contig316	7869	434	16
D389.contig317	7860	495	16
D389.contig318	7825	158	14
D389.contig319	7821	0	0
D389.contig320	7808	1901	137
D389.contig321	7801	0	0
D389.contig322	7779	188	4
D389.contig323	7775	0	0
D389.contig324	7734	0	0
D389.contig325	7688	0	0
D389.contig326	7685	2853	127
D389.contig327	7667	380	16
D389.contig328	7658	0	0
D389.contig329	7636	1949	93
D389.contig330	7631	1160	278
D389.contig331	7615	0	0
D389.contig332	7555	608	26
D389.contig333	7527	117	7
D389.contig334	7478	0	0
D389.contig335	7469	273	14
D389.contig336	7409	0	0
D389.contig337	7409	953	55
D389.contig338	7364	1344	57
D389.contig339	7325	0	0
D389.contig340	7288	3283	164
D389.contig341	7284	0	0
D389.contig342	7281	713	15
D389.contig343	7271	2548	84
D389.contig344	7261	0	0
D389.contig345	7259	53	22
D389.contig346	7190	0	0
D389.contig347	7178	0	0
D389.contig348	7151	0	0
D389.contig349	7150	964	26
D389.contig350	7095	0	0
D389.contig351	7089	0	0
D389.contig352	7080	306	6
D389.contig353	7043	293	35
D389.contig354	7007	0	0
D389.contig355	6993	0	0
D389.contig356	6973	330	25
D389.contig357	6902	0	0
D389.contig358	6892	580	17
D389.contig359	6890	9416	1418
D389.contig360	6788	172	8
D389.contig361	6749	514	20
D389.contig362	6696	0	0
D389.contig363	6690	0	0
D389.contig364	6646	0	0
D389.contig365	6638	0	0
D389.contig366	6634	0	0
D389.contig367	6630	0	0
D389.contig368	6621	256	15
D389.contig369	6616	0	0
D389.contig370	6608	0	0
D389.contig371	6600	793	35
D389.contig372	6589	0	0
D389.contig373	6583	0	0
D389.contig374	6580	1074	24
D389.contig375	6576	214	8
D389.contig376	6548	0	0
D389.contig377	6530	0	0
D389.contig378	6520	81	1
D389.contig379	6509	499	27
D389.contig380	6496	11	3
D389.contig381	6494	0	0
D389.contig382	6471	0	0
D389.contig383	6465	37	2
D389.contig384	6449	2	0
D389.contig385	6419	91	5
D389.contig386	6415	0	0
D389.contig387	6372	110	6
D389.contig388	6361	0	0
D389.contig389	6360	229	13
D389.contig390	6354	38	16
D389.contig391	6334	0	0
D389.contig392	6334	0	0
D389.contig393	6322	522	27
D389.contig394	6318	0	0
D389.contig395	6318	0	0
D389.contig396	6317	2201	82
D389.contig397	6304	514	20
D389.contig398	6302	0	0
D389.contig399	6275	288	10
D389.contig400	6259	0	0
D389.contig401	6242	0	0
D389.contig402	6202	0	0
D389.contig403	6197	0	0
D389.contig404	6171	7	1
D389.contig405	6125	0	0
D389.contig406	6067	0	0
D389.contig407	6063	0	0
D389.contig408	6046	663	45
D389.contig409	6044	0	0
D389.contig410	6043	0	0
D389.contig411	6038	0	0
D389.contig412	6034	0	0
D389.contig413	6011	0	0
D389.contig414	6009	0	0
D389.contig415	6000	0	0
D389.contig416	5992	0	0
D389.contig417	5961	270	4
D389.contig418	5945	1108	75
D389.contig419	5933	1120	55
D389.contig420	5933	415	18
D389.contig421	5922	0	0
D389.contig422	5889	1490	96
D389.contig423	5887	0	0
D389.contig424	5884	54	6
D389.contig425	5868	0	0
D389.contig426	5858	0	0
D389.contig427	5858	37	28
D389.contig428	5847	0	0
D389.contig429	5843	47	9
D389.contig430	5840	0	0
D389.contig431	5831	3	3
D389.contig432	5819	156	4
D389.contig433	5797	121	2
D389.contig434	5795	78	1
D389.contig435	5792	0	0
D389.contig436	5763	0	0
D389.contig437	5756	0	0
D389.contig438	5750	0	0
D389.contig439	5746	0	0
D389.contig440	5730	0	0
D389.contig441	5711	114	8
D389.contig442	5697	0	0
D389.contig443	5696	0	0
D389.contig444	5689	0	0
D389.contig445	5655	0	0
D389.contig446	5652	0	0
D389.contig447	5644	275	9
D389.contig448	5638	1100	104
D389.contig449	5636	0	0
D389.contig450	5625	0	0
D389.contig451	5617	0	0
D389.contig452	5602	0	0
D389.contig453	5597	29	2
D389.contig454	5585	0	0
D389.contig455	5585	0	0
D389.contig456	5574	0	0
D389.contig457	5568	66	6
D389.contig458	5567	0	0
D389.contig459	5564	0	0
D389.contig460	5559	293	9
D389.contig461	5529	5009	458
D389.contig462	5504	0	0
D389.contig463	5489	0	0
D389.contig464	5457	318	9
D389.contig465	5447	0	0
D389.contig466	5440	480	14
D389.contig467	5414	300	15
D389.contig468	5398	19	1
D389.contig469	5329	0	0
D389.contig470	5318	338	14
D389.contig471	5288	2464	169
D389.contig472	5256	3006	89
D389.contig473	5239	0	0
D389.contig474	5228	268	18
D389.contig475	5208	0	0
D389.contig476	5207	0	0
D389.contig477	5203	0	0
D389.contig478	5196	152	44
D389.contig479	5164	0	0
D389.contig480	5161	345	5
D389.contig481	5159	0	0
D389.contig482	5157	0	0
D389.contig483	5142	408	30
D389.contig484	5135	0	0
D389.contig485	5134	2	0
D389.contig486	5118	658	8
D389.contig487	5112	0	0
D389.contig488	5107	0	0
D389.contig489	5092	202	14
D389.contig490	5056	0	0
D389.contig491	5038	1719314	58493
D389.contig492	5026	0	0
D389.contig493	5009	0	0
D389.contig494	4965	0	0
D389.contig495	4960	18	9
D389.contig496	4954	0	0
D389.contig497	4951	0	0
D389.contig498	4951	602	13
D389.contig499	4894	165	85
D389.contig500	4879	0	0
D389.contig501	4865	274	4
D389.contig502	4865	195	11
D389.contig503	4855	0	0
D389.contig504	4853	192	17
D389.contig505	4825	0	0
D389.contig506	4820	0	0
D389.contig507	4809	0	0
D389.contig508	4802	0	0
D389.contig509	4791	12697	1869
D389.contig510	4786	0	0
D389.contig511	4784	9681	670
D389.contig512	4777	240	4
D389.contig513	4774	0	0
D389.contig514	4762	417	35
D389.contig515	4757	1085	69
D389.contig516	4755	837	27
D389.contig517	4736	4754	214
D389.contig518	4733	18850	1252
D389.contig519	4696	0	0
D389.contig520	4689	174	8
D389.contig521	4685	0	0
D389.contig522	4679	0	0
D389.contig523	4673	0	0
D389.contig524	4648	158	1
D389.contig525	4645	0	0
D389.contig526	4628	135	4
D389.contig527	4610	0	0
D389.contig528	4600	0	0
D389.contig529	4597	1	1
D389.contig530	4585	1382	82
D389.contig531	4578	0	0
D389.contig532	4565	152	12
D389.contig533	4555	6	0
D389.contig534	4551	0	0
D389.contig535	4547	0	0
D389.contig536	4520	0	0
D389.contig537	4513	0	0
D389.contig538	4510	372	16
D389.contig539	4498	0	0
D389.contig540	4472	0	0
D389.contig541	4471	0	0
D389.contig542	4466	0	0
D389.contig543	4455	2	2
D389.contig544	4451	208	15
D389.contig545	4434	172	12
D389.contig546	4426	89	11
D389.contig547	4423	0	0
D389.contig548	4417	267	19
D389.contig549	4413	0	0
D389.contig550	4396	88	1
D389.contig551	4392	93	4
D389.contig552	4387	0	0
D389.contig553	4383	151	6
D389.contig554	4379	0	0
D389.contig555	4373	0	0
D389.contig556	4370	0	0
D389.contig557	4363	0	0
D389.contig558	4355	0	0
D389.contig559	4352	0	0
D389.contig560	4343	0	0
D389.contig561	4333	2	0
D389.contig562	4307	0	0
D389.contig563	4306	0	0
D389.contig564	4300	89	46
D389.contig565	4299	0	0
D389.contig566	4299	254	14
D389.contig567	4281	0	0
D389.contig568	4274	0	0
D389.contig569	4263	0	0
D389.contig570	4261	6	0
D389.contig571	4260	111	7
D389.contig572	4256	0	0
D389.contig573	4252	0	0
D389.contig574	4236	366	20
D389.contig575	4234	4	0
D389.contig576	4232	0	0
D389.contig577	4225	99	6
D389.contig578	4220	0	0
D389.contig579	4209	155	9
D389.contig580	4204	0	0
D389.contig581	4184	2	0
D389.contig582	4176	124	6
D389.contig583	4171	5	3
D389.contig584	4168	0	0
D389.contig585	4159	212	18
D389.contig586	4158	0	0
D389.contig587	4157	0	0
D389.contig588	4147	2	0
D389.contig589	4138	0	0
D389.contig590	4129	153	18
D389.contig591	4122	378	16
D389.contig592	4120	285	15
D389.contig593	4118	0	0
D389.contig594	4118	11	0
D389.contig595	4103	0	0
D389.contig596	4101	0	0
D389.contig597	4097	0	0
D389.contig598	4085	0	0
D389.contig599	4084	0	0
D389.contig600	4076	0	0
D389.contig601	4068	0	0
D389.contig602	4050	0	0
D389.contig603	4046	0	0
D389.contig604	4040	0	0
D389.contig605	4036	0	0
D389.contig606	4033	82	6
D389.contig607	4022	0	0
D389.contig608	4007	167	19
D389.contig609	4003	197	7
D389.contig610	4001	1	1
D389.contig611	3991	0	0
D389.contig612	3991	0	0
D389.contig613	3979	2	0
D389.contig614	3977	0	0
D389.contig615	3970	166	10
D389.contig616	3957	421	33
D389.contig617	3957	0	0
D389.contig618	3948	3322	85
D389.contig619	3921	0	0
D389.contig620	3919	7	0
D389.contig621	3911	4750	386
D389.contig622	3906	150	14
D389.contig623	3886	146	14
D389.contig624	3878	0	0
D389.contig625	3848	2	0
D389.contig626	3845	780	10
D389.contig627	3844	141	3
D389.contig628	3832	0	0
D389.contig629	3829	290	16
D389.contig630	3827	0	0
D389.contig631	3824	0	0
D389.contig632	3824	112	43
D389.contig633	3822	0	0
D389.contig634	3821	0	0
D389.contig635	3803	195	15
D389.contig636	3799	169	5
D389.contig637	3795	40	1
D389.contig638	3784	0	0
D389.contig639	3771	131	3
D389.contig640	3755	0	0
D389.contig641	3750	0	0
D389.contig642	3747	195	11
D389.contig643	3741	176	6
D389.contig644	3741	172	8
D389.contig645	3724	0	0
D389.contig646	3719	0	0
D389.contig647	3716	9445	801
D389.contig648	3716	17621	721
D389.contig649	3705	900	84
D389.contig650	3682	0	0
D389.contig651	3678	444	8
D389.contig652	3666	2	1
D389.contig653	3660	162	16
D389.contig654	3657	0	0
D389.contig655	3654	138	5
D389.contig656	3653	91	2
D389.contig657	3646	0	0
D389.contig658	3622	0	0
D389.contig659	3620	0	0
D389.contig660	3612	277	12
D389.contig661	3603	0	0
D389.contig662	3594	0	0
D389.contig663	3583	0	0
D389.contig664	3578	264	20
D389.contig665	3569	133	8
D389.contig666	3564	4	3
D389.contig667	3557	1736	100
D389.contig668	3538	0	0
D389.contig669	3537	0	0
D389.contig670	3536	247	42
D389.contig671	3525	3732	240
D389.contig672	3514	1256	36
D389.contig673	3511	1247	23
D389.contig674	3504	0	0
D389.contig675	3493	0	0
D389.contig676	3492	8	3
D389.contig677	3488	19	3
D389.contig678	3464	0	0
D389.contig679	3444	213	0
D389.contig680	3438	174	16
D389.contig681	3438	167	2
D389.contig682	3434	587	16
D389.contig683	3427	0	0
D389.contig684	3425	183	12
D389.contig685	3424	6	0
D389.contig686	3423	0	0
D389.contig687	3417	202	14
D389.contig688	3417	0	0
D389.contig689	3416	99	11
D389.contig690	3412	1463	115
D389.contig691	3412	0	0
D389.contig692	3409	103	5
D389.contig693	3398	295	20
D389.contig694	3396	0	0
D389.contig695	3392	0	0
D389.contig696	3386	2259	172
D389.contig697	3377	0	0
D389.contig698	3376	0	0
D389.contig699	3374	112	7
D389.contig700	3372	0	0
D389.contig701	3371	0	0
D389.contig702	3367	215	7
D389.contig703	3362	360	6
D389.contig704	3362	0	0
D389.contig705	3347	0	0
D389.contig706	3342	0	0
D389.contig707	3338	193	16
D389.contig708	3319	81	4
D389.contig709	3314	0	0
D389.contig710	3309	0	0
D389.contig711	3309	0	0
D389.contig712	3301	0	0
D389.contig713	3291	3	1
D389.contig714	3282	171	8
D389.contig715	3280	132	8
D389.contig716	3275	87	11
D389.contig717	3268	0	0
D389.contig718	3266	111	7
D389.contig719	3260	0	0
D389.contig720	3257	132	3
D389.contig721	3256	71	5
D389.contig722	3255	0	0
D389.contig723	3254	2	0
D389.contig724	3252	0	0
D389.contig725	3250	0	0
D389.contig726	3245	143	8
D389.contig727	3245	1491	286
D389.contig728	3236	2	0
D389.contig729	3230	113	5
D389.contig730	3227	138	5
D389.contig731	3225	0	0
D389.contig732	3220	0	0
D389.contig733	3218	0	0
D389.contig734	3218	199	12
D389.contig735	3217	159	7
D389.contig736	3208	0	0
D389.contig737	3199	1685	42
D389.contig738	3198	170	14
D389.contig739	3193	0	0
D389.contig740	3192	72	3
D389.contig741	3191	0	0
D389.contig742	3187	181	7
D389.contig743	3182	0	0
D389.contig744	3179	0	0
D389.contig745	3176	0	0
D389.contig746	3174	0	0
D389.contig747	3162	3041	66
D389.contig748	3156	0	0
D389.contig749	3154	1463	626
D389.contig750	3147	0	0
D389.contig751	3140	148	15
D389.contig752	3138	0	0
D389.contig753	3126	0	0
D389.contig754	3125	0	0
D389.contig755	3124	0	0
D389.contig756	3123	0	0
D389.contig757	3122	53	11
D389.contig758	3121	195	23
D389.contig759	3121	1	1
D389.contig760	3118	0	0
D389.contig761	3106	0	0
D389.contig762	3104	4	2
D389.contig763	3098	123	12
D389.contig764	3098	0	0
D389.contig765	3096	1380	59
D389.contig766	3094	309	19
D389.contig767	3094	0	0
D389.contig768	3083	6	0
D389.contig769	3073	0	0
D389.contig770	3068	118	4
D389.contig771	3067	0	0
D389.contig772	3059	2	0
D389.contig773	3054	0	0
D389.contig774	3046	0	0
D389.contig775	3043	0	0
D389.contig776	3033	218	6
D389.contig777	3033	29	3
D389.contig778	3032	0	0
D389.contig779	3030	0	0
D389.contig780	3025	0	0
D389.contig781	3022	0	0
D389.contig782	3020	189	9
D389.contig783	3019	90	0
D389.contig784	3010	0	0
D389.contig785	3009	166	16
D389.contig786	3009	0	0
*	0	0	7169610
