R4001.contig1	3129	87144	21890
R4001.contig2	2125	3481855	239964
R4001.contig3	1849	4159117	183793
R4001.contig4	1661	77	6
R4001.contig5	1661	0	0
R4001.contig6	1580	409	52
R4001.contig7	1354	4423	94
R4001.contig8	1318	71	4
R4001.contig9	1310	188486	23581
R4001.contig10	1172	7486	2202
R4001.contig11	1158	1182	364
R4001.contig12	1154	0	0
R4001.contig13	1118	24564	7597
R4001.contig14	1100	25492	9161
R4001.contig15	1090	4860	346
R4001.contig16	1061	57	4
R4001.contig17	1050	1469	686
R4001.contig18	1036	2081	572
R4001.contig19	1014	11215	1319
R4001.contig20	1009	116	10
R4001.contig21	996	841	69
R4001.contig22	989	16	2
R4001.contig23	967	0	0
R4001.contig24	966	3540	880
R4001.contig25	966	2149	452
R4001.contig26	943	7045	1749
R4001.contig27	936	24555	13639
R4001.contig28	922	892	216
R4001.contig29	918	2076	234
R4001.contig30	866	6561	739
R4001.contig31	853	101	32
R4001.contig32	852	22401	8140
R4001.contig33	845	0	0
R4001.contig34	844	4853	2366
R4001.contig35	800	138240	22815
R4001.contig36	795	3384	1217
R4001.contig37	764	644	122
R4001.contig38	742	34	13
R4001.contig39	728	2162	663
R4001.contig40	728	361	8
R4001.contig41	727	158	6
R4001.contig42	718	14	0
R4001.contig43	715	111	25
R4001.contig44	699	65088	13004
R4001.contig45	691	6201	2434
R4001.contig46	686	336631	46970
R4001.contig47	673	22	2
R4001.contig48	671	84	8
R4001.contig49	657	269	47
R4001.contig50	654	0	0
R4001.contig51	651	4574	319
R4001.contig52	648	608031	72381
R4001.contig53	642	353	53
R4001.contig54	620	434	2
R4001.contig55	615	20	4
R4001.contig56	614	469	93
R4001.contig57	613	260	6
R4001.contig58	610	63	25
R4001.contig59	604	0	0
R4001.contig60	599	0	0
R4001.contig61	581	15	1
R4001.contig62	581	7339	1902
R4001.contig63	577	1184	48
R4001.contig64	577	4	0
R4001.contig65	576	0	0
R4001.contig66	572	1234	696
R4001.contig67	569	37	1
R4001.contig68	565	8139	224
R4001.contig69	564	70730	3201
R4001.contig70	563	117	7
R4001.contig71	560	0	0
R4001.contig72	556	271939	72593
R4001.contig73	554	1251	429
R4001.contig74	550	0	0
R4001.contig75	545	112610	3234
R4001.contig76	544	4947	2658
R4001.contig77	544	2446	582
R4001.contig78	542	65	6
R4001.contig79	535	286	42
R4001.contig80	532	27	15
R4001.contig81	525	20997	5556
R4001.contig82	521	60	11
R4001.contig83	519	1502	332
R4001.contig84	518	2	0
R4001.contig85	517	8626	2272
R4001.contig86	514	623	47
R4001.contig87	514	0	0
R4001.contig88	503	1181	214
R4001.contig89	501	2669	29
R4001.contig90	501	281988	29733
R4001.contig91	499	26	2
R4001.contig92	498	1287	248
R4001.contig93	496	3	1
R4001.contig94	493	38238	5679
R4001.contig95	492	3819	1691
R4001.contig96	486	7	0
R4001.contig97	486	603	29
R4001.contig98	463	74	12
R4001.contig99	463	693	9
R4001.contig100	463	29	13
R4001.contig101	462	245	45
R4001.contig102	460	356	44
R4001.contig103	459	216	17
R4001.contig104	453	28	4
R4001.contig105	453	0	0
R4001.contig106	453	1441	247
R4001.contig107	451	11295	2745
R4001.contig108	449	132253	22945
R4001.contig109	447	23118	8000
R4001.contig110	443	700	59
R4001.contig111	442	52	1
R4001.contig112	442	85	5
R4001.contig113	440	2	0
R4001.contig114	440	614	136
R4001.contig115	439	2269	375
R4001.contig116	439	8	1
R4001.contig117	436	13215	6405
R4001.contig118	434	7	1
R4001.contig119	431	49	12
R4001.contig120	426	0	0
R4001.contig121	422	178	37
R4001.contig122	422	0	0
R4001.contig123	419	0	0
R4001.contig124	416	877	179
R4001.contig125	415	1	1
R4001.contig126	412	290	16
R4001.contig127	410	295	26
R4001.contig128	408	0	0
R4001.contig129	407	0	0
R4001.contig130	404	29	6
R4001.contig131	404	0	0
R4001.contig132	404	0	0
R4001.contig133	401	447	155
R4001.contig134	397	0	0
R4001.contig135	396	24433	7706
R4001.contig136	394	561	87
R4001.contig137	392	5	2
R4001.contig138	389	24	4
R4001.contig139	389	2	0
R4001.contig140	388	0	0
R4001.contig141	388	354	89
R4001.contig142	387	209	24
R4001.contig143	387	14691	141
R4001.contig144	387	0	0
R4001.contig145	385	0	0
R4001.contig146	383	11	3
R4001.contig147	382	275	43
R4001.contig148	382	6878	868
R4001.contig149	381	387	115
R4001.contig150	376	0	0
R4001.contig151	371	3509	1008
R4001.contig152	362	0	0
R4001.contig153	359	195295	65104
R4001.contig154	358	1032	297
R4001.contig155	357	114	3
R4001.contig156	353	0	0
R4001.contig157	353	24	5
R4001.contig158	350	0	0
R4001.contig159	349	12622	3642
R4001.contig160	342	29121	11406
R4001.contig161	342	2742	533
R4001.contig162	342	16	0
R4001.contig163	338	4	0
R4001.contig164	332	9256	108
R4001.contig165	332	4110	388
R4001.contig166	330	3765	662
R4001.contig167	328	70	3
R4001.contig168	327	0	0
R4001.contig169	327	4594	1707
R4001.contig170	323	1252	493
R4001.contig171	322	6	0
R4001.contig172	321	39	1
R4001.contig173	311	0	0
R4001.contig174	311	6	0
R4001.contig175	309	1781	773
R4001.contig176	309	49	2
R4001.contig177	308	3081	1144
R4001.contig178	308	0	0
R4001.contig179	307	0	0
R4001.contig180	305	0	0
R4001.contig181	305	60	6
R4001.contig182	302	7294	2614
R4001.contig183	302	0	0
*	0	0	15802478
