D368.contig1	75466	0	0
D368.contig2	67696	0	0
D368.contig3	65487	0	0
D368.contig4	61462	0	0
D368.contig5	61052	2	0
D368.contig6	60505	0	0
D368.contig7	60250	0	0
D368.contig8	59905	0	0
D368.contig9	59610	0	0
D368.contig10	51619	0	0
D368.contig11	49025	0	0
D368.contig12	48553	0	0
D368.contig13	48251	0	0
D368.contig14	47022	0	0
D368.contig15	46647	18	8
D368.contig16	46358	0	0
D368.contig17	43820	0	0
D368.contig18	42497	0	0
D368.contig19	41807	0	0
D368.contig20	41575	0	0
D368.contig21	40806	8	0
D368.contig22	40740	0	0
D368.contig23	40724	0	0
D368.contig24	40520	0	0
D368.contig25	40435	0	0
D368.contig26	40275	0	0
D368.contig27	39708	0	0
D368.contig28	39636	0	0
D368.contig29	39383	0	0
D368.contig30	39330	0	0
D368.contig31	39182	0	0
D368.contig32	39136	0	0
D368.contig33	37658	0	0
D368.contig34	37235	0	0
D368.contig35	36896	0	0
D368.contig36	36600	0	0
D368.contig37	36183	0	0
D368.contig38	35843	2	0
D368.contig39	35481	0	0
D368.contig40	35156	0	0
D368.contig41	35118	0	0
D368.contig42	34826	0	0
D368.contig43	34668	0	0
D368.contig44	34251	0	0
D368.contig45	33566	0	0
D368.contig46	33426	0	0
D368.contig47	32853	0	0
D368.contig48	32426	0	0
D368.contig49	32281	0	0
D368.contig50	32054	0	0
D368.contig51	31627	0	0
D368.contig52	31385	0	0
D368.contig53	30862	0	0
D368.contig54	30589	1	1
D368.contig55	30279	0	0
D368.contig56	29821	0	0
D368.contig57	29695	0	0
D368.contig58	28988	0	0
D368.contig59	28874	0	0
D368.contig60	28516	0	0
D368.contig61	27653	0	0
D368.contig62	27434	0	0
D368.contig63	26687	0	0
D368.contig64	26269	0	0
D368.contig65	25558	0	0
D368.contig66	25307	24	4
D368.contig67	25297	0	0
D368.contig68	25055	0	0
D368.contig69	24910	0	0
D368.contig70	24411	0	0
D368.contig71	23784	0	0
D368.contig72	23289	0	0
D368.contig73	23195	0	0
D368.contig74	23142	0	0
D368.contig75	23020	0	0
D368.contig76	21418	0	0
D368.contig77	21358	0	0
D368.contig78	20982	0	0
D368.contig79	20694	0	0
D368.contig80	20645	0	0
D368.contig81	20503	0	0
D368.contig82	20113	0	0
D368.contig83	19956	0	0
D368.contig84	19797	0	0
D368.contig85	19782	0	0
D368.contig86	19769	0	0
D368.contig87	19744	0	0
D368.contig88	19064	0	0
D368.contig89	19033	0	0
D368.contig90	18959	0	0
D368.contig91	18170	0	0
D368.contig92	18134	0	0
D368.contig93	18012	0	0
D368.contig94	17896	0	0
D368.contig95	17800	0	0
D368.contig96	17712	0	0
D368.contig97	17538	0	0
D368.contig98	17336	0	0
D368.contig99	17249	0	0
D368.contig100	17115	0	0
D368.contig101	17094	0	0
D368.contig102	17064	0	0
D368.contig103	16958	0	0
D368.contig104	16598	0	0
D368.contig105	16504	0	0
D368.contig106	16459	0	0
D368.contig107	16129	0	0
D368.contig108	16086	0	0
D368.contig109	15842	0	0
D368.contig110	15641	0	0
D368.contig111	15305	0	0
D368.contig112	15276	0	0
D368.contig113	15052	0	0
D368.contig114	14997	0	0
D368.contig115	14774	0	0
D368.contig116	14687	3	1
D368.contig117	14603	0	0
D368.contig118	14491	0	0
D368.contig119	14242	0	0
D368.contig120	14186	0	0
D368.contig121	14153	0	0
D368.contig122	14037	1	1
D368.contig123	13916	0	0
D368.contig124	13828	0	0
D368.contig125	13747	0	0
D368.contig126	13671	3	1
D368.contig127	13634	0	0
D368.contig128	13633	0	0
D368.contig129	13545	0	0
D368.contig130	13437	0	0
D368.contig131	13116	0	0
D368.contig132	13026	0	0
D368.contig133	12918	0	0
D368.contig134	12887	0	0
D368.contig135	12799	0	0
D368.contig136	12663	0	0
D368.contig137	12500	0	0
D368.contig138	12416	0	0
D368.contig139	12239	0	0
D368.contig140	12201	0	0
D368.contig141	12179	0	0
D368.contig142	12121	2	2
D368.contig143	12104	0	0
D368.contig144	12081	0	0
D368.contig145	12000	0	0
D368.contig146	11876	0	0
D368.contig147	11856	0	0
D368.contig148	11844	0	0
D368.contig149	11829	0	0
D368.contig150	11622	2	2
D368.contig151	11593	0	0
D368.contig152	11532	0	0
D368.contig153	11518	0	0
D368.contig154	11502	0	0
D368.contig155	11437	0	0
D368.contig156	11252	0	0
D368.contig157	11252	0	0
D368.contig158	11236	0	0
D368.contig159	11213	0	0
D368.contig160	11155	0	0
D368.contig161	11081	49	3
D368.contig162	11050	0	0
D368.contig163	10967	0	0
D368.contig164	10934	0	0
D368.contig165	10837	0	0
D368.contig166	10806	1	1
D368.contig167	10793	0	0
D368.contig168	10764	0	0
D368.contig169	10685	0	0
D368.contig170	10677	0	0
D368.contig171	10433	0	0
D368.contig172	10407	0	0
D368.contig173	10369	0	0
D368.contig174	10108	0	0
D368.contig175	10078	0	0
D368.contig176	10055	0	0
D368.contig177	10017	0	0
D368.contig178	9994	0	0
D368.contig179	9990	0	0
D368.contig180	9932	0	0
D368.contig181	9895	0	0
D368.contig182	9880	0	0
D368.contig183	9845	0	0
D368.contig184	9808	0	0
D368.contig185	9785	0	0
D368.contig186	9784	0	0
D368.contig187	9678	0	0
D368.contig188	9657	0	0
D368.contig189	9642	0	0
D368.contig190	9555	0	0
D368.contig191	9541	0	0
D368.contig192	9511	0	0
D368.contig193	9500	0	0
D368.contig194	9499	0	0
D368.contig195	9497	0	0
D368.contig196	9494	0	0
D368.contig197	9385	0	0
D368.contig198	9294	0	0
D368.contig199	9288	0	0
D368.contig200	9081	0	0
D368.contig201	9022	0	0
D368.contig202	8990	0	0
D368.contig203	8917	0	0
D368.contig204	8805	0	0
D368.contig205	8735	0	0
D368.contig206	8718	0	0
D368.contig207	8612	0	0
D368.contig208	8574	0	0
D368.contig209	8534	0	0
D368.contig210	8515	0	0
D368.contig211	8441	0	0
D368.contig212	8420	0	0
D368.contig213	8324	0	0
D368.contig214	8291	0	0
D368.contig215	8245	0	0
D368.contig216	8185	0	0
D368.contig217	8157	0	0
D368.contig218	8155	0	0
D368.contig219	8078	0	0
D368.contig220	8059	0	0
D368.contig221	8044	0	0
D368.contig222	8035	0	0
D368.contig223	8031	0	0
D368.contig224	8006	0	0
D368.contig225	7994	0	0
D368.contig226	7988	0	0
D368.contig227	7954	0	0
D368.contig228	7906	0	0
D368.contig229	7831	0	0
D368.contig230	7805	0	0
D368.contig231	7804	0	0
D368.contig232	7657	0	0
D368.contig233	7652	0	0
D368.contig234	7632	0	0
D368.contig235	7611	0	0
D368.contig236	7594	0	0
D368.contig237	7584	0	0
D368.contig238	7575	0	0
D368.contig239	7528	0	0
D368.contig240	7525	0	0
D368.contig241	7408	0	0
D368.contig242	7380	0	0
D368.contig243	7333	0	0
D368.contig244	7311	0	0
D368.contig245	7295	0	0
D368.contig246	7256	0	0
D368.contig247	7251	0	0
D368.contig248	7234	0	0
D368.contig249	7189	0	0
D368.contig250	7164	0	0
D368.contig251	7159	0	0
D368.contig252	7105	0	0
D368.contig253	7024	0	0
D368.contig254	7012	0	0
D368.contig255	7004	0	0
D368.contig256	6989	0	0
D368.contig257	6985	4	0
D368.contig258	6977	0	0
D368.contig259	6973	0	0
D368.contig260	6953	0	0
D368.contig261	6919	0	0
D368.contig262	6914	0	0
D368.contig263	6894	0	0
D368.contig264	6887	0	0
D368.contig265	6880	0	0
D368.contig266	6878	0	0
D368.contig267	6870	0	0
D368.contig268	6865	0	0
D368.contig269	6852	0	0
D368.contig270	6846	0	0
D368.contig271	6844	0	0
D368.contig272	6821	0	0
D368.contig273	6817	0	0
D368.contig274	6794	0	0
D368.contig275	6792	0	0
D368.contig276	6766	0	0
D368.contig277	6750	0	0
D368.contig278	6750	0	0
D368.contig279	6735	0	0
D368.contig280	6728	0	0
D368.contig281	6725	0	0
D368.contig282	6653	0	0
D368.contig283	6639	0	0
D368.contig284	6633	0	0
D368.contig285	6629	0	0
D368.contig286	6610	0	0
D368.contig287	6566	0	0
D368.contig288	6556	0	0
D368.contig289	6530	0	0
D368.contig290	6484	0	0
D368.contig291	6458	0	0
D368.contig292	6437	0	0
D368.contig293	6426	0	0
D368.contig294	6390	0	0
D368.contig295	6366	0	0
D368.contig296	6364	0	0
D368.contig297	6357	0	0
D368.contig298	6333	0	0
D368.contig299	6327	0	0
D368.contig300	6320	0	0
D368.contig301	6318	0	0
D368.contig302	6262	0	0
D368.contig303	6259	0	0
D368.contig304	6220	0	0
D368.contig305	6212	0	0
D368.contig306	6206	0	0
D368.contig307	6205	0	0
D368.contig308	6195	0	0
D368.contig309	6152	0	0
D368.contig310	6110	0	0
D368.contig311	6096	0	0
D368.contig312	6072	0	0
D368.contig313	6071	0	0
D368.contig314	6061	0	0
D368.contig315	6039	0	0
D368.contig316	6015	0	0
D368.contig317	5973	0	0
D368.contig318	5842	0	0
D368.contig319	5813	0	0
D368.contig320	5796	0	0
D368.contig321	5791	2	2
D368.contig322	5787	0	0
D368.contig323	5781	4	0
D368.contig324	5781	0	0
D368.contig325	5758	0	0
D368.contig326	5741	0	0
D368.contig327	5732	0	0
D368.contig328	5728	0	0
D368.contig329	5717	0	0
D368.contig330	5702	0	0
D368.contig331	5701	0	0
D368.contig332	5682	0	0
D368.contig333	5657	0	0
D368.contig334	5651	0	0
D368.contig335	5647	0	0
D368.contig336	5642	0	0
D368.contig337	5638	0	0
D368.contig338	5614	0	0
D368.contig339	5603	0	0
D368.contig340	5600	0	0
D368.contig341	5554	0	0
D368.contig342	5552	0	0
D368.contig343	5533	685	23
D368.contig344	5492	0	0
D368.contig345	5467	0	0
D368.contig346	5459	0	0
D368.contig347	5443	0	0
D368.contig348	5436	0	0
D368.contig349	5402	0	0
D368.contig350	5385	0	0
D368.contig351	5352	0	0
D368.contig352	5347	0	0
D368.contig353	5341	0	0
D368.contig354	5330	0	0
D368.contig355	5299	0	0
D368.contig356	5290	0	0
D368.contig357	5286	0	0
D368.contig358	5279	0	0
D368.contig359	5259	2	0
D368.contig360	5191	0	0
D368.contig361	5190	0	0
D368.contig362	5128	0	0
D368.contig363	5099	0	0
D368.contig364	5094	0	0
D368.contig365	5077	0	0
D368.contig366	5076	0	0
D368.contig367	5059	0	0
D368.contig368	5052	0	0
D368.contig369	5050	0	0
D368.contig370	5046	0	0
D368.contig371	5040	0	0
D368.contig372	5040	0	0
D368.contig373	5037	0	0
D368.contig374	5036	0	0
D368.contig375	5022	0	0
D368.contig376	5000	0	0
D368.contig377	4988	0	0
D368.contig378	4984	0	0
D368.contig379	4961	0	0
D368.contig380	4952	0	0
D368.contig381	4920	0	0
D368.contig382	4918	0	0
D368.contig383	4913	0	0
D368.contig384	4912	0	0
D368.contig385	4897	0	0
D368.contig386	4891	0	0
D368.contig387	4886	0	0
D368.contig388	4863	0	0
D368.contig389	4863	0	0
D368.contig390	4850	0	0
D368.contig391	4804	0	0
D368.contig392	4783	0	0
D368.contig393	4771	0	0
D368.contig394	4765	0	0
D368.contig395	4754	0	0
D368.contig396	4746	0	0
D368.contig397	4733	0	0
D368.contig398	4724	0	0
D368.contig399	4721	0	0
D368.contig400	4698	0	0
D368.contig401	4695	0	0
D368.contig402	4693	0	0
D368.contig403	4687	0	0
D368.contig404	4679	0	0
D368.contig405	4663	0	0
D368.contig406	4656	0	0
D368.contig407	4654	0	0
D368.contig408	4639	0	0
D368.contig409	4637	0	0
D368.contig410	4634	0	0
D368.contig411	4629	0	0
D368.contig412	4623	0	0
D368.contig413	4619	0	0
D368.contig414	4613	0	0
D368.contig415	4603	0	0
D368.contig416	4598	0	0
D368.contig417	4591	0	0
D368.contig418	4578	0	0
D368.contig419	4578	0	0
D368.contig420	4558	0	0
D368.contig421	4552	0	0
D368.contig422	4533	0	0
D368.contig423	4493	0	0
D368.contig424	4472	0	0
D368.contig425	4444	0	0
D368.contig426	4431	0	0
D368.contig427	4402	0	0
D368.contig428	4398	0	0
D368.contig429	4393	0	0
D368.contig430	4393	0	0
D368.contig431	4393	0	0
D368.contig432	4381	0	0
D368.contig433	4378	0	0
D368.contig434	4366	0	0
D368.contig435	4362	0	0
D368.contig436	4357	0	0
D368.contig437	4352	0	0
D368.contig438	4351	0	0
D368.contig439	4348	0	0
D368.contig440	4341	0	0
D368.contig441	4275	0	0
D368.contig442	4267	0	0
D368.contig443	4267	0	0
D368.contig444	4265	0	0
D368.contig445	4215	0	0
D368.contig446	4210	0	0
D368.contig447	4209	0	0
D368.contig448	4201	0	0
D368.contig449	4195	0	0
D368.contig450	4187	0	0
D368.contig451	4186	0	0
D368.contig452	4181	0	0
D368.contig453	4180	0	0
D368.contig454	4170	0	0
D368.contig455	4169	0	0
D368.contig456	4136	0	0
D368.contig457	4134	0	0
D368.contig458	4122	0	0
D368.contig459	4120	0	0
D368.contig460	4110	0	0
D368.contig461	4109	0	0
D368.contig462	4105	0	0
D368.contig463	4103	0	0
D368.contig464	4101	0	0
D368.contig465	4090	0	0
D368.contig466	4084	0	0
D368.contig467	4065	0	0
D368.contig468	4054	0	0
D368.contig469	4050	0	0
D368.contig470	4049	0	0
D368.contig471	4048	0	0
D368.contig472	3998	0	0
D368.contig473	3978	0	0
D368.contig474	3971	0	0
D368.contig475	3959	0	0
D368.contig476	3941	0	0
D368.contig477	3926	0	0
D368.contig478	3924	0	0
D368.contig479	3907	0	0
D368.contig480	3905	0	0
D368.contig481	3902	0	0
D368.contig482	3899	0	0
D368.contig483	3887	0	0
D368.contig484	3884	0	0
D368.contig485	3867	0	0
D368.contig486	3866	0	0
D368.contig487	3866	0	0
D368.contig488	3843	0	0
D368.contig489	3841	0	0
D368.contig490	3838	0	0
D368.contig491	3831	0	0
D368.contig492	3820	0	0
D368.contig493	3819	0	0
D368.contig494	3818	0	0
D368.contig495	3807	0	0
D368.contig496	3802	0	0
D368.contig497	3793	0	0
D368.contig498	3765	0	0
D368.contig499	3755	0	0
D368.contig500	3729	0	0
D368.contig501	3721	0	0
D368.contig502	3721	0	0
D368.contig503	3719	42	2
D368.contig504	3705	0	0
D368.contig505	3704	0	0
D368.contig506	3687	0	0
D368.contig507	3686	0	0
D368.contig508	3678	0	0
D368.contig509	3674	0	0
D368.contig510	3673	0	0
D368.contig511	3656	0	0
D368.contig512	3645	0	0
D368.contig513	3633	0	0
D368.contig514	3630	0	0
D368.contig515	3611	0	0
D368.contig516	3607	0	0
D368.contig517	3606	0	0
D368.contig518	3603	0	0
D368.contig519	3603	0	0
D368.contig520	3590	0	0
D368.contig521	3585	0	0
D368.contig522	3581	0	0
D368.contig523	3566	0	0
D368.contig524	3564	0	0
D368.contig525	3564	0	0
D368.contig526	3557	0	0
D368.contig527	3547	0	0
D368.contig528	3537	0	0
D368.contig529	3529	0	0
D368.contig530	3525	0	0
D368.contig531	3517	0	0
D368.contig532	3506	0	0
D368.contig533	3503	0	0
D368.contig534	3498	0	0
D368.contig535	3493	0	0
D368.contig536	3491	0	0
D368.contig537	3491	0	0
D368.contig538	3481	0	0
D368.contig539	3474	0	0
D368.contig540	3472	0	0
D368.contig541	3471	0	0
D368.contig542	3460	0	0
D368.contig543	3460	0	0
D368.contig544	3458	0	0
D368.contig545	3447	0	0
D368.contig546	3446	0	0
D368.contig547	3440	0	0
D368.contig548	3435	0	0
D368.contig549	3429	0	0
D368.contig550	3421	0	0
D368.contig551	3420	0	0
D368.contig552	3419	0	0
D368.contig553	3412	0	0
D368.contig554	3410	0	0
D368.contig555	3409	0	0
D368.contig556	3403	0	0
D368.contig557	3401	0	0
D368.contig558	3399	0	0
D368.contig559	3394	0	0
D368.contig560	3390	0	0
D368.contig561	3377	0	0
D368.contig562	3372	0	0
D368.contig563	3372	0	0
D368.contig564	3371	0	0
D368.contig565	3365	0	0
D368.contig566	3364	0	0
D368.contig567	3363	0	0
D368.contig568	3360	0	0
D368.contig569	3356	0	0
D368.contig570	3341	0	0
D368.contig571	3336	0	0
D368.contig572	3317	0	0
D368.contig573	3313	0	0
D368.contig574	3305	0	0
D368.contig575	3300	0	0
D368.contig576	3296	0	0
D368.contig577	3295	0	0
D368.contig578	3292	0	0
D368.contig579	3292	0	0
D368.contig580	3287	0	0
D368.contig581	3280	0	0
D368.contig582	3277	0	0
D368.contig583	3273	0	0
D368.contig584	3265	0	0
D368.contig585	3264	0	0
D368.contig586	3258	0	0
D368.contig587	3247	0	0
D368.contig588	3244	0	0
D368.contig589	3244	0	0
D368.contig590	3236	0	0
D368.contig591	3229	0	0
D368.contig592	3223	0	0
D368.contig593	3220	0	0
D368.contig594	3212	0	0
D368.contig595	3211	0	0
D368.contig596	3210	0	0
D368.contig597	3204	0	0
D368.contig598	3203	0	0
D368.contig599	3195	0	0
D368.contig600	3187	0	0
D368.contig601	3175	0	0
D368.contig602	3175	0	0
D368.contig603	3170	0	0
D368.contig604	3168	0	0
D368.contig605	3163	0	0
D368.contig606	3162	0	0
D368.contig607	3152	0	0
D368.contig608	3135	0	0
D368.contig609	3131	0	0
D368.contig610	3131	0	0
D368.contig611	3123	0	0
D368.contig612	3120	0	0
D368.contig613	3117	0	0
D368.contig614	3111	0	0
D368.contig615	3108	0	0
D368.contig616	3105	0	0
D368.contig617	3099	0	0
D368.contig618	3093	0	0
D368.contig619	3079	0	0
D368.contig620	3071	0	0
D368.contig621	3070	0	0
D368.contig622	3067	0	0
D368.contig623	3065	0	0
D368.contig624	3062	0	0
D368.contig625	3055	0	0
D368.contig626	3054	0	0
D368.contig627	3053	0	0
D368.contig628	3051	0	0
D368.contig629	3048	0	0
D368.contig630	3047	0	0
D368.contig631	3043	0	0
D368.contig632	3038	0	0
D368.contig633	3036	0	0
D368.contig634	3033	0	0
D368.contig635	3030	0	0
D368.contig636	3025	0	0
D368.contig637	3020	0	0
D368.contig638	3018	0	0
D368.contig639	3011	0	0
D368.contig640	3008	0	0
D368.contig641	3001	0	0
*	0	0	7193604
