D3524.contig1	74918	2	0
D3524.contig2	57369	27	3
D3524.contig3	47349	0	0
D3524.contig4	44912	0	0
D3524.contig5	44737	0	0
D3524.contig6	42019	9	1
D3524.contig7	40789	0	0
D3524.contig8	39999	0	0
D3524.contig9	39940	28	6
D3524.contig10	36517	0	0
D3524.contig11	34963	13	0
D3524.contig12	33535	15	7
D3524.contig13	32999	3	1
D3524.contig14	31016	394	368
D3524.contig15	28464	3	1
D3524.contig16	27883	0	0
D3524.contig17	27489	0	0
D3524.contig18	27228	0	0
D3524.contig19	26565	3	1
D3524.contig20	26476	1	1
D3524.contig21	26089	0	0
D3524.contig22	25860	0	0
D3524.contig23	23896	23	3
D3524.contig24	23628	30	2
D3524.contig25	22009	2	0
D3524.contig26	21540	0	0
D3524.contig27	21383	0	0
D3524.contig28	21178	3	3
D3524.contig29	20885	0	0
D3524.contig30	20854	27	3
D3524.contig31	20231	0	0
D3524.contig32	19648	0	0
D3524.contig33	19381	0	0
D3524.contig34	19126	0	0
D3524.contig35	17736	0	0
D3524.contig36	17556	0	0
D3524.contig37	17492	0	0
D3524.contig38	17127	0	0
D3524.contig39	16636	1	1
D3524.contig40	16229	4446	3274
D3524.contig41	15954	0	0
D3524.contig42	15929	3	1
D3524.contig43	15791	1	1
D3524.contig44	15583	0	0
D3524.contig45	15460	0	0
D3524.contig46	15383	0	0
D3524.contig47	15353	35	15
D3524.contig48	15029	0	0
D3524.contig49	14946	2	0
D3524.contig50	14757	3	1
D3524.contig51	14297	0	0
D3524.contig52	14036	0	0
D3524.contig53	13980	6	0
D3524.contig54	13422	4	2
D3524.contig55	13306	23	9
D3524.contig56	12992	7	1
D3524.contig57	12824	0	0
D3524.contig58	12706	0	0
D3524.contig59	12628	0	0
D3524.contig60	12199	0	0
D3524.contig61	12185	1	1
D3524.contig62	11809	0	0
D3524.contig63	11801	0	0
D3524.contig64	11663	15	11
D3524.contig65	11586	0	0
D3524.contig66	11227	0	0
D3524.contig67	11171	0	0
D3524.contig68	11020	0	0
D3524.contig69	10925	0	0
D3524.contig70	10582	0	0
D3524.contig71	10573	1	1
D3524.contig72	10481	14	6
D3524.contig73	10464	0	0
D3524.contig74	10351	0	0
D3524.contig75	10311	0	0
D3524.contig76	10252	0	0
D3524.contig77	10171	1	1
D3524.contig78	10166	0	0
D3524.contig79	10126	0	0
D3524.contig80	10119	1723	1463
D3524.contig81	9979	0	0
D3524.contig82	9802	0	0
D3524.contig83	9743	0	0
D3524.contig84	9569	2	0
D3524.contig85	9519	16	4
D3524.contig86	9490	2	2
D3524.contig87	9139	1	1
D3524.contig88	9077	0	0
D3524.contig89	8885	413	95
D3524.contig90	8820	0	0
D3524.contig91	8773	0	0
D3524.contig92	8731	0	0
D3524.contig93	8685	0	0
D3524.contig94	8621	1944	1386
D3524.contig95	8588	0	0
D3524.contig96	8550	0	0
D3524.contig97	8434	0	0
D3524.contig98	8307	0	0
D3524.contig99	8155	8	4
D3524.contig100	8146	0	0
D3524.contig101	8076	0	0
D3524.contig102	8075	0	0
D3524.contig103	7968	0	0
D3524.contig104	7783	0	0
D3524.contig105	7735	0	0
D3524.contig106	7593	0	0
D3524.contig107	7556	9	3
D3524.contig108	7354	0	0
D3524.contig109	7038	0	0
D3524.contig110	7011	0	0
D3524.contig111	6919	0	0
D3524.contig112	6880	0	0
D3524.contig113	6860	0	0
D3524.contig114	6770	0	0
D3524.contig115	6768	0	0
D3524.contig116	6754	0	0
D3524.contig117	6747	2	0
D3524.contig118	6633	0	0
D3524.contig119	6611	0	0
D3524.contig120	6550	0	0
D3524.contig121	6538	5	2
D3524.contig122	6468	0	0
D3524.contig123	6382	0	0
D3524.contig124	6345	0	0
D3524.contig125	6289	0	0
D3524.contig126	6286	1	1
D3524.contig127	6252	0	0
D3524.contig128	6249	0	0
D3524.contig129	6133	0	0
D3524.contig130	6098	0	0
D3524.contig131	6001	0	0
D3524.contig132	5983	0	0
D3524.contig133	5972	0	0
D3524.contig134	5796	4	2
D3524.contig135	5736	0	0
D3524.contig136	5712	0	0
D3524.contig137	5697	21	1
D3524.contig138	5690	0	0
D3524.contig139	5634	0	0
D3524.contig140	5561	0	0
D3524.contig141	5532	0	0
D3524.contig142	5527	0	0
D3524.contig143	5383	7	5
D3524.contig144	5357	0	0
D3524.contig145	5196	0	0
D3524.contig146	5127	15	15
D3524.contig147	5110	1	1
D3524.contig148	5084	0	0
D3524.contig149	5072	0	0
D3524.contig150	5060	0	0
D3524.contig151	5038	0	0
D3524.contig152	4996	20641	4797
D3524.contig153	4937	0	0
D3524.contig154	4923	0	0
D3524.contig155	4914	0	0
D3524.contig156	4858	0	0
D3524.contig157	4838	1	1
D3524.contig158	4817	0	0
D3524.contig159	4704	36	9
D3524.contig160	4631	0	0
D3524.contig161	4625	0	0
D3524.contig162	4561	0	0
D3524.contig163	4536	0	0
D3524.contig164	4512	0	0
D3524.contig165	4501	4	0
D3524.contig166	4497	3	1
D3524.contig167	4491	0	0
D3524.contig168	4458	0	0
D3524.contig169	4341	0	0
D3524.contig170	4289	46	10
D3524.contig171	4257	0	0
D3524.contig172	4230	0	0
D3524.contig173	4205	0	0
D3524.contig174	4191	0	0
D3524.contig175	4175	0	0
D3524.contig176	4125	2	0
D3524.contig177	4105	0	0
D3524.contig178	4055	0	0
D3524.contig179	4049	0	0
D3524.contig180	4038	0	0
D3524.contig181	4007	3	2
D3524.contig182	3995	0	0
D3524.contig183	3985	0	0
D3524.contig184	3979	0	0
D3524.contig185	3924	0	0
D3524.contig186	3920	0	0
D3524.contig187	3913	0	0
D3524.contig188	3894	0	0
D3524.contig189	3814	0	0
D3524.contig190	3799	0	0
D3524.contig191	3741	0	0
D3524.contig192	3696	0	0
D3524.contig193	3676	0	0
D3524.contig194	3671	0	0
D3524.contig195	3651	0	0
D3524.contig196	3635	2	2
D3524.contig197	3634	0	0
D3524.contig198	3584	0	0
D3524.contig199	3583	0	0
D3524.contig200	3573	7	7
D3524.contig201	3568	0	0
D3524.contig202	3554	0	0
D3524.contig203	3519	0	0
D3524.contig204	3509	0	0
D3524.contig205	3507	0	0
D3524.contig206	3468	0	0
D3524.contig207	3411	0	0
D3524.contig208	3390	0	0
D3524.contig209	3380	0	0
D3524.contig210	3373	0	0
D3524.contig211	3372	0	0
D3524.contig212	3351	0	0
D3524.contig213	3340	0	0
D3524.contig214	3320	0	0
D3524.contig215	3320	0	0
D3524.contig216	3295	0	0
D3524.contig217	3285	0	0
D3524.contig218	3283	0	0
D3524.contig219	3263	0	0
D3524.contig220	3258	0	0
D3524.contig221	3226	0	0
D3524.contig222	3218	0	0
D3524.contig223	3200	0	0
D3524.contig224	3193	0	0
D3524.contig225	3191	0	0
D3524.contig226	3184	0	0
D3524.contig227	3183	0	0
D3524.contig228	3172	0	0
D3524.contig229	3137	0	0
D3524.contig230	3130	0	0
D3524.contig231	3122	0	0
D3524.contig232	3120	0	0
D3524.contig233	3120	5	5
D3524.contig234	3118	0	0
D3524.contig235	3102	0	0
D3524.contig236	3100	0	0
D3524.contig237	3049	0	0
D3524.contig238	3024	0	0
D3524.contig239	3018	0	0
D3524.contig240	3014	0	0
D3524.contig241	3011	0	0
D3524.contig242	3006	0	0
D3524.contig243	2999	0	0
D3524.contig244	2995	0	0
D3524.contig245	2995	0	0
D3524.contig246	2983	0	0
D3524.contig247	2983	0	0
D3524.contig248	2976	0	0
D3524.contig249	2970	3	1
D3524.contig250	2970	0	0
D3524.contig251	2970	0	0
D3524.contig252	2969	0	0
D3524.contig253	2952	0	0
D3524.contig254	2908	0	0
D3524.contig255	2900	0	0
D3524.contig256	2892	36	4
D3524.contig257	2883	0	0
D3524.contig258	2881	0	0
D3524.contig259	2840	0	0
D3524.contig260	2835	0	0
D3524.contig261	2835	0	0
D3524.contig262	2804	0	0
D3524.contig263	2784	0	0
D3524.contig264	2781	0	0
D3524.contig265	2779	0	0
D3524.contig266	2776	0	0
D3524.contig267	2756	0	0
D3524.contig268	2743	0	0
D3524.contig269	2738	0	0
D3524.contig270	2734	0	0
D3524.contig271	2724	0	0
D3524.contig272	2722	0	0
D3524.contig273	2716	0	0
D3524.contig274	2711	0	0
D3524.contig275	2707	0	0
D3524.contig276	2690	0	0
D3524.contig277	2675	0	0
D3524.contig278	2674	0	0
D3524.contig279	2667	0	0
D3524.contig280	2664	0	0
D3524.contig281	2661	0	0
D3524.contig282	2657	0	0
D3524.contig283	2654	0	0
D3524.contig284	2646	0	0
D3524.contig285	2634	0	0
D3524.contig286	2629	0	0
D3524.contig287	2626	0	0
D3524.contig288	2619	0	0
D3524.contig289	2608	0	0
D3524.contig290	2607	0	0
D3524.contig291	2598	0	0
D3524.contig292	2593	0	0
D3524.contig293	2558	0	0
D3524.contig294	2545	0	0
D3524.contig295	2535	0	0
D3524.contig296	2518	0	0
D3524.contig297	2515	0	0
D3524.contig298	2507	0	0
D3524.contig299	2498	0	0
D3524.contig300	2492	0	0
D3524.contig301	2492	0	0
D3524.contig302	2482	0	0
D3524.contig303	2480	0	0
D3524.contig304	2475	0	0
D3524.contig305	2468	0	0
D3524.contig306	2446	0	0
D3524.contig307	2440	0	0
D3524.contig308	2432	0	0
D3524.contig309	2430	0	0
D3524.contig310	2420	0	0
D3524.contig311	2419	0	0
D3524.contig312	2414	0	0
D3524.contig313	2412	0	0
D3524.contig314	2406	0	0
D3524.contig315	2403	0	0
D3524.contig316	2402	0	0
D3524.contig317	2402	13	5
D3524.contig318	2382	1	1
D3524.contig319	2377	0	0
D3524.contig320	2371	0	0
D3524.contig321	2366	0	0
D3524.contig322	2363	0	0
D3524.contig323	2359	0	0
D3524.contig324	2348	0	0
D3524.contig325	2347	0	0
D3524.contig326	2343	0	0
D3524.contig327	2338	0	0
D3524.contig328	2327	0	0
D3524.contig329	2315	0	0
D3524.contig330	2315	0	0
D3524.contig331	2311	0	0
D3524.contig332	2297	0	0
D3524.contig333	2256	0	0
D3524.contig334	2255	0	0
D3524.contig335	2249	0	0
D3524.contig336	2244	0	0
D3524.contig337	2244	0	0
D3524.contig338	2243	0	0
D3524.contig339	2236	0	0
D3524.contig340	2232	0	0
D3524.contig341	2230	0	0
D3524.contig342	2225	0	0
D3524.contig343	2212	0	0
D3524.contig344	2210	0	0
D3524.contig345	2208	0	0
D3524.contig346	2204	0	0
D3524.contig347	2202	0	0
D3524.contig348	2194	19	3
D3524.contig349	2175	0	0
D3524.contig350	2170	0	0
D3524.contig351	2162	0	0
D3524.contig352	2149	0	0
D3524.contig353	2143	0	0
D3524.contig354	2133	0	0
D3524.contig355	2112	0	0
D3524.contig356	2104	0	0
D3524.contig357	2101	0	0
D3524.contig358	2100	0	0
D3524.contig359	2096	0	0
D3524.contig360	2089	0	0
D3524.contig361	2082	0	0
D3524.contig362	2081	0	0
D3524.contig363	2077	0	0
D3524.contig364	2062	0	0
D3524.contig365	2059	0	0
D3524.contig366	2055	0	0
D3524.contig367	2053	0	0
D3524.contig368	2052	0	0
D3524.contig369	2051	0	0
D3524.contig370	2049	0	0
D3524.contig371	2047	0	0
D3524.contig372	2047	0	0
D3524.contig373	2040	0	0
D3524.contig374	2040	0	0
D3524.contig375	2015	0	0
D3524.contig376	2014	0	0
D3524.contig377	2013	2	2
D3524.contig378	2007	0	0
D3524.contig379	2002	0	0
D3524.contig380	2000	0	0
D3524.contig381	1993	0	0
D3524.contig382	1992	0	0
D3524.contig383	1990	0	0
D3524.contig384	1983	0	0
D3524.contig385	1983	3	1
D3524.contig386	1982	0	0
D3524.contig387	1980	0	0
D3524.contig388	1970	0	0
D3524.contig389	1968	0	0
D3524.contig390	1966	0	0
D3524.contig391	1966	0	0
D3524.contig392	1966	0	0
D3524.contig393	1966	0	0
D3524.contig394	1960	0	0
D3524.contig395	1952	0	0
D3524.contig396	1948	0	0
D3524.contig397	1947	0	0
D3524.contig398	1945	0	0
D3524.contig399	1941	0	0
D3524.contig400	1931	0	0
D3524.contig401	1930	0	0
D3524.contig402	1930	0	0
D3524.contig403	1923	0	0
D3524.contig404	1922	0	0
D3524.contig405	1921	1	1
D3524.contig406	1921	0	0
D3524.contig407	1919	0	0
D3524.contig408	1919	0	0
D3524.contig409	1914	0	0
D3524.contig410	1907	0	0
D3524.contig411	1906	0	0
D3524.contig412	1900	0	0
D3524.contig413	1898	0	0
D3524.contig414	1895	0	0
D3524.contig415	1891	0	0
D3524.contig416	1889	0	0
D3524.contig417	1889	0	0
D3524.contig418	1887	2	0
D3524.contig419	1879	0	0
D3524.contig420	1878	0	0
D3524.contig421	1878	12	2
D3524.contig422	1875	0	0
D3524.contig423	1875	0	0
D3524.contig424	1870	0	0
D3524.contig425	1869	0	0
D3524.contig426	1868	0	0
D3524.contig427	1864	0	0
D3524.contig428	1862	0	0
D3524.contig429	1862	0	0
D3524.contig430	1859	7	6
D3524.contig431	1859	0	0
D3524.contig432	1858	0	0
D3524.contig433	1855	0	0
D3524.contig434	1853	0	0
D3524.contig435	1848	15	5
D3524.contig436	1839	0	0
D3524.contig437	1830	0	0
D3524.contig438	1822	0	0
D3524.contig439	1821	0	0
D3524.contig440	1818	0	0
D3524.contig441	1818	0	0
D3524.contig442	1817	0	0
D3524.contig443	1815	0	0
D3524.contig444	1813	0	0
D3524.contig445	1805	0	0
D3524.contig446	1805	0	0
D3524.contig447	1805	0	0
D3524.contig448	1799	0	0
D3524.contig449	1798	0	0
D3524.contig450	1796	0	0
D3524.contig451	1795	0	0
D3524.contig452	1794	0	0
D3524.contig453	1790	0	0
D3524.contig454	1788	0	0
D3524.contig455	1787	0	0
D3524.contig456	1784	0	0
D3524.contig457	1773	0	0
D3524.contig458	1768	0	0
D3524.contig459	1762	0	0
D3524.contig460	1748	53	13
D3524.contig461	1743	0	0
D3524.contig462	1743	0	0
D3524.contig463	1743	0	0
D3524.contig464	1742	0	0
D3524.contig465	1740	0	0
D3524.contig466	1738	0	0
D3524.contig467	1737	0	0
D3524.contig468	1736	0	0
D3524.contig469	1728	0	0
D3524.contig470	1723	0	0
D3524.contig471	1720	0	0
D3524.contig472	1720	0	0
D3524.contig473	1717	0	0
D3524.contig474	1713	0	0
D3524.contig475	1710	0	0
D3524.contig476	1706	0	0
D3524.contig477	1705	0	0
D3524.contig478	1704	0	0
D3524.contig479	1703	0	0
D3524.contig480	1695	0	0
D3524.contig481	1694	0	0
D3524.contig482	1692	0	0
D3524.contig483	1689	0	0
D3524.contig484	1685	0	0
D3524.contig485	1685	0	0
D3524.contig486	1681	0	0
D3524.contig487	1666	0	0
D3524.contig488	1653	0	0
D3524.contig489	1652	0	0
D3524.contig490	1646	0	0
D3524.contig491	1639	0	0
D3524.contig492	1636	0	0
D3524.contig493	1632	0	0
D3524.contig494	1629	0	0
D3524.contig495	1626	0	0
D3524.contig496	1622	0	0
D3524.contig497	1622	0	0
D3524.contig498	1619	0	0
D3524.contig499	1616	0	0
D3524.contig500	1611	0	0
D3524.contig501	1607	0	0
D3524.contig502	1600	0	0
D3524.contig503	1598	0	0
D3524.contig504	1593	0	0
D3524.contig505	1591	0	0
D3524.contig506	1586	0	0
D3524.contig507	1584	0	0
D3524.contig508	1578	0	0
D3524.contig509	1572	0	0
D3524.contig510	1569	0	0
D3524.contig511	1569	0	0
D3524.contig512	1561	0	0
D3524.contig513	1553	0	0
D3524.contig514	1552	0	0
D3524.contig515	1548	0	0
D3524.contig516	1540	0	0
D3524.contig517	1535	0	0
D3524.contig518	1535	0	0
D3524.contig519	1534	0	0
D3524.contig520	1531	0	0
D3524.contig521	1530	0	0
D3524.contig522	1527	0	0
D3524.contig523	1527	0	0
D3524.contig524	1526	0	0
D3524.contig525	1526	0	0
D3524.contig526	1525	0	0
D3524.contig527	1523	0	0
D3524.contig528	1523	0	0
D3524.contig529	1518	0	0
D3524.contig530	1512	0	0
D3524.contig531	1500	0	0
D3524.contig532	1497	0	0
D3524.contig533	1496	0	0
D3524.contig534	1491	0	0
D3524.contig535	1487	1	1
D3524.contig536	1483	0	0
D3524.contig537	1480	0	0
D3524.contig538	1474	0	0
D3524.contig539	1468	0	0
D3524.contig540	1466	0	0
D3524.contig541	1462	0	0
D3524.contig542	1459	0	0
D3524.contig543	1458	0	0
D3524.contig544	1455	0	0
D3524.contig545	1450	0	0
D3524.contig546	1448	0	0
D3524.contig547	1444	0	0
D3524.contig548	1444	625	81
D3524.contig549	1440	0	0
D3524.contig550	1427	0	0
D3524.contig551	1425	0	0
D3524.contig552	1421	0	0
D3524.contig553	1420	0	0
D3524.contig554	1412	0	0
D3524.contig555	1408	0	0
D3524.contig556	1406	0	0
D3524.contig557	1403	0	0
D3524.contig558	1403	0	0
D3524.contig559	1401	0	0
D3524.contig560	1400	0	0
D3524.contig561	1400	0	0
D3524.contig562	1391	0	0
D3524.contig563	1390	0	0
D3524.contig564	1389	0	0
D3524.contig565	1388	0	0
D3524.contig566	1383	0	0
D3524.contig567	1381	0	0
D3524.contig568	1378	0	0
D3524.contig569	1376	0	0
D3524.contig570	1375	0	0
D3524.contig571	1371	0	0
D3524.contig572	1369	0	0
D3524.contig573	1369	353	138
D3524.contig574	1365	0	0
D3524.contig575	1362	0	0
D3524.contig576	1361	0	0
D3524.contig577	1360	0	0
D3524.contig578	1358	0	0
D3524.contig579	1356	0	0
D3524.contig580	1356	0	0
D3524.contig581	1355	0	0
D3524.contig582	1350	0	0
D3524.contig583	1340	0	0
D3524.contig584	1339	0	0
D3524.contig585	1338	0	0
D3524.contig586	1337	0	0
D3524.contig587	1337	0	0
D3524.contig588	1332	0	0
D3524.contig589	1330	0	0
D3524.contig590	1329	0	0
D3524.contig591	1326	0	0
D3524.contig592	1324	0	0
D3524.contig593	1324	0	0
D3524.contig594	1324	0	0
D3524.contig595	1323	0	0
D3524.contig596	1320	0	0
D3524.contig597	1320	0	0
D3524.contig598	1319	0	0
D3524.contig599	1317	0	0
D3524.contig600	1316	0	0
D3524.contig601	1314	0	0
D3524.contig602	1314	0	0
D3524.contig603	1309	0	0
D3524.contig604	1307	0	0
D3524.contig605	1305	0	0
D3524.contig606	1303	0	0
D3524.contig607	1299	0	0
D3524.contig608	1298	0	0
D3524.contig609	1295	0	0
D3524.contig610	1295	0	0
D3524.contig611	1290	0	0
D3524.contig612	1289	0	0
D3524.contig613	1287	0	0
D3524.contig614	1284	0	0
D3524.contig615	1282	0	0
D3524.contig616	1278	0	0
D3524.contig617	1277	0	0
D3524.contig618	1276	0	0
D3524.contig619	1272	0	0
D3524.contig620	1272	0	0
D3524.contig621	1271	0	0
D3524.contig622	1265	0	0
D3524.contig623	1264	0	0
D3524.contig624	1264	0	0
D3524.contig625	1262	0	0
D3524.contig626	1261	0	0
D3524.contig627	1261	0	0
D3524.contig628	1257	0	0
D3524.contig629	1254	0	0
D3524.contig630	1251	0	0
D3524.contig631	1249	222446	46741
D3524.contig632	1248	0	0
D3524.contig633	1246	0	0
D3524.contig634	1246	0	0
D3524.contig635	1246	0	0
D3524.contig636	1244	0	0
D3524.contig637	1243	0	0
D3524.contig638	1242	0	0
D3524.contig639	1238	0	0
D3524.contig640	1237	4	0
D3524.contig641	1237	0	0
D3524.contig642	1237	0	0
D3524.contig643	1233	0	0
D3524.contig644	1231	0	0
D3524.contig645	1229	0	0
D3524.contig646	1227	0	0
D3524.contig647	1224	0	0
D3524.contig648	1223	0	0
D3524.contig649	1221	0	0
D3524.contig650	1220	0	0
D3524.contig651	1218	0	0
D3524.contig652	1218	0	0
D3524.contig653	1215	0	0
D3524.contig654	1215	0	0
D3524.contig655	1213	0	0
D3524.contig656	1212	0	0
D3524.contig657	1209	0	0
D3524.contig658	1206	0	0
D3524.contig659	1204	0	0
D3524.contig660	1204	0	0
D3524.contig661	1203	0	0
D3524.contig662	1202	0	0
D3524.contig663	1201	0	0
D3524.contig664	1200	0	0
D3524.contig665	1198	0	0
D3524.contig666	1198	0	0
D3524.contig667	1194	0	0
D3524.contig668	1192	0	0
D3524.contig669	1190	0	0
D3524.contig670	1185	0	0
D3524.contig671	1184	0	0
D3524.contig672	1178	0	0
D3524.contig673	1177	0	0
D3524.contig674	1176	0	0
D3524.contig675	1175	0	0
D3524.contig676	1174	0	0
D3524.contig677	1172	0	0
D3524.contig678	1171	0	0
D3524.contig679	1170	0	0
D3524.contig680	1170	0	0
D3524.contig681	1169	0	0
D3524.contig682	1169	0	0
D3524.contig683	1167	0	0
D3524.contig684	1163	0	0
D3524.contig685	1163	0	0
D3524.contig686	1162	0	0
D3524.contig687	1160	0	0
D3524.contig688	1157	0	0
D3524.contig689	1155	0	0
D3524.contig690	1150	0	0
D3524.contig691	1148	1	1
D3524.contig692	1145	0	0
D3524.contig693	1145	0	0
D3524.contig694	1145	0	0
D3524.contig695	1140	0	0
D3524.contig696	1138	0	0
D3524.contig697	1136	0	0
D3524.contig698	1134	0	0
D3524.contig699	1132	0	0
D3524.contig700	1132	0	0
D3524.contig701	1132	0	0
D3524.contig702	1130	0	0
D3524.contig703	1129	0	0
D3524.contig704	1129	0	0
D3524.contig705	1128	0	0
D3524.contig706	1126	0	0
D3524.contig707	1125	0	0
D3524.contig708	1124	0	0
D3524.contig709	1122	0	0
D3524.contig710	1121	0	0
D3524.contig711	1121	0	0
D3524.contig712	1121	0	0
D3524.contig713	1117	0	0
D3524.contig714	1115	0	0
D3524.contig715	1113	133458	68291
D3524.contig716	1113	0	0
D3524.contig717	1110	0	0
D3524.contig718	1110	0	0
D3524.contig719	1108	0	0
D3524.contig720	1107	541	161
D3524.contig721	1107	0	0
D3524.contig722	1104	2	0
D3524.contig723	1103	0	0
D3524.contig724	1103	0	0
D3524.contig725	1102	0	0
D3524.contig726	1102	0	0
D3524.contig727	1099	0	0
D3524.contig728	1098	4	0
D3524.contig729	1097	0	0
D3524.contig730	1097	0	0
D3524.contig731	1096	0	0
D3524.contig732	1093	0	0
D3524.contig733	1092	0	0
D3524.contig734	1091	0	0
D3524.contig735	1089	0	0
D3524.contig736	1088	0	0
D3524.contig737	1085	0	0
D3524.contig738	1085	0	0
D3524.contig739	1084	0	0
D3524.contig740	1083	0	0
D3524.contig741	1082	0	0
D3524.contig742	1082	0	0
D3524.contig743	1082	0	0
D3524.contig744	1080	0	0
D3524.contig745	1080	0	0
D3524.contig746	1079	0	0
D3524.contig747	1075	0	0
D3524.contig748	1070	0	0
D3524.contig749	1069	0	0
D3524.contig750	1068	0	0
D3524.contig751	1066	0	0
D3524.contig752	1066	0	0
D3524.contig753	1063	0	0
D3524.contig754	1062	0	0
D3524.contig755	1058	0	0
D3524.contig756	1058	0	0
D3524.contig757	1057	0	0
D3524.contig758	1055	0	0
D3524.contig759	1053	0	0
D3524.contig760	1052	0	0
D3524.contig761	1050	0	0
D3524.contig762	1050	0	0
D3524.contig763	1050	0	0
D3524.contig764	1049	0	0
D3524.contig765	1048	0	0
D3524.contig766	1048	0	0
D3524.contig767	1047	0	0
D3524.contig768	1046	0	0
D3524.contig769	1043	0	0
D3524.contig770	1042	0	0
D3524.contig771	1042	0	0
D3524.contig772	1039	0	0
D3524.contig773	1037	0	0
D3524.contig774	1036	0	0
D3524.contig775	1034	0	0
D3524.contig776	1034	0	0
D3524.contig777	1032	0	0
D3524.contig778	1030	0	0
D3524.contig779	1030	0	0
D3524.contig780	1029	0	0
D3524.contig781	1029	0	0
D3524.contig782	1026	0	0
D3524.contig783	1024	0	0
D3524.contig784	1024	0	0
D3524.contig785	1023	0	0
D3524.contig786	1021	0	0
D3524.contig787	1019	0	0
D3524.contig788	1018	0	0
D3524.contig789	1017	0	0
D3524.contig790	1017	0	0
D3524.contig791	1017	0	0
D3524.contig792	1016	0	0
D3524.contig793	1015	0	0
D3524.contig794	1015	0	0
D3524.contig795	1014	0	0
D3524.contig796	1011	0	0
D3524.contig797	1011	0	0
D3524.contig798	1009	0	0
D3524.contig799	1008	0	0
D3524.contig800	1007	0	0
D3524.contig801	1005	0	0
D3524.contig802	1005	0	0
D3524.contig803	1004	0	0
D3524.contig804	1004	0	0
D3524.contig805	1004	0	0
D3524.contig806	1003	0	0
D3524.contig807	1001	2	2
D3524.contig808	999	0	0
D3524.contig809	999	0	0
D3524.contig810	998	0	0
D3524.contig811	998	0	0
D3524.contig812	997	0	0
D3524.contig813	996	0	0
D3524.contig814	995	0	0
D3524.contig815	994	0	0
D3524.contig816	992	0	0
D3524.contig817	992	0	0
D3524.contig818	991	0	0
D3524.contig819	990	0	0
D3524.contig820	990	0	0
D3524.contig821	989	0	0
D3524.contig822	989	0	0
D3524.contig823	988	0	0
D3524.contig824	988	0	0
D3524.contig825	985	0	0
D3524.contig826	985	0	0
D3524.contig827	984	0	0
D3524.contig828	984	0	0
D3524.contig829	984	0	0
D3524.contig830	984	5	0
D3524.contig831	982	0	0
D3524.contig832	981	0	0
D3524.contig833	980	0	0
D3524.contig834	979	0	0
D3524.contig835	979	0	0
D3524.contig836	979	0	0
D3524.contig837	979	0	0
D3524.contig838	977	0	0
D3524.contig839	975	0	0
D3524.contig840	974	0	0
D3524.contig841	974	0	0
D3524.contig842	972	0	0
D3524.contig843	972	0	0
D3524.contig844	971	0	0
D3524.contig845	970	0	0
D3524.contig846	970	0	0
D3524.contig847	970	0	0
D3524.contig848	969	0	0
D3524.contig849	968	0	0
D3524.contig850	967	0	0
D3524.contig851	964	0	0
D3524.contig852	964	0	0
D3524.contig853	963	0	0
D3524.contig854	962	0	0
D3524.contig855	962	0	0
D3524.contig856	961	0	0
D3524.contig857	961	0	0
D3524.contig858	961	0	0
D3524.contig859	961	0	0
D3524.contig860	959	0	0
D3524.contig861	957	0	0
D3524.contig862	957	0	0
D3524.contig863	956	0	0
D3524.contig864	956	0	0
D3524.contig865	956	0	0
D3524.contig866	955	1	1
D3524.contig867	953	0	0
D3524.contig868	951	0	0
D3524.contig869	950	0	0
D3524.contig870	950	2	0
D3524.contig871	949	0	0
D3524.contig872	948	0	0
D3524.contig873	948	0	0
D3524.contig874	947	0	0
D3524.contig875	947	0	0
D3524.contig876	946	0	0
D3524.contig877	945	0	0
D3524.contig878	945	0	0
D3524.contig879	944	0	0
D3524.contig880	942	0	0
D3524.contig881	942	0	0
D3524.contig882	941	0	0
D3524.contig883	941	0	0
D3524.contig884	938	0	0
D3524.contig885	936	0	0
D3524.contig886	934	0	0
D3524.contig887	931	42862	10163
D3524.contig888	930	0	0
D3524.contig889	927	0	0
D3524.contig890	926	0	0
D3524.contig891	926	0	0
D3524.contig892	923	0	0
D3524.contig893	923	0	0
D3524.contig894	922	0	0
D3524.contig895	921	0	0
D3524.contig896	920	0	0
D3524.contig897	920	0	0
D3524.contig898	920	0	0
D3524.contig899	918	0	0
D3524.contig900	918	0	0
D3524.contig901	918	0	0
D3524.contig902	917	0	0
D3524.contig903	916	0	0
D3524.contig904	916	0	0
D3524.contig905	916	0	0
D3524.contig906	916	0	0
D3524.contig907	915	2	2
D3524.contig908	914	0	0
D3524.contig909	914	0	0
D3524.contig910	913	0	0
D3524.contig911	912	0	0
D3524.contig912	911	0	0
D3524.contig913	911	0	0
D3524.contig914	911	0	0
D3524.contig915	911	0	0
D3524.contig916	909	0	0
D3524.contig917	908	0	0
D3524.contig918	908	0	0
D3524.contig919	907	0	0
D3524.contig920	906	0	0
D3524.contig921	906	0	0
D3524.contig922	905	0	0
D3524.contig923	904	0	0
D3524.contig924	903	0	0
D3524.contig925	903	0	0
D3524.contig926	902	0	0
D3524.contig927	902	0	0
D3524.contig928	900	0	0
D3524.contig929	899	2	0
D3524.contig930	897	0	0
D3524.contig931	896	0	0
D3524.contig932	896	0	0
D3524.contig933	895	0	0
D3524.contig934	895	0	0
D3524.contig935	893	0	0
D3524.contig936	892	0	0
D3524.contig937	892	0	0
D3524.contig938	891	0	0
D3524.contig939	889	0	0
D3524.contig940	889	0	0
D3524.contig941	887	0	0
D3524.contig942	887	0	0
D3524.contig943	885	0	0
D3524.contig944	884	0	0
D3524.contig945	884	0	0
D3524.contig946	884	0	0
D3524.contig947	883	0	0
D3524.contig948	883	0	0
D3524.contig949	879	0	0
D3524.contig950	879	0	0
D3524.contig951	878	0	0
D3524.contig952	876	0	0
D3524.contig953	876	0	0
D3524.contig954	876	0	0
D3524.contig955	874	0	0
D3524.contig956	873	0	0
D3524.contig957	873	0	0
D3524.contig958	873	0	0
D3524.contig959	873	0	0
D3524.contig960	872	0	0
D3524.contig961	869	0	0
D3524.contig962	868	0	0
D3524.contig963	868	0	0
D3524.contig964	867	0	0
D3524.contig965	867	0	0
D3524.contig966	866	0	0
D3524.contig967	866	0	0
D3524.contig968	866	0	0
D3524.contig969	863	0	0
D3524.contig970	863	0	0
D3524.contig971	862	0	0
D3524.contig972	862	0	0
D3524.contig973	861	0	0
D3524.contig974	860	0	0
D3524.contig975	859	0	0
D3524.contig976	858	0	0
D3524.contig977	858	0	0
D3524.contig978	858	0	0
D3524.contig979	856	0	0
D3524.contig980	855	0	0
D3524.contig981	853	0	0
D3524.contig982	852	0	0
D3524.contig983	851	0	0
D3524.contig984	850	0	0
D3524.contig985	850	0	0
D3524.contig986	850	0	0
D3524.contig987	850	0	0
D3524.contig988	849	0	0
D3524.contig989	848	0	0
D3524.contig990	848	0	0
D3524.contig991	848	0	0
D3524.contig992	847	0	0
D3524.contig993	846	0	0
D3524.contig994	845	0	0
D3524.contig995	845	0	0
D3524.contig996	845	0	0
D3524.contig997	844	0	0
D3524.contig998	844	0	0
D3524.contig999	843	0	0
D3524.contig1000	842	0	0
D3524.contig1001	842	0	0
D3524.contig1002	842	0	0
D3524.contig1003	841	0	0
D3524.contig1004	841	0	0
D3524.contig1005	840	0	0
D3524.contig1006	839	0	0
D3524.contig1007	838	0	0
D3524.contig1008	838	0	0
D3524.contig1009	838	0	0
D3524.contig1010	836	0	0
D3524.contig1011	836	0	0
D3524.contig1012	836	0	0
D3524.contig1013	835	0	0
D3524.contig1014	832	0	0
D3524.contig1015	832	0	0
D3524.contig1016	832	0	0
D3524.contig1017	831	0	0
D3524.contig1018	830	0	0
D3524.contig1019	830	1	1
D3524.contig1020	829	0	0
D3524.contig1021	829	0	0
D3524.contig1022	828	0	0
D3524.contig1023	827	0	0
D3524.contig1024	827	0	0
D3524.contig1025	827	0	0
D3524.contig1026	827	0	0
D3524.contig1027	827	0	0
D3524.contig1028	826	0	0
D3524.contig1029	826	0	0
D3524.contig1030	826	0	0
D3524.contig1031	826	0	0
D3524.contig1032	823	0	0
D3524.contig1033	823	0	0
D3524.contig1034	822	0	0
D3524.contig1035	822	0	0
D3524.contig1036	822	0	0
D3524.contig1037	821	0	0
D3524.contig1038	821	0	0
D3524.contig1039	820	0	0
D3524.contig1040	820	0	0
D3524.contig1041	819	0	0
D3524.contig1042	819	0	0
D3524.contig1043	818	0	0
D3524.contig1044	818	0	0
D3524.contig1045	817	0	0
D3524.contig1046	816	0	0
D3524.contig1047	816	0	0
D3524.contig1048	815	0	0
D3524.contig1049	815	0	0
D3524.contig1050	814	0	0
D3524.contig1051	814	0	0
D3524.contig1052	813	0	0
D3524.contig1053	812	0	0
D3524.contig1054	812	0	0
D3524.contig1055	812	0	0
D3524.contig1056	810	0	0
D3524.contig1057	809	0	0
D3524.contig1058	808	0	0
D3524.contig1059	807	0	0
D3524.contig1060	806	0	0
D3524.contig1061	806	0	0
D3524.contig1062	805	0	0
D3524.contig1063	805	0	0
D3524.contig1064	804	0	0
D3524.contig1065	804	0	0
D3524.contig1066	803	0	0
D3524.contig1067	802	0	0
D3524.contig1068	802	0	0
D3524.contig1069	802	0	0
D3524.contig1070	801	0	0
D3524.contig1071	801	0	0
D3524.contig1072	801	0	0
D3524.contig1073	801	0	0
D3524.contig1074	800	0	0
D3524.contig1075	800	0	0
D3524.contig1076	799	0	0
D3524.contig1077	799	0	0
D3524.contig1078	798	0	0
D3524.contig1079	797	0	0
D3524.contig1080	796	0	0
D3524.contig1081	795	0	0
D3524.contig1082	794	0	0
D3524.contig1083	793	0	0
D3524.contig1084	793	0	0
D3524.contig1085	792	0	0
D3524.contig1086	792	0	0
D3524.contig1087	791	0	0
D3524.contig1088	791	0	0
D3524.contig1089	791	0	0
D3524.contig1090	790	0	0
D3524.contig1091	789	0	0
D3524.contig1092	787	0	0
D3524.contig1093	787	0	0
D3524.contig1094	786	0	0
D3524.contig1095	786	0	0
D3524.contig1096	785	0	0
D3524.contig1097	784	0	0
D3524.contig1098	784	3	1
D3524.contig1099	782	0	0
D3524.contig1100	782	0	0
D3524.contig1101	781	0	0
D3524.contig1102	781	0	0
D3524.contig1103	780	0	0
D3524.contig1104	780	0	0
D3524.contig1105	780	0	0
D3524.contig1106	780	0	0
D3524.contig1107	779	0	0
D3524.contig1108	778	0	0
D3524.contig1109	777	0	0
D3524.contig1110	777	0	0
D3524.contig1111	777	0	0
D3524.contig1112	776	0	0
D3524.contig1113	776	0	0
D3524.contig1114	775	0	0
D3524.contig1115	775	0	0
D3524.contig1116	775	0	0
D3524.contig1117	775	0	0
D3524.contig1118	774	3	2
D3524.contig1119	773	0	0
D3524.contig1120	773	0	0
D3524.contig1121	773	0	0
D3524.contig1122	772	0	0
D3524.contig1123	771	0	0
D3524.contig1124	771	0	0
D3524.contig1125	771	0	0
D3524.contig1126	770	0	0
D3524.contig1127	770	0	0
D3524.contig1128	769	0	0
D3524.contig1129	769	0	0
D3524.contig1130	769	0	0
D3524.contig1131	767	0	0
D3524.contig1132	766	0	0
D3524.contig1133	766	0	0
D3524.contig1134	766	0	0
D3524.contig1135	765	0	0
D3524.contig1136	765	0	0
D3524.contig1137	765	0	0
D3524.contig1138	765	0	0
D3524.contig1139	765	0	0
D3524.contig1140	764	0	0
D3524.contig1141	764	0	0
D3524.contig1142	763	0	0
D3524.contig1143	762	0	0
D3524.contig1144	762	0	0
D3524.contig1145	762	0	0
D3524.contig1146	761	0	0
D3524.contig1147	761	0	0
D3524.contig1148	760	0	0
D3524.contig1149	759	0	0
D3524.contig1150	759	0	0
D3524.contig1151	758	0	0
D3524.contig1152	757	0	0
D3524.contig1153	757	0	0
D3524.contig1154	757	0	0
D3524.contig1155	756	0	0
D3524.contig1156	756	0	0
D3524.contig1157	756	0	0
D3524.contig1158	755	0	0
D3524.contig1159	755	0	0
D3524.contig1160	754	0	0
D3524.contig1161	753	0	0
D3524.contig1162	753	0	0
D3524.contig1163	753	0	0
D3524.contig1164	753	0	0
D3524.contig1165	752	0	0
D3524.contig1166	751	0	0
D3524.contig1167	750	0	0
D3524.contig1168	749	0	0
D3524.contig1169	749	0	0
D3524.contig1170	748	0	0
D3524.contig1171	747	0	0
D3524.contig1172	747	0	0
D3524.contig1173	745	0	0
D3524.contig1174	745	1	1
D3524.contig1175	744	0	0
D3524.contig1176	744	0	0
D3524.contig1177	744	0	0
D3524.contig1178	743	0	0
D3524.contig1179	743	0	0
D3524.contig1180	743	0	0
D3524.contig1181	742	0	0
D3524.contig1182	742	0	0
D3524.contig1183	742	0	0
D3524.contig1184	741	0	0
D3524.contig1185	740	0	0
D3524.contig1186	739	0	0
D3524.contig1187	738	0	0
D3524.contig1188	738	0	0
D3524.contig1189	738	0	0
D3524.contig1190	737	0	0
D3524.contig1191	736	0	0
D3524.contig1192	736	0	0
D3524.contig1193	736	4	4
D3524.contig1194	735	0	0
D3524.contig1195	735	0	0
D3524.contig1196	735	0	0
D3524.contig1197	734	0	0
D3524.contig1198	733	0	0
D3524.contig1199	733	0	0
D3524.contig1200	733	0	0
D3524.contig1201	733	0	0
D3524.contig1202	732	0	0
D3524.contig1203	732	0	0
D3524.contig1204	732	0	0
D3524.contig1205	731	0	0
D3524.contig1206	731	0	0
D3524.contig1207	731	0	0
D3524.contig1208	730	0	0
D3524.contig1209	730	0	0
D3524.contig1210	730	2	0
D3524.contig1211	729	0	0
D3524.contig1212	729	0	0
D3524.contig1213	728	0	0
D3524.contig1214	728	0	0
D3524.contig1215	727	0	0
D3524.contig1216	727	0	0
D3524.contig1217	727	0	0
D3524.contig1218	726	0	0
D3524.contig1219	725	0	0
D3524.contig1220	725	0	0
D3524.contig1221	723	0	0
D3524.contig1222	722	0	0
D3524.contig1223	722	0	0
D3524.contig1224	722	0	0
D3524.contig1225	722	0	0
D3524.contig1226	721	0	0
D3524.contig1227	721	0	0
D3524.contig1228	721	0	0
D3524.contig1229	719	0	0
D3524.contig1230	719	0	0
D3524.contig1231	719	0	0
D3524.contig1232	719	0	0
D3524.contig1233	719	0	0
D3524.contig1234	718	0	0
D3524.contig1235	718	0	0
D3524.contig1236	717	0	0
D3524.contig1237	716	0	0
D3524.contig1238	715	0	0
D3524.contig1239	714	0	0
D3524.contig1240	714	0	0
D3524.contig1241	714	0	0
D3524.contig1242	713	0	0
D3524.contig1243	713	0	0
D3524.contig1244	713	0	0
D3524.contig1245	712	0	0
D3524.contig1246	712	0	0
D3524.contig1247	712	0	0
D3524.contig1248	711	0	0
D3524.contig1249	711	0	0
D3524.contig1250	710	0	0
D3524.contig1251	710	0	0
D3524.contig1252	710	0	0
D3524.contig1253	709	0	0
D3524.contig1254	709	0	0
D3524.contig1255	709	0	0
D3524.contig1256	709	0	0
D3524.contig1257	708	0	0
D3524.contig1258	708	0	0
D3524.contig1259	708	0	0
D3524.contig1260	707	0	0
D3524.contig1261	707	0	0
D3524.contig1262	707	0	0
D3524.contig1263	706	0	0
D3524.contig1264	706	0	0
D3524.contig1265	704	0	0
D3524.contig1266	703	0	0
D3524.contig1267	703	0	0
D3524.contig1268	703	0	0
D3524.contig1269	703	0	0
D3524.contig1270	703	0	0
D3524.contig1271	703	0	0
D3524.contig1272	703	0	0
D3524.contig1273	702	0	0
D3524.contig1274	702	0	0
D3524.contig1275	702	0	0
D3524.contig1276	701	14	8
D3524.contig1277	701	0	0
D3524.contig1278	701	0	0
D3524.contig1279	701	3035	1085
D3524.contig1280	700	0	0
D3524.contig1281	699	0	0
D3524.contig1282	698	0	0
D3524.contig1283	698	0	0
D3524.contig1284	698	0	0
D3524.contig1285	697	0	0
D3524.contig1286	697	0	0
D3524.contig1287	697	0	0
D3524.contig1288	696	0	0
D3524.contig1289	696	0	0
D3524.contig1290	694	0	0
D3524.contig1291	693	0	0
D3524.contig1292	693	0	0
D3524.contig1293	693	0	0
D3524.contig1294	692	0	0
D3524.contig1295	691	0	0
D3524.contig1296	690	0	0
D3524.contig1297	688	0	0
D3524.contig1298	688	0	0
D3524.contig1299	688	0	0
D3524.contig1300	688	0	0
D3524.contig1301	688	0	0
D3524.contig1302	688	0	0
D3524.contig1303	687	0	0
D3524.contig1304	686	0	0
D3524.contig1305	685	0	0
D3524.contig1306	685	0	0
D3524.contig1307	685	0	0
D3524.contig1308	684	0	0
D3524.contig1309	683	0	0
D3524.contig1310	683	0	0
D3524.contig1311	681	0	0
D3524.contig1312	681	0	0
D3524.contig1313	680	0	0
D3524.contig1314	680	0	0
D3524.contig1315	680	0	0
D3524.contig1316	680	0	0
D3524.contig1317	679	0	0
D3524.contig1318	678	0	0
D3524.contig1319	678	0	0
D3524.contig1320	677	0	0
D3524.contig1321	676	0	0
D3524.contig1322	674	0	0
D3524.contig1323	674	0	0
D3524.contig1324	674	0	0
D3524.contig1325	673	0	0
D3524.contig1326	673	0	0
D3524.contig1327	673	0	0
D3524.contig1328	673	0	0
D3524.contig1329	672	0	0
D3524.contig1330	672	0	0
D3524.contig1331	672	0	0
D3524.contig1332	672	0	0
D3524.contig1333	671	0	0
D3524.contig1334	671	0	0
D3524.contig1335	671	0	0
D3524.contig1336	670	0	0
D3524.contig1337	670	0	0
D3524.contig1338	669	0	0
D3524.contig1339	669	0	0
D3524.contig1340	669	0	0
D3524.contig1341	669	0	0
D3524.contig1342	668	0	0
D3524.contig1343	668	0	0
D3524.contig1344	667	0	0
D3524.contig1345	667	0	0
D3524.contig1346	667	0	0
D3524.contig1347	667	0	0
D3524.contig1348	666	0	0
D3524.contig1349	665	0	0
D3524.contig1350	665	0	0
D3524.contig1351	665	0	0
D3524.contig1352	665	0	0
D3524.contig1353	664	0	0
D3524.contig1354	663	0	0
D3524.contig1355	663	0	0
D3524.contig1356	662	0	0
D3524.contig1357	662	0	0
D3524.contig1358	661	0	0
D3524.contig1359	661	0	0
D3524.contig1360	661	0	0
D3524.contig1361	661	0	0
D3524.contig1362	661	0	0
D3524.contig1363	660	0	0
D3524.contig1364	659	0	0
D3524.contig1365	659	0	0
D3524.contig1366	659	0	0
D3524.contig1367	657	0	0
D3524.contig1368	656	0	0
D3524.contig1369	656	0	0
D3524.contig1370	655	0	0
D3524.contig1371	655	0	0
D3524.contig1372	654	0	0
D3524.contig1373	653	0	0
D3524.contig1374	653	0	0
D3524.contig1375	653	0	0
D3524.contig1376	652	0	0
D3524.contig1377	652	0	0
D3524.contig1378	652	0	0
D3524.contig1379	652	0	0
D3524.contig1380	651	0	0
D3524.contig1381	651	0	0
D3524.contig1382	651	0	0
D3524.contig1383	651	0	0
D3524.contig1384	650	0	0
D3524.contig1385	650	0	0
D3524.contig1386	650	0	0
D3524.contig1387	649	0	0
D3524.contig1388	649	0	0
D3524.contig1389	649	0	0
D3524.contig1390	649	0	0
D3524.contig1391	649	0	0
D3524.contig1392	648	0	0
D3524.contig1393	648	32	12
D3524.contig1394	648	0	0
D3524.contig1395	648	0	0
D3524.contig1396	648	0	0
D3524.contig1397	647	0	0
D3524.contig1398	647	0	0
D3524.contig1399	647	0	0
D3524.contig1400	647	0	0
D3524.contig1401	647	0	0
D3524.contig1402	647	0	0
D3524.contig1403	646	0	0
D3524.contig1404	646	0	0
D3524.contig1405	646	0	0
D3524.contig1406	645	0	0
D3524.contig1407	645	0	0
D3524.contig1408	645	0	0
D3524.contig1409	645	0	0
D3524.contig1410	645	0	0
D3524.contig1411	644	0	0
D3524.contig1412	644	0	0
D3524.contig1413	644	0	0
D3524.contig1414	643	0	0
D3524.contig1415	643	0	0
D3524.contig1416	643	0	0
D3524.contig1417	642	0	0
D3524.contig1418	642	0	0
D3524.contig1419	641	0	0
D3524.contig1420	640	0	0
D3524.contig1421	639	0	0
D3524.contig1422	639	0	0
D3524.contig1423	639	0	0
D3524.contig1424	639	0	0
D3524.contig1425	638	0	0
D3524.contig1426	638	0	0
D3524.contig1427	638	0	0
D3524.contig1428	638	0	0
D3524.contig1429	638	0	0
D3524.contig1430	638	0	0
D3524.contig1431	637	0	0
D3524.contig1432	637	0	0
D3524.contig1433	637	0	0
D3524.contig1434	637	0	0
D3524.contig1435	636	0	0
D3524.contig1436	636	0	0
D3524.contig1437	635	0	0
D3524.contig1438	635	0	0
D3524.contig1439	635	0	0
D3524.contig1440	635	0	0
D3524.contig1441	635	0	0
D3524.contig1442	635	0	0
D3524.contig1443	634	0	0
D3524.contig1444	634	0	0
D3524.contig1445	634	0	0
D3524.contig1446	633	0	0
D3524.contig1447	633	0	0
D3524.contig1448	633	0	0
D3524.contig1449	631	0	0
D3524.contig1450	631	0	0
D3524.contig1451	631	0	0
D3524.contig1452	630	0	0
D3524.contig1453	630	0	0
D3524.contig1454	630	0	0
D3524.contig1455	629	0	0
D3524.contig1456	629	0	0
D3524.contig1457	628	0	0
D3524.contig1458	627	0	0
D3524.contig1459	627	0	0
D3524.contig1460	627	0	0
D3524.contig1461	627	0	0
D3524.contig1462	626	0	0
D3524.contig1463	626	0	0
D3524.contig1464	626	0	0
D3524.contig1465	625	0	0
D3524.contig1466	625	0	0
D3524.contig1467	625	0	0
D3524.contig1468	624	0	0
D3524.contig1469	624	0	0
D3524.contig1470	623	0	0
D3524.contig1471	623	0	0
D3524.contig1472	622	0	0
D3524.contig1473	622	0	0
D3524.contig1474	622	0	0
D3524.contig1475	622	0	0
D3524.contig1476	622	7	2
D3524.contig1477	621	0	0
D3524.contig1478	620	0	0
D3524.contig1479	620	0	0
D3524.contig1480	620	0	0
D3524.contig1481	619	0	0
D3524.contig1482	618	0	0
D3524.contig1483	617	0	0
D3524.contig1484	617	0	0
D3524.contig1485	617	0	0
D3524.contig1486	617	0	0
D3524.contig1487	616	0	0
D3524.contig1488	616	0	0
D3524.contig1489	615	0	0
D3524.contig1490	615	0	0
D3524.contig1491	614	0	0
D3524.contig1492	614	0	0
D3524.contig1493	614	0	0
D3524.contig1494	614	0	0
D3524.contig1495	613	0	0
D3524.contig1496	613	0	0
D3524.contig1497	613	0	0
D3524.contig1498	612	0	0
D3524.contig1499	612	0	0
D3524.contig1500	612	0	0
D3524.contig1501	612	0	0
D3524.contig1502	612	0	0
D3524.contig1503	611	0	0
D3524.contig1504	611	0	0
D3524.contig1505	610	0	0
D3524.contig1506	610	0	0
D3524.contig1507	610	4397	3621
D3524.contig1508	610	0	0
D3524.contig1509	610	0	0
D3524.contig1510	610	0	0
D3524.contig1511	609	3	1
D3524.contig1512	609	0	0
D3524.contig1513	609	0	0
D3524.contig1514	609	0	0
D3524.contig1515	608	0	0
D3524.contig1516	608	0	0
D3524.contig1517	608	0	0
D3524.contig1518	608	0	0
D3524.contig1519	608	0	0
D3524.contig1520	608	0	0
D3524.contig1521	607	0	0
D3524.contig1522	607	0	0
D3524.contig1523	607	0	0
D3524.contig1524	606	0	0
D3524.contig1525	606	0	0
D3524.contig1526	606	0	0
D3524.contig1527	606	0	0
D3524.contig1528	606	0	0
D3524.contig1529	605	0	0
D3524.contig1530	605	0	0
D3524.contig1531	605	0	0
D3524.contig1532	603	0	0
D3524.contig1533	603	0	0
D3524.contig1534	603	0	0
D3524.contig1535	603	0	0
D3524.contig1536	603	0	0
D3524.contig1537	603	0	0
D3524.contig1538	603	12613	9809
D3524.contig1539	603	0	0
D3524.contig1540	602	0	0
D3524.contig1541	602	0	0
D3524.contig1542	602	0	0
D3524.contig1543	602	1	1
D3524.contig1544	601	0	0
D3524.contig1545	601	0	0
D3524.contig1546	599	0	0
D3524.contig1547	599	0	0
D3524.contig1548	599	0	0
D3524.contig1549	599	0	0
D3524.contig1550	598	0	0
D3524.contig1551	598	0	0
D3524.contig1552	598	0	0
D3524.contig1553	598	0	0
D3524.contig1554	597	0	0
D3524.contig1555	596	0	0
D3524.contig1556	596	0	0
D3524.contig1557	596	0	0
D3524.contig1558	596	0	0
D3524.contig1559	595	0	0
D3524.contig1560	595	0	0
D3524.contig1561	594	0	0
D3524.contig1562	594	0	0
D3524.contig1563	594	0	0
D3524.contig1564	594	0	0
D3524.contig1565	594	0	0
D3524.contig1566	593	0	0
D3524.contig1567	593	0	0
D3524.contig1568	593	0	0
D3524.contig1569	592	0	0
D3524.contig1570	592	4	0
D3524.contig1571	592	0	0
D3524.contig1572	591	0	0
D3524.contig1573	590	0	0
D3524.contig1574	589	0	0
D3524.contig1575	589	0	0
D3524.contig1576	588	0	0
D3524.contig1577	587	0	0
D3524.contig1578	587	0	0
D3524.contig1579	585	0	0
D3524.contig1580	585	0	0
D3524.contig1581	585	0	0
D3524.contig1582	585	0	0
D3524.contig1583	585	0	0
D3524.contig1584	585	0	0
D3524.contig1585	585	0	0
D3524.contig1586	584	0	0
D3524.contig1587	584	0	0
D3524.contig1588	583	0	0
D3524.contig1589	583	0	0
D3524.contig1590	582	0	0
D3524.contig1591	582	0	0
D3524.contig1592	581	0	0
D3524.contig1593	581	0	0
D3524.contig1594	580	0	0
D3524.contig1595	580	0	0
D3524.contig1596	580	0	0
D3524.contig1597	580	0	0
D3524.contig1598	580	0	0
D3524.contig1599	580	0	0
D3524.contig1600	580	0	0
D3524.contig1601	580	0	0
D3524.contig1602	579	0	0
D3524.contig1603	578	0	0
D3524.contig1604	578	0	0
D3524.contig1605	578	0	0
D3524.contig1606	578	0	0
D3524.contig1607	577	0	0
D3524.contig1608	577	0	0
D3524.contig1609	577	0	0
D3524.contig1610	576	0	0
D3524.contig1611	576	0	0
D3524.contig1612	576	0	0
D3524.contig1613	576	0	0
D3524.contig1614	576	0	0
D3524.contig1615	575	0	0
D3524.contig1616	575	0	0
D3524.contig1617	575	0	0
D3524.contig1618	575	0	0
D3524.contig1619	575	0	0
D3524.contig1620	574	0	0
D3524.contig1621	573	0	0
D3524.contig1622	573	0	0
D3524.contig1623	573	0	0
D3524.contig1624	572	0	0
D3524.contig1625	572	0	0
D3524.contig1626	572	0	0
D3524.contig1627	572	0	0
D3524.contig1628	572	0	0
D3524.contig1629	572	0	0
D3524.contig1630	571	0	0
D3524.contig1631	571	0	0
D3524.contig1632	571	0	0
D3524.contig1633	571	0	0
D3524.contig1634	570	0	0
D3524.contig1635	569	0	0
D3524.contig1636	569	0	0
D3524.contig1637	569	0	0
D3524.contig1638	569	0	0
D3524.contig1639	569	0	0
D3524.contig1640	568	0	0
D3524.contig1641	568	0	0
D3524.contig1642	568	0	0
D3524.contig1643	568	0	0
D3524.contig1644	567	0	0
D3524.contig1645	567	0	0
D3524.contig1646	567	0	0
D3524.contig1647	567	0	0
D3524.contig1648	566	0	0
D3524.contig1649	566	0	0
D3524.contig1650	566	0	0
D3524.contig1651	566	0	0
D3524.contig1652	566	0	0
D3524.contig1653	566	0	0
D3524.contig1654	565	0	0
D3524.contig1655	565	0	0
D3524.contig1656	565	0	0
D3524.contig1657	565	0	0
D3524.contig1658	564	0	0
D3524.contig1659	564	0	0
D3524.contig1660	563	0	0
D3524.contig1661	563	0	0
D3524.contig1662	562	0	0
D3524.contig1663	562	0	0
D3524.contig1664	562	0	0
D3524.contig1665	562	0	0
D3524.contig1666	561	0	0
D3524.contig1667	561	0	0
D3524.contig1668	561	0	0
D3524.contig1669	561	0	0
D3524.contig1670	561	0	0
D3524.contig1671	559	0	0
D3524.contig1672	559	0	0
D3524.contig1673	559	0	0
D3524.contig1674	559	0	0
D3524.contig1675	559	0	0
D3524.contig1676	558	0	0
D3524.contig1677	558	1	0
D3524.contig1678	558	0	0
D3524.contig1679	557	0	0
D3524.contig1680	557	0	0
D3524.contig1681	556	0	0
D3524.contig1682	556	0	0
D3524.contig1683	555	0	0
D3524.contig1684	555	0	0
D3524.contig1685	555	0	0
D3524.contig1686	555	0	0
D3524.contig1687	554	0	0
D3524.contig1688	553	0	0
D3524.contig1689	553	0	0
D3524.contig1690	553	0	0
D3524.contig1691	553	0	0
D3524.contig1692	553	0	0
D3524.contig1693	552	0	0
D3524.contig1694	552	0	0
D3524.contig1695	552	0	0
D3524.contig1696	551	0	0
D3524.contig1697	551	0	0
D3524.contig1698	551	0	0
D3524.contig1699	551	0	0
D3524.contig1700	551	0	0
D3524.contig1701	551	0	0
D3524.contig1702	551	0	0
D3524.contig1703	551	0	0
D3524.contig1704	551	0	0
D3524.contig1705	550	0	0
D3524.contig1706	550	0	0
D3524.contig1707	550	0	0
D3524.contig1708	550	0	0
D3524.contig1709	549	0	0
D3524.contig1710	549	0	0
D3524.contig1711	549	0	0
D3524.contig1712	549	0	0
D3524.contig1713	549	0	0
D3524.contig1714	548	0	0
D3524.contig1715	548	0	0
D3524.contig1716	548	0	0
D3524.contig1717	547	0	0
D3524.contig1718	547	0	0
D3524.contig1719	547	0	0
D3524.contig1720	547	0	0
D3524.contig1721	547	0	0
D3524.contig1722	547	0	0
D3524.contig1723	546	0	0
D3524.contig1724	546	0	0
D3524.contig1725	546	0	0
D3524.contig1726	545	0	0
D3524.contig1727	545	0	0
D3524.contig1728	544	0	0
D3524.contig1729	544	0	0
D3524.contig1730	544	1	1
D3524.contig1731	543	0	0
D3524.contig1732	543	0	0
D3524.contig1733	543	0	0
D3524.contig1734	542	0	0
D3524.contig1735	542	0	0
D3524.contig1736	542	0	0
D3524.contig1737	542	0	0
D3524.contig1738	541	0	0
D3524.contig1739	541	0	0
D3524.contig1740	540	0	0
D3524.contig1741	540	0	0
D3524.contig1742	540	0	0
D3524.contig1743	539	0	0
D3524.contig1744	539	0	0
D3524.contig1745	538	0	0
D3524.contig1746	537	0	0
D3524.contig1747	537	0	0
D3524.contig1748	537	0	0
D3524.contig1749	536	0	0
D3524.contig1750	536	0	0
D3524.contig1751	535	0	0
D3524.contig1752	535	0	0
D3524.contig1753	535	0	0
D3524.contig1754	534	0	0
D3524.contig1755	534	0	0
D3524.contig1756	534	0	0
D3524.contig1757	534	0	0
D3524.contig1758	533	0	0
D3524.contig1759	533	0	0
D3524.contig1760	533	0	0
D3524.contig1761	533	0	0
D3524.contig1762	532	0	0
D3524.contig1763	532	0	0
D3524.contig1764	531	0	0
D3524.contig1765	531	0	0
D3524.contig1766	530	0	0
D3524.contig1767	530	0	0
D3524.contig1768	530	0	0
D3524.contig1769	530	0	0
D3524.contig1770	530	0	0
D3524.contig1771	530	0	0
D3524.contig1772	530	0	0
D3524.contig1773	529	0	0
D3524.contig1774	528	0	0
D3524.contig1775	528	0	0
D3524.contig1776	528	0	0
D3524.contig1777	527	0	0
D3524.contig1778	527	0	0
D3524.contig1779	527	0	0
D3524.contig1780	527	0	0
D3524.contig1781	526	0	0
D3524.contig1782	526	0	0
D3524.contig1783	526	0	0
D3524.contig1784	526	0	0
D3524.contig1785	526	0	0
D3524.contig1786	525	0	0
D3524.contig1787	525	0	0
D3524.contig1788	525	0	0
D3524.contig1789	524	0	0
D3524.contig1790	524	0	0
D3524.contig1791	524	0	0
D3524.contig1792	524	0	0
D3524.contig1793	524	0	0
D3524.contig1794	524	0	0
D3524.contig1795	523	0	0
D3524.contig1796	523	0	0
D3524.contig1797	522	0	0
D3524.contig1798	522	0	0
D3524.contig1799	522	0	0
D3524.contig1800	522	0	0
D3524.contig1801	521	0	0
D3524.contig1802	521	0	0
D3524.contig1803	521	0	0
D3524.contig1804	520	0	0
D3524.contig1805	520	0	0
D3524.contig1806	520	0	0
D3524.contig1807	520	0	0
D3524.contig1808	520	0	0
D3524.contig1809	520	0	0
D3524.contig1810	520	0	0
D3524.contig1811	519	0	0
D3524.contig1812	519	0	0
D3524.contig1813	519	0	0
D3524.contig1814	519	0	0
D3524.contig1815	519	0	0
D3524.contig1816	519	0	0
D3524.contig1817	518	0	0
D3524.contig1818	518	0	0
D3524.contig1819	518	0	0
D3524.contig1820	516	0	0
D3524.contig1821	516	0	0
D3524.contig1822	516	0	0
D3524.contig1823	516	0	0
D3524.contig1824	516	0	0
D3524.contig1825	516	0	0
D3524.contig1826	516	0	0
D3524.contig1827	516	0	0
D3524.contig1828	516	0	0
D3524.contig1829	515	0	0
D3524.contig1830	515	0	0
D3524.contig1831	515	0	0
D3524.contig1832	515	0	0
D3524.contig1833	515	0	0
D3524.contig1834	515	0	0
D3524.contig1835	514	0	0
D3524.contig1836	514	0	0
D3524.contig1837	514	0	0
D3524.contig1838	514	0	0
D3524.contig1839	514	0	0
D3524.contig1840	514	0	0
D3524.contig1841	514	0	0
D3524.contig1842	513	0	0
D3524.contig1843	513	0	0
D3524.contig1844	513	0	0
D3524.contig1845	513	0	0
D3524.contig1846	513	0	0
D3524.contig1847	512	0	0
D3524.contig1848	512	0	0
D3524.contig1849	512	0	0
D3524.contig1850	512	0	0
D3524.contig1851	512	0	0
D3524.contig1852	511	0	0
D3524.contig1853	511	0	0
D3524.contig1854	511	0	0
D3524.contig1855	510	0	0
D3524.contig1856	510	0	0
D3524.contig1857	510	0	0
D3524.contig1858	510	0	0
D3524.contig1859	510	0	0
D3524.contig1860	509	11	3
D3524.contig1861	509	0	0
D3524.contig1862	509	0	0
D3524.contig1863	509	0	0
D3524.contig1864	508	0	0
D3524.contig1865	508	0	0
D3524.contig1866	507	0	0
D3524.contig1867	506	0	0
D3524.contig1868	506	0	0
D3524.contig1869	506	0	0
D3524.contig1870	506	0	0
D3524.contig1871	506	0	0
D3524.contig1872	506	0	0
D3524.contig1873	505	0	0
D3524.contig1874	505	0	0
D3524.contig1875	505	0	0
D3524.contig1876	505	0	0
D3524.contig1877	504	0	0
D3524.contig1878	503	0	0
D3524.contig1879	503	0	0
D3524.contig1880	502	0	0
D3524.contig1881	502	0	0
D3524.contig1882	502	0	0
D3524.contig1883	502	0	0
D3524.contig1884	502	0	0
D3524.contig1885	501	0	0
D3524.contig1886	501	0	0
D3524.contig1887	501	0	0
D3524.contig1888	501	0	0
D3524.contig1889	501	0	0
D3524.contig1890	501	0	0
D3524.contig1891	501	0	0
D3524.contig1892	501	0	0
D3524.contig1893	500	0	0
D3524.contig1894	500	0	0
D3524.contig1895	500	0	0
D3524.contig1896	500	0	0
D3524.contig1897	499	0	0
D3524.contig1898	499	0	0
D3524.contig1899	499	0	0
D3524.contig1900	498	0	0
D3524.contig1901	498	0	0
D3524.contig1902	498	0	0
D3524.contig1903	498	0	0
D3524.contig1904	498	0	0
D3524.contig1905	498	0	0
D3524.contig1906	498	0	0
D3524.contig1907	498	0	0
D3524.contig1908	498	0	0
D3524.contig1909	497	0	0
D3524.contig1910	497	0	0
D3524.contig1911	497	0	0
D3524.contig1912	496	0	0
D3524.contig1913	496	0	0
D3524.contig1914	496	0	0
D3524.contig1915	495	0	0
D3524.contig1916	495	0	0
D3524.contig1917	495	0	0
D3524.contig1918	495	0	0
D3524.contig1919	494	0	0
D3524.contig1920	494	0	0
D3524.contig1921	494	0	0
D3524.contig1922	493	0	0
D3524.contig1923	493	0	0
D3524.contig1924	493	0	0
D3524.contig1925	493	0	0
D3524.contig1926	492	0	0
D3524.contig1927	491	0	0
D3524.contig1928	491	0	0
D3524.contig1929	491	2	0
D3524.contig1930	491	0	0
D3524.contig1931	491	0	0
D3524.contig1932	491	0	0
D3524.contig1933	490	0	0
D3524.contig1934	490	0	0
D3524.contig1935	490	0	0
D3524.contig1936	490	0	0
D3524.contig1937	490	0	0
D3524.contig1938	490	0	0
D3524.contig1939	489	0	0
D3524.contig1940	489	0	0
D3524.contig1941	489	0	0
D3524.contig1942	488	0	0
D3524.contig1943	488	0	0
D3524.contig1944	488	0	0
D3524.contig1945	488	0	0
D3524.contig1946	488	0	0
D3524.contig1947	488	0	0
D3524.contig1948	487	0	0
D3524.contig1949	487	0	0
D3524.contig1950	487	0	0
D3524.contig1951	487	0	0
D3524.contig1952	486	0	0
D3524.contig1953	486	0	0
D3524.contig1954	486	0	0
D3524.contig1955	486	0	0
D3524.contig1956	485	0	0
D3524.contig1957	485	0	0
D3524.contig1958	485	0	0
D3524.contig1959	485	0	0
D3524.contig1960	485	0	0
D3524.contig1961	485	0	0
D3524.contig1962	485	0	0
D3524.contig1963	485	0	0
D3524.contig1964	485	0	0
D3524.contig1965	484	0	0
D3524.contig1966	484	0	0
D3524.contig1967	484	0	0
D3524.contig1968	484	0	0
D3524.contig1969	484	0	0
D3524.contig1970	483	0	0
D3524.contig1971	483	0	0
D3524.contig1972	483	0	0
D3524.contig1973	483	0	0
D3524.contig1974	483	0	0
D3524.contig1975	483	0	0
D3524.contig1976	483	0	0
D3524.contig1977	482	0	0
D3524.contig1978	482	0	0
D3524.contig1979	481	0	0
D3524.contig1980	481	0	0
D3524.contig1981	481	0	0
D3524.contig1982	480	0	0
D3524.contig1983	480	0	0
D3524.contig1984	480	0	0
D3524.contig1985	480	0	0
D3524.contig1986	480	0	0
D3524.contig1987	480	0	0
D3524.contig1988	480	0	0
D3524.contig1989	479	0	0
D3524.contig1990	479	0	0
D3524.contig1991	479	0	0
D3524.contig1992	478	0	0
D3524.contig1993	478	0	0
D3524.contig1994	478	0	0
D3524.contig1995	478	0	0
D3524.contig1996	478	0	0
D3524.contig1997	477	0	0
D3524.contig1998	477	0	0
D3524.contig1999	477	0	0
D3524.contig2000	477	0	0
D3524.contig2001	477	0	0
D3524.contig2002	476	0	0
D3524.contig2003	476	0	0
D3524.contig2004	476	0	0
D3524.contig2005	476	0	0
D3524.contig2006	476	0	0
D3524.contig2007	475	0	0
D3524.contig2008	475	0	0
D3524.contig2009	475	0	0
D3524.contig2010	475	0	0
D3524.contig2011	475	0	0
D3524.contig2012	475	0	0
D3524.contig2013	474	0	0
D3524.contig2014	474	0	0
D3524.contig2015	474	0	0
D3524.contig2016	474	0	0
D3524.contig2017	474	0	0
D3524.contig2018	474	0	0
D3524.contig2019	474	0	0
D3524.contig2020	474	0	0
D3524.contig2021	473	0	0
D3524.contig2022	473	0	0
D3524.contig2023	473	0	0
D3524.contig2024	473	0	0
D3524.contig2025	473	0	0
D3524.contig2026	473	0	0
D3524.contig2027	473	0	0
D3524.contig2028	473	0	0
D3524.contig2029	472	0	0
D3524.contig2030	472	0	0
D3524.contig2031	472	0	0
D3524.contig2032	472	0	0
D3524.contig2033	472	0	0
D3524.contig2034	472	0	0
D3524.contig2035	471	0	0
D3524.contig2036	471	2	2
D3524.contig2037	471	0	0
D3524.contig2038	471	0	0
D3524.contig2039	471	0	0
D3524.contig2040	471	0	0
D3524.contig2041	470	0	0
D3524.contig2042	470	0	0
D3524.contig2043	470	0	0
D3524.contig2044	470	0	0
D3524.contig2045	470	0	0
D3524.contig2046	470	0	0
D3524.contig2047	470	0	0
D3524.contig2048	469	0	0
D3524.contig2049	469	0	0
D3524.contig2050	469	0	0
D3524.contig2051	469	0	0
D3524.contig2052	469	0	0
D3524.contig2053	468	0	0
D3524.contig2054	468	0	0
D3524.contig2055	468	0	0
D3524.contig2056	468	0	0
D3524.contig2057	468	0	0
D3524.contig2058	468	0	0
D3524.contig2059	467	0	0
D3524.contig2060	467	0	0
D3524.contig2061	467	0	0
D3524.contig2062	466	0	0
D3524.contig2063	466	0	0
D3524.contig2064	466	0	0
D3524.contig2065	466	0	0
D3524.contig2066	466	0	0
D3524.contig2067	466	0	0
D3524.contig2068	466	0	0
D3524.contig2069	466	0	0
D3524.contig2070	465	0	0
D3524.contig2071	465	0	0
D3524.contig2072	465	10980	8990
D3524.contig2073	465	0	0
D3524.contig2074	465	0	0
D3524.contig2075	465	0	0
D3524.contig2076	465	0	0
D3524.contig2077	464	0	0
D3524.contig2078	464	0	0
D3524.contig2079	464	0	0
D3524.contig2080	464	0	0
D3524.contig2081	464	0	0
D3524.contig2082	464	0	0
D3524.contig2083	464	0	0
D3524.contig2084	464	0	0
D3524.contig2085	464	0	0
D3524.contig2086	464	0	0
D3524.contig2087	464	0	0
D3524.contig2088	463	0	0
D3524.contig2089	463	0	0
D3524.contig2090	463	0	0
D3524.contig2091	463	0	0
D3524.contig2092	463	0	0
D3524.contig2093	463	0	0
D3524.contig2094	462	0	0
D3524.contig2095	462	0	0
D3524.contig2096	462	0	0
D3524.contig2097	462	0	0
D3524.contig2098	462	0	0
D3524.contig2099	462	0	0
D3524.contig2100	461	0	0
D3524.contig2101	461	0	0
D3524.contig2102	461	0	0
D3524.contig2103	461	0	0
D3524.contig2104	461	0	0
D3524.contig2105	461	0	0
D3524.contig2106	461	0	0
D3524.contig2107	461	0	0
D3524.contig2108	461	0	0
D3524.contig2109	460	0	0
D3524.contig2110	460	0	0
D3524.contig2111	460	0	0
D3524.contig2112	460	0	0
D3524.contig2113	460	0	0
D3524.contig2114	460	0	0
D3524.contig2115	460	0	0
D3524.contig2116	460	0	0
D3524.contig2117	459	0	0
D3524.contig2118	459	0	0
D3524.contig2119	459	0	0
D3524.contig2120	459	0	0
D3524.contig2121	459	0	0
D3524.contig2122	459	0	0
D3524.contig2123	459	0	0
D3524.contig2124	459	0	0
D3524.contig2125	458	0	0
D3524.contig2126	458	0	0
D3524.contig2127	458	0	0
D3524.contig2128	458	0	0
D3524.contig2129	458	0	0
D3524.contig2130	458	0	0
D3524.contig2131	457	0	0
D3524.contig2132	457	0	0
D3524.contig2133	457	0	0
D3524.contig2134	457	0	0
D3524.contig2135	457	0	0
D3524.contig2136	457	0	0
D3524.contig2137	457	0	0
D3524.contig2138	456	0	0
D3524.contig2139	456	0	0
D3524.contig2140	456	0	0
D3524.contig2141	456	0	0
D3524.contig2142	455	0	0
D3524.contig2143	455	0	0
D3524.contig2144	454	0	0
D3524.contig2145	454	0	0
D3524.contig2146	454	0	0
D3524.contig2147	454	0	0
D3524.contig2148	454	0	0
D3524.contig2149	453	0	0
D3524.contig2150	453	0	0
D3524.contig2151	453	0	0
D3524.contig2152	453	0	0
D3524.contig2153	452	0	0
D3524.contig2154	452	0	0
D3524.contig2155	452	0	0
D3524.contig2156	452	0	0
D3524.contig2157	452	0	0
D3524.contig2158	452	0	0
D3524.contig2159	452	0	0
D3524.contig2160	451	0	0
D3524.contig2161	451	4	0
D3524.contig2162	451	0	0
D3524.contig2163	451	0	0
D3524.contig2164	451	0	0
D3524.contig2165	451	0	0
D3524.contig2166	451	0	0
D3524.contig2167	451	0	0
D3524.contig2168	451	0	0
D3524.contig2169	451	0	0
D3524.contig2170	450	0	0
D3524.contig2171	450	0	0
D3524.contig2172	450	0	0
D3524.contig2173	450	0	0
D3524.contig2174	450	0	0
D3524.contig2175	450	0	0
D3524.contig2176	449	0	0
D3524.contig2177	449	0	0
D3524.contig2178	449	0	0
D3524.contig2179	449	0	0
D3524.contig2180	449	0	0
D3524.contig2181	449	0	0
D3524.contig2182	449	0	0
D3524.contig2183	449	0	0
D3524.contig2184	449	0	0
D3524.contig2185	449	0	0
D3524.contig2186	448	0	0
D3524.contig2187	448	0	0
D3524.contig2188	448	0	0
D3524.contig2189	448	0	0
D3524.contig2190	448	0	0
D3524.contig2191	448	0	0
D3524.contig2192	448	0	0
D3524.contig2193	447	0	0
D3524.contig2194	447	0	0
D3524.contig2195	447	0	0
D3524.contig2196	447	0	0
D3524.contig2197	446	0	0
D3524.contig2198	446	0	0
D3524.contig2199	446	0	0
D3524.contig2200	446	0	0
D3524.contig2201	446	0	0
D3524.contig2202	446	0	0
D3524.contig2203	446	0	0
D3524.contig2204	446	0	0
D3524.contig2205	445	4	4
D3524.contig2206	445	0	0
D3524.contig2207	445	0	0
D3524.contig2208	444	0	0
D3524.contig2209	444	0	0
D3524.contig2210	444	0	0
D3524.contig2211	444	0	0
D3524.contig2212	444	0	0
D3524.contig2213	444	0	0
D3524.contig2214	444	0	0
D3524.contig2215	444	0	0
D3524.contig2216	444	0	0
D3524.contig2217	443	0	0
D3524.contig2218	443	0	0
D3524.contig2219	442	0	0
D3524.contig2220	442	0	0
D3524.contig2221	442	0	0
D3524.contig2222	442	0	0
D3524.contig2223	442	0	0
D3524.contig2224	441	0	0
D3524.contig2225	441	0	0
D3524.contig2226	441	0	0
D3524.contig2227	441	0	0
D3524.contig2228	441	0	0
D3524.contig2229	441	0	0
D3524.contig2230	440	0	0
D3524.contig2231	440	0	0
D3524.contig2232	440	0	0
D3524.contig2233	440	0	0
D3524.contig2234	440	0	0
D3524.contig2235	439	0	0
D3524.contig2236	439	1311	831
D3524.contig2237	439	0	0
D3524.contig2238	439	0	0
D3524.contig2239	439	0	0
D3524.contig2240	439	0	0
D3524.contig2241	439	0	0
D3524.contig2242	438	0	0
D3524.contig2243	438	5060	2893
D3524.contig2244	438	0	0
D3524.contig2245	438	0	0
D3524.contig2246	438	0	0
D3524.contig2247	437	0	0
D3524.contig2248	437	0	0
D3524.contig2249	437	0	0
D3524.contig2250	437	0	0
D3524.contig2251	437	0	0
D3524.contig2252	437	0	0
D3524.contig2253	436	0	0
D3524.contig2254	436	0	0
D3524.contig2255	436	0	0
D3524.contig2256	436	0	0
D3524.contig2257	436	0	0
D3524.contig2258	435	0	0
D3524.contig2259	435	0	0
D3524.contig2260	435	0	0
D3524.contig2261	435	1	0
D3524.contig2262	435	0	0
D3524.contig2263	435	66	38
D3524.contig2264	435	0	0
D3524.contig2265	435	0	0
D3524.contig2266	435	0	0
D3524.contig2267	434	0	0
D3524.contig2268	434	0	0
D3524.contig2269	434	0	0
D3524.contig2270	434	0	0
D3524.contig2271	434	0	0
D3524.contig2272	434	0	0
D3524.contig2273	433	0	0
D3524.contig2274	433	0	0
D3524.contig2275	433	0	0
D3524.contig2276	433	0	0
D3524.contig2277	433	0	0
D3524.contig2278	433	0	0
D3524.contig2279	433	0	0
D3524.contig2280	433	0	0
D3524.contig2281	432	0	0
D3524.contig2282	432	0	0
D3524.contig2283	432	0	0
D3524.contig2284	432	0	0
D3524.contig2285	432	0	0
D3524.contig2286	432	0	0
D3524.contig2287	432	0	0
D3524.contig2288	432	0	0
D3524.contig2289	431	0	0
D3524.contig2290	431	316	170
D3524.contig2291	431	0	0
D3524.contig2292	431	0	0
D3524.contig2293	430	0	0
D3524.contig2294	430	0	0
D3524.contig2295	430	0	0
D3524.contig2296	430	0	0
D3524.contig2297	430	0	0
D3524.contig2298	430	0	0
D3524.contig2299	429	0	0
D3524.contig2300	429	0	0
D3524.contig2301	429	0	0
D3524.contig2302	429	0	0
D3524.contig2303	429	0	0
D3524.contig2304	428	0	0
D3524.contig2305	428	0	0
D3524.contig2306	428	0	0
D3524.contig2307	427	0	0
D3524.contig2308	427	0	0
D3524.contig2309	427	0	0
D3524.contig2310	427	0	0
D3524.contig2311	426	0	0
D3524.contig2312	426	0	0
D3524.contig2313	426	0	0
D3524.contig2314	426	0	0
D3524.contig2315	426	0	0
D3524.contig2316	426	0	0
D3524.contig2317	426	0	0
D3524.contig2318	426	0	0
D3524.contig2319	425	0	0
D3524.contig2320	425	0	0
D3524.contig2321	425	0	0
D3524.contig2322	425	0	0
D3524.contig2323	425	0	0
D3524.contig2324	425	0	0
D3524.contig2325	424	0	0
D3524.contig2326	424	0	0
D3524.contig2327	423	0	0
D3524.contig2328	423	0	0
D3524.contig2329	423	0	0
D3524.contig2330	423	0	0
D3524.contig2331	423	0	0
D3524.contig2332	423	0	0
D3524.contig2333	423	0	0
D3524.contig2334	423	2	2
D3524.contig2335	423	0	0
D3524.contig2336	423	0	0
D3524.contig2337	423	0	0
D3524.contig2338	423	0	0
D3524.contig2339	422	0	0
D3524.contig2340	422	0	0
D3524.contig2341	422	0	0
D3524.contig2342	422	0	0
D3524.contig2343	422	0	0
D3524.contig2344	421	0	0
D3524.contig2345	421	0	0
D3524.contig2346	421	0	0
D3524.contig2347	421	0	0
D3524.contig2348	421	0	0
D3524.contig2349	421	0	0
D3524.contig2350	421	0	0
D3524.contig2351	421	0	0
D3524.contig2352	421	0	0
D3524.contig2353	420	0	0
D3524.contig2354	420	0	0
D3524.contig2355	420	0	0
D3524.contig2356	420	0	0
D3524.contig2357	420	0	0
D3524.contig2358	420	0	0
D3524.contig2359	420	0	0
D3524.contig2360	420	0	0
D3524.contig2361	420	0	0
D3524.contig2362	419	0	0
D3524.contig2363	419	0	0
D3524.contig2364	419	0	0
D3524.contig2365	419	0	0
D3524.contig2366	419	0	0
D3524.contig2367	419	0	0
D3524.contig2368	418	0	0
D3524.contig2369	418	0	0
D3524.contig2370	418	0	0
D3524.contig2371	417	0	0
D3524.contig2372	417	0	0
D3524.contig2373	417	0	0
D3524.contig2374	417	0	0
D3524.contig2375	417	0	0
D3524.contig2376	417	0	0
D3524.contig2377	417	0	0
D3524.contig2378	417	0	0
D3524.contig2379	416	0	0
D3524.contig2380	416	0	0
D3524.contig2381	416	0	0
D3524.contig2382	416	0	0
D3524.contig2383	416	0	0
D3524.contig2384	415	0	0
D3524.contig2385	415	0	0
D3524.contig2386	415	0	0
D3524.contig2387	415	0	0
D3524.contig2388	414	0	0
D3524.contig2389	414	0	0
D3524.contig2390	414	0	0
D3524.contig2391	414	0	0
D3524.contig2392	414	0	0
D3524.contig2393	414	0	0
D3524.contig2394	414	0	0
D3524.contig2395	413	0	0
D3524.contig2396	413	0	0
D3524.contig2397	413	0	0
D3524.contig2398	413	0	0
D3524.contig2399	412	0	0
D3524.contig2400	412	0	0
D3524.contig2401	412	0	0
D3524.contig2402	411	0	0
D3524.contig2403	411	0	0
D3524.contig2404	411	0	0
D3524.contig2405	411	0	0
D3524.contig2406	411	0	0
D3524.contig2407	411	0	0
D3524.contig2408	411	0	0
D3524.contig2409	411	0	0
D3524.contig2410	411	0	0
D3524.contig2411	410	0	0
D3524.contig2412	410	0	0
D3524.contig2413	410	0	0
D3524.contig2414	410	0	0
D3524.contig2415	410	0	0
D3524.contig2416	410	0	0
D3524.contig2417	410	0	0
D3524.contig2418	409	0	0
D3524.contig2419	409	0	0
D3524.contig2420	409	0	0
D3524.contig2421	409	0	0
D3524.contig2422	408	0	0
D3524.contig2423	408	0	0
D3524.contig2424	408	0	0
D3524.contig2425	408	0	0
D3524.contig2426	408	0	0
D3524.contig2427	408	0	0
D3524.contig2428	407	0	0
D3524.contig2429	407	0	0
D3524.contig2430	407	0	0
D3524.contig2431	407	0	0
D3524.contig2432	407	0	0
D3524.contig2433	407	0	0
D3524.contig2434	406	0	0
D3524.contig2435	406	0	0
D3524.contig2436	406	0	0
D3524.contig2437	406	0	0
D3524.contig2438	406	0	0
D3524.contig2439	406	0	0
D3524.contig2440	406	0	0
D3524.contig2441	405	0	0
D3524.contig2442	405	0	0
D3524.contig2443	405	0	0
D3524.contig2444	405	0	0
D3524.contig2445	405	0	0
D3524.contig2446	405	0	0
D3524.contig2447	405	0	0
D3524.contig2448	405	0	0
D3524.contig2449	404	0	0
D3524.contig2450	404	0	0
D3524.contig2451	404	0	0
D3524.contig2452	404	0	0
D3524.contig2453	404	0	0
D3524.contig2454	404	0	0
D3524.contig2455	404	0	0
D3524.contig2456	404	0	0
D3524.contig2457	404	0	0
D3524.contig2458	404	0	0
D3524.contig2459	403	0	0
D3524.contig2460	403	0	0
D3524.contig2461	403	0	0
D3524.contig2462	403	0	0
D3524.contig2463	403	0	0
D3524.contig2464	403	0	0
D3524.contig2465	403	0	0
D3524.contig2466	403	0	0
D3524.contig2467	403	0	0
D3524.contig2468	403	0	0
D3524.contig2469	402	0	0
D3524.contig2470	402	0	0
D3524.contig2471	402	0	0
D3524.contig2472	402	0	0
D3524.contig2473	402	0	0
D3524.contig2474	402	0	0
D3524.contig2475	402	0	0
D3524.contig2476	402	0	0
D3524.contig2477	402	0	0
D3524.contig2478	402	0	0
D3524.contig2479	402	0	0
D3524.contig2480	401	0	0
D3524.contig2481	401	0	0
D3524.contig2482	401	0	0
D3524.contig2483	401	0	0
D3524.contig2484	401	0	0
D3524.contig2485	401	0	0
D3524.contig2486	401	0	0
D3524.contig2487	401	0	0
D3524.contig2488	400	0	0
D3524.contig2489	400	0	0
D3524.contig2490	400	0	0
D3524.contig2491	400	1	1
D3524.contig2492	400	0	0
D3524.contig2493	400	0	0
D3524.contig2494	400	0	0
D3524.contig2495	400	0	0
D3524.contig2496	400	0	0
D3524.contig2497	399	0	0
D3524.contig2498	399	0	0
D3524.contig2499	399	0	0
D3524.contig2500	399	0	0
D3524.contig2501	399	0	0
D3524.contig2502	398	0	0
D3524.contig2503	398	0	0
D3524.contig2504	398	0	0
D3524.contig2505	398	0	0
D3524.contig2506	398	0	0
D3524.contig2507	398	0	0
D3524.contig2508	398	0	0
D3524.contig2509	398	0	0
D3524.contig2510	398	0	0
D3524.contig2511	398	0	0
D3524.contig2512	398	0	0
D3524.contig2513	397	0	0
D3524.contig2514	397	0	0
D3524.contig2515	397	0	0
D3524.contig2516	397	0	0
D3524.contig2517	397	0	0
D3524.contig2518	397	0	0
D3524.contig2519	397	0	0
D3524.contig2520	396	0	0
D3524.contig2521	396	0	0
D3524.contig2522	396	0	0
D3524.contig2523	396	0	0
D3524.contig2524	396	0	0
D3524.contig2525	396	0	0
D3524.contig2526	396	0	0
D3524.contig2527	396	0	0
D3524.contig2528	395	0	0
D3524.contig2529	395	0	0
D3524.contig2530	395	0	0
D3524.contig2531	395	0	0
D3524.contig2532	395	0	0
D3524.contig2533	395	0	0
D3524.contig2534	394	0	0
D3524.contig2535	394	0	0
D3524.contig2536	394	0	0
D3524.contig2537	394	0	0
D3524.contig2538	394	0	0
D3524.contig2539	393	0	0
D3524.contig2540	393	0	0
D3524.contig2541	393	0	0
D3524.contig2542	393	0	0
D3524.contig2543	393	0	0
D3524.contig2544	392	0	0
D3524.contig2545	392	0	0
D3524.contig2546	392	0	0
D3524.contig2547	392	0	0
D3524.contig2548	392	0	0
D3524.contig2549	392	0	0
D3524.contig2550	391	0	0
D3524.contig2551	391	0	0
D3524.contig2552	391	0	0
D3524.contig2553	391	0	0
D3524.contig2554	391	0	0
D3524.contig2555	391	0	0
D3524.contig2556	391	0	0
D3524.contig2557	391	0	0
D3524.contig2558	391	0	0
D3524.contig2559	391	0	0
D3524.contig2560	391	0	0
D3524.contig2561	390	0	0
D3524.contig2562	390	0	0
D3524.contig2563	390	0	0
D3524.contig2564	390	0	0
D3524.contig2565	390	0	0
D3524.contig2566	390	0	0
D3524.contig2567	390	0	0
D3524.contig2568	390	0	0
D3524.contig2569	390	0	0
D3524.contig2570	390	0	0
D3524.contig2571	390	0	0
D3524.contig2572	390	0	0
D3524.contig2573	389	0	0
D3524.contig2574	389	0	0
D3524.contig2575	389	0	0
D3524.contig2576	389	0	0
D3524.contig2577	389	0	0
D3524.contig2578	389	0	0
D3524.contig2579	389	0	0
D3524.contig2580	389	0	0
D3524.contig2581	389	0	0
D3524.contig2582	389	0	0
D3524.contig2583	389	0	0
D3524.contig2584	388	0	0
D3524.contig2585	388	0	0
D3524.contig2586	388	0	0
D3524.contig2587	388	0	0
D3524.contig2588	388	0	0
D3524.contig2589	388	0	0
D3524.contig2590	388	0	0
D3524.contig2591	388	0	0
D3524.contig2592	388	0	0
D3524.contig2593	388	0	0
D3524.contig2594	387	0	0
D3524.contig2595	387	0	0
D3524.contig2596	387	0	0
D3524.contig2597	387	0	0
D3524.contig2598	387	0	0
D3524.contig2599	387	0	0
D3524.contig2600	387	0	0
D3524.contig2601	387	0	0
D3524.contig2602	387	0	0
D3524.contig2603	387	0	0
D3524.contig2604	387	0	0
D3524.contig2605	386	0	0
D3524.contig2606	386	0	0
D3524.contig2607	386	0	0
D3524.contig2608	386	0	0
D3524.contig2609	386	0	0
D3524.contig2610	386	0	0
D3524.contig2611	386	0	0
D3524.contig2612	386	0	0
D3524.contig2613	386	0	0
D3524.contig2614	386	0	0
D3524.contig2615	386	0	0
D3524.contig2616	386	0	0
D3524.contig2617	385	0	0
D3524.contig2618	385	0	0
D3524.contig2619	385	3	3
D3524.contig2620	384	0	0
D3524.contig2621	384	0	0
D3524.contig2622	384	0	0
D3524.contig2623	384	0	0
D3524.contig2624	384	0	0
D3524.contig2625	384	0	0
D3524.contig2626	384	0	0
D3524.contig2627	384	0	0
D3524.contig2628	384	0	0
D3524.contig2629	383	0	0
D3524.contig2630	383	0	0
D3524.contig2631	383	0	0
D3524.contig2632	383	0	0
D3524.contig2633	383	0	0
D3524.contig2634	383	0	0
D3524.contig2635	383	0	0
D3524.contig2636	383	0	0
D3524.contig2637	383	0	0
D3524.contig2638	383	0	0
D3524.contig2639	382	0	0
D3524.contig2640	382	0	0
D3524.contig2641	382	0	0
D3524.contig2642	382	0	0
D3524.contig2643	382	0	0
D3524.contig2644	382	0	0
D3524.contig2645	382	0	0
D3524.contig2646	382	0	0
D3524.contig2647	381	0	0
D3524.contig2648	381	0	0
D3524.contig2649	381	0	0
D3524.contig2650	381	0	0
D3524.contig2651	381	0	0
D3524.contig2652	381	0	0
D3524.contig2653	381	0	0
D3524.contig2654	381	0	0
D3524.contig2655	381	0	0
D3524.contig2656	381	0	0
D3524.contig2657	381	0	0
D3524.contig2658	381	0	0
D3524.contig2659	381	0	0
D3524.contig2660	381	0	0
D3524.contig2661	380	0	0
D3524.contig2662	380	0	0
D3524.contig2663	380	0	0
D3524.contig2664	380	0	0
D3524.contig2665	380	0	0
D3524.contig2666	380	0	0
D3524.contig2667	380	0	0
D3524.contig2668	380	1	1
D3524.contig2669	380	0	0
D3524.contig2670	380	0	0
D3524.contig2671	380	0	0
D3524.contig2672	379	0	0
D3524.contig2673	379	0	0
D3524.contig2674	379	0	0
D3524.contig2675	379	0	0
D3524.contig2676	379	0	0
D3524.contig2677	379	0	0
D3524.contig2678	378	0	0
D3524.contig2679	378	0	0
D3524.contig2680	378	0	0
D3524.contig2681	378	0	0
D3524.contig2682	378	0	0
D3524.contig2683	378	0	0
D3524.contig2684	378	0	0
D3524.contig2685	378	0	0
D3524.contig2686	377	0	0
D3524.contig2687	377	0	0
D3524.contig2688	377	0	0
D3524.contig2689	377	0	0
D3524.contig2690	377	0	0
D3524.contig2691	377	0	0
D3524.contig2692	377	0	0
D3524.contig2693	377	0	0
D3524.contig2694	377	0	0
D3524.contig2695	376	0	0
D3524.contig2696	376	0	0
D3524.contig2697	376	0	0
D3524.contig2698	375	0	0
D3524.contig2699	375	0	0
D3524.contig2700	375	0	0
D3524.contig2701	375	0	0
D3524.contig2702	375	0	0
D3524.contig2703	375	0	0
D3524.contig2704	375	0	0
D3524.contig2705	375	0	0
D3524.contig2706	375	0	0
D3524.contig2707	375	0	0
D3524.contig2708	374	0	0
D3524.contig2709	374	0	0
D3524.contig2710	374	0	0
D3524.contig2711	374	0	0
D3524.contig2712	374	0	0
D3524.contig2713	374	0	0
D3524.contig2714	374	0	0
D3524.contig2715	373	0	0
D3524.contig2716	373	0	0
D3524.contig2717	373	0	0
D3524.contig2718	373	0	0
D3524.contig2719	373	0	0
D3524.contig2720	373	0	0
D3524.contig2721	372	0	0
D3524.contig2722	372	0	0
D3524.contig2723	372	0	0
D3524.contig2724	372	0	0
D3524.contig2725	372	0	0
D3524.contig2726	372	0	0
D3524.contig2727	372	0	0
D3524.contig2728	372	0	0
D3524.contig2729	371	0	0
D3524.contig2730	371	0	0
D3524.contig2731	371	0	0
D3524.contig2732	371	0	0
D3524.contig2733	371	0	0
D3524.contig2734	371	0	0
D3524.contig2735	371	0	0
D3524.contig2736	371	0	0
D3524.contig2737	371	0	0
D3524.contig2738	371	0	0
D3524.contig2739	371	0	0
D3524.contig2740	370	0	0
D3524.contig2741	370	151	75
D3524.contig2742	370	0	0
D3524.contig2743	370	0	0
D3524.contig2744	370	0	0
D3524.contig2745	370	0	0
D3524.contig2746	370	0	0
D3524.contig2747	370	0	0
D3524.contig2748	370	0	0
D3524.contig2749	369	0	0
D3524.contig2750	369	0	0
D3524.contig2751	369	0	0
D3524.contig2752	369	0	0
D3524.contig2753	369	0	0
D3524.contig2754	369	0	0
D3524.contig2755	369	0	0
D3524.contig2756	369	0	0
D3524.contig2757	369	0	0
D3524.contig2758	369	0	0
D3524.contig2759	368	0	0
D3524.contig2760	368	0	0
D3524.contig2761	368	0	0
D3524.contig2762	368	0	0
D3524.contig2763	368	0	0
D3524.contig2764	368	0	0
D3524.contig2765	368	0	0
D3524.contig2766	368	0	0
D3524.contig2767	368	0	0
D3524.contig2768	368	0	0
D3524.contig2769	367	0	0
D3524.contig2770	367	0	0
D3524.contig2771	367	0	0
D3524.contig2772	367	0	0
D3524.contig2773	367	0	0
D3524.contig2774	367	0	0
D3524.contig2775	367	0	0
D3524.contig2776	367	0	0
D3524.contig2777	367	0	0
D3524.contig2778	367	0	0
D3524.contig2779	367	0	0
D3524.contig2780	367	0	0
D3524.contig2781	367	0	0
D3524.contig2782	367	0	0
D3524.contig2783	367	0	0
D3524.contig2784	367	0	0
D3524.contig2785	366	0	0
D3524.contig2786	366	0	0
D3524.contig2787	366	0	0
D3524.contig2788	366	0	0
D3524.contig2789	366	0	0
D3524.contig2790	366	0	0
D3524.contig2791	366	0	0
D3524.contig2792	366	0	0
D3524.contig2793	366	0	0
D3524.contig2794	366	0	0
D3524.contig2795	366	0	0
D3524.contig2796	366	0	0
D3524.contig2797	365	0	0
D3524.contig2798	365	0	0
D3524.contig2799	365	0	0
D3524.contig2800	365	0	0
D3524.contig2801	365	0	0
D3524.contig2802	365	0	0
D3524.contig2803	365	0	0
D3524.contig2804	365	0	0
D3524.contig2805	365	0	0
D3524.contig2806	365	0	0
D3524.contig2807	365	0	0
D3524.contig2808	365	0	0
D3524.contig2809	364	0	0
D3524.contig2810	364	0	0
D3524.contig2811	364	1227	866
D3524.contig2812	364	0	0
D3524.contig2813	364	0	0
D3524.contig2814	364	0	0
D3524.contig2815	364	0	0
D3524.contig2816	364	0	0
D3524.contig2817	364	0	0
D3524.contig2818	364	0	0
D3524.contig2819	364	0	0
D3524.contig2820	364	0	0
D3524.contig2821	364	0	0
D3524.contig2822	364	0	0
D3524.contig2823	364	0	0
D3524.contig2824	364	0	0
D3524.contig2825	363	0	0
D3524.contig2826	363	0	0
D3524.contig2827	363	0	0
D3524.contig2828	363	0	0
D3524.contig2829	363	0	0
D3524.contig2830	363	0	0
D3524.contig2831	363	0	0
D3524.contig2832	363	0	0
D3524.contig2833	363	0	0
D3524.contig2834	363	0	0
D3524.contig2835	362	0	0
D3524.contig2836	362	0	0
D3524.contig2837	362	0	0
D3524.contig2838	362	0	0
D3524.contig2839	362	0	0
D3524.contig2840	362	0	0
D3524.contig2841	362	0	0
D3524.contig2842	362	0	0
D3524.contig2843	361	0	0
D3524.contig2844	361	0	0
D3524.contig2845	361	0	0
D3524.contig2846	361	0	0
D3524.contig2847	361	0	0
D3524.contig2848	361	0	0
D3524.contig2849	361	0	0
D3524.contig2850	361	0	0
D3524.contig2851	361	0	0
D3524.contig2852	360	0	0
D3524.contig2853	360	0	0
D3524.contig2854	360	0	0
D3524.contig2855	360	0	0
D3524.contig2856	360	0	0
D3524.contig2857	360	0	0
D3524.contig2858	360	0	0
D3524.contig2859	359	0	0
D3524.contig2860	359	0	0
D3524.contig2861	359	0	0
D3524.contig2862	359	0	0
D3524.contig2863	359	0	0
D3524.contig2864	359	0	0
D3524.contig2865	359	0	0
D3524.contig2866	359	0	0
D3524.contig2867	358	0	0
D3524.contig2868	358	0	0
D3524.contig2869	358	0	0
D3524.contig2870	358	0	0
D3524.contig2871	358	0	0
D3524.contig2872	358	0	0
D3524.contig2873	358	0	0
D3524.contig2874	358	0	0
D3524.contig2875	357	0	0
D3524.contig2876	357	0	0
D3524.contig2877	357	0	0
D3524.contig2878	357	0	0
D3524.contig2879	357	0	0
D3524.contig2880	357	0	0
D3524.contig2881	357	0	0
D3524.contig2882	357	0	0
D3524.contig2883	356	0	0
D3524.contig2884	356	0	0
D3524.contig2885	356	0	0
D3524.contig2886	356	0	0
D3524.contig2887	356	0	0
D3524.contig2888	356	0	0
D3524.contig2889	356	0	0
D3524.contig2890	356	0	0
D3524.contig2891	356	0	0
D3524.contig2892	356	0	0
D3524.contig2893	356	0	0
D3524.contig2894	356	0	0
D3524.contig2895	356	0	0
D3524.contig2896	356	0	0
D3524.contig2897	356	0	0
D3524.contig2898	356	0	0
D3524.contig2899	355	0	0
D3524.contig2900	355	0	0
D3524.contig2901	355	0	0
D3524.contig2902	355	0	0
D3524.contig2903	355	0	0
D3524.contig2904	355	0	0
D3524.contig2905	355	0	0
D3524.contig2906	355	0	0
D3524.contig2907	355	0	0
D3524.contig2908	355	0	0
D3524.contig2909	355	0	0
D3524.contig2910	355	0	0
D3524.contig2911	355	0	0
D3524.contig2912	354	0	0
D3524.contig2913	354	0	0
D3524.contig2914	354	0	0
D3524.contig2915	354	0	0
D3524.contig2916	354	0	0
D3524.contig2917	354	0	0
D3524.contig2918	354	0	0
D3524.contig2919	354	0	0
D3524.contig2920	354	0	0
D3524.contig2921	353	0	0
D3524.contig2922	353	0	0
D3524.contig2923	353	0	0
D3524.contig2924	353	0	0
D3524.contig2925	353	0	0
D3524.contig2926	353	0	0
D3524.contig2927	353	0	0
D3524.contig2928	353	0	0
D3524.contig2929	353	0	0
D3524.contig2930	353	30	2
D3524.contig2931	352	0	0
D3524.contig2932	352	0	0
D3524.contig2933	352	0	0
D3524.contig2934	352	0	0
D3524.contig2935	352	0	0
D3524.contig2936	352	0	0
D3524.contig2937	352	0	0
D3524.contig2938	352	0	0
D3524.contig2939	352	0	0
D3524.contig2940	352	0	0
D3524.contig2941	352	0	0
D3524.contig2942	351	0	0
D3524.contig2943	351	0	0
D3524.contig2944	351	0	0
D3524.contig2945	351	0	0
D3524.contig2946	351	0	0
D3524.contig2947	351	0	0
D3524.contig2948	351	0	0
D3524.contig2949	351	0	0
D3524.contig2950	351	0	0
D3524.contig2951	351	0	0
D3524.contig2952	351	0	0
D3524.contig2953	350	0	0
D3524.contig2954	350	0	0
D3524.contig2955	350	0	0
D3524.contig2956	350	0	0
D3524.contig2957	350	0	0
D3524.contig2958	350	0	0
D3524.contig2959	350	0	0
D3524.contig2960	350	0	0
D3524.contig2961	350	0	0
D3524.contig2962	349	0	0
D3524.contig2963	349	0	0
D3524.contig2964	349	0	0
D3524.contig2965	349	0	0
D3524.contig2966	349	0	0
D3524.contig2967	349	0	0
D3524.contig2968	349	0	0
D3524.contig2969	349	0	0
D3524.contig2970	349	0	0
D3524.contig2971	349	0	0
D3524.contig2972	349	39963	21408
D3524.contig2973	349	0	0
D3524.contig2974	348	0	0
D3524.contig2975	348	0	0
D3524.contig2976	348	0	0
D3524.contig2977	348	0	0
D3524.contig2978	348	0	0
D3524.contig2979	348	2	2
D3524.contig2980	348	0	0
D3524.contig2981	348	0	0
D3524.contig2982	348	0	0
D3524.contig2983	348	0	0
D3524.contig2984	348	0	0
D3524.contig2985	348	0	0
D3524.contig2986	348	0	0
D3524.contig2987	348	0	0
D3524.contig2988	348	0	0
D3524.contig2989	348	0	0
D3524.contig2990	348	0	0
D3524.contig2991	347	0	0
D3524.contig2992	347	0	0
D3524.contig2993	347	0	0
D3524.contig2994	347	0	0
D3524.contig2995	347	0	0
D3524.contig2996	347	0	0
D3524.contig2997	347	0	0
D3524.contig2998	347	0	0
D3524.contig2999	347	0	0
D3524.contig3000	347	0	0
D3524.contig3001	347	0	0
D3524.contig3002	347	0	0
D3524.contig3003	347	0	0
D3524.contig3004	347	0	0
D3524.contig3005	347	0	0
D3524.contig3006	347	0	0
D3524.contig3007	347	0	0
D3524.contig3008	346	0	0
D3524.contig3009	346	0	0
D3524.contig3010	346	0	0
D3524.contig3011	346	0	0
D3524.contig3012	346	0	0
D3524.contig3013	346	0	0
D3524.contig3014	346	0	0
D3524.contig3015	346	0	0
D3524.contig3016	346	0	0
D3524.contig3017	346	0	0
D3524.contig3018	346	0	0
D3524.contig3019	346	0	0
D3524.contig3020	346	0	0
D3524.contig3021	345	0	0
D3524.contig3022	345	0	0
D3524.contig3023	345	0	0
D3524.contig3024	345	0	0
D3524.contig3025	345	0	0
D3524.contig3026	345	0	0
D3524.contig3027	345	99	79
D3524.contig3028	345	0	0
D3524.contig3029	344	20	18
D3524.contig3030	344	0	0
D3524.contig3031	344	0	0
D3524.contig3032	344	0	0
D3524.contig3033	344	0	0
D3524.contig3034	344	0	0
D3524.contig3035	344	0	0
D3524.contig3036	344	0	0
D3524.contig3037	344	0	0
D3524.contig3038	344	0	0
D3524.contig3039	344	0	0
D3524.contig3040	344	0	0
D3524.contig3041	343	0	0
D3524.contig3042	343	0	0
D3524.contig3043	343	0	0
D3524.contig3044	343	0	0
D3524.contig3045	343	0	0
D3524.contig3046	343	0	0
D3524.contig3047	343	0	0
D3524.contig3048	343	0	0
D3524.contig3049	343	0	0
D3524.contig3050	343	0	0
D3524.contig3051	343	0	0
D3524.contig3052	343	0	0
D3524.contig3053	343	0	0
D3524.contig3054	343	0	0
D3524.contig3055	343	0	0
D3524.contig3056	342	0	0
D3524.contig3057	342	0	0
D3524.contig3058	342	0	0
D3524.contig3059	342	0	0
D3524.contig3060	342	0	0
D3524.contig3061	342	0	0
D3524.contig3062	342	0	0
D3524.contig3063	342	0	0
D3524.contig3064	342	0	0
D3524.contig3065	342	0	0
D3524.contig3066	342	0	0
D3524.contig3067	342	3202	2451
D3524.contig3068	342	0	0
D3524.contig3069	341	0	0
D3524.contig3070	341	0	0
D3524.contig3071	341	0	0
D3524.contig3072	341	0	0
D3524.contig3073	341	0	0
D3524.contig3074	341	0	0
D3524.contig3075	341	0	0
D3524.contig3076	341	0	0
D3524.contig3077	341	0	0
D3524.contig3078	340	0	0
D3524.contig3079	340	0	0
D3524.contig3080	340	0	0
D3524.contig3081	340	0	0
D3524.contig3082	340	0	0
D3524.contig3083	340	0	0
D3524.contig3084	340	0	0
D3524.contig3085	340	0	0
D3524.contig3086	340	0	0
D3524.contig3087	340	203	131
D3524.contig3088	340	0	0
D3524.contig3089	340	0	0
D3524.contig3090	339	0	0
D3524.contig3091	339	0	0
D3524.contig3092	339	0	0
D3524.contig3093	339	0	0
D3524.contig3094	338	0	0
D3524.contig3095	338	0	0
D3524.contig3096	338	0	0
D3524.contig3097	338	0	0
D3524.contig3098	338	0	0
D3524.contig3099	338	0	0
D3524.contig3100	338	0	0
D3524.contig3101	338	1	1
D3524.contig3102	338	0	0
D3524.contig3103	338	0	0
D3524.contig3104	338	0	0
D3524.contig3105	337	0	0
D3524.contig3106	337	0	0
D3524.contig3107	337	0	0
D3524.contig3108	337	0	0
D3524.contig3109	337	0	0
D3524.contig3110	337	0	0
D3524.contig3111	337	0	0
D3524.contig3112	337	0	0
D3524.contig3113	337	0	0
D3524.contig3114	337	0	0
D3524.contig3115	336	0	0
D3524.contig3116	336	0	0
D3524.contig3117	336	0	0
D3524.contig3118	336	0	0
D3524.contig3119	336	0	0
D3524.contig3120	336	0	0
D3524.contig3121	336	0	0
D3524.contig3122	336	0	0
D3524.contig3123	336	0	0
D3524.contig3124	335	0	0
D3524.contig3125	335	0	0
D3524.contig3126	335	0	0
D3524.contig3127	335	0	0
D3524.contig3128	335	0	0
D3524.contig3129	335	0	0
D3524.contig3130	335	0	0
D3524.contig3131	335	0	0
D3524.contig3132	335	12930	6035
D3524.contig3133	335	0	0
D3524.contig3134	335	0	0
D3524.contig3135	335	0	0
D3524.contig3136	335	0	0
D3524.contig3137	334	0	0
D3524.contig3138	334	0	0
D3524.contig3139	334	0	0
D3524.contig3140	334	0	0
D3524.contig3141	334	0	0
D3524.contig3142	334	0	0
D3524.contig3143	334	0	0
D3524.contig3144	334	0	0
D3524.contig3145	334	0	0
D3524.contig3146	334	0	0
D3524.contig3147	334	0	0
D3524.contig3148	334	0	0
D3524.contig3149	334	0	0
D3524.contig3150	333	0	0
D3524.contig3151	333	0	0
D3524.contig3152	333	0	0
D3524.contig3153	333	0	0
D3524.contig3154	333	0	0
D3524.contig3155	333	0	0
D3524.contig3156	332	0	0
D3524.contig3157	332	0	0
D3524.contig3158	332	0	0
D3524.contig3159	332	0	0
D3524.contig3160	332	0	0
D3524.contig3161	332	0	0
D3524.contig3162	332	0	0
D3524.contig3163	332	0	0
D3524.contig3164	332	0	0
D3524.contig3165	332	0	0
D3524.contig3166	332	0	0
D3524.contig3167	332	0	0
D3524.contig3168	332	0	0
D3524.contig3169	332	0	0
D3524.contig3170	332	0	0
D3524.contig3171	332	0	0
D3524.contig3172	332	0	0
D3524.contig3173	332	0	0
D3524.contig3174	332	0	0
D3524.contig3175	332	0	0
D3524.contig3176	332	0	0
D3524.contig3177	332	0	0
D3524.contig3178	331	0	0
D3524.contig3179	331	0	0
D3524.contig3180	331	0	0
D3524.contig3181	331	0	0
D3524.contig3182	331	0	0
D3524.contig3183	331	0	0
D3524.contig3184	331	1	1
D3524.contig3185	331	0	0
D3524.contig3186	331	0	0
D3524.contig3187	331	0	0
D3524.contig3188	331	0	0
D3524.contig3189	331	0	0
D3524.contig3190	331	0	0
D3524.contig3191	331	0	0
D3524.contig3192	331	0	0
D3524.contig3193	331	0	0
D3524.contig3194	330	0	0
D3524.contig3195	330	0	0
D3524.contig3196	330	0	0
D3524.contig3197	330	0	0
D3524.contig3198	330	0	0
D3524.contig3199	330	0	0
D3524.contig3200	330	0	0
D3524.contig3201	330	0	0
D3524.contig3202	330	0	0
D3524.contig3203	330	154	140
D3524.contig3204	330	0	0
D3524.contig3205	330	0	0
D3524.contig3206	330	0	0
D3524.contig3207	330	0	0
D3524.contig3208	329	0	0
D3524.contig3209	329	0	0
D3524.contig3210	329	0	0
D3524.contig3211	329	0	0
D3524.contig3212	329	0	0
D3524.contig3213	329	0	0
D3524.contig3214	329	0	0
D3524.contig3215	329	0	0
D3524.contig3216	329	0	0
D3524.contig3217	329	0	0
D3524.contig3218	329	0	0
D3524.contig3219	329	0	0
D3524.contig3220	328	0	0
D3524.contig3221	328	0	0
D3524.contig3222	328	0	0
D3524.contig3223	328	0	0
D3524.contig3224	328	0	0
D3524.contig3225	328	0	0
D3524.contig3226	328	0	0
D3524.contig3227	328	0	0
D3524.contig3228	327	0	0
D3524.contig3229	327	0	0
D3524.contig3230	327	0	0
D3524.contig3231	327	0	0
D3524.contig3232	327	0	0
D3524.contig3233	326	0	0
D3524.contig3234	326	0	0
D3524.contig3235	326	0	0
D3524.contig3236	326	0	0
D3524.contig3237	326	0	0
D3524.contig3238	326	0	0
D3524.contig3239	326	0	0
D3524.contig3240	326	0	0
D3524.contig3241	326	1	1
D3524.contig3242	325	0	0
D3524.contig3243	325	0	0
D3524.contig3244	325	0	0
D3524.contig3245	325	0	0
D3524.contig3246	325	0	0
D3524.contig3247	325	0	0
D3524.contig3248	325	0	0
D3524.contig3249	325	0	0
D3524.contig3250	325	0	0
D3524.contig3251	325	0	0
D3524.contig3252	324	0	0
D3524.contig3253	324	0	0
D3524.contig3254	324	0	0
D3524.contig3255	324	0	0
D3524.contig3256	324	0	0
D3524.contig3257	324	0	0
D3524.contig3258	324	0	0
D3524.contig3259	324	0	0
D3524.contig3260	324	0	0
D3524.contig3261	324	0	0
D3524.contig3262	324	0	0
D3524.contig3263	324	0	0
D3524.contig3264	324	0	0
D3524.contig3265	324	0	0
D3524.contig3266	324	0	0
D3524.contig3267	323	13	5
D3524.contig3268	323	0	0
D3524.contig3269	323	0	0
D3524.contig3270	323	0	0
D3524.contig3271	323	0	0
D3524.contig3272	323	0	0
D3524.contig3273	323	0	0
D3524.contig3274	323	0	0
D3524.contig3275	323	0	0
D3524.contig3276	323	0	0
D3524.contig3277	323	0	0
D3524.contig3278	323	0	0
D3524.contig3279	323	0	0
D3524.contig3280	322	0	0
D3524.contig3281	322	0	0
D3524.contig3282	322	0	0
D3524.contig3283	322	0	0
D3524.contig3284	322	0	0
D3524.contig3285	322	0	0
D3524.contig3286	322	0	0
D3524.contig3287	321	0	0
D3524.contig3288	321	0	0
D3524.contig3289	321	0	0
D3524.contig3290	321	0	0
D3524.contig3291	321	0	0
D3524.contig3292	321	0	0
D3524.contig3293	321	0	0
D3524.contig3294	321	0	0
D3524.contig3295	320	0	0
D3524.contig3296	320	0	0
D3524.contig3297	320	0	0
D3524.contig3298	320	0	0
D3524.contig3299	320	0	0
D3524.contig3300	320	0	0
D3524.contig3301	320	0	0
D3524.contig3302	320	0	0
D3524.contig3303	320	0	0
D3524.contig3304	320	0	0
D3524.contig3305	320	0	0
D3524.contig3306	320	0	0
D3524.contig3307	320	0	0
D3524.contig3308	320	0	0
D3524.contig3309	320	0	0
D3524.contig3310	320	0	0
D3524.contig3311	320	0	0
D3524.contig3312	319	0	0
D3524.contig3313	319	0	0
D3524.contig3314	319	0	0
D3524.contig3315	319	0	0
D3524.contig3316	319	0	0
D3524.contig3317	319	0	0
D3524.contig3318	319	0	0
D3524.contig3319	319	0	0
D3524.contig3320	319	0	0
D3524.contig3321	319	0	0
D3524.contig3322	319	0	0
D3524.contig3323	319	0	0
D3524.contig3324	319	0	0
D3524.contig3325	319	0	0
D3524.contig3326	318	0	0
D3524.contig3327	318	0	0
D3524.contig3328	318	0	0
D3524.contig3329	318	0	0
D3524.contig3330	318	0	0
D3524.contig3331	318	0	0
D3524.contig3332	318	0	0
D3524.contig3333	318	0	0
D3524.contig3334	318	0	0
D3524.contig3335	317	0	0
D3524.contig3336	317	0	0
D3524.contig3337	317	0	0
D3524.contig3338	317	0	0
D3524.contig3339	317	0	0
D3524.contig3340	317	0	0
D3524.contig3341	317	0	0
D3524.contig3342	317	0	0
D3524.contig3343	317	0	0
D3524.contig3344	317	0	0
D3524.contig3345	317	0	0
D3524.contig3346	317	0	0
D3524.contig3347	317	0	0
D3524.contig3348	317	0	0
D3524.contig3349	317	0	0
D3524.contig3350	317	0	0
D3524.contig3351	316	0	0
D3524.contig3352	316	0	0
D3524.contig3353	316	0	0
D3524.contig3354	316	0	0
D3524.contig3355	316	0	0
D3524.contig3356	316	0	0
D3524.contig3357	316	0	0
D3524.contig3358	316	0	0
D3524.contig3359	316	0	0
D3524.contig3360	316	0	0
D3524.contig3361	316	0	0
D3524.contig3362	316	0	0
D3524.contig3363	316	0	0
D3524.contig3364	316	0	0
D3524.contig3365	316	0	0
D3524.contig3366	315	0	0
D3524.contig3367	315	0	0
D3524.contig3368	315	0	0
D3524.contig3369	315	0	0
D3524.contig3370	315	0	0
D3524.contig3371	315	0	0
D3524.contig3372	315	0	0
D3524.contig3373	315	0	0
D3524.contig3374	315	0	0
D3524.contig3375	315	0	0
D3524.contig3376	315	0	0
D3524.contig3377	314	0	0
D3524.contig3378	314	0	0
D3524.contig3379	314	0	0
D3524.contig3380	314	0	0
D3524.contig3381	314	0	0
D3524.contig3382	314	0	0
D3524.contig3383	314	0	0
D3524.contig3384	314	0	0
D3524.contig3385	314	0	0
D3524.contig3386	314	0	0
D3524.contig3387	314	0	0
D3524.contig3388	314	0	0
D3524.contig3389	314	0	0
D3524.contig3390	314	0	0
D3524.contig3391	314	0	0
D3524.contig3392	314	0	0
D3524.contig3393	314	0	0
D3524.contig3394	314	0	0
D3524.contig3395	314	0	0
D3524.contig3396	314	0	0
D3524.contig3397	314	0	0
D3524.contig3398	314	0	0
D3524.contig3399	314	0	0
D3524.contig3400	313	0	0
D3524.contig3401	313	0	0
D3524.contig3402	313	0	0
D3524.contig3403	313	0	0
D3524.contig3404	313	0	0
D3524.contig3405	313	0	0
D3524.contig3406	313	0	0
D3524.contig3407	313	0	0
D3524.contig3408	313	0	0
D3524.contig3409	313	0	0
D3524.contig3410	313	0	0
D3524.contig3411	313	0	0
D3524.contig3412	312	0	0
D3524.contig3413	312	0	0
D3524.contig3414	312	0	0
D3524.contig3415	312	0	0
D3524.contig3416	312	0	0
D3524.contig3417	312	0	0
D3524.contig3418	312	0	0
D3524.contig3419	312	0	0
D3524.contig3420	312	0	0
D3524.contig3421	312	0	0
D3524.contig3422	312	0	0
D3524.contig3423	312	0	0
D3524.contig3424	312	0	0
D3524.contig3425	312	0	0
D3524.contig3426	312	0	0
D3524.contig3427	312	0	0
D3524.contig3428	311	0	0
D3524.contig3429	311	0	0
D3524.contig3430	311	0	0
D3524.contig3431	311	0	0
D3524.contig3432	311	0	0
D3524.contig3433	311	0	0
D3524.contig3434	311	0	0
D3524.contig3435	311	0	0
D3524.contig3436	311	0	0
D3524.contig3437	311	0	0
D3524.contig3438	310	0	0
D3524.contig3439	310	0	0
D3524.contig3440	310	0	0
D3524.contig3441	310	0	0
D3524.contig3442	310	0	0
D3524.contig3443	310	0	0
D3524.contig3444	310	0	0
D3524.contig3445	310	0	0
D3524.contig3446	310	0	0
D3524.contig3447	310	0	0
D3524.contig3448	310	0	0
D3524.contig3449	309	0	0
D3524.contig3450	309	0	0
D3524.contig3451	309	0	0
D3524.contig3452	309	0	0
D3524.contig3453	309	0	0
D3524.contig3454	309	0	0
D3524.contig3455	309	0	0
D3524.contig3456	309	0	0
D3524.contig3457	309	0	0
D3524.contig3458	309	0	0
D3524.contig3459	309	0	0
D3524.contig3460	309	0	0
D3524.contig3461	309	0	0
D3524.contig3462	309	0	0
D3524.contig3463	309	0	0
D3524.contig3464	308	0	0
D3524.contig3465	308	0	0
D3524.contig3466	308	0	0
D3524.contig3467	308	0	0
D3524.contig3468	308	0	0
D3524.contig3469	308	0	0
D3524.contig3470	308	0	0
D3524.contig3471	308	0	0
D3524.contig3472	308	0	0
D3524.contig3473	307	0	0
D3524.contig3474	307	0	0
D3524.contig3475	307	0	0
D3524.contig3476	307	0	0
D3524.contig3477	307	0	0
D3524.contig3478	307	0	0
D3524.contig3479	307	0	0
D3524.contig3480	307	0	0
D3524.contig3481	307	0	0
D3524.contig3482	307	0	0
D3524.contig3483	307	0	0
D3524.contig3484	307	0	0
D3524.contig3485	307	0	0
D3524.contig3486	307	0	0
D3524.contig3487	307	0	0
D3524.contig3488	307	0	0
D3524.contig3489	307	0	0
D3524.contig3490	306	0	0
D3524.contig3491	306	0	0
D3524.contig3492	306	0	0
D3524.contig3493	306	0	0
D3524.contig3494	306	0	0
D3524.contig3495	306	0	0
D3524.contig3496	306	0	0
D3524.contig3497	306	0	0
D3524.contig3498	306	0	0
D3524.contig3499	306	0	0
D3524.contig3500	306	0	0
D3524.contig3501	306	0	0
D3524.contig3502	306	0	0
D3524.contig3503	306	0	0
D3524.contig3504	306	0	0
D3524.contig3505	306	0	0
D3524.contig3506	306	0	0
D3524.contig3507	306	56	32
D3524.contig3508	306	0	0
D3524.contig3509	306	0	0
D3524.contig3510	305	0	0
D3524.contig3511	305	0	0
D3524.contig3512	305	0	0
D3524.contig3513	305	0	0
D3524.contig3514	305	0	0
D3524.contig3515	305	0	0
D3524.contig3516	305	0	0
D3524.contig3517	305	0	0
D3524.contig3518	305	0	0
D3524.contig3519	305	0	0
D3524.contig3520	305	0	0
D3524.contig3521	305	0	0
D3524.contig3522	305	0	0
D3524.contig3523	304	0	0
D3524.contig3524	304	0	0
D3524.contig3525	304	0	0
D3524.contig3526	304	0	0
D3524.contig3527	304	0	0
D3524.contig3528	304	0	0
D3524.contig3529	304	0	0
D3524.contig3530	304	0	0
D3524.contig3531	304	0	0
D3524.contig3532	303	0	0
D3524.contig3533	303	0	0
D3524.contig3534	303	24	14
D3524.contig3535	303	0	0
D3524.contig3536	303	0	0
D3524.contig3537	303	0	0
D3524.contig3538	303	0	0
D3524.contig3539	303	0	0
D3524.contig3540	303	0	0
D3524.contig3541	303	0	0
D3524.contig3542	303	0	0
D3524.contig3543	303	0	0
D3524.contig3544	303	0	0
D3524.contig3545	303	0	0
D3524.contig3546	303	0	0
D3524.contig3547	303	0	0
D3524.contig3548	302	0	0
D3524.contig3549	302	0	0
D3524.contig3550	302	0	0
D3524.contig3551	302	0	0
D3524.contig3552	302	0	0
D3524.contig3553	302	0	0
D3524.contig3554	302	0	0
D3524.contig3555	302	0	0
D3524.contig3556	302	0	0
D3524.contig3557	302	0	0
D3524.contig3558	302	0	0
D3524.contig3559	302	0	0
D3524.contig3560	302	0	0
D3524.contig3561	302	0	0
D3524.contig3562	302	0	0
D3524.contig3563	302	0	0
D3524.contig3564	302	0	0
D3524.contig3565	301	0	0
D3524.contig3566	301	0	0
D3524.contig3567	301	0	0
D3524.contig3568	301	0	0
D3524.contig3569	301	0	0
D3524.contig3570	301	0	0
D3524.contig3571	301	0	0
D3524.contig3572	301	0	0
D3524.contig3573	301	0	0
D3524.contig3574	301	0	0
D3524.contig3575	301	0	0
D3524.contig3576	301	0	0
D3524.contig3577	301	0	0
D3524.contig3578	301	0	0
D3524.contig3579	301	834	634
D3524.contig3580	301	0	0
D3524.contig3581	301	0	0
D3524.contig3582	301	0	0
D3524.contig3583	301	0	0
D3524.contig3584	301	0	0
D3524.contig3585	301	0	0
D3524.contig3586	301	1196	761
D3524.contig3587	301	0	0
D3524.contig3588	300	0	0
D3524.contig3589	300	0	0
D3524.contig3590	300	0	0
D3524.contig3591	300	0	0
D3524.contig3592	300	0	0
D3524.contig3593	300	0	0
D3524.contig3594	300	0	0
D3524.contig3595	300	0	0
D3524.contig3596	300	0	0
D3524.contig3597	300	0	0
D3524.contig3598	300	0	0
D3524.contig3599	300	0	0
D3524.contig3600	300	0	0
D3524.contig3601	300	0	0
D3524.contig3602	300	0	0
D3524.contig3603	300	0	0
*	0	0	99627526
