D4284.contig1	61273	126081	2668
D4284.contig2	60980	17193	299
D4284.contig3	57829	16024	202
D4284.contig4	43465	55353	1263
D4284.contig5	43272	4302063	114690
D4284.contig6	42766	39988	812
D4284.contig7	41725	14744	277
D4284.contig8	41636	65607	1204
D4284.contig9	39883	84397	1489
D4284.contig10	38802	17409	327
D4284.contig11	38131	37968	648
D4284.contig12	38064	14857	253
D4284.contig13	37295	11896	279
D4284.contig14	36459	23965	473
D4284.contig15	35615	837859	16797
D4284.contig16	33012	10481	195
D4284.contig17	29974	131735	2733
D4284.contig18	28505	24302	563
D4284.contig19	27204	546023	8801
D4284.contig20	26941	9991	147
D4284.contig21	25941	5038	89
D4284.contig22	21981	13712	235
D4284.contig23	21558	8362	131
D4284.contig24	19206	5986	119
D4284.contig25	18684	11194	204
D4284.contig26	18513	3396	49
D4284.contig27	17809	4045	62
D4284.contig28	17777	9091	167
D4284.contig29	17034	3631	53
D4284.contig30	16854	12028	191
D4284.contig31	16315	281802	5598
D4284.contig32	16191	11587	253
D4284.contig33	16004	3174	43
D4284.contig34	15036	4118	115
D4284.contig35	14737	4231	90
D4284.contig36	14731	3419	83
D4284.contig37	14607	3010	58
D4284.contig38	14021	5790	100
D4284.contig39	13984	18067	375
D4284.contig40	13326	22334	470
D4284.contig41	13317	2477	46
D4284.contig42	12725	1867	39
D4284.contig43	11935	1868	58
D4284.contig44	11654	2069	38
D4284.contig45	11651	1505	29
D4284.contig46	11639	1850	24
D4284.contig47	11635	2330	38
D4284.contig48	11603	4213	61
D4284.contig49	11530	2256	49
D4284.contig50	11501	3446	94
D4284.contig51	11239	2883	71
D4284.contig52	11208	9074	203
D4284.contig53	10740	1962	46
D4284.contig54	10161	2481	45
D4284.contig55	9990	1879	30
D4284.contig56	9739	1078	16
D4284.contig57	9712	1128	27
D4284.contig58	9552	1229	33
D4284.contig59	8641	1099	26
D4284.contig60	8599	25154	364
D4284.contig61	8571	1927	41
D4284.contig62	8204	1197	24
D4284.contig63	8123	1119	21
D4284.contig64	7965	817	19
D4284.contig65	7943	40325	528
D4284.contig66	7931	1039	24
D4284.contig67	7772	3361	126
D4284.contig68	7523	754	11
D4284.contig69	7419	781	11
D4284.contig70	7347	831	20
D4284.contig71	7267	883	17
D4284.contig72	7223	878	26
D4284.contig73	7016	928	17
D4284.contig74	6895	3449	51
D4284.contig75	6749	621	15
D4284.contig76	6744	1282	25
D4284.contig77	6726	1247	25
D4284.contig78	6696	1777	33
D4284.contig79	6558	4321	70
D4284.contig80	6387	1169	28
D4284.contig81	6348	1797	60
D4284.contig82	6274	1880	34
D4284.contig83	6249	902	36
D4284.contig84	6230	722	26
D4284.contig85	6215	3254	48
D4284.contig86	6022	663	23
D4284.contig87	5936	1973	44
D4284.contig88	5881	485	16
D4284.contig89	5835	1097	27
D4284.contig90	5735	1648	32
D4284.contig91	5725	931	21
D4284.contig92	5634	535	12
D4284.contig93	5580	871	28
D4284.contig94	5572	637	12
D4284.contig95	5510	633	8
D4284.contig96	5476	19597	125
D4284.contig97	5381	732	20
D4284.contig98	5324	1448	35
D4284.contig99	5309	650	14
D4284.contig100	5302	734	19
D4284.contig101	5280	862054	15717
D4284.contig102	5258	551	7
D4284.contig103	5247	676	21
D4284.contig104	5239	574	10
D4284.contig105	5203	4600	48
D4284.contig106	5177	469	11
D4284.contig107	5077	1220	50
D4284.contig108	5005	547	22
D4284.contig109	4867	696	29
D4284.contig110	4863	506	9
D4284.contig111	4863	19612	205
D4284.contig112	4821	807	18
D4284.contig113	4806	720	27
D4284.contig114	4759	380	13
D4284.contig115	4752	355	12
D4284.contig116	4516	866	21
D4284.contig117	4506	763	20
D4284.contig118	4473	1388	20
D4284.contig119	4419	542	15
D4284.contig120	4316	1112	16
D4284.contig121	4313	3082	26
D4284.contig122	4289	11969	100
D4284.contig123	4218	648	6
D4284.contig124	4213	12875	436
D4284.contig125	4200	3109	42
D4284.contig126	4185	503	15
D4284.contig127	4167	337	12
D4284.contig128	4145	369	7
D4284.contig129	4103	4510	131
D4284.contig130	4078	362	6
D4284.contig131	4023	420	13
D4284.contig132	3993	747	17
D4284.contig133	3910	480	12
D4284.contig134	3900	227	11
D4284.contig135	3888	506	23
D4284.contig136	3863	345	10
D4284.contig137	3851	672	18
D4284.contig138	3850	1636	41
D4284.contig139	3763	348	7
D4284.contig140	3762	1461	24
D4284.contig141	3738	39371	402
D4284.contig142	3737	534	4
D4284.contig143	3731	6984	113
D4284.contig144	3723	671	23
D4284.contig145	3677	311	9
D4284.contig146	3669	286	12
D4284.contig147	3668	221	15
D4284.contig148	3564	369	10
D4284.contig149	3504	355	12
D4284.contig150	3444	3623	29
D4284.contig151	3439	483	19
D4284.contig152	3416	748	15
D4284.contig153	3318	3977	84
D4284.contig154	3278	371	15
D4284.contig155	3254	310	9
D4284.contig156	3232	185	11
D4284.contig157	3200	277	11
D4284.contig158	3161	320	5
D4284.contig159	3152	345	12
D4284.contig160	3096	309	12
D4284.contig161	3092	327	12
D4284.contig162	3070	226	10
D4284.contig163	3068	323	16
D4284.contig164	3044	320	11
D4284.contig165	3038	227	5
D4284.contig166	3027	254	5
D4284.contig167	3009	1574	12
D4284.contig168	2988	267	12
D4284.contig169	2967	297	11
D4284.contig170	2945	244	18
D4284.contig171	2926	395	19
D4284.contig172	2904	451	7
D4284.contig173	2894	225	14
D4284.contig174	2890	7006	63
D4284.contig175	2845	282	10
D4284.contig176	2843	268	6
D4284.contig177	2830	427	20
D4284.contig178	2814	2666	87
D4284.contig179	2797	219	6
D4284.contig180	2778	1682	31
D4284.contig181	2729	155337	8519
D4284.contig182	2710	183	5
D4284.contig183	2699	7355	75
D4284.contig184	2674	3426	67
D4284.contig185	2671	307	6
D4284.contig186	2669	228	10
D4284.contig187	2660	383	8
D4284.contig188	2646	295	9
D4284.contig189	2581	176	15
D4284.contig190	2571	232	8
D4284.contig191	2570	272	9
D4284.contig192	2556	251	15
D4284.contig193	2542	157	6
D4284.contig194	2517	322	8
D4284.contig195	2511	197	8
D4284.contig196	2502	189	12
D4284.contig197	2458	2419	86
D4284.contig198	2449	213	8
D4284.contig199	2448	216	14
D4284.contig200	2444	242	4
D4284.contig201	2416	3408	57
D4284.contig202	2410	251	9
D4284.contig203	2393	190	8
D4284.contig204	2390	123	9
D4284.contig205	2386	178	13
D4284.contig206	2339	387	15
D4284.contig207	2307	319	12
D4284.contig208	2297	261	8
D4284.contig209	2297	412	9
D4284.contig210	2295	173	3
D4284.contig211	2290	184	12
D4284.contig212	2279	214	11
D4284.contig213	2278	112	3
D4284.contig214	2264	103737	8321
D4284.contig215	2249	1470	8
D4284.contig216	2234	242	8
D4284.contig217	2219	200	13
D4284.contig218	2199	173	7
D4284.contig219	2186	161	10
D4284.contig220	2183	254	19
D4284.contig221	2170	146	6
D4284.contig222	2153	364	5
D4284.contig223	2152	7287	93
D4284.contig224	2150	177	10
D4284.contig225	2150	179	16
D4284.contig226	2143	3596	99
D4284.contig227	2132	149	14
D4284.contig228	2131	136	4
D4284.contig229	2129	209	5
D4284.contig230	2124	275	7
D4284.contig231	2121	134	8
D4284.contig232	2113	157	7
D4284.contig233	2103	150	9
D4284.contig234	2102	242	9
D4284.contig235	2093	222	8
D4284.contig236	2091	227	11
D4284.contig237	2089	439	3
D4284.contig238	2079	154	7
D4284.contig239	2079	314	14
D4284.contig240	2077	205	9
D4284.contig241	2069	150	9
D4284.contig242	2061	168	10
D4284.contig243	2030	237	7
D4284.contig244	2020	224	11
D4284.contig245	2018	382	12
D4284.contig246	2017	154	9
D4284.contig247	2016	164	7
D4284.contig248	2014	103	6
D4284.contig249	1975	158	6
D4284.contig250	1969	2705	33
D4284.contig251	1965	149	8
D4284.contig252	1964	131	6
D4284.contig253	1958	160	14
D4284.contig254	1954	317	15
D4284.contig255	1948	489	1
D4284.contig256	1939	158	9
D4284.contig257	1923	159	11
D4284.contig258	1918	170	10
D4284.contig259	1893	107	3
D4284.contig260	1890	180	7
D4284.contig261	1886	128	5
D4284.contig262	1886	115	8
D4284.contig263	1883	185	7
D4284.contig264	1881	130	12
D4284.contig265	1869	118	14
D4284.contig266	1865	126	10
D4284.contig267	1862	139	10
D4284.contig268	1848	198	5
D4284.contig269	1844	3985	54
D4284.contig270	1833	234	12
D4284.contig271	1833	173	10
D4284.contig272	1826	178	6
D4284.contig273	1813	2965	59
D4284.contig274	1801	143	6
D4284.contig275	1794	244	7
D4284.contig276	1790	183	8
D4284.contig277	1782	128	7
D4284.contig278	1770	105	16
D4284.contig279	1751	121	5
D4284.contig280	1748	105	6
D4284.contig281	1741	465	15
D4284.contig282	1733	253	26
D4284.contig283	1692	141	6
D4284.contig284	1686	2838	70
D4284.contig285	1678	100	7
D4284.contig286	1667	98	10
D4284.contig287	1667	129	11
D4284.contig288	1664	443	5
D4284.contig289	1650	171	9
D4284.contig290	1649	107	9
D4284.contig291	1647	4327	29
D4284.contig292	1642	3010	60
D4284.contig293	1639	159	12
D4284.contig294	1638	127	4
D4284.contig295	1637	250	13
D4284.contig296	1632	1230	47
D4284.contig297	1627	90	14
D4284.contig298	1626	111	5
D4284.contig299	1622	133	16
D4284.contig300	1621	2326	92
D4284.contig301	1617	8489	62
D4284.contig302	1614	105	8
D4284.contig303	1602	1728	15
D4284.contig304	1598	103	15
D4284.contig305	1596	106	14
D4284.contig306	1592	121	7
D4284.contig307	1590	181	4
D4284.contig308	1586	97	9
D4284.contig309	1586	130	6
D4284.contig310	1581	84	7
D4284.contig311	1575	121	5
D4284.contig312	1566	95	11
D4284.contig313	1565	132	8
D4284.contig314	1563	192	4
D4284.contig315	1560	127	6
D4284.contig316	1560	103	4
D4284.contig317	1551	130	4
D4284.contig318	1551	104	7
D4284.contig319	1547	79	4
D4284.contig320	1543	153	5
D4284.contig321	1542	209	2
D4284.contig322	1538	112	8
D4284.contig323	1515	130	7
D4284.contig324	1496	84	13
D4284.contig325	1493	181	6
D4284.contig326	1489	152	14
D4284.contig327	1481	427	9
D4284.contig328	1480	153	11
D4284.contig329	1467	520	54
D4284.contig330	1466	106	6
D4284.contig331	1465	104	5
D4284.contig332	1463	143	17
D4284.contig333	1463	199	14
D4284.contig334	1462	147	10
D4284.contig335	1461	188	8
D4284.contig336	1461	195	10
D4284.contig337	1457	1190	28
D4284.contig338	1454	87	9
D4284.contig339	1452	119	9
D4284.contig340	1448	154	8
D4284.contig341	1445	97	7
D4284.contig342	1443	162	6
D4284.contig343	1434	175	3
D4284.contig344	1433	124	8
D4284.contig345	1431	107	9
D4284.contig346	1429	197	12
D4284.contig347	1426	121	7
D4284.contig348	1418	826	16
D4284.contig349	1417	126	5
D4284.contig350	1409	82	16
D4284.contig351	1404	90	8
D4284.contig352	1401	78	5
D4284.contig353	1397	141	7
D4284.contig354	1396	95	3
D4284.contig355	1393	120	9
D4284.contig356	1393	145	8
D4284.contig357	1388	105	14
D4284.contig358	1386	104	8
D4284.contig359	1386	81	7
D4284.contig360	1380	124	5
D4284.contig361	1373	114	8
D4284.contig362	1371	79	7
D4284.contig363	1369	109	16
D4284.contig364	1367	114	4
D4284.contig365	1364	151	6
D4284.contig366	1360	127	7
D4284.contig367	1360	84	5
D4284.contig368	1356	100	14
D4284.contig369	1345	130	7
D4284.contig370	1337	85	5
D4284.contig371	1337	59	11
D4284.contig372	1326	71	5
D4284.contig373	1326	104	5
D4284.contig374	1315	123	6
D4284.contig375	1312	88	8
D4284.contig376	1310	2724	187
D4284.contig377	1299	154	19
D4284.contig378	1299	93	4
D4284.contig379	1292	66	4
D4284.contig380	1291	149	9
D4284.contig381	1273	103	1
D4284.contig382	1271	110	11
D4284.contig383	1259	151	7
D4284.contig384	1257	66	12
D4284.contig385	1255	104	11
D4284.contig386	1248	1996	41
D4284.contig387	1246	69	11
D4284.contig388	1244	96	7
D4284.contig389	1241	106	14
D4284.contig390	1241	92	3
D4284.contig391	1227	57	13
D4284.contig392	1226	81	4
D4284.contig393	1222	124	8
D4284.contig394	1213	88	5
D4284.contig395	1212	70	4
D4284.contig396	1207	120	5
D4284.contig397	1205	95	12
D4284.contig398	1204	110	6
D4284.contig399	1195	184	5
D4284.contig400	1191	139	8
D4284.contig401	1190	52	4
D4284.contig402	1188	90	6
D4284.contig403	1188	78	7
D4284.contig404	1188	98	3
D4284.contig405	1186	83	9
D4284.contig406	1178	70	14
D4284.contig407	1178	56	2
D4284.contig408	1178	66	10
D4284.contig409	1176	52	12
D4284.contig410	1171	63	12
D4284.contig411	1170	71	11
D4284.contig412	1166	72	5
D4284.contig413	1163	349	27
D4284.contig414	1162	61	5
D4284.contig415	1161	56	8
D4284.contig416	1154	102	10
D4284.contig417	1153	86	16
D4284.contig418	1152	73	3
D4284.contig419	1152	94	7
D4284.contig420	1151	64	7
D4284.contig421	1151	4934	59
D4284.contig422	1150	67	10
D4284.contig423	1148	92	5
D4284.contig424	1146	93	9
D4284.contig425	1146	78	10
D4284.contig426	1146	49	4
D4284.contig427	1139	230	45
D4284.contig428	1136	92	11
D4284.contig429	1135	144	4
D4284.contig430	1131	56	9
D4284.contig431	1131	317	5
D4284.contig432	1125	65	12
D4284.contig433	1120	37	5
D4284.contig434	1118	64	11
D4284.contig435	1117	51	7
D4284.contig436	1117	66	10
D4284.contig437	1116	59	5
D4284.contig438	1108	48	9
D4284.contig439	1103	62	11
D4284.contig440	1102	2021	91
D4284.contig441	1102	58	8
D4284.contig442	1100	57	11
D4284.contig443	1100	113	5
D4284.contig444	1100	98	7
D4284.contig445	1098	88	6
D4284.contig446	1095	2119	16
D4284.contig447	1094	59	9
D4284.contig448	1091	60	12
D4284.contig449	1089	104	4
D4284.contig450	1087	53	7
D4284.contig451	1086	74	8
D4284.contig452	1083	80	12
D4284.contig453	1077	61	2
D4284.contig454	1076	46	11
D4284.contig455	1072	73	9
D4284.contig456	1067	58	9
D4284.contig457	1066	111	1
D4284.contig458	1061	46	6
D4284.contig459	1056	118	4
D4284.contig460	1055	94	9
D4284.contig461	1052	45	6
D4284.contig462	1051	312	3
D4284.contig463	1049	38	8
D4284.contig464	1046	67	2
D4284.contig465	1043	42	4
D4284.contig466	1043	56	10
D4284.contig467	1041	80	10
D4284.contig468	1039	59	5
D4284.contig469	1038	54	10
D4284.contig470	1031	66	9
D4284.contig471	1029	50	12
D4284.contig472	1028	79	5
D4284.contig473	1022	54	6
D4284.contig474	1022	60	6
D4284.contig475	1019	63	16
D4284.contig476	1014	36	6
D4284.contig477	1012	86	6
D4284.contig478	1008	47	14
D4284.contig479	1006	51	6
D4284.contig480	1003	62	11
D4284.contig481	999	54	5
D4284.contig482	998	53	14
D4284.contig483	998	62	9
D4284.contig484	997	78754	6500
D4284.contig485	997	65	6
D4284.contig486	991	43	3
D4284.contig487	987	41	9
D4284.contig488	986	61	7
D4284.contig489	985	127	5
D4284.contig490	984	63	8
D4284.contig491	984	56	7
D4284.contig492	983	94	6
D4284.contig493	981	149	6
D4284.contig494	980	68	5
D4284.contig495	979	54	12
D4284.contig496	979	89	5
D4284.contig497	978	39	11
D4284.contig498	977	81	3
D4284.contig499	976	51	9
D4284.contig500	975	38	10
D4284.contig501	974	63	1
D4284.contig502	971	107	5
D4284.contig503	969	49	6
D4284.contig504	969	67	3
D4284.contig505	969	88	11
D4284.contig506	967	95	8
D4284.contig507	966	38	9
D4284.contig508	965	52	16
D4284.contig509	962	42	13
D4284.contig510	962	60	6
D4284.contig511	961	63	10
D4284.contig512	958	51	8
D4284.contig513	958	46	10
D4284.contig514	957	55	5
D4284.contig515	955	54	12
D4284.contig516	953	62	12
D4284.contig517	953	74	5
D4284.contig518	945	77	4
D4284.contig519	944	77	2
D4284.contig520	944	34	8
D4284.contig521	944	72	18
D4284.contig522	943	39	9
D4284.contig523	940	83	6
D4284.contig524	938	34	12
D4284.contig525	938	67	6
D4284.contig526	937	37	8
D4284.contig527	936	53	14
D4284.contig528	934	57	4
D4284.contig529	932	39	4
D4284.contig530	931	79	9
D4284.contig531	929	66	5
D4284.contig532	929	183	19
D4284.contig533	926	48	8
D4284.contig534	925	50	11
D4284.contig535	925	39	9
D4284.contig536	923	33	7
D4284.contig537	922	67	8
D4284.contig538	921	82	8
D4284.contig539	919	61	9
D4284.contig540	918	49	14
D4284.contig541	917	35	8
D4284.contig542	917	39	5
D4284.contig543	916	37	14
D4284.contig544	915	42	10
D4284.contig545	915	39	14
D4284.contig546	915	153	13
D4284.contig547	914	62	8
D4284.contig548	914	58	14
D4284.contig549	913	71	8
D4284.contig550	913	45	9
D4284.contig551	912	81	5
D4284.contig552	909	53	5
D4284.contig553	906	49	12
D4284.contig554	903	89	5
D4284.contig555	903	80	16
D4284.contig556	901	57	8
D4284.contig557	900	51	11
D4284.contig558	900	55	9
D4284.contig559	900	50	3
D4284.contig560	899	43	14
D4284.contig561	898	42	4
D4284.contig562	897	64	4
D4284.contig563	897	82	17
D4284.contig564	895	86	8
D4284.contig565	895	54	15
D4284.contig566	890	36	4
D4284.contig567	890	33	1
D4284.contig568	887	55	2
D4284.contig569	887	64	4
D4284.contig570	885	52	17
D4284.contig571	883	82	10
D4284.contig572	883	60	10
D4284.contig573	883	26	6
D4284.contig574	882	30	6
D4284.contig575	880	40	6
D4284.contig576	876	63	4
D4284.contig577	874	49	1
D4284.contig578	872	65	10
D4284.contig579	870	30	7
D4284.contig580	870	37	5
D4284.contig581	869	73	10
D4284.contig582	868	53	3
D4284.contig583	867	29	8
D4284.contig584	863	59	4
D4284.contig585	863	53	8
D4284.contig586	863	50	10
D4284.contig587	862	51	8
D4284.contig588	861	61	8
D4284.contig589	861	53	5
D4284.contig590	861	68	2
D4284.contig591	859	43	15
D4284.contig592	856	63	10
D4284.contig593	855	50	7
D4284.contig594	854	42	10
D4284.contig595	853	45	6
D4284.contig596	851	48	5
D4284.contig597	850	37	2
D4284.contig598	849	33	5
D4284.contig599	848	42	10
D4284.contig600	847	40	9
D4284.contig601	846	52	12
D4284.contig602	846	49	5
D4284.contig603	845	41	7
D4284.contig604	844	23	5
D4284.contig605	844	30	6
D4284.contig606	842	25	13
D4284.contig607	841	30	3
D4284.contig608	841	38	8
D4284.contig609	841	25	9
D4284.contig610	838	44	7
D4284.contig611	835	81	8
D4284.contig612	832	92	10
D4284.contig613	832	70	4
D4284.contig614	830	37	3
D4284.contig615	830	72	15
D4284.contig616	828	38	4
D4284.contig617	828	59	10
D4284.contig618	825	46	5
D4284.contig619	825	34	8
D4284.contig620	825	65	17
D4284.contig621	824	34	7
D4284.contig622	824	31	9
D4284.contig623	823	30	10
D4284.contig624	818	35	7
D4284.contig625	817	43	8
D4284.contig626	816	35	13
D4284.contig627	815	29	6
D4284.contig628	814	46	7
D4284.contig629	813	92	8
D4284.contig630	812	69	5
D4284.contig631	812	43	3
D4284.contig632	809	55	6
D4284.contig633	809	40	2
D4284.contig634	809	62995	15315
D4284.contig635	809	1057	28
D4284.contig636	808	43	3
D4284.contig637	804	60	7
D4284.contig638	800	57145	4249
D4284.contig639	798	41	4
D4284.contig640	797	45	8
D4284.contig641	797	53	6
D4284.contig642	796	49	9
D4284.contig643	796	49	7
D4284.contig644	795	54	7
D4284.contig645	795	36	8
D4284.contig646	795	30	12
D4284.contig647	794	52	5
D4284.contig648	791	36	8
D4284.contig649	790	40	7
D4284.contig650	790	75	10
D4284.contig651	790	62	2
D4284.contig652	790	48	2
D4284.contig653	786	31	9
D4284.contig654	785	34	7
D4284.contig655	784	58	7
D4284.contig656	784	54	10
D4284.contig657	782	44	12
D4284.contig658	782	34	10
D4284.contig659	782	101	2
D4284.contig660	779	41	5
D4284.contig661	778	29	6
D4284.contig662	776	34	16
D4284.contig663	774	30	3
D4284.contig664	773	33	3
D4284.contig665	772	43	1
D4284.contig666	772	82	19
D4284.contig667	767	37	3
D4284.contig668	767	58	7
D4284.contig669	766	137	5
D4284.contig670	766	34	6
D4284.contig671	765	36	7
D4284.contig672	765	78	2
D4284.contig673	763	33	12
D4284.contig674	763	36	8
D4284.contig675	762	33	9
D4284.contig676	761	40	7
D4284.contig677	761	52	6
D4284.contig678	759	60	12
D4284.contig679	758	52	5
D4284.contig680	758	40	3
D4284.contig681	758	34	10
D4284.contig682	757	59	6
D4284.contig683	756	51	4
D4284.contig684	755	26	6
D4284.contig685	755	60	8
D4284.contig686	754	32	13
D4284.contig687	754	38	10
D4284.contig688	753	78	7
D4284.contig689	753	28	8
D4284.contig690	753	29	6
D4284.contig691	753	32	4
D4284.contig692	752	31	4
D4284.contig693	750	31	1
D4284.contig694	750	25	4
D4284.contig695	749	28	4
D4284.contig696	748	50	2
D4284.contig697	747	21	7
D4284.contig698	747	189	3
D4284.contig699	746	48	7
D4284.contig700	745	34	4
D4284.contig701	745	49	14
D4284.contig702	745	46	13
D4284.contig703	743	78	7
D4284.contig704	742	33	12
D4284.contig705	741	35	5
D4284.contig706	741	29	5
D4284.contig707	740	30	4
D4284.contig708	740	34	5
D4284.contig709	740	53	12
D4284.contig710	740	33	10
D4284.contig711	739	19	7
D4284.contig712	738	23	9
D4284.contig713	737	22	5
D4284.contig714	737	41	9
D4284.contig715	735	64	8
D4284.contig716	735	51	6
D4284.contig717	734	31	8
D4284.contig718	734	29	3
D4284.contig719	730	23	5
D4284.contig720	730	36	6
D4284.contig721	729	38	12
D4284.contig722	729	31	7
D4284.contig723	728	32	7
D4284.contig724	728	43	3
D4284.contig725	727	31	7
D4284.contig726	727	18	16
D4284.contig727	726	48	5
D4284.contig728	724	35	11
D4284.contig729	723	29	3
D4284.contig730	723	28	8
D4284.contig731	723	866	64
D4284.contig732	722	52	7
D4284.contig733	720	62	7
D4284.contig734	719	77	3
D4284.contig735	718	58	7
D4284.contig736	717	25	13
D4284.contig737	717	31	2
D4284.contig738	717	29	9
D4284.contig739	716	224	3
D4284.contig740	715	46	10
D4284.contig741	713	31	10
D4284.contig742	712	41	11
D4284.contig743	712	48	6
D4284.contig744	712	47	5
D4284.contig745	712	38	9
D4284.contig746	709	44	3
D4284.contig747	709	39	5
D4284.contig748	709	21	6
D4284.contig749	708	38	8
D4284.contig750	706	38	4
D4284.contig751	706	37	3
D4284.contig752	703	37	4
D4284.contig753	703	37	10
D4284.contig754	702	61	6
D4284.contig755	701	30	6
D4284.contig756	697	30	4
D4284.contig757	695	31	6
D4284.contig758	694	33	8
D4284.contig759	694	33	5
D4284.contig760	693	19	8
D4284.contig761	693	19	5
D4284.contig762	690	52	10
D4284.contig763	690	58	5
D4284.contig764	689	41	3
D4284.contig765	687	24	5
D4284.contig766	687	33	12
D4284.contig767	686	33	7
D4284.contig768	685	32	6
D4284.contig769	685	51	6
D4284.contig770	684	529	35
D4284.contig771	684	46	2
D4284.contig772	683	42	7
D4284.contig773	683	32	4
D4284.contig774	682	27	8
D4284.contig775	681	42	13
D4284.contig776	680	33	1
D4284.contig777	678	66	12
D4284.contig778	678	34	2
D4284.contig779	677	28	2
D4284.contig780	676	27	7
D4284.contig781	676	21	7
D4284.contig782	675	36	4
D4284.contig783	674	26	8
D4284.contig784	674	58	7
D4284.contig785	672	42	9
D4284.contig786	672	32	14
D4284.contig787	671	31	8
D4284.contig788	671	34	3
D4284.contig789	668	31	4
D4284.contig790	668	27	2
D4284.contig791	667	36	6
D4284.contig792	667	30	3
D4284.contig793	667	41	11
D4284.contig794	666	37	6
D4284.contig795	665	30	8
D4284.contig796	665	32	1
D4284.contig797	665	35	4
D4284.contig798	664	29	9
D4284.contig799	663	74	6
D4284.contig800	662	24	8
D4284.contig801	662	27	6
D4284.contig802	661	31	3
D4284.contig803	660	73	9
D4284.contig804	659	1260	109
D4284.contig805	657	24	5
D4284.contig806	656	33	12
D4284.contig807	655	33	5
D4284.contig808	655	38	10
D4284.contig809	655	19	3
D4284.contig810	654	28	2
D4284.contig811	653	29	8
D4284.contig812	650	37	6
D4284.contig813	649	21	5
D4284.contig814	648	29	1
D4284.contig815	648	40	6
D4284.contig816	647	47	5
D4284.contig817	647	42	11
D4284.contig818	647	52	1
D4284.contig819	645	48	8
D4284.contig820	645	14	6
D4284.contig821	645	27	1
D4284.contig822	644	27	6
D4284.contig823	644	22	7
D4284.contig824	642	23	5
D4284.contig825	641	33	5
D4284.contig826	641	26	2
D4284.contig827	641	27	15
D4284.contig828	640	26	4
D4284.contig829	640	30	10
D4284.contig830	639	31	8
D4284.contig831	639	12	4
D4284.contig832	639	31	4
D4284.contig833	639	16	8
D4284.contig834	638	32	8
D4284.contig835	638	18	7
D4284.contig836	636	30	6
D4284.contig837	635	45	10
D4284.contig838	634	44	3
D4284.contig839	633	26	6
D4284.contig840	632	37	5
D4284.contig841	632	337	9
D4284.contig842	632	37	2
D4284.contig843	631	16	7
D4284.contig844	630	34	7
D4284.contig845	629	29	6
D4284.contig846	629	106	25
D4284.contig847	628	26	10
D4284.contig848	628	24	4
D4284.contig849	628	33	2
D4284.contig850	627	47	6
D4284.contig851	626	26	2
D4284.contig852	626	23	7
D4284.contig853	626	40	6
D4284.contig854	625	41	15
D4284.contig855	625	24	6
D4284.contig856	625	37	5
D4284.contig857	623	19	6
D4284.contig858	623	49	10
D4284.contig859	623	25	8
D4284.contig860	623	22	14
D4284.contig861	622	28	9
D4284.contig862	622	38	5
D4284.contig863	621	29	7
D4284.contig864	621	15	9
D4284.contig865	621	43	5
D4284.contig866	621	17	7
D4284.contig867	619	15	5
D4284.contig868	617	16	6
D4284.contig869	616	37	17
D4284.contig870	616	22	6
D4284.contig871	615	33	12
D4284.contig872	615	23	3
D4284.contig873	614	22	10
D4284.contig874	614	33	4
D4284.contig875	613	17	5
D4284.contig876	613	34	3
D4284.contig877	612	525	23
D4284.contig878	612	36	15
D4284.contig879	611	122	4
D4284.contig880	610	28	10
D4284.contig881	610	39	6
D4284.contig882	610	29	6
D4284.contig883	609	26	8
D4284.contig884	609	17	6
D4284.contig885	608	26	8
D4284.contig886	608	27	7
D4284.contig887	608	23	7
D4284.contig888	607	24	4
D4284.contig889	607	28	2
D4284.contig890	606	28	9
D4284.contig891	606	20	8
D4284.contig892	605	17	7
D4284.contig893	605	34	16
D4284.contig894	605	30	2
D4284.contig895	604	21	7
D4284.contig896	604	20	7
D4284.contig897	604	32	11
D4284.contig898	602	53	14
D4284.contig899	602	17	7
D4284.contig900	602	22	8
D4284.contig901	602	13	7
D4284.contig902	601	23	5
D4284.contig903	600	19	6
D4284.contig904	599	25	6
D4284.contig905	598	34	7
D4284.contig906	598	22	4
D4284.contig907	597	16	4
D4284.contig908	597	39	4
D4284.contig909	597	35	6
D4284.contig910	597	22	5
D4284.contig911	596	24	4
D4284.contig912	595	20	7
D4284.contig913	595	20	2
D4284.contig914	595	36	5
D4284.contig915	594	34	3
D4284.contig916	592	41	11
D4284.contig917	592	40	3
D4284.contig918	591	22	8
D4284.contig919	590	35	8
D4284.contig920	589	12	4
D4284.contig921	589	14	6
D4284.contig922	589	37	4
D4284.contig923	589	35	9
D4284.contig924	589	34	5
D4284.contig925	589	27	5
D4284.contig926	589	44	4
D4284.contig927	589	20	7
D4284.contig928	587	21	9
D4284.contig929	587	32	5
D4284.contig930	587	38	3
D4284.contig931	587	22	10
D4284.contig932	587	24	4
D4284.contig933	586	23	8
D4284.contig934	586	33	6
D4284.contig935	586	30	8
D4284.contig936	586	44	4
D4284.contig937	586	34	5
D4284.contig938	586	27	6
D4284.contig939	586	21	9
D4284.contig940	585	15	10
D4284.contig941	585	20	6
D4284.contig942	585	18	4
D4284.contig943	583	18	6
D4284.contig944	583	30	1
D4284.contig945	583	14	7
D4284.contig946	582	110	1
D4284.contig947	581	31	8
D4284.contig948	581	24	7
D4284.contig949	580	18	3
D4284.contig950	580	28	1
D4284.contig951	580	40	13
D4284.contig952	579	15	6
D4284.contig953	579	40	4
D4284.contig954	578	30	8
D4284.contig955	578	20	10
D4284.contig956	578	17	6
D4284.contig957	578	28	5
D4284.contig958	578	88	4
D4284.contig959	578	19	9
D4284.contig960	577	30	6
D4284.contig961	577	18	4
D4284.contig962	576	47	7
D4284.contig963	576	27	8
D4284.contig964	576	16	2
D4284.contig965	576	27	6
D4284.contig966	576	19	9
D4284.contig967	575	20	7
D4284.contig968	575	12	6
D4284.contig969	575	24	6
D4284.contig970	575	22	7
D4284.contig971	574	33	7
D4284.contig972	573	26	6
D4284.contig973	573	42	3
D4284.contig974	573	33	7
D4284.contig975	573	31	11
D4284.contig976	573	27	5
D4284.contig977	571	1483	17
D4284.contig978	571	37	6
D4284.contig979	571	19	5
D4284.contig980	570	20	10
D4284.contig981	570	28	5
D4284.contig982	570	25	7
D4284.contig983	570	33	7
D4284.contig984	569	27	4
D4284.contig985	569	36	5
D4284.contig986	569	23	5
D4284.contig987	568	28	9
D4284.contig988	568	25	7
D4284.contig989	567	14	6
D4284.contig990	566	16	6
D4284.contig991	566	19	6
D4284.contig992	565	25	3
D4284.contig993	564	45	4
D4284.contig994	563	16	6
D4284.contig995	563	58	12
D4284.contig996	563	26	4
D4284.contig997	562	15	5
D4284.contig998	561	57	14
D4284.contig999	561	17	5
D4284.contig1000	560	28	10
D4284.contig1001	559	32	1
D4284.contig1002	558	19	5
D4284.contig1003	558	14	5
D4284.contig1004	558	26	3
D4284.contig1005	558	48	3
D4284.contig1006	557	27	5
D4284.contig1007	556	18	6
D4284.contig1008	556	21	6
D4284.contig1009	554	17	9
D4284.contig1010	554	43	8
D4284.contig1011	554	20	4
D4284.contig1012	553	35	6
D4284.contig1013	553	16	6
D4284.contig1014	553	27	5
D4284.contig1015	552	14	4
D4284.contig1016	552	27	7
D4284.contig1017	551	29	9
D4284.contig1018	551	21	7
D4284.contig1019	551	33	7
D4284.contig1020	551	36	8
D4284.contig1021	549	21	4
D4284.contig1022	548	28	2
D4284.contig1023	548	17	7
D4284.contig1024	547	24	5
D4284.contig1025	547	19	9
D4284.contig1026	545	20	4
D4284.contig1027	545	677	69
D4284.contig1028	545	85	18
D4284.contig1029	545	14	7
D4284.contig1030	545	17	13
D4284.contig1031	544	44	5
D4284.contig1032	543	25	5
D4284.contig1033	541	20	4
D4284.contig1034	541	30	5
D4284.contig1035	540	21	6
D4284.contig1036	539	25	7
D4284.contig1037	539	24	8
D4284.contig1038	538	21	2
D4284.contig1039	538	25	6
D4284.contig1040	538	32	14
D4284.contig1041	537	42	6
D4284.contig1042	537	27	7
D4284.contig1043	537	20	7
D4284.contig1044	536	28	4
D4284.contig1045	535	18	6
D4284.contig1046	532	30	8
D4284.contig1047	531	31	5
D4284.contig1048	531	30	2
D4284.contig1049	531	15	5
D4284.contig1050	531	23	4
D4284.contig1051	530	23	4
D4284.contig1052	530	35	8
D4284.contig1053	529	11	5
D4284.contig1054	529	25	2
D4284.contig1055	529	14	4
D4284.contig1056	528	17	4
D4284.contig1057	528	20	6
D4284.contig1058	528	21	5
D4284.contig1059	527	23	5
D4284.contig1060	527	13	8
D4284.contig1061	526	25	2
D4284.contig1062	526	16	6
D4284.contig1063	526	24	16
D4284.contig1064	525	21	6
D4284.contig1065	525	33	12
D4284.contig1066	525	33	7
D4284.contig1067	525	12	3
D4284.contig1068	524	16	2
D4284.contig1069	523	27	8
D4284.contig1070	523	27	5
D4284.contig1071	522	17	3
D4284.contig1072	522	18	13
D4284.contig1073	521	24	9
D4284.contig1074	521	23	9
D4284.contig1075	521	21	3
D4284.contig1076	521	16	8
D4284.contig1077	521	26	9
D4284.contig1078	520	40	1
D4284.contig1079	520	20	6
D4284.contig1080	520	16	9
D4284.contig1081	520	18	5
D4284.contig1082	519	17	5
D4284.contig1083	519	15	3
D4284.contig1084	519	15	11
D4284.contig1085	518	31	6
D4284.contig1086	518	33	11
D4284.contig1087	517	16	7
D4284.contig1088	517	10	2
D4284.contig1089	517	29	3
D4284.contig1090	517	25	6
D4284.contig1091	516	16	4
D4284.contig1092	516	11	7
D4284.contig1093	516	24	9
D4284.contig1094	515	21	3
D4284.contig1095	514	26	8
D4284.contig1096	514	14	2
D4284.contig1097	514	14	6
D4284.contig1098	514	25	10
D4284.contig1099	513	16	6
D4284.contig1100	513	18	8
D4284.contig1101	513	22	4
D4284.contig1102	513	10	8
D4284.contig1103	513	10	8
D4284.contig1104	513	24	3
D4284.contig1105	512	13	4
D4284.contig1106	512	28	1
D4284.contig1107	512	22	6
D4284.contig1108	512	10	6
D4284.contig1109	511	19	10
D4284.contig1110	511	15	2
D4284.contig1111	511	16	6
D4284.contig1112	511	11	6
D4284.contig1113	509	23	1
D4284.contig1114	509	20	4
D4284.contig1115	508	30	2
D4284.contig1116	508	18	6
D4284.contig1117	508	21	7
D4284.contig1118	508	21	2
D4284.contig1119	508	23	7
D4284.contig1120	508	20	7
D4284.contig1121	507	90	9
D4284.contig1122	507	27	7
D4284.contig1123	507	10	2
D4284.contig1124	506	14	6
D4284.contig1125	506	35	9
D4284.contig1126	505	23	6
D4284.contig1127	505	23	7
D4284.contig1128	505	16	6
D4284.contig1129	505	19	4
D4284.contig1130	504	34	3
D4284.contig1131	504	19	3
D4284.contig1132	503	17	5
D4284.contig1133	503	18	5
D4284.contig1134	503	19	9
D4284.contig1135	502	26	10
D4284.contig1136	502	22	9
D4284.contig1137	502	33	6
D4284.contig1138	501	20	2
D4284.contig1139	501	28	10
D4284.contig1140	500	19	3
D4284.contig1141	500	27	8
D4284.contig1142	500	14	4
D4284.contig1143	500	21	5
D4284.contig1144	500	16	4
D4284.contig1145	500	19	6
D4284.contig1146	500	18	10
D4284.contig1147	499	30	17
D4284.contig1148	499	27	9
D4284.contig1149	499	16	7
D4284.contig1150	498	16	7
D4284.contig1151	498	31	2
D4284.contig1152	497	25	15
D4284.contig1153	496	10	8
D4284.contig1154	496	24	4
D4284.contig1155	495	15	7
D4284.contig1156	495	24	4
D4284.contig1157	495	18	4
D4284.contig1158	495	27	6
D4284.contig1159	495	68	2
D4284.contig1160	494	22	7
D4284.contig1161	492	17	8
D4284.contig1162	492	24	7
D4284.contig1163	491	22	9
D4284.contig1164	490	12	6
D4284.contig1165	490	21	9
D4284.contig1166	490	20	7
D4284.contig1167	489	31	4
D4284.contig1168	489	9	3
D4284.contig1169	488	20	7
D4284.contig1170	487	11	9
D4284.contig1171	487	17	5
D4284.contig1172	487	16	6
D4284.contig1173	487	17	13
D4284.contig1174	486	26	3
D4284.contig1175	485	16	5
D4284.contig1176	485	25	7
D4284.contig1177	485	21	9
D4284.contig1178	484	23	4
D4284.contig1179	484	14	6
D4284.contig1180	483	31	6
D4284.contig1181	483	12	2
D4284.contig1182	483	13	0
D4284.contig1183	483	24	4
D4284.contig1184	482	23	5
D4284.contig1185	482	8	4
D4284.contig1186	481	25	5
D4284.contig1187	481	22	3
D4284.contig1188	481	11	7
D4284.contig1189	479	19	7
D4284.contig1190	478	22	4
D4284.contig1191	478	20	5
D4284.contig1192	478	23	7
D4284.contig1193	477	12	10
D4284.contig1194	477	15	7
D4284.contig1195	477	14	6
D4284.contig1196	477	20	2
D4284.contig1197	476	28	12
D4284.contig1198	476	20	5
D4284.contig1199	476	17	5
D4284.contig1200	476	13	7
D4284.contig1201	476	17	5
D4284.contig1202	476	15	5
D4284.contig1203	476	23	5
D4284.contig1204	475	20	8
D4284.contig1205	475	18	7
D4284.contig1206	474	10	2
D4284.contig1207	474	9	5
D4284.contig1208	474	23	6
D4284.contig1209	474	20	4
D4284.contig1210	474	26	5
D4284.contig1211	473	22	4
D4284.contig1212	473	13	5
D4284.contig1213	472	12	6
D4284.contig1214	472	23	7
D4284.contig1215	471	120	4
D4284.contig1216	471	17	5
D4284.contig1217	471	23	5
D4284.contig1218	470	14	7
D4284.contig1219	470	39	8
D4284.contig1220	470	19	9
D4284.contig1221	469	12	8
D4284.contig1222	469	19	5
D4284.contig1223	468	12	6
D4284.contig1224	468	17	11
D4284.contig1225	467	25	9
D4284.contig1226	467	17	3
D4284.contig1227	467	17	9
D4284.contig1228	467	13	7
D4284.contig1229	467	18	5
D4284.contig1230	466	12	6
D4284.contig1231	466	16	5
D4284.contig1232	466	25	4
D4284.contig1233	466	12	6
D4284.contig1234	466	13	1
D4284.contig1235	466	9	3
D4284.contig1236	465	24	13
D4284.contig1237	465	13	1
D4284.contig1238	464	12	7
D4284.contig1239	464	11	5
D4284.contig1240	464	10	6
D4284.contig1241	464	13	5
D4284.contig1242	463	8	2
D4284.contig1243	463	11	5
D4284.contig1244	463	26	6
D4284.contig1245	463	12	7
D4284.contig1246	463	10	4
D4284.contig1247	462	16	10
D4284.contig1248	462	13	7
D4284.contig1249	462	18	9
D4284.contig1250	461	24	9
D4284.contig1251	461	29	9
D4284.contig1252	461	19	11
D4284.contig1253	461	29	8
D4284.contig1254	460	16	5
D4284.contig1255	460	13	9
D4284.contig1256	460	30	12
D4284.contig1257	459	12	2
D4284.contig1258	459	14	3
D4284.contig1259	458	10	4
D4284.contig1260	458	8	4
D4284.contig1261	458	44	3
D4284.contig1262	458	18	8
D4284.contig1263	458	23	8
D4284.contig1264	458	23	13
D4284.contig1265	457	26	6
D4284.contig1266	457	11	3
D4284.contig1267	457	7	1
D4284.contig1268	456	10	4
D4284.contig1269	456	10	4
D4284.contig1270	456	28	2
D4284.contig1271	455	16	6
D4284.contig1272	455	19	9
D4284.contig1273	454	16	2
D4284.contig1274	454	20	5
D4284.contig1275	454	17	4
D4284.contig1276	454	28	8
D4284.contig1277	454	32	12
D4284.contig1278	454	23	4
D4284.contig1279	454	16	5
D4284.contig1280	453	39	9
D4284.contig1281	453	14	6
D4284.contig1282	452	15	9
D4284.contig1283	452	23	2
D4284.contig1284	452	19	4
D4284.contig1285	451	17	8
D4284.contig1286	451	17	7
D4284.contig1287	450	20	8
D4284.contig1288	450	15	7
D4284.contig1289	450	9	6
D4284.contig1290	450	11	9
D4284.contig1291	450	13	5
D4284.contig1292	449	13	5
D4284.contig1293	449	19	5
D4284.contig1294	449	14	6
D4284.contig1295	449	9	5
D4284.contig1296	448	11	5
D4284.contig1297	448	21	7
D4284.contig1298	448	23	8
D4284.contig1299	447	65	2
D4284.contig1300	447	11	5
D4284.contig1301	447	12	3
D4284.contig1302	447	8	4
D4284.contig1303	447	18	5
D4284.contig1304	447	23	7
D4284.contig1305	446	11	5
D4284.contig1306	446	13	5
D4284.contig1307	445	20	5
D4284.contig1308	445	14	7
D4284.contig1309	444	13	3
D4284.contig1310	444	19	4
D4284.contig1311	443	18	5
D4284.contig1312	443	12	2
D4284.contig1313	443	43	5
D4284.contig1314	443	39	4
D4284.contig1315	443	20	10
D4284.contig1316	443	19	1
D4284.contig1317	442	15	5
D4284.contig1318	442	15	7
D4284.contig1319	442	11	8
D4284.contig1320	441	13	5
D4284.contig1321	441	6	6
D4284.contig1322	440	11	5
D4284.contig1323	440	17	6
D4284.contig1324	440	20	5
D4284.contig1325	440	24	6
D4284.contig1326	440	31	6
D4284.contig1327	440	9	7
D4284.contig1328	440	14	8
D4284.contig1329	439	13	7
D4284.contig1330	438	15	5
D4284.contig1331	438	9	7
D4284.contig1332	438	5	3
D4284.contig1333	437	28	11
D4284.contig1334	437	15	7
D4284.contig1335	436	15	9
D4284.contig1336	436	11	5
D4284.contig1337	436	28	6
D4284.contig1338	436	10	4
D4284.contig1339	435	14	3
D4284.contig1340	434	8	4
D4284.contig1341	434	19	9
D4284.contig1342	434	10	4
D4284.contig1343	434	20	8
D4284.contig1344	434	13	4
D4284.contig1345	434	16	8
D4284.contig1346	433	16	6
D4284.contig1347	433	23	6
D4284.contig1348	433	17	9
D4284.contig1349	433	21	3
D4284.contig1350	433	34	10
D4284.contig1351	432	14	6
D4284.contig1352	432	12	8
D4284.contig1353	431	19	11
D4284.contig1354	431	22	4
D4284.contig1355	431	6	4
D4284.contig1356	431	20	7
D4284.contig1357	431	14	4
D4284.contig1358	430	11	7
D4284.contig1359	430	10	8
D4284.contig1360	430	21	11
D4284.contig1361	430	12	1
D4284.contig1362	429	16	6
D4284.contig1363	429	14	2
D4284.contig1364	428	17	3
D4284.contig1365	428	11	7
D4284.contig1366	428	9	5
D4284.contig1367	427	11	9
D4284.contig1368	427	11	3
D4284.contig1369	427	9	5
D4284.contig1370	427	10	6
D4284.contig1371	427	9	5
D4284.contig1372	427	12	6
D4284.contig1373	427	13	7
D4284.contig1374	427	19	9
D4284.contig1375	427	10	4
D4284.contig1376	426	18	10
D4284.contig1377	426	9	3
D4284.contig1378	426	16	5
D4284.contig1379	426	10	10
D4284.contig1380	426	13	1
D4284.contig1381	425	13	5
D4284.contig1382	425	29	7
D4284.contig1383	424	18	6
D4284.contig1384	424	13	9
D4284.contig1385	424	10	4
D4284.contig1386	424	17	4
D4284.contig1387	424	11	5
D4284.contig1388	424	10	4
D4284.contig1389	423	12	5
D4284.contig1390	423	11	7
D4284.contig1391	423	289	3
D4284.contig1392	423	11	7
D4284.contig1393	423	9	5
D4284.contig1394	423	21	4
D4284.contig1395	423	11	3
D4284.contig1396	422	10	6
D4284.contig1397	422	24	5
D4284.contig1398	421	24	15
D4284.contig1399	421	23	3
D4284.contig1400	421	21	7
D4284.contig1401	421	9	7
D4284.contig1402	421	23	4
D4284.contig1403	421	12	8
D4284.contig1404	421	16	1
D4284.contig1405	421	5	3
D4284.contig1406	421	19	5
D4284.contig1407	421	11	8
D4284.contig1408	420	16	6
D4284.contig1409	420	16	10
D4284.contig1410	420	12	3
D4284.contig1411	420	47	2
D4284.contig1412	420	13	6
D4284.contig1413	419	17	5
D4284.contig1414	419	8	4
D4284.contig1415	419	15	9
D4284.contig1416	419	16	5
D4284.contig1417	419	19	3
D4284.contig1418	419	13	6
D4284.contig1419	418	15	1
D4284.contig1420	418	11	3
D4284.contig1421	418	26	1
D4284.contig1422	418	7	5
D4284.contig1423	418	12	4
D4284.contig1424	417	10	2
D4284.contig1425	417	11	5
D4284.contig1426	417	23	9
D4284.contig1427	417	10	8
D4284.contig1428	416	19	8
D4284.contig1429	416	11	7
D4284.contig1430	416	15	1
D4284.contig1431	416	22	7
D4284.contig1432	416	15	5
D4284.contig1433	415	7	5
D4284.contig1434	414	7	5
D4284.contig1435	414	13	3
D4284.contig1436	414	19	5
D4284.contig1437	414	23	11
D4284.contig1438	414	12	3
D4284.contig1439	414	19	6
D4284.contig1440	414	13	5
D4284.contig1441	414	12	6
D4284.contig1442	414	16	9
D4284.contig1443	413	17	11
D4284.contig1444	413	18	8
D4284.contig1445	413	46	3
D4284.contig1446	413	18	12
D4284.contig1447	413	29	2
D4284.contig1448	413	10	6
D4284.contig1449	412	12	6
D4284.contig1450	412	13	7
D4284.contig1451	412	18	6
D4284.contig1452	411	14	3
D4284.contig1453	411	11	3
D4284.contig1454	411	29	11
D4284.contig1455	411	18	8
D4284.contig1456	411	24	7
D4284.contig1457	410	11	5
D4284.contig1458	410	30	1
D4284.contig1459	410	13	5
D4284.contig1460	410	20	7
D4284.contig1461	409	13	0
D4284.contig1462	409	15	2
D4284.contig1463	409	9	5
D4284.contig1464	409	9	3
D4284.contig1465	409	9	8
D4284.contig1466	409	15	6
D4284.contig1467	409	9	3
D4284.contig1468	409	13	3
D4284.contig1469	409	10	4
D4284.contig1470	408	12	2
D4284.contig1471	408	11	5
D4284.contig1472	408	23	4
D4284.contig1473	408	19	1
D4284.contig1474	408	15	6
D4284.contig1475	408	10	6
D4284.contig1476	408	17	7
D4284.contig1477	408	11	7
D4284.contig1478	407	17	1
D4284.contig1479	407	11	5
D4284.contig1480	407	17	15
D4284.contig1481	406	11	5
D4284.contig1482	406	18	8
D4284.contig1483	406	14	8
D4284.contig1484	406	13	3
D4284.contig1485	406	110	2
D4284.contig1486	405	13	3
D4284.contig1487	405	11	8
D4284.contig1488	405	17	6
D4284.contig1489	405	13	4
D4284.contig1490	405	23	6
D4284.contig1491	405	7	4
D4284.contig1492	405	10	4
D4284.contig1493	404	6	6
D4284.contig1494	404	33	1
D4284.contig1495	404	13	11
D4284.contig1496	404	15	4
D4284.contig1497	404	8	5
D4284.contig1498	404	17	3
D4284.contig1499	403	16	8
D4284.contig1500	403	16	8
D4284.contig1501	403	11	5
D4284.contig1502	403	25	6
D4284.contig1503	403	10	5
D4284.contig1504	403	16	4
D4284.contig1505	402	25	2
D4284.contig1506	402	14	2
D4284.contig1507	402	8	6
D4284.contig1508	402	8	2
D4284.contig1509	401	11	4
D4284.contig1510	401	14	11
D4284.contig1511	401	8	6
D4284.contig1512	401	9	3
D4284.contig1513	400	12	7
D4284.contig1514	400	34	6
D4284.contig1515	400	11	6
D4284.contig1516	400	10	6
D4284.contig1517	399	8	0
D4284.contig1518	399	9	3
D4284.contig1519	399	7	1
D4284.contig1520	398	21	2
D4284.contig1521	397	17	7
D4284.contig1522	397	10	6
D4284.contig1523	397	17	1
D4284.contig1524	397	11	5
D4284.contig1525	397	6	4
D4284.contig1526	397	13	6
D4284.contig1527	396	16	6
D4284.contig1528	396	6	4
D4284.contig1529	396	14	5
D4284.contig1530	396	10	4
D4284.contig1531	396	13	5
D4284.contig1532	395	11	5
D4284.contig1533	394	23	16
D4284.contig1534	394	16	9
D4284.contig1535	394	11	5
D4284.contig1536	393	14	3
D4284.contig1537	393	6	5
D4284.contig1538	393	14	5
D4284.contig1539	393	19	5
D4284.contig1540	393	12	6
D4284.contig1541	393	15	6
D4284.contig1542	392	10	4
D4284.contig1543	392	10	10
D4284.contig1544	392	9	7
D4284.contig1545	392	25	3
D4284.contig1546	392	14	6
D4284.contig1547	392	65	0
D4284.contig1548	392	15	5
D4284.contig1549	392	20	10
D4284.contig1550	392	26	16
D4284.contig1551	392	13	5
D4284.contig1552	392	16	4
D4284.contig1553	392	15	8
D4284.contig1554	391	13	7
D4284.contig1555	391	17	4
D4284.contig1556	391	9	5
D4284.contig1557	391	10	4
D4284.contig1558	391	12	4
D4284.contig1559	391	7	5
D4284.contig1560	391	22	6
D4284.contig1561	391	8	4
D4284.contig1562	390	14	9
D4284.contig1563	390	7	5
D4284.contig1564	390	16	10
D4284.contig1565	390	16	6
D4284.contig1566	390	12	7
D4284.contig1567	390	12	7
D4284.contig1568	390	13	5
D4284.contig1569	389	12	6
D4284.contig1570	389	17	9
D4284.contig1571	389	24	4
D4284.contig1572	389	17	5
D4284.contig1573	389	13	7
D4284.contig1574	388	9	5
D4284.contig1575	388	8	4
D4284.contig1576	387	16	10
D4284.contig1577	387	19	7
D4284.contig1578	387	15	7
D4284.contig1579	387	17	6
D4284.contig1580	387	13	4
D4284.contig1581	387	23	4
D4284.contig1582	387	16	7
D4284.contig1583	387	9	3
D4284.contig1584	387	23	5
D4284.contig1585	387	15	7
D4284.contig1586	387	12	8
D4284.contig1587	387	35	10
D4284.contig1588	387	11	9
D4284.contig1589	387	13	5
D4284.contig1590	386	13	10
D4284.contig1591	386	4	2
D4284.contig1592	386	14	6
D4284.contig1593	386	11	4
D4284.contig1594	386	21	9
D4284.contig1595	386	8	6
D4284.contig1596	386	9	3
D4284.contig1597	386	6	6
D4284.contig1598	386	7	5
D4284.contig1599	385	12	5
D4284.contig1600	385	12	6
D4284.contig1601	385	15	7
D4284.contig1602	385	6	6
D4284.contig1603	385	13	11
D4284.contig1604	385	6	6
D4284.contig1605	384	35	2
D4284.contig1606	384	17	5
D4284.contig1607	384	11	5
D4284.contig1608	384	152	9
D4284.contig1609	384	13	5
D4284.contig1610	383	13	7
D4284.contig1611	383	26	4
D4284.contig1612	383	7	5
D4284.contig1613	383	7	5
D4284.contig1614	383	9	3
D4284.contig1615	383	14	6
D4284.contig1616	383	13	10
D4284.contig1617	383	6	2
D4284.contig1618	383	24	10
D4284.contig1619	383	10	4
D4284.contig1620	382	13	2
D4284.contig1621	382	6	4
D4284.contig1622	382	10	4
D4284.contig1623	382	4	2
D4284.contig1624	382	9	7
D4284.contig1625	381	10	3
D4284.contig1626	381	8	4
D4284.contig1627	381	12	6
D4284.contig1628	381	12	8
D4284.contig1629	381	10	6
D4284.contig1630	381	17	4
D4284.contig1631	380	19	9
D4284.contig1632	380	11	6
D4284.contig1633	380	9	6
D4284.contig1634	380	10	6
D4284.contig1635	380	15	5
D4284.contig1636	380	12	6
D4284.contig1637	380	15	7
D4284.contig1638	380	9	5
D4284.contig1639	380	16	4
D4284.contig1640	379	9	6
D4284.contig1641	379	11	7
D4284.contig1642	379	16	1
D4284.contig1643	379	9	7
D4284.contig1644	378	16	7
D4284.contig1645	378	15	1
D4284.contig1646	378	9	3
D4284.contig1647	378	7	7
D4284.contig1648	378	6	2
D4284.contig1649	378	12	4
D4284.contig1650	378	10	4
D4284.contig1651	378	13	5
D4284.contig1652	377	8	4
D4284.contig1653	377	9	5
D4284.contig1654	377	8	6
D4284.contig1655	377	13	5
D4284.contig1656	377	10	6
D4284.contig1657	377	11	3
D4284.contig1658	377	30	7
D4284.contig1659	377	30	5
D4284.contig1660	377	6	4
D4284.contig1661	377	13	9
D4284.contig1662	376	14	8
D4284.contig1663	376	7	3
D4284.contig1664	376	18	8
D4284.contig1665	376	7	4
D4284.contig1666	375	10	6
D4284.contig1667	375	10	6
D4284.contig1668	375	16	9
D4284.contig1669	375	19	11
D4284.contig1670	375	12	3
D4284.contig1671	375	16	4
D4284.contig1672	375	9	5
D4284.contig1673	375	13	5
D4284.contig1674	375	8	3
D4284.contig1675	374	15	5
D4284.contig1676	374	6	6
D4284.contig1677	374	12	2
D4284.contig1678	374	12	10
D4284.contig1679	374	16	8
D4284.contig1680	374	13	9
D4284.contig1681	374	6	4
D4284.contig1682	373	9	3
D4284.contig1683	373	13	1
D4284.contig1684	373	12	6
D4284.contig1685	373	24	2
D4284.contig1686	372	12	7
D4284.contig1687	372	8	3
D4284.contig1688	372	9	5
D4284.contig1689	371	11	3
D4284.contig1690	371	8	4
D4284.contig1691	371	14	2
D4284.contig1692	371	7	3
D4284.contig1693	371	16	8
D4284.contig1694	371	11	3
D4284.contig1695	370	15	8
D4284.contig1696	370	28	2
D4284.contig1697	370	11	7
D4284.contig1698	370	10	5
D4284.contig1699	370	11	3
D4284.contig1700	369	13	4
D4284.contig1701	369	9	3
D4284.contig1702	369	16	6
D4284.contig1703	369	13	1
D4284.contig1704	369	8	3
D4284.contig1705	369	11	7
D4284.contig1706	369	13	5
D4284.contig1707	369	8	2
D4284.contig1708	368	9	5
D4284.contig1709	368	7	5
D4284.contig1710	368	10	4
D4284.contig1711	368	6	6
D4284.contig1712	368	12	4
D4284.contig1713	367	13	7
D4284.contig1714	367	14	10
D4284.contig1715	367	8	6
D4284.contig1716	367	10	6
D4284.contig1717	367	9	5
D4284.contig1718	367	8	4
D4284.contig1719	367	17	11
D4284.contig1720	367	15	6
D4284.contig1721	367	50	4
D4284.contig1722	367	11	5
D4284.contig1723	367	18	3
D4284.contig1724	366	20	10
D4284.contig1725	366	12	4
D4284.contig1726	365	9	6
D4284.contig1727	365	8	6
D4284.contig1728	365	13	7
D4284.contig1729	365	8	8
D4284.contig1730	365	20	6
D4284.contig1731	365	8	6
D4284.contig1732	365	8	6
D4284.contig1733	365	14	2
D4284.contig1734	364	11	6
D4284.contig1735	364	11	5
D4284.contig1736	364	13	3
D4284.contig1737	364	17	5
D4284.contig1738	363	9	3
D4284.contig1739	363	9	7
D4284.contig1740	363	20	7
D4284.contig1741	363	7	5
D4284.contig1742	362	7	5
D4284.contig1743	362	11	9
D4284.contig1744	362	14	3
D4284.contig1745	361	13	3
D4284.contig1746	361	12	8
D4284.contig1747	361	9	7
D4284.contig1748	361	9	5
D4284.contig1749	361	5	5
D4284.contig1750	361	9	3
D4284.contig1751	361	21	7
D4284.contig1752	360	12	6
D4284.contig1753	360	17	10
D4284.contig1754	360	10	6
D4284.contig1755	360	12	3
D4284.contig1756	359	14	4
D4284.contig1757	359	11	1
D4284.contig1758	359	8	6
D4284.contig1759	359	5	5
D4284.contig1760	359	16	2
D4284.contig1761	358	13	8
D4284.contig1762	358	9	4
D4284.contig1763	358	11	5
D4284.contig1764	358	12	7
D4284.contig1765	358	11	3
D4284.contig1766	358	9	5
D4284.contig1767	358	6	5
D4284.contig1768	358	5	3
D4284.contig1769	358	9	3
D4284.contig1770	358	7	7
D4284.contig1771	357	8	4
D4284.contig1772	357	7	3
D4284.contig1773	356	6	4
D4284.contig1774	356	11	4
D4284.contig1775	356	8	4
D4284.contig1776	356	16	4
D4284.contig1777	356	16	8
D4284.contig1778	356	7	5
D4284.contig1779	356	5	5
D4284.contig1780	356	11	6
D4284.contig1781	356	5	3
D4284.contig1782	355	14	8
D4284.contig1783	355	16	2
D4284.contig1784	355	14	4
D4284.contig1785	355	33	8
D4284.contig1786	355	8	6
D4284.contig1787	354	11	5
D4284.contig1788	354	9	4
D4284.contig1789	354	14	10
D4284.contig1790	354	6	2
D4284.contig1791	354	9	5
D4284.contig1792	354	8	3
D4284.contig1793	354	10	4
D4284.contig1794	353	14	1
D4284.contig1795	353	9	3
D4284.contig1796	353	12	6
D4284.contig1797	353	17	4
D4284.contig1798	353	5	2
D4284.contig1799	353	15	5
D4284.contig1800	353	12	7
D4284.contig1801	353	9	6
D4284.contig1802	352	7	5
D4284.contig1803	352	14	4
D4284.contig1804	352	15	7
D4284.contig1805	352	7	7
D4284.contig1806	352	7	4
D4284.contig1807	351	9	5
D4284.contig1808	351	29	5
D4284.contig1809	351	7	5
D4284.contig1810	350	9	9
D4284.contig1811	350	3	1
D4284.contig1812	350	8	6
D4284.contig1813	350	10	2
D4284.contig1814	350	12	4
D4284.contig1815	350	7	3
D4284.contig1816	350	5	1
D4284.contig1817	349	12	2
D4284.contig1818	349	8	4
D4284.contig1819	349	7	3
D4284.contig1820	349	17	7
D4284.contig1821	349	12	6
D4284.contig1822	349	13	3
D4284.contig1823	349	9	5
D4284.contig1824	348	18	1
D4284.contig1825	348	12	4
D4284.contig1826	348	15	1
D4284.contig1827	348	9	7
D4284.contig1828	348	8	2
D4284.contig1829	348	9	5
D4284.contig1830	348	13	7
D4284.contig1831	347	8	6
D4284.contig1832	347	19	5
D4284.contig1833	347	9	4
D4284.contig1834	347	12	4
D4284.contig1835	347	12	6
D4284.contig1836	347	9	3
D4284.contig1837	346	6	4
D4284.contig1838	346	9	5
D4284.contig1839	346	5	3
D4284.contig1840	346	11	5
D4284.contig1841	346	10	4
D4284.contig1842	346	11	3
D4284.contig1843	345	10	6
D4284.contig1844	345	11	7
D4284.contig1845	345	13	4
D4284.contig1846	345	8	4
D4284.contig1847	345	12	8
D4284.contig1848	345	9	5
D4284.contig1849	344	7	1
D4284.contig1850	344	8	1
D4284.contig1851	344	20	5
D4284.contig1852	344	20	7
D4284.contig1853	344	40	1
D4284.contig1854	344	7	7
D4284.contig1855	344	21	12
D4284.contig1856	344	10	10
D4284.contig1857	343	11	5
D4284.contig1858	343	5	3
D4284.contig1859	343	5	3
D4284.contig1860	343	6	4
D4284.contig1861	343	4	2
D4284.contig1862	342	6	6
D4284.contig1863	342	10	1
D4284.contig1864	342	11	3
D4284.contig1865	342	8	6
D4284.contig1866	342	10	5
D4284.contig1867	342	19	8
D4284.contig1868	342	7	5
D4284.contig1869	342	15	5
D4284.contig1870	341	15	7
D4284.contig1871	341	11	9
D4284.contig1872	341	11	7
D4284.contig1873	341	13	7
D4284.contig1874	341	11	5
D4284.contig1875	341	12	3
D4284.contig1876	341	13	9
D4284.contig1877	341	11	3
D4284.contig1878	341	16	2
D4284.contig1879	341	16	6
D4284.contig1880	341	13	4
D4284.contig1881	340	10	3
D4284.contig1882	340	5	3
D4284.contig1883	340	9	3
D4284.contig1884	340	10	4
D4284.contig1885	340	12	4
D4284.contig1886	340	16	8
D4284.contig1887	340	5	5
D4284.contig1888	340	15	2
D4284.contig1889	340	10	4
D4284.contig1890	340	9	1
D4284.contig1891	340	14	4
D4284.contig1892	339	7	4
D4284.contig1893	339	7	5
D4284.contig1894	339	17	5
D4284.contig1895	339	5	3
D4284.contig1896	339	7	3
D4284.contig1897	339	11	3
D4284.contig1898	338	13	3
D4284.contig1899	338	9	2
D4284.contig1900	338	7	0
D4284.contig1901	338	12	4
D4284.contig1902	338	6	6
D4284.contig1903	338	6	2
D4284.contig1904	338	8	4
D4284.contig1905	338	9	5
D4284.contig1906	338	11	5
D4284.contig1907	338	10	2
D4284.contig1908	338	8	6
D4284.contig1909	337	9	3
D4284.contig1910	337	12	2
D4284.contig1911	337	16	4
D4284.contig1912	337	9	7
D4284.contig1913	337	9	7
D4284.contig1914	337	6	4
D4284.contig1915	337	12	9
D4284.contig1916	337	17	7
D4284.contig1917	337	9	7
D4284.contig1918	337	11	5
D4284.contig1919	337	13	3
D4284.contig1920	336	10	6
D4284.contig1921	336	4	4
D4284.contig1922	336	14	7
D4284.contig1923	336	7	3
D4284.contig1924	336	18	7
D4284.contig1925	336	14	9
D4284.contig1926	336	10	4
D4284.contig1927	336	17	3
D4284.contig1928	335	19	1
D4284.contig1929	335	17	4
D4284.contig1930	335	12	2
D4284.contig1931	335	15	4
D4284.contig1932	335	7	3
D4284.contig1933	335	8	6
D4284.contig1934	335	8	6
D4284.contig1935	335	13	3
D4284.contig1936	334	7	3
D4284.contig1937	334	10	7
D4284.contig1938	334	7	5
D4284.contig1939	334	10	2
D4284.contig1940	334	11	7
D4284.contig1941	334	15	8
D4284.contig1942	334	8	2
D4284.contig1943	333	6	6
D4284.contig1944	333	15	6
D4284.contig1945	333	14	6
D4284.contig1946	333	6	6
D4284.contig1947	333	6	2
D4284.contig1948	333	10	8
D4284.contig1949	333	11	3
D4284.contig1950	333	10	4
D4284.contig1951	333	6	6
D4284.contig1952	333	9	5
D4284.contig1953	332	14	3
D4284.contig1954	332	6	6
D4284.contig1955	332	7	3
D4284.contig1956	332	22	4
D4284.contig1957	332	5	5
D4284.contig1958	332	10	4
D4284.contig1959	332	10	6
D4284.contig1960	332	9	5
D4284.contig1961	332	6	4
D4284.contig1962	331	11	5
D4284.contig1963	331	11	9
D4284.contig1964	331	9	1
D4284.contig1965	331	13	3
D4284.contig1966	331	20	4
D4284.contig1967	331	10	6
D4284.contig1968	331	12	9
D4284.contig1969	331	4	4
D4284.contig1970	331	6	4
D4284.contig1971	331	6	6
D4284.contig1972	330	10	5
D4284.contig1973	330	15	5
D4284.contig1974	330	5	5
D4284.contig1975	330	12	8
D4284.contig1976	330	11	5
D4284.contig1977	330	11	3
D4284.contig1978	330	11	9
D4284.contig1979	330	7	5
D4284.contig1980	330	8	2
D4284.contig1981	330	8	2
D4284.contig1982	330	13	8
D4284.contig1983	330	10	8
D4284.contig1984	329	6	4
D4284.contig1985	329	9	3
D4284.contig1986	329	8	2
D4284.contig1987	329	8	8
D4284.contig1988	329	13	7
D4284.contig1989	329	8	4
D4284.contig1990	329	5	5
D4284.contig1991	329	11	8
D4284.contig1992	329	20	1
D4284.contig1993	329	5	5
D4284.contig1994	329	15	4
D4284.contig1995	329	7	3
D4284.contig1996	329	7	5
D4284.contig1997	329	14	7
D4284.contig1998	328	10	4
D4284.contig1999	328	14	7
D4284.contig2000	328	7	5
D4284.contig2001	328	10	2
D4284.contig2002	328	10	3
D4284.contig2003	328	5	3
D4284.contig2004	328	9	5
D4284.contig2005	328	18	8
D4284.contig2006	328	10	6
D4284.contig2007	328	7	5
D4284.contig2008	328	7	4
D4284.contig2009	327	17	5
D4284.contig2010	327	13	9
D4284.contig2011	327	8	6
D4284.contig2012	327	17	9
D4284.contig2013	327	8	2
D4284.contig2014	327	7	5
D4284.contig2015	327	13	8
D4284.contig2016	327	14	6
D4284.contig2017	326	9	7
D4284.contig2018	326	11	4
D4284.contig2019	326	7	7
D4284.contig2020	326	9	6
D4284.contig2021	326	14	3
D4284.contig2022	326	6	4
D4284.contig2023	326	14	7
D4284.contig2024	326	15	9
D4284.contig2025	326	5	5
D4284.contig2026	326	14	6
D4284.contig2027	326	13	2
D4284.contig2028	326	9	7
D4284.contig2029	326	24	4
D4284.contig2030	326	7	5
D4284.contig2031	325	6	4
D4284.contig2032	325	12	6
D4284.contig2033	325	17	9
D4284.contig2034	324	11	9
D4284.contig2035	324	10	8
D4284.contig2036	324	7	5
D4284.contig2037	324	13	7
D4284.contig2038	324	12	8
D4284.contig2039	324	25	6
D4284.contig2040	324	10	5
D4284.contig2041	324	7	1
D4284.contig2042	324	15	2
D4284.contig2043	324	9	8
D4284.contig2044	324	13	8
D4284.contig2045	324	26	3
D4284.contig2046	323	10	6
D4284.contig2047	323	6	4
D4284.contig2048	323	7	5
D4284.contig2049	323	8	6
D4284.contig2050	323	6	6
D4284.contig2051	323	16	5
D4284.contig2052	323	8	8
D4284.contig2053	322	6	2
D4284.contig2054	322	8	4
D4284.contig2055	322	5	3
D4284.contig2056	322	8	6
D4284.contig2057	322	12	5
D4284.contig2058	322	15	4
D4284.contig2059	322	12	7
D4284.contig2060	322	9	7
D4284.contig2061	322	9	5
D4284.contig2062	321	8	4
D4284.contig2063	321	13	2
D4284.contig2064	321	8	8
D4284.contig2065	321	11	4
D4284.contig2066	321	8	6
D4284.contig2067	321	14	3
D4284.contig2068	321	8	6
D4284.contig2069	320	12	5
D4284.contig2070	320	11	10
D4284.contig2071	320	6	4
D4284.contig2072	320	16	8
D4284.contig2073	320	6	4
D4284.contig2074	320	9	7
D4284.contig2075	320	5	5
D4284.contig2076	320	11	5
D4284.contig2077	320	6	4
D4284.contig2078	319	9	3
D4284.contig2079	319	20	3
D4284.contig2080	319	15	5
D4284.contig2081	319	9	7
D4284.contig2082	319	16	2
D4284.contig2083	319	11	7
D4284.contig2084	319	8	6
D4284.contig2085	319	10	4
D4284.contig2086	319	6	4
D4284.contig2087	318	6	4
D4284.contig2088	318	13	11
D4284.contig2089	318	6	4
D4284.contig2090	318	7	3
D4284.contig2091	318	6	4
D4284.contig2092	318	16	3
D4284.contig2093	318	10	4
D4284.contig2094	318	5	5
D4284.contig2095	318	7	5
D4284.contig2096	317	17	4
D4284.contig2097	317	6	4
D4284.contig2098	317	6	4
D4284.contig2099	317	13	7
D4284.contig2100	317	15	0
D4284.contig2101	317	8	6
D4284.contig2102	317	7	3
D4284.contig2103	317	3	3
D4284.contig2104	317	10	5
D4284.contig2105	316	9	5
D4284.contig2106	316	7	4
D4284.contig2107	316	15	4
D4284.contig2108	316	8	3
D4284.contig2109	316	12	7
D4284.contig2110	315	16	10
D4284.contig2111	315	14	5
D4284.contig2112	315	8	6
D4284.contig2113	315	15	0
D4284.contig2114	315	6	4
D4284.contig2115	315	5	3
D4284.contig2116	315	9	4
D4284.contig2117	315	7	4
D4284.contig2118	315	13	1
D4284.contig2119	315	10	7
D4284.contig2120	314	16	8
D4284.contig2121	314	17	2
D4284.contig2122	314	7	3
D4284.contig2123	314	10	4
D4284.contig2124	314	9	4
D4284.contig2125	314	21	2
D4284.contig2126	314	8	6
D4284.contig2127	314	7	5
D4284.contig2128	314	5	5
D4284.contig2129	314	7	7
D4284.contig2130	314	7	5
D4284.contig2131	314	13	7
D4284.contig2132	314	7	4
D4284.contig2133	313	11	6
D4284.contig2134	313	12	3
D4284.contig2135	313	23	8
D4284.contig2136	313	8	6
D4284.contig2137	313	4	4
D4284.contig2138	313	6	2
D4284.contig2139	313	19	8
D4284.contig2140	313	14	2
D4284.contig2141	313	9	3
D4284.contig2142	313	11	5
D4284.contig2143	313	6	6
D4284.contig2144	313	5	3
D4284.contig2145	313	10	5
D4284.contig2146	313	7	5
D4284.contig2147	313	5	5
D4284.contig2148	313	24	6
D4284.contig2149	312	5	5
D4284.contig2150	312	11	7
D4284.contig2151	312	5	5
D4284.contig2152	312	10	5
D4284.contig2153	312	13	10
D4284.contig2154	312	11	11
D4284.contig2155	312	13	7
D4284.contig2156	312	9	7
D4284.contig2157	312	6	4
D4284.contig2158	312	5	1
D4284.contig2159	312	6	4
D4284.contig2160	312	13	8
D4284.contig2161	312	6	4
D4284.contig2162	311	5	3
D4284.contig2163	311	10	4
D4284.contig2164	311	11	5
D4284.contig2165	311	22	6
D4284.contig2166	311	8	4
D4284.contig2167	311	20	6
D4284.contig2168	311	6	2
D4284.contig2169	311	5	5
D4284.contig2170	311	20	4
D4284.contig2171	311	7	4
D4284.contig2172	311	15	4
D4284.contig2173	311	9	6
D4284.contig2174	311	16	8
D4284.contig2175	311	9	3
D4284.contig2176	311	7	5
D4284.contig2177	311	13	1
D4284.contig2178	310	7	3
D4284.contig2179	310	7	5
D4284.contig2180	310	11	5
D4284.contig2181	310	10	4
D4284.contig2182	310	7	7
D4284.contig2183	310	10	5
D4284.contig2184	310	6	4
D4284.contig2185	310	9	7
D4284.contig2186	310	7	5
D4284.contig2187	310	9	3
D4284.contig2188	310	8	6
D4284.contig2189	310	8	3
D4284.contig2190	310	8	7
D4284.contig2191	310	7	5
D4284.contig2192	309	17	5
D4284.contig2193	309	13	1
D4284.contig2194	309	8	3
D4284.contig2195	309	7	5
D4284.contig2196	309	11	8
D4284.contig2197	309	9	5
D4284.contig2198	308	9	9
D4284.contig2199	308	7	3
D4284.contig2200	308	7	1
D4284.contig2201	308	6	6
D4284.contig2202	308	9	7
D4284.contig2203	308	7	3
D4284.contig2204	308	9	3
D4284.contig2205	308	11	2
D4284.contig2206	308	10	5
D4284.contig2207	308	9	5
D4284.contig2208	307	16	8
D4284.contig2209	307	4	4
D4284.contig2210	307	8	4
D4284.contig2211	307	8	6
D4284.contig2212	307	15	4
D4284.contig2213	307	6	5
D4284.contig2214	307	8	6
D4284.contig2215	307	7	3
D4284.contig2216	307	4	4
D4284.contig2217	306	6	2
D4284.contig2218	306	9	3
D4284.contig2219	306	14	9
D4284.contig2220	306	9	3
D4284.contig2221	306	13	5
D4284.contig2222	306	12	9
D4284.contig2223	306	6	4
D4284.contig2224	306	13	4
D4284.contig2225	306	7	7
D4284.contig2226	306	10	6
D4284.contig2227	305	5	3
D4284.contig2228	305	9	3
D4284.contig2229	305	8	4
D4284.contig2230	305	11	3
D4284.contig2231	305	8	4
D4284.contig2232	305	8	8
D4284.contig2233	305	6	2
D4284.contig2234	305	16	10
D4284.contig2235	305	16	8
D4284.contig2236	305	6	6
D4284.contig2237	305	8	4
D4284.contig2238	305	10	2
D4284.contig2239	305	8	5
D4284.contig2240	305	3	3
D4284.contig2241	305	9	5
D4284.contig2242	304	9	7
D4284.contig2243	304	7	3
D4284.contig2244	304	2	2
D4284.contig2245	304	4	0
D4284.contig2246	304	6	6
D4284.contig2247	304	6	0
D4284.contig2248	304	14	7
D4284.contig2249	304	10	5
D4284.contig2250	304	7	5
D4284.contig2251	304	10	6
D4284.contig2252	303	9	3
D4284.contig2253	303	7	7
D4284.contig2254	303	7	3
D4284.contig2255	303	10	7
D4284.contig2256	303	8	6
D4284.contig2257	303	5	5
D4284.contig2258	302	11	9
D4284.contig2259	302	7	3
D4284.contig2260	302	6	4
D4284.contig2261	302	5	3
D4284.contig2262	302	7	3
D4284.contig2263	302	7	1
D4284.contig2264	302	5	1
D4284.contig2265	302	9	3
D4284.contig2266	302	11	4
D4284.contig2267	302	8	2
D4284.contig2268	302	10	4
D4284.contig2269	301	6	4
D4284.contig2270	301	7	5
D4284.contig2271	301	11	1
D4284.contig2272	301	15	9
D4284.contig2273	301	7	5
D4284.contig2274	301	10	6
D4284.contig2275	301	15	6
D4284.contig2276	301	16	7
D4284.contig2277	300	7	1
D4284.contig2278	300	8	3
D4284.contig2279	300	3	3
D4284.contig2280	300	11	4
D4284.contig2281	300	6	6
D4284.contig2282	300	7	5
D4284.contig2283	300	4	2
D4284.contig2284	300	8	5
D4284.contig2285	300	7	5
D4284.contig2286	300	5	1
D4284.contig2287	300	6	4
D4284.contig2288	300	11	4
D4284.contig2289	300	6	4
D4284.contig2290	300	6	4
D4284.contig2291	300	9	5
*	0	0	181560
