wgs15.contig1	697934	68767	229
wgs15.contig2	459972	61198	202
wgs15.contig3	269369	48009	164
wgs15.contig4	249166	29937	104
wgs15.contig5	230615	33285	120
wgs15.contig6	199601	22748	86
wgs15.contig7	167386	27198	92
wgs15.contig8	162049	30737	127
wgs15.contig9	157705	15556	50
wgs15.contig10	142950	18466	54
wgs15.contig11	77435	11000	40
wgs15.contig12	57596	9482	32
wgs15.contig13	38435	6895	22
wgs15.contig14	29361	4682	24
wgs15.contig15	28901	7635	71
wgs15.contig16	26005	4009	19
wgs15.contig17	15606	2538	11
wgs15.contig18	5270	3457	41
wgs15.contig19	5217	2387	59
wgs15.contig20	1514	589	7
wgs15.contig21	1065	1151	48
wgs15.contig22	678	83	17
wgs15.contig23	480	2	0
wgs15.contig24	475	2	2
wgs15.contig25	452	12	0
wgs15.contig26	427	1	1
wgs15.contig27	427	1	1
wgs15.contig28	425	54	0
wgs15.contig29	420	2	2
wgs15.contig30	391	1	1
wgs15.contig31	391	57	2
wgs15.contig32	386	2	2
wgs15.contig33	325	15	0
wgs15.contig34	289	31	2
wgs15.contig35	261	8	0
wgs15.contig36	255	0	0
wgs15.contig37	128	0	0
wgs15.contig38	128	2	1
*	0	0	938
