R3730.contig1	1678	153858	2271
R3730.contig2	1239	33535	199
R3730.contig3	1041	75221	749
R3730.contig4	918	2034	19
R3730.contig5	861	84	2
R3730.contig6	786	1356	9
R3730.contig7	737	6811	36
R3730.contig8	634	281	14
R3730.contig9	626	1054	6
R3730.contig10	624	59	7
R3730.contig11	616	6819	603
R3730.contig12	563	68	0
R3730.contig13	543	3255	16
R3730.contig14	542	243	1
R3730.contig15	542	30	2
R3730.contig16	528	3286	24
R3730.contig17	518	17186	808
R3730.contig18	515	407	3
R3730.contig19	509	112	2
R3730.contig20	484	16	8
R3730.contig21	479	44	2
R3730.contig22	450	167	5
R3730.contig23	440	402	5
R3730.contig24	434	1144	3
R3730.contig25	429	1089	7
R3730.contig26	401	56	0
R3730.contig27	399	54	0
R3730.contig28	395	146	0
R3730.contig29	375	74	0
R3730.contig30	367	38	0
R3730.contig31	364	57	1
R3730.contig32	364	48	0
R3730.contig33	363	14	0
R3730.contig34	337	135	3
R3730.contig35	327	21	1
R3730.contig36	324	11	1
R3730.contig37	314	19	1
R3730.contig38	314	46	0
*	0	0	36772
