R3681.contig1	1590	3186429	202648
R3681.contig2	1324	4021260	220735
R3681.contig3	1089	0	0
R3681.contig4	1080	6483	519
R3681.contig5	1023	4804	139
R3681.contig6	987	24686	8412
R3681.contig7	935	28559	5557
R3681.contig8	899	20016	5658
R3681.contig9	869	3938	1727
R3681.contig10	852	180	44
R3681.contig11	849	12992	110
R3681.contig12	835	3473	1692
R3681.contig13	785	0	0
R3681.contig14	778	204	62
R3681.contig15	724	0	0
R3681.contig16	704	408	66
R3681.contig17	700	0	0
R3681.contig18	698	3553	1973
R3681.contig19	696	687	38
R3681.contig20	696	780	115
R3681.contig21	654	20316	8033
R3681.contig22	652	0	0
R3681.contig23	647	0	0
R3681.contig24	644	34021	11959
R3681.contig25	643	501	3
R3681.contig26	641	12487	2676
R3681.contig27	638	224	20
R3681.contig28	632	2831	219
R3681.contig29	626	54	1
R3681.contig30	620	136	72
R3681.contig31	616	56	20
R3681.contig32	615	0	0
R3681.contig33	613	3690	956
R3681.contig34	612	48832	14178
R3681.contig35	612	15491	3480
R3681.contig36	606	464	65
R3681.contig37	597	0	0
R3681.contig38	590	120	7
R3681.contig39	586	1133	52
R3681.contig40	581	161329	18057
R3681.contig41	577	1935	623
R3681.contig42	567	0	0
R3681.contig43	560	2	0
R3681.contig44	556	1521	583
R3681.contig45	551	11	4
R3681.contig46	526	51	2
R3681.contig47	522	127	2
R3681.contig48	513	226255	57544
R3681.contig49	509	285	32
R3681.contig50	508	0	0
R3681.contig51	505	6300	1155
R3681.contig52	505	9788	4371
R3681.contig53	504	178730	46675
R3681.contig54	501	1204	387
R3681.contig55	500	1053	384
R3681.contig56	496	7004	921
R3681.contig57	496	21773	6232
R3681.contig58	493	0	0
R3681.contig59	490	1	1
R3681.contig60	488	88	6
R3681.contig61	485	0	0
R3681.contig62	482	9951	5408
R3681.contig63	482	13	5
R3681.contig64	481	285	88
R3681.contig65	479	0	0
R3681.contig66	478	371	91
R3681.contig67	475	1563	246
R3681.contig68	466	0	0
R3681.contig69	466	29848	6836
R3681.contig70	462	1025	140
R3681.contig71	460	133	9
R3681.contig72	459	76128	33672
R3681.contig73	458	2009	204
R3681.contig74	457	632186	290555
R3681.contig75	456	471	2
R3681.contig76	449	96741	20584
R3681.contig77	442	1517	577
R3681.contig78	440	1136	504
R3681.contig79	437	145	8
R3681.contig80	432	55022	19402
R3681.contig81	428	48	2
R3681.contig82	428	494	154
R3681.contig83	427	28551	11409
R3681.contig84	421	59079	21693
R3681.contig85	421	4933	1512
R3681.contig86	417	74	1
R3681.contig87	413	2	1
R3681.contig88	404	647	24
R3681.contig89	403	13573	4358
R3681.contig90	402	840	525
R3681.contig91	401	116081	37015
R3681.contig92	400	49078	346
R3681.contig93	400	171	38
R3681.contig94	397	14936	4186
R3681.contig95	397	22974	1109
R3681.contig96	396	0	0
R3681.contig97	395	0	0
R3681.contig98	393	38	3
R3681.contig99	392	1	1
R3681.contig100	392	359	53
R3681.contig101	391	5	1
R3681.contig102	391	10	0
R3681.contig103	389	3674	785
R3681.contig104	387	29938	15943
R3681.contig105	384	417	167
R3681.contig106	383	1	1
R3681.contig107	381	0	0
R3681.contig108	379	0	0
R3681.contig109	377	555	115
R3681.contig110	376	3217	672
R3681.contig111	375	860	36
R3681.contig112	373	9482	4969
R3681.contig113	373	1319	113
R3681.contig114	369	12	6
R3681.contig115	368	21	3
R3681.contig116	367	8363	3338
R3681.contig117	367	8399	4003
R3681.contig118	366	0	0
R3681.contig119	362	2	0
R3681.contig120	360	1396	220
R3681.contig121	360	80681	13755
R3681.contig122	359	38846	9168
R3681.contig123	358	148	19
R3681.contig124	356	163	32
R3681.contig125	355	32	0
R3681.contig126	355	179	15
R3681.contig127	350	984	155
R3681.contig128	348	0	0
R3681.contig129	341	473	63
R3681.contig130	339	11396	101
R3681.contig131	337	12065	2952
R3681.contig132	334	4667	2568
R3681.contig133	331	45928	6227
R3681.contig134	330	0	0
R3681.contig135	329	6378	2753
R3681.contig136	327	8	2
R3681.contig137	326	252	108
R3681.contig138	324	0	0
R3681.contig139	324	52822	9817
R3681.contig140	324	928	295
R3681.contig141	324	1078	344
R3681.contig142	324	0	0
R3681.contig143	322	445	209
R3681.contig144	321	25354	1836
R3681.contig145	321	1077	506
R3681.contig146	320	129	13
R3681.contig147	318	28	6
R3681.contig148	317	84	13
R3681.contig149	317	6763	2664
R3681.contig150	316	0	0
R3681.contig151	314	736	219
R3681.contig152	313	2061	633
R3681.contig153	312	3186	1103
R3681.contig154	310	8144	2682
R3681.contig155	309	66186	20186
R3681.contig156	308	0	0
R3681.contig157	307	0	0
R3681.contig158	305	0	0
R3681.contig159	305	41944	12907
R3681.contig160	304	59	5
R3681.contig161	302	184	18
R3681.contig162	301	368945	129114
R3681.contig163	300	281	29
*	0	0	15871240
