R3520.contig1	3174	0	0
R3520.contig2	2602	0	0
R3520.contig3	2444	1985	28
R3520.contig4	2000	23386	482
R3520.contig5	1949	275631	110175
R3520.contig6	1656	43461	14164
R3520.contig7	1567	98186	37823
R3520.contig8	1518	4115635	239769
R3520.contig9	1505	0	0
R3520.contig10	1383	0	0
R3520.contig11	1359	0	0
R3520.contig12	1299	858	423
R3520.contig13	1265	127516	18250
R3520.contig14	1235	0	0
R3520.contig15	1177	4381	1768
R3520.contig16	1119	1398	127
R3520.contig17	1107	0	0
R3520.contig18	1054	0	0
R3520.contig19	1053	0	0
R3520.contig20	1013	0	0
R3520.contig21	1005	2	0
R3520.contig22	959	9973	4285
R3520.contig23	948	766	113
R3520.contig24	940	4044	1309
R3520.contig25	937	577	139
R3520.contig26	929	22	0
R3520.contig27	891	685668	130880
R3520.contig28	890	178853	51986
R3520.contig29	869	0	0
R3520.contig30	853	0	0
R3520.contig31	850	31107	7699
R3520.contig32	849	0	0
R3520.contig33	845	0	0
R3520.contig34	840	171	10
R3520.contig35	812	938	246
R3520.contig36	800	0	0
R3520.contig37	800	2479093	202405
R3520.contig38	781	0	0
R3520.contig39	726	0	0
R3520.contig40	722	151	1
R3520.contig41	721	3260	721
R3520.contig42	715	0	0
R3520.contig43	712	27309	2717
R3520.contig44	674	261915	78258
R3520.contig45	669	6	0
R3520.contig46	653	9603	926
R3520.contig47	653	105904	17882
R3520.contig48	651	8721	3918
R3520.contig49	645	13	1
R3520.contig50	644	0	0
R3520.contig51	639	251	24
R3520.contig52	638	160	10
R3520.contig53	626	50	3
R3520.contig54	610	62483	7794
R3520.contig55	606	38	4
R3520.contig56	603	0	0
R3520.contig57	596	0	0
R3520.contig58	596	0	0
R3520.contig59	583	0	0
R3520.contig60	574	140	37
R3520.contig61	574	963	128
R3520.contig62	572	48574	8867
R3520.contig63	569	0	0
R3520.contig64	565	0	0
R3520.contig65	565	0	0
R3520.contig66	553	0	0
R3520.contig67	553	15841	6001
R3520.contig68	552	34841	10474
R3520.contig69	549	0	0
R3520.contig70	538	1509	619
R3520.contig71	538	1015	82
R3520.contig72	536	804	368
R3520.contig73	523	13	1
R3520.contig74	523	0	0
R3520.contig75	522	5690	702
R3520.contig76	520	2	1
R3520.contig77	512	311	18
R3520.contig78	504	0	0
R3520.contig79	498	509	117
R3520.contig80	497	9174	4252
R3520.contig81	493	12218	5325
R3520.contig82	488	0	0
R3520.contig83	488	206	18
R3520.contig84	478	17595	5642
R3520.contig85	472	97694	5231
R3520.contig86	472	5	0
R3520.contig87	470	117	16
R3520.contig88	462	82	2
R3520.contig89	462	8709	2359
R3520.contig90	461	0	0
R3520.contig91	461	0	0
R3520.contig92	458	54781	4314
R3520.contig93	457	0	0
R3520.contig94	452	10	4
R3520.contig95	450	0	0
R3520.contig96	441	0	0
R3520.contig97	439	0	0
R3520.contig98	438	5713	1873
R3520.contig99	433	0	0
R3520.contig100	431	0	0
R3520.contig101	429	197	24
R3520.contig102	423	0	0
R3520.contig103	420	737	14
R3520.contig104	406	2	1
R3520.contig105	401	87489	15108
R3520.contig106	393	218	36
R3520.contig107	388	0	0
R3520.contig108	385	4352	1225
R3520.contig109	383	0	0
R3520.contig110	383	1	1
R3520.contig111	378	0	0
R3520.contig112	377	53774	18597
R3520.contig113	376	52024	21849
R3520.contig114	366	8	1
R3520.contig115	365	16	0
R3520.contig116	363	0	0
R3520.contig117	359	0	0
R3520.contig118	356	180	54
R3520.contig119	356	2490	200
R3520.contig120	348	35649	15905
R3520.contig121	335	0	0
R3520.contig122	334	4105	1151
R3520.contig123	333	0	0
R3520.contig124	332	4	0
R3520.contig125	331	0	0
R3520.contig126	329	55482	13738
R3520.contig127	326	32638	12744
R3520.contig128	326	3	1
R3520.contig129	326	152	33
R3520.contig130	324	2	1
R3520.contig131	320	428	41
R3520.contig132	315	2	0
R3520.contig133	314	1	1
R3520.contig134	310	30	3
R3520.contig135	307	69	18
R3520.contig136	302	6	3
*	0	0	17056468
