R3940.contig1	2387	5317	15
R3940.contig2	2146	317	11
R3940.contig3	2079	793	3
R3940.contig4	1755	1321	1
R3940.contig5	1595	413	5
R3940.contig6	1432	1075	58
R3940.contig7	1408	4997	66
R3940.contig8	1376	554	2
R3940.contig9	1290	96137	688
R3940.contig10	1195	1441	3
R3940.contig11	1181	239	1
R3940.contig12	1172	47241	4961
R3940.contig13	1067	127549	1796
R3940.contig14	967	1614	5
R3940.contig15	871	199	3
R3940.contig16	848	8301	692
R3940.contig17	847	116	0
R3940.contig18	846	1024	7
R3940.contig19	783	1417	7
R3940.contig20	776	1569	24
R3940.contig21	774	7837	955
R3940.contig22	761	2570	47
R3940.contig23	757	80	1
R3940.contig24	739	869	17
R3940.contig25	723	57240	208
R3940.contig26	685	365	20
R3940.contig27	677	482	4
R3940.contig28	656	23118	1698
R3940.contig29	642	937	5
R3940.contig30	609	1331	8
R3940.contig31	590	150	3
R3940.contig32	588	372	2
R3940.contig33	586	253	10
R3940.contig34	575	80	0
R3940.contig35	571	1009	5
R3940.contig36	531	34	6
R3940.contig37	513	240	0
R3940.contig38	512	173	1
R3940.contig39	495	733	1
R3940.contig40	492	3535	11
R3940.contig41	480	948	7
R3940.contig42	454	2962	305
R3940.contig43	447	104	2
R3940.contig44	445	175	3
R3940.contig45	445	76	3
R3940.contig46	438	39	3
R3940.contig47	428	828	6
R3940.contig48	421	95	1
R3940.contig49	411	42	6
R3940.contig50	401	152	0
R3940.contig51	401	1987	28
R3940.contig52	380	30	2
R3940.contig53	380	20	6
R3940.contig54	372	120	7
R3940.contig55	368	161	0
R3940.contig56	354	3131	125
R3940.contig57	348	18	2
R3940.contig58	346	40	0
R3940.contig59	346	525	1
R3940.contig60	346	23	1
R3940.contig61	337	19	3
R3940.contig62	307	1294	8
R3940.contig63	304	20	6
*	0	0	113546
