R3331.contig1	1693	453	7
R3331.contig2	1563	23385	372
R3331.contig3	1347	90608	2223
R3331.contig4	1333	23475	918
R3331.contig5	1309	3966680	190414
R3331.contig6	1213	2407383	115817
R3331.contig7	1154	796	370
R3331.contig8	1125	1	1
R3331.contig9	1079	6527	1672
R3331.contig10	1063	503	28
R3331.contig11	1056	282	29
R3331.contig12	1035	1871	174
R3331.contig13	952	271	13
R3331.contig14	945	51	2
R3331.contig15	936	123	4
R3331.contig16	918	71687	24143
R3331.contig17	865	11859	5457
R3331.contig18	852	36	4
R3331.contig19	828	369	58
R3331.contig20	808	117136	24473
R3331.contig21	772	8	2
R3331.contig22	736	4074	2416
R3331.contig23	695	185110	30077
R3331.contig24	681	209	21
R3331.contig25	665	2117	1182
R3331.contig26	661	30121	10055
R3331.contig27	657	123	12
R3331.contig28	627	9001	1520
R3331.contig29	627	9418	1911
R3331.contig30	620	72	14
R3331.contig31	612	5215	953
R3331.contig32	612	0	0
R3331.contig33	611	0	0
R3331.contig34	602	131	84
R3331.contig35	597	2997	258
R3331.contig36	597	19013	5072
R3331.contig37	588	1156	122
R3331.contig38	583	1104	153
R3331.contig39	575	0	0
R3331.contig40	573	210010	50933
R3331.contig41	570	165152	13172
R3331.contig42	569	106	8
R3331.contig43	565	4	0
R3331.contig44	562	37589	4533
R3331.contig45	561	11153	5831
R3331.contig46	553	3082	659
R3331.contig47	551	2231	17
R3331.contig48	545	29	1
R3331.contig49	545	84	33
R3331.contig50	544	5862	750
R3331.contig51	540	20	2
R3331.contig52	539	2582	636
R3331.contig53	538	393	38
R3331.contig54	536	259293	43172
R3331.contig55	524	197	9
R3331.contig56	524	1393	545
R3331.contig57	521	0	0
R3331.contig58	517	225	2
R3331.contig59	515	789921	31053
R3331.contig60	514	48	8
R3331.contig61	509	0	0
R3331.contig62	502	45923	9709
R3331.contig63	501	15	3
R3331.contig64	501	834	14
R3331.contig65	500	161863	15636
R3331.contig66	497	119	6
R3331.contig67	497	43434	3896
R3331.contig68	497	5813	967
R3331.contig69	493	24332	966
R3331.contig70	493	58	2
R3331.contig71	483	181	6
R3331.contig72	482	27	1
R3331.contig73	481	494	3
R3331.contig74	481	751	240
R3331.contig75	475	307	97
R3331.contig76	473	213	14
R3331.contig77	460	5	0
R3331.contig78	457	6543	2150
R3331.contig79	456	0	0
R3331.contig80	454	9872	1238
R3331.contig81	452	24	2
R3331.contig82	451	0	0
R3331.contig83	428	0	0
R3331.contig84	427	131	4
R3331.contig85	418	151	10
R3331.contig86	409	134	9
R3331.contig87	409	0	0
R3331.contig88	406	66533	19162
R3331.contig89	402	292	10
R3331.contig90	400	0	0
R3331.contig91	396	210	8
R3331.contig92	392	51942	5385
R3331.contig93	390	83997	12691
R3331.contig94	386	0	0
R3331.contig95	385	0	0
R3331.contig96	382	0	0
R3331.contig97	381	115735	11647
R3331.contig98	375	0	0
R3331.contig99	373	50	0
R3331.contig100	372	0	0
R3331.contig101	369	0	0
R3331.contig102	369	10	2
R3331.contig103	362	244	19
R3331.contig104	359	180748	22391
R3331.contig105	358	55350	8442
R3331.contig106	357	23	1
R3331.contig107	350	1041	248
R3331.contig108	350	76	4
R3331.contig109	348	0	0
R3331.contig110	344	59293	5961
R3331.contig111	344	466	118
R3331.contig112	341	0	0
R3331.contig113	340	1	1
R3331.contig114	338	0	0
R3331.contig115	337	0	0
R3331.contig116	337	339	26
R3331.contig117	336	64756	14994
R3331.contig118	334	0	0
R3331.contig119	333	1674	169
R3331.contig120	332	20990	1348
R3331.contig121	331	1128	129
R3331.contig122	325	0	0
R3331.contig123	317	261	59
R3331.contig124	316	0	0
R3331.contig125	315	265024	36430
R3331.contig126	311	103	8
R3331.contig127	310	0	0
R3331.contig128	310	122	3
R3331.contig129	309	0	0
R3331.contig130	308	1072	229
R3331.contig131	308	34	0
R3331.contig132	302	162886	29626
*	0	0	16664218
