R3524.contig1	1812	55171	285
R3524.contig2	1791	288799	3670
R3524.contig3	1692	126483	2277
R3524.contig4	1570	65161	210
R3524.contig5	1496	5418	467
R3524.contig6	1447	449	3
R3524.contig7	1374	104773	2486
R3524.contig8	1360	105503	1500
R3524.contig9	1185	112236	2321
R3524.contig10	1173	129542	2024
R3524.contig11	1020	154556	10109
R3524.contig12	1002	17658	854
R3524.contig13	996	7282	148
R3524.contig14	995	626	2
R3524.contig15	994	4980	82
R3524.contig16	928	44040	1391
R3524.contig17	915	13164	1338
R3524.contig18	891	10004	77
R3524.contig19	890	103039	3408
R3524.contig20	887	99628	2691
R3524.contig21	869	102919	3444
R3524.contig22	861	33146	1073
R3524.contig23	789	2273	172
R3524.contig24	779	5990	236
R3524.contig25	776	53796	2308
R3524.contig26	731	76059	1624
R3524.contig27	729	1966	35
R3524.contig28	704	23282	834
R3524.contig29	684	9352	1732
R3524.contig30	676	39393	583
R3524.contig31	670	21556	1396
R3524.contig32	665	409	3
R3524.contig33	658	423	3
R3524.contig34	648	81944	2001
R3524.contig35	648	21086	2616
R3524.contig36	646	25593	1011
R3524.contig37	644	9905	25
R3524.contig38	639	108184	3295
R3524.contig39	633	16934	1859
R3524.contig40	631	32068	906
R3524.contig41	624	17365	970
R3524.contig42	624	14838	185
R3524.contig43	621	31619	1534
R3524.contig44	613	4260	367
R3524.contig45	613	1762	36
R3524.contig46	613	1091	43
R3524.contig47	599	1224	83
R3524.contig48	595	23468	2545
R3524.contig49	592	21741	243
R3524.contig50	583	32400	4636
R3524.contig51	583	87	3
R3524.contig52	582	372	7
R3524.contig53	581	16008	394
R3524.contig54	576	35057	7999
R3524.contig55	553	40685	539
R3524.contig56	548	31745	3599
R3524.contig57	541	109879	1654
R3524.contig58	539	1755	2
R3524.contig59	538	18500	1183
R3524.contig60	536	12262	234
R3524.contig61	532	1705	6
R3524.contig62	530	73690	8798
R3524.contig63	518	52390	751
R3524.contig64	515	1937	4
R3524.contig65	514	22990	1791
R3524.contig66	512	40264	1451
R3524.contig67	509	25368	4507
R3524.contig68	506	10365	1484
R3524.contig69	502	54525	1422
R3524.contig70	500	2304	46
R3524.contig71	491	2429	97
R3524.contig72	489	68861	2255
R3524.contig73	485	36822	673
R3524.contig74	484	121337	5663
R3524.contig75	473	62795	852
R3524.contig76	473	89589	2493
R3524.contig77	473	11195	773
R3524.contig78	471	1375	27
R3524.contig79	469	28471	1726
R3524.contig80	468	100674	1788
R3524.contig81	465	1639	112
R3524.contig82	464	37395	1050
R3524.contig83	462	11763	362
R3524.contig84	462	21072	174
R3524.contig85	460	1138	3
R3524.contig86	458	569	31
R3524.contig87	458	46	2
R3524.contig88	448	1576	138
R3524.contig89	446	2916	232
R3524.contig90	446	14	4
R3524.contig91	444	5955	162
R3524.contig92	441	6655	540
R3524.contig93	439	63319	1690
R3524.contig94	437	358	6
R3524.contig95	437	17808	767
R3524.contig96	435	25354	1314
R3524.contig97	433	36232	788
R3524.contig98	433	16840	842
R3524.contig99	433	5961	516
R3524.contig100	427	150397	2873
R3524.contig101	425	5881	312
R3524.contig102	424	149	1
R3524.contig103	417	44327	4512
R3524.contig104	415	400	15
R3524.contig105	412	11174	906
R3524.contig106	412	656	2
R3524.contig107	412	511	1
R3524.contig108	411	182915	2979
R3524.contig109	407	158	2
R3524.contig110	405	497	67
R3524.contig111	403	604	8
R3524.contig112	401	69551	4228
R3524.contig113	397	12	5
R3524.contig114	396	12954	283
R3524.contig115	396	65279	1839
R3524.contig116	390	31005	814
R3524.contig117	389	1086	19
R3524.contig118	388	494	67
R3524.contig119	386	1002	2
R3524.contig120	384	2104	37
R3524.contig121	384	4384	150
R3524.contig122	383	179	3
R3524.contig123	381	2048	251
R3524.contig124	380	38263	1993
R3524.contig125	372	11	1
R3524.contig126	372	58	0
R3524.contig127	370	13779	238
R3524.contig128	368	328	1
R3524.contig129	367	13632	437
R3524.contig130	365	34418	643
R3524.contig131	365	4670	277
R3524.contig132	365	30899	466
R3524.contig133	362	340	12
R3524.contig134	361	1413	76
R3524.contig135	360	8833	302
R3524.contig136	354	10369	373
R3524.contig137	354	16721	307
R3524.contig138	351	581	5
R3524.contig139	350	1822	25
R3524.contig140	346	335	15
R3524.contig141	344	9662	276
R3524.contig142	341	1751	168
R3524.contig143	340	420	0
R3524.contig144	340	600	133
R3524.contig145	333	147	1
R3524.contig146	333	22671	2213
R3524.contig147	331	3348	57
R3524.contig148	330	2345	106
R3524.contig149	327	3486	153
R3524.contig150	326	17905	1085
R3524.contig151	326	17263	574
R3524.contig152	324	16467	377
R3524.contig153	324	1777	143
R3524.contig154	323	5821	580
R3524.contig155	318	11785	581
R3524.contig156	317	5096	110
R3524.contig157	313	143599	3497
R3524.contig158	312	10661	565
R3524.contig159	308	146023	2988
R3524.contig160	303	28	0
R3524.contig161	302	54	0
R3524.contig162	302	3609	118
*	0	0	306734
