D3751.contig1	99415	1205302	41500
D3751.contig2	48837	57247	2453
D3751.contig3	43442	120901	4114
D3751.contig4	38635	270432	10815
D3751.contig5	35683	357736	7603
D3751.contig6	35597	43557	1784
D3751.contig7	35475	101276	3567
D3751.contig8	29975	270427	10959
D3751.contig9	27388	46746	1879
D3751.contig10	27361	18335	388
D3751.contig11	26836	25251	286
D3751.contig12	25810	27509	1080
D3751.contig13	21849	36166	1219
D3751.contig14	19618	150920	5516
D3751.contig15	19356	16339	607
D3751.contig16	19075	212878	8243
D3751.contig17	18927	122570	3138
D3751.contig18	18113	12023	359
D3751.contig19	17903	84911	1618
D3751.contig20	16812	21032	454
D3751.contig21	16399	30100	438
D3751.contig22	15980	6086	143
D3751.contig23	14364	26787	994
D3751.contig24	14149	3200	105
D3751.contig25	13341	3921	89
D3751.contig26	13276	26156	868
D3751.contig27	12957	11503	282
D3751.contig28	12820	2862	111
D3751.contig29	12768	3316	107
D3751.contig30	12708	3246	105
D3751.contig31	12284	6527	230
D3751.contig32	12252	2731	49
D3751.contig33	12204	3290	112
D3751.contig34	12133	13446	217
D3751.contig35	12049	3366	122
D3751.contig36	11799	11883	339
D3751.contig37	11754	5755	172
D3751.contig38	11744	24880	801
D3751.contig39	11731	2070	42
D3751.contig40	11307	20865	320
D3751.contig41	11026	3471	34
D3751.contig42	10912	8215	268
D3751.contig43	10716	1830	60
D3751.contig44	10526	24580	936
D3751.contig45	10278	6284	225
D3751.contig46	10187	2647	51
D3751.contig47	9779	15356	313
D3751.contig48	9757	66225	1264
D3751.contig49	9187	1916	70
D3751.contig50	9082	78694	2127
D3751.contig51	8814	2005	82
D3751.contig52	8776	2077	100
D3751.contig53	8765	4118	107
D3751.contig54	8495	2911	104
D3751.contig55	8475	12653	262
D3751.contig56	8463	2392	66
D3751.contig57	8208	1796	35
D3751.contig58	8207	1967	61
D3751.contig59	8039	2106	74
D3751.contig60	8006	4567	142
D3751.contig61	7917	2472	88
D3751.contig62	7805	1681	70
D3751.contig63	7655	2153	101
D3751.contig64	7606	1219	35
D3751.contig65	7593	3495	127
D3751.contig66	7570	1202	34
D3751.contig67	7502	1876	81
D3751.contig68	7494	1270	44
D3751.contig69	7431	2544	92
D3751.contig70	7125	1506	39
D3751.contig71	7100	2555	89
D3751.contig72	6970	1972	60
D3751.contig73	6958	1320	60
D3751.contig74	6950	1599	39
D3751.contig75	6937	1389	59
D3751.contig76	6923	1533	32
D3751.contig77	6814	852919	35036
D3751.contig78	6749	1034	17
D3751.contig79	6708	21596	819
D3751.contig80	6625	754	14
D3751.contig81	6534	2702	76
D3751.contig82	6372	4057	167
D3751.contig83	6293	847	36
D3751.contig84	6271	26806	966
D3751.contig85	6263	2474	77
D3751.contig86	6163	980	25
D3751.contig87	6112	2077124	191900
D3751.contig88	6039	1284	49
D3751.contig89	5953	680	21
D3751.contig90	5808	2373	77
D3751.contig91	5792	2913	82
D3751.contig92	5696	844	32
D3751.contig93	5616	711	29
D3751.contig94	5587	716	10
D3751.contig95	5565	906	15
D3751.contig96	5486	615	14
D3751.contig97	5486	845	39
D3751.contig98	5444	696	36
D3751.contig99	5419	1089	33
D3751.contig100	5394	519	16
D3751.contig101	5334	687	28
D3751.contig102	5316	779	34
D3751.contig103	5245	841	47
D3751.contig104	5158	752	11
D3751.contig105	5158	723	42
D3751.contig106	4989	447	16
D3751.contig107	4972	536	27
D3751.contig108	4925	1325	34
D3751.contig109	4913	875	27
D3751.contig110	4899	1055	37
D3751.contig111	4891	565	19
D3751.contig112	4877	349	5
D3751.contig113	4857	887	31
D3751.contig114	4840	854	32
D3751.contig115	4771	817069	32524
D3751.contig116	4719	715	15
D3751.contig117	4665	498	20
D3751.contig118	4643	645	22
D3751.contig119	4568	615	22
D3751.contig120	4515	2019	60
D3751.contig121	4490	514	26
D3751.contig122	4453	926	23
D3751.contig123	4399	930	24
D3751.contig124	4378	1387	37
D3751.contig125	4364	842	34
D3751.contig126	4356	516948	19289
D3751.contig127	4335	427	19
D3751.contig128	4277	381	25
D3751.contig129	4275	606	19
D3751.contig130	4238	1068	38
D3751.contig131	4233	957	55
D3751.contig132	4213	3189	117
D3751.contig133	4209	16947	761
D3751.contig134	4190	1703	42
D3751.contig135	4179	447	20
D3751.contig136	4121	1004	44
D3751.contig137	4104	1836	28
D3751.contig138	4097	1013	30
D3751.contig139	4088	762	47
D3751.contig140	4069	422	15
D3751.contig141	4032	43101	1734
D3751.contig142	3953	720	27
D3751.contig143	3911	398	19
D3751.contig144	3811	236	13
D3751.contig145	3798	340	22
D3751.contig146	3791	867	39
D3751.contig147	3702	318	25
D3751.contig148	3691	434	19
D3751.contig149	3690	85654	2005
D3751.contig150	3679	353	23
D3751.contig151	3670	431	14
D3751.contig152	3647	703	37
D3751.contig153	3606	323	13
D3751.contig154	3584	282	19
D3751.contig155	3576	791	37
D3751.contig156	3542	369	18
D3751.contig157	3540	395	16
D3751.contig158	3455	332	16
D3751.contig159	3446	268	11
D3751.contig160	3420	509	21
D3751.contig161	3369	1078	33
D3751.contig162	3317	408	22
D3751.contig163	3312	624	25
D3751.contig164	3213	571	20
D3751.contig165	3157	352	11
D3751.contig166	3147	321	18
D3751.contig167	3135	967	49
D3751.contig168	3132	47003	2162
D3751.contig169	3118	223	12
D3751.contig170	3116	412	22
D3751.contig171	3106	655	29
D3751.contig172	3100	341	13
D3751.contig173	3073	302	12
D3751.contig174	3057	469	16
D3751.contig175	3042	3132	43
D3751.contig176	3018	438	28
D3751.contig177	3015	253	15
D3751.contig178	3011	214	19
D3751.contig179	2982	456	14
D3751.contig180	2978	542	37
D3751.contig181	2930	311	21
D3751.contig182	2924	134764	4347
D3751.contig183	2923	362	11
D3751.contig184	2912	279	15
D3751.contig185	2910	476	30
D3751.contig186	2895	328	20
D3751.contig187	2884	398	15
D3751.contig188	2868	371	19
D3751.contig189	2858	188	12
D3751.contig190	2826	305	11
D3751.contig191	2819	292	17
D3751.contig192	2809	447	17
D3751.contig193	2806	440	26
D3751.contig194	2797	319	14
D3751.contig195	2765	325	6
D3751.contig196	2757	344	23
D3751.contig197	2756	196	12
D3751.contig198	2743	245	13
D3751.contig199	2741	1545	45
D3751.contig200	2729	209	20
D3751.contig201	2727	833	26
D3751.contig202	2702	568	33
D3751.contig203	2693	204	16
D3751.contig204	2692	368	14
D3751.contig205	2691	206	14
D3751.contig206	2634	263	9
D3751.contig207	2618	2177	112
D3751.contig208	2579	235	11
D3751.contig209	2577	264	13
D3751.contig210	2572	197	15
D3751.contig211	2571	261	16
D3751.contig212	2563	331	9
D3751.contig213	2551	7405	315
D3751.contig214	2550	164	12
D3751.contig215	2536	153	14
D3751.contig216	2501	1762	52
D3751.contig217	2498	252	9
D3751.contig218	2494	307	10
D3751.contig219	2491	211	13
D3751.contig220	2486	339	13
D3751.contig221	2475	272	20
D3751.contig222	2459	758	21
D3751.contig223	2453	549	15
D3751.contig224	2447	189	17
D3751.contig225	2432	306	16
D3751.contig226	2426	270	11
D3751.contig227	2414	346	11
D3751.contig228	2413	203	18
D3751.contig229	2408	243	11
D3751.contig230	2371	258	21
D3751.contig231	2366	340	20
D3751.contig232	2365	9778	335
D3751.contig233	2358	506	29
D3751.contig234	2342	358	19
D3751.contig235	2339	242	13
D3751.contig236	2333	213	9
D3751.contig237	2318	242	7
D3751.contig238	2288	180	12
D3751.contig239	2281	251	6
D3751.contig240	2274	151	14
D3751.contig241	2271	316	18
D3751.contig242	2265	160	6
D3751.contig243	2264	203	11
D3751.contig244	2259	307	17
D3751.contig245	2257	845	18
D3751.contig246	2230	224	10
D3751.contig247	2229	158	8
D3751.contig248	2227	162	9
D3751.contig249	2226	383	20
D3751.contig250	2214	143	9
D3751.contig251	2211	156	7
D3751.contig252	2203	440	15
D3751.contig253	2185	208	6
D3751.contig254	2181	246	17
D3751.contig255	2174	302	15
D3751.contig256	2174	265	16
D3751.contig257	2173	379	11
D3751.contig258	2169	18821	622
D3751.contig259	2165	179	10
D3751.contig260	2156	160	12
D3751.contig261	2154	227	12
D3751.contig262	2150	143	10
D3751.contig263	2149	197	20
D3751.contig264	2148	141	14
D3751.contig265	2139	150	14
D3751.contig266	2127	163	15
D3751.contig267	2122	3727	140
D3751.contig268	2114	157	12
D3751.contig269	2093	585	12
D3751.contig270	2086	192	14
D3751.contig271	2080	409	12
D3751.contig272	2080	146	4
D3751.contig273	2074	233	12
D3751.contig274	2065	177	13
D3751.contig275	2043	229	4
D3751.contig276	2041	210	14
D3751.contig277	2040	222	13
D3751.contig278	2022	193	10
D3751.contig279	2020	143	18
D3751.contig280	2018	151	6
D3751.contig281	2003	458	29
D3751.contig282	2001	15660	664
D3751.contig283	1981	275	12
D3751.contig284	1981	430	16
D3751.contig285	1978	431	15
D3751.contig286	1977	186	12
D3751.contig287	1970	97	7
D3751.contig288	1954	201	3
D3751.contig289	1943	181	11
D3751.contig290	1931	117	10
D3751.contig291	1929	215	7
D3751.contig292	1926	235	18
D3751.contig293	1910	144	11
D3751.contig294	1906	261	8
D3751.contig295	1889	130	17
D3751.contig296	1886	138	13
D3751.contig297	1884	495	12
D3751.contig298	1875	123	13
D3751.contig299	1867	161	8
D3751.contig300	1866	301	16
D3751.contig301	1865	279	9
D3751.contig302	1863	233	15
D3751.contig303	1840	810	20
D3751.contig304	1828	3422	162
D3751.contig305	1821	154	11
D3751.contig306	1818	117	9
D3751.contig307	1808	641	16
D3751.contig308	1806	173	16
D3751.contig309	1804	4195	39
D3751.contig310	1794	117	5
D3751.contig311	1787	129	7
D3751.contig312	1786	602	17
D3751.contig313	1783	145	9
D3751.contig314	1780	123	9
D3751.contig315	1778	180	6
D3751.contig316	1774	176	5
D3751.contig317	1773	291	11
D3751.contig318	1772	154	14
D3751.contig319	1767	387	24
D3751.contig320	1766	179	17
D3751.contig321	1759	207	10
D3751.contig322	1746	262	9
D3751.contig323	1745	134	6
D3751.contig324	1745	292	9
D3751.contig325	1742	102	9
D3751.contig326	1741	107	9
D3751.contig327	1740	136	8
D3751.contig328	1737	114	9
D3751.contig329	1721	164	12
D3751.contig330	1719	242	14
D3751.contig331	1714	58864	481
D3751.contig332	1699	104	7
D3751.contig333	1695	155	6
D3751.contig334	1693	237	10
D3751.contig335	1689	210	8
D3751.contig336	1680	218	16
D3751.contig337	1675	386	5
D3751.contig338	1671	152	12
D3751.contig339	1669	136	13
D3751.contig340	1667	140	20
D3751.contig341	1665	128	22
D3751.contig342	1662	557	23
D3751.contig343	1655	120	11
D3751.contig344	1648	196	10
D3751.contig345	1645	179	16
D3751.contig346	1640	74	12
D3751.contig347	1615	222	9
D3751.contig348	1609	75	8
D3751.contig349	1602	148	11
D3751.contig350	1601	310	15
D3751.contig351	1597	115	15
D3751.contig352	1577	85	13
D3751.contig353	1571	195	9
D3751.contig354	1570	124	5
D3751.contig355	1569	117	9
D3751.contig356	1557	160	7
D3751.contig357	1554	145	14
D3751.contig358	1553	111	8
D3751.contig359	1552	269	15
D3751.contig360	1550	143	9
D3751.contig361	1550	98	12
D3751.contig362	1550	90	9
D3751.contig363	1541	125	6
D3751.contig364	1539	256	23
D3751.contig365	1537	2512	173
D3751.contig366	1536	83	6
D3751.contig367	1525	126	11
D3751.contig368	1522	113	5
D3751.contig369	1512	131	6
D3751.contig370	1506	142	7
D3751.contig371	1502	101	12
D3751.contig372	1498	120	6
D3751.contig373	1495	137	16
D3751.contig374	1494	100	2
D3751.contig375	1490	93	3
D3751.contig376	1487	103	13
D3751.contig377	1484	128	8
D3751.contig378	1466	92	12
D3751.contig379	1465	119	7
D3751.contig380	1462	96	7
D3751.contig381	1451	154	10
D3751.contig382	1441	180	6
D3751.contig383	1432	105	9
D3751.contig384	1421	114	6
D3751.contig385	1419	106	11
D3751.contig386	1418	145	15
D3751.contig387	1413	109	4
D3751.contig388	1409	278	9
D3751.contig389	1407	140	8
D3751.contig390	1405	222	6
D3751.contig391	1402	108	12
D3751.contig392	1399	67	9
D3751.contig393	1388	126	12
D3751.contig394	1387	159	15
D3751.contig395	1378	48	8
D3751.contig396	1370	255	12
D3751.contig397	1366	68194	2960
D3751.contig398	1364	565	19
D3751.contig399	1363	90	5
D3751.contig400	1361	78	8
D3751.contig401	1354	82	13
D3751.contig402	1348	92	7
D3751.contig403	1348	137	16
D3751.contig404	1348	108	8
D3751.contig405	1347	115	6
D3751.contig406	1344	5907	281
D3751.contig407	1343	212	11
D3751.contig408	1339	75	5
D3751.contig409	1334	135	8
D3751.contig410	1334	86	8
D3751.contig411	1327	93	14
D3751.contig412	1324	342	16
D3751.contig413	1322	6103	177
D3751.contig414	1319	145	4
D3751.contig415	1316	103	9
D3751.contig416	1316	58	10
D3751.contig417	1313	162	14
D3751.contig418	1312	140	12
D3751.contig419	1310	125	4
D3751.contig420	1295	80	4
D3751.contig421	1293	131	2
D3751.contig422	1293	210	4
D3751.contig423	1289	71	11
D3751.contig424	1289	107	6
D3751.contig425	1288	112	5
D3751.contig426	1286	107	11
D3751.contig427	1280	168	7
D3751.contig428	1277	106	18
D3751.contig429	1273	102	3
D3751.contig430	1271	105	6
D3751.contig431	1267	126	16
D3751.contig432	1265	95	7
D3751.contig433	1259	96431	4080
D3751.contig434	1259	75	3
D3751.contig435	1254	215	8
D3751.contig436	1249	72	7
D3751.contig437	1246	58	7
D3751.contig438	1242	128	9
D3751.contig439	1239	66	7
D3751.contig440	1237	92	5
D3751.contig441	1237	106	14
D3751.contig442	1236	87	6
D3751.contig443	1231	126	9
D3751.contig444	1229	63	15
D3751.contig445	1228	92	6
D3751.contig446	1218	78	14
D3751.contig447	1216	144	15
D3751.contig448	1209	104	12
D3751.contig449	1209	74	3
D3751.contig450	1209	77	6
D3751.contig451	1196	47	17
D3751.contig452	1195	57	8
D3751.contig453	1195	78	3
D3751.contig454	1192	42	6
D3751.contig455	1188	89	7
D3751.contig456	1185	116	7
D3751.contig457	1182	71	15
D3751.contig458	1181	135	12
D3751.contig459	1177	79	11
D3751.contig460	1160	143	9
D3751.contig461	1160	30	6
D3751.contig462	1154	4248	182
D3751.contig463	1146	77	5
D3751.contig464	1145	50	7
D3751.contig465	1145	54	13
D3751.contig466	1143	100	3
D3751.contig467	1137	56	8
D3751.contig468	1136	59	9
D3751.contig469	1134	78	7
D3751.contig470	1132	382	13
D3751.contig471	1132	87	3
D3751.contig472	1131	82	14
D3751.contig473	1131	89	18
D3751.contig474	1130	95	8
D3751.contig475	1126	116	2
D3751.contig476	1124	63	3
D3751.contig477	1120	75	8
D3751.contig478	1117	61	7
D3751.contig479	1117	2175	87
D3751.contig480	1115	90	11
D3751.contig481	1112	76	13
D3751.contig482	1111	759	39
D3751.contig483	1111	59	5
D3751.contig484	1101	258	3
D3751.contig485	1095	58	2
D3751.contig486	1088	56	6
D3751.contig487	1086	65	8
D3751.contig488	1085	93	8
D3751.contig489	1084	104	10
D3751.contig490	1078	94	12
D3751.contig491	1077	5285	323
D3751.contig492	1073	98	15
D3751.contig493	1072	79	3
D3751.contig494	1072	69	11
D3751.contig495	1064	72	16
D3751.contig496	1063	50	7
D3751.contig497	1062	63	3
D3751.contig498	1058	66	9
D3751.contig499	1057	64	5
D3751.contig500	1056	232	9
D3751.contig501	1054	47	8
D3751.contig502	1053	53	4
D3751.contig503	1053	47	3
D3751.contig504	1052	63	10
D3751.contig505	1048	109	10
D3751.contig506	1045	58	6
D3751.contig507	1042	88	13
D3751.contig508	1040	133	8
D3751.contig509	1039	90	4
D3751.contig510	1038	110	7
D3751.contig511	1037	130	10
D3751.contig512	1036	61	11
D3751.contig513	1034	48	8
D3751.contig514	1032	54	4
D3751.contig515	1031	43	8
D3751.contig516	1031	56	9
D3751.contig517	1030	62	9
D3751.contig518	1029	78	10
D3751.contig519	1029	98	6
D3751.contig520	1028	92	5
D3751.contig521	1027	71	3
D3751.contig522	1025	70	7
D3751.contig523	1022	44	8
D3751.contig524	1018	64	6
D3751.contig525	1017	134	6
D3751.contig526	1017	24	4
D3751.contig527	1016	31	11
D3751.contig528	1014	52	4
D3751.contig529	1012	74	7
D3751.contig530	1010	72	5
D3751.contig531	1009	41	8
D3751.contig532	1008	307	18
D3751.contig533	1007	56	6
D3751.contig534	1006	122	10
D3751.contig535	1005	110	5
D3751.contig536	998	34	4
D3751.contig537	998	55	7
D3751.contig538	996	91	13
D3751.contig539	990	63	16
D3751.contig540	986	87	2
D3751.contig541	982	53	3
D3751.contig542	981	135	8
D3751.contig543	980	69	13
D3751.contig544	980	56	7
D3751.contig545	976	39	7
D3751.contig546	969	64	16
D3751.contig547	969	108	7
D3751.contig548	967	63	12
D3751.contig549	967	71	7
D3751.contig550	965	72	5
D3751.contig551	965	68	7
D3751.contig552	959	62	12
D3751.contig553	959	166	11
D3751.contig554	958	49	8
D3751.contig555	957	85	3
D3751.contig556	957	51	9
D3751.contig557	956	70	6
D3751.contig558	954	92	6
D3751.contig559	942	48	7
D3751.contig560	938	91	10
D3751.contig561	937	86	13
D3751.contig562	936	71	9
D3751.contig563	932	58	3
D3751.contig564	929	70	5
D3751.contig565	928	79	5
D3751.contig566	927	72	7
D3751.contig567	927	37	6
D3751.contig568	926	43	5
D3751.contig569	924	43	9
D3751.contig570	922	39	9
D3751.contig571	920	67	9
D3751.contig572	919	52	7
D3751.contig573	916	189	9
D3751.contig574	910	631	5
D3751.contig575	909	69	8
D3751.contig576	907	91	9
D3751.contig577	907	44	8
D3751.contig578	904	62	13
D3751.contig579	903	68	9
D3751.contig580	903	47	5
D3751.contig581	901	35	6
D3751.contig582	899	46	7
D3751.contig583	896	86	4
D3751.contig584	895	49	9
D3751.contig585	895	89	3
D3751.contig586	893	56	6
D3751.contig587	891	40	1
D3751.contig588	889	83	8
D3751.contig589	888	40	7
D3751.contig590	888	51	5
D3751.contig591	887	100	7
D3751.contig592	886	43	9
D3751.contig593	884	77	8
D3751.contig594	884	50	6
D3751.contig595	883	56	6
D3751.contig596	883	37	5
D3751.contig597	882	53	5
D3751.contig598	882	47	2
D3751.contig599	877	44	6
D3751.contig600	876	53	8
D3751.contig601	876	92	7
D3751.contig602	874	34	8
D3751.contig603	874	43	7
D3751.contig604	873	52	8
D3751.contig605	872	46	5
D3751.contig606	872	71	8
D3751.contig607	868	59	10
D3751.contig608	868	38	8
D3751.contig609	868	55	11
D3751.contig610	866	45	3
D3751.contig611	864	48	7
D3751.contig612	861	58	2
D3751.contig613	861	34	4
D3751.contig614	860	160	5
D3751.contig615	859	59	12
D3751.contig616	858	73	10
D3751.contig617	857	32	6
D3751.contig618	857	55	13
D3751.contig619	856	62	9
D3751.contig620	854	28	6
D3751.contig621	851	43	7
D3751.contig622	851	39	4
D3751.contig623	850	41	14
D3751.contig624	850	63	14
D3751.contig625	847	47	8
D3751.contig626	847	91	8
D3751.contig627	847	50	9
D3751.contig628	843	289	22
D3751.contig629	843	22	0
D3751.contig630	840	40963	2112
D3751.contig631	839	58	12
D3751.contig632	838	34	4
D3751.contig633	836	81	10
D3751.contig634	833	45	9
D3751.contig635	830	49	4
D3751.contig636	830	41	6
D3751.contig637	830	45	8
D3751.contig638	828	55	1
D3751.contig639	826	94	5
D3751.contig640	826	94	10
D3751.contig641	826	267	17
D3751.contig642	826	29	5
D3751.contig643	824	97	14
D3751.contig644	822	30	12
D3751.contig645	822	42	9
D3751.contig646	820	74	8
D3751.contig647	820	35	4
D3751.contig648	819	50	9
D3751.contig649	817	63	8
D3751.contig650	815	56	5
D3751.contig651	814	72	7
D3751.contig652	814	34	5
D3751.contig653	812	43	5
D3751.contig654	810	1937	80
D3751.contig655	807	27	4
D3751.contig656	807	39	7
D3751.contig657	804	46	12
D3751.contig658	802	44	7
D3751.contig659	801	50	10
D3751.contig660	800	31	6
D3751.contig661	799	18	15
D3751.contig662	797	32	10
D3751.contig663	796	26	3
D3751.contig664	796	46	4
D3751.contig665	792	157	9
D3751.contig666	790	74	5
D3751.contig667	789	50	5
D3751.contig668	788	28	6
D3751.contig669	786	21	7
D3751.contig670	784	29	4
D3751.contig671	784	43	9
D3751.contig672	782	33	8
D3751.contig673	781	58	5
D3751.contig674	781	37	5
D3751.contig675	780	31	13
D3751.contig676	780	23	12
D3751.contig677	779	47	6
D3751.contig678	777	40	1
D3751.contig679	777	73	14
D3751.contig680	777	37	6
D3751.contig681	776	37	7
D3751.contig682	776	274	11
D3751.contig683	776	39	6
D3751.contig684	775	4232	265
D3751.contig685	774	51	8
D3751.contig686	774	38	9
D3751.contig687	774	50	8
D3751.contig688	773	35	4
D3751.contig689	771	65	16
D3751.contig690	770	43	18
D3751.contig691	769	39	14
D3751.contig692	768	59	7
D3751.contig693	766	34	5
D3751.contig694	766	70	8
D3751.contig695	766	30	8
D3751.contig696	764	30	1
D3751.contig697	763	41	8
D3751.contig698	763	46	9
D3751.contig699	763	76	7
D3751.contig700	762	45	7
D3751.contig701	761	51	12
D3751.contig702	761	60	3
D3751.contig703	761	60	12
D3751.contig704	759	40	7
D3751.contig705	758	46	8
D3751.contig706	757	75	2
D3751.contig707	756	56	8
D3751.contig708	755	40	9
D3751.contig709	755	37	11
D3751.contig710	754	38	9
D3751.contig711	754	45	7
D3751.contig712	753	31	3
D3751.contig713	752	51	12
D3751.contig714	752	56	3
D3751.contig715	751	53	4
D3751.contig716	751	39	15
D3751.contig717	749	38	6
D3751.contig718	749	69	6
D3751.contig719	748	54	11
D3751.contig720	748	30	6
D3751.contig721	747	36	6
D3751.contig722	747	51	5
D3751.contig723	747	51	1
D3751.contig724	746	34	12
D3751.contig725	745	41	4
D3751.contig726	745	47	6
D3751.contig727	743	50	2
D3751.contig728	743	21	5
D3751.contig729	742	44	7
D3751.contig730	740	41	11
D3751.contig731	740	46	11
D3751.contig732	739	43	4
D3751.contig733	739	34	9
D3751.contig734	738	29	2
D3751.contig735	738	39	7
D3751.contig736	736	38	8
D3751.contig737	735	49	12
D3751.contig738	734	48	5
D3751.contig739	734	35	9
D3751.contig740	734	26	2
D3751.contig741	731	18	5
D3751.contig742	730	38	7
D3751.contig743	730	27	12
D3751.contig744	729	51	7
D3751.contig745	727	47	4
D3751.contig746	726	48	6
D3751.contig747	726	28	11
D3751.contig748	724	47	10
D3751.contig749	723	30	2
D3751.contig750	723	61	7
D3751.contig751	722	36	13
D3751.contig752	721	25	3
D3751.contig753	721	44	13
D3751.contig754	718	48	8
D3751.contig755	718	32	13
D3751.contig756	717	35	9
D3751.contig757	717	44	6
D3751.contig758	717	32	7
D3751.contig759	717	37	4
D3751.contig760	716	47	5
D3751.contig761	715	43	9
D3751.contig762	713	44	4
D3751.contig763	712	23	6
D3751.contig764	712	45	7
D3751.contig765	711	33	7
D3751.contig766	711	38	8
D3751.contig767	710	48	11
D3751.contig768	709	22	4
D3751.contig769	709	60	5
D3751.contig770	708	32	11
D3751.contig771	708	57	2
D3751.contig772	708	32	2
D3751.contig773	706	23	4
D3751.contig774	705	40	14
D3751.contig775	704	33	10
D3751.contig776	702	43	7
D3751.contig777	702	31	6
D3751.contig778	699	90	3
D3751.contig779	699	44	8
D3751.contig780	699	33	11
D3751.contig781	695	36	12
D3751.contig782	694	35	15
D3751.contig783	694	28	6
D3751.contig784	693	19	4
D3751.contig785	693	27	6
D3751.contig786	693	34	16
D3751.contig787	693	28	6
D3751.contig788	692	43	3
D3751.contig789	692	51	5
D3751.contig790	690	39	7
D3751.contig791	689	29	9
D3751.contig792	689	55	7
D3751.contig793	689	31	5
D3751.contig794	687	35	4
D3751.contig795	687	37	7
D3751.contig796	686	36	9
D3751.contig797	686	34	4
D3751.contig798	685	70	2
D3751.contig799	685	47	9
D3751.contig800	685	49	7
D3751.contig801	684	14	6
D3751.contig802	684	56	2
D3751.contig803	683	44	7
D3751.contig804	680	45	14
D3751.contig805	679	40	7
D3751.contig806	678	38	13
D3751.contig807	678	30	12
D3751.contig808	677	25	4
D3751.contig809	677	66	6
D3751.contig810	677	186	11
D3751.contig811	676	31	9
D3751.contig812	676	54	10
D3751.contig813	675	42	3
D3751.contig814	674	66	3
D3751.contig815	674	32	4
D3751.contig816	672	38	6
D3751.contig817	671	41	10
D3751.contig818	670	35	3
D3751.contig819	669	37	4
D3751.contig820	668	67	2
D3751.contig821	667	40	5
D3751.contig822	665	34	1
D3751.contig823	664	37	7
D3751.contig824	661	37	10
D3751.contig825	661	83	4
D3751.contig826	660	31	2
D3751.contig827	659	25	5
D3751.contig828	659	26	4
D3751.contig829	659	31	9
D3751.contig830	658	24622	240
D3751.contig831	658	30	8
D3751.contig832	658	43	12
D3751.contig833	657	50	18
D3751.contig834	656	24	9
D3751.contig835	656	58	2
D3751.contig836	655	16	11
D3751.contig837	655	38	2
D3751.contig838	653	18	5
D3751.contig839	653	30	8
D3751.contig840	653	18	3
D3751.contig841	652	35	5
D3751.contig842	651	31	8
D3751.contig843	651	45	8
D3751.contig844	651	31	8
D3751.contig845	650	34	5
D3751.contig846	649	20	10
D3751.contig847	649	5703	265
D3751.contig848	648	50	9
D3751.contig849	648	26	8
D3751.contig850	645	23	2
D3751.contig851	645	23	9
D3751.contig852	645	53	2
D3751.contig853	644	32	9
D3751.contig854	644	54	6
D3751.contig855	643	41	4
D3751.contig856	643	33	14
D3751.contig857	643	41	8
D3751.contig858	643	22	6
D3751.contig859	641	28	12
D3751.contig860	641	46	6
D3751.contig861	640	32	5
D3751.contig862	640	24	8
D3751.contig863	638	24	14
D3751.contig864	638	20	4
D3751.contig865	637	31	9
D3751.contig866	636	57	6
D3751.contig867	635	25	7
D3751.contig868	635	24	3
D3751.contig869	635	36	7
D3751.contig870	633	31	6
D3751.contig871	633	39	8
D3751.contig872	631	152	4
D3751.contig873	630	26	4
D3751.contig874	627	19	6
D3751.contig875	626	18	6
D3751.contig876	626	21	8
D3751.contig877	625	22	3
D3751.contig878	623	30	9
D3751.contig879	623	53	4
D3751.contig880	622	28	8
D3751.contig881	622	32	10
D3751.contig882	622	35	7
D3751.contig883	621	33	6
D3751.contig884	621	22	6
D3751.contig885	621	33	6
D3751.contig886	621	24	10
D3751.contig887	620	30	4
D3751.contig888	620	21	6
D3751.contig889	619	25	12
D3751.contig890	618	32	5
D3751.contig891	618	42	6
D3751.contig892	618	39	2
D3751.contig893	618	25	4
D3751.contig894	618	40	10
D3751.contig895	618	30	14
D3751.contig896	616	39	6
D3751.contig897	615	23	5
D3751.contig898	614	17	5
D3751.contig899	614	22	5
D3751.contig900	614	26	9
D3751.contig901	613	24	12
D3751.contig902	611	55	20
D3751.contig903	611	25	13
D3751.contig904	611	42	10
D3751.contig905	610	24	4
D3751.contig906	609	20	3
D3751.contig907	609	28	7
D3751.contig908	608	20	4
D3751.contig909	608	38	2
D3751.contig910	605	39	6
D3751.contig911	605	35	5
D3751.contig912	603	39	11
D3751.contig913	602	20	5
D3751.contig914	601	43	10
D3751.contig915	601	28	9
D3751.contig916	600	40	9
D3751.contig917	600	28	9
D3751.contig918	599	27	3
D3751.contig919	599	23	8
D3751.contig920	599	32	8
D3751.contig921	599	30	9
D3751.contig922	598	20	8
D3751.contig923	598	29	7
D3751.contig924	598	32	1
D3751.contig925	597	40	4
D3751.contig926	597	27	10
D3751.contig927	596	39	7
D3751.contig928	596	44	9
D3751.contig929	596	31	5
D3751.contig930	594	26	11
D3751.contig931	594	24	8
D3751.contig932	594	31	2
D3751.contig933	593	41	8
D3751.contig934	593	25	9
D3751.contig935	593	27	4
D3751.contig936	592	34	6
D3751.contig937	591	21	3
D3751.contig938	591	40	9
D3751.contig939	591	38	1
D3751.contig940	589	49	14
D3751.contig941	589	33	11
D3751.contig942	587	23	9
D3751.contig943	587	83	4
D3751.contig944	587	31	12
D3751.contig945	587	17	7
D3751.contig946	586	32	7
D3751.contig947	586	31	6
D3751.contig948	586	43	2
D3751.contig949	585	24	4
D3751.contig950	585	30	0
D3751.contig951	584	22	2
D3751.contig952	584	13	3
D3751.contig953	583	22	2
D3751.contig954	583	37	9
D3751.contig955	581	33	8
D3751.contig956	581	35	7
D3751.contig957	581	33	0
D3751.contig958	581	24	12
D3751.contig959	580	38	11
D3751.contig960	578	20	6
D3751.contig961	577	24	8
D3751.contig962	576	23	5
D3751.contig963	576	23	9
D3751.contig964	575	30	4
D3751.contig965	574	32	5
D3751.contig966	573	28	11
D3751.contig967	573	31	8
D3751.contig968	573	26	8
D3751.contig969	572	25	11
D3751.contig970	572	26	5
D3751.contig971	572	22	5
D3751.contig972	571	14	3
D3751.contig973	570	17	7
D3751.contig974	570	21	4
D3751.contig975	569	25	5
D3751.contig976	568	19	8
D3751.contig977	568	12	4
D3751.contig978	568	26	3
D3751.contig979	568	35	7
D3751.contig980	568	22	5
D3751.contig981	567	37	7
D3751.contig982	566	23	3
D3751.contig983	566	51	8
D3751.contig984	565	25	8
D3751.contig985	562	13	5
D3751.contig986	562	32	2
D3751.contig987	562	19	7
D3751.contig988	560	29	13
D3751.contig989	559	28	8
D3751.contig990	559	22	12
D3751.contig991	557	20	0
D3751.contig992	557	47	10
D3751.contig993	556	35	10
D3751.contig994	555	41	0
D3751.contig995	555	36	3
D3751.contig996	554	61	1
D3751.contig997	553	40	8
D3751.contig998	553	15	5
D3751.contig999	552	31	7
D3751.contig1000	551	28	10
D3751.contig1001	551	32	4
D3751.contig1002	551	20	7
D3751.contig1003	548	27	5
D3751.contig1004	548	25	4
D3751.contig1005	547	38	7
D3751.contig1006	547	22	7
D3751.contig1007	546	29	7
D3751.contig1008	546	29	7
D3751.contig1009	546	83	7
D3751.contig1010	545	17	3
D3751.contig1011	545	35	3
D3751.contig1012	545	18	2
D3751.contig1013	544	36	8
D3751.contig1014	544	27	7
D3751.contig1015	544	21	7
D3751.contig1016	542	82	5
D3751.contig1017	542	31	6
D3751.contig1018	542	15	1
D3751.contig1019	542	25	5
D3751.contig1020	541	68	8
D3751.contig1021	540	16	5
D3751.contig1022	540	41	0
D3751.contig1023	540	22	4
D3751.contig1024	539	44	7
D3751.contig1025	539	3903	197
D3751.contig1026	538	25	9
D3751.contig1027	538	16	5
D3751.contig1028	537	31	2
D3751.contig1029	537	17	7
D3751.contig1030	537	22	9
D3751.contig1031	537	20	10
D3751.contig1032	536	353	15
D3751.contig1033	536	25	7
D3751.contig1034	535	34	11
D3751.contig1035	535	31	4
D3751.contig1036	534	25	5
D3751.contig1037	534	332	10
D3751.contig1038	533	21	4
D3751.contig1039	533	29	5
D3751.contig1040	533	17	6
D3751.contig1041	532	18	4
D3751.contig1042	531	30	9
D3751.contig1043	531	23	2
D3751.contig1044	531	19	5
D3751.contig1045	530	22	0
D3751.contig1046	529	29	4
D3751.contig1047	528	20	12
D3751.contig1048	527	29	4
D3751.contig1049	527	23	7
D3751.contig1050	526	16	5
D3751.contig1051	525	29	9
D3751.contig1052	525	18	3
D3751.contig1053	525	38	6
D3751.contig1054	524	17	6
D3751.contig1055	524	11	8
D3751.contig1056	524	24	6
D3751.contig1057	524	16	8
D3751.contig1058	521	17	6
D3751.contig1059	521	17	7
D3751.contig1060	520	21	7
D3751.contig1061	520	43	3
D3751.contig1062	520	52	10
D3751.contig1063	520	31	11
D3751.contig1064	520	19	3
D3751.contig1065	518	24	13
D3751.contig1066	518	41	5
D3751.contig1067	518	24	5
D3751.contig1068	518	17	7
D3751.contig1069	518	17	6
D3751.contig1070	517	25	4
D3751.contig1071	516	18	6
D3751.contig1072	514	13	6
D3751.contig1073	514	46	4
D3751.contig1074	514	21	6
D3751.contig1075	514	20	8
D3751.contig1076	513	41	4
D3751.contig1077	513	19	4
D3751.contig1078	513	29	7
D3751.contig1079	513	24	3
D3751.contig1080	512	36	6
D3751.contig1081	512	14	6
D3751.contig1082	511	13	3
D3751.contig1083	511	21	7
D3751.contig1084	509	16	2
D3751.contig1085	509	44	11
D3751.contig1086	509	45	3
D3751.contig1087	508	17	8
D3751.contig1088	508	17	3
D3751.contig1089	507	19	5
D3751.contig1090	507	21	3
D3751.contig1091	506	27	4
D3751.contig1092	505	18	4
D3751.contig1093	504	33	3
D3751.contig1094	504	20	7
D3751.contig1095	503	24	7
D3751.contig1096	503	33	7
D3751.contig1097	502	30	10
D3751.contig1098	501	9	5
D3751.contig1099	501	27	5
D3751.contig1100	500	17	4
D3751.contig1101	500	14	8
D3751.contig1102	500	16	8
D3751.contig1103	500	18	10
D3751.contig1104	499	17	6
D3751.contig1105	498	22	8
D3751.contig1106	497	23	4
D3751.contig1107	497	12	8
D3751.contig1108	497	11	5
D3751.contig1109	497	18	6
D3751.contig1110	496	13	5
D3751.contig1111	496	24	9
D3751.contig1112	495	14	8
D3751.contig1113	494	21	9
D3751.contig1114	494	12	4
D3751.contig1115	493	13	5
D3751.contig1116	493	17	7
D3751.contig1117	492	17	6
D3751.contig1118	492	26	6
D3751.contig1119	491	32	2
D3751.contig1120	491	16	2
D3751.contig1121	490	22	8
D3751.contig1122	490	36	5
D3751.contig1123	490	25	2
D3751.contig1124	489	26	6
D3751.contig1125	488	19	9
D3751.contig1126	488	31	8
D3751.contig1127	488	17	12
D3751.contig1128	487	30	5
D3751.contig1129	487	13	1
D3751.contig1130	487	18	7
D3751.contig1131	487	28	5
D3751.contig1132	486	24	7
D3751.contig1133	486	18	2
D3751.contig1134	486	24	1
D3751.contig1135	485	10	2
D3751.contig1136	485	22	10
D3751.contig1137	484	9	5
D3751.contig1138	484	27	11
D3751.contig1139	484	19	8
D3751.contig1140	484	14	4
D3751.contig1141	484	23	7
D3751.contig1142	484	17	7
D3751.contig1143	482	8	4
D3751.contig1144	482	110	2
D3751.contig1145	482	15	6
D3751.contig1146	481	11	7
D3751.contig1147	481	12	5
D3751.contig1148	481	55	3
D3751.contig1149	480	21	3
D3751.contig1150	480	10	6
D3751.contig1151	480	18	6
D3751.contig1152	479	19	5
D3751.contig1153	479	13	3
D3751.contig1154	479	16	6
D3751.contig1155	478	24	3
D3751.contig1156	478	23	6
D3751.contig1157	477	30	2
D3751.contig1158	477	40	4
D3751.contig1159	477	14	6
D3751.contig1160	477	16	4
D3751.contig1161	477	16	8
D3751.contig1162	477	9	4
D3751.contig1163	476	31	6
D3751.contig1164	476	46	6
D3751.contig1165	476	18	3
D3751.contig1166	476	23	3
D3751.contig1167	475	163	5
D3751.contig1168	475	83	6
D3751.contig1169	475	15	11
D3751.contig1170	474	18	12
D3751.contig1171	474	22	3
D3751.contig1172	474	27	4
D3751.contig1173	474	24	1
D3751.contig1174	474	29	6
D3751.contig1175	473	21	13
D3751.contig1176	472	29	3
D3751.contig1177	472	9	4
D3751.contig1178	471	16	3
D3751.contig1179	471	19	6
D3751.contig1180	471	20	6
D3751.contig1181	471	17	11
D3751.contig1182	470	16	6
D3751.contig1183	470	27	3
D3751.contig1184	469	65	12
D3751.contig1185	469	25	12
D3751.contig1186	469	17	5
D3751.contig1187	469	15	4
D3751.contig1188	468	24	8
D3751.contig1189	468	26	2
D3751.contig1190	467	22	13
D3751.contig1191	467	15	7
D3751.contig1192	467	14	6
D3751.contig1193	467	17	3
D3751.contig1194	466	12	6
D3751.contig1195	466	33	6
D3751.contig1196	466	32	6
D3751.contig1197	466	30	3
D3751.contig1198	465	17	8
D3751.contig1199	465	36	6
D3751.contig1200	465	22	5
D3751.contig1201	465	31	7
D3751.contig1202	464	29	15
D3751.contig1203	464	17	8
D3751.contig1204	464	19	5
D3751.contig1205	463	29	3
D3751.contig1206	463	7	6
D3751.contig1207	463	22	7
D3751.contig1208	463	24	9
D3751.contig1209	462	20	5
D3751.contig1210	462	18	8
D3751.contig1211	462	13	3
D3751.contig1212	462	25	6
D3751.contig1213	462	11	5
D3751.contig1214	462	21	7
D3751.contig1215	461	15	5
D3751.contig1216	461	12	4
D3751.contig1217	460	39	3
D3751.contig1218	459	13	8
D3751.contig1219	459	38	10
D3751.contig1220	459	18	10
D3751.contig1221	459	13	5
D3751.contig1222	459	10	1
D3751.contig1223	459	15	3
D3751.contig1224	459	13	5
D3751.contig1225	458	10	4
D3751.contig1226	458	31	5
D3751.contig1227	458	30	4
D3751.contig1228	457	25	5
D3751.contig1229	457	14	1
D3751.contig1230	457	13	7
D3751.contig1231	456	28	5
D3751.contig1232	456	17	5
D3751.contig1233	455	11	3
D3751.contig1234	454	19	4
D3751.contig1235	454	15	5
D3751.contig1236	454	28	5
D3751.contig1237	454	15	7
D3751.contig1238	454	10	4
D3751.contig1239	453	18	5
D3751.contig1240	453	14	6
D3751.contig1241	452	13	7
D3751.contig1242	452	10	2
D3751.contig1243	452	18	4
D3751.contig1244	451	15	3
D3751.contig1245	451	15	3
D3751.contig1246	451	14	4
D3751.contig1247	451	16	6
D3751.contig1248	451	36	10
D3751.contig1249	451	18	2
D3751.contig1250	450	16	10
D3751.contig1251	450	15	6
D3751.contig1252	450	23	3
D3751.contig1253	450	26	6
D3751.contig1254	449	15	4
D3751.contig1255	449	14	6
D3751.contig1256	449	14	3
D3751.contig1257	449	6	4
D3751.contig1258	449	21	5
D3751.contig1259	448	19	1
D3751.contig1260	448	14	1
D3751.contig1261	447	18	4
D3751.contig1262	447	20	7
D3751.contig1263	447	16	6
D3751.contig1264	447	17	3
D3751.contig1265	447	17	7
D3751.contig1266	446	18	8
D3751.contig1267	446	1111	120
D3751.contig1268	446	14	4
D3751.contig1269	446	15	7
D3751.contig1270	446	29	10
D3751.contig1271	446	28	2
D3751.contig1272	446	27	4
D3751.contig1273	445	7	5
D3751.contig1274	444	19	11
D3751.contig1275	444	11	9
D3751.contig1276	444	16	6
D3751.contig1277	443	20	6
D3751.contig1278	443	14	8
D3751.contig1279	443	9	3
D3751.contig1280	442	20	4
D3751.contig1281	442	27	6
D3751.contig1282	442	16	4
D3751.contig1283	441	44	5
D3751.contig1284	441	10	8
D3751.contig1285	440	17	6
D3751.contig1286	440	18	3
D3751.contig1287	438	17	3
D3751.contig1288	438	19	3
D3751.contig1289	438	45	8
D3751.contig1290	438	18	5
D3751.contig1291	437	20	8
D3751.contig1292	437	25	1
D3751.contig1293	437	17	6
D3751.contig1294	437	17	5
D3751.contig1295	436	16	6
D3751.contig1296	436	28	0
D3751.contig1297	436	12	2
D3751.contig1298	434	27	6
D3751.contig1299	433	19	4
D3751.contig1300	433	15	5
D3751.contig1301	433	24	2
D3751.contig1302	433	20	4
D3751.contig1303	433	16	3
D3751.contig1304	432	28	1
D3751.contig1305	431	8	4
D3751.contig1306	431	45	2
D3751.contig1307	431	18	6
D3751.contig1308	431	9	3
D3751.contig1309	430	14	6
D3751.contig1310	430	16	4
D3751.contig1311	430	20	5
D3751.contig1312	430	34	2
D3751.contig1313	430	19	1
D3751.contig1314	429	15	4
D3751.contig1315	428	21	2
D3751.contig1316	428	15	4
D3751.contig1317	427	9	5
D3751.contig1318	427	27	7
D3751.contig1319	426	10	8
D3751.contig1320	426	19	5
D3751.contig1321	426	13	3
D3751.contig1322	426	26	5
D3751.contig1323	426	10	4
D3751.contig1324	426	18	4
D3751.contig1325	426	19	9
D3751.contig1326	426	15	3
D3751.contig1327	425	12	5
D3751.contig1328	425	19	1
D3751.contig1329	425	10	2
D3751.contig1330	425	132	7
D3751.contig1331	424	19	4
D3751.contig1332	424	19	6
D3751.contig1333	424	22	7
D3751.contig1334	424	27	4
D3751.contig1335	424	16	8
D3751.contig1336	423	32	6
D3751.contig1337	423	18	7
D3751.contig1338	423	14	7
D3751.contig1339	423	10	1
D3751.contig1340	423	8	4
D3751.contig1341	422	19	7
D3751.contig1342	422	21	11
D3751.contig1343	421	21	8
D3751.contig1344	421	8	2
D3751.contig1345	421	17	11
D3751.contig1346	421	6	4
D3751.contig1347	420	10	6
D3751.contig1348	420	25	5
D3751.contig1349	420	19	7
D3751.contig1350	420	31	9
D3751.contig1351	420	12	4
D3751.contig1352	419	17	5
D3751.contig1353	419	10	3
D3751.contig1354	419	11	5
D3751.contig1355	419	18	4
D3751.contig1356	419	14	4
D3751.contig1357	419	18	4
D3751.contig1358	419	17	4
D3751.contig1359	418	25	6
D3751.contig1360	418	13	3
D3751.contig1361	418	11	5
D3751.contig1362	418	17	2
D3751.contig1363	418	16	6
D3751.contig1364	417	17	9
D3751.contig1365	417	20	10
D3751.contig1366	417	16	6
D3751.contig1367	417	127	6
D3751.contig1368	416	21	1
D3751.contig1369	416	9	3
D3751.contig1370	416	16	9
D3751.contig1371	416	10	7
D3751.contig1372	416	24	3
D3751.contig1373	415	23	7
D3751.contig1374	415	9	9
D3751.contig1375	415	36	8
D3751.contig1376	415	16	7
D3751.contig1377	414	50	4
D3751.contig1378	414	16	2
D3751.contig1379	414	9	2
D3751.contig1380	414	11	3
D3751.contig1381	414	21	6
D3751.contig1382	414	9	5
D3751.contig1383	413	12	4
D3751.contig1384	413	11	9
D3751.contig1385	413	12	2
D3751.contig1386	413	12	6
D3751.contig1387	413	10	6
D3751.contig1388	413	14	4
D3751.contig1389	413	15	5
D3751.contig1390	412	7	5
D3751.contig1391	412	14	8
D3751.contig1392	412	18	10
D3751.contig1393	412	17	4
D3751.contig1394	412	12	6
D3751.contig1395	412	16	6
D3751.contig1396	411	16	6
D3751.contig1397	411	14	5
D3751.contig1398	411	11	5
D3751.contig1399	411	12	5
D3751.contig1400	411	7	3
D3751.contig1401	411	15	7
D3751.contig1402	410	13	3
D3751.contig1403	410	8	4
D3751.contig1404	410	16	6
D3751.contig1405	410	39	6
D3751.contig1406	409	11	4
D3751.contig1407	409	15	9
D3751.contig1408	409	22	0
D3751.contig1409	408	9	2
D3751.contig1410	408	26	9
D3751.contig1411	407	28	6
D3751.contig1412	407	13	7
D3751.contig1413	406	17	5
D3751.contig1414	406	21	5
D3751.contig1415	406	16	2
D3751.contig1416	406	13	8
D3751.contig1417	405	10	6
D3751.contig1418	405	13	5
D3751.contig1419	405	22	10
D3751.contig1420	404	16	1
D3751.contig1421	404	13	3
D3751.contig1422	404	16	5
D3751.contig1423	404	462	21
D3751.contig1424	403	19	5
D3751.contig1425	403	10	4
D3751.contig1426	403	11	4
D3751.contig1427	403	10	4
D3751.contig1428	403	9	5
D3751.contig1429	402	13	5
D3751.contig1430	402	9	7
D3751.contig1431	402	30	6
D3751.contig1432	402	20	2
D3751.contig1433	402	17	2
D3751.contig1434	402	10	8
D3751.contig1435	402	15	8
D3751.contig1436	402	8	1
D3751.contig1437	402	17	7
D3751.contig1438	401	12	7
D3751.contig1439	401	13	8
D3751.contig1440	401	24	5
D3751.contig1441	401	668	101
D3751.contig1442	401	10	5
D3751.contig1443	401	9	3
D3751.contig1444	400	10	4
D3751.contig1445	400	16	3
D3751.contig1446	400	18	2
D3751.contig1447	400	10	6
D3751.contig1448	400	14	8
D3751.contig1449	399	13	5
D3751.contig1450	399	22	9
D3751.contig1451	399	11	5
D3751.contig1452	398	13	9
D3751.contig1453	398	9	7
D3751.contig1454	398	15	9
D3751.contig1455	398	10	6
D3751.contig1456	398	21	11
D3751.contig1457	397	16	5
D3751.contig1458	397	11	5
D3751.contig1459	397	19	3
D3751.contig1460	396	8	8
D3751.contig1461	396	10	6
D3751.contig1462	396	13	8
D3751.contig1463	396	10	4
D3751.contig1464	396	18	7
D3751.contig1465	395	23	9
D3751.contig1466	395	8	4
D3751.contig1467	395	12	8
D3751.contig1468	395	12	6
D3751.contig1469	395	16	4
D3751.contig1470	394	15	4
D3751.contig1471	394	11	3
D3751.contig1472	394	13	3
D3751.contig1473	393	11	5
D3751.contig1474	393	14	2
D3751.contig1475	393	10	5
D3751.contig1476	392	11	9
D3751.contig1477	392	13	5
D3751.contig1478	392	17	6
D3751.contig1479	392	9	7
D3751.contig1480	392	23	14
D3751.contig1481	391	12	3
D3751.contig1482	391	17	4
D3751.contig1483	391	25	8
D3751.contig1484	391	14	8
D3751.contig1485	391	28	6
D3751.contig1486	391	14	2
D3751.contig1487	390	27	5
D3751.contig1488	390	26	4
D3751.contig1489	390	14	8
D3751.contig1490	389	13	4
D3751.contig1491	389	17	11
D3751.contig1492	389	20	4
D3751.contig1493	388	33	4
D3751.contig1494	388	12	8
D3751.contig1495	388	31	7
D3751.contig1496	388	16	8
D3751.contig1497	388	15	5
D3751.contig1498	387	7	0
D3751.contig1499	387	13	7
D3751.contig1500	387	13	4
D3751.contig1501	387	12	0
D3751.contig1502	387	12	4
D3751.contig1503	386	18	7
D3751.contig1504	386	16	4
D3751.contig1505	386	11	7
D3751.contig1506	386	8	4
D3751.contig1507	386	10	6
D3751.contig1508	386	19	3
D3751.contig1509	385	14	5
D3751.contig1510	385	16	11
D3751.contig1511	384	10	0
D3751.contig1512	384	10	3
D3751.contig1513	384	26	6
D3751.contig1514	383	16	2
D3751.contig1515	383	13	8
D3751.contig1516	383	13	13
D3751.contig1517	383	10	6
D3751.contig1518	383	10	4
D3751.contig1519	383	10	5
D3751.contig1520	383	16	6
D3751.contig1521	383	8	8
D3751.contig1522	383	14	5
D3751.contig1523	383	11	6
D3751.contig1524	382	16	9
D3751.contig1525	381	12	3
D3751.contig1526	381	11	5
D3751.contig1527	381	13	5
D3751.contig1528	381	27	3
D3751.contig1529	381	7	3
D3751.contig1530	381	13	3
D3751.contig1531	381	7	7
D3751.contig1532	380	9	3
D3751.contig1533	380	13	7
D3751.contig1534	380	8	2
D3751.contig1535	380	16	6
D3751.contig1536	380	23	5
D3751.contig1537	380	4	2
D3751.contig1538	380	19	1
D3751.contig1539	380	17	9
D3751.contig1540	380	10	8
D3751.contig1541	379	16	8
D3751.contig1542	379	14	6
D3751.contig1543	379	11	7
D3751.contig1544	378	10	2
D3751.contig1545	378	10	3
D3751.contig1546	378	12	7
D3751.contig1547	377	16	3
D3751.contig1548	376	22	1
D3751.contig1549	376	16	5
D3751.contig1550	376	20	1
D3751.contig1551	376	17	6
D3751.contig1552	376	6	6
D3751.contig1553	376	13	3
D3751.contig1554	376	13	9
D3751.contig1555	376	11	5
D3751.contig1556	376	15	5
D3751.contig1557	376	20	6
D3751.contig1558	376	10	6
D3751.contig1559	375	145	9
D3751.contig1560	375	14	5
D3751.contig1561	374	11	1
D3751.contig1562	374	16	4
D3751.contig1563	374	14	7
D3751.contig1564	374	28	8
D3751.contig1565	373	8	4
D3751.contig1566	372	11	3
D3751.contig1567	372	11	6
D3751.contig1568	371	27	2
D3751.contig1569	371	23	6
D3751.contig1570	371	5	5
D3751.contig1571	371	16	8
D3751.contig1572	371	13	5
D3751.contig1573	371	24	8
D3751.contig1574	371	17	8
D3751.contig1575	371	7	0
D3751.contig1576	371	15	5
D3751.contig1577	371	18	9
D3751.contig1578	371	12	6
D3751.contig1579	370	10	4
D3751.contig1580	370	9	5
D3751.contig1581	370	18	6
D3751.contig1582	370	11	3
D3751.contig1583	369	17	3
D3751.contig1584	369	8	2
D3751.contig1585	369	18	7
D3751.contig1586	369	15	9
D3751.contig1587	369	14	8
D3751.contig1588	368	13	2
D3751.contig1589	368	13	5
D3751.contig1590	367	4192	182
D3751.contig1591	367	11	5
D3751.contig1592	367	10	4
D3751.contig1593	367	18	6
D3751.contig1594	366	9	3
D3751.contig1595	366	10	6
D3751.contig1596	365	19	4
D3751.contig1597	365	12	5
D3751.contig1598	365	16	7
D3751.contig1599	365	15	4
D3751.contig1600	365	10	6
D3751.contig1601	365	14	5
D3751.contig1602	364	13	7
D3751.contig1603	364	6	2
D3751.contig1604	364	9	1
D3751.contig1605	363	7	5
D3751.contig1606	363	23	9
D3751.contig1607	363	11	3
D3751.contig1608	363	11	3
D3751.contig1609	363	337	15
D3751.contig1610	363	19	9
D3751.contig1611	363	18	5
D3751.contig1612	362	10	10
D3751.contig1613	362	13	11
D3751.contig1614	362	9	3
D3751.contig1615	362	27	5
D3751.contig1616	362	22	6
D3751.contig1617	361	14	5
D3751.contig1618	361	10	8
D3751.contig1619	360	14	7
D3751.contig1620	360	24	3
D3751.contig1621	360	11	2
D3751.contig1622	359	13	5
D3751.contig1623	358	42	4
D3751.contig1624	358	10	5
D3751.contig1625	358	12	9
D3751.contig1626	358	24	3
D3751.contig1627	358	12	3
D3751.contig1628	358	18	0
D3751.contig1629	358	9	9
D3751.contig1630	358	13	4
D3751.contig1631	357	19	2
D3751.contig1632	357	16	5
D3751.contig1633	357	15	11
D3751.contig1634	357	9	2
D3751.contig1635	357	11	2
D3751.contig1636	357	17	0
D3751.contig1637	357	14	4
D3751.contig1638	356	10	4
D3751.contig1639	355	14	10
D3751.contig1640	355	13	2
D3751.contig1641	355	17	5
D3751.contig1642	354	12	5
D3751.contig1643	354	12	5
D3751.contig1644	354	15	2
D3751.contig1645	354	19	9
D3751.contig1646	354	6	4
D3751.contig1647	354	8	4
D3751.contig1648	353	11	5
D3751.contig1649	353	11	6
D3751.contig1650	353	25	7
D3751.contig1651	352	12	4
D3751.contig1652	352	19	10
D3751.contig1653	352	5	5
D3751.contig1654	352	13	6
D3751.contig1655	352	6	2
D3751.contig1656	352	16	7
D3751.contig1657	352	10	2
D3751.contig1658	352	9	7
D3751.contig1659	351	20	2
D3751.contig1660	351	16	4
D3751.contig1661	351	6	4
D3751.contig1662	351	15	7
D3751.contig1663	350	12	10
D3751.contig1664	350	7	3
D3751.contig1665	350	10	2
D3751.contig1666	350	18	8
D3751.contig1667	349	16	4
D3751.contig1668	349	11	5
D3751.contig1669	349	14	3
D3751.contig1670	348	6	4
D3751.contig1671	348	9	9
D3751.contig1672	348	8	2
D3751.contig1673	348	19	5
D3751.contig1674	348	14	3
D3751.contig1675	348	31	5
D3751.contig1676	348	6	5
D3751.contig1677	348	12	4
D3751.contig1678	347	10	6
D3751.contig1679	347	15	6
D3751.contig1680	346	14	2
D3751.contig1681	346	12	3
D3751.contig1682	346	6	4
D3751.contig1683	346	77	1
D3751.contig1684	345	12	6
D3751.contig1685	345	13	6
D3751.contig1686	345	10	6
D3751.contig1687	345	8	4
D3751.contig1688	345	11	7
D3751.contig1689	345	16	5
D3751.contig1690	345	10	4
D3751.contig1691	345	11	7
D3751.contig1692	345	12	2
D3751.contig1693	344	14	4
D3751.contig1694	344	19	1
D3751.contig1695	344	19	6
D3751.contig1696	344	15	3
D3751.contig1697	344	10	6
D3751.contig1698	344	14	2
D3751.contig1699	344	12	2
D3751.contig1700	343	12	4
D3751.contig1701	343	19	4
D3751.contig1702	343	4	4
D3751.contig1703	343	10	8
D3751.contig1704	343	9	2
D3751.contig1705	343	16	4
D3751.contig1706	343	13	0
D3751.contig1707	343	10	3
D3751.contig1708	342	18	5
D3751.contig1709	342	8	4
D3751.contig1710	342	10	1
D3751.contig1711	342	9	5
D3751.contig1712	341	7	4
D3751.contig1713	341	11	8
D3751.contig1714	341	15	2
D3751.contig1715	341	8	6
D3751.contig1716	340	12	7
D3751.contig1717	340	12	4
D3751.contig1718	340	9	9
D3751.contig1719	340	10	0
D3751.contig1720	340	10	4
D3751.contig1721	340	6	4
D3751.contig1722	340	13	7
D3751.contig1723	340	6	4
D3751.contig1724	339	9	5
D3751.contig1725	339	5	5
D3751.contig1726	339	8	4
D3751.contig1727	339	14	4
D3751.contig1728	339	9	5
D3751.contig1729	339	18	4
D3751.contig1730	338	9	5
D3751.contig1731	338	479	28
D3751.contig1732	338	10	1
D3751.contig1733	337	17	8
D3751.contig1734	337	11	7
D3751.contig1735	337	20	4
D3751.contig1736	337	14	3
D3751.contig1737	337	19	8
D3751.contig1738	337	5	3
D3751.contig1739	336	22	3
D3751.contig1740	336	11	4
D3751.contig1741	336	8	3
D3751.contig1742	336	11	2
D3751.contig1743	336	10	6
D3751.contig1744	336	6	6
D3751.contig1745	336	11	7
D3751.contig1746	336	14	8
D3751.contig1747	336	10	1
D3751.contig1748	336	23	2
D3751.contig1749	336	12	8
D3751.contig1750	336	12	10
D3751.contig1751	336	12	5
D3751.contig1752	336	11	4
D3751.contig1753	335	12	10
D3751.contig1754	335	6	4
D3751.contig1755	335	20	3
D3751.contig1756	335	12	6
D3751.contig1757	335	17	9
D3751.contig1758	334	11	5
D3751.contig1759	334	2	2
D3751.contig1760	334	8	6
D3751.contig1761	334	15	9
D3751.contig1762	334	3	3
D3751.contig1763	334	10	8
D3751.contig1764	334	12	0
D3751.contig1765	334	15	3
D3751.contig1766	334	11	1
D3751.contig1767	333	13	2
D3751.contig1768	333	23	3
D3751.contig1769	333	21	0
D3751.contig1770	333	13	3
D3751.contig1771	333	14	6
D3751.contig1772	333	9	3
D3751.contig1773	332	12	8
D3751.contig1774	332	28	15
D3751.contig1775	332	13	0
D3751.contig1776	332	9	4
D3751.contig1777	332	7	7
D3751.contig1778	332	17	1
D3751.contig1779	332	7	5
D3751.contig1780	332	7	4
D3751.contig1781	332	13	9
D3751.contig1782	332	11	4
D3751.contig1783	331	8	3
D3751.contig1784	331	10	3
D3751.contig1785	331	16	4
D3751.contig1786	331	10	6
D3751.contig1787	331	10	6
D3751.contig1788	330	13	7
D3751.contig1789	330	8	6
D3751.contig1790	330	9	5
D3751.contig1791	330	7	5
D3751.contig1792	330	10	4
D3751.contig1793	330	3	2
D3751.contig1794	330	13	4
D3751.contig1795	330	7	5
D3751.contig1796	330	9	4
D3751.contig1797	330	12	3
D3751.contig1798	329	9	5
D3751.contig1799	329	17	4
D3751.contig1800	329	6	4
D3751.contig1801	329	20	5
D3751.contig1802	329	5	1
D3751.contig1803	329	10	5
D3751.contig1804	328	5	3
D3751.contig1805	328	13	6
D3751.contig1806	328	4	2
D3751.contig1807	328	11	7
D3751.contig1808	328	13	6
D3751.contig1809	328	12	4
D3751.contig1810	328	11	2
D3751.contig1811	327	26	10
D3751.contig1812	327	5	2
D3751.contig1813	327	8	3
D3751.contig1814	327	9	3
D3751.contig1815	326	11	4
D3751.contig1816	326	7	2
D3751.contig1817	326	24	5
D3751.contig1818	326	7	5
D3751.contig1819	325	29	7
D3751.contig1820	325	6	4
D3751.contig1821	325	17	6
D3751.contig1822	325	8	4
D3751.contig1823	324	11	7
D3751.contig1824	324	9	5
D3751.contig1825	324	7	5
D3751.contig1826	324	9	3
D3751.contig1827	324	16	5
D3751.contig1828	323	33	4
D3751.contig1829	323	9	3
D3751.contig1830	323	21	8
D3751.contig1831	323	9	7
D3751.contig1832	323	7	3
D3751.contig1833	323	9	6
D3751.contig1834	323	16	3
D3751.contig1835	323	11	4
D3751.contig1836	322	9	4
D3751.contig1837	322	11	9
D3751.contig1838	322	12	1
D3751.contig1839	322	12	10
D3751.contig1840	322	5	4
D3751.contig1841	322	10	2
D3751.contig1842	322	10	2
D3751.contig1843	322	30	4
D3751.contig1844	321	18	4
D3751.contig1845	321	7	3
D3751.contig1846	321	11	3
D3751.contig1847	321	5	4
D3751.contig1848	321	11	7
D3751.contig1849	321	9	5
D3751.contig1850	320	4	2
D3751.contig1851	320	15	2
D3751.contig1852	320	7	5
D3751.contig1853	320	9	2
D3751.contig1854	320	12	1
D3751.contig1855	319	19	7
D3751.contig1856	319	8	3
D3751.contig1857	319	6	4
D3751.contig1858	319	12	7
D3751.contig1859	319	12	8
D3751.contig1860	319	7	1
D3751.contig1861	318	4	2
D3751.contig1862	318	15	5
D3751.contig1863	318	16	7
D3751.contig1864	318	15	2
D3751.contig1865	318	7	5
D3751.contig1866	317	9	9
D3751.contig1867	317	13	5
D3751.contig1868	317	6	6
D3751.contig1869	317	9	2
D3751.contig1870	317	11	3
D3751.contig1871	316	8	4
D3751.contig1872	316	8	6
D3751.contig1873	316	11	5
D3751.contig1874	316	7	5
D3751.contig1875	316	14	4
D3751.contig1876	316	11	6
D3751.contig1877	316	6	3
D3751.contig1878	316	11	6
D3751.contig1879	315	12	2
D3751.contig1880	315	7	5
D3751.contig1881	315	7	3
D3751.contig1882	315	11	2
D3751.contig1883	315	14	5
D3751.contig1884	315	14	5
D3751.contig1885	315	7	5
D3751.contig1886	315	13	3
D3751.contig1887	315	11	7
D3751.contig1888	315	13	4
D3751.contig1889	315	7	3
D3751.contig1890	315	6	4
D3751.contig1891	314	9	7
D3751.contig1892	314	6	4
D3751.contig1893	314	9	9
D3751.contig1894	314	13	1
D3751.contig1895	314	12	1
D3751.contig1896	313	9	3
D3751.contig1897	313	6	4
D3751.contig1898	313	7	3
D3751.contig1899	313	11	5
D3751.contig1900	313	9	5
D3751.contig1901	313	16	4
D3751.contig1902	313	18	3
D3751.contig1903	313	2768	238
D3751.contig1904	312	9	5
D3751.contig1905	312	14	2
D3751.contig1906	312	18	5
D3751.contig1907	312	10	6
D3751.contig1908	311	5	3
D3751.contig1909	311	6	4
D3751.contig1910	311	10	6
D3751.contig1911	311	11	5
D3751.contig1912	311	9	5
D3751.contig1913	311	5	2
D3751.contig1914	311	13	4
D3751.contig1915	310	9	3
D3751.contig1916	310	11	3
D3751.contig1917	310	7	3
D3751.contig1918	310	7	2
D3751.contig1919	310	7	2
D3751.contig1920	310	12	7
D3751.contig1921	310	5	3
D3751.contig1922	309	9	5
D3751.contig1923	309	8	4
D3751.contig1924	309	6	4
D3751.contig1925	309	5	4
D3751.contig1926	309	9	6
D3751.contig1927	309	10	3
D3751.contig1928	308	16	8
D3751.contig1929	308	13	2
D3751.contig1930	308	11	5
D3751.contig1931	308	11	7
D3751.contig1932	308	7	1
D3751.contig1933	308	19	2
D3751.contig1934	308	16	11
D3751.contig1935	307	10	8
D3751.contig1936	306	6	2
D3751.contig1937	306	16	3
D3751.contig1938	306	10	4
D3751.contig1939	306	8	8
D3751.contig1940	306	11	5
D3751.contig1941	305	6	4
D3751.contig1942	305	18	5
D3751.contig1943	305	13	3
D3751.contig1944	305	12	4
D3751.contig1945	305	14	6
D3751.contig1946	305	4	4
D3751.contig1947	305	9	6
D3751.contig1948	305	7	5
D3751.contig1949	304	6	6
D3751.contig1950	304	13	3
D3751.contig1951	304	9	3
D3751.contig1952	304	8	7
D3751.contig1953	304	9	7
D3751.contig1954	303	11	6
D3751.contig1955	303	17	3
D3751.contig1956	303	10	1
D3751.contig1957	303	8	6
D3751.contig1958	302	13	3
D3751.contig1959	302	12	11
D3751.contig1960	302	8	4
D3751.contig1961	302	5	5
D3751.contig1962	302	4	4
D3751.contig1963	302	9	4
D3751.contig1964	302	11	1
D3751.contig1965	302	7	5
D3751.contig1966	302	9	5
D3751.contig1967	302	10	2
D3751.contig1968	301	12	5
D3751.contig1969	301	6	4
D3751.contig1970	301	7	7
D3751.contig1971	301	13	2
D3751.contig1972	301	11	5
D3751.contig1973	301	8	2
D3751.contig1974	301	8	4
D3751.contig1975	301	8	8
D3751.contig1976	301	28	4
D3751.contig1977	301	13	6
D3751.contig1978	301	14	2
D3751.contig1979	301	8	4
D3751.contig1980	300	10	6
D3751.contig1981	300	17	9
D3751.contig1982	300	9	3
D3751.contig1983	300	9	4
D3751.contig1984	300	6	2
D3751.contig1985	300	12	6
D3751.contig1986	300	11	5
*	0	0	145160
