D3764.contig1	73767	0	0
D3764.contig2	40917	28	11
D3764.contig3	40279	119	40
D3764.contig4	37178	18	8
D3764.contig5	33634	0	0
D3764.contig6	27326	1	1
D3764.contig7	25539	0	0
D3764.contig8	25318	0	0
D3764.contig9	23008	0	0
D3764.contig10	21562	0	0
D3764.contig11	20377	1	1
D3764.contig12	20168	0	0
D3764.contig13	18017	4	2
D3764.contig14	17876	718255	83866
D3764.contig15	17174	152	122
D3764.contig16	16210	11	3
D3764.contig17	15547	47079	35210
D3764.contig18	14797	35	7
D3764.contig19	14346	31872	26337
D3764.contig20	12941	0	0
D3764.contig21	12570	11632	1940
D3764.contig22	12489	213	151
D3764.contig23	11990	2	0
D3764.contig24	11778	45056	32882
D3764.contig25	11358	0	0
D3764.contig26	10970	0	0
D3764.contig27	10832	0	0
D3764.contig28	10527	0	0
D3764.contig29	10375	0	0
D3764.contig30	10029	0	0
D3764.contig31	9740	0	0
D3764.contig32	9187	2	0
D3764.contig33	8579	0	0
D3764.contig34	8550	0	0
D3764.contig35	7839	0	0
D3764.contig36	7809	0	0
D3764.contig37	7716	2	0
D3764.contig38	7691	0	0
D3764.contig39	7633	4	1
D3764.contig40	7581	0	0
D3764.contig41	7495	0	0
D3764.contig42	7357	35491	26691
D3764.contig43	7354	1495032	59276
D3764.contig44	7139	0	0
D3764.contig45	6946	0	0
D3764.contig46	6945	0	0
D3764.contig47	6489	0	0
D3764.contig48	6475	0	0
D3764.contig49	6283	6	1
D3764.contig50	6263	0	0
D3764.contig51	5977	0	0
D3764.contig52	5578	0	0
D3764.contig53	5469	0	0
D3764.contig54	5269	0	0
D3764.contig55	5232	0	0
D3764.contig56	5186	0	0
D3764.contig57	5050	0	0
D3764.contig58	4955	1	1
D3764.contig59	4788	13	11
D3764.contig60	4786	4444	2776
D3764.contig61	4783	0	0
D3764.contig62	4778	0	0
D3764.contig63	4708	0	0
D3764.contig64	4689	0	0
D3764.contig65	4624	0	0
D3764.contig66	4468	0	0
D3764.contig67	4419	1	1
D3764.contig68	4349	0	0
D3764.contig69	4270	12	3
D3764.contig70	4216	0	0
D3764.contig71	4204	0	0
D3764.contig72	4187	871	51
D3764.contig73	4174	0	0
D3764.contig74	4163	0	0
D3764.contig75	4151	0	0
D3764.contig76	4112	0	0
D3764.contig77	3988	0	0
D3764.contig78	3930	0	0
D3764.contig79	3868	1	1
D3764.contig80	3817	0	0
D3764.contig81	3685	0	0
D3764.contig82	3622	12	11
D3764.contig83	3570	5903	4536
D3764.contig84	3427	4350	2894
D3764.contig85	3395	0	0
D3764.contig86	3386	0	0
D3764.contig87	3317	0	0
D3764.contig88	3288	0	0
D3764.contig89	3282	21270	13125
D3764.contig90	3189	0	0
D3764.contig91	3172	0	0
D3764.contig92	3065	32	24
D3764.contig93	3058	0	0
D3764.contig94	3028	3	1
D3764.contig95	3026	0	0
D3764.contig96	2993	0	0
D3764.contig97	2906	0	0
D3764.contig98	2857	5754	4100
D3764.contig99	2848	0	0
D3764.contig100	2835	0	0
D3764.contig101	2726	0	0
D3764.contig102	2681	0	0
D3764.contig103	2652	10749	8447
D3764.contig104	2629	3461	2341
D3764.contig105	2626	0	0
D3764.contig106	2621	0	0
D3764.contig107	2591	0	0
D3764.contig108	2568	0	0
D3764.contig109	2544	0	0
D3764.contig110	2533	0	0
D3764.contig111	2483	0	0
D3764.contig112	2478	0	0
D3764.contig113	2410	0	0
D3764.contig114	2399	0	0
D3764.contig115	2393	0	0
D3764.contig116	2355	0	0
D3764.contig117	2329	25404	18487
D3764.contig118	2297	0	0
D3764.contig119	2260	0	0
D3764.contig120	2218	0	0
D3764.contig121	2214	0	0
D3764.contig122	2199	48	47
D3764.contig123	2184	0	0
D3764.contig124	2173	2386	1693
D3764.contig125	2164	0	0
D3764.contig126	2163	19	16
D3764.contig127	2148	0	0
D3764.contig128	2111	8	1
D3764.contig129	2108	0	0
D3764.contig130	2108	1	1
D3764.contig131	2107	2	0
D3764.contig132	2106	0	0
D3764.contig133	2101	0	0
D3764.contig134	2094	0	0
D3764.contig135	2090	0	0
D3764.contig136	2046	0	0
D3764.contig137	2033	0	0
D3764.contig138	2019	0	0
D3764.contig139	2014	0	0
D3764.contig140	1986	0	0
D3764.contig141	1936	0	0
D3764.contig142	1923	0	0
D3764.contig143	1885	0	0
D3764.contig144	1882	0	0
D3764.contig145	1864	0	0
D3764.contig146	1856	0	0
D3764.contig147	1772	0	0
D3764.contig148	1760	0	0
D3764.contig149	1748	0	0
D3764.contig150	1725	0	0
D3764.contig151	1718	1503	1162
D3764.contig152	1704	0	0
D3764.contig153	1700	0	0
D3764.contig154	1696	102	42
D3764.contig155	1679	1	1
D3764.contig156	1651	34	8
D3764.contig157	1634	0	0
D3764.contig158	1619	0	0
D3764.contig159	1603	0	0
D3764.contig160	1589	0	0
D3764.contig161	1581	11355	9123
D3764.contig162	1576	0	0
D3764.contig163	1567	0	0
D3764.contig164	1550	0	0
D3764.contig165	1544	0	0
D3764.contig166	1536	9	5
D3764.contig167	1523	0	0
D3764.contig168	1496	0	0
D3764.contig169	1489	0	0
D3764.contig170	1487	0	0
D3764.contig171	1458	0	0
D3764.contig172	1448	0	0
D3764.contig173	1441	19	16
D3764.contig174	1441	0	0
D3764.contig175	1438	0	0
D3764.contig176	1413	0	0
D3764.contig177	1403	0	0
D3764.contig178	1401	0	0
D3764.contig179	1401	0	0
D3764.contig180	1387	0	0
D3764.contig181	1379	70410	26806
D3764.contig182	1344	0	0
D3764.contig183	1341	0	0
D3764.contig184	1338	0	0
D3764.contig185	1330	0	0
D3764.contig186	1297	0	0
D3764.contig187	1294	0	0
D3764.contig188	1294	0	0
D3764.contig189	1284	0	0
D3764.contig190	1274	0	0
D3764.contig191	1264	0	0
D3764.contig192	1241	0	0
D3764.contig193	1240	0	0
D3764.contig194	1240	0	0
D3764.contig195	1234	0	0
D3764.contig196	1230	0	0
D3764.contig197	1228	0	0
D3764.contig198	1221	0	0
D3764.contig199	1216	0	0
D3764.contig200	1214	0	0
D3764.contig201	1198	0	0
D3764.contig202	1191	6259	4281
D3764.contig203	1188	0	0
D3764.contig204	1183	29	20
D3764.contig205	1168	0	0
D3764.contig206	1160	0	0
D3764.contig207	1146	0	0
D3764.contig208	1139	12	7
D3764.contig209	1131	0	0
D3764.contig210	1120	0	0
D3764.contig211	1111	0	0
D3764.contig212	1111	0	0
D3764.contig213	1110	0	0
D3764.contig214	1099	1	1
D3764.contig215	1097	0	0
D3764.contig216	1086	0	0
D3764.contig217	1085	0	0
D3764.contig218	1076	0	0
D3764.contig219	1070	0	0
D3764.contig220	1069	0	0
D3764.contig221	1064	0	0
D3764.contig222	1059	0	0
D3764.contig223	1049	0	0
D3764.contig224	1043	0	0
D3764.contig225	1043	0	0
D3764.contig226	1042	18	2
D3764.contig227	1023	6419	5133
D3764.contig228	1020	0	0
D3764.contig229	1018	0	0
D3764.contig230	1018	0	0
D3764.contig231	1011	0	0
D3764.contig232	1005	0	0
D3764.contig233	1004	0	0
D3764.contig234	1004	6112	5372
D3764.contig235	1002	0	0
D3764.contig236	997	0	0
D3764.contig237	987	0	0
D3764.contig238	981	0	0
D3764.contig239	981	0	0
D3764.contig240	979	0	0
D3764.contig241	978	3447	2116
D3764.contig242	969	0	0
D3764.contig243	964	0	0
D3764.contig244	964	2	0
D3764.contig245	960	0	0
D3764.contig246	956	0	0
D3764.contig247	955	4355	2001
D3764.contig248	949	0	0
D3764.contig249	945	0	0
D3764.contig250	944	0	0
D3764.contig251	943	246	51
D3764.contig252	939	16241	8155
D3764.contig253	935	0	0
D3764.contig254	929	0	0
D3764.contig255	924	2	0
D3764.contig256	924	7245	3785
D3764.contig257	921	160139	37278
D3764.contig258	921	0	0
D3764.contig259	917	0	0
D3764.contig260	910	0	0
D3764.contig261	908	0	0
D3764.contig262	908	0	0
D3764.contig263	907	0	0
D3764.contig264	905	0	0
D3764.contig265	905	0	0
D3764.contig266	903	0	0
D3764.contig267	885	0	0
D3764.contig268	878	0	0
D3764.contig269	877	0	0
D3764.contig270	872	4242	3529
D3764.contig271	867	0	0
D3764.contig272	864	0	0
D3764.contig273	860	0	0
D3764.contig274	859	0	0
D3764.contig275	855	9	3
D3764.contig276	854	0	0
D3764.contig277	851	0	0
D3764.contig278	848	0	0
D3764.contig279	847	0	0
D3764.contig280	845	0	0
D3764.contig281	845	0	0
D3764.contig282	844	0	0
D3764.contig283	842	0	0
D3764.contig284	841	0	0
D3764.contig285	839	0	0
D3764.contig286	836	0	0
D3764.contig287	836	0	0
D3764.contig288	835	0	0
D3764.contig289	833	0	0
D3764.contig290	814	0	0
D3764.contig291	809	0	0
D3764.contig292	804	0	0
D3764.contig293	802	0	0
D3764.contig294	800	0	0
D3764.contig295	799	0	0
D3764.contig296	797	0	0
D3764.contig297	788	0	0
D3764.contig298	788	0	0
D3764.contig299	784	0	0
D3764.contig300	783	0	0
D3764.contig301	779	0	0
D3764.contig302	779	0	0
D3764.contig303	775	0	0
D3764.contig304	772	0	0
D3764.contig305	769	0	0
D3764.contig306	765	0	0
D3764.contig307	764	0	0
D3764.contig308	762	0	0
D3764.contig309	761	0	0
D3764.contig310	759	0	0
D3764.contig311	758	0	0
D3764.contig312	757	0	0
D3764.contig313	756	17	13
D3764.contig314	752	0	0
D3764.contig315	751	0	0
D3764.contig316	750	993	226
D3764.contig317	749	0	0
D3764.contig318	749	0	0
D3764.contig319	744	0	0
D3764.contig320	737	0	0
D3764.contig321	737	0	0
D3764.contig322	733	0	0
D3764.contig323	733	0	0
D3764.contig324	728	0	0
D3764.contig325	727	0	0
D3764.contig326	720	464	117
D3764.contig327	720	0	0
D3764.contig328	719	0	0
D3764.contig329	718	0	0
D3764.contig330	709	0	0
D3764.contig331	708	0	0
D3764.contig332	706	0	0
D3764.contig333	704	0	0
D3764.contig334	704	0	0
D3764.contig335	701	0	0
D3764.contig336	698	1252	428
D3764.contig337	696	0	0
D3764.contig338	693	0	0
D3764.contig339	693	0	0
D3764.contig340	692	6	0
D3764.contig341	691	101	53
D3764.contig342	689	0	0
D3764.contig343	685	2	0
D3764.contig344	684	0	0
D3764.contig345	683	710	504
D3764.contig346	683	0	0
D3764.contig347	674	0	0
D3764.contig348	672	0	0
D3764.contig349	670	1699	1371
D3764.contig350	668	2173	1828
D3764.contig351	666	0	0
D3764.contig352	663	21448	9550
D3764.contig353	661	0	0
D3764.contig354	660	0	0
D3764.contig355	659	0	0
D3764.contig356	656	0	0
D3764.contig357	655	0	0
D3764.contig358	654	0	0
D3764.contig359	654	0	0
D3764.contig360	653	0	0
D3764.contig361	651	0	0
D3764.contig362	649	0	0
D3764.contig363	644	0	0
D3764.contig364	643	0	0
D3764.contig365	641	0	0
D3764.contig366	641	0	0
D3764.contig367	641	0	0
D3764.contig368	639	0	0
D3764.contig369	636	0	0
D3764.contig370	636	0	0
D3764.contig371	635	0	0
D3764.contig372	633	0	0
D3764.contig373	633	0	0
D3764.contig374	632	4	4
D3764.contig375	629	0	0
D3764.contig376	628	0	0
D3764.contig377	627	0	0
D3764.contig378	624	0	0
D3764.contig379	622	0	0
D3764.contig380	621	0	0
D3764.contig381	620	0	0
D3764.contig382	618	0	0
D3764.contig383	617	0	0
D3764.contig384	617	0	0
D3764.contig385	616	0	0
D3764.contig386	616	0	0
D3764.contig387	614	0	0
D3764.contig388	609	0	0
D3764.contig389	609	0	0
D3764.contig390	606	0	0
D3764.contig391	606	0	0
D3764.contig392	604	3023	1537
D3764.contig393	604	0	0
D3764.contig394	604	0	0
D3764.contig395	601	0	0
D3764.contig396	599	0	0
D3764.contig397	598	0	0
D3764.contig398	598	263	194
D3764.contig399	597	0	0
D3764.contig400	597	0	0
D3764.contig401	596	0	0
D3764.contig402	595	0	0
D3764.contig403	595	0	0
D3764.contig404	593	0	0
D3764.contig405	593	0	0
D3764.contig406	588	0	0
D3764.contig407	587	0	0
D3764.contig408	583	0	0
D3764.contig409	579	2	0
D3764.contig410	579	0	0
D3764.contig411	579	0	0
D3764.contig412	575	0	0
D3764.contig413	572	0	0
D3764.contig414	571	0	0
D3764.contig415	570	0	0
D3764.contig416	568	0	0
D3764.contig417	563	0	0
D3764.contig418	563	857	718
D3764.contig419	561	0	0
D3764.contig420	560	0	0
D3764.contig421	560	0	0
D3764.contig422	560	0	0
D3764.contig423	558	0	0
D3764.contig424	558	0	0
D3764.contig425	558	0	0
D3764.contig426	557	0	0
D3764.contig427	556	1	1
D3764.contig428	555	0	0
D3764.contig429	555	0	0
D3764.contig430	555	0	0
D3764.contig431	554	0	0
D3764.contig432	554	0	0
D3764.contig433	550	0	0
D3764.contig434	550	0	0
D3764.contig435	549	0	0
D3764.contig436	549	0	0
D3764.contig437	549	0	0
D3764.contig438	547	0	0
D3764.contig439	546	0	0
D3764.contig440	544	0	0
D3764.contig441	544	0	0
D3764.contig442	544	0	0
D3764.contig443	543	0	0
D3764.contig444	539	0	0
D3764.contig445	539	0	0
D3764.contig446	537	0	0
D3764.contig447	536	0	0
D3764.contig448	535	0	0
D3764.contig449	535	0	0
D3764.contig450	535	0	0
D3764.contig451	531	0	0
D3764.contig452	531	0	0
D3764.contig453	528	1003	261
D3764.contig454	527	9	7
D3764.contig455	527	0	0
D3764.contig456	521	0	0
D3764.contig457	519	9	1
D3764.contig458	518	0	0
D3764.contig459	511	5798	4877
D3764.contig460	511	0	0
D3764.contig461	510	0	0
D3764.contig462	510	0	0
D3764.contig463	508	0	0
D3764.contig464	506	0	0
D3764.contig465	506	0	0
D3764.contig466	506	0	0
D3764.contig467	505	0	0
D3764.contig468	505	0	0
D3764.contig469	504	0	0
D3764.contig470	504	0	0
D3764.contig471	504	0	0
D3764.contig472	503	0	0
D3764.contig473	502	0	0
D3764.contig474	502	0	0
D3764.contig475	502	0	0
D3764.contig476	502	0	0
D3764.contig477	501	0	0
D3764.contig478	501	0	0
D3764.contig479	501	0	0
D3764.contig480	501	0	0
D3764.contig481	499	0	0
D3764.contig482	499	0	0
D3764.contig483	497	0	0
D3764.contig484	496	0	0
D3764.contig485	496	0	0
D3764.contig486	495	0	0
D3764.contig487	493	0	0
D3764.contig488	493	410	301
D3764.contig489	492	0	0
D3764.contig490	492	0	0
D3764.contig491	491	0	0
D3764.contig492	489	0	0
D3764.contig493	489	0	0
D3764.contig494	487	0	0
D3764.contig495	485	0	0
D3764.contig496	485	0	0
D3764.contig497	483	0	0
D3764.contig498	482	0	0
D3764.contig499	482	0	0
D3764.contig500	480	0	0
D3764.contig501	479	0	0
D3764.contig502	479	3	0
D3764.contig503	477	0	0
D3764.contig504	473	0	0
D3764.contig505	473	0	0
D3764.contig506	472	1	1
D3764.contig507	472	0	0
D3764.contig508	471	0	0
D3764.contig509	471	0	0
D3764.contig510	469	0	0
D3764.contig511	468	0	0
D3764.contig512	467	0	0
D3764.contig513	466	0	0
D3764.contig514	466	0	0
D3764.contig515	465	0	0
D3764.contig516	464	0	0
D3764.contig517	461	0	0
D3764.contig518	460	0	0
D3764.contig519	458	0	0
D3764.contig520	458	1208	859
D3764.contig521	457	0	0
D3764.contig522	456	0	0
D3764.contig523	456	0	0
D3764.contig524	456	5	3
D3764.contig525	456	0	0
D3764.contig526	455	0	0
D3764.contig527	452	0	0
D3764.contig528	452	0	0
D3764.contig529	451	0	0
D3764.contig530	450	0	0
D3764.contig531	450	0	0
D3764.contig532	448	0	0
D3764.contig533	447	0	0
D3764.contig534	446	17	7
D3764.contig535	446	0	0
D3764.contig536	446	0	0
D3764.contig537	445	0	0
D3764.contig538	445	0	0
D3764.contig539	445	0	0
D3764.contig540	445	0	0
D3764.contig541	444	0	0
D3764.contig542	444	0	0
D3764.contig543	444	0	0
D3764.contig544	444	0	0
D3764.contig545	443	0	0
D3764.contig546	442	0	0
D3764.contig547	442	0	0
D3764.contig548	442	0	0
D3764.contig549	442	0	0
D3764.contig550	442	0	0
D3764.contig551	442	0	0
D3764.contig552	442	0	0
D3764.contig553	440	0	0
D3764.contig554	440	0	0
D3764.contig555	440	0	0
D3764.contig556	440	0	0
D3764.contig557	439	0	0
D3764.contig558	439	0	0
D3764.contig559	438	784	662
D3764.contig560	438	725	251
D3764.contig561	437	0	0
D3764.contig562	436	0	0
D3764.contig563	435	0	0
D3764.contig564	435	0	0
D3764.contig565	433	0	0
D3764.contig566	433	0	0
D3764.contig567	432	0	0
D3764.contig568	430	0	0
D3764.contig569	430	0	0
D3764.contig570	427	0	0
D3764.contig571	427	0	0
D3764.contig572	426	0	0
D3764.contig573	426	0	0
D3764.contig574	425	0	0
D3764.contig575	424	277	224
D3764.contig576	424	0	0
D3764.contig577	424	0	0
D3764.contig578	423	0	0
D3764.contig579	423	0	0
D3764.contig580	422	0	0
D3764.contig581	421	0	0
D3764.contig582	420	0	0
D3764.contig583	420	0	0
D3764.contig584	420	0	0
D3764.contig585	419	0	0
D3764.contig586	419	0	0
D3764.contig587	419	0	0
D3764.contig588	418	0	0
D3764.contig589	415	1	1
D3764.contig590	415	0	0
D3764.contig591	414	0	0
D3764.contig592	414	0	0
D3764.contig593	413	0	0
D3764.contig594	413	0	0
D3764.contig595	413	0	0
D3764.contig596	412	0	0
D3764.contig597	412	0	0
D3764.contig598	411	0	0
D3764.contig599	411	0	0
D3764.contig600	411	0	0
D3764.contig601	411	0	0
D3764.contig602	409	0	0
D3764.contig603	409	0	0
D3764.contig604	407	0	0
D3764.contig605	406	0	0
D3764.contig606	405	2	0
D3764.contig607	404	0	0
D3764.contig608	404	0	0
D3764.contig609	403	0	0
D3764.contig610	403	0	0
D3764.contig611	403	0	0
D3764.contig612	402	0	0
D3764.contig613	401	14	14
D3764.contig614	400	0	0
D3764.contig615	400	0	0
D3764.contig616	399	0	0
D3764.contig617	399	6	6
D3764.contig618	399	0	0
D3764.contig619	399	0	0
D3764.contig620	398	0	0
D3764.contig621	397	0	0
D3764.contig622	396	0	0
D3764.contig623	396	0	0
D3764.contig624	395	0	0
D3764.contig625	395	0	0
D3764.contig626	395	0	0
D3764.contig627	395	0	0
D3764.contig628	395	0	0
D3764.contig629	393	0	0
D3764.contig630	393	0	0
D3764.contig631	393	0	0
D3764.contig632	392	0	0
D3764.contig633	392	0	0
D3764.contig634	392	0	0
D3764.contig635	392	0	0
D3764.contig636	391	1	1
D3764.contig637	391	0	0
D3764.contig638	391	0	0
D3764.contig639	390	0	0
D3764.contig640	390	0	0
D3764.contig641	389	0	0
D3764.contig642	389	0	0
D3764.contig643	388	0	0
D3764.contig644	388	0	0
D3764.contig645	388	0	0
D3764.contig646	387	0	0
D3764.contig647	387	0	0
D3764.contig648	387	0	0
D3764.contig649	386	1760	1169
D3764.contig650	386	0	0
D3764.contig651	385	0	0
D3764.contig652	385	0	0
D3764.contig653	383	0	0
D3764.contig654	382	1	1
D3764.contig655	381	0	0
D3764.contig656	381	0	0
D3764.contig657	380	0	0
D3764.contig658	379	1540730	1058984
D3764.contig659	379	0	0
D3764.contig660	379	0	0
D3764.contig661	377	4	4
D3764.contig662	377	0	0
D3764.contig663	375	0	0
D3764.contig664	375	0	0
D3764.contig665	374	0	0
D3764.contig666	374	94	76
D3764.contig667	374	0	0
D3764.contig668	373	44	25
D3764.contig669	373	0	0
D3764.contig670	372	0	0
D3764.contig671	371	0	0
D3764.contig672	371	0	0
D3764.contig673	371	0	0
D3764.contig674	371	0	0
D3764.contig675	370	0	0
D3764.contig676	370	0	0
D3764.contig677	370	0	0
D3764.contig678	369	0	0
D3764.contig679	369	3	1
D3764.contig680	368	0	0
D3764.contig681	368	0	0
D3764.contig682	366	0	0
D3764.contig683	366	0	0
D3764.contig684	366	0	0
D3764.contig685	366	0	0
D3764.contig686	366	0	0
D3764.contig687	366	9	7
D3764.contig688	365	0	0
D3764.contig689	364	0	0
D3764.contig690	364	0	0
D3764.contig691	364	0	0
D3764.contig692	363	0	0
D3764.contig693	363	163	116
D3764.contig694	362	0	0
D3764.contig695	362	0	0
D3764.contig696	362	0	0
D3764.contig697	361	0	0
D3764.contig698	361	0	0
D3764.contig699	360	0	0
D3764.contig700	360	0	0
D3764.contig701	359	0	0
D3764.contig702	358	0	0
D3764.contig703	356	1	1
D3764.contig704	356	0	0
D3764.contig705	356	0	0
D3764.contig706	355	0	0
D3764.contig707	354	0	0
D3764.contig708	353	0	0
D3764.contig709	353	233	185
D3764.contig710	353	0	0
D3764.contig711	353	0	0
D3764.contig712	352	0	0
D3764.contig713	351	0	0
D3764.contig714	350	0	0
D3764.contig715	350	0	0
D3764.contig716	349	0	0
D3764.contig717	349	53	53
D3764.contig718	349	0	0
D3764.contig719	349	0	0
D3764.contig720	348	0	0
D3764.contig721	348	0	0
D3764.contig722	348	0	0
D3764.contig723	348	0	0
D3764.contig724	347	0	0
D3764.contig725	347	0	0
D3764.contig726	346	0	0
D3764.contig727	346	0	0
D3764.contig728	346	0	0
D3764.contig729	344	0	0
D3764.contig730	344	0	0
D3764.contig731	344	0	0
D3764.contig732	343	0	0
D3764.contig733	342	0	0
D3764.contig734	342	230	182
D3764.contig735	341	0	0
D3764.contig736	341	0	0
D3764.contig737	340	0	0
D3764.contig738	340	0	0
D3764.contig739	339	0	0
D3764.contig740	338	0	0
D3764.contig741	337	0	0
D3764.contig742	337	0	0
D3764.contig743	336	523	301
D3764.contig744	336	0	0
D3764.contig745	335	0	0
D3764.contig746	335	0	0
D3764.contig747	334	0	0
D3764.contig748	334	0	0
D3764.contig749	334	0	0
D3764.contig750	333	0	0
D3764.contig751	332	0	0
D3764.contig752	331	0	0
D3764.contig753	331	0	0
D3764.contig754	330	0	0
D3764.contig755	330	0	0
D3764.contig756	329	0	0
D3764.contig757	329	0	0
D3764.contig758	329	0	0
D3764.contig759	329	0	0
D3764.contig760	329	0	0
D3764.contig761	328	0	0
D3764.contig762	328	0	0
D3764.contig763	328	0	0
D3764.contig764	327	0	0
D3764.contig765	327	0	0
D3764.contig766	326	0	0
D3764.contig767	326	0	0
D3764.contig768	326	0	0
D3764.contig769	325	0	0
D3764.contig770	325	0	0
D3764.contig771	324	0	0
D3764.contig772	324	0	0
D3764.contig773	323	0	0
D3764.contig774	323	0	0
D3764.contig775	323	0	0
D3764.contig776	323	0	0
D3764.contig777	322	0	0
D3764.contig778	322	0	0
D3764.contig779	322	0	0
D3764.contig780	322	0	0
D3764.contig781	322	0	0
D3764.contig782	321	0	0
D3764.contig783	321	0	0
D3764.contig784	321	8	2
D3764.contig785	320	0	0
D3764.contig786	320	240	186
D3764.contig787	320	0	0
D3764.contig788	319	0	0
D3764.contig789	319	0	0
D3764.contig790	319	0	0
D3764.contig791	318	0	0
D3764.contig792	318	0	0
D3764.contig793	317	0	0
D3764.contig794	317	0	0
D3764.contig795	316	0	0
D3764.contig796	316	0	0
D3764.contig797	316	0	0
D3764.contig798	315	0	0
D3764.contig799	315	0	0
D3764.contig800	314	0	0
D3764.contig801	313	0	0
D3764.contig802	312	0	0
D3764.contig803	311	0	0
D3764.contig804	311	0	0
D3764.contig805	311	0	0
D3764.contig806	310	0	0
D3764.contig807	310	0	0
D3764.contig808	310	0	0
D3764.contig809	309	0	0
D3764.contig810	308	1105	727
D3764.contig811	308	0	0
D3764.contig812	308	3	3
D3764.contig813	308	0	0
D3764.contig814	307	0	0
D3764.contig815	307	0	0
D3764.contig816	307	0	0
D3764.contig817	307	0	0
D3764.contig818	307	0	0
D3764.contig819	306	0	0
D3764.contig820	306	0	0
D3764.contig821	306	0	0
D3764.contig822	306	0	0
D3764.contig823	305	0	0
D3764.contig824	305	0	0
D3764.contig825	305	0	0
D3764.contig826	304	0	0
D3764.contig827	304	0	0
D3764.contig828	303	14	12
D3764.contig829	303	6	4
D3764.contig830	303	0	0
D3764.contig831	303	0	0
D3764.contig832	303	0	0
D3764.contig833	303	0	0
D3764.contig834	303	0	0
D3764.contig835	303	1138	838
D3764.contig836	303	47	38
D3764.contig837	303	0	0
D3764.contig838	302	0	0
D3764.contig839	302	0	0
D3764.contig840	301	0	0
D3764.contig841	301	0	0
D3764.contig842	301	0	0
D3764.contig843	300	0	0
D3764.contig844	300	0	0
D3764.contig845	300	0	0
D3764.contig846	300	5	3
D3764.contig847	300	0	0
D3764.contig848	300	0	0
D3764.contig849	300	0	0
*	0	0	94474754
