D3594.contig1	86815	174035	4095
D3594.contig2	61672	4160613	136691
D3594.contig3	56897	73657	1687
D3594.contig4	42781	1024058	26285
D3594.contig5	37448	17789	388
D3594.contig6	32763	2064445	64440
D3594.contig7	30772	321700	7966
D3594.contig8	19129	638433	17592
D3594.contig9	16557	2522	50
D3594.contig10	15801	516248	12743
D3594.contig11	15484	2407	71
D3594.contig12	15349	281076	7663
D3594.contig13	14829	3739	85
D3594.contig14	13849	186550	3829
D3594.contig15	12960	5196	151
D3594.contig16	11844	1361	38
D3594.contig17	11764	34240	735
D3594.contig18	11364	3468	115
D3594.contig19	11209	1775	44
D3594.contig20	10775	1511	44
D3594.contig21	10492	2207	75
D3594.contig22	9968	1371	32
D3594.contig23	9827	2137	67
D3594.contig24	9419	2277	74
D3594.contig25	9271	2116	33
D3594.contig26	9080	17187	358
D3594.contig27	8364	925	22
D3594.contig28	8186	937	35
D3594.contig29	8063	1042	16
D3594.contig30	7687	1233	29
D3594.contig31	7260	980	22
D3594.contig32	7136	1249	56
D3594.contig33	7043	1801	52
D3594.contig34	6901	1956	51
D3594.contig35	6804	2292	72
D3594.contig36	6614	16250	236
D3594.contig37	6524	22889	355
D3594.contig38	6488	828	25
D3594.contig39	6453	686	30
D3594.contig40	6411	44892	588
D3594.contig41	6407	3829	90
D3594.contig42	6334	707	20
D3594.contig43	6285	39215	773
D3594.contig44	6270	785	23
D3594.contig45	6246	6125	79
D3594.contig46	6208	912	18
D3594.contig47	6132	3854	76
D3594.contig48	6128	1083	23
D3594.contig49	6013	673	20
D3594.contig50	5995	791	30
D3594.contig51	5977	520	23
D3594.contig52	5967	2837	33
D3594.contig53	5933	1457	35
D3594.contig54	5913	964	34
D3594.contig55	5908	2818	72
D3594.contig56	5888	8296	90
D3594.contig57	5788	12877	155
D3594.contig58	5775	3484	211
D3594.contig59	5768	979	43
D3594.contig60	5766	2214	55
D3594.contig61	5725	705	17
D3594.contig62	5648	858	24
D3594.contig63	5622	856	32
D3594.contig64	5490	475	19
D3594.contig65	5484	22358	487
D3594.contig66	5438	659	24
D3594.contig67	5416	993	37
D3594.contig68	5412	1693	76
D3594.contig69	5408	55710	1248
D3594.contig70	5372	771	20
D3594.contig71	5356	3263	76
D3594.contig72	5338	2123	44
D3594.contig73	5201	773	36
D3594.contig74	5170	8352	132
D3594.contig75	5090	239729	3837
D3594.contig76	5043	669	26
D3594.contig77	4990	526	19
D3594.contig78	4919	591	34
D3594.contig79	4864	15122	265
D3594.contig80	4816	445	18
D3594.contig81	4767	1153	69
D3594.contig82	4661	373	15
D3594.contig83	4574	574	17
D3594.contig84	4515	248	7
D3594.contig85	4480	537	26
D3594.contig86	4473	525	14
D3594.contig87	4434	556	17
D3594.contig88	4409	2444	77
D3594.contig89	4357	403	13
D3594.contig90	4339	506	17
D3594.contig91	4290	513	27
D3594.contig92	4280	396	12
D3594.contig93	4271	490	14
D3594.contig94	4266	2424	58
D3594.contig95	4078	393	12
D3594.contig96	4071	394	15
D3594.contig97	4046	558	23
D3594.contig98	4021	307	16
D3594.contig99	4005	397	11
D3594.contig100	3979	343	13
D3594.contig101	3970	459	15
D3594.contig102	3960	540	19
D3594.contig103	3891	868	17
D3594.contig104	3887	637	25
D3594.contig105	3850	675	26
D3594.contig106	3833	406	15
D3594.contig107	3832	737	30
D3594.contig108	3814	479	20
D3594.contig109	3806	247	18
D3594.contig110	3790	402	15
D3594.contig111	3740	454	15
D3594.contig112	3740	382	30
D3594.contig113	3737	533	27
D3594.contig114	3689	240	3
D3594.contig115	3684	331	14
D3594.contig116	3642	430	25
D3594.contig117	3639	440	14
D3594.contig118	3619	440	17
D3594.contig119	3588	400	28
D3594.contig120	3569	3221	33
D3594.contig121	3564	797	33
D3594.contig122	3450	397	25
D3594.contig123	3447	389	21
D3594.contig124	3444	1540	44
D3594.contig125	3441	343	13
D3594.contig126	3429	368	9
D3594.contig127	3420	320	10
D3594.contig128	3414	841	23
D3594.contig129	3411	799	16
D3594.contig130	3386	346	15
D3594.contig131	3374	270	20
D3594.contig132	3336	548	19
D3594.contig133	3313	266	14
D3594.contig134	3302	364	14
D3594.contig135	3284	287	21
D3594.contig136	3248	424	17
D3594.contig137	3243	261	14
D3594.contig138	3183	189	8
D3594.contig139	3167	224	24
D3594.contig140	3130	317	17
D3594.contig141	3103	7075	122
D3594.contig142	3085	319	16
D3594.contig143	3039	290	8
D3594.contig144	3025	1349	49
D3594.contig145	3009	242	10
D3594.contig146	2977	8591	149
D3594.contig147	2969	953	39
D3594.contig148	2961	264	17
D3594.contig149	2926	324	7
D3594.contig150	2924	241	12
D3594.contig151	2922	375	14
D3594.contig152	2908	606	18
D3594.contig153	2898	244	15
D3594.contig154	2890	1290	30
D3594.contig155	2888	351	15
D3594.contig156	2836	48390	869
D3594.contig157	2817	404	16
D3594.contig158	2801	384	18
D3594.contig159	2791	374	13
D3594.contig160	2774	375	13
D3594.contig161	2771	297	7
D3594.contig162	2697	296	10
D3594.contig163	2696	665	18
D3594.contig164	2680	170	11
D3594.contig165	2678	240	14
D3594.contig166	2674	258	9
D3594.contig167	2671	686	15
D3594.contig168	2657	226	12
D3594.contig169	2655	244	18
D3594.contig170	2636	256	26
D3594.contig171	2636	1710	23
D3594.contig172	2629	271	19
D3594.contig173	2608	173	10
D3594.contig174	2590	149	8
D3594.contig175	2586	129	8
D3594.contig176	2586	182	2
D3594.contig177	2583	257	14
D3594.contig178	2558	256	18
D3594.contig179	2554	202	12
D3594.contig180	2545	240	11
D3594.contig181	2542	657	18
D3594.contig182	2542	183	15
D3594.contig183	2524	235	8
D3594.contig184	2511	370	5
D3594.contig185	2493	178	13
D3594.contig186	2486	404	27
D3594.contig187	2486	237	8
D3594.contig188	2478	383	12
D3594.contig189	2478	329	10
D3594.contig190	2475	335	18
D3594.contig191	2468	202	9
D3594.contig192	2466	253	10
D3594.contig193	2461	1876	15
D3594.contig194	2460	173	11
D3594.contig195	2445	204	8
D3594.contig196	2422	249	12
D3594.contig197	2393	165	8
D3594.contig198	2392	174	9
D3594.contig199	2383	227	9
D3594.contig200	2373	222	18
D3594.contig201	2345	168	11
D3594.contig202	2342	226	20
D3594.contig203	2335	306	10
D3594.contig204	2332	184	8
D3594.contig205	2322	161	13
D3594.contig206	2317	170	23
D3594.contig207	2303	177	10
D3594.contig208	2289	205	9
D3594.contig209	2286	358	16
D3594.contig210	2271	1916	36
D3594.contig211	2256	17252	342
D3594.contig212	2244	165	7
D3594.contig213	2243	142	16
D3594.contig214	2236	275	13
D3594.contig215	2205	205	13
D3594.contig216	2205	170	17
D3594.contig217	2203	218	8
D3594.contig218	2184	1103	32
D3594.contig219	2179	136	14
D3594.contig220	2170	162	12
D3594.contig221	2161	166	11
D3594.contig222	2159	135	10
D3594.contig223	2142	202	10
D3594.contig224	2136	453	6
D3594.contig225	2136	179	11
D3594.contig226	2130	224	8
D3594.contig227	2129	185	14
D3594.contig228	2122	207	6
D3594.contig229	2116	201	10
D3594.contig230	2096	142	14
D3594.contig231	2092	534	27
D3594.contig232	2085	877	23
D3594.contig233	2081	200	11
D3594.contig234	2075	21101	283
D3594.contig235	2056	171	5
D3594.contig236	2054	164	10
D3594.contig237	2043	307	6
D3594.contig238	2040	222	26
D3594.contig239	2031	160	11
D3594.contig240	2027	161	10
D3594.contig241	2025	149	8
D3594.contig242	2025	925	21
D3594.contig243	2024	357	8
D3594.contig244	2009	155	14
D3594.contig245	2007	162	5
D3594.contig246	2003	134	15
D3594.contig247	2002	217	15
D3594.contig248	1997	145	11
D3594.contig249	1994	363	18
D3594.contig250	1994	245	16
D3594.contig251	1982	147	10
D3594.contig252	1973	112	8
D3594.contig253	1972	185	4
D3594.contig254	1971	145	8
D3594.contig255	1969	149	13
D3594.contig256	1965	79	9
D3594.contig257	1963	138	9
D3594.contig258	1962	185	13
D3594.contig259	1952	123	6
D3594.contig260	1950	114	10
D3594.contig261	1942	835	19
D3594.contig262	1934	104	5
D3594.contig263	1927	147	12
D3594.contig264	1925	182	5
D3594.contig265	1907	133	10
D3594.contig266	1906	658	15
D3594.contig267	1904	1468	24
D3594.contig268	1904	567	54
D3594.contig269	1902	189	9
D3594.contig270	1900	143	9
D3594.contig271	1899	187	8
D3594.contig272	1896	181	10
D3594.contig273	1895	4880	80
D3594.contig274	1893	222	21
D3594.contig275	1887	4535	61
D3594.contig276	1880	164	14
D3594.contig277	1877	180	12
D3594.contig278	1877	126	12
D3594.contig279	1870	165	8
D3594.contig280	1863	143	10
D3594.contig281	1860	121	12
D3594.contig282	1857	139	12
D3594.contig283	1857	694	24
D3594.contig284	1853	186	3
D3594.contig285	1851	448	9
D3594.contig286	1850	146	11
D3594.contig287	1849	4710	68
D3594.contig288	1841	137	7
D3594.contig289	1839	370	20
D3594.contig290	1838	169	7
D3594.contig291	1835	120	10
D3594.contig292	1833	159	3
D3594.contig293	1832	151	9
D3594.contig294	1817	163	12
D3594.contig295	1805	156	9
D3594.contig296	1804	117	8
D3594.contig297	1803	164	7
D3594.contig298	1797	110	10
D3594.contig299	1796	178	5
D3594.contig300	1793	137	7
D3594.contig301	1786	117	11
D3594.contig302	1782	153	10
D3594.contig303	1779	108	15
D3594.contig304	1772	139	11
D3594.contig305	1771	135	7
D3594.contig306	1764	145	16
D3594.contig307	1764	192	18
D3594.contig308	1763	108	10
D3594.contig309	1755	76	5
D3594.contig310	1748	159	8
D3594.contig311	1731	604	13
D3594.contig312	1731	138	10
D3594.contig313	1729	157	9
D3594.contig314	1727	222	8
D3594.contig315	1726	189	9
D3594.contig316	1723	3491	62
D3594.contig317	1708	125	8
D3594.contig318	1704	130	4
D3594.contig319	1695	114	13
D3594.contig320	1692	156	12
D3594.contig321	1684	81	8
D3594.contig322	1684	145	11
D3594.contig323	1684	109	8
D3594.contig324	1680	105	13
D3594.contig325	1679	176	10
D3594.contig326	1677	1042	19
D3594.contig327	1677	146	15
D3594.contig328	1674	147	9
D3594.contig329	1671	127	4
D3594.contig330	1663	136	8
D3594.contig331	1663	181	12
D3594.contig332	1661	97	11
D3594.contig333	1661	128	10
D3594.contig334	1655	158	11
D3594.contig335	1655	111	10
D3594.contig336	1654	830	27
D3594.contig337	1649	158	6
D3594.contig338	1648	153	10
D3594.contig339	1644	148	6
D3594.contig340	1633	75	9
D3594.contig341	1627	106	13
D3594.contig342	1626	136	7
D3594.contig343	1624	123	9
D3594.contig344	1617	157	12
D3594.contig345	1613	118	14
D3594.contig346	1609	91	6
D3594.contig347	1608	105	16
D3594.contig348	1600	281	12
D3594.contig349	1599	173	10
D3594.contig350	1598	94	9
D3594.contig351	1593	86	6
D3594.contig352	1585	221	15
D3594.contig353	1579	3284	191
D3594.contig354	1577	95	9
D3594.contig355	1576	148	15
D3594.contig356	1572	97	11
D3594.contig357	1565	1120	66
D3594.contig358	1562	124	12
D3594.contig359	1553	75	3
D3594.contig360	1549	119	9
D3594.contig361	1545	123	12
D3594.contig362	1541	132	13
D3594.contig363	1539	203	7
D3594.contig364	1537	89	7
D3594.contig365	1536	120	18
D3594.contig366	1534	112	7
D3594.contig367	1533	525	8
D3594.contig368	1533	103	10
D3594.contig369	1531	174	12
D3594.contig370	1531	100	6
D3594.contig371	1526	79	27
D3594.contig372	1524	74	11
D3594.contig373	1521	132	4
D3594.contig374	1515	110	10
D3594.contig375	1515	194	10
D3594.contig376	1511	148	7
D3594.contig377	1511	81	8
D3594.contig378	1510	157	8
D3594.contig379	1504	130	6
D3594.contig380	1503	1031	25
D3594.contig381	1502	86	4
D3594.contig382	1497	94	5
D3594.contig383	1496	117	3
D3594.contig384	1495	139	7
D3594.contig385	1494	106	7
D3594.contig386	1490	105	7
D3594.contig387	1489	356	16
D3594.contig388	1482	119	2
D3594.contig389	1477	197	12
D3594.contig390	1476	86	9
D3594.contig391	1475	117	7
D3594.contig392	1474	85	14
D3594.contig393	1470	95	5
D3594.contig394	1469	156	15
D3594.contig395	1466	90	8
D3594.contig396	1463	95	10
D3594.contig397	1461	108	8
D3594.contig398	1459	138	6
D3594.contig399	1457	79	14
D3594.contig400	1456	113	10
D3594.contig401	1454	77	16
D3594.contig402	1453	128	11
D3594.contig403	1450	101	9
D3594.contig404	1449	174	7
D3594.contig405	1441	95	12
D3594.contig406	1438	87	11
D3594.contig407	1436	128	9
D3594.contig408	1433	130	7
D3594.contig409	1431	855	21
D3594.contig410	1430	103	5
D3594.contig411	1428	148	7
D3594.contig412	1427	97	5
D3594.contig413	1426	162	8
D3594.contig414	1424	81	7
D3594.contig415	1419	59	4
D3594.contig416	1418	87	23
D3594.contig417	1418	85	11
D3594.contig418	1416	66	10
D3594.contig419	1415	72	16
D3594.contig420	1414	89	10
D3594.contig421	1413	81	4
D3594.contig422	1413	100	3
D3594.contig423	1407	172	8
D3594.contig424	1404	112	7
D3594.contig425	1402	72	7
D3594.contig426	1399	275	4
D3594.contig427	1397	91	4
D3594.contig428	1397	137	10
D3594.contig429	1390	342	12
D3594.contig430	1387	93	8
D3594.contig431	1381	74	12
D3594.contig432	1380	106	11
D3594.contig433	1379	73	4
D3594.contig434	1379	110	7
D3594.contig435	1377	101	8
D3594.contig436	1373	163	11
D3594.contig437	1369	92	10
D3594.contig438	1369	83	11
D3594.contig439	1364	128	7
D3594.contig440	1364	68	7
D3594.contig441	1358	166	8
D3594.contig442	1357	58	5
D3594.contig443	1356	71	4
D3594.contig444	1355	122	6
D3594.contig445	1351	77	10
D3594.contig446	1349	137	9
D3594.contig447	1348	89	14
D3594.contig448	1347	180	5
D3594.contig449	1347	116	13
D3594.contig450	1344	119	11
D3594.contig451	1343	78	16
D3594.contig452	1342	74	17
D3594.contig453	1338	104	9
D3594.contig454	1336	332	9
D3594.contig455	1328	92	6
D3594.contig456	1328	4923	56
D3594.contig457	1324	134	7
D3594.contig458	1323	133	13
D3594.contig459	1320	80	7
D3594.contig460	1320	122	7
D3594.contig461	1318	23174	819
D3594.contig462	1317	80	12
D3594.contig463	1317	106	7
D3594.contig464	1317	77	16
D3594.contig465	1315	103	14
D3594.contig466	1310	245	4
D3594.contig467	1310	111	7
D3594.contig468	1305	392	19
D3594.contig469	1304	83	11
D3594.contig470	1298	78	14
D3594.contig471	1297	109	9
D3594.contig472	1295	84	10
D3594.contig473	1294	78	9
D3594.contig474	1292	107	12
D3594.contig475	1291	95	15
D3594.contig476	1291	113	7
D3594.contig477	1287	53	8
D3594.contig478	1287	164	7
D3594.contig479	1286	565	35
D3594.contig480	1284	95	17
D3594.contig481	1280	77	14
D3594.contig482	1279	106	9
D3594.contig483	1277	94	6
D3594.contig484	1274	108	19
D3594.contig485	1272	84	15
D3594.contig486	1270	93	17
D3594.contig487	1264	106	12
D3594.contig488	1258	83	16
D3594.contig489	1256	71	12
D3594.contig490	1256	85	4
D3594.contig491	1255	86	5
D3594.contig492	1254	114	9
D3594.contig493	1254	94	8
D3594.contig494	1254	125	13
D3594.contig495	1253	114	10
D3594.contig496	1251	128	5
D3594.contig497	1249	110	8
D3594.contig498	1248	62	5
D3594.contig499	1248	68	8
D3594.contig500	1248	121	6
D3594.contig501	1241	58	13
D3594.contig502	1239	111	9
D3594.contig503	1229	100	9
D3594.contig504	1228	82	6
D3594.contig505	1223	85	6
D3594.contig506	1220	135	7
D3594.contig507	1220	76	12
D3594.contig508	1219	61	6
D3594.contig509	1216	75	12
D3594.contig510	1216	58	8
D3594.contig511	1215	75	18
D3594.contig512	1214	84	5
D3594.contig513	1201	78	7
D3594.contig514	1198	660	17
D3594.contig515	1195	68	10
D3594.contig516	1191	107	8
D3594.contig517	1190	110	8
D3594.contig518	1188	73	10
D3594.contig519	1186	94	10
D3594.contig520	1186	82	2
D3594.contig521	1185	73	11
D3594.contig522	1182	109	6
D3594.contig523	1181	76	15
D3594.contig524	1180	89	12
D3594.contig525	1180	221	5
D3594.contig526	1179	47	8
D3594.contig527	1174	67	6
D3594.contig528	1173	113	2
D3594.contig529	1172	622	16
D3594.contig530	1169	99	9
D3594.contig531	1169	64	3
D3594.contig532	1168	98	5
D3594.contig533	1167	98	9
D3594.contig534	1165	66	5
D3594.contig535	1161	341	15
D3594.contig536	1161	106	13
D3594.contig537	1161	73	7
D3594.contig538	1160	63	5
D3594.contig539	1160	120	10
D3594.contig540	1157	57	14
D3594.contig541	1157	80	3
D3594.contig542	1157	42	6
D3594.contig543	1154	59	12
D3594.contig544	1154	514	9
D3594.contig545	1153	55	12
D3594.contig546	1153	92	6
D3594.contig547	1153	90	6
D3594.contig548	1152	71	12
D3594.contig549	1148	286	15
D3594.contig550	1146	792	38
D3594.contig551	1145	98	13
D3594.contig552	1140	69	10
D3594.contig553	1139	108	5
D3594.contig554	1138	67	4
D3594.contig555	1138	91	4
D3594.contig556	1132	77	10
D3594.contig557	1131	1158	97
D3594.contig558	1131	58	10
D3594.contig559	1130	71	9
D3594.contig560	1129	410	17
D3594.contig561	1128	55	9
D3594.contig562	1128	69	9
D3594.contig563	1127	78	6
D3594.contig564	1126	105	8
D3594.contig565	1126	327	9
D3594.contig566	1126	51	5
D3594.contig567	1125	77	11
D3594.contig568	1121	58	5
D3594.contig569	1120	87	3
D3594.contig570	1119	56	5
D3594.contig571	1117	48	9
D3594.contig572	1116	385	4
D3594.contig573	1114	376	13
D3594.contig574	1114	69	6
D3594.contig575	1114	79	16
D3594.contig576	1113	74	9
D3594.contig577	1111	91	15
D3594.contig578	1111	49	7
D3594.contig579	1110	476	14
D3594.contig580	1108	68	10
D3594.contig581	1107	51	10
D3594.contig582	1105	70	13
D3594.contig583	1105	90	5
D3594.contig584	1102	60	14
D3594.contig585	1100	69	12
D3594.contig586	1100	82	10
D3594.contig587	1098	71	7
D3594.contig588	1098	75	3
D3594.contig589	1097	90	5
D3594.contig590	1096	67	5
D3594.contig591	1096	69	6
D3594.contig592	1094	80	6
D3594.contig593	1093	73	5
D3594.contig594	1093	64	9
D3594.contig595	1092	61	3
D3594.contig596	1090	82	7
D3594.contig597	1087	65	5
D3594.contig598	1087	46	8
D3594.contig599	1086	41	11
D3594.contig600	1084	55	5
D3594.contig601	1082	53	9
D3594.contig602	1082	86	13
D3594.contig603	1081	52	6
D3594.contig604	1081	94	8
D3594.contig605	1081	53	5
D3594.contig606	1077	83	15
D3594.contig607	1076	37	9
D3594.contig608	1075	877	18
D3594.contig609	1075	103	8
D3594.contig610	1073	71	14
D3594.contig611	1071	68	5
D3594.contig612	1070	123	12
D3594.contig613	1069	52	6
D3594.contig614	1069	65	6
D3594.contig615	1065	60	8
D3594.contig616	1064	72	9
D3594.contig617	1063	96	5
D3594.contig618	1063	104	5
D3594.contig619	1059	41	10
D3594.contig620	1059	81	12
D3594.contig621	1059	76	6
D3594.contig622	1058	80	12
D3594.contig623	1058	143	11
D3594.contig624	1057	52	7
D3594.contig625	1055	75	18
D3594.contig626	1055	68	2
D3594.contig627	1054	105	5
D3594.contig628	1053	93	9
D3594.contig629	1053	51	14
D3594.contig630	1053	92	15
D3594.contig631	1050	50	11
D3594.contig632	1046	73	3
D3594.contig633	1046	138	4
D3594.contig634	1046	106	8
D3594.contig635	1042	81	14
D3594.contig636	1040	202	12
D3594.contig637	1038	112	6
D3594.contig638	1038	85	9
D3594.contig639	1038	54	7
D3594.contig640	1036	75	6
D3594.contig641	1036	118	12
D3594.contig642	1034	76	11
D3594.contig643	1033	68	5
D3594.contig644	1032	118	6
D3594.contig645	1030	65	11
D3594.contig646	1030	40	11
D3594.contig647	1029	78	10
D3594.contig648	1027	72	10
D3594.contig649	1026	68	6
D3594.contig650	1026	56	9
D3594.contig651	1025	75	7
D3594.contig652	1022	141	7
D3594.contig653	1019	70	13
D3594.contig654	1019	83	13
D3594.contig655	1018	64	4
D3594.contig656	1014	39	4
D3594.contig657	1013	309	5
D3594.contig658	1012	47	1
D3594.contig659	1011	88	8
D3594.contig660	1010	39	9
D3594.contig661	1010	67	6
D3594.contig662	1009	100	10
D3594.contig663	1008	88	6
D3594.contig664	1005	151	3
D3594.contig665	1005	50	12
D3594.contig666	1005	99	4
D3594.contig667	1001	44	8
D3594.contig668	1001	60	8
D3594.contig669	1000	69	19
D3594.contig670	999	59	4
D3594.contig671	999	58	6
D3594.contig672	999	62	8
D3594.contig673	998	75	8
D3594.contig674	998	56	8
D3594.contig675	997	418	12
D3594.contig676	996	77	10
D3594.contig677	996	75	7
D3594.contig678	994	76	1
D3594.contig679	993	74	5
D3594.contig680	992	32	9
D3594.contig681	992	53	9
D3594.contig682	990	74	18
D3594.contig683	988	45	4
D3594.contig684	987	51	4
D3594.contig685	986	52	9
D3594.contig686	984	41	10
D3594.contig687	984	87	8
D3594.contig688	984	54	6
D3594.contig689	983	60	8
D3594.contig690	982	149	5
D3594.contig691	982	54	6
D3594.contig692	981	67	7
D3594.contig693	979	62	7
D3594.contig694	979	49	4
D3594.contig695	978	42	15
D3594.contig696	977	44	13
D3594.contig697	976	52	4
D3594.contig698	974	100	7
D3594.contig699	973	56	7
D3594.contig700	972	56	10
D3594.contig701	972	57	11
D3594.contig702	971	44	16
D3594.contig703	971	68	17
D3594.contig704	970	67	11
D3594.contig705	969	55	12
D3594.contig706	968	66	14
D3594.contig707	967	41	11
D3594.contig708	967	49	4
D3594.contig709	965	63	7
D3594.contig710	965	55	13
D3594.contig711	964	143	12
D3594.contig712	963	56	6
D3594.contig713	961	36	12
D3594.contig714	961	50	6
D3594.contig715	961	58	6
D3594.contig716	959	56	5
D3594.contig717	957	42	10
D3594.contig718	955	75	16
D3594.contig719	946	55	9
D3594.contig720	946	46	12
D3594.contig721	945	48	0
D3594.contig722	944	771	29
D3594.contig723	943	59	1
D3594.contig724	942	49	4
D3594.contig725	941	41	10
D3594.contig726	941	146	2
D3594.contig727	941	62	5
D3594.contig728	940	77	4
D3594.contig729	939	53	13
D3594.contig730	938	55	6
D3594.contig731	934	39	5
D3594.contig732	934	43	6
D3594.contig733	932	51	7
D3594.contig734	931	39	15
D3594.contig735	931	50	7
D3594.contig736	931	101	7
D3594.contig737	930	57	7
D3594.contig738	929	74	5
D3594.contig739	928	53	5
D3594.contig740	926	69	8
D3594.contig741	925	53	6
D3594.contig742	925	26	6
D3594.contig743	924	50	8
D3594.contig744	923	48	8
D3594.contig745	923	54	8
D3594.contig746	922	61	7
D3594.contig747	922	66	17
D3594.contig748	922	39	10
D3594.contig749	921	55	6
D3594.contig750	921	52	10
D3594.contig751	921	76	16
D3594.contig752	919	55	6
D3594.contig753	919	56	10
D3594.contig754	919	47	6
D3594.contig755	919	48	4
D3594.contig756	918	40	6
D3594.contig757	917	69	7
D3594.contig758	915	73	5
D3594.contig759	913	39	8
D3594.contig760	913	49	5
D3594.contig761	913	39	11
D3594.contig762	909	41	10
D3594.contig763	909	34	6
D3594.contig764	907	63	6
D3594.contig765	906	105	10
D3594.contig766	906	66	6
D3594.contig767	906	27	8
D3594.contig768	906	61	5
D3594.contig769	905	49	14
D3594.contig770	905	44	11
D3594.contig771	905	36	8
D3594.contig772	903	45	5
D3594.contig773	902	55	9
D3594.contig774	900	74	5
D3594.contig775	899	58	15
D3594.contig776	899	349	4
D3594.contig777	898	69	7
D3594.contig778	897	53	7
D3594.contig779	895	32	10
D3594.contig780	895	106	10
D3594.contig781	894	663	18
D3594.contig782	892	41	7
D3594.contig783	890	44	8
D3594.contig784	889	808	20
D3594.contig785	888	49	10
D3594.contig786	888	33	6
D3594.contig787	887	252	6
D3594.contig788	887	41	5
D3594.contig789	886	800	20
D3594.contig790	886	40	7
D3594.contig791	884	58	9
D3594.contig792	883	40	8
D3594.contig793	881	58	6
D3594.contig794	880	75	4
D3594.contig795	880	41	2
D3594.contig796	880	56	13
D3594.contig797	880	41	7
D3594.contig798	879	229	7
D3594.contig799	876	34	5
D3594.contig800	875	102	6
D3594.contig801	874	45	11
D3594.contig802	870	47	1
D3594.contig803	869	64	10
D3594.contig804	867	40	2
D3594.contig805	867	72	7
D3594.contig806	867	51	4
D3594.contig807	867	68	17
D3594.contig808	866	70	9
D3594.contig809	866	52	7
D3594.contig810	865	44	3
D3594.contig811	864	38	8
D3594.contig812	862	30	8
D3594.contig813	861	38	7
D3594.contig814	859	28	7
D3594.contig815	858	51	5
D3594.contig816	858	38	4
D3594.contig817	854	43	9
D3594.contig818	854	47	11
D3594.contig819	853	64	6
D3594.contig820	852	52	12
D3594.contig821	852	64	2
D3594.contig822	851	42	7
D3594.contig823	851	38	8
D3594.contig824	851	31	4
D3594.contig825	850	30	11
D3594.contig826	850	33	8
D3594.contig827	849	36	3
D3594.contig828	849	24	10
D3594.contig829	848	35	8
D3594.contig830	848	29	8
D3594.contig831	847	54	8
D3594.contig832	847	55	9
D3594.contig833	847	34	7
D3594.contig834	847	40	9
D3594.contig835	846	47	2
D3594.contig836	846	37	7
D3594.contig837	845	94	7
D3594.contig838	845	52	5
D3594.contig839	844	51	8
D3594.contig840	842	46	7
D3594.contig841	842	51	9
D3594.contig842	838	51	6
D3594.contig843	838	63	11
D3594.contig844	837	52	4
D3594.contig845	837	50	5
D3594.contig846	836	35	10
D3594.contig847	835	54	4
D3594.contig848	834	67	6
D3594.contig849	834	211	5
D3594.contig850	834	58	3
D3594.contig851	833	51	11
D3594.contig852	833	405	12
D3594.contig853	832	43	8
D3594.contig854	832	46	5
D3594.contig855	831	46	3
D3594.contig856	831	48	3
D3594.contig857	831	44	6
D3594.contig858	830	47	11
D3594.contig859	830	65	3
D3594.contig860	829	79	8
D3594.contig861	829	40	7
D3594.contig862	828	42	6
D3594.contig863	827	51	6
D3594.contig864	827	85	4
D3594.contig865	826	24	7
D3594.contig866	826	39	8
D3594.contig867	826	47	10
D3594.contig868	826	36	10
D3594.contig869	825	172	11
D3594.contig870	825	29	8
D3594.contig871	825	66	8
D3594.contig872	823	38	5
D3594.contig873	823	66	9
D3594.contig874	823	86	3
D3594.contig875	823	42	12
D3594.contig876	823	64	6
D3594.contig877	822	42	5
D3594.contig878	822	39	3
D3594.contig879	821	486	29
D3594.contig880	821	61	8
D3594.contig881	820	45	9
D3594.contig882	820	271	18
D3594.contig883	820	50	7
D3594.contig884	818	57	10
D3594.contig885	818	35	12
D3594.contig886	818	44	12
D3594.contig887	817	24	6
D3594.contig888	817	61	6
D3594.contig889	817	31	13
D3594.contig890	816	30	7
D3594.contig891	816	37	6
D3594.contig892	815	59	3
D3594.contig893	814	40	10
D3594.contig894	813	69	6
D3594.contig895	812	33	9
D3594.contig896	812	41	7
D3594.contig897	810	38	6
D3594.contig898	808	43	3
D3594.contig899	808	49	6
D3594.contig900	808	54	11
D3594.contig901	808	36	8
D3594.contig902	807	39	10
D3594.contig903	806	42	5
D3594.contig904	805	33	12
D3594.contig905	805	99	8
D3594.contig906	804	51	6
D3594.contig907	803	50	6
D3594.contig908	803	19	11
D3594.contig909	802	39	7
D3594.contig910	801	45	11
D3594.contig911	800	49	8
D3594.contig912	799	45	10
D3594.contig913	798	55	4
D3594.contig914	798	53	14
D3594.contig915	798	44	4
D3594.contig916	797	47	15
D3594.contig917	797	42	7
D3594.contig918	797	31	7
D3594.contig919	796	30	10
D3594.contig920	795	54	12
D3594.contig921	794	39	12
D3594.contig922	794	24	6
D3594.contig923	794	34	9
D3594.contig924	793	36	8
D3594.contig925	793	36	10
D3594.contig926	793	38	8
D3594.contig927	792	24	4
D3594.contig928	791	28	7
D3594.contig929	791	27	5
D3594.contig930	791	53	7
D3594.contig931	790	28	2
D3594.contig932	789	32	8
D3594.contig933	789	31	9
D3594.contig934	788	35	8
D3594.contig935	788	32	4
D3594.contig936	788	30	8
D3594.contig937	787	37	5
D3594.contig938	787	37	11
D3594.contig939	787	38	7
D3594.contig940	785	55	2
D3594.contig941	785	30	4
D3594.contig942	784	23	5
D3594.contig943	784	31	7
D3594.contig944	782	56	6
D3594.contig945	782	48	6
D3594.contig946	780	56	3
D3594.contig947	778	40	4
D3594.contig948	778	54	4
D3594.contig949	777	30	3
D3594.contig950	776	52	7
D3594.contig951	776	39	6
D3594.contig952	776	46	5
D3594.contig953	775	48	8
D3594.contig954	775	37	8
D3594.contig955	775	44	9
D3594.contig956	775	33	8
D3594.contig957	774	16	6
D3594.contig958	774	26	7
D3594.contig959	772	37	5
D3594.contig960	772	31	5
D3594.contig961	771	40	5
D3594.contig962	771	40	6
D3594.contig963	771	76	4
D3594.contig964	771	52	6
D3594.contig965	770	46	11
D3594.contig966	770	45	17
D3594.contig967	769	57	5
D3594.contig968	768	41	2
D3594.contig969	768	35	10
D3594.contig970	767	35	9
D3594.contig971	766	57	7
D3594.contig972	766	22	10
D3594.contig973	766	26	3
D3594.contig974	764	39	5
D3594.contig975	764	25	12
D3594.contig976	763	41	12
D3594.contig977	763	45	10
D3594.contig978	762	51	8
D3594.contig979	762	27	6
D3594.contig980	761	39	2
D3594.contig981	761	51	8
D3594.contig982	760	48	12
D3594.contig983	760	31	6
D3594.contig984	759	26	6
D3594.contig985	758	35	6
D3594.contig986	758	30	3
D3594.contig987	757	42	8
D3594.contig988	757	48	8
D3594.contig989	757	41	2
D3594.contig990	755	37	10
D3594.contig991	755	9413	265
D3594.contig992	755	46	10
D3594.contig993	754	25	4
D3594.contig994	754	24	10
D3594.contig995	753	44	11
D3594.contig996	753	50	7
D3594.contig997	753	33	2
D3594.contig998	752	46	6
D3594.contig999	751	45	5
D3594.contig1000	751	50	5
D3594.contig1001	750	40	6
D3594.contig1002	749	140	8
D3594.contig1003	749	49	4
D3594.contig1004	749	53	6
D3594.contig1005	747	30	5
D3594.contig1006	747	41	8
D3594.contig1007	746	56	8
D3594.contig1008	745	50	12
D3594.contig1009	745	55	15
D3594.contig1010	744	76	8
D3594.contig1011	742	84	5
D3594.contig1012	742	159	5
D3594.contig1013	741	28	4
D3594.contig1014	741	29	3
D3594.contig1015	741	24	6
D3594.contig1016	737	45	7
D3594.contig1017	737	45	14
D3594.contig1018	737	31	10
D3594.contig1019	737	33	6
D3594.contig1020	736	22	3
D3594.contig1021	736	30	10
D3594.contig1022	736	46	8
D3594.contig1023	735	2419	79
D3594.contig1024	734	58	19
D3594.contig1025	733	36	4
D3594.contig1026	731	37	3
D3594.contig1027	731	23	1
D3594.contig1028	731	30	8
D3594.contig1029	730	34	11
D3594.contig1030	729	44	4
D3594.contig1031	726	22	11
D3594.contig1032	726	85	5
D3594.contig1033	726	41	15
D3594.contig1034	726	34	7
D3594.contig1035	723	53	15
D3594.contig1036	722	55	11
D3594.contig1037	720	40	6
D3594.contig1038	720	32	9
D3594.contig1039	720	45	12
D3594.contig1040	720	42	4
D3594.contig1041	719	47	9
D3594.contig1042	719	37	6
D3594.contig1043	719	37	0
D3594.contig1044	719	55	14
D3594.contig1045	718	27	8
D3594.contig1046	718	38	7
D3594.contig1047	718	29	9
D3594.contig1048	717	28	8
D3594.contig1049	717	2285	24
D3594.contig1050	717	42	8
D3594.contig1051	716	38	6
D3594.contig1052	716	38	13
D3594.contig1053	714	35	11
D3594.contig1054	713	51	7
D3594.contig1055	713	37	10
D3594.contig1056	713	32	8
D3594.contig1057	713	26	4
D3594.contig1058	711	36	5
D3594.contig1059	710	28	3
D3594.contig1060	710	19	12
D3594.contig1061	710	60	1
D3594.contig1062	710	33	8
D3594.contig1063	710	47	5
D3594.contig1064	709	40	5
D3594.contig1065	708	69	10
D3594.contig1066	707	31	7
D3594.contig1067	707	48	11
D3594.contig1068	706	48	17
D3594.contig1069	704	27	6
D3594.contig1070	704	55	9
D3594.contig1071	704	26	8
D3594.contig1072	704	44	6
D3594.contig1073	703	20	9
D3594.contig1074	702	24	5
D3594.contig1075	702	27	11
D3594.contig1076	701	44	5
D3594.contig1077	701	17	7
D3594.contig1078	701	46	14
D3594.contig1079	700	57	2
D3594.contig1080	699	41	9
D3594.contig1081	699	43	11
D3594.contig1082	698	32	5
D3594.contig1083	697	40	11
D3594.contig1084	697	29	8
D3594.contig1085	697	33	3
D3594.contig1086	697	45	6
D3594.contig1087	696	44	3
D3594.contig1088	696	35	9
D3594.contig1089	696	29	3
D3594.contig1090	695	50	7
D3594.contig1091	695	45	5
D3594.contig1092	695	29	6
D3594.contig1093	693	439	13
D3594.contig1094	693	45	9
D3594.contig1095	692	27	7
D3594.contig1096	691	23	9
D3594.contig1097	690	44	11
D3594.contig1098	690	73	20
D3594.contig1099	690	35	4
D3594.contig1100	689	32	6
D3594.contig1101	689	25	1
D3594.contig1102	688	27	9
D3594.contig1103	688	41	9
D3594.contig1104	687	70	12
D3594.contig1105	687	176	3
D3594.contig1106	686	47	4
D3594.contig1107	685	50	6
D3594.contig1108	685	41	12
D3594.contig1109	684	59	5
D3594.contig1110	683	45	8
D3594.contig1111	682	33	10
D3594.contig1112	682	51	1
D3594.contig1113	681	35	11
D3594.contig1114	680	25	9
D3594.contig1115	680	42	1
D3594.contig1116	679	72	3
D3594.contig1117	679	38	11
D3594.contig1118	678	27	5
D3594.contig1119	678	35	11
D3594.contig1120	678	27	3
D3594.contig1121	678	22	5
D3594.contig1122	678	25	11
D3594.contig1123	677	32	8
D3594.contig1124	677	36	11
D3594.contig1125	676	40	6
D3594.contig1126	676	38	6
D3594.contig1127	675	36	7
D3594.contig1128	674	38	8
D3594.contig1129	674	26	2
D3594.contig1130	674	32	16
D3594.contig1131	674	43	5
D3594.contig1132	674	33	2
D3594.contig1133	673	30	7
D3594.contig1134	672	44	3
D3594.contig1135	672	237	5
D3594.contig1136	672	39	2
D3594.contig1137	669	39	7
D3594.contig1138	669	42	8
D3594.contig1139	669	30	2
D3594.contig1140	669	27	6
D3594.contig1141	668	33	2
D3594.contig1142	667	56	5
D3594.contig1143	667	45	4
D3594.contig1144	666	32	7
D3594.contig1145	665	20	2
D3594.contig1146	665	27	9
D3594.contig1147	665	42	4
D3594.contig1148	664	61	15
D3594.contig1149	664	32	13
D3594.contig1150	664	22	7
D3594.contig1151	663	30	4
D3594.contig1152	662	38	4
D3594.contig1153	662	230	5
D3594.contig1154	662	57	10
D3594.contig1155	661	65	4
D3594.contig1156	661	21	2
D3594.contig1157	661	38	5
D3594.contig1158	661	33	12
D3594.contig1159	660	31	9
D3594.contig1160	659	30	1
D3594.contig1161	659	33	12
D3594.contig1162	659	57	6
D3594.contig1163	659	23	5
D3594.contig1164	658	29	12
D3594.contig1165	658	38	5
D3594.contig1166	657	18	4
D3594.contig1167	657	31	8
D3594.contig1168	655	26	4
D3594.contig1169	655	24	6
D3594.contig1170	655	26	5
D3594.contig1171	655	29	4
D3594.contig1172	654	27	11
D3594.contig1173	654	34	7
D3594.contig1174	654	37	4
D3594.contig1175	654	50	12
D3594.contig1176	654	25	5
D3594.contig1177	653	346	9
D3594.contig1178	653	63	10
D3594.contig1179	652	20	8
D3594.contig1180	651	29	10
D3594.contig1181	650	32	15
D3594.contig1182	650	20	2
D3594.contig1183	649	20	7
D3594.contig1184	649	26	5
D3594.contig1185	649	60	6
D3594.contig1186	648	23	15
D3594.contig1187	648	19	5
D3594.contig1188	646	34	10
D3594.contig1189	646	37	5
D3594.contig1190	646	32	4
D3594.contig1191	646	28	4
D3594.contig1192	645	23	9
D3594.contig1193	645	32	8
D3594.contig1194	645	29	10
D3594.contig1195	644	30	10
D3594.contig1196	643	43	9
D3594.contig1197	643	197	9
D3594.contig1198	643	37	4
D3594.contig1199	643	25	9
D3594.contig1200	643	21	4
D3594.contig1201	642	29	6
D3594.contig1202	642	22	4
D3594.contig1203	642	140	5
D3594.contig1204	642	45	14
D3594.contig1205	641	71	2
D3594.contig1206	641	25	12
D3594.contig1207	641	29	5
D3594.contig1208	640	17	7
D3594.contig1209	639	33	6
D3594.contig1210	639	28	5
D3594.contig1211	639	46	10
D3594.contig1212	638	194	3
D3594.contig1213	638	31	7
D3594.contig1214	637	29	11
D3594.contig1215	637	41	11
D3594.contig1216	637	26	3
D3594.contig1217	637	23	6
D3594.contig1218	637	29	5
D3594.contig1219	636	21	7
D3594.contig1220	635	26	6
D3594.contig1221	635	19	9
D3594.contig1222	634	27	12
D3594.contig1223	634	51	3
D3594.contig1224	634	21	6
D3594.contig1225	634	20	6
D3594.contig1226	632	26	9
D3594.contig1227	632	276	38
D3594.contig1228	632	20	6
D3594.contig1229	631	31	10
D3594.contig1230	631	20	11
D3594.contig1231	631	33	3
D3594.contig1232	630	60	6
D3594.contig1233	630	46	1
D3594.contig1234	630	48	5
D3594.contig1235	629	44	7
D3594.contig1236	629	40	2
D3594.contig1237	628	27	6
D3594.contig1238	628	24	7
D3594.contig1239	628	34	10
D3594.contig1240	628	29	5
D3594.contig1241	627	26	6
D3594.contig1242	626	4428	78
D3594.contig1243	626	40	10
D3594.contig1244	626	25	3
D3594.contig1245	625	31	8
D3594.contig1246	625	26	10
D3594.contig1247	624	26	14
D3594.contig1248	624	26	5
D3594.contig1249	624	22	9
D3594.contig1250	624	28	10
D3594.contig1251	624	31	9
D3594.contig1252	624	44	3
D3594.contig1253	623	24	11
D3594.contig1254	623	24	4
D3594.contig1255	623	42	5
D3594.contig1256	622	21	11
D3594.contig1257	622	27	6
D3594.contig1258	621	29	7
D3594.contig1259	620	45	16
D3594.contig1260	620	23	9
D3594.contig1261	620	25	6
D3594.contig1262	620	33	3
D3594.contig1263	620	30	6
D3594.contig1264	620	39	7
D3594.contig1265	619	30	11
D3594.contig1266	619	22	5
D3594.contig1267	619	17	7
D3594.contig1268	618	36	12
D3594.contig1269	618	30	12
D3594.contig1270	618	32	8
D3594.contig1271	617	41	4
D3594.contig1272	617	46	4
D3594.contig1273	617	39	10
D3594.contig1274	617	36	4
D3594.contig1275	616	31	9
D3594.contig1276	616	370	10
D3594.contig1277	616	28	10
D3594.contig1278	616	29	9
D3594.contig1279	616	43	9
D3594.contig1280	615	38	9
D3594.contig1281	615	45	7
D3594.contig1282	614	36	8
D3594.contig1283	613	317	6
D3594.contig1284	613	16	4
D3594.contig1285	612	47	7
D3594.contig1286	612	82	5
D3594.contig1287	611	24	12
D3594.contig1288	611	25	7
D3594.contig1289	611	27	10
D3594.contig1290	610	44	5
D3594.contig1291	610	41	10
D3594.contig1292	609	48	6
D3594.contig1293	609	53	10
D3594.contig1294	609	40	5
D3594.contig1295	609	18	7
D3594.contig1296	608	27	7
D3594.contig1297	608	17	5
D3594.contig1298	608	27	11
D3594.contig1299	608	29	13
D3594.contig1300	608	29	9
D3594.contig1301	608	29	8
D3594.contig1302	607	35	6
D3594.contig1303	607	23	6
D3594.contig1304	606	38	8
D3594.contig1305	606	23	10
D3594.contig1306	606	32	12
D3594.contig1307	605	34	14
D3594.contig1308	605	27	6
D3594.contig1309	604	29	6
D3594.contig1310	604	33	4
D3594.contig1311	603	32	9
D3594.contig1312	603	49	5
D3594.contig1313	603	35	14
D3594.contig1314	603	49	4
D3594.contig1315	603	128	12
D3594.contig1316	602	13	7
D3594.contig1317	602	15	7
D3594.contig1318	601	29	11
D3594.contig1319	601	31	4
D3594.contig1320	600	31	0
D3594.contig1321	599	38	3
D3594.contig1322	598	15	13
D3594.contig1323	598	63	12
D3594.contig1324	597	19	3
D3594.contig1325	597	30	3
D3594.contig1326	597	38	4
D3594.contig1327	595	25	8
D3594.contig1328	595	57	4
D3594.contig1329	595	35	8
D3594.contig1330	594	26	9
D3594.contig1331	593	36	13
D3594.contig1332	593	333	30
D3594.contig1333	593	24	6
D3594.contig1334	593	34	0
D3594.contig1335	592	28	12
D3594.contig1336	592	43	5
D3594.contig1337	591	17	8
D3594.contig1338	591	30	4
D3594.contig1339	591	28	8
D3594.contig1340	591	31	8
D3594.contig1341	591	27	14
D3594.contig1342	590	21	3
D3594.contig1343	590	32	7
D3594.contig1344	590	22	10
D3594.contig1345	590	21	5
D3594.contig1346	590	34	12
D3594.contig1347	590	64	4
D3594.contig1348	590	22	3
D3594.contig1349	589	16	4
D3594.contig1350	589	45	1
D3594.contig1351	589	48	10
D3594.contig1352	589	40	12
D3594.contig1353	588	40	9
D3594.contig1354	588	44	6
D3594.contig1355	588	263	5
D3594.contig1356	588	16	8
D3594.contig1357	587	36	4
D3594.contig1358	587	32	8
D3594.contig1359	587	23	7
D3594.contig1360	586	24	6
D3594.contig1361	586	53	10
D3594.contig1362	586	29	2
D3594.contig1363	585	24	9
D3594.contig1364	585	29	12
D3594.contig1365	584	34	8
D3594.contig1366	583	29	9
D3594.contig1367	583	33	9
D3594.contig1368	582	19	11
D3594.contig1369	582	22	8
D3594.contig1370	582	35	8
D3594.contig1371	581	19	8
D3594.contig1372	581	29	7
D3594.contig1373	581	27	11
D3594.contig1374	581	227	4
D3594.contig1375	580	34	5
D3594.contig1376	580	21	4
D3594.contig1377	580	33	16
D3594.contig1378	580	22	6
D3594.contig1379	580	34	6
D3594.contig1380	579	42	14
D3594.contig1381	579	15	6
D3594.contig1382	579	37	17
D3594.contig1383	579	26	3
D3594.contig1384	577	42	6
D3594.contig1385	577	38	5
D3594.contig1386	577	27	7
D3594.contig1387	577	32	11
D3594.contig1388	577	40	8
D3594.contig1389	576	27	6
D3594.contig1390	575	19	13
D3594.contig1391	575	14	6
D3594.contig1392	575	35	10
D3594.contig1393	574	16	8
D3594.contig1394	574	22	5
D3594.contig1395	573	32	4
D3594.contig1396	573	29	7
D3594.contig1397	573	23	8
D3594.contig1398	573	29	16
D3594.contig1399	572	33	6
D3594.contig1400	572	47	11
D3594.contig1401	572	43	6
D3594.contig1402	572	14	12
D3594.contig1403	571	27	13
D3594.contig1404	571	26	12
D3594.contig1405	570	74	5
D3594.contig1406	569	41	5
D3594.contig1407	569	19	8
D3594.contig1408	569	12	6
D3594.contig1409	568	246	13
D3594.contig1410	568	21	7
D3594.contig1411	567	32	9
D3594.contig1412	567	31	12
D3594.contig1413	567	20	11
D3594.contig1414	567	26	5
D3594.contig1415	567	39	3
D3594.contig1416	566	29	9
D3594.contig1417	566	32	4
D3594.contig1418	566	18	11
D3594.contig1419	565	32	9
D3594.contig1420	565	31	6
D3594.contig1421	565	23	5
D3594.contig1422	565	42	13
D3594.contig1423	564	21	2
D3594.contig1424	564	2418	56
D3594.contig1425	564	19	5
D3594.contig1426	564	26	8
D3594.contig1427	563	23	11
D3594.contig1428	563	28	18
D3594.contig1429	562	28	2
D3594.contig1430	562	28	8
D3594.contig1431	562	21	5
D3594.contig1432	562	36	15
D3594.contig1433	562	19	5
D3594.contig1434	562	106	10
D3594.contig1435	561	31	5
D3594.contig1436	561	55	1
D3594.contig1437	561	28	9
D3594.contig1438	561	24	12
D3594.contig1439	560	23	2
D3594.contig1440	560	38	1
D3594.contig1441	560	124	2
D3594.contig1442	560	17	5
D3594.contig1443	560	48	5
D3594.contig1444	560	30	16
D3594.contig1445	559	26	11
D3594.contig1446	559	21	7
D3594.contig1447	559	18	2
D3594.contig1448	559	30	9
D3594.contig1449	558	29	15
D3594.contig1450	558	19	12
D3594.contig1451	557	19	12
D3594.contig1452	557	23	4
D3594.contig1453	557	28	9
D3594.contig1454	557	25	12
D3594.contig1455	556	25	4
D3594.contig1456	556	40	18
D3594.contig1457	556	22	2
D3594.contig1458	555	20	7
D3594.contig1459	555	20	10
D3594.contig1460	554	455	110
D3594.contig1461	554	17	9
D3594.contig1462	554	22	9
D3594.contig1463	554	37	12
D3594.contig1464	554	19	8
D3594.contig1465	554	34	8
D3594.contig1466	553	18	7
D3594.contig1467	553	28	6
D3594.contig1468	553	33	6
D3594.contig1469	552	20	10
D3594.contig1470	551	39	2
D3594.contig1471	551	27	7
D3594.contig1472	550	13	5
D3594.contig1473	550	17	3
D3594.contig1474	550	22	8
D3594.contig1475	550	26	10
D3594.contig1476	549	26	4
D3594.contig1477	549	32	5
D3594.contig1478	549	29	5
D3594.contig1479	549	36	8
D3594.contig1480	549	35	3
D3594.contig1481	546	20	4
D3594.contig1482	545	15	3
D3594.contig1483	545	13	7
D3594.contig1484	545	23	7
D3594.contig1485	545	17	9
D3594.contig1486	545	33	0
D3594.contig1487	545	32	2
D3594.contig1488	544	32	6
D3594.contig1489	544	35	4
D3594.contig1490	544	46	11
D3594.contig1491	543	53	7
D3594.contig1492	543	21	7
D3594.contig1493	543	22	8
D3594.contig1494	543	16	4
D3594.contig1495	542	107	5
D3594.contig1496	542	34	9
D3594.contig1497	542	18	6
D3594.contig1498	542	18	10
D3594.contig1499	541	37	10
D3594.contig1500	541	38	7
D3594.contig1501	541	26	4
D3594.contig1502	541	32	10
D3594.contig1503	540	36	9
D3594.contig1504	540	22	8
D3594.contig1505	540	19	5
D3594.contig1506	540	17	5
D3594.contig1507	540	24	4
D3594.contig1508	539	14	8
D3594.contig1509	539	26	3
D3594.contig1510	539	37	4
D3594.contig1511	538	24	2
D3594.contig1512	538	25	8
D3594.contig1513	538	28	11
D3594.contig1514	537	30	6
D3594.contig1515	537	29	9
D3594.contig1516	537	37	9
D3594.contig1517	537	23	11
D3594.contig1518	536	33	7
D3594.contig1519	536	18	9
D3594.contig1520	536	24	7
D3594.contig1521	535	34	7
D3594.contig1522	535	25	11
D3594.contig1523	535	26	8
D3594.contig1524	534	18	7
D3594.contig1525	534	33	2
D3594.contig1526	534	18	8
D3594.contig1527	534	38	5
D3594.contig1528	534	19	9
D3594.contig1529	534	24	5
D3594.contig1530	533	15	7
D3594.contig1531	533	33	7
D3594.contig1532	532	36	4
D3594.contig1533	531	24	3
D3594.contig1534	531	53	4
D3594.contig1535	531	16	10
D3594.contig1536	531	24	5
D3594.contig1537	531	25	9
D3594.contig1538	531	19	9
D3594.contig1539	530	18	6
D3594.contig1540	530	16	3
D3594.contig1541	530	17	4
D3594.contig1542	530	13	1
D3594.contig1543	530	31	2
D3594.contig1544	530	25	9
D3594.contig1545	530	15	4
D3594.contig1546	530	17	5
D3594.contig1547	528	35	10
D3594.contig1548	528	24	1
D3594.contig1549	527	27	8
D3594.contig1550	527	25	4
D3594.contig1551	525	34	10
D3594.contig1552	525	30	6
D3594.contig1553	524	46	6
D3594.contig1554	523	19	11
D3594.contig1555	523	26	5
D3594.contig1556	523	43	6
D3594.contig1557	523	29	13
D3594.contig1558	523	18	6
D3594.contig1559	523	23	6
D3594.contig1560	523	34	3
D3594.contig1561	523	24	4
D3594.contig1562	523	26	13
D3594.contig1563	522	22	7
D3594.contig1564	522	29	15
D3594.contig1565	522	39	8
D3594.contig1566	521	24	0
D3594.contig1567	520	43	4
D3594.contig1568	520	31	8
D3594.contig1569	520	18	4
D3594.contig1570	519	15	4
D3594.contig1571	519	20	2
D3594.contig1572	519	17	8
D3594.contig1573	519	20	7
D3594.contig1574	519	25	5
D3594.contig1575	518	29	14
D3594.contig1576	518	21	9
D3594.contig1577	518	21	1
D3594.contig1578	517	37	3
D3594.contig1579	517	14	6
D3594.contig1580	517	17	6
D3594.contig1581	517	11	7
D3594.contig1582	516	14	6
D3594.contig1583	516	83	2
D3594.contig1584	516	22	8
D3594.contig1585	516	28	7
D3594.contig1586	516	38	13
D3594.contig1587	515	40	3
D3594.contig1588	515	20	4
D3594.contig1589	515	16	10
D3594.contig1590	515	15	7
D3594.contig1591	515	52	12
D3594.contig1592	515	54	4
D3594.contig1593	515	39	3
D3594.contig1594	515	24	21
D3594.contig1595	515	30	0
D3594.contig1596	515	26	7
D3594.contig1597	514	25	13
D3594.contig1598	514	20	10
D3594.contig1599	514	26	8
D3594.contig1600	514	21	9
D3594.contig1601	513	35	11
D3594.contig1602	513	17	7
D3594.contig1603	512	9	3
D3594.contig1604	512	29	9
D3594.contig1605	512	18	7
D3594.contig1606	511	33	2
D3594.contig1607	511	26	3
D3594.contig1608	511	24	8
D3594.contig1609	511	30	7
D3594.contig1610	511	16	6
D3594.contig1611	510	21	3
D3594.contig1612	510	17	8
D3594.contig1613	510	38	5
D3594.contig1614	509	17	10
D3594.contig1615	509	33	7
D3594.contig1616	509	30	9
D3594.contig1617	509	18	5
D3594.contig1618	509	14	7
D3594.contig1619	509	31	4
D3594.contig1620	508	20	7
D3594.contig1621	508	22	8
D3594.contig1622	507	26	1
D3594.contig1623	507	19	5
D3594.contig1624	507	23	3
D3594.contig1625	507	14	5
D3594.contig1626	507	23	14
D3594.contig1627	507	16	2
D3594.contig1628	506	30	10
D3594.contig1629	506	10	4
D3594.contig1630	505	20	10
D3594.contig1631	505	31	13
D3594.contig1632	505	251	9
D3594.contig1633	505	14	5
D3594.contig1634	505	14	7
D3594.contig1635	505	14	8
D3594.contig1636	505	23	8
D3594.contig1637	505	17	3
D3594.contig1638	504	18	8
D3594.contig1639	504	26	9
D3594.contig1640	504	38	4
D3594.contig1641	504	10	7
D3594.contig1642	503	21	9
D3594.contig1643	503	32	10
D3594.contig1644	502	21	3
D3594.contig1645	501	24	7
D3594.contig1646	501	15	5
D3594.contig1647	500	23	2
D3594.contig1648	500	29	5
D3594.contig1649	500	19	11
D3594.contig1650	499	18	5
D3594.contig1651	499	27	5
D3594.contig1652	499	21	6
D3594.contig1653	499	24	3
D3594.contig1654	498	28	6
D3594.contig1655	498	21	7
D3594.contig1656	498	20	11
D3594.contig1657	498	16	4
D3594.contig1658	498	27	3
D3594.contig1659	498	111	1
D3594.contig1660	497	37	7
D3594.contig1661	497	23	5
D3594.contig1662	497	17	3
D3594.contig1663	497	112	8
D3594.contig1664	497	40	4
D3594.contig1665	497	57	5
D3594.contig1666	496	19	5
D3594.contig1667	495	24	9
D3594.contig1668	495	18	9
D3594.contig1669	495	44	2
D3594.contig1670	495	11	2
D3594.contig1671	494	14	6
D3594.contig1672	493	36	8
D3594.contig1673	493	20	12
D3594.contig1674	493	19	9
D3594.contig1675	493	22	5
D3594.contig1676	493	48	7
D3594.contig1677	493	13	4
D3594.contig1678	493	22	3
D3594.contig1679	493	11	5
D3594.contig1680	493	21	5
D3594.contig1681	492	24	2
D3594.contig1682	492	28	2
D3594.contig1683	492	22	8
D3594.contig1684	492	17	9
D3594.contig1685	491	14	14
D3594.contig1686	491	22	1
D3594.contig1687	491	20	10
D3594.contig1688	490	21	14
D3594.contig1689	490	21	4
D3594.contig1690	490	10	8
D3594.contig1691	490	21	5
D3594.contig1692	489	30	7
D3594.contig1693	489	16	8
D3594.contig1694	489	24	7
D3594.contig1695	489	19	2
D3594.contig1696	489	21	9
D3594.contig1697	488	58	7
D3594.contig1698	488	17	11
D3594.contig1699	488	29	10
D3594.contig1700	487	28	11
D3594.contig1701	487	28	9
D3594.contig1702	487	35	8
D3594.contig1703	486	23	9
D3594.contig1704	486	31	3
D3594.contig1705	486	26	3
D3594.contig1706	486	33	3
D3594.contig1707	486	24	3
D3594.contig1708	486	15	7
D3594.contig1709	485	15	12
D3594.contig1710	485	20	13
D3594.contig1711	484	87	13
D3594.contig1712	484	12	6
D3594.contig1713	484	18	8
D3594.contig1714	483	12	6
D3594.contig1715	483	15	9
D3594.contig1716	483	202	18
D3594.contig1717	483	10	5
D3594.contig1718	482	20	8
D3594.contig1719	482	14	3
D3594.contig1720	481	20	7
D3594.contig1721	481	22	13
D3594.contig1722	481	28	13
D3594.contig1723	481	10	6
D3594.contig1724	481	35	3
D3594.contig1725	481	27	7
D3594.contig1726	481	13	3
D3594.contig1727	481	9	7
D3594.contig1728	480	16	6
D3594.contig1729	480	22	8
D3594.contig1730	480	21	4
D3594.contig1731	480	19	2
D3594.contig1732	480	9	9
D3594.contig1733	480	18	6
D3594.contig1734	479	33	5
D3594.contig1735	479	32	6
D3594.contig1736	479	33	6
D3594.contig1737	479	17	1
D3594.contig1738	479	17	6
D3594.contig1739	479	20	4
D3594.contig1740	478	28	10
D3594.contig1741	478	21	8
D3594.contig1742	478	10	6
D3594.contig1743	477	14	8
D3594.contig1744	477	23	3
D3594.contig1745	477	19	5
D3594.contig1746	476	41	4
D3594.contig1747	476	18	5
D3594.contig1748	476	16	5
D3594.contig1749	475	11	6
D3594.contig1750	475	22	5
D3594.contig1751	475	22	3
D3594.contig1752	475	13	5
D3594.contig1753	474	23	9
D3594.contig1754	474	18	7
D3594.contig1755	474	12	6
D3594.contig1756	474	61	3
D3594.contig1757	473	35	7
D3594.contig1758	473	8	2
D3594.contig1759	473	11	3
D3594.contig1760	472	19	6
D3594.contig1761	472	15	2
D3594.contig1762	472	16	9
D3594.contig1763	472	141	5
D3594.contig1764	471	34	7
D3594.contig1765	471	21	6
D3594.contig1766	471	24	6
D3594.contig1767	470	21	5
D3594.contig1768	470	19	3
D3594.contig1769	470	27	3
D3594.contig1770	470	18	1
D3594.contig1771	470	18	5
D3594.contig1772	469	16	9
D3594.contig1773	469	33	5
D3594.contig1774	469	13	5
D3594.contig1775	469	16	2
D3594.contig1776	469	11	9
D3594.contig1777	468	19	5
D3594.contig1778	468	37	5
D3594.contig1779	468	26	1
D3594.contig1780	468	453	14
D3594.contig1781	468	31	7
D3594.contig1782	468	33	7
D3594.contig1783	468	127	11
D3594.contig1784	468	15	7
D3594.contig1785	468	11	7
D3594.contig1786	467	14	2
D3594.contig1787	467	19	7
D3594.contig1788	466	19	2
D3594.contig1789	466	26	6
D3594.contig1790	466	15	4
D3594.contig1791	466	2662	88
D3594.contig1792	466	20	4
D3594.contig1793	466	15	7
D3594.contig1794	466	1628	41
D3594.contig1795	465	29	5
D3594.contig1796	465	18	5
D3594.contig1797	465	28	5
D3594.contig1798	465	23	2
D3594.contig1799	465	29	9
D3594.contig1800	464	19	10
D3594.contig1801	464	19	1
D3594.contig1802	464	18	8
D3594.contig1803	464	23	7
D3594.contig1804	464	25	6
D3594.contig1805	464	30	9
D3594.contig1806	464	18	9
D3594.contig1807	464	28	5
D3594.contig1808	464	11	7
D3594.contig1809	464	25	6
D3594.contig1810	463	48	1
D3594.contig1811	463	21	6
D3594.contig1812	463	85	0
D3594.contig1813	463	8	4
D3594.contig1814	462	27	5
D3594.contig1815	462	17	5
D3594.contig1816	462	20	8
D3594.contig1817	462	16	5
D3594.contig1818	461	36	10
D3594.contig1819	460	25	7
D3594.contig1820	460	25	9
D3594.contig1821	460	419	24
D3594.contig1822	459	15	6
D3594.contig1823	459	23	7
D3594.contig1824	459	13	7
D3594.contig1825	459	18	9
D3594.contig1826	459	16	7
D3594.contig1827	458	32	13
D3594.contig1828	458	23	5
D3594.contig1829	458	17	6
D3594.contig1830	458	14	4
D3594.contig1831	457	22	5
D3594.contig1832	457	16	8
D3594.contig1833	456	27	7
D3594.contig1834	456	25	11
D3594.contig1835	456	7	6
D3594.contig1836	456	16	3
D3594.contig1837	456	22	1
D3594.contig1838	456	11	7
D3594.contig1839	456	16	4
D3594.contig1840	456	16	5
D3594.contig1841	456	13	7
D3594.contig1842	455	25	5
D3594.contig1843	455	20	6
D3594.contig1844	455	11	7
D3594.contig1845	455	15	5
D3594.contig1846	455	15	5
D3594.contig1847	455	15	7
D3594.contig1848	454	18	5
D3594.contig1849	454	13	11
D3594.contig1850	454	15	10
D3594.contig1851	454	17	10
D3594.contig1852	453	20	5
D3594.contig1853	453	22	5
D3594.contig1854	453	14	7
D3594.contig1855	453	13	7
D3594.contig1856	453	43	7
D3594.contig1857	453	23	1
D3594.contig1858	452	33	4
D3594.contig1859	452	25	8
D3594.contig1860	452	18	8
D3594.contig1861	452	13	7
D3594.contig1862	452	15	4
D3594.contig1863	451	10	8
D3594.contig1864	451	21	5
D3594.contig1865	451	17	8
D3594.contig1866	451	34	9
D3594.contig1867	451	31	7
D3594.contig1868	451	17	3
D3594.contig1869	450	14	6
D3594.contig1870	450	19	6
D3594.contig1871	450	26	3
D3594.contig1872	450	7	5
D3594.contig1873	450	18	6
D3594.contig1874	450	24	2
D3594.contig1875	450	11	5
D3594.contig1876	449	18	3
D3594.contig1877	449	90	12
D3594.contig1878	448	18	4
D3594.contig1879	448	19	4
D3594.contig1880	448	28	2
D3594.contig1881	448	20	7
D3594.contig1882	447	20	7
D3594.contig1883	447	15	7
D3594.contig1884	447	32	8
D3594.contig1885	447	17	12
D3594.contig1886	446	19	3
D3594.contig1887	446	15	10
D3594.contig1888	446	43	4
D3594.contig1889	446	17	3
D3594.contig1890	446	18	7
D3594.contig1891	446	16	7
D3594.contig1892	446	40	8
D3594.contig1893	445	11	7
D3594.contig1894	445	20	10
D3594.contig1895	445	12	6
D3594.contig1896	445	15	4
D3594.contig1897	444	93	4
D3594.contig1898	444	24	8
D3594.contig1899	444	20	5
D3594.contig1900	444	17	5
D3594.contig1901	444	47	0
D3594.contig1902	444	14	10
D3594.contig1903	444	22	4
D3594.contig1904	443	19	7
D3594.contig1905	443	14	5
D3594.contig1906	442	21	6
D3594.contig1907	442	15	5
D3594.contig1908	442	13	5
D3594.contig1909	441	19	5
D3594.contig1910	441	17	7
D3594.contig1911	440	14	6
D3594.contig1912	440	26	10
D3594.contig1913	440	23	2
D3594.contig1914	440	17	9
D3594.contig1915	439	13	6
D3594.contig1916	439	18	0
D3594.contig1917	439	20	3
D3594.contig1918	438	24	2
D3594.contig1919	438	26	6
D3594.contig1920	438	20	8
D3594.contig1921	438	21	5
D3594.contig1922	438	21	1
D3594.contig1923	437	75	2
D3594.contig1924	437	20	8
D3594.contig1925	437	19	11
D3594.contig1926	437	14	10
D3594.contig1927	437	11	2
D3594.contig1928	437	20	5
D3594.contig1929	436	8	5
D3594.contig1930	436	14	8
D3594.contig1931	436	18	6
D3594.contig1932	436	92	7
D3594.contig1933	436	18	16
D3594.contig1934	435	24	12
D3594.contig1935	435	17	12
D3594.contig1936	435	27	4
D3594.contig1937	435	25	7
D3594.contig1938	435	15	4
D3594.contig1939	435	21	11
D3594.contig1940	434	13	5
D3594.contig1941	434	18	10
D3594.contig1942	434	16	5
D3594.contig1943	434	20	2
D3594.contig1944	434	9	5
D3594.contig1945	434	16	4
D3594.contig1946	434	13	5
D3594.contig1947	433	21	3
D3594.contig1948	433	8	4
D3594.contig1949	433	15	5
D3594.contig1950	433	34	3
D3594.contig1951	433	31	9
D3594.contig1952	433	23	9
D3594.contig1953	432	18	3
D3594.contig1954	432	11	5
D3594.contig1955	432	16	5
D3594.contig1956	432	17	6
D3594.contig1957	432	15	6
D3594.contig1958	432	16	8
D3594.contig1959	431	18	9
D3594.contig1960	431	90	9
D3594.contig1961	431	27	8
D3594.contig1962	431	17	9
D3594.contig1963	431	28	10
D3594.contig1964	431	20	4
D3594.contig1965	431	14	7
D3594.contig1966	431	15	8
D3594.contig1967	430	160	6
D3594.contig1968	430	23	4
D3594.contig1969	430	26	14
D3594.contig1970	430	12	8
D3594.contig1971	430	15	2
D3594.contig1972	430	23	8
D3594.contig1973	430	15	8
D3594.contig1974	430	13	6
D3594.contig1975	430	22	9
D3594.contig1976	430	18	2
D3594.contig1977	429	16	3
D3594.contig1978	429	12	6
D3594.contig1979	429	14	6
D3594.contig1980	429	21	5
D3594.contig1981	429	16	9
D3594.contig1982	429	26	7
D3594.contig1983	428	9	5
D3594.contig1984	428	14	9
D3594.contig1985	428	22	4
D3594.contig1986	428	26	2
D3594.contig1987	428	11	3
D3594.contig1988	428	15	7
D3594.contig1989	428	13	5
D3594.contig1990	428	13	3
D3594.contig1991	428	27	9
D3594.contig1992	428	21	6
D3594.contig1993	428	14	9
D3594.contig1994	427	36	6
D3594.contig1995	427	18	9
D3594.contig1996	427	16	6
D3594.contig1997	427	23	5
D3594.contig1998	427	12	8
D3594.contig1999	427	19	4
D3594.contig2000	427	16	11
D3594.contig2001	427	19	3
D3594.contig2002	426	19	13
D3594.contig2003	426	18	8
D3594.contig2004	426	77	0
D3594.contig2005	425	10	3
D3594.contig2006	425	28	6
D3594.contig2007	425	11	5
D3594.contig2008	425	8	4
D3594.contig2009	425	11	6
D3594.contig2010	424	25	3
D3594.contig2011	424	15	5
D3594.contig2012	424	18	2
D3594.contig2013	423	16	8
D3594.contig2014	423	14	4
D3594.contig2015	423	25	6
D3594.contig2016	423	20	8
D3594.contig2017	423	8	6
D3594.contig2018	423	19	7
D3594.contig2019	423	14	6
D3594.contig2020	423	32	3
D3594.contig2021	423	20	9
D3594.contig2022	423	23	15
D3594.contig2023	422	15	4
D3594.contig2024	422	18	9
D3594.contig2025	422	21	9
D3594.contig2026	422	15	3
D3594.contig2027	422	11	6
D3594.contig2028	422	20	7
D3594.contig2029	422	107	3
D3594.contig2030	422	14	7
D3594.contig2031	422	22	8
D3594.contig2032	422	12	2
D3594.contig2033	422	15	11
D3594.contig2034	421	12	7
D3594.contig2035	421	40	5
D3594.contig2036	421	17	7
D3594.contig2037	421	17	5
D3594.contig2038	420	111	5
D3594.contig2039	420	20	8
D3594.contig2040	420	11	2
D3594.contig2041	420	14	4
D3594.contig2042	419	9	5
D3594.contig2043	419	19	5
D3594.contig2044	418	18	9
D3594.contig2045	418	12	6
D3594.contig2046	418	25	8
D3594.contig2047	418	24	5
D3594.contig2048	418	11	4
D3594.contig2049	418	12	5
D3594.contig2050	418	23	8
D3594.contig2051	418	87	5
D3594.contig2052	417	12	3
D3594.contig2053	417	18	3
D3594.contig2054	417	37	4
D3594.contig2055	417	22	4
D3594.contig2056	417	18	5
D3594.contig2057	417	15	4
D3594.contig2058	417	12	4
D3594.contig2059	416	18	8
D3594.contig2060	416	9	3
D3594.contig2061	416	11	7
D3594.contig2062	416	17	6
D3594.contig2063	416	8	6
D3594.contig2064	416	11	5
D3594.contig2065	415	22	16
D3594.contig2066	415	17	3
D3594.contig2067	415	21	7
D3594.contig2068	415	19	6
D3594.contig2069	415	16	14
D3594.contig2070	414	18	5
D3594.contig2071	414	17	3
D3594.contig2072	414	18	5
D3594.contig2073	414	16	3
D3594.contig2074	414	18	3
D3594.contig2075	414	13	7
D3594.contig2076	414	35	16
D3594.contig2077	414	14	3
D3594.contig2078	414	10	4
D3594.contig2079	413	12	8
D3594.contig2080	413	8	4
D3594.contig2081	413	17	5
D3594.contig2082	413	12	4
D3594.contig2083	413	12	10
D3594.contig2084	413	14	8
D3594.contig2085	413	13	5
D3594.contig2086	413	19	4
D3594.contig2087	413	17	11
D3594.contig2088	413	12	6
D3594.contig2089	412	14	5
D3594.contig2090	412	12	5
D3594.contig2091	412	9	5
D3594.contig2092	412	20	5
D3594.contig2093	412	9	1
D3594.contig2094	412	13	7
D3594.contig2095	412	16	5
D3594.contig2096	412	6	4
D3594.contig2097	411	15	9
D3594.contig2098	411	23	6
D3594.contig2099	411	12	4
D3594.contig2100	411	15	3
D3594.contig2101	411	19	4
D3594.contig2102	411	14	9
D3594.contig2103	411	9	3
D3594.contig2104	411	14	7
D3594.contig2105	410	14	9
D3594.contig2106	410	8	2
D3594.contig2107	410	13	4
D3594.contig2108	410	8	3
D3594.contig2109	410	22	2
D3594.contig2110	409	16	6
D3594.contig2111	409	11	6
D3594.contig2112	408	10	6
D3594.contig2113	408	34	6
D3594.contig2114	408	11	7
D3594.contig2115	408	32	4
D3594.contig2116	408	17	11
D3594.contig2117	408	12	8
D3594.contig2118	408	16	8
D3594.contig2119	408	14	6
D3594.contig2120	408	11	7
D3594.contig2121	407	17	5
D3594.contig2122	407	29	2
D3594.contig2123	407	69	2
D3594.contig2124	407	15	6
D3594.contig2125	406	21	6
D3594.contig2126	406	161	5
D3594.contig2127	406	14	1
D3594.contig2128	406	8	6
D3594.contig2129	406	10	7
D3594.contig2130	406	17	8
D3594.contig2131	406	23	1
D3594.contig2132	406	14	7
D3594.contig2133	406	17	7
D3594.contig2134	405	5	1
D3594.contig2135	405	13	6
D3594.contig2136	405	14	10
D3594.contig2137	405	21	8
D3594.contig2138	405	16	6
D3594.contig2139	405	12	3
D3594.contig2140	404	13	7
D3594.contig2141	404	15	7
D3594.contig2142	404	14	8
D3594.contig2143	404	15	5
D3594.contig2144	404	13	3
D3594.contig2145	404	16	4
D3594.contig2146	404	19	14
D3594.contig2147	403	23	5
D3594.contig2148	403	17	5
D3594.contig2149	403	12	4
D3594.contig2150	403	11	6
D3594.contig2151	402	133	2
D3594.contig2152	402	14	3
D3594.contig2153	402	17	8
D3594.contig2154	402	14	1
D3594.contig2155	402	23	5
D3594.contig2156	402	9	7
D3594.contig2157	401	20	12
D3594.contig2158	401	15	8
D3594.contig2159	401	15	10
D3594.contig2160	401	18	7
D3594.contig2161	401	21	6
D3594.contig2162	401	11	7
D3594.contig2163	401	14	9
D3594.contig2164	400	14	10
D3594.contig2165	400	12	10
D3594.contig2166	400	62	2
D3594.contig2167	400	15	10
D3594.contig2168	400	12	6
D3594.contig2169	400	14	8
D3594.contig2170	399	26	1
D3594.contig2171	399	14	3
D3594.contig2172	399	16	4
D3594.contig2173	399	17	9
D3594.contig2174	399	14	4
D3594.contig2175	398	13	3
D3594.contig2176	398	20	5
D3594.contig2177	398	52	4
D3594.contig2178	398	9	7
D3594.contig2179	398	15	7
D3594.contig2180	397	8	6
D3594.contig2181	397	12	6
D3594.contig2182	397	13	4
D3594.contig2183	397	14	7
D3594.contig2184	397	11	7
D3594.contig2185	396	18	5
D3594.contig2186	396	25	9
D3594.contig2187	396	13	4
D3594.contig2188	396	16	7
D3594.contig2189	396	10	9
D3594.contig2190	396	15	4
D3594.contig2191	396	26	16
D3594.contig2192	396	10	5
D3594.contig2193	396	19	5
D3594.contig2194	396	11	7
D3594.contig2195	396	11	7
D3594.contig2196	396	12	8
D3594.contig2197	396	19	6
D3594.contig2198	395	10	8
D3594.contig2199	395	16	9
D3594.contig2200	395	27	0
D3594.contig2201	395	9	8
D3594.contig2202	395	16	5
D3594.contig2203	395	13	6
D3594.contig2204	395	15	8
D3594.contig2205	395	22	9
D3594.contig2206	394	17	3
D3594.contig2207	394	18	8
D3594.contig2208	394	9	5
D3594.contig2209	394	6	2
D3594.contig2210	394	10	6
D3594.contig2211	394	15	9
D3594.contig2212	393	28	5
D3594.contig2213	393	11	3
D3594.contig2214	393	10	8
D3594.contig2215	392	17	11
D3594.contig2216	392	11	6
D3594.contig2217	392	14	3
D3594.contig2218	392	29	6
D3594.contig2219	392	13	5
D3594.contig2220	391	19	7
D3594.contig2221	391	26	12
D3594.contig2222	391	13	9
D3594.contig2223	391	10	4
D3594.contig2224	391	7	5
D3594.contig2225	391	15	4
D3594.contig2226	391	18	10
D3594.contig2227	391	11	7
D3594.contig2228	391	23	10
D3594.contig2229	391	22	3
D3594.contig2230	391	25	1
D3594.contig2231	390	16	6
D3594.contig2232	390	11	2
D3594.contig2233	390	18	7
D3594.contig2234	390	9	2
D3594.contig2235	390	12	6
D3594.contig2236	390	8	6
D3594.contig2237	390	20	4
D3594.contig2238	390	15	7
D3594.contig2239	390	13	7
D3594.contig2240	390	10	4
D3594.contig2241	389	14	8
D3594.contig2242	389	16	10
D3594.contig2243	389	8	6
D3594.contig2244	389	15	10
D3594.contig2245	389	24	18
D3594.contig2246	389	11	8
D3594.contig2247	389	9	7
D3594.contig2248	388	15	2
D3594.contig2249	388	12	2
D3594.contig2250	388	13	2
D3594.contig2251	388	22	7
D3594.contig2252	388	22	13
D3594.contig2253	388	10	4
D3594.contig2254	388	19	9
D3594.contig2255	387	11	10
D3594.contig2256	387	17	6
D3594.contig2257	387	17	8
D3594.contig2258	387	11	8
D3594.contig2259	387	16	11
D3594.contig2260	387	11	4
D3594.contig2261	387	20	8
D3594.contig2262	386	28	3
D3594.contig2263	386	10	5
D3594.contig2264	386	10	6
D3594.contig2265	386	15	9
D3594.contig2266	386	15	2
D3594.contig2267	386	22	7
D3594.contig2268	386	14	1
D3594.contig2269	385	100	3
D3594.contig2270	385	7	4
D3594.contig2271	385	4	2
D3594.contig2272	385	26	8
D3594.contig2273	385	16	3
D3594.contig2274	385	13	7
D3594.contig2275	385	14	3
D3594.contig2276	384	16	8
D3594.contig2277	384	19	13
D3594.contig2278	384	17	3
D3594.contig2279	384	22	7
D3594.contig2280	384	13	4
D3594.contig2281	384	21	9
D3594.contig2282	384	13	3
D3594.contig2283	384	15	4
D3594.contig2284	384	9	7
D3594.contig2285	384	24	4
D3594.contig2286	383	14	8
D3594.contig2287	383	7	3
D3594.contig2288	383	17	3
D3594.contig2289	383	23	8
D3594.contig2290	383	11	9
D3594.contig2291	382	9	4
D3594.contig2292	382	13	7
D3594.contig2293	382	24	1
D3594.contig2294	382	15	11
D3594.contig2295	382	59	3
D3594.contig2296	382	23	2
D3594.contig2297	382	15	7
D3594.contig2298	382	33	2
D3594.contig2299	382	13	9
D3594.contig2300	382	9	3
D3594.contig2301	382	13	9
D3594.contig2302	382	21	8
D3594.contig2303	382	10	6
D3594.contig2304	382	16	10
D3594.contig2305	382	10	1
D3594.contig2306	381	14	2
D3594.contig2307	381	11	5
D3594.contig2308	381	10	4
D3594.contig2309	381	11	7
D3594.contig2310	381	11	4
D3594.contig2311	381	9	7
D3594.contig2312	381	12	8
D3594.contig2313	381	23	6
D3594.contig2314	380	16	8
D3594.contig2315	380	16	4
D3594.contig2316	380	27	7
D3594.contig2317	380	8	6
D3594.contig2318	380	7	5
D3594.contig2319	380	18	6
D3594.contig2320	379	13	3
D3594.contig2321	379	27	13
D3594.contig2322	379	14	5
D3594.contig2323	379	114	3
D3594.contig2324	379	6	6
D3594.contig2325	379	14	2
D3594.contig2326	379	15	6
D3594.contig2327	379	17	3
D3594.contig2328	379	20	7
D3594.contig2329	379	11	4
D3594.contig2330	378	17	0
D3594.contig2331	378	12	9
D3594.contig2332	378	15	10
D3594.contig2333	378	8	4
D3594.contig2334	378	50	2
D3594.contig2335	378	12	10
D3594.contig2336	377	15	7
D3594.contig2337	377	15	5
D3594.contig2338	377	14	10
D3594.contig2339	377	11	6
D3594.contig2340	377	19	9
D3594.contig2341	377	6	6
D3594.contig2342	377	8	6
D3594.contig2343	377	16	10
D3594.contig2344	377	15	2
D3594.contig2345	376	15	8
D3594.contig2346	376	7	7
D3594.contig2347	376	57	7
D3594.contig2348	376	61	0
D3594.contig2349	376	26	2
D3594.contig2350	376	15	4
D3594.contig2351	375	14	5
D3594.contig2352	375	5	5
D3594.contig2353	375	17	3
D3594.contig2354	375	15	11
D3594.contig2355	375	13	5
D3594.contig2356	375	14	8
D3594.contig2357	375	12	8
D3594.contig2358	375	23	2
D3594.contig2359	374	17	12
D3594.contig2360	374	8	2
D3594.contig2361	374	12	6
D3594.contig2362	373	19	5
D3594.contig2363	373	8	6
D3594.contig2364	373	15	7
D3594.contig2365	373	24	7
D3594.contig2366	373	12	4
D3594.contig2367	373	12	8
D3594.contig2368	373	7	3
D3594.contig2369	372	14	10
D3594.contig2370	372	8	6
D3594.contig2371	372	14	2
D3594.contig2372	372	14	2
D3594.contig2373	372	18	5
D3594.contig2374	371	9	7
D3594.contig2375	371	17	3
D3594.contig2376	371	11	5
D3594.contig2377	371	20	14
D3594.contig2378	371	7	6
D3594.contig2379	371	18	4
D3594.contig2380	370	12	6
D3594.contig2381	370	9	7
D3594.contig2382	370	5	3
D3594.contig2383	370	12	4
D3594.contig2384	369	10	3
D3594.contig2385	369	14	5
D3594.contig2386	369	27	3
D3594.contig2387	368	12	7
D3594.contig2388	368	19	11
D3594.contig2389	368	14	10
D3594.contig2390	368	10	4
D3594.contig2391	368	7	7
D3594.contig2392	368	13	4
D3594.contig2393	367	10	1
D3594.contig2394	367	8	8
D3594.contig2395	367	24	10
D3594.contig2396	367	9	5
D3594.contig2397	367	8	4
D3594.contig2398	367	11	9
D3594.contig2399	367	45	2
D3594.contig2400	366	8	5
D3594.contig2401	366	10	6
D3594.contig2402	366	7	5
D3594.contig2403	366	12	8
D3594.contig2404	366	17	1
D3594.contig2405	366	11	6
D3594.contig2406	365	13	13
D3594.contig2407	365	13	7
D3594.contig2408	365	11	7
D3594.contig2409	365	10	3
D3594.contig2410	365	15	9
D3594.contig2411	364	10	3
D3594.contig2412	364	16	3
D3594.contig2413	364	21	5
D3594.contig2414	364	25	0
D3594.contig2415	364	9	5
D3594.contig2416	364	16	5
D3594.contig2417	364	13	10
D3594.contig2418	363	9	3
D3594.contig2419	363	28	4
D3594.contig2420	363	9	1
D3594.contig2421	363	9	3
D3594.contig2422	363	13	8
D3594.contig2423	363	17	2
D3594.contig2424	362	13	7
D3594.contig2425	362	14	9
D3594.contig2426	362	17	4
D3594.contig2427	362	10	4
D3594.contig2428	362	11	1
D3594.contig2429	362	14	6
D3594.contig2430	361	8	6
D3594.contig2431	361	14	9
D3594.contig2432	361	18	7
D3594.contig2433	361	14	6
D3594.contig2434	361	13	7
D3594.contig2435	361	10	5
D3594.contig2436	361	6	4
D3594.contig2437	360	12	12
D3594.contig2438	360	19	1
D3594.contig2439	360	7	3
D3594.contig2440	360	15	4
D3594.contig2441	360	5	5
D3594.contig2442	360	17	7
D3594.contig2443	360	15	6
D3594.contig2444	360	13	2
D3594.contig2445	360	14	6
D3594.contig2446	360	7	5
D3594.contig2447	359	34	8
D3594.contig2448	359	13	4
D3594.contig2449	359	13	7
D3594.contig2450	359	26	6
D3594.contig2451	359	9	7
D3594.contig2452	359	9	7
D3594.contig2453	359	14	3
D3594.contig2454	359	17	7
D3594.contig2455	359	17	6
D3594.contig2456	359	12	1
D3594.contig2457	358	23	6
D3594.contig2458	358	16	8
D3594.contig2459	358	10	5
D3594.contig2460	358	12	6
D3594.contig2461	358	11	5
D3594.contig2462	358	406	33
D3594.contig2463	358	5	5
D3594.contig2464	358	13	5
D3594.contig2465	357	10	6
D3594.contig2466	357	8	6
D3594.contig2467	357	13	1
D3594.contig2468	357	13	3
D3594.contig2469	357	16	4
D3594.contig2470	357	27	10
D3594.contig2471	357	7	6
D3594.contig2472	357	26	7
D3594.contig2473	356	12	2
D3594.contig2474	356	25	9
D3594.contig2475	356	12	4
D3594.contig2476	356	35	3
D3594.contig2477	356	9	7
D3594.contig2478	356	8	8
D3594.contig2479	356	5	5
D3594.contig2480	355	26	10
D3594.contig2481	355	89	0
D3594.contig2482	355	13	8
D3594.contig2483	355	7	4
D3594.contig2484	354	7	7
D3594.contig2485	354	6	4
D3594.contig2486	354	17	8
D3594.contig2487	354	9	5
D3594.contig2488	354	9	5
D3594.contig2489	353	12	8
D3594.contig2490	353	9	5
D3594.contig2491	353	22	5
D3594.contig2492	353	5	3
D3594.contig2493	353	14	7
D3594.contig2494	352	69	2
D3594.contig2495	352	13	3
D3594.contig2496	352	17	5
D3594.contig2497	352	11	3
D3594.contig2498	351	17	5
D3594.contig2499	351	16	6
D3594.contig2500	351	9	1
D3594.contig2501	351	24	12
D3594.contig2502	351	9	3
D3594.contig2503	351	18	11
D3594.contig2504	351	12	3
D3594.contig2505	351	13	5
D3594.contig2506	351	9	3
D3594.contig2507	351	12	8
D3594.contig2508	350	11	1
D3594.contig2509	350	7	3
D3594.contig2510	350	20	15
D3594.contig2511	350	12	4
D3594.contig2512	350	22	5
D3594.contig2513	349	8	4
D3594.contig2514	349	12	7
D3594.contig2515	349	13	3
D3594.contig2516	349	11	6
D3594.contig2517	349	20	8
D3594.contig2518	349	11	5
D3594.contig2519	349	5	3
D3594.contig2520	349	19	4
D3594.contig2521	349	20	4
D3594.contig2522	349	4	2
D3594.contig2523	349	8	6
D3594.contig2524	349	14	1
D3594.contig2525	348	16	3
D3594.contig2526	348	15	5
D3594.contig2527	348	14	5
D3594.contig2528	348	87	2
D3594.contig2529	348	12	4
D3594.contig2530	348	25	2
D3594.contig2531	348	15	4
D3594.contig2532	347	9	5
D3594.contig2533	347	12	5
D3594.contig2534	347	6	4
D3594.contig2535	347	11	3
D3594.contig2536	346	10	3
D3594.contig2537	346	20	7
D3594.contig2538	346	9	6
D3594.contig2539	346	15	4
D3594.contig2540	346	9	3
D3594.contig2541	346	11	3
D3594.contig2542	345	17	3
D3594.contig2543	345	5	5
D3594.contig2544	345	15	7
D3594.contig2545	345	6	4
D3594.contig2546	345	6	6
D3594.contig2547	345	12	8
D3594.contig2548	345	8	5
D3594.contig2549	345	19	8
D3594.contig2550	345	9	7
D3594.contig2551	345	97	4
D3594.contig2552	344	10	8
D3594.contig2553	344	5	3
D3594.contig2554	344	8	2
D3594.contig2555	344	20	3
D3594.contig2556	344	10	4
D3594.contig2557	344	10	2
D3594.contig2558	344	95	7
D3594.contig2559	344	8	4
D3594.contig2560	344	19	15
D3594.contig2561	343	7	7
D3594.contig2562	343	18	6
D3594.contig2563	343	38	1
D3594.contig2564	343	19	8
D3594.contig2565	343	12	9
D3594.contig2566	343	10	0
D3594.contig2567	343	22	3
D3594.contig2568	343	16	10
D3594.contig2569	343	8	5
D3594.contig2570	343	12	6
D3594.contig2571	343	15	7
D3594.contig2572	342	55	2
D3594.contig2573	342	19	5
D3594.contig2574	342	30	3
D3594.contig2575	342	7	7
D3594.contig2576	342	12	8
D3594.contig2577	342	22	7
D3594.contig2578	342	9	3
D3594.contig2579	341	5	3
D3594.contig2580	341	11	9
D3594.contig2581	341	15	4
D3594.contig2582	341	9	5
D3594.contig2583	341	4	3
D3594.contig2584	341	14	6
D3594.contig2585	341	14	11
D3594.contig2586	341	7	3
D3594.contig2587	341	13	6
D3594.contig2588	340	16	9
D3594.contig2589	340	14	5
D3594.contig2590	340	9	4
D3594.contig2591	340	9	4
D3594.contig2592	340	9	6
D3594.contig2593	340	13	6
D3594.contig2594	340	18	6
D3594.contig2595	340	7	5
D3594.contig2596	339	7	7
D3594.contig2597	339	6	6
D3594.contig2598	339	9	8
D3594.contig2599	339	8	5
D3594.contig2600	338	9	8
D3594.contig2601	338	17	7
D3594.contig2602	338	12	4
D3594.contig2603	338	9	2
D3594.contig2604	338	3	3
D3594.contig2605	338	8	6
D3594.contig2606	338	20	4
D3594.contig2607	338	18	3
D3594.contig2608	338	9	5
D3594.contig2609	338	16	4
D3594.contig2610	337	19	8
D3594.contig2611	337	15	2
D3594.contig2612	337	8	6
D3594.contig2613	337	12	6
D3594.contig2614	337	9	7
D3594.contig2615	337	14	9
D3594.contig2616	337	4	3
D3594.contig2617	337	7	5
D3594.contig2618	337	8	4
D3594.contig2619	337	7	5
D3594.contig2620	337	18	10
D3594.contig2621	336	8	4
D3594.contig2622	336	5	3
D3594.contig2623	336	9	7
D3594.contig2624	336	15	2
D3594.contig2625	336	18	7
D3594.contig2626	336	15	5
D3594.contig2627	335	12	5
D3594.contig2628	335	7	4
D3594.contig2629	335	5	3
D3594.contig2630	335	10	3
D3594.contig2631	335	17	4
D3594.contig2632	335	12	6
D3594.contig2633	335	10	5
D3594.contig2634	335	8	6
D3594.contig2635	335	16	3
D3594.contig2636	335	10	4
D3594.contig2637	334	8	4
D3594.contig2638	334	11	3
D3594.contig2639	334	10	3
D3594.contig2640	334	9	7
D3594.contig2641	334	11	4
D3594.contig2642	334	13	9
D3594.contig2643	334	3	1
D3594.contig2644	334	14	5
D3594.contig2645	333	7	3
D3594.contig2646	333	13	1
D3594.contig2647	333	44	3
D3594.contig2648	333	33	10
D3594.contig2649	333	12	8
D3594.contig2650	332	8	4
D3594.contig2651	332	8	6
D3594.contig2652	332	8	6
D3594.contig2653	332	13	3
D3594.contig2654	332	10	2
D3594.contig2655	332	6	4
D3594.contig2656	332	14	4
D3594.contig2657	332	14	4
D3594.contig2658	331	15	5
D3594.contig2659	331	16	5
D3594.contig2660	331	15	11
D3594.contig2661	331	10	3
D3594.contig2662	331	13	7
D3594.contig2663	331	7	1
D3594.contig2664	331	13	5
D3594.contig2665	331	8	3
D3594.contig2666	331	14	2
D3594.contig2667	331	24	9
D3594.contig2668	331	10	8
D3594.contig2669	331	12	6
D3594.contig2670	330	13	9
D3594.contig2671	330	14	5
D3594.contig2672	330	9	4
D3594.contig2673	330	13	8
D3594.contig2674	329	9	1
D3594.contig2675	329	9	6
D3594.contig2676	329	13	6
D3594.contig2677	328	7	3
D3594.contig2678	328	20	4
D3594.contig2679	328	12	7
D3594.contig2680	328	6	0
D3594.contig2681	328	7	6
D3594.contig2682	328	12	8
D3594.contig2683	328	18	8
D3594.contig2684	328	13	7
D3594.contig2685	328	10	6
D3594.contig2686	328	6	4
D3594.contig2687	328	33	5
D3594.contig2688	327	10	4
D3594.contig2689	327	8	6
D3594.contig2690	327	11	3
D3594.contig2691	327	15	5
D3594.contig2692	327	10	6
D3594.contig2693	327	9	2
D3594.contig2694	327	32	2
D3594.contig2695	327	7	7
D3594.contig2696	326	14	4
D3594.contig2697	326	5	3
D3594.contig2698	326	17	2
D3594.contig2699	326	11	5
D3594.contig2700	326	45	2
D3594.contig2701	326	5	5
D3594.contig2702	326	11	5
D3594.contig2703	326	11	8
D3594.contig2704	326	9	5
D3594.contig2705	326	8	5
D3594.contig2706	326	12	7
D3594.contig2707	325	10	1
D3594.contig2708	325	8	6
D3594.contig2709	325	12	2
D3594.contig2710	325	6	4
D3594.contig2711	325	9	5
D3594.contig2712	325	12	3
D3594.contig2713	325	9	8
D3594.contig2714	325	12	8
D3594.contig2715	325	9	5
D3594.contig2716	325	10	5
D3594.contig2717	325	15	4
D3594.contig2718	325	14	3
D3594.contig2719	325	11	5
D3594.contig2720	325	12	4
D3594.contig2721	325	5	5
D3594.contig2722	324	10	1
D3594.contig2723	324	7	5
D3594.contig2724	324	20	2
D3594.contig2725	324	13	8
D3594.contig2726	324	16	10
D3594.contig2727	324	12	1
D3594.contig2728	324	12	6
D3594.contig2729	324	14	12
D3594.contig2730	324	12	6
D3594.contig2731	323	16	11
D3594.contig2732	323	6	4
D3594.contig2733	323	15	4
D3594.contig2734	323	6	3
D3594.contig2735	323	7	3
D3594.contig2736	323	10	4
D3594.contig2737	323	20	0
D3594.contig2738	323	11	6
D3594.contig2739	323	4	4
D3594.contig2740	322	17	4
D3594.contig2741	322	16	8
D3594.contig2742	322	7	3
D3594.contig2743	322	5	5
D3594.contig2744	322	10	5
D3594.contig2745	322	4	2
D3594.contig2746	322	16	6
D3594.contig2747	322	7	5
D3594.contig2748	322	26	3
D3594.contig2749	322	9	4
D3594.contig2750	322	14	8
D3594.contig2751	322	13	5
D3594.contig2752	321	7	5
D3594.contig2753	321	13	4
D3594.contig2754	321	10	6
D3594.contig2755	321	10	3
D3594.contig2756	320	9	3
D3594.contig2757	320	10	5
D3594.contig2758	320	9	3
D3594.contig2759	320	9	1
D3594.contig2760	320	12	3
D3594.contig2761	320	11	3
D3594.contig2762	320	6	2
D3594.contig2763	320	12	4
D3594.contig2764	320	6	6
D3594.contig2765	320	10	4
D3594.contig2766	319	12	8
D3594.contig2767	319	7	3
D3594.contig2768	319	12	6
D3594.contig2769	319	10	10
D3594.contig2770	319	15	4
D3594.contig2771	319	14	5
D3594.contig2772	319	14	9
D3594.contig2773	319	14	10
D3594.contig2774	319	9	4
D3594.contig2775	319	10	5
D3594.contig2776	318	13	0
D3594.contig2777	318	10	5
D3594.contig2778	318	11	5
D3594.contig2779	318	16	13
D3594.contig2780	318	9	5
D3594.contig2781	318	20	2
D3594.contig2782	318	28	0
D3594.contig2783	318	6	2
D3594.contig2784	318	21	11
D3594.contig2785	318	10	5
D3594.contig2786	317	12	5
D3594.contig2787	317	11	5
D3594.contig2788	317	15	5
D3594.contig2789	317	11	7
D3594.contig2790	317	6	6
D3594.contig2791	317	7	5
D3594.contig2792	317	7	7
D3594.contig2793	317	19	8
D3594.contig2794	316	13	7
D3594.contig2795	316	8	4
D3594.contig2796	316	16	8
D3594.contig2797	316	12	9
D3594.contig2798	316	17	4
D3594.contig2799	316	9	9
D3594.contig2800	316	13	6
D3594.contig2801	316	13	3
D3594.contig2802	316	6	6
D3594.contig2803	316	7	5
D3594.contig2804	316	8	4
D3594.contig2805	316	9	5
D3594.contig2806	316	10	4
D3594.contig2807	316	14	6
D3594.contig2808	316	7	4
D3594.contig2809	316	13	5
D3594.contig2810	315	12	7
D3594.contig2811	315	13	8
D3594.contig2812	315	15	7
D3594.contig2813	315	6	6
D3594.contig2814	315	8	3
D3594.contig2815	315	8	2
D3594.contig2816	315	17	5
D3594.contig2817	315	6	4
D3594.contig2818	315	10	4
D3594.contig2819	315	9	9
D3594.contig2820	315	6	6
D3594.contig2821	315	11	7
D3594.contig2822	314	22	11
D3594.contig2823	314	9	5
D3594.contig2824	314	11	6
D3594.contig2825	314	9	4
D3594.contig2826	314	10	3
D3594.contig2827	314	5	5
D3594.contig2828	314	11	8
D3594.contig2829	314	7	5
D3594.contig2830	314	18	0
D3594.contig2831	314	13	3
D3594.contig2832	314	7	2
D3594.contig2833	314	5	3
D3594.contig2834	314	13	2
D3594.contig2835	314	7	3
D3594.contig2836	314	11	5
D3594.contig2837	314	5	5
D3594.contig2838	313	13	3
D3594.contig2839	313	8	8
D3594.contig2840	313	8	4
D3594.contig2841	313	13	8
D3594.contig2842	313	10	6
D3594.contig2843	313	8	2
D3594.contig2844	313	5	5
D3594.contig2845	313	36	9
D3594.contig2846	312	13	4
D3594.contig2847	312	36	2
D3594.contig2848	312	11	6
D3594.contig2849	312	3	3
D3594.contig2850	312	12	8
D3594.contig2851	312	7	1
D3594.contig2852	312	11	10
D3594.contig2853	312	11	9
D3594.contig2854	312	14	4
D3594.contig2855	312	10	3
D3594.contig2856	311	10	3
D3594.contig2857	311	17	6
D3594.contig2858	311	8	1
D3594.contig2859	311	11	3
D3594.contig2860	311	12	6
D3594.contig2861	311	5	3
D3594.contig2862	311	7	1
D3594.contig2863	311	10	5
D3594.contig2864	310	13	7
D3594.contig2865	310	10	6
D3594.contig2866	310	10	2
D3594.contig2867	310	11	6
D3594.contig2868	310	21	6
D3594.contig2869	310	19	3
D3594.contig2870	310	6	0
D3594.contig2871	310	12	1
D3594.contig2872	309	11	2
D3594.contig2873	309	6	1
D3594.contig2874	309	9	6
D3594.contig2875	309	17	0
D3594.contig2876	309	24	1
D3594.contig2877	309	6	2
D3594.contig2878	309	4	3
D3594.contig2879	309	4	4
D3594.contig2880	309	6	0
D3594.contig2881	309	9	9
D3594.contig2882	309	15	2
D3594.contig2883	309	10	3
D3594.contig2884	308	9	7
D3594.contig2885	308	8	1
D3594.contig2886	308	14	0
D3594.contig2887	308	12	6
D3594.contig2888	308	11	1
D3594.contig2889	308	22	4
D3594.contig2890	308	8	2
D3594.contig2891	307	52	1
D3594.contig2892	307	7	7
D3594.contig2893	307	7	5
D3594.contig2894	307	11	5
D3594.contig2895	307	6	4
D3594.contig2896	307	21	1
D3594.contig2897	307	13	3
D3594.contig2898	307	13	3
D3594.contig2899	306	7	4
D3594.contig2900	306	10	4
D3594.contig2901	306	10	10
D3594.contig2902	306	14	8
D3594.contig2903	306	6	4
D3594.contig2904	306	6	6
D3594.contig2905	306	10	1
D3594.contig2906	306	15	6
D3594.contig2907	306	11	8
D3594.contig2908	306	7	5
D3594.contig2909	306	5	1
D3594.contig2910	305	3	3
D3594.contig2911	305	9	3
D3594.contig2912	305	7	5
D3594.contig2913	305	13	10
D3594.contig2914	305	5	3
D3594.contig2915	305	8	4
D3594.contig2916	305	12	10
D3594.contig2917	305	6	4
D3594.contig2918	305	13	2
D3594.contig2919	305	12	8
D3594.contig2920	304	7	5
D3594.contig2921	304	16	9
D3594.contig2922	304	15	8
D3594.contig2923	304	9	4
D3594.contig2924	304	8	4
D3594.contig2925	304	13	4
D3594.contig2926	304	6	6
D3594.contig2927	304	3	3
D3594.contig2928	304	16	1
D3594.contig2929	304	8	5
D3594.contig2930	304	75	1
D3594.contig2931	303	8	4
D3594.contig2932	303	7	5
D3594.contig2933	303	7	5
D3594.contig2934	303	12	7
D3594.contig2935	303	11	9
D3594.contig2936	303	12	3
D3594.contig2937	303	9	4
D3594.contig2938	302	15	0
D3594.contig2939	302	15	7
D3594.contig2940	302	8	7
D3594.contig2941	302	10	6
D3594.contig2942	302	8	6
D3594.contig2943	302	9	3
D3594.contig2944	302	10	2
D3594.contig2945	302	17	15
D3594.contig2946	302	12	4
D3594.contig2947	302	8	6
D3594.contig2948	302	7	1
D3594.contig2949	302	7	7
D3594.contig2950	302	7	4
D3594.contig2951	302	8	6
D3594.contig2952	302	11	6
D3594.contig2953	302	8	3
D3594.contig2954	302	8	5
D3594.contig2955	302	6	6
D3594.contig2956	301	18	10
D3594.contig2957	301	10	4
D3594.contig2958	301	13	5
D3594.contig2959	301	5	3
D3594.contig2960	301	19	7
D3594.contig2961	301	8	4
D3594.contig2962	301	12	6
D3594.contig2963	301	11	9
D3594.contig2964	301	12	3
D3594.contig2965	301	8	4
D3594.contig2966	300	6	4
D3594.contig2967	300	14	6
D3594.contig2968	300	11	9
D3594.contig2969	300	11	6
D3594.contig2970	300	9	7
D3594.contig2971	300	5	5
D3594.contig2972	300	9	4
D3594.contig2973	300	5	3
D3594.contig2974	300	13	6
*	0	0	130110
