R3331.contig1	1693	47768	98
R3331.contig2	1563	703189	39902
R3331.contig3	1347	92361	1850
R3331.contig4	1333	261360	9334
R3331.contig5	1309	50097	417
R3331.contig6	1213	19706	80
R3331.contig7	1154	164875	2282
R3331.contig8	1125	20399	43
R3331.contig9	1079	126334	1449
R3331.contig10	1063	45664	240
R3331.contig11	1056	614730	49446
R3331.contig12	1035	100175	9635
R3331.contig13	952	316962	3838
R3331.contig14	945	32390	679
R3331.contig15	936	19485	464
R3331.contig16	918	1536	23
R3331.contig17	865	15157	1314
R3331.contig18	852	60497	1254
R3331.contig19	828	5183	26
R3331.contig20	808	59005	2838
R3331.contig21	772	9667	10
R3331.contig22	736	88286	21445
R3331.contig23	695	137874	5446
R3331.contig24	681	21489	2271
R3331.contig25	665	173486	6939
R3331.contig26	661	2190	411
R3331.contig27	657	66488	2771
R3331.contig28	627	13075	256
R3331.contig29	627	1257	38
R3331.contig30	620	5921	565
R3331.contig31	612	40218	1671
R3331.contig32	612	400	0
R3331.contig33	611	9349	400
R3331.contig34	602	14737	1295
R3331.contig35	597	31191	1915
R3331.contig36	597	4616	130
R3331.contig37	588	37587	1429
R3331.contig38	583	37119	2762
R3331.contig39	575	133	1
R3331.contig40	573	14499	369
R3331.contig41	570	2172	117
R3331.contig42	569	163312	5083
R3331.contig43	565	5114	63
R3331.contig44	562	11419	1558
R3331.contig45	561	210681	9201
R3331.contig46	553	74257	6191
R3331.contig47	551	15248	314
R3331.contig48	545	8481	168
R3331.contig49	545	1729	308
R3331.contig50	544	5569	139
R3331.contig51	540	20565	7222
R3331.contig52	539	46267	7097
R3331.contig53	538	15183	1676
R3331.contig54	536	73903	5830
R3331.contig55	524	5204	89
R3331.contig56	524	2938	310
R3331.contig57	521	2167	9
R3331.contig58	517	1890	13
R3331.contig59	515	6466	53
R3331.contig60	514	39218	1919
R3331.contig61	509	294	0
R3331.contig62	502	23975	1203
R3331.contig63	501	4341	538
R3331.contig64	501	1479	7
R3331.contig65	500	12372	291
R3331.contig66	497	8466	416
R3331.contig67	497	26088	1395
R3331.contig68	497	10122	308
R3331.contig69	493	1006	111
R3331.contig70	493	19318	4059
R3331.contig71	483	13461	628
R3331.contig72	482	12122	320
R3331.contig73	481	10628	860
R3331.contig74	481	19542	4857
R3331.contig75	475	256123	15852
R3331.contig76	473	592	12
R3331.contig77	460	1752	290
R3331.contig78	457	330	51
R3331.contig79	456	182	2
R3331.contig80	454	1984	36
R3331.contig81	452	41168	583
R3331.contig82	451	52	4
R3331.contig83	428	18441	7375
R3331.contig84	427	505	56
R3331.contig85	418	101049	24147
R3331.contig86	409	14475	1138
R3331.contig87	409	218	0
R3331.contig88	406	1348	399
R3331.contig89	402	11195	1064
R3331.contig90	400	222	0
R3331.contig91	396	30257	2553
R3331.contig92	392	65	15
R3331.contig93	390	21318	2493
R3331.contig94	386	22	0
R3331.contig95	385	44	0
R3331.contig96	382	328	0
R3331.contig97	381	28050	1092
R3331.contig98	375	157	0
R3331.contig99	373	122	10
R3331.contig100	372	5749	41
R3331.contig101	369	34	0
R3331.contig102	369	775	13
R3331.contig103	362	2262	39
R3331.contig104	359	91037	1552
R3331.contig105	358	1223	6
R3331.contig106	357	47192	966
R3331.contig107	350	46994	3529
R3331.contig108	350	4460	381
R3331.contig109	348	53	1
R3331.contig110	344	26	0
R3331.contig111	344	96841	5341
R3331.contig112	341	77	1
R3331.contig113	340	137	1
R3331.contig114	338	196	0
R3331.contig115	337	26	0
R3331.contig116	337	1600	202
R3331.contig117	336	27063	5802
R3331.contig118	334	28	0
R3331.contig119	333	3652	25
R3331.contig120	332	29	0
R3331.contig121	331	1534	19
R3331.contig122	325	140	0
R3331.contig123	317	2698	722
R3331.contig124	316	35	1
R3331.contig125	315	48191	1829
R3331.contig126	311	15	7
R3331.contig127	310	25	3
R3331.contig128	310	12059	1266
R3331.contig129	309	6405	2137
R3331.contig130	308	11920	3786
R3331.contig131	308	38129	1916
R3331.contig132	302	53037	13024
*	0	0	295568
