R3764.contig1	2026	889	111
R3764.contig2	1721	18682	1844
R3764.contig3	1360	4671	2258
R3764.contig4	1250	11729	2017
R3764.contig5	1117	265047	69856
R3764.contig6	1043	1930	666
R3764.contig7	1020	3710783	331209
R3764.contig8	963	284579	46400
R3764.contig9	904	633	39
R3764.contig10	854	570	73
R3764.contig11	806	947	185
R3764.contig12	802	1946	650
R3764.contig13	757	751	113
R3764.contig14	697	49065	19783
R3764.contig15	695	2279478	191289
R3764.contig16	667	785	160
R3764.contig17	664	1143	97
R3764.contig18	658	230650	33223
R3764.contig19	614	4729	2461
R3764.contig20	584	382	66
R3764.contig21	573	1065	120
R3764.contig22	544	76	5
R3764.contig23	544	3084	542
R3764.contig24	528	9506	2027
R3764.contig25	523	4369	600
R3764.contig26	520	7720	1120
R3764.contig27	520	1573	279
R3764.contig28	520	1419	159
R3764.contig29	517	2527	279
R3764.contig30	503	102143	11719
R3764.contig31	502	335	19
R3764.contig32	478	14290	3645
R3764.contig33	476	12342	2861
R3764.contig34	450	19534	3876
R3764.contig35	436	4943	1524
R3764.contig36	430	24	0
R3764.contig37	416	349586	92792
R3764.contig38	412	368631	72714
R3764.contig39	412	10882	1863
R3764.contig40	407	52	1
R3764.contig41	404	2	1
R3764.contig42	404	12550	3324
R3764.contig43	391	5146	2132
R3764.contig44	387	136	34
R3764.contig45	387	36029	11309
R3764.contig46	382	7	0
R3764.contig47	370	41418	7083
R3764.contig48	359	14643	5170
R3764.contig49	357	412964	109337
R3764.contig50	346	15	0
R3764.contig51	342	21	0
R3764.contig52	332	86966	7589
R3764.contig53	327	940	187
R3764.contig54	315	1708	386
R3764.contig55	306	1005	139
R3764.contig56	302	76	8
R3764.contig57	300	1966	1194
*	0	0	17912478
