wgs20.contig1	1364363	15078	2681
wgs20.contig2	551707	10050	1944
wgs20.contig3	537100	8036	1403
wgs20.contig4	522725	4526	784
wgs20.contig5	412435	6157	1169
wgs20.contig6	274662	6327	1349
wgs20.contig7	254618	4900	672
wgs20.contig8	169293	4575	856
wgs20.contig9	133746	2559	589
wgs20.contig10	118897	1665	348
wgs20.contig11	115503	2495	614
wgs20.contig12	114110	1762	409
wgs20.contig13	75427	1566	362
wgs20.contig14	29220	3060	224
wgs20.contig15	26664	1988	285
wgs20.contig16	26244	3824	116
wgs20.contig17	19955	1165	125
wgs20.contig18	12778	614	37
wgs20.contig19	8102	12	1
wgs20.contig20	2894	5047	496
wgs20.contig21	2440	421	118
wgs20.contig22	2114	21	6
wgs20.contig23	2088	421	125
wgs20.contig24	1711	3353	330
wgs20.contig25	925	28	9
wgs20.contig26	881	5	0
wgs20.contig27	820	928	152
wgs20.contig28	768	1677	339
wgs20.contig29	674	295	55
wgs20.contig30	673	0	0
wgs20.contig31	618	250	12
wgs20.contig32	564	238	41
wgs20.contig33	477	0	0
wgs20.contig34	474	0	0
wgs20.contig35	469	0	0
wgs20.contig36	468	50	22
wgs20.contig37	452	0	0
wgs20.contig38	451	66	36
wgs20.contig39	450	0	0
wgs20.contig40	449	58	19
wgs20.contig41	443	63	10
wgs20.contig42	432	83	37
wgs20.contig43	429	0	0
wgs20.contig44	407	7	1
wgs20.contig45	380	48	21
wgs20.contig46	289	10	0
wgs20.contig47	280	54	2
wgs20.contig48	275	19	4
wgs20.contig49	274	3	2
wgs20.contig50	272	277	36
wgs20.contig51	269	45	1
wgs20.contig52	262	15	2
wgs20.contig53	262	89	26
wgs20.contig54	257	3	1
wgs20.contig55	255	4	0
wgs20.contig56	255	20	0
wgs20.contig57	255	6	2
wgs20.contig58	253	45	19
wgs20.contig59	250	8	0
wgs20.contig60	245	50	22
wgs20.contig61	232	77	22
wgs20.contig62	228	42	12
wgs20.contig63	226	48	8
wgs20.contig64	166	0	0
wgs20.contig65	164	0	0
wgs20.contig66	151	24	2
wgs20.contig67	149	12	3
wgs20.contig68	143	4	2
wgs20.contig69	143	5	1
wgs20.contig70	137	0	0
wgs20.contig71	137	8	4
wgs20.contig72	137	4	1
wgs20.contig73	132	1	0
wgs20.contig74	132	0	0
wgs20.contig75	130	2	0
wgs20.contig76	128	1	1
wgs20.contig77	128	0	0
*	0	0	7970728
