D385.contig1	500191	0	0
D385.contig2	149839	0	0
D385.contig3	86403	0	0
D385.contig4	70681	0	0
D385.contig5	66579	0	0
D385.contig6	62201	0	0
D385.contig7	60773	0	0
D385.contig8	51891	0	0
D385.contig9	47647	3605	298
D385.contig10	44848	0	0
D385.contig11	43906	24105	784
D385.contig12	43607	0	0
D385.contig13	41397	0	0
D385.contig14	40642	0	0
D385.contig15	39435	0	0
D385.contig16	39133	4039	91
D385.contig17	39103	0	0
D385.contig18	38831	0	0
D385.contig19	38690	0	0
D385.contig20	38359	0	0
D385.contig21	37389	45050	1544
D385.contig22	36751	0	0
D385.contig23	36609	4559	437
D385.contig24	36498	0	0
D385.contig25	36455	0	0
D385.contig26	34518	0	0
D385.contig27	34472	0	0
D385.contig28	33738	0	0
D385.contig29	33471	0	0
D385.contig30	31281	0	0
D385.contig31	31165	0	0
D385.contig32	30741	9343	295
D385.contig33	30694	55837	1488
D385.contig34	30067	0	0
D385.contig35	26975	0	0
D385.contig36	25601	10798	412
D385.contig37	25599	4971	137
D385.contig38	25542	0	0
D385.contig39	25520	0	0
D385.contig40	25365	2	0
D385.contig41	25198	0	0
D385.contig42	24609	0	0
D385.contig43	24464	0	0
D385.contig44	24151	0	0
D385.contig45	23911	0	0
D385.contig46	23893	0	0
D385.contig47	23542	9117	214
D385.contig48	23180	0	0
D385.contig49	22976	0	0
D385.contig50	22847	3	1
D385.contig51	22734	0	0
D385.contig52	22379	3529	157
D385.contig53	22290	0	0
D385.contig54	22188	46755	1643
D385.contig55	21231	0	0
D385.contig56	21218	2	2
D385.contig57	20669	7272	230
D385.contig58	20644	0	0
D385.contig59	20582	0	0
D385.contig60	20504	11518	431
D385.contig61	20361	0	0
D385.contig62	20133	0	0
D385.contig63	19979	0	0
D385.contig64	19924	0	0
D385.contig65	19878	8337	200
D385.contig66	19726	12473	412
D385.contig67	19315	7	1
D385.contig68	18725	2	0
D385.contig69	18538	3339	149
D385.contig70	18369	0	0
D385.contig71	18358	7253	195
D385.contig72	18200	0	0
D385.contig73	18076	0	0
D385.contig74	18010	1	1
D385.contig75	17947	0	0
D385.contig76	17855	4	1
D385.contig77	17851	7866	218
D385.contig78	17671	2332	109
D385.contig79	17655	0	0
D385.contig80	17438	0	0
D385.contig81	17398	0	0
D385.contig82	17220	0	0
D385.contig83	16952	7733	264
D385.contig84	16942	1258	36
D385.contig85	16916	0	0
D385.contig86	16812	0	0
D385.contig87	16505	0	0
D385.contig88	16423	0	0
D385.contig89	16283	20219	626
D385.contig90	16161	0	0
D385.contig91	16017	3749	123
D385.contig92	15982	0	0
D385.contig93	15880	5429	205
D385.contig94	15792	0	0
D385.contig95	15741	0	0
D385.contig96	15705	0	0
D385.contig97	15552	1918	59
D385.contig98	15127	3954	112
D385.contig99	15119	372	12
D385.contig100	15071	0	0
D385.contig101	15009	0	0
D385.contig102	14949	0	0
D385.contig103	14808	0	0
D385.contig104	14785	0	0
D385.contig105	14740	0	0
D385.contig106	14713	4260	129
D385.contig107	14633	0	0
D385.contig108	14610	0	0
D385.contig109	14599	45568	2254
D385.contig110	14415	0	0
D385.contig111	14348	5500	202
D385.contig112	14309	4371	206
D385.contig113	14284	0	0
D385.contig114	14040	0	0
D385.contig115	13746	3425	168
D385.contig116	13736	3394	180
D385.contig117	13712	0	0
D385.contig118	13553	0	0
D385.contig119	13531	2302	107
D385.contig120	13439	10919	287
D385.contig121	13367	0	0
D385.contig122	13155	0	0
D385.contig123	13084	8618	311
D385.contig124	13033	0	0
D385.contig125	13020	978	46
D385.contig126	12992	0	0
D385.contig127	12991	1519	59
D385.contig128	12889	0	0
D385.contig129	12829	2938	114
D385.contig130	12787	0	0
D385.contig131	12748	481	15
D385.contig132	12712	0	0
D385.contig133	12687	0	0
D385.contig134	12587	0	0
D385.contig135	12586	0	0
D385.contig136	12470	0	0
D385.contig137	12353	7487	281
D385.contig138	12226	0	0
D385.contig139	12151	0	0
D385.contig140	12101	0	0
D385.contig141	12001	4774	114
D385.contig142	11985	0	0
D385.contig143	11935	421	11
D385.contig144	11840	5696	275
D385.contig145	11839	9479	1469
D385.contig146	11710	0	0
D385.contig147	11598	0	0
D385.contig148	11554	4460	168
D385.contig149	11514	0	0
D385.contig150	11488	5820	233
D385.contig151	11462	0	0
D385.contig152	11440	462	16
D385.contig153	11388	3384	116
D385.contig154	11338	4	3
D385.contig155	11272	0	0
D385.contig156	11202	0	0
D385.contig157	11189	10488	277
D385.contig158	11076	0	0
D385.contig159	11042	0	0
D385.contig160	10945	0	0
D385.contig161	10929	0	0
D385.contig162	10898	6	2
D385.contig163	10847	8651	264
D385.contig164	10827	0	0
D385.contig165	10808	0	0
D385.contig166	10779	7994	232
D385.contig167	10740	626	16
D385.contig168	10736	0	0
D385.contig169	10669	0	0
D385.contig170	10523	0	0
D385.contig171	10497	0	0
D385.contig172	10483	0	0
D385.contig173	10369	0	0
D385.contig174	10357	7629	317
D385.contig175	10328	0	0
D385.contig176	10326	0	0
D385.contig177	10269	0	0
D385.contig178	10264	7018	257
D385.contig179	10249	561	19
D385.contig180	10177	0	0
D385.contig181	10107	0	0
D385.contig182	10034	0	0
D385.contig183	10032	4108	167
D385.contig184	10009	0	0
D385.contig185	9995	2516	100
D385.contig186	9922	548	108
D385.contig187	9900	0	0
D385.contig188	9875	0	0
D385.contig189	9789	0	0
D385.contig190	9788	288	10
D385.contig191	9778	613	18
D385.contig192	9756	4428	207
D385.contig193	9721	20273	548
D385.contig194	9693	0	0
D385.contig195	9654	1201	67
D385.contig196	9624	0	0
D385.contig197	9601	5781	233
D385.contig198	9583	0	0
D385.contig199	9508	0	0
D385.contig200	9436	11176	379
D385.contig201	9317	7114	203
D385.contig202	9317	0	0
D385.contig203	9255	4584	223
D385.contig204	9224	0	0
D385.contig205	9152	5904	222
D385.contig206	9137	0	0
D385.contig207	9094	0	0
D385.contig208	9074	0	0
D385.contig209	9070	0	0
D385.contig210	9047	7254	369
D385.contig211	8993	1674	110
D385.contig212	8968	0	0
D385.contig213	8949	722	25
D385.contig214	8888	0	0
D385.contig215	8835	0	0
D385.contig216	8734	4156	176
D385.contig217	8728	0	0
D385.contig218	8683	1322	60
D385.contig219	8599	3	1
D385.contig220	8588	0	0
D385.contig221	8587	0	0
D385.contig222	8582	0	0
D385.contig223	8539	2998	87
D385.contig224	8516	0	0
D385.contig225	8476	942	50
D385.contig226	8405	0	0
D385.contig227	8380	0	0
D385.contig228	8356	2375	132
D385.contig229	8337	1307	52
D385.contig230	8335	1262	55
D385.contig231	8333	0	0
D385.contig232	8325	938	57
D385.contig233	8305	1708	96
D385.contig234	8271	8051	403
D385.contig235	8221	0	0
D385.contig236	8220	3	1
D385.contig237	8209	0	0
D385.contig238	8208	2857	124
D385.contig239	8186	0	0
D385.contig240	8182	1355	90
D385.contig241	8178	15649	980
D385.contig242	8173	0	0
D385.contig243	8169	5506	210
D385.contig244	8146	0	0
D385.contig245	8037	0	0
D385.contig246	8025	1785	95
D385.contig247	8001	0	0
D385.contig248	7964	4267	219
D385.contig249	7895	1661	87
D385.contig250	7893	0	0
D385.contig251	7875	842	29
D385.contig252	7804	0	0
D385.contig253	7766	0	0
D385.contig254	7766	0	0
D385.contig255	7736	1	0
D385.contig256	7729	9519	768
D385.contig257	7694	0	0
D385.contig258	7599	0	0
D385.contig259	7571	10007	425
D385.contig260	7550	0	0
D385.contig261	7516	0	0
D385.contig262	7482	1260	39
D385.contig263	7434	0	0
D385.contig264	7347	514	32
D385.contig265	7313	0	0
D385.contig266	7282	0	0
D385.contig267	7275	0	0
D385.contig268	7266	0	0
D385.contig269	7190	4520	152
D385.contig270	7164	1599	77
D385.contig271	7114	0	0
D385.contig272	7112	0	0
D385.contig273	7110	292	14
D385.contig274	7106	0	0
D385.contig275	7087	17949	758
D385.contig276	7087	0	0
D385.contig277	7079	0	0
D385.contig278	7075	0	0
D385.contig279	7017	0	0
D385.contig280	7002	0	0
D385.contig281	6967	0	0
D385.contig282	6939	697	15
D385.contig283	6927	0	0
D385.contig284	6919	0	0
D385.contig285	6918	0	0
D385.contig286	6815	0	0
D385.contig287	6785	0	0
D385.contig288	6723	359	14
D385.contig289	6663	0	0
D385.contig290	6635	944	27
D385.contig291	6635	1011	39
D385.contig292	6611	0	0
D385.contig293	6595	0	0
D385.contig294	6580	0	0
D385.contig295	6554	698	17
D385.contig296	6486	0	0
D385.contig297	6484	0	0
D385.contig298	6481	0	0
D385.contig299	6425	0	0
D385.contig300	6419	0	0
D385.contig301	6411	0	0
D385.contig302	6405	3140	218
D385.contig303	6383	0	0
D385.contig304	6341	0	0
D385.contig305	6339	0	0
D385.contig306	6322	0	0
D385.contig307	6304	0	0
D385.contig308	6302	0	0
D385.contig309	6136	0	0
D385.contig310	6056	0	0
D385.contig311	6029	4295	317
D385.contig312	6007	0	0
D385.contig313	6007	0	0
D385.contig314	5951	994	48
D385.contig315	5924	2415	111
D385.contig316	5923	0	0
D385.contig317	5921	0	0
D385.contig318	5919	362	24
D385.contig319	5909	0	0
D385.contig320	5888	4108	455
D385.contig321	5879	0	0
D385.contig322	5876	0	0
D385.contig323	5846	0	0
D385.contig324	5803	352	30
D385.contig325	5785	0	0
D385.contig326	5773	0	0
D385.contig327	5745	0	0
D385.contig328	5724	306	16
D385.contig329	5708	0	0
D385.contig330	5667	0	0
D385.contig331	5649	3378	228
D385.contig332	5645	0	0
D385.contig333	5634	2331	145
D385.contig334	5610	0	0
D385.contig335	5605	0	0
D385.contig336	5600	1337	81
D385.contig337	5579	0	0
D385.contig338	5543	432	36
D385.contig339	5522	290	11
D385.contig340	5497	183	9
D385.contig341	5490	0	0
D385.contig342	5490	0	0
D385.contig343	5464	837	31
D385.contig344	5445	1279	68
D385.contig345	5443	783	45
D385.contig346	5442	14366	814
D385.contig347	5433	0	0
D385.contig348	5428	2404	121
D385.contig349	5424	5994	508
D385.contig350	5422	10783	1399
D385.contig351	5409	0	0
D385.contig352	5394	0	0
D385.contig353	5391	0	0
D385.contig354	5384	0	0
D385.contig355	5368	2383	139
D385.contig356	5367	0	0
D385.contig357	5332	1696	104
D385.contig358	5326	1239	32
D385.contig359	5318	0	0
D385.contig360	5308	0	0
D385.contig361	5304	0	0
D385.contig362	5255	0	0
D385.contig363	5251	759	29
D385.contig364	5248	0	0
D385.contig365	5240	0	0
D385.contig366	5232	0	0
D385.contig367	5204	0	0
D385.contig368	5202	0	0
D385.contig369	5198	0	0
D385.contig370	5185	0	0
D385.contig371	5184	0	0
D385.contig372	5181	0	0
D385.contig373	5166	452	19
D385.contig374	5161	0	0
D385.contig375	5158	992	100
D385.contig376	5154	1800	127
D385.contig377	5144	0	0
D385.contig378	5139	0	0
D385.contig379	5124	18	10
D385.contig380	5124	0	0
D385.contig381	5108	10129	831
D385.contig382	5105	0	0
D385.contig383	5100	0	0
D385.contig384	5067	0	0
D385.contig385	5058	0	0
D385.contig386	5041	0	0
D385.contig387	5040	0	0
D385.contig388	5040	736	54
D385.contig389	5038	500894	21494
D385.contig390	5029	0	0
D385.contig391	5004	0	0
D385.contig392	4983	0	0
D385.contig393	4983	0	0
D385.contig394	4975	0	0
D385.contig395	4952	0	0
D385.contig396	4943	0	0
D385.contig397	4924	0	0
D385.contig398	4899	965	33
D385.contig399	4836	446	34
D385.contig400	4834	0	0
D385.contig401	4828	2799	68
D385.contig402	4815	215	14
D385.contig403	4813	0	0
D385.contig404	4805	829	53
D385.contig405	4769	0	0
D385.contig406	4768	0	0
D385.contig407	4765	0	0
D385.contig408	4727	1096	49
D385.contig409	4718	739	40
D385.contig410	4718	0	0
D385.contig411	4663	0	0
D385.contig412	4661	0	0
D385.contig413	4658	0	0
D385.contig414	4646	0	0
D385.contig415	4637	369	30
D385.contig416	4622	0	0
D385.contig417	4606	2419	111
D385.contig418	4601	1268	57
D385.contig419	4600	261	14
D385.contig420	4593	11686	879
D385.contig421	4568	0	0
D385.contig422	4560	0	0
D385.contig423	4542	0	0
D385.contig424	4538	0	0
D385.contig425	4536	347	21
D385.contig426	4458	0	0
D385.contig427	4448	1531	158
D385.contig428	4446	0	0
D385.contig429	4440	0	0
D385.contig430	4437	0	0
D385.contig431	4435	109	7
D385.contig432	4384	6425	372
D385.contig433	4379	2217	154
D385.contig434	4377	0	0
D385.contig435	4366	0	0
D385.contig436	4362	0	0
D385.contig437	4358	0	0
D385.contig438	4355	0	0
D385.contig439	4351	0	0
D385.contig440	4342	758	44
D385.contig441	4339	0	0
D385.contig442	4337	467	49
D385.contig443	4334	142	6
D385.contig444	4328	0	0
D385.contig445	4322	0	0
D385.contig446	4316	0	0
D385.contig447	4294	0	0
D385.contig448	4291	0	0
D385.contig449	4288	0	0
D385.contig450	4282	1304	78
D385.contig451	4264	0	0
D385.contig452	4263	0	0
D385.contig453	4247	0	0
D385.contig454	4242	0	0
D385.contig455	4237	0	0
D385.contig456	4236	681	24
D385.contig457	4209	0	0
D385.contig458	4209	0	0
D385.contig459	4209	270	22
D385.contig460	4187	1271	61
D385.contig461	4174	0	0
D385.contig462	4156	0	0
D385.contig463	4146	0	0
D385.contig464	4134	0	0
D385.contig465	4130	16	0
D385.contig466	4124	0	0
D385.contig467	4116	0	0
D385.contig468	4103	394	18
D385.contig469	4097	13	0
D385.contig470	4091	0	0
D385.contig471	4087	1765	113
D385.contig472	4085	0	0
D385.contig473	4079	0	0
D385.contig474	4079	0	0
D385.contig475	4074	228	27
D385.contig476	4066	0	0
D385.contig477	4066	0	0
D385.contig478	4053	0	0
D385.contig479	4050	0	0
D385.contig480	4047	0	0
D385.contig481	4044	0	0
D385.contig482	4039	2487	123
D385.contig483	4037	288	22
D385.contig484	4030	0	0
D385.contig485	4023	0	0
D385.contig486	4017	0	0
D385.contig487	4010	0	0
D385.contig488	4001	1402	80
D385.contig489	3996	0	0
D385.contig490	3995	849	50
D385.contig491	3995	0	0
D385.contig492	3993	0	0
D385.contig493	3991	0	0
D385.contig494	3985	417	39
D385.contig495	3973	330	37
D385.contig496	3954	0	0
D385.contig497	3950	0	0
D385.contig498	3922	1462	100
D385.contig499	3906	0	0
D385.contig500	3903	0	0
D385.contig501	3899	319	14
D385.contig502	3898	1085	79
D385.contig503	3898	0	0
D385.contig504	3890	0	0
D385.contig505	3888	0	0
D385.contig506	3865	239	12
D385.contig507	3858	0	0
D385.contig508	3856	0	0
D385.contig509	3842	1726	71
D385.contig510	3830	0	0
D385.contig511	3820	1056	76
D385.contig512	3818	0	0
D385.contig513	3809	0	0
D385.contig514	3803	0	0
D385.contig515	3797	0	0
D385.contig516	3792	0	0
D385.contig517	3785	5489	165
D385.contig518	3772	0	0
D385.contig519	3764	1047	63
D385.contig520	3752	771	111
D385.contig521	3749	0	0
D385.contig522	3735	0	0
D385.contig523	3734	0	0
D385.contig524	3724	0	0
D385.contig525	3724	142	14
D385.contig526	3712	0	0
D385.contig527	3710	1571	81
D385.contig528	3705	0	0
D385.contig529	3682	0	0
D385.contig530	3680	1202	42
D385.contig531	3677	0	0
D385.contig532	3675	0	0
D385.contig533	3662	1034	79
D385.contig534	3653	0	0
D385.contig535	3649	449	6
D385.contig536	3642	235	22
D385.contig537	3638	446	44
D385.contig538	3636	0	0
D385.contig539	3615	0	0
D385.contig540	3610	162	27
D385.contig541	3607	340	20
D385.contig542	3603	844	68
D385.contig543	3602	206	62
D385.contig544	3597	0	0
D385.contig545	3588	0	0
D385.contig546	3583	0	0
D385.contig547	3572	1272	51
D385.contig548	3568	0	0
D385.contig549	3566	0	0
D385.contig550	3533	328	36
D385.contig551	3528	544	72
D385.contig552	3528	0	0
D385.contig553	3524	10176	838
D385.contig554	3524	325	29
D385.contig555	3512	0	0
D385.contig556	3511	0	0
D385.contig557	3505	0	0
D385.contig558	3501	1706	108
D385.contig559	3491	0	0
D385.contig560	3484	0	0
D385.contig561	3477	0	0
D385.contig562	3474	1793	61
D385.contig563	3474	0	0
D385.contig564	3471	0	0
D385.contig565	3468	359	29
D385.contig566	3460	0	0
D385.contig567	3458	0	0
D385.contig568	3457	203	19
D385.contig569	3439	75	7
D385.contig570	3439	0	0
D385.contig571	3437	0	0
D385.contig572	3428	0	0
D385.contig573	3424	1060	72
D385.contig574	3423	0	0
D385.contig575	3409	702	48
D385.contig576	3406	0	0
D385.contig577	3382	0	0
D385.contig578	3380	0	0
D385.contig579	3377	0	0
D385.contig580	3361	0	0
D385.contig581	3360	0	0
D385.contig582	3354	0	0
D385.contig583	3351	0	0
D385.contig584	3349	0	0
D385.contig585	3338	1198	46
D385.contig586	3336	1212	30
D385.contig587	3331	0	0
D385.contig588	3323	0	0
D385.contig589	3318	0	0
D385.contig590	3317	155	5
D385.contig591	3302	106	8
D385.contig592	3301	54	5
D385.contig593	3298	403	16
D385.contig594	3296	0	0
D385.contig595	3293	327	46
D385.contig596	3274	228	12
D385.contig597	3266	459	39
D385.contig598	3260	0	0
D385.contig599	3257	4432	106
D385.contig600	3256	765	134
D385.contig601	3254	270	34
D385.contig602	3253	0	0
D385.contig603	3242	0	0
D385.contig604	3239	701	24
D385.contig605	3238	0	0
D385.contig606	3237	0	0
D385.contig607	3237	13525	1112
D385.contig608	3229	0	0
D385.contig609	3228	2727	80
D385.contig610	3228	0	0
D385.contig611	3222	0	0
D385.contig612	3214	3626	331
D385.contig613	3206	960	83
D385.contig614	3202	0	0
D385.contig615	3199	801	51
D385.contig616	3193	0	0
D385.contig617	3176	734	51
D385.contig618	3174	0	0
D385.contig619	3162	0	0
D385.contig620	3155	560	56
D385.contig621	3145	0	0
D385.contig622	3137	448	46
D385.contig623	3125	385	20
D385.contig624	3120	344	17
D385.contig625	3111	0	0
D385.contig626	3107	469	40
D385.contig627	3099	0	0
D385.contig628	3096	0	0
D385.contig629	3090	420	32
D385.contig630	3090	0	0
D385.contig631	3087	173	13
D385.contig632	3087	72	12
D385.contig633	3082	337	18
D385.contig634	3077	292	22
D385.contig635	3070	249	18
D385.contig636	3064	0	0
D385.contig637	3057	3096	357
D385.contig638	3057	564	62
D385.contig639	3056	0	0
D385.contig640	3055	0	0
D385.contig641	3054	0	0
D385.contig642	3044	629	78
D385.contig643	3041	752	33
D385.contig644	3039	0	0
D385.contig645	3038	940	59
D385.contig646	3023	1322	48
D385.contig647	3023	0	0
D385.contig648	3014	0	0
D385.contig649	3009	0	0
D385.contig650	3001	0	0
D385.contig651	3000	0	0
*	0	0	915376
