D385.contig1	500191	0	0
D385.contig2	149839	0	0
D385.contig3	86403	0	0
D385.contig4	70681	3	2
D385.contig5	66579	18	2
D385.contig6	62201	0	0
D385.contig7	60773	0	0
D385.contig8	51891	0	0
D385.contig9	47647	1485	141
D385.contig10	44848	1	0
D385.contig11	43906	9405	295
D385.contig12	43607	0	0
D385.contig13	41397	0	0
D385.contig14	40642	1	1
D385.contig15	39435	0	0
D385.contig16	39133	795	19
D385.contig17	39103	0	0
D385.contig18	38831	119	45
D385.contig19	38690	0	0
D385.contig20	38359	0	0
D385.contig21	37389	16673	417
D385.contig22	36751	0	0
D385.contig23	36609	5399	609
D385.contig24	36498	0	0
D385.contig25	36455	0	0
D385.contig26	34518	12	12
D385.contig27	34472	0	0
D385.contig28	33738	0	0
D385.contig29	33471	4	0
D385.contig30	31281	19239	14603
D385.contig31	31165	0	0
D385.contig32	30741	2022	56
D385.contig33	30694	13463	333
D385.contig34	30067	0	0
D385.contig35	26975	0	0
D385.contig36	25601	9162	244
D385.contig37	25599	863	23
D385.contig38	25542	27	2
D385.contig39	25520	0	0
D385.contig40	25365	0	0
D385.contig41	25198	0	0
D385.contig42	24609	0	0
D385.contig43	24464	2	0
D385.contig44	24151	0	0
D385.contig45	23911	0	0
D385.contig46	23893	0	0
D385.contig47	23542	1428	52
D385.contig48	23180	0	0
D385.contig49	22976	0	0
D385.contig50	22847	0	0
D385.contig51	22734	0	0
D385.contig52	22379	1870	62
D385.contig53	22290	0	0
D385.contig54	22188	6277	192
D385.contig55	21231	0	0
D385.contig56	21218	0	0
D385.contig57	20669	1887	47
D385.contig58	20644	0	0
D385.contig59	20582	0	0
D385.contig60	20504	6076	172
D385.contig61	20361	0	0
D385.contig62	20133	13998	1620
D385.contig63	19979	0	0
D385.contig64	19924	4	2
D385.contig65	19878	2136	47
D385.contig66	19726	2694	72
D385.contig67	19315	0	0
D385.contig68	18725	0	0
D385.contig69	18538	2298	45
D385.contig70	18369	0	0
D385.contig71	18358	1242	39
D385.contig72	18200	0	0
D385.contig73	18076	0	0
D385.contig74	18010	1431	261
D385.contig75	17947	0	0
D385.contig76	17855	0	0
D385.contig77	17851	1261	37
D385.contig78	17671	713	37
D385.contig79	17655	0	0
D385.contig80	17438	16	2
D385.contig81	17398	2	0
D385.contig82	17220	0	0
D385.contig83	16952	1960	62
D385.contig84	16942	254	8
D385.contig85	16916	0	0
D385.contig86	16812	0	0
D385.contig87	16505	0	0
D385.contig88	16423	0	0
D385.contig89	16283	6155	159
D385.contig90	16161	0	0
D385.contig91	16017	1631	40
D385.contig92	15982	0	0
D385.contig93	15880	1808	64
D385.contig94	15792	0	0
D385.contig95	15741	0	0
D385.contig96	15705	0	0
D385.contig97	15552	1023	24
D385.contig98	15127	1090	20
D385.contig99	15119	169	6
D385.contig100	15071	0	0
D385.contig101	15009	0	0
D385.contig102	14949	111	97
D385.contig103	14808	0	0
D385.contig104	14785	0	0
D385.contig105	14740	0	0
D385.contig106	14713	420	16
D385.contig107	14633	0	0
D385.contig108	14610	0	0
D385.contig109	14599	5718	358
D385.contig110	14415	0	0
D385.contig111	14348	1130	34
D385.contig112	14309	1698	70
D385.contig113	14284	0	0
D385.contig114	14040	0	0
D385.contig115	13746	2304	69
D385.contig116	13736	1820	56
D385.contig117	13712	0	0
D385.contig118	13553	0	0
D385.contig119	13531	1644	50
D385.contig120	13439	2260	59
D385.contig121	13367	0	0
D385.contig122	13155	0	0
D385.contig123	13084	4759	108
D385.contig124	13033	0	0
D385.contig125	13020	289	15
D385.contig126	12992	0	0
D385.contig127	12991	468	15
D385.contig128	12889	0	0
D385.contig129	12829	829	22
D385.contig130	12787	0	0
D385.contig131	12748	144	6
D385.contig132	12712	0	0
D385.contig133	12687	0	0
D385.contig134	12587	0	0
D385.contig135	12586	0	0
D385.contig136	12470	0	0
D385.contig137	12353	2527	70
D385.contig138	12226	0	0
D385.contig139	12151	0	0
D385.contig140	12101	33	2
D385.contig141	12001	663	23
D385.contig142	11985	21	5
D385.contig143	11935	158	10
D385.contig144	11840	1526	62
D385.contig145	11839	6723	860
D385.contig146	11710	0	0
D385.contig147	11598	0	0
D385.contig148	11554	1921	74
D385.contig149	11514	0	0
D385.contig150	11488	353	29
D385.contig151	11462	0	0
D385.contig152	11440	105	5
D385.contig153	11388	868	26
D385.contig154	11338	0	0
D385.contig155	11272	7	3
D385.contig156	11202	0	0
D385.contig157	11189	2538	59
D385.contig158	11076	39	26
D385.contig159	11042	0	0
D385.contig160	10945	0	0
D385.contig161	10929	0	0
D385.contig162	10898	36	17
D385.contig163	10847	655	15
D385.contig164	10827	0	0
D385.contig165	10808	0	0
D385.contig166	10779	962	27
D385.contig167	10740	433	25
D385.contig168	10736	0	0
D385.contig169	10669	0	0
D385.contig170	10523	1	1
D385.contig171	10497	56	19
D385.contig172	10483	0	0
D385.contig173	10369	0	0
D385.contig174	10357	2384	62
D385.contig175	10328	0	0
D385.contig176	10326	0	0
D385.contig177	10269	0	0
D385.contig178	10264	1948	122
D385.contig179	10249	118	3
D385.contig180	10177	0	0
D385.contig181	10107	0	0
D385.contig182	10034	0	0
D385.contig183	10032	1023	44
D385.contig184	10009	0	0
D385.contig185	9995	1498	98
D385.contig186	9922	4	0
D385.contig187	9900	0	0
D385.contig188	9875	0	0
D385.contig189	9789	7	5
D385.contig190	9788	125	7
D385.contig191	9778	587	21
D385.contig192	9756	869	27
D385.contig193	9721	4278	96
D385.contig194	9693	0	0
D385.contig195	9654	446	23
D385.contig196	9624	0	0
D385.contig197	9601	927	34
D385.contig198	9583	0	0
D385.contig199	9508	0	0
D385.contig200	9436	2374	73
D385.contig201	9317	973	32
D385.contig202	9317	0	0
D385.contig203	9255	1314	77
D385.contig204	9224	0	0
D385.contig205	9152	1515	55
D385.contig206	9137	0	0
D385.contig207	9094	0	0
D385.contig208	9074	2	0
D385.contig209	9070	0	0
D385.contig210	9047	2105	99
D385.contig211	8993	396	24
D385.contig212	8968	0	0
D385.contig213	8949	719	17
D385.contig214	8888	0	0
D385.contig215	8835	0	0
D385.contig216	8734	272	8
D385.contig217	8728	0	0
D385.contig218	8683	948	52
D385.contig219	8599	0	0
D385.contig220	8588	0	0
D385.contig221	8587	0	0
D385.contig222	8582	59	49
D385.contig223	8539	222	8
D385.contig224	8516	0	0
D385.contig225	8476	408	19
D385.contig226	8405	0	0
D385.contig227	8380	0	0
D385.contig228	8356	630	32
D385.contig229	8337	524	25
D385.contig230	8335	215	6
D385.contig231	8333	0	0
D385.contig232	8325	118	5
D385.contig233	8305	442	24
D385.contig234	8271	2481	102
D385.contig235	8221	0	0
D385.contig236	8220	0	0
D385.contig237	8209	0	0
D385.contig238	8208	915	31
D385.contig239	8186	2571	1669
D385.contig240	8182	344	22
D385.contig241	8178	4583	320
D385.contig242	8173	0	0
D385.contig243	8169	428	18
D385.contig244	8146	0	0
D385.contig245	8037	0	0
D385.contig246	8025	810	35
D385.contig247	8001	0	0
D385.contig248	7964	2336	90
D385.contig249	7895	272	22
D385.contig250	7893	0	0
D385.contig251	7875	432	19
D385.contig252	7804	61	10
D385.contig253	7766	0	0
D385.contig254	7766	0	0
D385.contig255	7736	0	0
D385.contig256	7729	2017	215
D385.contig257	7694	0	0
D385.contig258	7599	0	0
D385.contig259	7571	1312	52
D385.contig260	7550	0	0
D385.contig261	7516	0	0
D385.contig262	7482	465	13
D385.contig263	7434	0	0
D385.contig264	7347	262	8
D385.contig265	7313	0	0
D385.contig266	7282	0	0
D385.contig267	7275	0	0
D385.contig268	7266	0	0
D385.contig269	7190	392	18
D385.contig270	7164	359	16
D385.contig271	7114	0	0
D385.contig272	7112	0	0
D385.contig273	7110	271	13
D385.contig274	7106	0	0
D385.contig275	7087	8044	307
D385.contig276	7087	0	0
D385.contig277	7079	0	0
D385.contig278	7075	0	0
D385.contig279	7017	0	0
D385.contig280	7002	0	0
D385.contig281	6967	0	0
D385.contig282	6939	256	9
D385.contig283	6927	0	0
D385.contig284	6919	0	0
D385.contig285	6918	2	0
D385.contig286	6815	0	0
D385.contig287	6785	0	0
D385.contig288	6723	111	7
D385.contig289	6663	0	0
D385.contig290	6635	406	6
D385.contig291	6635	230	12
D385.contig292	6611	0	0
D385.contig293	6595	0	0
D385.contig294	6580	0	0
D385.contig295	6554	476	16
D385.contig296	6486	0	0
D385.contig297	6484	0	0
D385.contig298	6481	0	0
D385.contig299	6425	0	0
D385.contig300	6419	0	0
D385.contig301	6411	0	0
D385.contig302	6405	646	38
D385.contig303	6383	0	0
D385.contig304	6341	0	0
D385.contig305	6339	0	0
D385.contig306	6322	0	0
D385.contig307	6304	0	0
D385.contig308	6302	0	0
D385.contig309	6136	0	0
D385.contig310	6056	0	0
D385.contig311	6029	1570	123
D385.contig312	6007	0	0
D385.contig313	6007	1	0
D385.contig314	5951	397	22
D385.contig315	5924	955	49
D385.contig316	5923	0	0
D385.contig317	5921	0	0
D385.contig318	5919	154	6
D385.contig319	5909	0	0
D385.contig320	5888	1205	112
D385.contig321	5879	0	0
D385.contig322	5876	0	0
D385.contig323	5846	25	15
D385.contig324	5803	103	2
D385.contig325	5785	0	0
D385.contig326	5773	0	0
D385.contig327	5745	0	0
D385.contig328	5724	241	15
D385.contig329	5708	0	0
D385.contig330	5667	0	0
D385.contig331	5649	895	54
D385.contig332	5645	0	0
D385.contig333	5634	485	20
D385.contig334	5610	0	0
D385.contig335	5605	0	0
D385.contig336	5600	331	27
D385.contig337	5579	0	0
D385.contig338	5543	95	7
D385.contig339	5522	224	4
D385.contig340	5497	60	2
D385.contig341	5490	0	0
D385.contig342	5490	0	0
D385.contig343	5464	53	1
D385.contig344	5445	310	16
D385.contig345	5443	234	13
D385.contig346	5442	2697	172
D385.contig347	5433	0	0
D385.contig348	5428	541	26
D385.contig349	5424	2075	151
D385.contig350	5422	3485	530
D385.contig351	5409	58722	5731
D385.contig352	5394	63284	6398
D385.contig353	5391	0	0
D385.contig354	5384	0	0
D385.contig355	5368	913	50
D385.contig356	5367	0	0
D385.contig357	5332	281	17
D385.contig358	5326	67	3
D385.contig359	5318	0	0
D385.contig360	5308	0	0
D385.contig361	5304	9	1
D385.contig362	5255	0	0
D385.contig363	5251	152	8
D385.contig364	5248	0	0
D385.contig365	5240	0	0
D385.contig366	5232	0	0
D385.contig367	5204	0	0
D385.contig368	5202	0	0
D385.contig369	5198	0	0
D385.contig370	5185	0	0
D385.contig371	5184	0	0
D385.contig372	5181	17	3
D385.contig373	5166	150	6
D385.contig374	5161	0	0
D385.contig375	5158	777	43
D385.contig376	5154	488	31
D385.contig377	5144	0	0
D385.contig378	5139	0	0
D385.contig379	5124	4	2
D385.contig380	5124	0	0
D385.contig381	5108	3945	253
D385.contig382	5105	0	0
D385.contig383	5100	231	22
D385.contig384	5067	0	0
D385.contig385	5058	174	31
D385.contig386	5041	0	0
D385.contig387	5040	0	0
D385.contig388	5040	145	11
D385.contig389	5038	666650	17617
D385.contig390	5029	0	0
D385.contig391	5004	0	0
D385.contig392	4983	0	0
D385.contig393	4983	0	0
D385.contig394	4975	0	0
D385.contig395	4952	0	0
D385.contig396	4943	0	0
D385.contig397	4924	4	0
D385.contig398	4899	133	5
D385.contig399	4836	280	16
D385.contig400	4834	0	0
D385.contig401	4828	884	28
D385.contig402	4815	83	4
D385.contig403	4813	0	0
D385.contig404	4805	154	11
D385.contig405	4769	0	0
D385.contig406	4768	0	0
D385.contig407	4765	0	0
D385.contig408	4727	242	18
D385.contig409	4718	209	12
D385.contig410	4718	0	0
D385.contig411	4663	0	0
D385.contig412	4661	96934	6792
D385.contig413	4658	41825	5176
D385.contig414	4646	0	0
D385.contig415	4637	71	13
D385.contig416	4622	0	0
D385.contig417	4606	830	36
D385.contig418	4601	89	4
D385.contig419	4600	36	1
D385.contig420	4593	2540	205
D385.contig421	4568	28	5
D385.contig422	4560	0	0
D385.contig423	4542	0	0
D385.contig424	4538	0	0
D385.contig425	4536	38	3
D385.contig426	4458	0	0
D385.contig427	4448	436	16
D385.contig428	4446	0	0
D385.contig429	4440	0	0
D385.contig430	4437	0	0
D385.contig431	4435	92	2
D385.contig432	4384	1352	112
D385.contig433	4379	1132	57
D385.contig434	4377	0	0
D385.contig435	4366	0	0
D385.contig436	4362	0	0
D385.contig437	4358	0	0
D385.contig438	4355	0	0
D385.contig439	4351	0	0
D385.contig440	4342	82	4
D385.contig441	4339	0	0
D385.contig442	4337	146	14
D385.contig443	4334	158	8
D385.contig444	4328	14856	2882
D385.contig445	4322	0	0
D385.contig446	4316	0	0
D385.contig447	4294	0	0
D385.contig448	4291	0	0
D385.contig449	4288	0	0
D385.contig450	4282	322	26
D385.contig451	4264	0	0
D385.contig452	4263	0	0
D385.contig453	4247	0	0
D385.contig454	4242	0	0
D385.contig455	4237	0	0
D385.contig456	4236	83	2
D385.contig457	4209	0	0
D385.contig458	4209	0	0
D385.contig459	4209	146	10
D385.contig460	4187	276	9
D385.contig461	4174	0	0
D385.contig462	4156	0	0
D385.contig463	4146	0	0
D385.contig464	4134	0	0
D385.contig465	4130	0	0
D385.contig466	4124	0	0
D385.contig467	4116	0	0
D385.contig468	4103	125	7
D385.contig469	4097	14	0
D385.contig470	4091	0	0
D385.contig471	4087	887	66
D385.contig472	4085	0	0
D385.contig473	4079	0	0
D385.contig474	4079	0	0
D385.contig475	4074	115	15
D385.contig476	4066	0	0
D385.contig477	4066	0	0
D385.contig478	4053	0	0
D385.contig479	4050	1	1
D385.contig480	4047	0	0
D385.contig481	4044	0	0
D385.contig482	4039	189	8
D385.contig483	4037	176	20
D385.contig484	4030	0	0
D385.contig485	4023	0	0
D385.contig486	4017	0	0
D385.contig487	4010	0	0
D385.contig488	4001	268	18
D385.contig489	3996	0	0
D385.contig490	3995	486	27
D385.contig491	3995	0	0
D385.contig492	3993	0	0
D385.contig493	3991	0	0
D385.contig494	3985	212	18
D385.contig495	3973	150	18
D385.contig496	3954	0	0
D385.contig497	3950	0	0
D385.contig498	3922	369	35
D385.contig499	3906	0	0
D385.contig500	3903	0	0
D385.contig501	3899	176	13
D385.contig502	3898	166	10
D385.contig503	3898	0	0
D385.contig504	3890	0	0
D385.contig505	3888	0	0
D385.contig506	3865	70	5
D385.contig507	3858	0	0
D385.contig508	3856	0	0
D385.contig509	3842	191	8
D385.contig510	3830	0	0
D385.contig511	3820	143	11
D385.contig512	3818	0	0
D385.contig513	3809	0	0
D385.contig514	3803	0	0
D385.contig515	3797	0	0
D385.contig516	3792	20	18
D385.contig517	3785	109	4
D385.contig518	3772	0	0
D385.contig519	3764	198	10
D385.contig520	3752	66	6
D385.contig521	3749	0	0
D385.contig522	3735	0	0
D385.contig523	3734	0	0
D385.contig524	3724	0	0
D385.contig525	3724	60	2
D385.contig526	3712	0	0
D385.contig527	3710	408	29
D385.contig528	3705	0	0
D385.contig529	3682	46	40
D385.contig530	3680	707	19
D385.contig531	3677	0	0
D385.contig532	3675	0	0
D385.contig533	3662	274	29
D385.contig534	3653	0	0
D385.contig535	3649	195	2
D385.contig536	3642	112	4
D385.contig537	3638	106	4
D385.contig538	3636	0	0
D385.contig539	3615	0	0
D385.contig540	3610	181	14
D385.contig541	3607	74	3
D385.contig542	3603	194	22
D385.contig543	3602	71	6
D385.contig544	3597	0	0
D385.contig545	3588	0	0
D385.contig546	3583	0	0
D385.contig547	3572	185	10
D385.contig548	3568	2213	97
D385.contig549	3566	0	0
D385.contig550	3533	140	14
D385.contig551	3528	167	27
D385.contig552	3528	0	0
D385.contig553	3524	2547	185
D385.contig554	3524	90	10
D385.contig555	3512	0	0
D385.contig556	3511	0	0
D385.contig557	3505	0	0
D385.contig558	3501	316	13
D385.contig559	3491	0	0
D385.contig560	3484	0	0
D385.contig561	3477	0	0
D385.contig562	3474	326	21
D385.contig563	3474	58810	7701
D385.contig564	3471	0	0
D385.contig565	3468	190	16
D385.contig566	3460	0	0
D385.contig567	3458	0	0
D385.contig568	3457	65	12
D385.contig569	3439	23	3
D385.contig570	3439	0	0
D385.contig571	3437	0	0
D385.contig572	3428	0	0
D385.contig573	3424	150	12
D385.contig574	3423	0	0
D385.contig575	3409	131	7
D385.contig576	3406	0	0
D385.contig577	3382	0	0
D385.contig578	3380	0	0
D385.contig579	3377	0	0
D385.contig580	3361	0	0
D385.contig581	3360	0	0
D385.contig582	3354	0	0
D385.contig583	3351	8281	2357
D385.contig584	3349	0	0
D385.contig585	3338	55	2
D385.contig586	3336	436	5
D385.contig587	3331	0	0
D385.contig588	3323	0	0
D385.contig589	3318	0	0
D385.contig590	3317	70	5
D385.contig591	3302	48	6
D385.contig592	3301	36	0
D385.contig593	3298	12	2
D385.contig594	3296	0	0
D385.contig595	3293	223	31
D385.contig596	3274	80	10
D385.contig597	3266	184	13
D385.contig598	3260	0	0
D385.contig599	3257	1861	56
D385.contig600	3256	191	36
D385.contig601	3254	100	10
D385.contig602	3253	0	0
D385.contig603	3242	0	0
D385.contig604	3239	86	2
D385.contig605	3238	0	0
D385.contig606	3237	0	0
D385.contig607	3237	2610	224
D385.contig608	3229	0	0
D385.contig609	3228	747	31
D385.contig610	3228	0	0
D385.contig611	3222	0	0
D385.contig612	3214	1029	80
D385.contig613	3206	219	18
D385.contig614	3202	0	0
D385.contig615	3199	168	12
D385.contig616	3193	0	0
D385.contig617	3176	349	21
D385.contig618	3174	0	0
D385.contig619	3162	0	0
D385.contig620	3155	15	5
D385.contig621	3145	0	0
D385.contig622	3137	182	15
D385.contig623	3125	54	4
D385.contig624	3120	131	7
D385.contig625	3111	0	0
D385.contig626	3107	440	74
D385.contig627	3099	0	0
D385.contig628	3096	3798	2975
D385.contig629	3090	163	13
D385.contig630	3090	0	0
D385.contig631	3087	85	7
D385.contig632	3087	126	10
D385.contig633	3082	193	5
D385.contig634	3077	134	17
D385.contig635	3070	126	15
D385.contig636	3064	0	0
D385.contig637	3057	796	86
D385.contig638	3057	102	8
D385.contig639	3056	0	0
D385.contig640	3055	0	0
D385.contig641	3054	0	0
D385.contig642	3044	206	10
D385.contig643	3041	162	5
D385.contig644	3039	0	0
D385.contig645	3038	139	9
D385.contig646	3023	255	6
D385.contig647	3023	0	0
D385.contig648	3014	0	0
D385.contig649	3009	0	0
D385.contig650	3001	0	0
D385.contig651	3000	0	0
*	0	0	7322276
