D385.contig1	500191	675	64
D385.contig2	149839	270	15
D385.contig3	86403	0	0
D385.contig4	70681	0	0
D385.contig5	66579	23	1
D385.contig6	62201	4	2
D385.contig7	60773	95	13
D385.contig8	51891	2	0
D385.contig9	47647	11913	997
D385.contig10	44848	1	1
D385.contig11	43906	76112	2290
D385.contig12	43607	117	16
D385.contig13	41397	1	1
D385.contig14	40642	3	1
D385.contig15	39435	372	42
D385.contig16	39133	15848	348
D385.contig17	39103	0	0
D385.contig18	38831	0	0
D385.contig19	38690	48	5
D385.contig20	38359	730	46
D385.contig21	37389	110893	3601
D385.contig22	36751	2	0
D385.contig23	36609	10804	1208
D385.contig24	36498	31	5
D385.contig25	36455	0	0
D385.contig26	34518	33814	11016
D385.contig27	34472	7509	869
D385.contig28	33738	154	17
D385.contig29	33471	8	0
D385.contig30	31281	2	2
D385.contig31	31165	50	3
D385.contig32	30741	26350	820
D385.contig33	30694	113582	3450
D385.contig34	30067	0	0
D385.contig35	26975	92	4
D385.contig36	25601	34714	1520
D385.contig37	25599	11902	301
D385.contig38	25542	10	0
D385.contig39	25520	39	2
D385.contig40	25365	112849	13418
D385.contig41	25198	38	2
D385.contig42	24609	23	5
D385.contig43	24464	0	0
D385.contig44	24151	0	0
D385.contig45	23911	70	2
D385.contig46	23893	195	11
D385.contig47	23542	10663	369
D385.contig48	23180	6	0
D385.contig49	22976	63	5
D385.contig50	22847	11758	7317
D385.contig51	22734	9	3
D385.contig52	22379	22678	683
D385.contig53	22290	76	4
D385.contig54	22188	48590	1833
D385.contig55	21231	0	0
D385.contig56	21218	1721	603
D385.contig57	20669	20145	664
D385.contig58	20644	399	24
D385.contig59	20582	0	0
D385.contig60	20504	19575	710
D385.contig61	20361	0	0
D385.contig62	20133	0	0
D385.contig63	19979	0	0
D385.contig64	19924	1	1
D385.contig65	19878	14058	312
D385.contig66	19726	16525	513
D385.contig67	19315	14	0
D385.contig68	18725	51494	6016
D385.contig69	18538	15624	455
D385.contig70	18369	135	14
D385.contig71	18358	22235	572
D385.contig72	18200	28	4
D385.contig73	18076	21	3
D385.contig74	18010	0	0
D385.contig75	17947	310	19
D385.contig76	17855	7	2
D385.contig77	17851	10623	347
D385.contig78	17671	7701	361
D385.contig79	17655	0	0
D385.contig80	17438	10491	2263
D385.contig81	17398	0	0
D385.contig82	17220	0	0
D385.contig83	16952	13079	458
D385.contig84	16942	3414	143
D385.contig85	16916	1	1
D385.contig86	16812	0	0
D385.contig87	16505	43	1
D385.contig88	16423	0	0
D385.contig89	16283	45963	1393
D385.contig90	16161	0	0
D385.contig91	16017	13541	357
D385.contig92	15982	54	4
D385.contig93	15880	12635	442
D385.contig94	15792	24	2
D385.contig95	15741	0	0
D385.contig96	15705	8	0
D385.contig97	15552	17282	462
D385.contig98	15127	14956	456
D385.contig99	15119	594	17
D385.contig100	15071	0	0
D385.contig101	15009	9	0
D385.contig102	14949	0	0
D385.contig103	14808	8	0
D385.contig104	14785	4	1
D385.contig105	14740	48	2
D385.contig106	14713	5644	253
D385.contig107	14633	0	0
D385.contig108	14610	0	0
D385.contig109	14599	89637	4311
D385.contig110	14415	136	8
D385.contig111	14348	12221	423
D385.contig112	14309	8558	418
D385.contig113	14284	15	2
D385.contig114	14040	13	1
D385.contig115	13746	19446	707
D385.contig116	13736	11276	435
D385.contig117	13712	0	0
D385.contig118	13553	0	0
D385.contig119	13531	11001	390
D385.contig120	13439	20907	561
D385.contig121	13367	0	0
D385.contig122	13155	1	1
D385.contig123	13084	27095	896
D385.contig124	13033	0	0
D385.contig125	13020	4791	201
D385.contig126	12992	90	12
D385.contig127	12991	3720	159
D385.contig128	12889	0	0
D385.contig129	12829	7794	231
D385.contig130	12787	4832	283
D385.contig131	12748	2054	90
D385.contig132	12712	149	15
D385.contig133	12687	2	0
D385.contig134	12587	0	0
D385.contig135	12586	6	1
D385.contig136	12470	4	2
D385.contig137	12353	24257	810
D385.contig138	12226	640	68
D385.contig139	12151	19	1
D385.contig140	12101	0	0
D385.contig141	12001	8981	311
D385.contig142	11985	0	0
D385.contig143	11935	1917	78
D385.contig144	11840	15951	908
D385.contig145	11839	27458	3198
D385.contig146	11710	25	3
D385.contig147	11598	4	0
D385.contig148	11554	12408	520
D385.contig149	11514	0	0
D385.contig150	11488	5750	327
D385.contig151	11462	4	0
D385.contig152	11440	1066	44
D385.contig153	11388	8521	312
D385.contig154	11338	14	2
D385.contig155	11272	0	0
D385.contig156	11202	0	0
D385.contig157	11189	17496	518
D385.contig158	11076	0	0
D385.contig159	11042	0	0
D385.contig160	10945	0	0
D385.contig161	10929	0	0
D385.contig162	10898	31	5
D385.contig163	10847	7746	252
D385.contig164	10827	0	0
D385.contig165	10808	6	0
D385.contig166	10779	11159	345
D385.contig167	10740	2460	112
D385.contig168	10736	12	2
D385.contig169	10669	0	0
D385.contig170	10523	1	1
D385.contig171	10497	0	0
D385.contig172	10483	0	0
D385.contig173	10369	2	1
D385.contig174	10357	12678	428
D385.contig175	10328	3	0
D385.contig176	10326	8	0
D385.contig177	10269	0	0
D385.contig178	10264	25228	1096
D385.contig179	10249	2435	113
D385.contig180	10177	23	1
D385.contig181	10107	0	0
D385.contig182	10034	0	0
D385.contig183	10032	9637	447
D385.contig184	10009	61	7
D385.contig185	9995	6833	246
D385.contig186	9922	7	3
D385.contig187	9900	53	7
D385.contig188	9875	0	0
D385.contig189	9789	0	0
D385.contig190	9788	1245	71
D385.contig191	9778	2364	80
D385.contig192	9756	9216	338
D385.contig193	9721	27212	762
D385.contig194	9693	5	1
D385.contig195	9654	3865	252
D385.contig196	9624	0	0
D385.contig197	9601	8337	305
D385.contig198	9583	1	1
D385.contig199	9508	0	0
D385.contig200	9436	17036	507
D385.contig201	9317	15401	450
D385.contig202	9317	10	1
D385.contig203	9255	11026	573
D385.contig204	9224	0	0
D385.contig205	9152	12247	396
D385.contig206	9137	0	0
D385.contig207	9094	0	0
D385.contig208	9074	0	0
D385.contig209	9070	19	1
D385.contig210	9047	7627	487
D385.contig211	8993	4007	281
D385.contig212	8968	2	0
D385.contig213	8949	3684	131
D385.contig214	8888	0	0
D385.contig215	8835	0	0
D385.contig216	8734	2348	166
D385.contig217	8728	11	1
D385.contig218	8683	4326	201
D385.contig219	8599	0	0
D385.contig220	8588	0	0
D385.contig221	8587	18	4
D385.contig222	8582	0	0
D385.contig223	8539	1555	47
D385.contig224	8516	284	28
D385.contig225	8476	4930	257
D385.contig226	8405	0	0
D385.contig227	8380	0	0
D385.contig228	8356	3940	245
D385.contig229	8337	3816	192
D385.contig230	8335	1744	61
D385.contig231	8333	0	0
D385.contig232	8325	1426	87
D385.contig233	8305	4210	284
D385.contig234	8271	25727	1109
D385.contig235	8221	13	1
D385.contig236	8220	17	4
D385.contig237	8209	0	0
D385.contig238	8208	5952	204
D385.contig239	8186	0	0
D385.contig240	8182	3238	189
D385.contig241	8178	26519	2105
D385.contig242	8173	81262	7358
D385.contig243	8169	3682	177
D385.contig244	8146	6	0
D385.contig245	8037	7	0
D385.contig246	8025	9050	378
D385.contig247	8001	4	0
D385.contig248	7964	16876	766
D385.contig249	7895	2547	185
D385.contig250	7893	2	0
D385.contig251	7875	3210	114
D385.contig252	7804	0	0
D385.contig253	7766	28	2
D385.contig254	7766	0	0
D385.contig255	7736	0	0
D385.contig256	7729	15188	1538
D385.contig257	7694	2	0
D385.contig258	7599	0	0
D385.contig259	7571	10656	520
D385.contig260	7550	14	0
D385.contig261	7516	189	8
D385.contig262	7482	3891	134
D385.contig263	7434	953	53
D385.contig264	7347	2453	141
D385.contig265	7313	0	0
D385.contig266	7282	84949	9532
D385.contig267	7275	0	0
D385.contig268	7266	10	0
D385.contig269	7190	5691	235
D385.contig270	7164	4461	202
D385.contig271	7114	56	6
D385.contig272	7112	12	0
D385.contig273	7110	4199	182
D385.contig274	7106	9	1
D385.contig275	7087	23421	1026
D385.contig276	7087	7	1
D385.contig277	7079	4	0
D385.contig278	7075	0	0
D385.contig279	7017	0	0
D385.contig280	7002	0	0
D385.contig281	6967	36	4
D385.contig282	6939	2073	43
D385.contig283	6927	0	0
D385.contig284	6919	0	0
D385.contig285	6918	0	0
D385.contig286	6815	0	0
D385.contig287	6785	119	7
D385.contig288	6723	1349	44
D385.contig289	6663	10	0
D385.contig290	6635	4313	114
D385.contig291	6635	2378	104
D385.contig292	6611	0	0
D385.contig293	6595	41	5
D385.contig294	6580	9	3
D385.contig295	6554	3195	77
D385.contig296	6486	0	0
D385.contig297	6484	0	0
D385.contig298	6481	32	9
D385.contig299	6425	0	0
D385.contig300	6419	0	0
D385.contig301	6411	0	0
D385.contig302	6405	6113	404
D385.contig303	6383	0	0
D385.contig304	6341	89956	22212
D385.contig305	6339	0	0
D385.contig306	6322	0	0
D385.contig307	6304	0	0
D385.contig308	6302	0	0
D385.contig309	6136	0	0
D385.contig310	6056	2	0
D385.contig311	6029	7588	678
D385.contig312	6007	13	1
D385.contig313	6007	2	0
D385.contig314	5951	5510	258
D385.contig315	5924	5971	313
D385.contig316	5923	0	0
D385.contig317	5921	11	1
D385.contig318	5919	852	60
D385.contig319	5909	0	0
D385.contig320	5888	8780	736
D385.contig321	5879	4	1
D385.contig322	5876	15	1
D385.contig323	5846	0	0
D385.contig324	5803	1944	125
D385.contig325	5785	312542	53911
D385.contig326	5773	439	9
D385.contig327	5745	0	0
D385.contig328	5724	2726	191
D385.contig329	5708	0	0
D385.contig330	5667	0	0
D385.contig331	5649	7871	586
D385.contig332	5645	0	0
D385.contig333	5634	5689	275
D385.contig334	5610	0	0
D385.contig335	5605	0	0
D385.contig336	5600	3036	196
D385.contig337	5579	37	6
D385.contig338	5543	725	69
D385.contig339	5522	1644	61
D385.contig340	5497	1168	55
D385.contig341	5490	2	2
D385.contig342	5490	28	2
D385.contig343	5464	633	64
D385.contig344	5445	2541	179
D385.contig345	5443	1436	93
D385.contig346	5442	21812	1293
D385.contig347	5433	0	0
D385.contig348	5428	5557	312
D385.contig349	5424	11339	922
D385.contig350	5422	22609	1932
D385.contig351	5409	0	0
D385.contig352	5394	0	0
D385.contig353	5391	28	4
D385.contig354	5384	0	0
D385.contig355	5368	6121	318
D385.contig356	5367	21	7
D385.contig357	5332	3607	221
D385.contig358	5326	687	31
D385.contig359	5318	132298	13694
D385.contig360	5308	5	1
D385.contig361	5304	4	0
D385.contig362	5255	0	0
D385.contig363	5251	3311	123
D385.contig364	5248	0	0
D385.contig365	5240	8	0
D385.contig366	5232	0	0
D385.contig367	5204	11	0
D385.contig368	5202	0	0
D385.contig369	5198	0	0
D385.contig370	5185	15	1
D385.contig371	5184	22	3
D385.contig372	5181	0	0
D385.contig373	5166	1985	110
D385.contig374	5161	0	0
D385.contig375	5158	15394	705
D385.contig376	5154	6351	422
D385.contig377	5144	0	0
D385.contig378	5139	0	0
D385.contig379	5124	1	1
D385.contig380	5124	0	0
D385.contig381	5108	15164	1074
D385.contig382	5105	6	0
D385.contig383	5100	0	0
D385.contig384	5067	0	0
D385.contig385	5058	0	0
D385.contig386	5041	0	0
D385.contig387	5040	0	0
D385.contig388	5040	2674	192
D385.contig389	5038	160569	5982
D385.contig390	5029	0	0
D385.contig391	5004	0	0
D385.contig392	4983	0	0
D385.contig393	4983	55663	2130
D385.contig394	4975	6	0
D385.contig395	4952	4	0
D385.contig396	4943	60	3
D385.contig397	4924	60	30
D385.contig398	4899	1489	44
D385.contig399	4836	1303	73
D385.contig400	4834	9	1
D385.contig401	4828	7145	178
D385.contig402	4815	866	40
D385.contig403	4813	0	0
D385.contig404	4805	1323	74
D385.contig405	4769	26	2
D385.contig406	4768	3476	893
D385.contig407	4765	0	0
D385.contig408	4727	2072	159
D385.contig409	4718	3052	139
D385.contig410	4718	0	0
D385.contig411	4663	0	0
D385.contig412	4661	0	0
D385.contig413	4658	0	0
D385.contig414	4646	4	0
D385.contig415	4637	808	75
D385.contig416	4622	0	0
D385.contig417	4606	7390	322
D385.contig418	4601	361	23
D385.contig419	4600	775	51
D385.contig420	4593	18451	1548
D385.contig421	4568	0	0
D385.contig422	4560	0	0
D385.contig423	4542	44	5
D385.contig424	4538	27	3
D385.contig425	4536	258	29
D385.contig426	4458	299	20
D385.contig427	4448	3788	266
D385.contig428	4446	4	0
D385.contig429	4440	37	2
D385.contig430	4437	15	3
D385.contig431	4435	736	34
D385.contig432	4384	12555	1002
D385.contig433	4379	3170	202
D385.contig434	4377	4	2
D385.contig435	4366	0	0
D385.contig436	4362	0	0
D385.contig437	4358	6	2
D385.contig438	4355	2	1
D385.contig439	4351	6	0
D385.contig440	4342	1158	70
D385.contig441	4339	0	0
D385.contig442	4337	1077	121
D385.contig443	4334	1534	106
D385.contig444	4328	0	0
D385.contig445	4322	0	0
D385.contig446	4316	17	1
D385.contig447	4294	0	0
D385.contig448	4291	0	0
D385.contig449	4288	0	0
D385.contig450	4282	3887	303
D385.contig451	4264	2	0
D385.contig452	4263	0	0
D385.contig453	4247	83	7
D385.contig454	4242	0	0
D385.contig455	4237	95	8
D385.contig456	4236	1012	56
D385.contig457	4209	0	0
D385.contig458	4209	0	0
D385.contig459	4209	2807	239
D385.contig460	4187	2575	104
D385.contig461	4174	93	9
D385.contig462	4156	0	0
D385.contig463	4146	0	0
D385.contig464	4134	11	0
D385.contig465	4130	0	0
D385.contig466	4124	0	0
D385.contig467	4116	3	0
D385.contig468	4103	1638	84
D385.contig469	4097	6	0
D385.contig470	4091	0	0
D385.contig471	4087	4241	295
D385.contig472	4085	720	52
D385.contig473	4079	0	0
D385.contig474	4079	0	0
D385.contig475	4074	1036	117
D385.contig476	4066	0	0
D385.contig477	4066	2	0
D385.contig478	4053	10	0
D385.contig479	4050	0	0
D385.contig480	4047	0	0
D385.contig481	4044	1	1
D385.contig482	4039	2189	76
D385.contig483	4037	907	73
D385.contig484	4030	29	3
D385.contig485	4023	3	1
D385.contig486	4017	0	0
D385.contig487	4010	0	0
D385.contig488	4001	2011	159
D385.contig489	3996	0	0
D385.contig490	3995	1938	127
D385.contig491	3995	28	2
D385.contig492	3993	0	0
D385.contig493	3991	0	0
D385.contig494	3985	1260	84
D385.contig495	3973	1862	176
D385.contig496	3954	0	0
D385.contig497	3950	2	0
D385.contig498	3922	4178	313
D385.contig499	3906	0	0
D385.contig500	3903	12	3
D385.contig501	3899	589	39
D385.contig502	3898	1155	90
D385.contig503	3898	0	0
D385.contig504	3890	0	0
D385.contig505	3888	0	0
D385.contig506	3865	723	25
D385.contig507	3858	0	0
D385.contig508	3856	0	0
D385.contig509	3842	2185	183
D385.contig510	3830	0	0
D385.contig511	3820	1312	103
D385.contig512	3818	0	0
D385.contig513	3809	0	0
D385.contig514	3803	0	0
D385.contig515	3797	0	0
D385.contig516	3792	0	0
D385.contig517	3785	1094	30
D385.contig518	3772	0	0
D385.contig519	3764	1898	112
D385.contig520	3752	1116	194
D385.contig521	3749	0	0
D385.contig522	3735	0	0
D385.contig523	3734	65690	14770
D385.contig524	3724	0	0
D385.contig525	3724	451	39
D385.contig526	3712	0	0
D385.contig527	3710	2956	195
D385.contig528	3705	0	0
D385.contig529	3682	0	0
D385.contig530	3680	5133	154
D385.contig531	3677	9942	6282
D385.contig532	3675	0	0
D385.contig533	3662	3959	346
D385.contig534	3653	0	0
D385.contig535	3649	1314	16
D385.contig536	3642	904	77
D385.contig537	3638	1104	90
D385.contig538	3636	2	0
D385.contig539	3615	0	0
D385.contig540	3610	963	101
D385.contig541	3607	1175	119
D385.contig542	3603	1653	119
D385.contig543	3602	608	118
D385.contig544	3597	0	0
D385.contig545	3588	0	0
D385.contig546	3583	0	0
D385.contig547	3572	1583	54
D385.contig548	3568	0	0
D385.contig549	3566	1	1
D385.contig550	3533	1472	146
D385.contig551	3528	2316	310
D385.contig552	3528	0	0
D385.contig553	3524	20983	1670
D385.contig554	3524	436	36
D385.contig555	3512	0	0
D385.contig556	3511	0	0
D385.contig557	3505	0	0
D385.contig558	3501	2435	161
D385.contig559	3491	0	0
D385.contig560	3484	0	0
D385.contig561	3477	0	0
D385.contig562	3474	3891	190
D385.contig563	3474	0	0
D385.contig564	3471	2	0
D385.contig565	3468	749	81
D385.contig566	3460	0	0
D385.contig567	3458	1	1
D385.contig568	3457	480	40
D385.contig569	3439	199	20
D385.contig570	3439	0	0
D385.contig571	3437	0	0
D385.contig572	3428	0	0
D385.contig573	3424	1310	108
D385.contig574	3423	0	0
D385.contig575	3409	1396	96
D385.contig576	3406	0	0
D385.contig577	3382	146043	14747
D385.contig578	3380	1	1
D385.contig579	3377	0	0
D385.contig580	3361	8	0
D385.contig581	3360	6	0
D385.contig582	3354	25	9
D385.contig583	3351	0	0
D385.contig584	3349	0	0
D385.contig585	3338	612	27
D385.contig586	3336	4531	113
D385.contig587	3331	0	0
D385.contig588	3323	3	1
D385.contig589	3318	0	0
D385.contig590	3317	366	17
D385.contig591	3302	488	57
D385.contig592	3301	430	15
D385.contig593	3298	398	28
D385.contig594	3296	0	0
D385.contig595	3293	1683	189
D385.contig596	3274	839	62
D385.contig597	3266	1221	123
D385.contig598	3260	0	0
D385.contig599	3257	11481	279
D385.contig600	3256	1626	228
D385.contig601	3254	1142	102
D385.contig602	3253	0	0
D385.contig603	3242	0	0
D385.contig604	3239	2109	82
D385.contig605	3238	0	0
D385.contig606	3237	0	0
D385.contig607	3237	19822	1562
D385.contig608	3229	14	0
D385.contig609	3228	3195	104
D385.contig610	3228	5	3
D385.contig611	3222	0	0
D385.contig612	3214	3854	401
D385.contig613	3206	3119	335
D385.contig614	3202	0	0
D385.contig615	3199	1203	93
D385.contig616	3193	0	0
D385.contig617	3176	1920	138
D385.contig618	3174	22	2
D385.contig619	3162	0	0
D385.contig620	3155	192	20
D385.contig621	3145	83	9
D385.contig622	3137	1056	119
D385.contig623	3125	1501	106
D385.contig624	3120	1042	43
D385.contig625	3111	2	0
D385.contig626	3107	1751	154
D385.contig627	3099	0	0
D385.contig628	3096	0	0
D385.contig629	3090	669	85
D385.contig630	3090	0	0
D385.contig631	3087	806	76
D385.contig632	3087	484	88
D385.contig633	3082	895	39
D385.contig634	3077	569	41
D385.contig635	3070	493	55
D385.contig636	3064	0	0
D385.contig637	3057	7505	935
D385.contig638	3057	1155	119
D385.contig639	3056	0	0
D385.contig640	3055	4	0
D385.contig641	3054	0	0
D385.contig642	3044	1568	99
D385.contig643	3041	884	52
D385.contig644	3039	3	1
D385.contig645	3038	621	51
D385.contig646	3023	2243	105
D385.contig647	3023	0	0
D385.contig648	3014	980	87
D385.contig649	3009	1	0
D385.contig650	3001	0	0
D385.contig651	3000	8	1
*	0	0	6217970
