D385.contig1	500191	684052	13211
D385.contig2	149839	63262	1294
D385.contig3	86403	0	0
D385.contig4	70681	571806	11981
D385.contig5	66579	5	1
D385.contig6	62201	0	0
D385.contig7	60773	125645	2482
D385.contig8	51891	0	0
D385.contig9	47647	270745	4083
D385.contig10	44848	496787	10451
D385.contig11	43906	0	0
D385.contig12	43607	12244	226
D385.contig13	41397	36638	844
D385.contig14	40642	4043869	118985
D385.contig15	39435	171976	3043
D385.contig16	39133	0	0
D385.contig17	39103	73923	1323
D385.contig18	38831	22199	727
D385.contig19	38690	5704	135
D385.contig20	38359	8677	235
D385.contig21	37389	0	0
D385.contig22	36751	0	0
D385.contig23	36609	134800	2332
D385.contig24	36498	5692	93
D385.contig25	36455	42184	973
D385.contig26	34518	87478	1176
D385.contig27	34472	0	0
D385.contig28	33738	5349	124
D385.contig29	33471	0	0
D385.contig30	31281	14	11
D385.contig31	31165	6800	126
D385.contig32	30741	0	0
D385.contig33	30694	109	72
D385.contig34	30067	0	0
D385.contig35	26975	6856	192
D385.contig36	25601	8	0
D385.contig37	25599	0	0
D385.contig38	25542	0	0
D385.contig39	25520	2801	70
D385.contig40	25365	0	0
D385.contig41	25198	4626	123
D385.contig42	24609	2352	58
D385.contig43	24464	3184	91
D385.contig44	24151	0	0
D385.contig45	23911	5125	143
D385.contig46	23893	2385	56
D385.contig47	23542	0	0
D385.contig48	23180	2687	77
D385.contig49	22976	18101	453
D385.contig50	22847	0	0
D385.contig51	22734	5457	86
D385.contig52	22379	0	0
D385.contig53	22290	2697	86
D385.contig54	22188	2	0
D385.contig55	21231	1817588	54601
D385.contig56	21218	8	0
D385.contig57	20669	0	0
D385.contig58	20644	1639	39
D385.contig59	20582	8055	252
D385.contig60	20504	0	0
D385.contig61	20361	29	0
D385.contig62	20133	0	0
D385.contig63	19979	3136	42
D385.contig64	19924	6159	128
D385.contig65	19878	0	0
D385.contig66	19726	0	0
D385.contig67	19315	0	0
D385.contig68	18725	1357	31
D385.contig69	18538	0	0
D385.contig70	18369	1752	54
D385.contig71	18358	0	0
D385.contig72	18200	2901	70
D385.contig73	18076	1997	70
D385.contig74	18010	4	1
D385.contig75	17947	1610	53
D385.contig76	17855	0	0
D385.contig77	17851	0	0
D385.contig78	17671	0	0
D385.contig79	17655	0	0
D385.contig80	17438	0	0
D385.contig81	17398	4277	91
D385.contig82	17220	4247	116
D385.contig83	16952	52	24
D385.contig84	16942	0	0
D385.contig85	16916	112309	2366
D385.contig86	16812	0	0
D385.contig87	16505	1078	31
D385.contig88	16423	0	0
D385.contig89	16283	124	3
D385.contig90	16161	0	0
D385.contig91	16017	0	0
D385.contig92	15982	1518	42
D385.contig93	15880	2	0
D385.contig94	15792	1175	38
D385.contig95	15741	0	0
D385.contig96	15705	1879	58
D385.contig97	15552	0	0
D385.contig98	15127	0	0
D385.contig99	15119	0	0
D385.contig100	15071	2072	62
D385.contig101	15009	1690	43
D385.contig102	14949	1433	23
D385.contig103	14808	1748	31
D385.contig104	14785	1078	22
D385.contig105	14740	1136	43
D385.contig106	14713	0	0
D385.contig107	14633	1360	26
D385.contig108	14610	0	0
D385.contig109	14599	6	5
D385.contig110	14415	1914	70
D385.contig111	14348	0	0
D385.contig112	14309	534	211
D385.contig113	14284	1447	33
D385.contig114	14040	4358	123
D385.contig115	13746	0	0
D385.contig116	13736	0	0
D385.contig117	13712	0	0
D385.contig118	13553	1316	34
D385.contig119	13531	0	0
D385.contig120	13439	0	0
D385.contig121	13367	7197	244
D385.contig122	13155	823	16
D385.contig123	13084	0	0
D385.contig124	13033	2	0
D385.contig125	13020	0	0
D385.contig126	12992	1094	36
D385.contig127	12991	0	0
D385.contig128	12889	51174	1470
D385.contig129	12829	0	0
D385.contig130	12787	1256	38
D385.contig131	12748	0	0
D385.contig132	12712	1760	52
D385.contig133	12687	1017	41
D385.contig134	12587	0	0
D385.contig135	12586	1520	35
D385.contig136	12470	1136	25
D385.contig137	12353	0	0
D385.contig138	12226	1259	39
D385.contig139	12151	34444	670
D385.contig140	12101	8	2
D385.contig141	12001	0	0
D385.contig142	11985	1	0
D385.contig143	11935	0	0
D385.contig144	11840	0	0
D385.contig145	11839	0	0
D385.contig146	11710	779	26
D385.contig147	11598	772	22
D385.contig148	11554	2	0
D385.contig149	11514	2	0
D385.contig150	11488	2	0
D385.contig151	11462	963	31
D385.contig152	11440	0	0
D385.contig153	11388	0	0
D385.contig154	11338	2	0
D385.contig155	11272	3	2
D385.contig156	11202	0	0
D385.contig157	11189	1	0
D385.contig158	11076	2083	34
D385.contig159	11042	630	24
D385.contig160	10945	1084	31
D385.contig161	10929	0	0
D385.contig162	10898	1116	21
D385.contig163	10847	0	0
D385.contig164	10827	0	0
D385.contig165	10808	3011	84
D385.contig166	10779	0	0
D385.contig167	10740	0	0
D385.contig168	10736	771	21
D385.contig169	10669	0	0
D385.contig170	10523	696	44
D385.contig171	10497	0	0
D385.contig172	10483	775369	21664
D385.contig173	10369	711	34
D385.contig174	10357	0	0
D385.contig175	10328	667	12
D385.contig176	10326	838	29
D385.contig177	10269	0	0
D385.contig178	10264	0	0
D385.contig179	10249	0	0
D385.contig180	10177	865	33
D385.contig181	10107	635	15
D385.contig182	10034	946	38
D385.contig183	10032	0	0
D385.contig184	10009	1515	35
D385.contig185	9995	0	0
D385.contig186	9922	3	1
D385.contig187	9900	909	22
D385.contig188	9875	1093	41
D385.contig189	9789	0	0
D385.contig190	9788	0	0
D385.contig191	9778	0	0
D385.contig192	9756	0	0
D385.contig193	9721	0	0
D385.contig194	9693	600	18
D385.contig195	9654	0	0
D385.contig196	9624	0	0
D385.contig197	9601	0	0
D385.contig198	9583	661	29
D385.contig199	9508	555	25
D385.contig200	9436	0	0
D385.contig201	9317	0	0
D385.contig202	9317	757	11
D385.contig203	9255	3	1
D385.contig204	9224	0	0
D385.contig205	9152	0	0
D385.contig206	9137	485	20
D385.contig207	9094	0	0
D385.contig208	9074	0	0
D385.contig209	9070	1237	43
D385.contig210	9047	22	3
D385.contig211	8993	0	0
D385.contig212	8968	832	19
D385.contig213	8949	0	0
D385.contig214	8888	753	19
D385.contig215	8835	674	15
D385.contig216	8734	2	0
D385.contig217	8728	642	20
D385.contig218	8683	0	0
D385.contig219	8599	2	2
D385.contig220	8588	0	0
D385.contig221	8587	2121	98
D385.contig222	8582	1	1
D385.contig223	8539	0	0
D385.contig224	8516	30	0
D385.contig225	8476	0	0
D385.contig226	8405	0	0
D385.contig227	8380	1156	41
D385.contig228	8356	0	0
D385.contig229	8337	0	0
D385.contig230	8335	2	0
D385.contig231	8333	682	27
D385.contig232	8325	0	0
D385.contig233	8305	0	0
D385.contig234	8271	37	0
D385.contig235	8221	663	33
D385.contig236	8220	4	0
D385.contig237	8209	0	0
D385.contig238	8208	0	0
D385.contig239	8186	4	2
D385.contig240	8182	0	0
D385.contig241	8178	3	1
D385.contig242	8173	659	18
D385.contig243	8169	0	0
D385.contig244	8146	482	11
D385.contig245	8037	444	6
D385.contig246	8025	0	0
D385.contig247	8001	434	16
D385.contig248	7964	0	0
D385.contig249	7895	0	0
D385.contig250	7893	658	30
D385.contig251	7875	0	0
D385.contig252	7804	6	2
D385.contig253	7766	876	31
D385.contig254	7766	498	22
D385.contig255	7736	0	0
D385.contig256	7729	0	0
D385.contig257	7694	515	14
D385.contig258	7599	0	0
D385.contig259	7571	12	0
D385.contig260	7550	595	17
D385.contig261	7516	431	14
D385.contig262	7482	0	0
D385.contig263	7434	422	16
D385.contig264	7347	0	0
D385.contig265	7313	0	0
D385.contig266	7282	443	15
D385.contig267	7275	1108	49
D385.contig268	7266	974	16
D385.contig269	7190	0	0
D385.contig270	7164	0	0
D385.contig271	7114	1484	30
D385.contig272	7112	497	14
D385.contig273	7110	0	0
D385.contig274	7106	1046	69
D385.contig275	7087	0	0
D385.contig276	7087	390	10
D385.contig277	7079	378	14
D385.contig278	7075	0	0
D385.contig279	7017	1166	67
D385.contig280	7002	10	0
D385.contig281	6967	495	47
D385.contig282	6939	0	0
D385.contig283	6927	2	0
D385.contig284	6919	0	0
D385.contig285	6918	6	0
D385.contig286	6815	0	0
D385.contig287	6785	741	51
D385.contig288	6723	0	0
D385.contig289	6663	681	24
D385.contig290	6635	0	0
D385.contig291	6635	0	0
D385.contig292	6611	0	0
D385.contig293	6595	404	28
D385.contig294	6580	471	21
D385.contig295	6554	0	0
D385.contig296	6486	294	9
D385.contig297	6484	0	0
D385.contig298	6481	2179	38
D385.contig299	6425	357	11
D385.contig300	6419	453	11
D385.contig301	6411	0	0
D385.contig302	6405	0	0
D385.contig303	6383	556	34
D385.contig304	6341	0	0
D385.contig305	6339	0	0
D385.contig306	6322	0	0
D385.contig307	6304	0	0
D385.contig308	6302	0	0
D385.contig309	6136	0	0
D385.contig310	6056	531	34
D385.contig311	6029	50	32
D385.contig312	6007	373	11
D385.contig313	6007	868	43
D385.contig314	5951	0	0
D385.contig315	5924	0	0
D385.contig316	5923	341	16
D385.contig317	5921	306	10
D385.contig318	5919	0	0
D385.contig319	5909	930	60
D385.contig320	5888	0	0
D385.contig321	5879	292	11
D385.contig322	5876	312	14
D385.contig323	5846	0	0
D385.contig324	5803	0	0
D385.contig325	5785	0	0
D385.contig326	5773	2	0
D385.contig327	5745	656	50
D385.contig328	5724	0	0
D385.contig329	5708	2	0
D385.contig330	5667	3	0
D385.contig331	5649	0	0
D385.contig332	5645	0	0
D385.contig333	5634	0	0
D385.contig334	5610	0	0
D385.contig335	5605	546	40
D385.contig336	5600	4	0
D385.contig337	5579	359	12
D385.contig338	5543	0	0
D385.contig339	5522	0	0
D385.contig340	5497	0	0
D385.contig341	5490	323	34
D385.contig342	5490	236	20
D385.contig343	5464	0	0
D385.contig344	5445	0	0
D385.contig345	5443	0	0
D385.contig346	5442	1	1
D385.contig347	5433	173	6
D385.contig348	5428	0	0
D385.contig349	5424	0	0
D385.contig350	5422	6	1
D385.contig351	5409	135	16
D385.contig352	5394	143	16
D385.contig353	5391	442	24
D385.contig354	5384	674	33
D385.contig355	5368	0	0
D385.contig356	5367	413	26
D385.contig357	5332	4	0
D385.contig358	5326	0	0
D385.contig359	5318	312	15
D385.contig360	5308	244	8
D385.contig361	5304	463	29
D385.contig362	5255	0	0
D385.contig363	5251	0	0
D385.contig364	5248	310	12
D385.contig365	5240	204	8
D385.contig366	5232	0	0
D385.contig367	5204	363	31
D385.contig368	5202	335	17
D385.contig369	5198	0	0
D385.contig370	5185	1647	39
D385.contig371	5184	526	8
D385.contig372	5181	19	1
D385.contig373	5166	0	0
D385.contig374	5161	201	8
D385.contig375	5158	0	0
D385.contig376	5154	0	0
D385.contig377	5144	0	0
D385.contig378	5139	506	9
D385.contig379	5124	0	0
D385.contig380	5124	37	0
D385.contig381	5108	1	1
D385.contig382	5105	293	8
D385.contig383	5100	21	4
D385.contig384	5067	0	0
D385.contig385	5058	24	3
D385.contig386	5041	0	0
D385.contig387	5040	226	8
D385.contig388	5040	0	0
D385.contig389	5038	402	63
D385.contig390	5029	233	7
D385.contig391	5004	0	0
D385.contig392	4983	335	15
D385.contig393	4983	324	4
D385.contig394	4975	512	33
D385.contig395	4952	241	17
D385.contig396	4943	766	90
D385.contig397	4924	28882	462
D385.contig398	4899	0	0
D385.contig399	4836	2	0
D385.contig400	4834	367	12
D385.contig401	4828	0	0
D385.contig402	4815	0	0
D385.contig403	4813	0	0
D385.contig404	4805	0	0
D385.contig405	4769	275	12
D385.contig406	4768	13992	266
D385.contig407	4765	0	0
D385.contig408	4727	0	0
D385.contig409	4718	0	0
D385.contig410	4718	275	15
D385.contig411	4663	0	0
D385.contig412	4661	103	6
D385.contig413	4658	33	6
D385.contig414	4646	234	8
D385.contig415	4637	0	0
D385.contig416	4622	225	16
D385.contig417	4606	0	0
D385.contig418	4601	0	0
D385.contig419	4600	0	0
D385.contig420	4593	0	0
D385.contig421	4568	2	1
D385.contig422	4560	480	23
D385.contig423	4542	258	10
D385.contig424	4538	207	7
D385.contig425	4536	1	1
D385.contig426	4458	213	7
D385.contig427	4448	0	0
D385.contig428	4446	0	0
D385.contig429	4440	352	7
D385.contig430	4437	355	35
D385.contig431	4435	0	0
D385.contig432	4384	11	2
D385.contig433	4379	0	0
D385.contig434	4377	640	20
D385.contig435	4366	15	0
D385.contig436	4362	0	0
D385.contig437	4358	816	45
D385.contig438	4355	189	11
D385.contig439	4351	173	11
D385.contig440	4342	0	0
D385.contig441	4339	715	23
D385.contig442	4337	0	0
D385.contig443	4334	0	0
D385.contig444	4328	15	5
D385.contig445	4322	0	0
D385.contig446	4316	749	29
D385.contig447	4294	208	15
D385.contig448	4291	0	0
D385.contig449	4288	0	0
D385.contig450	4282	0	0
D385.contig451	4264	216	11
D385.contig452	4263	197	7
D385.contig453	4247	169	11
D385.contig454	4242	189	2
D385.contig455	4237	212	8
D385.contig456	4236	0	0
D385.contig457	4209	0	0
D385.contig458	4209	197	16
D385.contig459	4209	0	0
D385.contig460	4187	0	0
D385.contig461	4174	168	9
D385.contig462	4156	0	0
D385.contig463	4146	2	0
D385.contig464	4134	283	2
D385.contig465	4130	0	0
D385.contig466	4124	0	0
D385.contig467	4116	307	11
D385.contig468	4103	0	0
D385.contig469	4097	377	11
D385.contig470	4091	93	7
D385.contig471	4087	0	0
D385.contig472	4085	198	15
D385.contig473	4079	2	0
D385.contig474	4079	1	0
D385.contig475	4074	0	0
D385.contig476	4066	2	0
D385.contig477	4066	273	4
D385.contig478	4053	187	10
D385.contig479	4050	184	6
D385.contig480	4047	0	0
D385.contig481	4044	232	11
D385.contig482	4039	0	0
D385.contig483	4037	0	0
D385.contig484	4030	436	28
D385.contig485	4023	256	13
D385.contig486	4017	160	9
D385.contig487	4010	300	18
D385.contig488	4001	0	0
D385.contig489	3996	1912	135
D385.contig490	3995	0	0
D385.contig491	3995	374	19
D385.contig492	3993	0	0
D385.contig493	3991	230	18
D385.contig494	3985	0	0
D385.contig495	3973	0	0
D385.contig496	3954	211	7
D385.contig497	3950	204	13
D385.contig498	3922	0	0
D385.contig499	3906	0	0
D385.contig500	3903	190	7
D385.contig501	3899	0	0
D385.contig502	3898	0	0
D385.contig503	3898	158	8
D385.contig504	3890	315	10
D385.contig505	3888	0	0
D385.contig506	3865	0	0
D385.contig507	3858	0	0
D385.contig508	3856	383	10
D385.contig509	3842	0	0
D385.contig510	3830	164	6
D385.contig511	3820	0	0
D385.contig512	3818	0	0
D385.contig513	3809	211	13
D385.contig514	3803	185	8
D385.contig515	3797	0	0
D385.contig516	3792	5523	471
D385.contig517	3785	0	0
D385.contig518	3772	162	16
D385.contig519	3764	1	1
D385.contig520	3752	2	0
D385.contig521	3749	107	7
D385.contig522	3735	0	0
D385.contig523	3734	53	7
D385.contig524	3724	0	0
D385.contig525	3724	1	1
D385.contig526	3712	268	4
D385.contig527	3710	0	0
D385.contig528	3705	177	5
D385.contig529	3682	0	0
D385.contig530	3680	41	0
D385.contig531	3677	0	0
D385.contig532	3675	1019	179
D385.contig533	3662	0	0
D385.contig534	3653	0	0
D385.contig535	3649	0	0
D385.contig536	3642	0	0
D385.contig537	3638	0	0
D385.contig538	3636	273	14
D385.contig539	3615	0	0
D385.contig540	3610	0	0
D385.contig541	3607	0	0
D385.contig542	3603	0	0
D385.contig543	3602	0	0
D385.contig544	3597	167	15
D385.contig545	3588	250	22
D385.contig546	3583	324	43
D385.contig547	3572	0	0
D385.contig548	3568	258	14
D385.contig549	3566	200	16
D385.contig550	3533	0	0
D385.contig551	3528	0	0
D385.contig552	3528	123	11
D385.contig553	3524	1	1
D385.contig554	3524	0	0
D385.contig555	3512	260	19
D385.contig556	3511	235	12
D385.contig557	3505	164	4
D385.contig558	3501	0	0
D385.contig559	3491	154	7
D385.contig560	3484	190	7
D385.contig561	3477	0	0
D385.contig562	3474	0	0
D385.contig563	3474	188	10
D385.contig564	3471	150	5
D385.contig565	3468	2	0
D385.contig566	3460	168	8
D385.contig567	3458	0	0
D385.contig568	3457	0	0
D385.contig569	3439	0	0
D385.contig570	3439	164	8
D385.contig571	3437	0	0
D385.contig572	3428	304	16
D385.contig573	3424	0	0
D385.contig574	3423	0	0
D385.contig575	3409	0	0
D385.contig576	3406	0	0
D385.contig577	3382	181	10
D385.contig578	3380	127	6
D385.contig579	3377	0	0
D385.contig580	3361	140	8
D385.contig581	3360	131	7
D385.contig582	3354	166	9
D385.contig583	3351	0	0
D385.contig584	3349	0	0
D385.contig585	3338	0	0
D385.contig586	3336	0	0
D385.contig587	3331	180	18
D385.contig588	3323	132	4
D385.contig589	3318	132	11
D385.contig590	3317	0	0
D385.contig591	3302	0	0
D385.contig592	3301	0	0
D385.contig593	3298	0	0
D385.contig594	3296	0	0
D385.contig595	3293	0	0
D385.contig596	3274	0	0
D385.contig597	3266	0	0
D385.contig598	3260	438	15
D385.contig599	3257	170	55
D385.contig600	3256	1	1
D385.contig601	3254	0	0
D385.contig602	3253	0	0
D385.contig603	3242	135	5
D385.contig604	3239	0	0
D385.contig605	3238	0	0
D385.contig606	3237	120	11
D385.contig607	3237	0	0
D385.contig608	3229	150	15
D385.contig609	3228	0	0
D385.contig610	3228	225	20
D385.contig611	3222	0	0
D385.contig612	3214	0	0
D385.contig613	3206	0	0
D385.contig614	3202	84	4
D385.contig615	3199	0	0
D385.contig616	3193	0	0
D385.contig617	3176	6	0
D385.contig618	3174	157	14
D385.contig619	3162	543	39
D385.contig620	3155	0	0
D385.contig621	3145	141	7
D385.contig622	3137	0	0
D385.contig623	3125	0	0
D385.contig624	3120	0	0
D385.contig625	3111	110	6
D385.contig626	3107	0	0
D385.contig627	3099	194	11
D385.contig628	3096	182	12
D385.contig629	3090	0	0
D385.contig630	3090	166	15
D385.contig631	3087	0	0
D385.contig632	3087	0	0
D385.contig633	3082	0	0
D385.contig634	3077	0	0
D385.contig635	3070	0	0
D385.contig636	3064	277	7
D385.contig637	3057	0	0
D385.contig638	3057	0	0
D385.contig639	3056	367	19
D385.contig640	3055	130	8
D385.contig641	3054	172	12
D385.contig642	3044	0	0
D385.contig643	3041	0	0
D385.contig644	3039	196	28
D385.contig645	3038	0	0
D385.contig646	3023	0	0
D385.contig647	3023	0	0
D385.contig648	3014	734	59
D385.contig649	3009	130	8
D385.contig650	3001	174	4
D385.contig651	3000	196	5
*	0	0	195566
