RB4.contig1	2034	36286	9662
RB4.contig2	1865	490	12
RB4.contig3	1774	4145717	187182
RB4.contig4	1511	2088	32
RB4.contig5	1434	16817	3184
RB4.contig6	1207	28876	9266
RB4.contig7	1103	150	2
RB4.contig8	1099	1064	7
RB4.contig9	1099	3140	23
RB4.contig10	966	348890	74481
RB4.contig11	902	1098726	163424
RB4.contig12	902	7360	183
RB4.contig13	882	104190	11533
RB4.contig14	864	132950	13767
RB4.contig15	810	406393	53004
RB4.contig16	808	161	7
RB4.contig17	785	69024	23931
RB4.contig18	778	2278414	196705
RB4.contig19	761	1222	10
RB4.contig20	727	54158	9406
RB4.contig21	727	3749	573
RB4.contig22	723	1477	37
RB4.contig23	655	493912	106309
RB4.contig24	641	63	5
RB4.contig25	622	38	0
RB4.contig26	605	134444	54141
RB4.contig27	571	48	0
RB4.contig28	537	30	8
RB4.contig29	517	136068	25385
RB4.contig30	511	208	5
RB4.contig31	468	110	2
RB4.contig32	462	4553	806
RB4.contig33	446	29	3
RB4.contig34	438	9033	3352
RB4.contig35	435	64640	6049
RB4.contig36	413	48	1
RB4.contig37	405	15	5
RB4.contig38	356	1294	58
RB4.contig39	347	3790	418
RB4.contig40	335	12143	4275
RB4.contig41	331	258	8
RB4.contig42	328	1092	6
RB4.contig43	328	439	3
RB4.contig44	309	31694	4163
RB4.contig45	300	80	2
*	0	0	16761292
