R3574.contig1	7423	38	9
R3574.contig2	2437	8	0
R3574.contig3	1898	262	30
R3574.contig4	1852	1083	34
R3574.contig5	1655	73	3
R3574.contig6	1490	3178937	182663
R3574.contig7	1459	6	0
R3574.contig8	1391	4055344	224707
R3574.contig9	1357	231314	46687
R3574.contig10	1315	1345	141
R3574.contig11	1209	905	157
R3574.contig12	1179	481	106
R3574.contig13	1102	152	11
R3574.contig14	1087	2023	494
R3574.contig15	1037	3489	1285
R3574.contig16	992	958	192
R3574.contig17	960	1326	481
R3574.contig18	956	1588	108
R3574.contig19	936	3506	1238
R3574.contig20	899	29	1
R3574.contig21	898	396999	52987
R3574.contig22	880	15376	3659
R3574.contig23	863	190	35
R3574.contig24	854	15707	1673
R3574.contig25	801	6194	2663
R3574.contig26	785	71	3
R3574.contig27	779	0	0
R3574.contig28	773	1676	103
R3574.contig29	764	0	0
R3574.contig30	759	886	176
R3574.contig31	743	10684	3361
R3574.contig32	741	36	2
R3574.contig33	741	66761	386
R3574.contig34	731	19145	4845
R3574.contig35	729	19	4
R3574.contig36	715	47472	19836
R3574.contig37	707	200	92
R3574.contig38	699	23777	5511
R3574.contig39	674	59	14
R3574.contig40	674	7218	2563
R3574.contig41	672	157600	21411
R3574.contig42	670	652	305
R3574.contig43	664	658	0
R3574.contig44	644	173	21
R3574.contig45	638	36	0
R3574.contig46	630	12757	2828
R3574.contig47	626	0	0
R3574.contig48	621	0	0
R3574.contig49	620	6474	1069
R3574.contig50	617	6	1
R3574.contig51	598	14	0
R3574.contig52	597	0	0
R3574.contig53	594	0	0
R3574.contig54	592	96	19
R3574.contig55	591	22	19
R3574.contig56	590	377	76
R3574.contig57	590	3143	1223
R3574.contig58	579	10	0
R3574.contig59	577	740	0
R3574.contig60	576	9650	2183
R3574.contig61	572	49	3
R3574.contig62	568	292	9
R3574.contig63	565	88	7
R3574.contig64	563	803	21
R3574.contig65	561	5010	298
R3574.contig66	558	489874	114655
R3574.contig67	549	894	284
R3574.contig68	547	26	2
R3574.contig69	545	0	0
R3574.contig70	542	11427	3536
R3574.contig71	539	22	2
R3574.contig72	538	20	0
R3574.contig73	534	551	235
R3574.contig74	528	0	0
R3574.contig75	527	0	0
R3574.contig76	524	4405	1441
R3574.contig77	524	0	0
R3574.contig78	516	106	9
R3574.contig79	515	35	4
R3574.contig80	499	4	0
R3574.contig81	497	126	6
R3574.contig82	491	64163	8245
R3574.contig83	489	1234	186
R3574.contig84	488	312	41
R3574.contig85	488	0	0
R3574.contig86	488	185	6
R3574.contig87	486	54840	4216
R3574.contig88	485	18781	7759
R3574.contig89	480	71	4
R3574.contig90	480	54	6
R3574.contig91	477	0	0
R3574.contig92	474	2005	984
R3574.contig93	472	9121	3580
R3574.contig94	469	45	6
R3574.contig95	469	1009	211
R3574.contig96	469	1346	508
R3574.contig97	467	52	2
R3574.contig98	466	236	2
R3574.contig99	464	15	3
R3574.contig100	457	5638	2357
R3574.contig101	446	7	3
R3574.contig102	440	379	144
R3574.contig103	440	1622	675
R3574.contig104	436	18	0
R3574.contig105	435	3902	1534
R3574.contig106	435	8586	38
R3574.contig107	427	9	0
R3574.contig108	426	0	0
R3574.contig109	421	963	211
R3574.contig110	420	3344	1923
R3574.contig111	419	706	107
R3574.contig112	418	26505	6476
R3574.contig113	418	74	2
R3574.contig114	417	1	1
R3574.contig115	413	64	6
R3574.contig116	412	61	17
R3574.contig117	410	3135	406
R3574.contig118	409	2638	530
R3574.contig119	409	316	32
R3574.contig120	405	213	56
R3574.contig121	404	548	46
R3574.contig122	404	5289	1387
R3574.contig123	402	21	4
R3574.contig124	401	265	16
R3574.contig125	400	11987	4272
R3574.contig126	399	86786	22293
R3574.contig127	399	0	0
R3574.contig128	398	5034	1496
R3574.contig129	398	41	2
R3574.contig130	394	0	0
R3574.contig131	394	41	4
R3574.contig132	393	652	121
R3574.contig133	393	1	1
R3574.contig134	392	3	0
R3574.contig135	391	182098	42541
R3574.contig136	389	28	0
R3574.contig137	388	521	242
R3574.contig138	386	30	2
R3574.contig139	383	112	8
R3574.contig140	383	13	3
R3574.contig141	382	96	4
R3574.contig142	381	2	0
R3574.contig143	380	0	0
R3574.contig144	378	0	0
R3574.contig145	376	341	13
R3574.contig146	375	133	78
R3574.contig147	375	2836	1138
R3574.contig148	374	213	50
R3574.contig149	371	644	135
R3574.contig150	371	138	16
R3574.contig151	369	209024	75988
R3574.contig152	366	205	15
R3574.contig153	362	737	301
R3574.contig154	361	144	20
R3574.contig155	360	25	1
R3574.contig156	355	226	22
R3574.contig157	353	43	2
R3574.contig158	350	110	58
R3574.contig159	349	170	21
R3574.contig160	348	1312	428
R3574.contig161	347	112	18
R3574.contig162	344	60	17
R3574.contig163	344	4738	1223
R3574.contig164	343	1078	144
R3574.contig165	343	4868	2732
R3574.contig166	343	2	0
R3574.contig167	343	321	75
R3574.contig168	343	12	3
R3574.contig169	342	553	179
R3574.contig170	339	2	0
R3574.contig171	337	3070	945
R3574.contig172	336	22	0
R3574.contig173	335	1756	465
R3574.contig174	335	102	7
R3574.contig175	335	199	0
R3574.contig176	334	1250	506
R3574.contig177	331	2	1
R3574.contig178	330	7	3
R3574.contig179	330	8	1
R3574.contig180	329	4	1
R3574.contig181	324	439	46
R3574.contig182	324	22	7
R3574.contig183	322	0	0
R3574.contig184	321	7249	1185
R3574.contig185	320	58	9
R3574.contig186	318	32	3
R3574.contig187	318	30	12
R3574.contig188	317	139	9
R3574.contig189	315	0	0
R3574.contig190	315	0	0
R3574.contig191	314	0	0
R3574.contig192	310	145	26
R3574.contig193	310	0	0
R3574.contig194	307	147	21
R3574.contig195	305	6708	2097
R3574.contig196	305	431	0
R3574.contig197	304	6	4
R3574.contig198	304	3564	424
R3574.contig199	301	0	0
R3574.contig200	301	185	21
R3574.contig201	301	1008	459
*	0	0	16889198
