R3764.contig1	2026	5416	114
R3764.contig2	1721	88751	1881
R3764.contig3	1360	26020	1598
R3764.contig4	1250	4721	184
R3764.contig5	1117	33296	1683
R3764.contig6	1043	324292	42663
R3764.contig7	1020	427	10
R3764.contig8	963	39499	696
R3764.contig9	904	39891	2936
R3764.contig10	854	7598	537
R3764.contig11	806	536	32
R3764.contig12	802	63883	5196
R3764.contig13	757	2348	141
R3764.contig14	697	11490	4568
R3764.contig15	695	64	3
R3764.contig16	667	4055	1318
R3764.contig17	664	2227	89
R3764.contig18	658	16815	369
R3764.contig19	614	4745	1424
R3764.contig20	584	1591	145
R3764.contig21	573	656	43
R3764.contig22	544	1308	19
R3764.contig23	544	132753	57900
R3764.contig24	528	15495	1608
R3764.contig25	523	12598	247
R3764.contig26	520	2055	172
R3764.contig27	520	4574	143
R3764.contig28	520	4726	418
R3764.contig29	517	20840	5337
R3764.contig30	503	162	5
R3764.contig31	502	7724	1108
R3764.contig32	478	3680	104
R3764.contig33	476	6913	513
R3764.contig34	450	339928	154997
R3764.contig35	436	4591	1664
R3764.contig36	430	33	4
R3764.contig37	416	614356	172393
R3764.contig38	412	34861	8738
R3764.contig39	412	8053	494
R3764.contig40	407	6402	1469
R3764.contig41	404	1418	195
R3764.contig42	404	37016	10169
R3764.contig43	391	175	16
R3764.contig44	387	3196	938
R3764.contig45	387	114709	34291
R3764.contig46	382	213	9
R3764.contig47	370	10988	603
R3764.contig48	359	9049	2297
R3764.contig49	357	12	4
R3764.contig50	346	5641	552
R3764.contig51	342	2519	61
R3764.contig52	332	10160	114
R3764.contig53	327	17652	1394
R3764.contig54	315	1755	83
R3764.contig55	306	80493	36633
R3764.contig56	302	235435	83057
R3764.contig57	300	2147	854
*	0	0	768948
