R3684.contig1	4464	1152220	21184
R3684.contig2	2242	281341	8487
R3684.contig3	1941	79410	1896
R3684.contig4	1915	195917	4848
R3684.contig5	1737	452	2
R3684.contig6	1625	35844	454
R3684.contig7	1505	11357	33
R3684.contig8	1377	50783	506
R3684.contig9	1287	27209	545
R3684.contig10	1166	2029	51
R3684.contig11	1057	9080	34
R3684.contig12	1019	1082	2
R3684.contig13	993	7476	164
R3684.contig14	971	6288	11
R3684.contig15	957	14193	31
R3684.contig16	934	3470	45
R3684.contig17	934	19563	23
R3684.contig18	898	36139	37
R3684.contig19	851	13495	113
R3684.contig20	841	166932	12938
R3684.contig21	818	8996	609
R3684.contig22	799	4537	63
R3684.contig23	792	39690	973
R3684.contig24	773	26602	290
R3684.contig25	761	34130	4877
R3684.contig26	751	1361	25
R3684.contig27	736	12370	260
R3684.contig28	724	15588	52
R3684.contig29	724	30650	931
R3684.contig30	671	20360	1104
R3684.contig31	654	24892	879
R3684.contig32	647	9437	734
R3684.contig33	646	11179	94
R3684.contig34	644	7221	411
R3684.contig35	623	8594	604
R3684.contig36	621	4539	79
R3684.contig37	612	150012	24989
R3684.contig38	605	1652	51
R3684.contig39	590	1820	10
R3684.contig40	588	7319	380
R3684.contig41	587	10544	844
R3684.contig42	574	30596	1541
R3684.contig43	563	2982	78
R3684.contig44	561	80380	10014
R3684.contig45	554	10061	236
R3684.contig46	543	6139	87
R3684.contig47	538	5514	92
R3684.contig48	537	2700	27
R3684.contig49	535	12635	248
R3684.contig50	529	16061	1131
R3684.contig51	529	28556	1048
R3684.contig52	524	92	0
R3684.contig53	519	3232	66
R3684.contig54	518	39877	11126
R3684.contig55	516	209101	43875
R3684.contig56	514	28	4
R3684.contig57	514	1305	90
R3684.contig58	506	1350	63
R3684.contig59	504	5175	174
R3684.contig60	495	11812	1888
R3684.contig61	493	1319	151
R3684.contig62	489	85260	16622
R3684.contig63	486	54873	364
R3684.contig64	484	6516	576
R3684.contig65	481	5778	283
R3684.contig66	479	31014	1391
R3684.contig67	477	34	8
R3684.contig68	474	6730	192
R3684.contig69	465	1172	0
R3684.contig70	461	3418	160
R3684.contig71	460	36645	2526
R3684.contig72	460	21023	522
R3684.contig73	454	10434	588
R3684.contig74	450	1197	23
R3684.contig75	449	349	57
R3684.contig76	444	340	43
R3684.contig77	443	251	4
R3684.contig78	441	4925	17
R3684.contig79	441	2256	17
R3684.contig80	440	1055	33
R3684.contig81	438	2771	128
R3684.contig82	436	417	10
R3684.contig83	435	1728	38
R3684.contig84	435	21791	436
R3684.contig85	424	12683	1507
R3684.contig86	422	371	6
R3684.contig87	419	1538	210
R3684.contig88	415	12106	202
R3684.contig89	410	3697	124
R3684.contig90	408	1304	90
R3684.contig91	407	24503	559
R3684.contig92	406	1834	16
R3684.contig93	406	208	18
R3684.contig94	404	650	5
R3684.contig95	403	58671	11912
R3684.contig96	395	5228	289
R3684.contig97	394	22867	1431
R3684.contig98	385	1025	146
R3684.contig99	384	5756	240
R3684.contig100	383	2106	14
R3684.contig101	382	53	1
R3684.contig102	381	19055	336
R3684.contig103	379	1283	294
R3684.contig104	378	1096	95
R3684.contig105	378	1377	6
R3684.contig106	377	23691	664
R3684.contig107	374	524	0
R3684.contig108	372	21661	1475
R3684.contig109	371	326	1
R3684.contig110	369	4896	637
R3684.contig111	368	5372	1189
R3684.contig112	366	29915	1633
R3684.contig113	360	4374	92
R3684.contig114	360	14803	2282
R3684.contig115	359	6542	328
R3684.contig116	358	2444	270
R3684.contig117	356	16821	4004
R3684.contig118	355	19	1
R3684.contig119	351	17398	410
R3684.contig120	350	3021	363
R3684.contig121	350	155	3
R3684.contig122	345	4943	154
R3684.contig123	344	236	39
R3684.contig124	343	21318	558
R3684.contig125	341	231	1
R3684.contig126	340	1060	104
R3684.contig127	339	16818	1179
R3684.contig128	336	1879	197
R3684.contig129	335	239	15
R3684.contig130	332	14941	1758
R3684.contig131	331	62	1
R3684.contig132	330	52	12
R3684.contig133	325	36934	1521
R3684.contig134	324	8197	1252
R3684.contig135	323	18	2
R3684.contig136	320	5665	828
R3684.contig137	319	2087	409
R3684.contig138	309	6945	755
R3684.contig139	308	8412	522
R3684.contig140	307	259	7
R3684.contig141	307	4796	255
R3684.contig142	305	43876	844
R3684.contig143	304	125	1
*	0	0	334718
