DB2.contig1	159744	186147	3381
DB2.contig2	93095	85713	1551
DB2.contig3	90788	72934	1299
DB2.contig4	88002	114454	2168
DB2.contig5	73082	34395	554
DB2.contig6	70070	26651	465
DB2.contig7	66297	30125	541
DB2.contig8	58394	35520	616
DB2.contig9	55110	27007	516
DB2.contig10	54847	73625	1422
DB2.contig11	53089	43881	779
DB2.contig12	52889	141726	2767
DB2.contig13	52712	92750	1658
DB2.contig14	51437	48456	880
DB2.contig15	51058	59348	940
DB2.contig16	50484	22140	445
DB2.contig17	49845	47826	859
DB2.contig18	49714	20508	405
DB2.contig19	47873	18901	378
DB2.contig20	47590	41740	716
DB2.contig21	46637	16739	264
DB2.contig22	44657	71673	1226
DB2.contig23	44348	23668	382
DB2.contig24	42710	43680	785
DB2.contig25	41358	36326	790
DB2.contig26	41188	25164	444
DB2.contig27	41048	29270	648
DB2.contig28	40917	41310	710
DB2.contig29	40895	43837	1087
DB2.contig30	40773	121699	2298
DB2.contig31	40654	26570	493
DB2.contig32	40162	18190	305
DB2.contig33	39931	28056	473
DB2.contig34	39612	54394	978
DB2.contig35	38554	62974	1190
DB2.contig36	37106	104335	2458
DB2.contig37	36300	18613	320
DB2.contig38	36095	30447	598
DB2.contig39	35135	17581	330
DB2.contig40	35106	38512	720
DB2.contig41	34310	16526	286
DB2.contig42	33576	27497	457
DB2.contig43	32938	58855	1031
DB2.contig44	32873	29194	620
DB2.contig45	32530	13728	262
DB2.contig46	32299	11572	218
DB2.contig47	31536	13913	272
DB2.contig48	30835	23433	388
DB2.contig49	30615	67724	1037
DB2.contig50	30145	32457	723
DB2.contig51	30101	11544	233
DB2.contig52	30067	10592	177
DB2.contig53	29386	10547	226
DB2.contig54	29361	16161	286
DB2.contig55	29211	7751	142
DB2.contig56	28527	36357	686
DB2.contig57	28281	7920	143
DB2.contig58	27736	23467	403
DB2.contig59	27600	17470	355
DB2.contig60	27271	39819	874
DB2.contig61	27036	13163	259
DB2.contig62	26838	62015	1133
DB2.contig63	26098	11441	210
DB2.contig64	25860	11824	210
DB2.contig65	25670	11795	220
DB2.contig66	24416	10225	199
DB2.contig67	24281	30909	587
DB2.contig68	24038	7213	130
DB2.contig69	23642	99978	2063
DB2.contig70	23607	12204	197
DB2.contig71	23340	13871	343
DB2.contig72	23063	26399	430
DB2.contig73	22900	10921	215
DB2.contig74	22836	4726	85
DB2.contig75	22523	17006	283
DB2.contig76	22191	19445	397
DB2.contig77	21997	5674	121
DB2.contig78	21920	21865	335
DB2.contig79	21670	49929	1087
DB2.contig80	21272	12634	195
DB2.contig81	21182	8172	114
DB2.contig82	20823	8172	171
DB2.contig83	20423	10885	222
DB2.contig84	20363	10696	133
DB2.contig85	20065	7210	116
DB2.contig86	20050	6885	129
DB2.contig87	19945	3883	79
DB2.contig88	19931	4706	87
DB2.contig89	19763	6226	124
DB2.contig90	19614	9492	205
DB2.contig91	19085	5279	97
DB2.contig92	18916	7807	141
DB2.contig93	18782	16679	326
DB2.contig94	18295	3987	65
DB2.contig95	18280	7979	156
DB2.contig96	18054	3456	61
DB2.contig97	17828	4210	69
DB2.contig98	17688	28169	487
DB2.contig99	17333	12922	243
DB2.contig100	17325	15007	180
DB2.contig101	16974	3192	63
DB2.contig102	16537	6550	95
DB2.contig103	15996	2431	34
DB2.contig104	15929	42883	1075
DB2.contig105	15907	3709	63
DB2.contig106	15817	5311	95
DB2.contig107	15253	28577	520
DB2.contig108	15106	42769	954
DB2.contig109	15008	3607	55
DB2.contig110	14645	4098	75
DB2.contig111	14581	17257	312
DB2.contig112	14535	7661	107
DB2.contig113	14202	5985	232
DB2.contig114	14038	10809	231
DB2.contig115	13733	4958	113
DB2.contig116	13555	12216	197
DB2.contig117	13227	3070	54
DB2.contig118	13154	36938	674
DB2.contig119	12985	5448	111
DB2.contig120	12974	5680	82
DB2.contig121	12920	2814	50
DB2.contig122	12846	6165	94
DB2.contig123	12756	107969	2157
DB2.contig124	12600	2933	46
DB2.contig125	12598	3842	73
DB2.contig126	12595	1911	45
DB2.contig127	12473	11781	252
DB2.contig128	12252	5521	116
DB2.contig129	12248	4183	88
DB2.contig130	11988	6279	108
DB2.contig131	11975	19122	370
DB2.contig132	11955	6786	127
DB2.contig133	11752	5276	100
DB2.contig134	11720	5406	101
DB2.contig135	11559	8787	149
DB2.contig136	11237	16644	271
DB2.contig137	11106	3890	134
DB2.contig138	11063	12889	307
DB2.contig139	10963	3533	73
DB2.contig140	10862	3413	63
DB2.contig141	10815	9253	170
DB2.contig142	10808	3807	71
DB2.contig143	10688	5902	114
DB2.contig144	10616	5596	116
DB2.contig145	10438	2418	47
DB2.contig146	10390	5758	99
DB2.contig147	10377	3722	75
DB2.contig148	10312	17789	461
DB2.contig149	10263	31754	638
DB2.contig150	9819	4548	88
DB2.contig151	9794	9377	152
DB2.contig152	9611	2820	61
DB2.contig153	9512	1541	24
DB2.contig154	9315	1338	41
DB2.contig155	9307	16460	377
DB2.contig156	9249	2184	50
DB2.contig157	9217	2127	44
DB2.contig158	9215	43522	851
DB2.contig159	9197	10573	183
DB2.contig160	9105	3430	64
DB2.contig161	9046	6395	122
DB2.contig162	8955	3084	73
DB2.contig163	8903	2837	40
DB2.contig164	8846	1397	25
DB2.contig165	8826	1807	34
DB2.contig166	8818	1499	42
DB2.contig167	8779	3973	72
DB2.contig168	8415	1837	37
DB2.contig169	8393	1713	33
DB2.contig170	8310	1403	30
DB2.contig171	8235	1794	43
DB2.contig172	8152	19019	460
DB2.contig173	8045	1235	39
DB2.contig174	8009	6499	133
DB2.contig175	7990	2985	41
DB2.contig176	7962	4566	86
DB2.contig177	7780	1337	34
DB2.contig178	7741	10788	231
DB2.contig179	7612	1686	35
DB2.contig180	7530	2137	24
DB2.contig181	7495	1780	21
DB2.contig182	7382	3623	60
DB2.contig183	7363	3854	62
DB2.contig184	7299	3819	65
DB2.contig185	7172	2144	41
DB2.contig186	6958	1363	21
DB2.contig187	6954	1394	20
DB2.contig188	6932	1256	24
DB2.contig189	6904	27886	822
DB2.contig190	6872	1186	25
DB2.contig191	6837	20784	348
DB2.contig192	6759	716	11
DB2.contig193	6735	1104	24
DB2.contig194	6728	2903	54
DB2.contig195	6650	14861	380
DB2.contig196	6618	2382	41
DB2.contig197	6579	2340	57
DB2.contig198	6579	5244	95
DB2.contig199	6576	1209	42
DB2.contig200	6572	3350	66
DB2.contig201	6569	914	22
DB2.contig202	6547	1630	35
DB2.contig203	6382	2992	75
DB2.contig204	6317	2235	40
DB2.contig205	6312	784	21
DB2.contig206	6311	3097	84
DB2.contig207	6306	562	16
DB2.contig208	6242	1208	20
DB2.contig209	6231	4760	68
DB2.contig210	6207	787	21
DB2.contig211	6200	2803	76
DB2.contig212	6185	1043	32
DB2.contig213	6158	1709	35
DB2.contig214	6135	1157	33
DB2.contig215	6123	2446	51
DB2.contig216	6077	2657	40
DB2.contig217	6047	16066	452
DB2.contig218	6026	1017	17
DB2.contig219	5987	2046	28
DB2.contig220	5922	772	20
DB2.contig221	5889	21866	448
DB2.contig222	5882	747	16
DB2.contig223	5825	1476	24
DB2.contig224	5810	1609	28
DB2.contig225	5801	3665	65
DB2.contig226	5782	13826	302
DB2.contig227	5776	33058	377
DB2.contig228	5756	691	11
DB2.contig229	5719	14094	232
DB2.contig230	5596	1320	27
DB2.contig231	5577	676	22
DB2.contig232	5558	3182	58
DB2.contig233	5471	5086	86
DB2.contig234	5419	589	13
DB2.contig235	5417	1186	31
DB2.contig236	5376	1226	25
DB2.contig237	5365	3405	76
DB2.contig238	5354	750	15
DB2.contig239	5315	650	16
DB2.contig240	5282	1766	57
DB2.contig241	5274	3121	51
DB2.contig242	5267	2377	60
DB2.contig243	5261	1401	44
DB2.contig244	5253	10404	260
DB2.contig245	5206	698	15
DB2.contig246	5185	810	14
DB2.contig247	5039	41251	470
DB2.contig248	5030	3860	84
DB2.contig249	4991	717	17
DB2.contig250	4954	2485	42
DB2.contig251	4948	456	18
DB2.contig252	4943	5635	104
DB2.contig253	4939	3121693	205702
DB2.contig254	4932	860	19
DB2.contig255	4891	944	21
DB2.contig256	4862	1268	39
DB2.contig257	4821	536	8
DB2.contig258	4816	28863	235
DB2.contig259	4786	654	31
DB2.contig260	4767	1065	17
DB2.contig261	4736	29531	691
DB2.contig262	4731	583	10
DB2.contig263	4688	1168	69
DB2.contig264	4646	488	9
DB2.contig265	4599	9670	190
DB2.contig266	4596	1335	22
DB2.contig267	4558	892	25
DB2.contig268	4504	919	29
DB2.contig269	4472	777	16
DB2.contig270	4455	1240	18
DB2.contig271	4402	2159	33
DB2.contig272	4385	1133	31
DB2.contig273	4345	822	13
DB2.contig274	4336	8598	167
DB2.contig275	4279	1055	33
DB2.contig276	4278	437	16
DB2.contig277	4263	2822	83
DB2.contig278	4237	2101	40
DB2.contig279	4212	8148	135
DB2.contig280	4171	611	22
DB2.contig281	4164	591	13
DB2.contig282	4147	1177	25
DB2.contig283	4062	806	17
DB2.contig284	4023	1023	18
DB2.contig285	3957	21790	451
DB2.contig286	3933	1712	30
DB2.contig287	3868	1119	14
DB2.contig288	3861	405	11
DB2.contig289	3815	420	17
DB2.contig290	3790	519	19
DB2.contig291	3771	2040	35
DB2.contig292	3759	467	25
DB2.contig293	3726	399	18
DB2.contig294	3720	810	19
DB2.contig295	3700	1009	20
DB2.contig296	3688	16757	851
DB2.contig297	3643	879	12
DB2.contig298	3639	7626	222
DB2.contig299	3623	404	11
DB2.contig300	3570	435	26
DB2.contig301	3543	394	13
DB2.contig302	3531	8715	118
DB2.contig303	3524	535	11
DB2.contig304	3508	539	13
DB2.contig305	3501	448	13
DB2.contig306	3460	18572	615
DB2.contig307	3444	1631	39
DB2.contig308	3425	484	12
DB2.contig309	3421	463	10
DB2.contig310	3412	623	13
DB2.contig311	3390	1496	30
DB2.contig312	3354	597	15
DB2.contig313	3352	398	19
DB2.contig314	3315	656	15
DB2.contig315	3310	400	14
DB2.contig316	3303	1860	40
DB2.contig317	3302	553	22
DB2.contig318	3226	1657	29
DB2.contig319	3201	438	7
DB2.contig320	3159	278	15
DB2.contig321	3144	422	13
DB2.contig322	3141	427	7
DB2.contig323	3126	344	15
DB2.contig324	3097	260	9
DB2.contig325	3021	62122	591
DB2.contig326	3017	747	14
DB2.contig327	3002	10754	99
DB2.contig328	2983	230	6
DB2.contig329	2975	366	11
DB2.contig330	2951	10415	212
DB2.contig331	2926	276	11
DB2.contig332	2830	3718	89
DB2.contig333	2818	251	9
DB2.contig334	2784	262	12
DB2.contig335	2783	382	9
DB2.contig336	2780	196	9
DB2.contig337	2769	10287	200
DB2.contig338	2750	379	15
DB2.contig339	2743	322	15
DB2.contig340	2727	265	10
DB2.contig341	2718	207	12
DB2.contig342	2716	1567	47
DB2.contig343	2700	2212	52
DB2.contig344	2700	213	11
DB2.contig345	2663	233	8
DB2.contig346	2654	203	6
DB2.contig347	2647	2080	105
DB2.contig348	2643	358	9
DB2.contig349	2643	419	8
DB2.contig350	2610	232	10
DB2.contig351	2592	270	7
DB2.contig352	2539	217	11
DB2.contig353	2538	344	8
DB2.contig354	2537	1049	28
DB2.contig355	2536	249	9
DB2.contig356	2519	654	13
DB2.contig357	2497	260	9
DB2.contig358	2484	169	10
DB2.contig359	2484	250	5
DB2.contig360	2461	7488	152
DB2.contig361	2454	273	13
DB2.contig362	2431	349	7
DB2.contig363	2430	216	12
DB2.contig364	2408	225	10
DB2.contig365	2396	166	16
DB2.contig366	2389	172	9
DB2.contig367	2380	207	5
DB2.contig368	2363	1894	37
DB2.contig369	2363	3417	35
DB2.contig370	2361	413	9
DB2.contig371	2351	267	11
DB2.contig372	2318	3177	36
DB2.contig373	2317	130	7
DB2.contig374	2317	219	6
DB2.contig375	2310	275	11
DB2.contig376	2310	295	9
DB2.contig377	2303	4972	141
DB2.contig378	2271	287	12
DB2.contig379	2270	237	10
DB2.contig380	2247	183	15
DB2.contig381	2237	567	12
DB2.contig382	2214	210	16
DB2.contig383	2194	541	20
DB2.contig384	2174	231	3
DB2.contig385	2160	179	12
DB2.contig386	2160	172	7
DB2.contig387	2158	493	25
DB2.contig388	2156	165	6
DB2.contig389	2148	228	11
DB2.contig390	2106	142	6
DB2.contig391	2090	8814	183
DB2.contig392	2090	222	7
DB2.contig393	2088	1108	24
DB2.contig394	2085	380	11
DB2.contig395	2083	171	10
DB2.contig396	2082	155	9
DB2.contig397	2080	172	2
DB2.contig398	2078	463	19
DB2.contig399	2050	971	17
DB2.contig400	1998	173	4
DB2.contig401	1996	240	7
DB2.contig402	1990	166	6
DB2.contig403	1980	2815	88
DB2.contig404	1962	156	6
DB2.contig405	1956	6634	146
DB2.contig406	1927	195	13
DB2.contig407	1891	227	8
DB2.contig408	1870	151	5
DB2.contig409	1863	165	11
DB2.contig410	1860	7030	97
DB2.contig411	1859	139	10
DB2.contig412	1858	9628	243
DB2.contig413	1853	218	8
DB2.contig414	1853	177	4
DB2.contig415	1852	296	13
DB2.contig416	1850	199	12
DB2.contig417	1848	311	12
DB2.contig418	1839	4035	131
DB2.contig419	1836	17698	416
DB2.contig420	1834	111	6
DB2.contig421	1824	172	3
DB2.contig422	1818	346	10
DB2.contig423	1804	182	12
DB2.contig424	1803	564	17
DB2.contig425	1800	107	10
DB2.contig426	1799	991	28
DB2.contig427	1783	152	6
DB2.contig428	1776	1834	36
DB2.contig429	1754	147	3
DB2.contig430	1739	129	10
DB2.contig431	1737	10477	300
DB2.contig432	1707	154	6
DB2.contig433	1705	423	6
DB2.contig434	1687	176	3
DB2.contig435	1682	96	11
DB2.contig436	1676	7138	136
DB2.contig437	1674	100	10
DB2.contig438	1650	141	10
DB2.contig439	1649	209	11
DB2.contig440	1639	10149	764
DB2.contig441	1627	224	12
DB2.contig442	1627	92	5
DB2.contig443	1625	115	8
DB2.contig444	1614	117	3
DB2.contig445	1611	153	5
DB2.contig446	1603	93	6
DB2.contig447	1600	170	12
DB2.contig448	1595	133	15
DB2.contig449	1593	140	7
DB2.contig450	1589	117	5
DB2.contig451	1575	490	18
DB2.contig452	1570	128	16
DB2.contig453	1566	84	7
DB2.contig454	1564	94	9
DB2.contig455	1555	153	6
DB2.contig456	1539	134	2
DB2.contig457	1536	116	8
DB2.contig458	1535	101	8
DB2.contig459	1529	209	13
DB2.contig460	1525	462	9
DB2.contig461	1516	974	4
DB2.contig462	1495	1739	59
DB2.contig463	1492	7964	224
DB2.contig464	1489	12979	244
DB2.contig465	1482	162	10
DB2.contig466	1475	96	11
DB2.contig467	1474	140	8
DB2.contig468	1474	72	5
DB2.contig469	1471	232	13
DB2.contig470	1460	114	10
DB2.contig471	1449	151	2
DB2.contig472	1445	93	7
DB2.contig473	1433	303	4
DB2.contig474	1413	91	11
DB2.contig475	1405	99	6
DB2.contig476	1397	2601	50
DB2.contig477	1386	82	4
DB2.contig478	1383	2503	40
DB2.contig479	1382	8286	197
DB2.contig480	1365	107	7
DB2.contig481	1364	105	10
DB2.contig482	1363	140	8
DB2.contig483	1339	161	6
DB2.contig484	1324	128	5
DB2.contig485	1320	16325	232
DB2.contig486	1319	119	7
DB2.contig487	1310	96	8
DB2.contig488	1306	51	13
DB2.contig489	1305	80	6
DB2.contig490	1296	94	6
DB2.contig491	1287	4226	82
DB2.contig492	1280	11060	675
DB2.contig493	1273	105	9
DB2.contig494	1267	93	5
DB2.contig495	1251	73	13
DB2.contig496	1251	104	2
DB2.contig497	1249	82	5
DB2.contig498	1248	2757	49
DB2.contig499	1245	70	3
DB2.contig500	1236	82	9
DB2.contig501	1231	745	17
DB2.contig502	1227	175	4
DB2.contig503	1225	103	15
DB2.contig504	1218	93	9
DB2.contig505	1217	112	6
DB2.contig506	1212	72	5
DB2.contig507	1205	130	5
DB2.contig508	1201	76	12
DB2.contig509	1199	64	6
DB2.contig510	1192	104	4
DB2.contig511	1191	243	5
DB2.contig512	1188	74	11
DB2.contig513	1187	3798	84
DB2.contig514	1187	58	5
DB2.contig515	1187	265	7
DB2.contig516	1184	111	4
DB2.contig517	1178	100	6
DB2.contig518	1172	71	9
DB2.contig519	1164	132	4
DB2.contig520	1149	3628	82
DB2.contig521	1145	74	9
DB2.contig522	1137	80	3
DB2.contig523	1132	1399	23
DB2.contig524	1129	94	10
DB2.contig525	1126	113	2
DB2.contig526	1116	91	7
DB2.contig527	1109	63	9
DB2.contig528	1105	142	7
DB2.contig529	1097	12244	280
DB2.contig530	1096	75	2
DB2.contig531	1096	5261	86
DB2.contig532	1085	58	9
DB2.contig533	1074	2482	98
DB2.contig534	1073	83	9
DB2.contig535	1068	3972	79
DB2.contig536	1064	59	5
DB2.contig537	1042	217	12
DB2.contig538	1038	84	4
DB2.contig539	1033	56	4
DB2.contig540	1032	62	6
DB2.contig541	1025	57	4
DB2.contig542	1024	71	13
DB2.contig543	1018	3358	82
DB2.contig544	1011	65	6
DB2.contig545	1006	51	6
DB2.contig546	1002	143	11
DB2.contig547	1000	167	3
DB2.contig548	995	103	8
DB2.contig549	992	29015	318
DB2.contig550	990	2349	38
DB2.contig551	990	174	12
DB2.contig552	985	68	9
DB2.contig553	983	10834	284
DB2.contig554	974	53	11
DB2.contig555	967	64	2
DB2.contig556	967	54	2
DB2.contig557	965	62	6
DB2.contig558	963	104	2
DB2.contig559	960	54	9
DB2.contig560	952	37	6
DB2.contig561	950	182	10
DB2.contig562	949	208	12
DB2.contig563	944	111	12
DB2.contig564	939	93	8
DB2.contig565	939	64	7
DB2.contig566	935	58	7
DB2.contig567	934	1364	21
DB2.contig568	933	107	3
DB2.contig569	926	74	12
DB2.contig570	923	67	2
DB2.contig571	922	94	10
DB2.contig572	918	57	10
DB2.contig573	918	54	9
DB2.contig574	918	87	4
DB2.contig575	908	49	5
DB2.contig576	905	76	2
DB2.contig577	905	64	10
DB2.contig578	893	3641	82
DB2.contig579	892	47	0
DB2.contig580	892	57	7
DB2.contig581	885	28	5
DB2.contig582	878	65	6
DB2.contig583	874	73	2
DB2.contig584	871	46	7
DB2.contig585	871	61	10
DB2.contig586	870	45	4
DB2.contig587	862	293	3
DB2.contig588	860	56	4
DB2.contig589	858	44	3
DB2.contig590	857	3909	101
DB2.contig591	856	49	6
DB2.contig592	856	10083	197
DB2.contig593	850	487	7
DB2.contig594	847	39	1
DB2.contig595	841	66	5
DB2.contig596	839	26520	251
DB2.contig597	838	38	5
DB2.contig598	838	66	5
DB2.contig599	834	56	6
DB2.contig600	834	45	4
DB2.contig601	830	79	5
DB2.contig602	829	34	6
DB2.contig603	826	38	8
DB2.contig604	823	52	6
DB2.contig605	821	113	6
DB2.contig606	821	7523	261
DB2.contig607	819	50	12
DB2.contig608	818	63	14
DB2.contig609	813	231	3
DB2.contig610	811	43	4
DB2.contig611	810	93	2
DB2.contig612	809	52	7
DB2.contig613	807	52	11
DB2.contig614	806	39	4
DB2.contig615	798	157	7
DB2.contig616	789	40	4
DB2.contig617	778	130	12
DB2.contig618	778	39	2
DB2.contig619	776	59	6
DB2.contig620	773	27	7
DB2.contig621	771	22666	1183
DB2.contig622	766	38	5
DB2.contig623	763	41	6
DB2.contig624	760	59	7
DB2.contig625	758	38	6
DB2.contig626	758	35	8
DB2.contig627	755	30	8
DB2.contig628	754	37	6
DB2.contig629	752	63	5
DB2.contig630	751	51	4
DB2.contig631	749	47	11
DB2.contig632	748	26	6
DB2.contig633	747	30	9
DB2.contig634	743	53	12
DB2.contig635	742	48	4
DB2.contig636	740	25	3
DB2.contig637	739	50	7
DB2.contig638	738	39	7
DB2.contig639	736	50	3
DB2.contig640	735	59	1
DB2.contig641	731	39	8
DB2.contig642	728	50	6
DB2.contig643	727	37	5
DB2.contig644	726	105	4
DB2.contig645	722	29	7
DB2.contig646	715	30	5
DB2.contig647	710	101	6
DB2.contig648	709	33	12
DB2.contig649	708	55	8
DB2.contig650	707	34	8
DB2.contig651	706	73	5
DB2.contig652	705	30224	309
DB2.contig653	704	28	0
DB2.contig654	701	50	1
DB2.contig655	697	33	3
DB2.contig656	692	25	6
DB2.contig657	692	41	4
DB2.contig658	689	26	6
DB2.contig659	686	50	9
DB2.contig660	685	24	11
DB2.contig661	684	48	5
DB2.contig662	684	40	4
DB2.contig663	683	28	3
DB2.contig664	683	26	7
DB2.contig665	681	45	2
DB2.contig666	674	18231	239
DB2.contig667	668	55	6
DB2.contig668	667	2370	59
DB2.contig669	661	34	5
DB2.contig670	659	1123	7
DB2.contig671	654	29	5
DB2.contig672	652	111	7
DB2.contig673	651	37	6
DB2.contig674	650	179	2
DB2.contig675	647	69	7
DB2.contig676	646	23	3
DB2.contig677	646	26	10
DB2.contig678	645	34	8
DB2.contig679	644	51	5
DB2.contig680	644	32	3
DB2.contig681	640	32	7
DB2.contig682	639	43	4
DB2.contig683	638	52	4
DB2.contig684	636	60	1
DB2.contig685	634	4753	148
DB2.contig686	632	37	3
DB2.contig687	632	33	7
DB2.contig688	626	20	6
DB2.contig689	622	45	6
DB2.contig690	619	45	8
DB2.contig691	618	37	8
DB2.contig692	617	52	8
DB2.contig693	617	71	5
DB2.contig694	615	40	9
DB2.contig695	614	358	25
DB2.contig696	609	41	6
DB2.contig697	607	24	7
DB2.contig698	603	34	10
DB2.contig699	601	29	6
DB2.contig700	600	20	8
DB2.contig701	599	61	1
DB2.contig702	596	24	7
DB2.contig703	596	31	7
DB2.contig704	595	42	2
DB2.contig705	594	69	3
DB2.contig706	590	29	7
DB2.contig707	589	28	6
DB2.contig708	589	40	10
DB2.contig709	588	29	6
DB2.contig710	586	29	6
DB2.contig711	586	19	4
DB2.contig712	584	42	4
DB2.contig713	580	35	18
DB2.contig714	575	27	1
DB2.contig715	575	641	43
DB2.contig716	575	26	5
DB2.contig717	574	26	2
DB2.contig718	574	18	0
DB2.contig719	573	1415	43
DB2.contig720	573	36	5
DB2.contig721	570	43	2
DB2.contig722	568	21	7
DB2.contig723	568	20	6
DB2.contig724	567	26	4
DB2.contig725	566	7250	132
DB2.contig726	565	44	1
DB2.contig727	563	23	6
DB2.contig728	555	23	4
DB2.contig729	554	38	3
DB2.contig730	552	15	3
DB2.contig731	551	31	5
DB2.contig732	550	29	8
DB2.contig733	549	16	6
DB2.contig734	548	30	1
DB2.contig735	545	131	3
DB2.contig736	545	31	2
DB2.contig737	545	19	3
DB2.contig738	544	13	12
DB2.contig739	544	12	8
DB2.contig740	543	21	5
DB2.contig741	539	34	11
DB2.contig742	537	16	4
DB2.contig743	537	24	6
DB2.contig744	536	15	3
DB2.contig745	536	52	4
DB2.contig746	533	16	5
DB2.contig747	533	21	11
DB2.contig748	532	35	4
DB2.contig749	529	31	6
DB2.contig750	527	30	5
DB2.contig751	521	46	4
DB2.contig752	520	29	2
DB2.contig753	519	26	14
DB2.contig754	518	14708	124
DB2.contig755	518	18	4
DB2.contig756	517	36	3
DB2.contig757	517	22	3
DB2.contig758	517	33	11
DB2.contig759	517	27	4
DB2.contig760	517	23	6
DB2.contig761	516	29	7
DB2.contig762	512	41	8
DB2.contig763	512	8618	228
DB2.contig764	511	30	3
DB2.contig765	510	10888	359
DB2.contig766	510	63	4
DB2.contig767	509	19	5
DB2.contig768	505	23	3
DB2.contig769	503	24	6
DB2.contig770	497	1791	69
DB2.contig771	497	20	1
DB2.contig772	495	1742	58
DB2.contig773	494	23	8
DB2.contig774	493	20	1
DB2.contig775	493	18	5
DB2.contig776	493	27	4
DB2.contig777	492	22	5
DB2.contig778	491	39	6
DB2.contig779	489	16	4
DB2.contig780	489	30	5
DB2.contig781	488	38	8
DB2.contig782	488	605	39
DB2.contig783	488	55	5
DB2.contig784	488	21	8
DB2.contig785	488	39	9
DB2.contig786	488	71	7
DB2.contig787	486	16	4
DB2.contig788	485	31	2
DB2.contig789	483	41	10
DB2.contig790	482	16	3
DB2.contig791	480	17	7
DB2.contig792	480	38	7
DB2.contig793	478	19	6
DB2.contig794	476	21	3
DB2.contig795	475	17	4
DB2.contig796	473	16	3
DB2.contig797	473	28	7
DB2.contig798	471	16	10
DB2.contig799	471	27	6
DB2.contig800	469	38	8
DB2.contig801	468	143	10
DB2.contig802	467	20	4
DB2.contig803	465	18	6
DB2.contig804	465	17	2
DB2.contig805	464	19	6
DB2.contig806	463	19	2
DB2.contig807	463	19	3
DB2.contig808	461	18	6
DB2.contig809	461	18	9
DB2.contig810	461	23	7
DB2.contig811	461	155	15
DB2.contig812	460	20	3
DB2.contig813	460	21	5
DB2.contig814	459	1918	98
DB2.contig815	459	15	4
DB2.contig816	459	32	7
DB2.contig817	458	16	6
DB2.contig818	455	35	6
DB2.contig819	455	28	10
DB2.contig820	455	17	11
DB2.contig821	453	35	6
DB2.contig822	451	12	4
DB2.contig823	450	641	24
DB2.contig824	445	10	1
DB2.contig825	445	13	7
DB2.contig826	445	29	5
DB2.contig827	444	1665	38
DB2.contig828	444	275	38
DB2.contig829	444	22	7
DB2.contig830	443	25	8
DB2.contig831	443	20	4
DB2.contig832	443	23	7
DB2.contig833	443	483	5
DB2.contig834	443	493	26
DB2.contig835	440	25	12
DB2.contig836	440	1485	146
DB2.contig837	439	24	3
DB2.contig838	439	17	6
DB2.contig839	438	24	6
DB2.contig840	437	13	3
DB2.contig841	436	25	3
DB2.contig842	434	13	9
DB2.contig843	434	25	4
DB2.contig844	432	23	7
DB2.contig845	432	19	6
DB2.contig846	432	29	1
DB2.contig847	430	15	5
DB2.contig848	430	4094	122
DB2.contig849	429	28	5
DB2.contig850	428	24	2
DB2.contig851	427	47	6
DB2.contig852	426	15	3
DB2.contig853	426	14	5
DB2.contig854	425	16	4
DB2.contig855	425	41	9
DB2.contig856	424	22	4
DB2.contig857	423	13	2
DB2.contig858	422	22	2
DB2.contig859	422	20	6
DB2.contig860	422	22	7
DB2.contig861	421	17	1
DB2.contig862	420	17	8
DB2.contig863	420	25	9
DB2.contig864	420	16	4
DB2.contig865	420	15	6
DB2.contig866	419	20	4
DB2.contig867	419	27	4
DB2.contig868	418	2212	48
DB2.contig869	418	18	2
DB2.contig870	416	10	3
DB2.contig871	414	44	2
DB2.contig872	414	83	4
DB2.contig873	413	8	6
DB2.contig874	413	21	11
DB2.contig875	412	18	8
DB2.contig876	411	11	3
DB2.contig877	409	21	6
DB2.contig878	409	21	4
DB2.contig879	409	26	3
DB2.contig880	408	17	6
DB2.contig881	408	14	6
DB2.contig882	405	31	11
DB2.contig883	404	12	4
DB2.contig884	402	2658	104
DB2.contig885	401	24	0
DB2.contig886	401	11	1
DB2.contig887	400	270	17
DB2.contig888	399	7	3
DB2.contig889	398	15	9
DB2.contig890	396	12	9
DB2.contig891	395	15	6
DB2.contig892	395	11	5
DB2.contig893	394	9	5
DB2.contig894	394	11	3
DB2.contig895	393	14	5
DB2.contig896	393	20	9
DB2.contig897	392	20	10
DB2.contig898	391	24	2
DB2.contig899	391	24	3
DB2.contig900	390	11	3
DB2.contig901	389	16	8
DB2.contig902	389	20	5
DB2.contig903	389	615	15
DB2.contig904	387	13	5
DB2.contig905	385	18	5
DB2.contig906	385	269	13
DB2.contig907	385	10	3
DB2.contig908	385	15	4
DB2.contig909	384	8	6
DB2.contig910	384	16	3
DB2.contig911	382	13	7
DB2.contig912	382	20	4
DB2.contig913	380	121	4
DB2.contig914	380	34	10
DB2.contig915	379	199	15
DB2.contig916	378	15	6
DB2.contig917	377	19	7
DB2.contig918	377	12	3
DB2.contig919	376	19	5
DB2.contig920	376	14	6
DB2.contig921	373	24	7
DB2.contig922	373	11	7
DB2.contig923	372	7	4
DB2.contig924	372	16	4
DB2.contig925	371	25	7
DB2.contig926	371	14	4
DB2.contig927	371	12	3
DB2.contig928	371	15	5
DB2.contig929	371	18	9
DB2.contig930	370	13	5
DB2.contig931	370	17	8
DB2.contig932	369	850	33
DB2.contig933	368	337	9
DB2.contig934	367	15	5
DB2.contig935	367	21	5
DB2.contig936	366	5	5
DB2.contig937	366	15	0
DB2.contig938	366	18	2
DB2.contig939	365	10	2
DB2.contig940	365	20	6
DB2.contig941	363	14	8
DB2.contig942	362	20	7
DB2.contig943	362	19	4
DB2.contig944	362	23	5
DB2.contig945	362	10	4
DB2.contig946	362	23	5
DB2.contig947	361	18	5
DB2.contig948	361	13	8
DB2.contig949	361	16	6
DB2.contig950	358	11218	133
DB2.contig951	358	11	2
DB2.contig952	357	11	4
DB2.contig953	357	23	2
DB2.contig954	356	12	1
DB2.contig955	355	19	4
DB2.contig956	355	20	2
DB2.contig957	354	18	2
DB2.contig958	354	9	1
DB2.contig959	353	30	2
DB2.contig960	353	18	7
DB2.contig961	352	13	7
DB2.contig962	352	12	8
DB2.contig963	352	23	3
DB2.contig964	351	29	12
DB2.contig965	349	6	5
DB2.contig966	349	22	12
DB2.contig967	349	11	5
DB2.contig968	348	20	5
DB2.contig969	348	13	3
DB2.contig970	348	11	6
DB2.contig971	348	10	8
DB2.contig972	348	17	5
DB2.contig973	347	8580	162
DB2.contig974	346	10	3
DB2.contig975	346	9	4
DB2.contig976	346	6	6
DB2.contig977	345	11	8
DB2.contig978	345	12	7
DB2.contig979	345	10	6
DB2.contig980	343	44	2
DB2.contig981	343	25	4
DB2.contig982	343	22	8
DB2.contig983	341	11	9
DB2.contig984	341	9	1
DB2.contig985	341	10	8
DB2.contig986	341	10	6
DB2.contig987	340	15	13
DB2.contig988	340	21	10
DB2.contig989	339	9	2
DB2.contig990	339	13	4
DB2.contig991	339	12	7
DB2.contig992	338	15	5
DB2.contig993	337	9	3
DB2.contig994	336	8	4
DB2.contig995	335	8	1
DB2.contig996	335	10	4
DB2.contig997	335	14	5
DB2.contig998	334	20	3
DB2.contig999	331	16	8
DB2.contig1000	331	17	8
DB2.contig1001	330	13	4
DB2.contig1002	330	14	4
DB2.contig1003	328	9	4
DB2.contig1004	327	8	3
DB2.contig1005	327	10	4
DB2.contig1006	326	11	2
DB2.contig1007	326	9	6
DB2.contig1008	325	14	3
DB2.contig1009	325	17	11
DB2.contig1010	324	21	7
DB2.contig1011	324	19	8
DB2.contig1012	321	18	4
DB2.contig1013	321	9	5
DB2.contig1014	320	11	6
DB2.contig1015	320	1563	325
DB2.contig1016	320	27	6
DB2.contig1017	320	13	3
DB2.contig1018	318	9	7
DB2.contig1019	318	6	2
DB2.contig1020	317	6	4
DB2.contig1021	317	7	5
DB2.contig1022	316	9	3
DB2.contig1023	316	450	6
DB2.contig1024	316	5	4
DB2.contig1025	315	11	6
DB2.contig1026	314	9	2
DB2.contig1027	314	14	2
DB2.contig1028	314	5	3
DB2.contig1029	313	7	3
DB2.contig1030	313	9	7
DB2.contig1031	312	12	3
DB2.contig1032	312	10	4
DB2.contig1033	312	10	7
DB2.contig1034	311	20	9
DB2.contig1035	311	7	3
DB2.contig1036	310	56	14
DB2.contig1037	309	9	1
DB2.contig1038	309	13	3
DB2.contig1039	309	36	9
DB2.contig1040	307	8	6
DB2.contig1041	307	5	1
DB2.contig1042	306	7250	82
DB2.contig1043	306	15	3
DB2.contig1044	305	5	5
DB2.contig1045	305	70	1
DB2.contig1046	305	10	5
DB2.contig1047	305	10	4
DB2.contig1048	304	5	3
DB2.contig1049	304	7	7
DB2.contig1050	303	8	3
DB2.contig1051	302	13	9
DB2.contig1052	302	7	5
DB2.contig1053	301	4	4
DB2.contig1054	301	74	4
DB2.contig1055	301	17	4
DB2.contig1056	300	12	4
DB2.contig1057	300	7	3
*	0	0	103010
