D396.contig1	202513	40203	949
D396.contig2	165244	31615	828
D396.contig3	162995	42016	914
D396.contig4	135599	43119	1028
D396.contig5	131655	13149	278
D396.contig6	120700	26624	604
D396.contig7	108369	12290	271
D396.contig8	105159	14116	300
D396.contig9	103067	30170	663
D396.contig10	90343	11806	260
D396.contig11	88878	20561	529
D396.contig12	87829	14952	341
D396.contig13	86142	14469	300
D396.contig14	83788	21666	506
D396.contig15	81393	10855	246
D396.contig16	79726	22147	485
D396.contig17	78588	0	0
D396.contig18	74359	23541	561
D396.contig19	71462	18887	488
D396.contig20	70497	8311	165
D396.contig21	67408	0	0
D396.contig22	65449	0	0
D396.contig23	64143	18570	501
D396.contig24	58898	10183	316
D396.contig25	58818	22535	444
D396.contig26	57110	3753	89
D396.contig27	56100	5665	142
D396.contig28	54984	16296	484
D396.contig29	53315	2545	50
D396.contig30	51175	21788	804
D396.contig31	49517	9394	197
D396.contig32	49039	5803	133
D396.contig33	48939	4942	120
D396.contig34	48743	28863	775
D396.contig35	47299	7665	139
D396.contig36	46939	7221	286
D396.contig37	46789	11862	251
D396.contig38	45775	0	0
D396.contig39	44041	4893	101
D396.contig40	43987	0	0
D396.contig41	43876	8626	273
D396.contig42	42085	15854	429
D396.contig43	41056	13111	298
D396.contig44	40244	0	0
D396.contig45	39908	3528	72
D396.contig46	39464	0	0
D396.contig47	37837	0	0
D396.contig48	35926	2364	44
D396.contig49	34977	0	0
D396.contig50	34926	2821	83
D396.contig51	34618	0	0
D396.contig52	34603	3456	102
D396.contig53	34586	4933	120
D396.contig54	34563	15150	923
D396.contig55	34494	0	0
D396.contig56	34187	7392	301
D396.contig57	34010	0	0
D396.contig58	32776	3157	74
D396.contig59	32282	2639	62
D396.contig60	32147	4414	77
D396.contig61	31261	0	0
D396.contig62	30201	3525	93
D396.contig63	29999	1891	43
D396.contig64	29164	8477	240
D396.contig65	29006	1963	50
D396.contig66	28582	20590	1016
D396.contig67	28379	1544	43
D396.contig68	27830	8829	337
D396.contig69	26269	0	0
D396.contig70	26076	4300	93
D396.contig71	25659	2556	53
D396.contig72	25422	1487	34
D396.contig73	25200	13306	580
D396.contig74	24686	15087	850
D396.contig75	24612	2113	71
D396.contig76	23803	51926	1660
D396.contig77	23618	2827	56
D396.contig78	23182	5490	86
D396.contig79	22967	1122	27
D396.contig80	22908	4313	123
D396.contig81	22827	748	20
D396.contig82	22573	3007	89
D396.contig83	22390	0	0
D396.contig84	22274	885	34
D396.contig85	22129	9392	465
D396.contig86	22070	0	0
D396.contig87	21929	32937	1079
D396.contig88	21862	0	0
D396.contig89	21170	3358	78
D396.contig90	20826	11343	374
D396.contig91	20786	2148	43
D396.contig92	20786	1729	49
D396.contig93	20722	3771	85
D396.contig94	20633	3116	78
D396.contig95	20520	1431	31
D396.contig96	20482	1551	38
D396.contig97	20018	2231	53
D396.contig98	19981	0	0
D396.contig99	19705	0	0
D396.contig100	19640	1010	27
D396.contig101	19335	1240	36
D396.contig102	19170	4453	101
D396.contig103	18909	36102	1075
D396.contig104	18864	2496	34
D396.contig105	18825	2633	91
D396.contig106	18579	0	0
D396.contig107	18490	2209	58
D396.contig108	17848	228	8
D396.contig109	17390	1159	50
D396.contig110	16585	189	9
D396.contig111	16371	1013	17
D396.contig112	16342	406	16
D396.contig113	16321	1222	29
D396.contig114	16089	713	17
D396.contig115	15980	0	0
D396.contig116	15822	0	0
D396.contig117	15651	517	29
D396.contig118	15537	0	0
D396.contig119	15523	2020	38
D396.contig120	15233	621	17
D396.contig121	14817	1328	33
D396.contig122	14603	2343	68
D396.contig123	14513	0	0
D396.contig124	14306	0	0
D396.contig125	14283	1036	20
D396.contig126	14173	705	23
D396.contig127	13802	6768	404
D396.contig128	13748	0	0
D396.contig129	13715	0	0
D396.contig130	13442	0	0
D396.contig131	13424	8665	280
D396.contig132	13359	3380	67
D396.contig133	12800	0	0
D396.contig134	12551	0	0
D396.contig135	12498	776	32
D396.contig136	12276	7647	351
D396.contig137	12250	0	0
D396.contig138	12240	0	0
D396.contig139	12012	0	0
D396.contig140	11957	1375	61
D396.contig141	11799	0	0
D396.contig142	11777	924	27
D396.contig143	11507	1115	42
D396.contig144	11446	0	0
D396.contig145	11312	4971	210
D396.contig146	11224	34903	2629
D396.contig147	11092	547	29
D396.contig148	11076	0	0
D396.contig149	11013	298	27
D396.contig150	10836	0	0
D396.contig151	10825	12793	323
D396.contig152	10635	1408	56
D396.contig153	10448	10274	413
D396.contig154	10269	911	20
D396.contig155	10085	0	0
D396.contig156	9857	2980	355
D396.contig157	9732	0	0
D396.contig158	9718	20263	538
D396.contig159	9561	755	103
D396.contig160	9431	305	11
D396.contig161	9357	6062	258
D396.contig162	9329	9804	388
D396.contig163	9256	19663	1039
D396.contig164	9210	12738	284
D396.contig165	9108	0	0
D396.contig166	9018	159	17
D396.contig167	8880	2021	154
D396.contig168	8852	124	3
D396.contig169	8809	0	0
D396.contig170	8804	0	0
D396.contig171	8741	0	0
D396.contig172	8651	382	9
D396.contig173	8631	0	0
D396.contig174	8583	0	0
D396.contig175	8554	0	0
D396.contig176	8404	0	0
D396.contig177	8379	10796	285
D396.contig178	8350	241	6
D396.contig179	8236	813	22
D396.contig180	8218	0	0
D396.contig181	7971	0	0
D396.contig182	7967	239	11
D396.contig183	7901	800	47
D396.contig184	7872	1133	15
D396.contig185	7798	0	0
D396.contig186	7774	2	0
D396.contig187	7547	17982	806
D396.contig188	7297	568	12
D396.contig189	7243	97	3
D396.contig190	7186	115	4
D396.contig191	7180	0	0
D396.contig192	7171	0	0
D396.contig193	7138	0	0
D396.contig194	7096	1495	36
D396.contig195	7072	0	0
D396.contig196	7055	171	97
D396.contig197	7013	188	4
D396.contig198	6975	336	18
D396.contig199	6963	80	15
D396.contig200	6883	0	0
D396.contig201	6868	0	0
D396.contig202	6741	0	0
D396.contig203	6716	0	0
D396.contig204	6645	161	7
D396.contig205	6372	3116	189
D396.contig206	6371	126	5
D396.contig207	6322	484	32
D396.contig208	6263	0	0
D396.contig209	6064	0	0
D396.contig210	6039	1979	90
D396.contig211	5983	0	0
D396.contig212	5925	0	0
D396.contig213	5889	4021	338
D396.contig214	5722	0	0
D396.contig215	5701	0	0
D396.contig216	5667	0	0
D396.contig217	5652	321	5
D396.contig218	5636	0	0
D396.contig219	5590	1956	68
D396.contig220	5573	251	10
D396.contig221	5571	0	0
D396.contig222	5568	0	0
D396.contig223	5557	227	6
D396.contig224	5535	983	23
D396.contig225	5513	329	21
D396.contig226	5493	362	33
D396.contig227	5467	0	0
D396.contig228	5433	0	0
D396.contig229	5385	0	0
D396.contig230	5368	2383	139
D396.contig231	5363	0	0
D396.contig232	5356	0	0
D396.contig233	5278	78	3
D396.contig234	5209	294	11
D396.contig235	5118	205	8
D396.contig236	5090	0	0
D396.contig237	5071	0	0
D396.contig238	5040	0	0
D396.contig239	4939	497980	23714
D396.contig240	4932	73	5
D396.contig241	4910	1824	172
D396.contig242	4844	0	0
D396.contig243	4802	0	0
D396.contig244	4790	10341	1160
D396.contig245	4779	304	26
D396.contig246	4775	0	0
D396.contig247	4773	528	38
D396.contig248	4765	167	10
D396.contig249	4750	10321	711
D396.contig250	4736	9053	659
D396.contig251	4726	158	5
D396.contig252	4720	380	15
D396.contig253	4711	0	0
D396.contig254	4685	0	0
D396.contig255	4656	0	0
D396.contig256	4619	0	0
D396.contig257	4606	2545	291
D396.contig258	4604	0	0
D396.contig259	4603	769	28
D396.contig260	4583	0	0
D396.contig261	4572	0	0
D396.contig262	4564	3591	296
D396.contig263	4563	0	0
D396.contig264	4562	193	15
D396.contig265	4560	196	17
D396.contig266	4556	0	0
D396.contig267	4555	1641	21
D396.contig268	4511	590	29
D396.contig269	4496	0	0
D396.contig270	4465	9	1
D396.contig271	4449	0	0
D396.contig272	4416	0	0
D396.contig273	4398	0	0
D396.contig274	4380	0	0
D396.contig275	4374	0	0
D396.contig276	4367	0	0
D396.contig277	4354	0	0
D396.contig278	4269	0	0
D396.contig279	4249	387	4
D396.contig280	4249	10672	971
D396.contig281	4240	0	0
D396.contig282	4236	0	0
D396.contig283	4191	0	0
D396.contig284	4176	346	8
D396.contig285	4081	78	6
D396.contig286	3987	0	0
D396.contig287	3979	0	0
D396.contig288	3972	0	0
D396.contig289	3965	67	3
D396.contig290	3957	151	2
D396.contig291	3949	204	6
D396.contig292	3922	0	0
D396.contig293	3886	0	0
D396.contig294	3883	0	0
D396.contig295	3859	0	0
D396.contig296	3836	0	0
D396.contig297	3828	181	12
D396.contig298	3812	59	2
D396.contig299	3778	0	0
D396.contig300	3769	68	6
D396.contig301	3757	10175	539
D396.contig302	3717	0	0
D396.contig303	3705	4312	369
D396.contig304	3702	160	4
D396.contig305	3698	780	17
D396.contig306	3698	343	10
D396.contig307	3682	0	0
D396.contig308	3661	0	0
D396.contig309	3660	0	0
D396.contig310	3649	0	0
D396.contig311	3624	0	0
D396.contig312	3564	0	0
D396.contig313	3563	0	0
D396.contig314	3523	10480	889
D396.contig315	3519	0	0
D396.contig316	3510	0	0
D396.contig317	3487	183	1
D396.contig318	3466	4517	125
D396.contig319	3418	0	0
D396.contig320	3401	0	0
D396.contig321	3397	7668	188
D396.contig322	3381	0	0
D396.contig323	3364	0	0
D396.contig324	3352	29	1
D396.contig325	3285	1233	43
D396.contig326	3280	0	0
D396.contig327	3251	0	0
D396.contig328	3250	59	8
D396.contig329	3230	99	8
D396.contig330	3214	3617	333
D396.contig331	3207	19	0
D396.contig332	3206	257	26
D396.contig333	3160	0	0
D396.contig334	3159	298	5
D396.contig335	3155	0	0
D396.contig336	3145	75	2
D396.contig337	3137	0	0
D396.contig338	3135	41	5
D396.contig339	3078	0	0
D396.contig340	3073	0	0
D396.contig341	3070	63	5
D396.contig342	3063	0	0
D396.contig343	3061	0	0
D396.contig344	3061	0	0
D396.contig345	3049	0	0
D396.contig346	3007	0	0
*	0	0	509224
