D396.contig1	202513	4928	88
D396.contig2	165244	5370	94
D396.contig3	162995	3935	82
D396.contig4	135599	4374	66
D396.contig5	131655	2482	40
D396.contig6	120700	2362	42
D396.contig7	108369	1483	23
D396.contig8	105159	1086	21
D396.contig9	103067	1282	22
D396.contig10	90343	1183	29
D396.contig11	88878	2242	36
D396.contig12	87829	1296	23
D396.contig13	86142	1812	34
D396.contig14	83788	2700	46
D396.contig15	81393	1369	19
D396.contig16	79726	2253	25
D396.contig17	78588	0	0
D396.contig18	74359	1792	31
D396.contig19	71462	2367	47
D396.contig20	70497	1019	21
D396.contig21	67408	0	0
D396.contig22	65449	0	0
D396.contig23	64143	1593	44
D396.contig24	58898	1556	41
D396.contig25	58818	2051	24
D396.contig26	57110	533	7
D396.contig27	56100	848	17
D396.contig28	54984	1131	23
D396.contig29	53315	684	10
D396.contig30	51175	2252	54
D396.contig31	49517	735	7
D396.contig32	49039	790	7
D396.contig33	48939	878	14
D396.contig34	48743	2663	48
D396.contig35	47299	1058	14
D396.contig36	46939	1112	35
D396.contig37	46789	1193	12
D396.contig38	45775	0	0
D396.contig39	44041	667	12
D396.contig40	43987	0	0
D396.contig41	43876	928	26
D396.contig42	42085	1091	21
D396.contig43	41056	511	10
D396.contig44	40244	0	0
D396.contig45	39908	742	10
D396.contig46	39464	0	0
D396.contig47	37837	0	0
D396.contig48	35926	320	3
D396.contig49	34977	0	0
D396.contig50	34926	432	12
D396.contig51	34618	0	0
D396.contig52	34603	568	14
D396.contig53	34586	736	14
D396.contig54	34563	2725	100
D396.contig55	34494	0	0
D396.contig56	34187	1084	44
D396.contig57	34010	0	0
D396.contig58	32776	311	6
D396.contig59	32282	344	6
D396.contig60	32147	253	10
D396.contig61	31261	0	0
D396.contig62	30201	334	6
D396.contig63	29999	281	4
D396.contig64	29164	461	15
D396.contig65	29006	214	6
D396.contig66	28582	2226	88
D396.contig67	28379	313	4
D396.contig68	27830	1116	20
D396.contig69	26269	0	0
D396.contig70	26076	126	3
D396.contig71	25659	169	1
D396.contig72	25422	331	9
D396.contig73	25200	2676	138
D396.contig74	24686	593	67
D396.contig75	24612	432	6
D396.contig76	23803	4054	117
D396.contig77	23618	383	5
D396.contig78	23182	244	5
D396.contig79	22967	115	3
D396.contig80	22908	287	6
D396.contig81	22827	195	5
D396.contig82	22573	212	8
D396.contig83	22390	0	0
D396.contig84	22274	211	3
D396.contig85	22129	1031	23
D396.contig86	22070	0	0
D396.contig87	21929	4201	97
D396.contig88	21862	0	0
D396.contig89	21170	396	4
D396.contig90	20826	1484	44
D396.contig91	20786	286	2
D396.contig92	20786	117	3
D396.contig93	20722	133	2
D396.contig94	20633	210	9
D396.contig95	20520	235	5
D396.contig96	20482	134	3
D396.contig97	20018	370	5
D396.contig98	19981	0	0
D396.contig99	19705	0	0
D396.contig100	19640	245	3
D396.contig101	19335	274	3
D396.contig102	19170	364	6
D396.contig103	18909	3815	106
D396.contig104	18864	172	2
D396.contig105	18825	262	5
D396.contig106	18579	0	0
D396.contig107	18490	228	4
D396.contig108	17848	43	1
D396.contig109	17390	168	8
D396.contig110	16585	72	3
D396.contig111	16371	88	3
D396.contig112	16342	54	6
D396.contig113	16321	102	1
D396.contig114	16089	206	6
D396.contig115	15980	0	0
D396.contig116	15822	0	0
D396.contig117	15651	63	2
D396.contig118	15537	0	0
D396.contig119	15523	259	11
D396.contig120	15233	44	0
D396.contig121	14817	339	6
D396.contig122	14603	483	12
D396.contig123	14513	0	0
D396.contig124	14306	0	0
D396.contig125	14283	90	2
D396.contig126	14173	41	1
D396.contig127	13802	1253	61
D396.contig128	13748	0	0
D396.contig129	13715	0	0
D396.contig130	13442	0	0
D396.contig131	13424	1306	30
D396.contig132	13359	651	10
D396.contig133	12800	0	0
D396.contig134	12551	0	0
D396.contig135	12498	28	2
D396.contig136	12276	1181	35
D396.contig137	12250	0	0
D396.contig138	12240	0	0
D396.contig139	12012	0	0
D396.contig140	11957	198	8
D396.contig141	11799	0	0
D396.contig142	11777	89	5
D396.contig143	11507	489	9
D396.contig144	11446	0	0
D396.contig145	11312	900	30
D396.contig146	11224	2482	201
D396.contig147	11092	176	7
D396.contig148	11076	0	0
D396.contig149	11013	133	2
D396.contig150	10836	0	0
D396.contig151	10825	1432	26
D396.contig152	10635	261	4
D396.contig153	10448	1371	60
D396.contig154	10269	30	0
D396.contig155	10085	0	0
D396.contig156	9857	395	47
D396.contig157	9732	0	0
D396.contig158	9718	1531	26
D396.contig159	9561	137	28
D396.contig160	9431	64	1
D396.contig161	9357	1024	33
D396.contig162	9329	1289	32
D396.contig163	9256	2217	79
D396.contig164	9210	1265	17
D396.contig165	9108	0	0
D396.contig166	9018	62	6
D396.contig167	8880	333	20
D396.contig168	8852	46	0
D396.contig169	8809	0	0
D396.contig170	8804	0	0
D396.contig171	8741	0	0
D396.contig172	8651	175	2
D396.contig173	8631	0	0
D396.contig174	8583	0	0
D396.contig175	8554	0	0
D396.contig176	8404	0	0
D396.contig177	8379	707	14
D396.contig178	8350	33	0
D396.contig179	8236	39	2
D396.contig180	8218	0	0
D396.contig181	7971	0	0
D396.contig182	7967	63	0
D396.contig183	7901	37	3
D396.contig184	7872	59	0
D396.contig185	7798	0	0
D396.contig186	7774	0	0
D396.contig187	7547	1614	92
D396.contig188	7297	72	1
D396.contig189	7243	59	2
D396.contig190	7186	37	3
D396.contig191	7180	0	0
D396.contig192	7171	0	0
D396.contig193	7138	0	0
D396.contig194	7096	57	1
D396.contig195	7072	0	0
D396.contig196	7055	31104	24587
D396.contig197	7013	21	1
D396.contig198	6975	36	2
D396.contig199	6963	58	12
D396.contig200	6883	0	0
D396.contig201	6868	0	0
D396.contig202	6741	0	0
D396.contig203	6716	0	0
D396.contig204	6645	17	0
D396.contig205	6372	362	13
D396.contig206	6371	17	3
D396.contig207	6322	57	1
D396.contig208	6263	0	0
D396.contig209	6064	0	0
D396.contig210	6039	382	19
D396.contig211	5983	0	0
D396.contig212	5925	0	0
D396.contig213	5889	739	34
D396.contig214	5722	0	0
D396.contig215	5701	0	0
D396.contig216	5667	0	0
D396.contig217	5652	53	1
D396.contig218	5636	0	0
D396.contig219	5590	242	11
D396.contig220	5573	55	4
D396.contig221	5571	0	0
D396.contig222	5568	0	0
D396.contig223	5557	46	3
D396.contig224	5535	211	2
D396.contig225	5513	17	1
D396.contig226	5493	25	0
D396.contig227	5467	0	0
D396.contig228	5433	0	0
D396.contig229	5385	0	0
D396.contig230	5368	534	31
D396.contig231	5363	0	0
D396.contig232	5356	0	0
D396.contig233	5278	11	1
D396.contig234	5209	7	0
D396.contig235	5118	75	0
D396.contig236	5090	0	0
D396.contig237	5071	0	0
D396.contig238	5040	0	0
D396.contig239	4939	93725	2245
D396.contig240	4932	47	2
D396.contig241	4910	547	35
D396.contig242	4844	0	0
D396.contig243	4802	0	0
D396.contig244	4790	857	116
D396.contig245	4779	62	3
D396.contig246	4775	0	0
D396.contig247	4773	178	15
D396.contig248	4765	18	0
D396.contig249	4750	861	78
D396.contig250	4736	1045	66
D396.contig251	4726	28	0
D396.contig252	4720	30	4
D396.contig253	4711	0	0
D396.contig254	4685	0	0
D396.contig255	4656	0	0
D396.contig256	4619	0	0
D396.contig257	4606	288	42
D396.contig258	4604	0	0
D396.contig259	4603	42	2
D396.contig260	4583	0	0
D396.contig261	4572	0	0
D396.contig262	4564	670	58
D396.contig263	4563	0	0
D396.contig264	4562	84	6
D396.contig265	4560	106	10
D396.contig266	4556	0	0
D396.contig267	4555	31	0
D396.contig268	4511	134	2
D396.contig269	4496	0	0
D396.contig270	4465	6	0
D396.contig271	4449	0	0
D396.contig272	4416	0	0
D396.contig273	4398	0	0
D396.contig274	4380	0	0
D396.contig275	4374	0	0
D396.contig276	4367	0	0
D396.contig277	4354	0	0
D396.contig278	4269	0	0
D396.contig279	4249	40	0
D396.contig280	4249	935	95
D396.contig281	4240	0	0
D396.contig282	4236	0	0
D396.contig283	4191	0	0
D396.contig284	4176	32	0
D396.contig285	4081	12	0
D396.contig286	3987	0	0
D396.contig287	3979	0	0
D396.contig288	3972	0	0
D396.contig289	3965	17	0
D396.contig290	3957	5	0
D396.contig291	3949	33	1
D396.contig292	3922	0	0
D396.contig293	3886	0	0
D396.contig294	3883	0	0
D396.contig295	3859	0	0
D396.contig296	3836	0	0
D396.contig297	3828	32	2
D396.contig298	3812	26	1
D396.contig299	3778	0	0
D396.contig300	3769	9	0
D396.contig301	3757	1385	78
D396.contig302	3717	0	0
D396.contig303	3705	264	32
D396.contig304	3702	17	1
D396.contig305	3698	43	0
D396.contig306	3698	50	0
D396.contig307	3682	0	0
D396.contig308	3661	0	0
D396.contig309	3660	0	0
D396.contig310	3649	0	0
D396.contig311	3624	0	0
D396.contig312	3564	0	0
D396.contig313	3563	0	0
D396.contig314	3523	829	71
D396.contig315	3519	0	0
D396.contig316	3510	0	0
D396.contig317	3487	13	1
D396.contig318	3466	611	9
D396.contig319	3418	0	0
D396.contig320	3401	0	0
D396.contig321	3397	572	14
D396.contig322	3381	0	0
D396.contig323	3364	0	0
D396.contig324	3352	20	0
D396.contig325	3285	12	2
D396.contig326	3280	0	0
D396.contig327	3251	0	0
D396.contig328	3250	14	0
D396.contig329	3230	9	1
D396.contig330	3214	500	34
D396.contig331	3207	37	3
D396.contig332	3206	16	0
D396.contig333	3160	0	0
D396.contig334	3159	24	1
D396.contig335	3155	0	0
D396.contig336	3145	23	0
D396.contig337	3137	0	0
D396.contig338	3135	55	9
D396.contig339	3078	0	0
D396.contig340	3073	0	0
D396.contig341	3070	10	1
D396.contig342	3063	0	0
D396.contig343	3061	0	0
D396.contig344	3061	0	0
D396.contig345	3049	0	0
D396.contig346	3007	0	0
*	0	0	5710662
