D396.contig1	202513	229170	4091
D396.contig2	165244	185117	3741
D396.contig3	162995	150125	2907
D396.contig4	135599	134496	2574
D396.contig5	131655	109505	1952
D396.contig6	120700	93052	1737
D396.contig7	108369	86145	1721
D396.contig8	105159	48401	883
D396.contig9	103067	98155	2113
D396.contig10	90343	75396	1343
D396.contig11	88878	86559	1584
D396.contig12	87829	27815	518
D396.contig13	86142	82597	1362
D396.contig14	83788	79974	1519
D396.contig15	81393	43580	770
D396.contig16	79726	78187	1444
D396.contig17	78588	0	0
D396.contig18	74359	47361	1018
D396.contig19	71462	66614	1373
D396.contig20	70497	37703	731
D396.contig21	67408	0	0
D396.contig22	65449	0	0
D396.contig23	64143	59227	1471
D396.contig24	58898	48903	1126
D396.contig25	58818	88149	1676
D396.contig26	57110	17947	386
D396.contig27	56100	31656	632
D396.contig28	54984	54879	1137
D396.contig29	53315	19876	375
D396.contig30	51175	47326	1278
D396.contig31	49517	23311	438
D396.contig32	49039	30687	637
D396.contig33	48939	22815	723
D396.contig34	48743	91785	2140
D396.contig35	47299	32237	785
D396.contig36	46939	20916	678
D396.contig37	46789	44031	854
D396.contig38	45775	0	0
D396.contig39	44041	24499	396
D396.contig40	43987	0	0
D396.contig41	43876	26348	760
D396.contig42	42085	29175	609
D396.contig43	41056	77158	2688
D396.contig44	40244	0	0
D396.contig45	39908	27558	503
D396.contig46	39464	0	0
D396.contig47	37837	0	0
D396.contig48	35926	14259	285
D396.contig49	34977	0	0
D396.contig50	34926	15703	373
D396.contig51	34618	0	0
D396.contig52	34603	22297	412
D396.contig53	34586	14533	322
D396.contig54	34563	79224	2940
D396.contig55	34494	0	0
D396.contig56	34187	29046	745
D396.contig57	34010	1	0
D396.contig58	32776	7683	130
D396.contig59	32282	14131	264
D396.contig60	32147	9407	166
D396.contig61	31261	0	0
D396.contig62	30201	17669	380
D396.contig63	29999	12001	192
D396.contig64	29164	18115	397
D396.contig65	29006	8779	171
D396.contig66	28582	62685	2342
D396.contig67	28379	23730	416
D396.contig68	27830	14712	374
D396.contig69	26269	0	0
D396.contig70	26076	4533	107
D396.contig71	25659	7313	155
D396.contig72	25422	12680	270
D396.contig73	25200	32149	1500
D396.contig74	24686	21994	1705
D396.contig75	24612	16844	362
D396.contig76	23803	100486	2848
D396.contig77	23618	8926	211
D396.contig78	23182	9539	181
D396.contig79	22967	6631	129
D396.contig80	22908	9975	348
D396.contig81	22827	4901	104
D396.contig82	22573	11187	262
D396.contig83	22390	0	0
D396.contig84	22274	10671	277
D396.contig85	22129	37692	1305
D396.contig86	22070	0	0
D396.contig87	21929	69628	1815
D396.contig88	21862	0	0
D396.contig89	21170	9815	198
D396.contig90	20826	39134	1163
D396.contig91	20786	4286	85
D396.contig92	20786	6426	165
D396.contig93	20722	3869	80
D396.contig94	20633	8031	235
D396.contig95	20520	6968	114
D396.contig96	20482	8959	251
D396.contig97	20018	15233	336
D396.contig98	19981	0	0
D396.contig99	19705	0	0
D396.contig100	19640	9645	171
D396.contig101	19335	9608	325
D396.contig102	19170	10267	208
D396.contig103	18909	69638	1969
D396.contig104	18864	4039	79
D396.contig105	18825	6436	212
D396.contig106	18579	0	0
D396.contig107	18490	8218	194
D396.contig108	17848	1194	35
D396.contig109	17390	4697	99
D396.contig110	16585	1106	26
D396.contig111	16371	2253	44
D396.contig112	16342	2293	47
D396.contig113	16321	2984	55
D396.contig114	16089	4292	81
D396.contig115	15980	0	0
D396.contig116	15822	0	0
D396.contig117	15651	2499	131
D396.contig118	15537	0	0
D396.contig119	15523	1612	54
D396.contig120	15233	879	23
D396.contig121	14817	8169	208
D396.contig122	14603	17259	318
D396.contig123	14513	0	0
D396.contig124	14306	0	0
D396.contig125	14283	2104	66
D396.contig126	14173	2086	54
D396.contig127	13802	38600	1500
D396.contig128	13748	0	0
D396.contig129	13715	0	0
D396.contig130	13442	0	0
D396.contig131	13424	41774	1010
D396.contig132	13359	12424	222
D396.contig133	12800	0	0
D396.contig134	12551	0	0
D396.contig135	12498	1054	43
D396.contig136	12276	20560	662
D396.contig137	12250	0	0
D396.contig138	12240	0	0
D396.contig139	12012	0	0
D396.contig140	11957	9027	266
D396.contig141	11799	0	0
D396.contig142	11777	4340	118
D396.contig143	11507	14538	448
D396.contig144	11446	0	0
D396.contig145	11312	17251	504
D396.contig146	11224	107934	5570
D396.contig147	11092	10188	347
D396.contig148	11076	0	0
D396.contig149	11013	3973	167
D396.contig150	10836	0	0
D396.contig151	10825	47397	1287
D396.contig152	10635	9036	254
D396.contig153	10448	32177	1224
D396.contig154	10269	1293	46
D396.contig155	10085	0	0
D396.contig156	9857	11982	1126
D396.contig157	9732	0	0
D396.contig158	9718	24382	520
D396.contig159	9561	2313	400
D396.contig160	9431	684	23
D396.contig161	9357	24660	946
D396.contig162	9329	16784	595
D396.contig163	9256	43944	1769
D396.contig164	9210	18937	369
D396.contig165	9108	0	0
D396.contig166	9018	1542	77
D396.contig167	8880	9799	632
D396.contig168	8852	3297	79
D396.contig169	8809	0	0
D396.contig170	8804	0	0
D396.contig171	8741	0	0
D396.contig172	8651	2618	63
D396.contig173	8631	0	0
D396.contig174	8583	0	0
D396.contig175	8554	0	0
D396.contig176	8404	0	0
D396.contig177	8379	17185	361
D396.contig178	8350	1027	38
D396.contig179	8236	1611	57
D396.contig180	8218	0	0
D396.contig181	7971	0	0
D396.contig182	7967	1521	37
D396.contig183	7901	2062	78
D396.contig184	7872	2690	57
D396.contig185	7798	0	0
D396.contig186	7774	4383	151
D396.contig187	7547	29632	1216
D396.contig188	7297	1559	37
D396.contig189	7243	1315	36
D396.contig190	7186	918	29
D396.contig191	7180	0	0
D396.contig192	7171	0	0
D396.contig193	7138	0	0
D396.contig194	7096	1669	58
D396.contig195	7072	0	0
D396.contig196	7055	634	337
D396.contig197	7013	541	20
D396.contig198	6975	1587	48
D396.contig199	6963	17	5
D396.contig200	6883	0	0
D396.contig201	6868	0	0
D396.contig202	6741	0	0
D396.contig203	6716	0	0
D396.contig204	6645	858	31
D396.contig205	6372	15009	572
D396.contig206	6371	669	25
D396.contig207	6322	1311	97
D396.contig208	6263	0	0
D396.contig209	6064	0	0
D396.contig210	6039	7242	322
D396.contig211	5983	0	0
D396.contig212	5925	0	0
D396.contig213	5889	23241	1185
D396.contig214	5722	0	0
D396.contig215	5701	0	0
D396.contig216	5667	0	0
D396.contig217	5652	1255	19
D396.contig218	5636	0	0
D396.contig219	5590	4503	145
D396.contig220	5573	1304	43
D396.contig221	5571	0	0
D396.contig222	5568	0	0
D396.contig223	5557	2670	96
D396.contig224	5535	8905	148
D396.contig225	5513	1656	81
D396.contig226	5493	301	14
D396.contig227	5467	0	0
D396.contig228	5433	0	0
D396.contig229	5385	0	0
D396.contig230	5368	12582	424
D396.contig231	5363	0	0
D396.contig232	5356	0	0
D396.contig233	5278	827	36
D396.contig234	5209	1202	38
D396.contig235	5118	1644	33
D396.contig236	5090	0	0
D396.contig237	5071	0	0
D396.contig238	5040	0	0
D396.contig239	4939	3121690	205722
D396.contig240	4932	788	27
D396.contig241	4910	9021	612
D396.contig242	4844	0	0
D396.contig243	4802	0	0
D396.contig244	4790	50441	5105
D396.contig245	4779	1532	74
D396.contig246	4775	0	0
D396.contig247	4773	3879	308
D396.contig248	4765	366	18
D396.contig249	4750	20219	1538
D396.contig250	4736	29560	1629
D396.contig251	4726	3302	65
D396.contig252	4720	961	34
D396.contig253	4711	0	0
D396.contig254	4685	0	0
D396.contig255	4656	0	0
D396.contig256	4619	0	0
D396.contig257	4606	10372	1128
D396.contig258	4604	0	0
D396.contig259	4603	1887	67
D396.contig260	4583	0	0
D396.contig261	4572	0	0
D396.contig262	4564	14911	1024
D396.contig263	4563	0	0
D396.contig264	4562	1104	37
D396.contig265	4560	1323	89
D396.contig266	4556	0	0
D396.contig267	4555	1051	16
D396.contig268	4511	2351	98
D396.contig269	4496	0	0
D396.contig270	4465	4	0
D396.contig271	4449	0	0
D396.contig272	4416	0	0
D396.contig273	4398	0	0
D396.contig274	4380	0	0
D396.contig275	4374	4	4
D396.contig276	4367	0	0
D396.contig277	4354	0	0
D396.contig278	4269	0	0
D396.contig279	4249	1491	21
D396.contig280	4249	20278	1642
D396.contig281	4240	0	0
D396.contig282	4236	0	0
D396.contig283	4191	0	0
D396.contig284	4176	723	12
D396.contig285	4081	673	36
D396.contig286	3987	0	0
D396.contig287	3979	0	0
D396.contig288	3972	0	0
D396.contig289	3965	287	13
D396.contig290	3957	313	8
D396.contig291	3949	608	10
D396.contig292	3922	0	0
D396.contig293	3886	0	0
D396.contig294	3883	0	0
D396.contig295	3859	0	0
D396.contig296	3836	0	0
D396.contig297	3828	884	45
D396.contig298	3812	1086	64
D396.contig299	3778	0	0
D396.contig300	3769	441	21
D396.contig301	3757	151738	6010
D396.contig302	3717	2	1
D396.contig303	3705	7910	706
D396.contig304	3702	2022	32
D396.contig305	3698	2418	50
D396.contig306	3698	711	14
D396.contig307	3682	0	0
D396.contig308	3661	0	0
D396.contig309	3660	0	0
D396.contig310	3649	0	0
D396.contig311	3624	0	0
D396.contig312	3564	0	0
D396.contig313	3563	0	0
D396.contig314	3523	24266	2006
D396.contig315	3519	0	0
D396.contig316	3510	0	0
D396.contig317	3487	402	15
D396.contig318	3466	14451	325
D396.contig319	3418	0	0
D396.contig320	3401	0	0
D396.contig321	3397	9215	172
D396.contig322	3381	0	0
D396.contig323	3364	0	0
D396.contig324	3352	217	11
D396.contig325	3285	591	24
D396.contig326	3280	0	0
D396.contig327	3251	0	0
D396.contig328	3250	212	14
D396.contig329	3230	178	8
D396.contig330	3214	9729	681
D396.contig331	3207	42	2
D396.contig332	3206	650	37
D396.contig333	3160	0	0
D396.contig334	3159	426	9
D396.contig335	3155	0	0
D396.contig336	3145	296	14
D396.contig337	3137	0	0
D396.contig338	3135	798	53
D396.contig339	3078	0	0
D396.contig340	3073	0	0
D396.contig341	3070	201	28
D396.contig342	3063	0	0
D396.contig343	3061	0	0
D396.contig344	3061	0	0
D396.contig345	3049	0	0
D396.contig346	3007	0	0
*	0	0	534854
