D396.contig1	202513	7549	119
D396.contig2	165244	5952	131
D396.contig3	162995	6350	123
D396.contig4	135599	24362	520
D396.contig5	131655	4807	76
D396.contig6	120700	4278	79
D396.contig7	108369	2177	115
D396.contig8	105159	6763	146
D396.contig9	103067	3317	175
D396.contig10	90343	2770	37
D396.contig11	88878	5506	96
D396.contig12	87829	2195	43
D396.contig13	86142	2462	59
D396.contig14	83788	3315	63
D396.contig15	81393	1781	33
D396.contig16	79726	5847	109
D396.contig17	78588	0	0
D396.contig18	74359	3781	81
D396.contig19	71462	5495	110
D396.contig20	70497	4239	64
D396.contig21	67408	0	0
D396.contig22	65449	0	0
D396.contig23	64143	1897	55
D396.contig24	58898	1871	51
D396.contig25	58818	8367	135
D396.contig26	57110	1251	21
D396.contig27	56100	2766	36
D396.contig28	54984	4139	100
D396.contig29	53315	1067	9
D396.contig30	51175	10390	225
D396.contig31	49517	662	13
D396.contig32	49039	1039	18
D396.contig33	48939	513	11
D396.contig34	48743	4927	100
D396.contig35	47299	4274	54
D396.contig36	46939	1691	68
D396.contig37	46789	2143	44
D396.contig38	45775	0	0
D396.contig39	44041	1006	29
D396.contig40	43987	0	0
D396.contig41	43876	8028	181
D396.contig42	42085	7933	107
D396.contig43	41056	1397	30
D396.contig44	40244	0	0
D396.contig45	39908	1377	24
D396.contig46	39464	0	0
D396.contig47	37837	0	0
D396.contig48	35926	434	17
D396.contig49	34977	0	0
D396.contig50	34926	201	7
D396.contig51	34618	1	0
D396.contig52	34603	769	8
D396.contig53	34586	1122	21
D396.contig54	34563	2359	155
D396.contig55	34494	0	0
D396.contig56	34187	877	37
D396.contig57	34010	0	0
D396.contig58	32776	276	4
D396.contig59	32282	1343	24
D396.contig60	32147	310	2
D396.contig61	31261	0	0
D396.contig62	30201	514	26
D396.contig63	29999	491	10
D396.contig64	29164	10132	253
D396.contig65	29006	188	7
D396.contig66	28582	5617	247
D396.contig67	28379	319	9
D396.contig68	27830	1261	39
D396.contig69	26269	0	0
D396.contig70	26076	342	6
D396.contig71	25659	82	6
D396.contig72	25422	1942	38
D396.contig73	25200	4988	173
D396.contig74	24686	2414	144
D396.contig75	24612	382	8
D396.contig76	23803	6659	184
D396.contig77	23618	323	11
D396.contig78	23182	965	10
D396.contig79	22967	234	4
D396.contig80	22908	472	29
D396.contig81	22827	186	2
D396.contig82	22573	576	12
D396.contig83	22390	0	0
D396.contig84	22274	11348	168
D396.contig85	22129	2775	88
D396.contig86	22070	0	0
D396.contig87	21929	9330	260
D396.contig88	21862	0	0
D396.contig89	21170	3561	58
D396.contig90	20826	6246	114
D396.contig91	20786	280	2
D396.contig92	20786	5246	85
D396.contig93	20722	442	12
D396.contig94	20633	371	7
D396.contig95	20520	1374	14
D396.contig96	20482	178	5
D396.contig97	20018	635	15
D396.contig98	19981	0	0
D396.contig99	19705	0	0
D396.contig100	19640	190	3
D396.contig101	19335	524	22
D396.contig102	19170	791	23
D396.contig103	18909	3474	129
D396.contig104	18864	77	3
D396.contig105	18825	747	12
D396.contig106	18579	0	0
D396.contig107	18490	404	12
D396.contig108	17848	36	2
D396.contig109	17390	178	5
D396.contig110	16585	155	6
D396.contig111	16371	79	1
D396.contig112	16342	34	4
D396.contig113	16321	82	3
D396.contig114	16089	304	5
D396.contig115	15980	0	0
D396.contig116	15822	0	0
D396.contig117	15651	126	11
D396.contig118	15537	0	0
D396.contig119	15523	65	1
D396.contig120	15233	34	0
D396.contig121	14817	1040	24
D396.contig122	14603	558	14
D396.contig123	14513	0	0
D396.contig124	14306	0	0
D396.contig125	14283	66	4
D396.contig126	14173	37	1
D396.contig127	13802	1767	77
D396.contig128	13748	0	0
D396.contig129	13715	0	0
D396.contig130	13442	0	0
D396.contig131	13424	3613	88
D396.contig132	13359	806	12
D396.contig133	12800	0	0
D396.contig134	12551	1	1
D396.contig135	12498	46	2
D396.contig136	12276	5091	96
D396.contig137	12250	0	0
D396.contig138	12240	0	0
D396.contig139	12012	0	0
D396.contig140	11957	701	17
D396.contig141	11799	0	0
D396.contig142	11777	116	5
D396.contig143	11507	1193	53
D396.contig144	11446	0	0
D396.contig145	11312	1066	45
D396.contig146	11224	3913	343
D396.contig147	11092	267	7
D396.contig148	11076	0	0
D396.contig149	11013	332	13
D396.contig150	10836	0	0
D396.contig151	10825	9603	286
D396.contig152	10635	215	5
D396.contig153	10448	4889	159
D396.contig154	10269	38	2
D396.contig155	10085	0	0
D396.contig156	9857	608	55
D396.contig157	9732	0	0
D396.contig158	9718	7025	131
D396.contig159	9561	256	57
D396.contig160	9431	16	2
D396.contig161	9357	1112	44
D396.contig162	9329	5835	209
D396.contig163	9256	3843	133
D396.contig164	9210	4739	88
D396.contig165	9108	0	0
D396.contig166	9018	127	17
D396.contig167	8880	345	25
D396.contig168	8852	74	4
D396.contig169	8809	0	0
D396.contig170	8804	0	0
D396.contig171	8741	0	0
D396.contig172	8651	197	3
D396.contig173	8631	0	0
D396.contig174	8583	0	0
D396.contig175	8554	0	0
D396.contig176	8404	0	0
D396.contig177	8379	1715	38
D396.contig178	8350	43	2
D396.contig179	8236	46	2
D396.contig180	8218	0	0
D396.contig181	7971	0	0
D396.contig182	7967	69	1
D396.contig183	7901	78	4
D396.contig184	7872	216	3
D396.contig185	7798	0	0
D396.contig186	7774	0	0
D396.contig187	7547	1913	112
D396.contig188	7297	368	5
D396.contig189	7243	540	6
D396.contig190	7186	33	3
D396.contig191	7180	0	0
D396.contig192	7171	0	0
D396.contig193	7138	0	0
D396.contig194	7096	49	1
D396.contig195	7072	0	0
D396.contig196	7055	74	48
D396.contig197	7013	191	4
D396.contig198	6975	119	7
D396.contig199	6963	8	2
D396.contig200	6883	0	0
D396.contig201	6868	0	0
D396.contig202	6741	0	0
D396.contig203	6716	0	0
D396.contig204	6645	27	1
D396.contig205	6372	769	25
D396.contig206	6371	4	0
D396.contig207	6322	61	11
D396.contig208	6263	0	0
D396.contig209	6064	0	0
D396.contig210	6039	299	11
D396.contig211	5983	0	0
D396.contig212	5925	0	0
D396.contig213	5889	405	51
D396.contig214	5722	0	0
D396.contig215	5701	0	0
D396.contig216	5667	0	0
D396.contig217	5652	253	4
D396.contig218	5636	0	0
D396.contig219	5590	709	23
D396.contig220	5573	35	2
D396.contig221	5571	0	0
D396.contig222	5568	0	0
D396.contig223	5557	96	2
D396.contig224	5535	492	7
D396.contig225	5513	19	4
D396.contig226	5493	13	1
D396.contig227	5467	0	0
D396.contig228	5433	0	0
D396.contig229	5385	0	0
D396.contig230	5368	1872	67
D396.contig231	5363	0	0
D396.contig232	5356	0	0
D396.contig233	5278	40	2
D396.contig234	5209	63	4
D396.contig235	5118	114	2
D396.contig236	5090	0	0
D396.contig237	5071	0	0
D396.contig238	5040	0	0
D396.contig239	4939	4109567	220476
D396.contig240	4932	89	1
D396.contig241	4910	2291	139
D396.contig242	4844	0	0
D396.contig243	4802	0	0
D396.contig244	4790	4252	534
D396.contig245	4779	13	3
D396.contig246	4775	0	0
D396.contig247	4773	138	9
D396.contig248	4765	4	0
D396.contig249	4750	1773	155
D396.contig250	4736	2722	181
D396.contig251	4726	124	3
D396.contig252	4720	35	0
D396.contig253	4711	0	0
D396.contig254	4685	0	0
D396.contig255	4656	0	0
D396.contig256	4619	0	0
D396.contig257	4606	1085	142
D396.contig258	4604	0	0
D396.contig259	4603	63	2
D396.contig260	4583	0	0
D396.contig261	4572	0	0
D396.contig262	4564	2497	215
D396.contig263	4563	0	0
D396.contig264	4562	12	1
D396.contig265	4560	357	17
D396.contig266	4556	0	0
D396.contig267	4555	23	1
D396.contig268	4511	89	10
D396.contig269	4496	0	0
D396.contig270	4465	0	0
D396.contig271	4449	0	0
D396.contig272	4416	0	0
D396.contig273	4398	0	0
D396.contig274	4380	0	0
D396.contig275	4374	1	1
D396.contig276	4367	0	0
D396.contig277	4354	0	0
D396.contig278	4269	0	0
D396.contig279	4249	30	2
D396.contig280	4249	1518	144
D396.contig281	4240	0	0
D396.contig282	4236	0	0
D396.contig283	4191	0	0
D396.contig284	4176	7	0
D396.contig285	4081	33	3
D396.contig286	3987	0	0
D396.contig287	3979	0	0
D396.contig288	3972	0	0
D396.contig289	3965	29	1
D396.contig290	3957	22	0
D396.contig291	3949	64	1
D396.contig292	3922	0	0
D396.contig293	3886	0	0
D396.contig294	3883	0	0
D396.contig295	3859	0	0
D396.contig296	3836	0	0
D396.contig297	3828	114	7
D396.contig298	3812	13	0
D396.contig299	3778	0	0
D396.contig300	3769	17	1
D396.contig301	3757	33096	1301
D396.contig302	3717	0	0
D396.contig303	3705	486	50
D396.contig304	3702	374	4
D396.contig305	3698	34	0
D396.contig306	3698	8	0
D396.contig307	3682	0	0
D396.contig308	3661	0	0
D396.contig309	3660	0	0
D396.contig310	3649	0	0
D396.contig311	3624	0	0
D396.contig312	3564	0	0
D396.contig313	3563	0	0
D396.contig314	3523	2714	200
D396.contig315	3519	0	0
D396.contig316	3510	0	0
D396.contig317	3487	11	4
D396.contig318	3466	1735	38
D396.contig319	3418	0	0
D396.contig320	3401	0	0
D396.contig321	3397	978	20
D396.contig322	3381	0	0
D396.contig323	3364	0	0
D396.contig324	3352	67	1
D396.contig325	3285	22	1
D396.contig326	3280	0	0
D396.contig327	3251	0	0
D396.contig328	3250	0	0
D396.contig329	3230	4	0
D396.contig330	3214	386	24
D396.contig331	3207	0	0
D396.contig332	3206	6	0
D396.contig333	3160	0	0
D396.contig334	3159	14	0
D396.contig335	3155	0	0
D396.contig336	3145	4	0
D396.contig337	3137	0	0
D396.contig338	3135	2	0
D396.contig339	3078	0	0
D396.contig340	3073	0	0
D396.contig341	3070	14	0
D396.contig342	3063	0	0
D396.contig343	3061	0	0
D396.contig344	3061	0	0
D396.contig345	3049	0	0
D396.contig346	3007	0	0
*	0	0	95328
