D396.contig1	202513	85656	1916
D396.contig2	165244	103109	2598
D396.contig3	162995	71610	1654
D396.contig4	135599	106657	2385
D396.contig5	131655	46701	1024
D396.contig6	120700	57291	1457
D396.contig7	108369	36245	724
D396.contig8	105159	26108	563
D396.contig9	103067	34389	832
D396.contig10	90343	21902	512
D396.contig11	88878	40073	1028
D396.contig12	87829	19081	470
D396.contig13	86142	38736	873
D396.contig14	83788	45145	1091
D396.contig15	81393	17591	392
D396.contig16	79726	40467	956
D396.contig17	78588	0	0
D396.contig18	74359	35305	889
D396.contig19	71462	38091	1005
D396.contig20	70497	22415	562
D396.contig21	67408	0	0
D396.contig22	65449	0	0
D396.contig23	64143	35025	1167
D396.contig24	58898	30304	849
D396.contig25	58818	32779	799
D396.contig26	57110	9714	256
D396.contig27	56100	32636	754
D396.contig28	54984	25145	708
D396.contig29	53315	17146	351
D396.contig30	51175	36422	1262
D396.contig31	49517	22938	511
D396.contig32	49039	14440	369
D396.contig33	48939	14787	371
D396.contig34	48743	67881	1939
D396.contig35	47299	17959	421
D396.contig36	46939	15011	527
D396.contig37	46789	35114	766
D396.contig38	45775	0	0
D396.contig39	44041	8237	230
D396.contig40	43987	0	0
D396.contig41	43876	17727	580
D396.contig42	42085	22397	557
D396.contig43	41056	8550	180
D396.contig44	40244	0	0
D396.contig45	39908	15603	412
D396.contig46	39464	0	0
D396.contig47	37837	0	0
D396.contig48	35926	8896	193
D396.contig49	34977	0	0
D396.contig50	34926	5011	162
D396.contig51	34618	1	1
D396.contig52	34603	16156	389
D396.contig53	34586	11647	248
D396.contig54	34563	40844	1886
D396.contig55	34494	7	5
D396.contig56	34187	21248	945
D396.contig57	34010	0	0
D396.contig58	32776	7353	164
D396.contig59	32282	5858	151
D396.contig60	32147	6868	148
D396.contig61	31261	0	0
D396.contig62	30201	7172	220
D396.contig63	29999	4801	135
D396.contig64	29164	11237	303
D396.contig65	29006	6788	153
D396.contig66	28582	39115	1890
D396.contig67	28379	5767	128
D396.contig68	27830	27765	883
D396.contig69	26269	0	0
D396.contig70	26076	2567	56
D396.contig71	25659	4630	104
D396.contig72	25422	5482	132
D396.contig73	25200	47491	2549
D396.contig74	24686	17963	1587
D396.contig75	24612	5394	162
D396.contig76	23803	55204	2093
D396.contig77	23618	6646	154
D396.contig78	23182	6093	104
D396.contig79	22967	4524	99
D396.contig80	22908	7745	208
D396.contig81	22827	2968	74
D396.contig82	22573	7575	201
D396.contig83	22390	0	0
D396.contig84	22274	3468	99
D396.contig85	22129	18637	966
D396.contig86	22070	0	0
D396.contig87	21929	79617	2549
D396.contig88	21862	0	0
D396.contig89	21170	9727	263
D396.contig90	20826	35282	1130
D396.contig91	20786	6324	155
D396.contig92	20786	1745	67
D396.contig93	20722	3101	85
D396.contig94	20633	4587	194
D396.contig95	20520	3974	117
D396.contig96	20482	4053	120
D396.contig97	20018	8206	194
D396.contig98	19981	0	0
D396.contig99	19705	0	0
D396.contig100	19640	3130	72
D396.contig101	19335	6056	209
D396.contig102	19170	8363	214
D396.contig103	18909	79102	2769
D396.contig104	18864	3253	68
D396.contig105	18825	2938	91
D396.contig106	18579	0	0
D396.contig107	18490	10632	236
D396.contig108	17848	1211	38
D396.contig109	17390	2122	59
D396.contig110	16585	1495	52
D396.contig111	16371	1415	48
D396.contig112	16342	622	18
D396.contig113	16321	2485	60
D396.contig114	16089	2293	59
D396.contig115	15980	0	0
D396.contig116	15822	2	2
D396.contig117	15651	948	51
D396.contig118	15537	0	0
D396.contig119	15523	1495	49
D396.contig120	15233	1424	29
D396.contig121	14817	5633	151
D396.contig122	14603	11275	306
D396.contig123	14513	0	0
D396.contig124	14306	0	0
D396.contig125	14283	2168	74
D396.contig126	14173	1754	47
D396.contig127	13802	16233	886
D396.contig128	13748	3	1
D396.contig129	13715	0	0
D396.contig130	13442	0	0
D396.contig131	13424	27225	845
D396.contig132	13359	7922	175
D396.contig133	12800	0	0
D396.contig134	12551	1	1
D396.contig135	12498	992	37
D396.contig136	12276	18025	685
D396.contig137	12250	0	0
D396.contig138	12240	3296	372
D396.contig139	12012	0	0
D396.contig140	11957	2895	134
D396.contig141	11799	0	0
D396.contig142	11777	1752	75
D396.contig143	11507	4769	196
D396.contig144	11446	0	0
D396.contig145	11312	7871	281
D396.contig146	11224	77948	4700
D396.contig147	11092	4822	224
D396.contig148	11076	0	0
D396.contig149	11013	1991	125
D396.contig150	10836	0	0
D396.contig151	10825	33105	818
D396.contig152	10635	6650	180
D396.contig153	10448	16640	732
D396.contig154	10269	774	28
D396.contig155	10085	0	0
D396.contig156	9857	7190	737
D396.contig157	9732	0	0
D396.contig158	9718	27156	717
D396.contig159	9561	1174	265
D396.contig160	9431	608	21
D396.contig161	9357	6494	338
D396.contig162	9329	19487	760
D396.contig163	9256	30856	1439
D396.contig164	9210	24622	551
D396.contig165	9108	0	0
D396.contig166	9018	1649	76
D396.contig167	8880	3867	286
D396.contig168	8852	1841	46
D396.contig169	8809	0	0
D396.contig170	8804	0	0
D396.contig171	8741	1	1
D396.contig172	8651	2281	51
D396.contig173	8631	0	0
D396.contig174	8583	0	0
D396.contig175	8554	0	0
D396.contig176	8404	0	0
D396.contig177	8379	21033	530
D396.contig178	8350	743	24
D396.contig179	8236	1004	37
D396.contig180	8218	0	0
D396.contig181	7971	0	0
D396.contig182	7967	949	22
D396.contig183	7901	899	44
D396.contig184	7872	2950	65
D396.contig185	7798	3	1
D396.contig186	7774	0	0
D396.contig187	7547	23493	1127
D396.contig188	7297	1222	25
D396.contig189	7243	1008	27
D396.contig190	7186	482	17
D396.contig191	7180	0	0
D396.contig192	7171	0	0
D396.contig193	7138	0	0
D396.contig194	7096	922	33
D396.contig195	7072	0	0
D396.contig196	7055	376	221
D396.contig197	7013	293	17
D396.contig198	6975	970	46
D396.contig199	6963	6	0
D396.contig200	6883	0	0
D396.contig201	6868	0	0
D396.contig202	6741	0	0
D396.contig203	6716	0	0
D396.contig204	6645	296	9
D396.contig205	6372	6089	303
D396.contig206	6371	325	18
D396.contig207	6322	379	38
D396.contig208	6263	0	0
D396.contig209	6064	0	0
D396.contig210	6039	4200	204
D396.contig211	5983	0	0
D396.contig212	5925	0	0
D396.contig213	5889	8647	519
D396.contig214	5722	0	0
D396.contig215	5701	0	0
D396.contig216	5667	0	0
D396.contig217	5652	885	11
D396.contig218	5636	285	21
D396.contig219	5590	5461	200
D396.contig220	5573	601	20
D396.contig221	5571	0	0
D396.contig222	5568	0	0
D396.contig223	5557	1215	52
D396.contig224	5535	7076	147
D396.contig225	5513	355	45
D396.contig226	5493	819	49
D396.contig227	5467	0	0
D396.contig228	5433	0	0
D396.contig229	5385	0	0
D396.contig230	5368	6118	322
D396.contig231	5363	0	0
D396.contig232	5356	0	0
D396.contig233	5278	919	55
D396.contig234	5209	1045	58
D396.contig235	5118	2567	62
D396.contig236	5090	0	0
D396.contig237	5071	0	0
D396.contig238	5040	0	0
D396.contig239	4939	159659	6735
D396.contig240	4932	487	22
D396.contig241	4910	6242	469
D396.contig242	4844	0	0
D396.contig243	4802	0	0
D396.contig244	4790	22145	1790
D396.contig245	4779	587	51
D396.contig246	4775	0	0
D396.contig247	4773	2422	138
D396.contig248	4765	278	19
D396.contig249	4750	14247	1196
D396.contig250	4736	14120	918
D396.contig251	4726	517	15
D396.contig252	4720	638	27
D396.contig253	4711	0	0
D396.contig254	4685	0	0
D396.contig255	4656	34	8
D396.contig256	4619	0	0
D396.contig257	4606	7704	890
D396.contig258	4604	0	0
D396.contig259	4603	504	27
D396.contig260	4583	0	0
D396.contig261	4572	0	0
D396.contig262	4564	11107	858
D396.contig263	4563	0	0
D396.contig264	4562	653	30
D396.contig265	4560	1105	98
D396.contig266	4556	0	0
D396.contig267	4555	701	11
D396.contig268	4511	1587	81
D396.contig269	4496	0	0
D396.contig270	4465	2	0
D396.contig271	4449	0	0
D396.contig272	4416	0	0
D396.contig273	4398	0	0
D396.contig274	4380	0	0
D396.contig275	4374	4	2
D396.contig276	4367	0	0
D396.contig277	4354	0	0
D396.contig278	4269	0	0
D396.contig279	4249	819	21
D396.contig280	4249	16557	1659
D396.contig281	4240	0	0
D396.contig282	4236	0	0
D396.contig283	4191	0	0
D396.contig284	4176	561	5
D396.contig285	4081	185	10
D396.contig286	3987	0	0
D396.contig287	3979	10	4
D396.contig288	3972	0	0
D396.contig289	3965	206	9
D396.contig290	3957	352	6
D396.contig291	3949	545	12
D396.contig292	3922	0	0
D396.contig293	3886	0	0
D396.contig294	3883	0	0
D396.contig295	3859	559	107
D396.contig296	3836	0	0
D396.contig297	3828	339	27
D396.contig298	3812	163	9
D396.contig299	3778	0	0
D396.contig300	3769	563	19
D396.contig301	3757	16181	1193
D396.contig302	3717	0	0
D396.contig303	3705	7326	742
D396.contig304	3702	910	18
D396.contig305	3698	1539	35
D396.contig306	3698	707	26
D396.contig307	3682	0	0
D396.contig308	3661	0	0
D396.contig309	3660	0	0
D396.contig310	3649	0	0
D396.contig311	3624	0	0
D396.contig312	3564	0	0
D396.contig313	3563	0	0
D396.contig314	3523	21513	1798
D396.contig315	3519	0	0
D396.contig316	3510	0	0
D396.contig317	3487	382	15
D396.contig318	3466	13466	409
D396.contig319	3418	0	0
D396.contig320	3401	0	0
D396.contig321	3397	13358	327
D396.contig322	3381	0	0
D396.contig323	3364	85	11
D396.contig324	3352	331	20
D396.contig325	3285	271	12
D396.contig326	3280	0	0
D396.contig327	3251	0	0
D396.contig328	3250	168	9
D396.contig329	3230	133	17
D396.contig330	3214	3860	406
D396.contig331	3207	36	2
D396.contig332	3206	343	23
D396.contig333	3160	0	0
D396.contig334	3159	559	14
D396.contig335	3155	0	0
D396.contig336	3145	302	20
D396.contig337	3137	0	0
D396.contig338	3135	392	32
D396.contig339	3078	0	0
D396.contig340	3073	0	0
D396.contig341	3070	193	18
D396.contig342	3063	0	0
D396.contig343	3061	0	0
D396.contig344	3061	0	0
D396.contig345	3049	0	0
D396.contig346	3007	0	0
*	0	0	6814786
