D396.contig1	202513	7397	111
D396.contig2	165244	4853	82
D396.contig3	162995	4659	77
D396.contig4	135599	4716	88
D396.contig5	131655	1736	22
D396.contig6	120700	2884	58
D396.contig7	108369	1061	19
D396.contig8	105159	1170	18
D396.contig9	103067	2580	62
D396.contig10	90343	486	15
D396.contig11	88878	9168	165
D396.contig12	87829	1512	37
D396.contig13	86142	15674	167
D396.contig14	83788	1126	33
D396.contig15	81393	3360	40
D396.contig16	79726	2594	44
D396.contig17	78588	0	0
D396.contig18	74359	3392	66
D396.contig19	71462	2011	37
D396.contig20	70497	974	14
D396.contig21	67408	0	0
D396.contig22	65449	0	0
D396.contig23	64143	2088	64
D396.contig24	58898	846	23
D396.contig25	58818	1988	55
D396.contig26	57110	668	8
D396.contig27	56100	1113	15
D396.contig28	54984	1113	21
D396.contig29	53315	266	4
D396.contig30	51175	5281	125
D396.contig31	49517	151	1
D396.contig32	49039	1100	14
D396.contig33	48939	273	5
D396.contig34	48743	1833	35
D396.contig35	47299	713	11
D396.contig36	46939	1680	45
D396.contig37	46789	1418	21
D396.contig38	45775	0	0
D396.contig39	44041	889	6
D396.contig40	43987	0	0
D396.contig41	43876	1009	47
D396.contig42	42085	1306	19
D396.contig43	41056	502	6
D396.contig44	40244	0	0
D396.contig45	39908	2794	31
D396.contig46	39464	0	0
D396.contig47	37837	0	0
D396.contig48	35926	241	5
D396.contig49	34977	0	0
D396.contig50	34926	1263	15
D396.contig51	34618	0	0
D396.contig52	34603	1128	8
D396.contig53	34586	326	8
D396.contig54	34563	1174	91
D396.contig55	34494	0	0
D396.contig56	34187	815	67
D396.contig57	34010	36	17
D396.contig58	32776	102	2
D396.contig59	32282	157	2
D396.contig60	32147	663	20
D396.contig61	31261	0	0
D396.contig62	30201	106	0
D396.contig63	29999	240	6
D396.contig64	29164	2225	64
D396.contig65	29006	131	3
D396.contig66	28582	3091	139
D396.contig67	28379	67	3
D396.contig68	27830	1515	39
D396.contig69	26269	0	0
D396.contig70	26076	52	1
D396.contig71	25659	170	3
D396.contig72	25422	159	3
D396.contig73	25200	3434	118
D396.contig74	24686	1633	116
D396.contig75	24612	611	11
D396.contig76	23803	12203	245
D396.contig77	23618	252	8
D396.contig78	23182	73	1
D396.contig79	22967	110	2
D396.contig80	22908	59	6
D396.contig81	22827	139	11
D396.contig82	22573	683	9
D396.contig83	22390	0	0
D396.contig84	22274	168	2
D396.contig85	22129	3447	99
D396.contig86	22070	0	0
D396.contig87	21929	8473	186
D396.contig88	21862	0	0
D396.contig89	21170	92	1
D396.contig90	20826	701	30
D396.contig91	20786	88	4
D396.contig92	20786	1859	34
D396.contig93	20722	49	1
D396.contig94	20633	420	8
D396.contig95	20520	559	11
D396.contig96	20482	365	12
D396.contig97	20018	191	1
D396.contig98	19981	0	0
D396.contig99	19705	0	0
D396.contig100	19640	44	0
D396.contig101	19335	32	2
D396.contig102	19170	291	3
D396.contig103	18909	2080	62
D396.contig104	18864	339	7
D396.contig105	18825	64	4
D396.contig106	18579	0	0
D396.contig107	18490	159	6
D396.contig108	17848	77	1
D396.contig109	17390	68	2
D396.contig110	16585	22	0
D396.contig111	16371	85	0
D396.contig112	16342	233	5
D396.contig113	16321	1204	20
D396.contig114	16089	116	1
D396.contig115	15980	0	0
D396.contig116	15822	0	0
D396.contig117	15651	27	7
D396.contig118	15537	0	0
D396.contig119	15523	58	2
D396.contig120	15233	22	1
D396.contig121	14817	90	0
D396.contig122	14603	809	14
D396.contig123	14513	0	0
D396.contig124	14306	0	0
D396.contig125	14283	744	76
D396.contig126	14173	14	0
D396.contig127	13802	2306	92
D396.contig128	13748	0	0
D396.contig129	13715	0	0
D396.contig130	13442	0	0
D396.contig131	13424	1819	64
D396.contig132	13359	191	3
D396.contig133	12800	0	0
D396.contig134	12551	0	0
D396.contig135	12498	23	0
D396.contig136	12276	3818	87
D396.contig137	12250	0	0
D396.contig138	12240	0	0
D396.contig139	12012	0	0
D396.contig140	11957	280	9
D396.contig141	11799	0	0
D396.contig142	11777	191	5
D396.contig143	11507	486	8
D396.contig144	11446	0	0
D396.contig145	11312	835	23
D396.contig146	11224	4885	275
D396.contig147	11092	49	0
D396.contig148	11076	0	0
D396.contig149	11013	42	2
D396.contig150	10836	0	0
D396.contig151	10825	1189	22
D396.contig152	10635	90	1
D396.contig153	10448	2117	75
D396.contig154	10269	60	0
D396.contig155	10085	0	0
D396.contig156	9857	470	67
D396.contig157	9732	0	0
D396.contig158	9718	2302	46
D396.contig159	9561	293	71
D396.contig160	9431	205	5
D396.contig161	9357	1933	58
D396.contig162	9329	1021	37
D396.contig163	9256	1672	57
D396.contig164	9210	705	12
D396.contig165	9108	0	0
D396.contig166	9018	132	11
D396.contig167	8880	168	12
D396.contig168	8852	47	2
D396.contig169	8809	0	0
D396.contig170	8804	0	0
D396.contig171	8741	0	0
D396.contig172	8651	94	4
D396.contig173	8631	0	0
D396.contig174	8583	0	0
D396.contig175	8554	0	0
D396.contig176	8404	0	0
D396.contig177	8379	9409	103
D396.contig178	8350	8	0
D396.contig179	8236	170	0
D396.contig180	8218	0	0
D396.contig181	7971	0	0
D396.contig182	7967	16	0
D396.contig183	7901	4	0
D396.contig184	7872	2197	83
D396.contig185	7798	0	0
D396.contig186	7774	0	0
D396.contig187	7547	2559	84
D396.contig188	7297	48	1
D396.contig189	7243	84	5
D396.contig190	7186	18	1
D396.contig191	7180	0	0
D396.contig192	7171	0	0
D396.contig193	7138	0	0
D396.contig194	7096	307	3
D396.contig195	7072	0	0
D396.contig196	7055	131	59
D396.contig197	7013	5	1
D396.contig198	6975	45	1
D396.contig199	6963	6	0
D396.contig200	6883	0	0
D396.contig201	6868	0	0
D396.contig202	6741	0	0
D396.contig203	6716	0	0
D396.contig204	6645	37	1
D396.contig205	6372	209	6
D396.contig206	6371	16	0
D396.contig207	6322	23	1
D396.contig208	6263	0	0
D396.contig209	6064	0	0
D396.contig210	6039	656	26
D396.contig211	5983	0	0
D396.contig212	5925	0	0
D396.contig213	5889	561	47
D396.contig214	5722	0	0
D396.contig215	5701	0	0
D396.contig216	5667	0	0
D396.contig217	5652	39	1
D396.contig218	5636	0	0
D396.contig219	5590	372	8
D396.contig220	5573	35	1
D396.contig221	5571	0	0
D396.contig222	5568	0	0
D396.contig223	5557	4	2
D396.contig224	5535	251	3
D396.contig225	5513	14	6
D396.contig226	5493	12	0
D396.contig227	5467	0	0
D396.contig228	5433	0	0
D396.contig229	5385	0	0
D396.contig230	5368	168	10
D396.contig231	5363	0	0
D396.contig232	5356	0	0
D396.contig233	5278	29	2
D396.contig234	5209	2915	93
D396.contig235	5118	131	2
D396.contig236	5090	0	0
D396.contig237	5071	0	0
D396.contig238	5040	0	0
D396.contig239	4939	3837120	219292
D396.contig240	4932	9	1
D396.contig241	4910	846	34
D396.contig242	4844	0	0
D396.contig243	4802	0	0
D396.contig244	4790	1209	71
D396.contig245	4779	2	0
D396.contig246	4775	0	0
D396.contig247	4773	870	52
D396.contig248	4765	2	0
D396.contig249	4750	1124	87
D396.contig250	4736	1203	73
D396.contig251	4726	77	1
D396.contig252	4720	236	10
D396.contig253	4711	0	0
D396.contig254	4685	6	0
D396.contig255	4656	0	0
D396.contig256	4619	1	1
D396.contig257	4606	892	80
D396.contig258	4604	0	0
D396.contig259	4603	24	0
D396.contig260	4583	0	0
D396.contig261	4572	0	0
D396.contig262	4564	1640	86
D396.contig263	4563	0	0
D396.contig264	4562	68	6
D396.contig265	4560	319	17
D396.contig266	4556	0	0
D396.contig267	4555	26	1
D396.contig268	4511	149	7
D396.contig269	4496	0	0
D396.contig270	4465	0	0
D396.contig271	4449	0	0
D396.contig272	4416	2	0
D396.contig273	4398	0	0
D396.contig274	4380	0	0
D396.contig275	4374	0	0
D396.contig276	4367	0	0
D396.contig277	4354	0	0
D396.contig278	4269	0	0
D396.contig279	4249	48	0
D396.contig280	4249	1035	83
D396.contig281	4240	0	0
D396.contig282	4236	0	0
D396.contig283	4191	0	0
D396.contig284	4176	17	1
D396.contig285	4081	2	0
D396.contig286	3987	0	0
D396.contig287	3979	0	0
D396.contig288	3972	0	0
D396.contig289	3965	0	0
D396.contig290	3957	0	0
D396.contig291	3949	27	1
D396.contig292	3922	0	0
D396.contig293	3886	0	0
D396.contig294	3883	0	0
D396.contig295	3859	2	0
D396.contig296	3836	0	0
D396.contig297	3828	44	3
D396.contig298	3812	21	1
D396.contig299	3778	0	0
D396.contig300	3769	13	1
D396.contig301	3757	110570	2242
D396.contig302	3717	0	0
D396.contig303	3705	1274	81
D396.contig304	3702	25	1
D396.contig305	3698	553	4
D396.contig306	3698	225	12
D396.contig307	3682	0	0
D396.contig308	3661	0	0
D396.contig309	3660	0	0
D396.contig310	3649	0	0
D396.contig311	3624	0	0
D396.contig312	3564	0	0
D396.contig313	3563	0	0
D396.contig314	3523	2307	178
D396.contig315	3519	0	0
D396.contig316	3510	0	0
D396.contig317	3487	27	3
D396.contig318	3466	1509	28
D396.contig319	3418	0	0
D396.contig320	3401	0	0
D396.contig321	3397	441	11
D396.contig322	3381	0	0
D396.contig323	3364	0	0
D396.contig324	3352	25	0
D396.contig325	3285	6	0
D396.contig326	3280	0	0
D396.contig327	3251	0	0
D396.contig328	3250	0	0
D396.contig329	3230	3	1
D396.contig330	3214	115	33
D396.contig331	3207	0	0
D396.contig332	3206	27	3
D396.contig333	3160	0	0
D396.contig334	3159	16	0
D396.contig335	3155	0	0
D396.contig336	3145	9	2
D396.contig337	3137	0	0
D396.contig338	3135	40	0
D396.contig339	3078	0	0
D396.contig340	3073	0	0
D396.contig341	3070	47	1
D396.contig342	3063	0	0
D396.contig343	3061	0	0
D396.contig344	3061	0	0
D396.contig345	3049	0	0
D396.contig346	3007	0	0
*	0	0	105406
