D396.contig1	202513	215110	3428
D396.contig2	165244	229568	3901
D396.contig3	162995	173004	3063
D396.contig4	135599	194459	3216
D396.contig5	131655	105835	1832
D396.contig6	120700	106935	2023
D396.contig7	108369	64915	1045
D396.contig8	105159	50261	796
D396.contig9	103067	58876	1044
D396.contig10	90343	50231	824
D396.contig11	88878	103465	1751
D396.contig12	87829	57836	965
D396.contig13	86142	78197	1237
D396.contig14	83788	120872	2179
D396.contig15	81393	61743	933
D396.contig16	79726	95043	1565
D396.contig17	78588	0	0
D396.contig18	74359	83789	1463
D396.contig19	71462	109479	1989
D396.contig20	70497	46087	797
D396.contig21	67408	0	0
D396.contig22	65449	0	0
D396.contig23	64143	78897	2100
D396.contig24	58898	71368	1481
D396.contig25	58818	91829	1486
D396.contig26	57110	20571	344
D396.contig27	56100	39680	720
D396.contig28	54984	58118	1081
D396.contig29	53315	29504	496
D396.contig30	51175	125974	2750
D396.contig31	49517	35488	661
D396.contig32	49039	32116	576
D396.contig33	48939	36391	678
D396.contig34	48743	113182	2611
D396.contig35	47299	45203	807
D396.contig36	46939	51216	1451
D396.contig37	46789	48075	849
D396.contig38	45775	0	0
D396.contig39	44041	28047	495
D396.contig40	43987	0	0
D396.contig41	43876	42501	1053
D396.contig42	42085	55116	975
D396.contig43	41056	20298	319
D396.contig44	40244	0	0
D396.contig45	39908	32092	546
D396.contig46	39464	0	0
D396.contig47	37837	0	0
D396.contig48	35926	12808	227
D396.contig49	34977	0	0
D396.contig50	34926	19306	479
D396.contig51	34618	0	0
D396.contig52	34603	27493	461
D396.contig53	34586	30931	580
D396.contig54	34563	121040	4572
D396.contig55	34494	0	0
D396.contig56	34187	51815	1657
D396.contig57	34010	0	0
D396.contig58	32776	13842	211
D396.contig59	32282	17110	288
D396.contig60	32147	10689	175
D396.contig61	31261	0	0
D396.contig62	30201	13845	331
D396.contig63	29999	12222	217
D396.contig64	29164	21729	405
D396.contig65	29006	11184	256
D396.contig66	28582	101519	3732
D396.contig67	28379	13141	238
D396.contig68	27830	56223	1210
D396.contig69	26269	0	0
D396.contig70	26076	5687	111
D396.contig71	25659	8441	159
D396.contig72	25422	13846	276
D396.contig73	25200	121574	4761
D396.contig74	24686	32990	3106
D396.contig75	24612	17468	377
D396.contig76	23803	174640	4642
D396.contig77	23618	16059	335
D396.contig78	23182	10364	164
D396.contig79	22967	5777	111
D396.contig80	22908	14129	350
D396.contig81	22827	8210	156
D396.contig82	22573	9754	229
D396.contig83	22390	0	0
D396.contig84	22274	8378	216
D396.contig85	22129	43205	1500
D396.contig86	22070	0	0
D396.contig87	21929	193597	4408
D396.contig88	21862	0	0
D396.contig89	21170	15677	302
D396.contig90	20826	67084	1713
D396.contig91	20786	12147	265
D396.contig92	20786	4949	138
D396.contig93	20722	4441	107
D396.contig94	20633	10922	363
D396.contig95	20520	9407	210
D396.contig96	20482	6084	177
D396.contig97	20018	15469	277
D396.contig98	19981	0	0
D396.contig99	19705	0	0
D396.contig100	19640	10507	217
D396.contig101	19335	11874	331
D396.contig102	19170	17050	342
D396.contig103	18909	153184	4108
D396.contig104	18864	6092	106
D396.contig105	18825	11147	263
D396.contig106	18579	0	0
D396.contig107	18490	11039	240
D396.contig108	17848	2140	40
D396.contig109	17390	6965	189
D396.contig110	16585	3465	116
D396.contig111	16371	3789	79
D396.contig112	16342	3190	82
D396.contig113	16321	4070	69
D396.contig114	16089	9389	168
D396.contig115	15980	0	0
D396.contig116	15822	0	0
D396.contig117	15651	3742	219
D396.contig118	15537	0	0
D396.contig119	15523	9618	288
D396.contig120	15233	2202	60
D396.contig121	14817	16854	367
D396.contig122	14603	25245	498
D396.contig123	14513	0	0
D396.contig124	14306	0	0
D396.contig125	14283	4699	122
D396.contig126	14173	1774	34
D396.contig127	13802	53005	2290
D396.contig128	13748	0	0
D396.contig129	13715	0	0
D396.contig130	13442	0	0
D396.contig131	13424	63770	1304
D396.contig132	13359	26515	387
D396.contig133	12800	0	0
D396.contig134	12551	0	0
D396.contig135	12498	1805	60
D396.contig136	12276	48560	1521
D396.contig137	12250	0	0
D396.contig138	12240	0	0
D396.contig139	12012	0	0
D396.contig140	11957	9375	287
D396.contig141	11799	0	0
D396.contig142	11777	3696	105
D396.contig143	11507	19679	455
D396.contig144	11446	0	0
D396.contig145	11312	35717	976
D396.contig146	11224	101431	7737
D396.contig147	11092	8072	302
D396.contig148	11076	0	0
D396.contig149	11013	5546	218
D396.contig150	10836	0	0
D396.contig151	10825	64650	1354
D396.contig152	10635	11185	284
D396.contig153	10448	56906	2185
D396.contig154	10269	1586	43
D396.contig155	10085	0	0
D396.contig156	9857	16723	1666
D396.contig157	9732	0	0
D396.contig158	9718	68463	1365
D396.contig159	9561	4899	1017
D396.contig160	9431	2411	56
D396.contig161	9357	46437	1728
D396.contig162	9329	62094	1669
D396.contig163	9256	81876	2985
D396.contig164	9210	51922	940
D396.contig165	9108	0	0
D396.contig166	9018	2197	115
D396.contig167	8880	16960	1002
D396.contig168	8852	1950	49
D396.contig169	8809	0	0
D396.contig170	8804	0	0
D396.contig171	8741	0	0
D396.contig172	8651	5988	81
D396.contig173	8631	0	0
D396.contig174	8583	0	0
D396.contig175	8554	0	0
D396.contig176	8404	0	0
D396.contig177	8379	31890	551
D396.contig178	8350	1352	33
D396.contig179	8236	1871	65
D396.contig180	8218	0	0
D396.contig181	7971	0	0
D396.contig182	7967	2713	46
D396.contig183	7901	1181	49
D396.contig184	7872	2487	40
D396.contig185	7798	0	0
D396.contig186	7774	2	0
D396.contig187	7547	76751	3035
D396.contig188	7297	4484	75
D396.contig189	7243	2027	51
D396.contig190	7186	1831	67
D396.contig191	7180	0	0
D396.contig192	7171	0	0
D396.contig193	7138	0	0
D396.contig194	7096	1845	63
D396.contig195	7072	0	0
D396.contig196	7055	1374	760
D396.contig197	7013	1147	40
D396.contig198	6975	2103	89
D396.contig199	6963	161	12
D396.contig200	6883	0	0
D396.contig201	6868	0	0
D396.contig202	6741	0	0
D396.contig203	6716	0	0
D396.contig204	6645	1103	36
D396.contig205	6372	17773	594
D396.contig206	6371	1144	51
D396.contig207	6322	2307	140
D396.contig208	6263	0	0
D396.contig209	6064	0	0
D396.contig210	6039	17236	722
D396.contig211	5983	0	0
D396.contig212	5925	0	0
D396.contig213	5889	30856	1571
D396.contig214	5722	0	0
D396.contig215	5701	0	0
D396.contig216	5667	0	0
D396.contig217	5652	2157	33
D396.contig218	5636	0	0
D396.contig219	5590	10129	349
D396.contig220	5573	2307	77
D396.contig221	5571	0	0
D396.contig222	5568	0	0
D396.contig223	5557	2156	84
D396.contig224	5535	8802	143
D396.contig225	5513	959	135
D396.contig226	5493	1194	76
D396.contig227	5467	0	0
D396.contig228	5433	0	0
D396.contig229	5385	0	0
D396.contig230	5368	18944	842
D396.contig231	5363	0	0
D396.contig232	5356	0	0
D396.contig233	5278	819	48
D396.contig234	5209	566	25
D396.contig235	5118	4186	75
D396.contig236	5090	0	0
D396.contig237	5071	0	0
D396.contig238	5040	0	0
D396.contig239	4939	2356855	111870
D396.contig240	4932	1566	57
D396.contig241	4910	23328	1498
D396.contig242	4844	0	0
D396.contig243	4802	0	0
D396.contig244	4790	36384	3986
D396.contig245	4779	2105	141
D396.contig246	4775	0	0
D396.contig247	4773	8138	440
D396.contig248	4765	577	25
D396.contig249	4750	37181	2879
D396.contig250	4736	52968	2871
D396.contig251	4726	1791	28
D396.contig252	4720	2061	90
D396.contig253	4711	0	0
D396.contig254	4685	0	0
D396.contig255	4656	0	0
D396.contig256	4619	0	0
D396.contig257	4606	12806	1369
D396.contig258	4604	0	0
D396.contig259	4603	1218	45
D396.contig260	4583	0	0
D396.contig261	4572	0	0
D396.contig262	4564	29854	2055
D396.contig263	4563	0	0
D396.contig264	4562	3507	158
D396.contig265	4560	4636	273
D396.contig266	4556	0	0
D396.contig267	4555	1813	19
D396.contig268	4511	5643	177
D396.contig269	4496	0	0
D396.contig270	4465	64	1
D396.contig271	4449	0	0
D396.contig272	4416	0	0
D396.contig273	4398	0	0
D396.contig274	4380	0	0
D396.contig275	4374	8	6
D396.contig276	4367	0	0
D396.contig277	4354	0	0
D396.contig278	4269	0	0
D396.contig279	4249	1372	24
D396.contig280	4249	40768	3534
D396.contig281	4240	0	0
D396.contig282	4236	0	0
D396.contig283	4191	0	0
D396.contig284	4176	1598	22
D396.contig285	4081	758	49
D396.contig286	3987	0	0
D396.contig287	3979	0	0
D396.contig288	3972	0	0
D396.contig289	3965	436	18
D396.contig290	3957	482	20
D396.contig291	3949	1247	21
D396.contig292	3922	0	0
D396.contig293	3886	0	0
D396.contig294	3883	0	0
D396.contig295	3859	0	0
D396.contig296	3836	0	0
D396.contig297	3828	796	38
D396.contig298	3812	954	39
D396.contig299	3778	0	0
D396.contig300	3769	374	15
D396.contig301	3757	50530	3180
D396.contig302	3717	0	0
D396.contig303	3705	13085	1135
D396.contig304	3702	1255	21
D396.contig305	3698	2535	30
D396.contig306	3698	2066	22
D396.contig307	3682	0	0
D396.contig308	3661	0	0
D396.contig309	3660	0	0
D396.contig310	3649	0	0
D396.contig311	3624	0	0
D396.contig312	3564	0	0
D396.contig313	3563	0	0
D396.contig314	3523	45495	3754
D396.contig315	3519	0	0
D396.contig316	3510	0	0
D396.contig317	3487	707	34
D396.contig318	3466	24118	555
D396.contig319	3418	0	0
D396.contig320	3401	0	0
D396.contig321	3397	20998	360
D396.contig322	3381	0	0
D396.contig323	3364	0	0
D396.contig324	3352	662	28
D396.contig325	3285	643	19
D396.contig326	3280	0	0
D396.contig327	3251	0	0
D396.contig328	3250	521	47
D396.contig329	3230	290	26
D396.contig330	3214	20523	1512
D396.contig331	3207	79	1
D396.contig332	3206	578	25
D396.contig333	3160	0	0
D396.contig334	3159	944	16
D396.contig335	3155	0	0
D396.contig336	3145	992	32
D396.contig337	3137	0	0
D396.contig338	3135	2994	235
D396.contig339	3078	0	0
D396.contig340	3073	0	0
D396.contig341	3070	889	69
D396.contig342	3063	0	0
D396.contig343	3061	0	0
D396.contig344	3061	0	0
D396.contig345	3049	0	0
D396.contig346	3007	0	0
*	0	0	677988
