D396.contig1	202513	34773	638
D396.contig2	165244	34316	704
D396.contig3	162995	24888	556
D396.contig4	135599	50682	1226
D396.contig5	131655	11161	213
D396.contig6	120700	12110	263
D396.contig7	108369	9475	181
D396.contig8	105159	5934	115
D396.contig9	103067	8223	160
D396.contig10	90343	11313	168
D396.contig11	88878	11803	212
D396.contig12	87829	4276	91
D396.contig13	86142	17136	301
D396.contig14	83788	11460	204
D396.contig15	81393	6051	141
D396.contig16	79726	14196	260
D396.contig17	78588	0	0
D396.contig18	74359	10122	225
D396.contig19	71462	11816	242
D396.contig20	70497	4979	89
D396.contig21	67408	13	3
D396.contig22	65449	2	0
D396.contig23	64143	14469	374
D396.contig24	58898	10641	237
D396.contig25	58818	10463	217
D396.contig26	57110	2975	38
D396.contig27	56100	6880	176
D396.contig28	54984	13306	317
D396.contig29	53315	2521	53
D396.contig30	51175	17363	517
D396.contig31	49517	11389	236
D396.contig32	49039	3186	55
D396.contig33	48939	30276	408
D396.contig34	48743	28353	990
D396.contig35	47299	2900	48
D396.contig36	46939	3598	144
D396.contig37	46789	7573	119
D396.contig38	45775	0	0
D396.contig39	44041	630	17
D396.contig40	43987	2	0
D396.contig41	43876	18024	305
D396.contig42	42085	6557	153
D396.contig43	41056	1599	33
D396.contig44	40244	2	0
D396.contig45	39908	2480	50
D396.contig46	39464	1349	378
D396.contig47	37837	0	0
D396.contig48	35926	1455	21
D396.contig49	34977	1	1
D396.contig50	34926	3157	63
D396.contig51	34618	73	8
D396.contig52	34603	3659	82
D396.contig53	34586	2020	53
D396.contig54	34563	105694	4089
D396.contig55	34494	0	0
D396.contig56	34187	8506	247
D396.contig57	34010	0	0
D396.contig58	32776	1998	32
D396.contig59	32282	823	29
D396.contig60	32147	1022	18
D396.contig61	31261	0	0
D396.contig62	30201	1337	57
D396.contig63	29999	767	17
D396.contig64	29164	2260	49
D396.contig65	29006	954	12
D396.contig66	28582	15937	855
D396.contig67	28379	2154	82
D396.contig68	27830	11928	328
D396.contig69	26269	0	0
D396.contig70	26076	325	2
D396.contig71	25659	618	17
D396.contig72	25422	1316	59
D396.contig73	25200	29588	1236
D396.contig74	24686	8943	560
D396.contig75	24612	11254	264
D396.contig76	23803	17711	549
D396.contig77	23618	766	16
D396.contig78	23182	1253	14
D396.contig79	22967	757	13
D396.contig80	22908	2241	152
D396.contig81	22827	771	23
D396.contig82	22573	1780	36
D396.contig83	22390	0	0
D396.contig84	22274	982	25
D396.contig85	22129	13216	448
D396.contig86	22070	2	0
D396.contig87	21929	34597	901
D396.contig88	21862	0	0
D396.contig89	21170	5652	181
D396.contig90	20826	20235	546
D396.contig91	20786	2185	35
D396.contig92	20786	2568	68
D396.contig93	20722	521	14
D396.contig94	20633	1224	57
D396.contig95	20520	278	2
D396.contig96	20482	311	6
D396.contig97	20018	4566	63
D396.contig98	19981	0	0
D396.contig99	19705	2	0
D396.contig100	19640	646	10
D396.contig101	19335	704	19
D396.contig102	19170	1865	39
D396.contig103	18909	29120	1073
D396.contig104	18864	937	15
D396.contig105	18825	2069	137
D396.contig106	18579	3	1
D396.contig107	18490	1041	20
D396.contig108	17848	166	12
D396.contig109	17390	259	3
D396.contig110	16585	339	9
D396.contig111	16371	248	7
D396.contig112	16342	77	3
D396.contig113	16321	367	9
D396.contig114	16089	259	6
D396.contig115	15980	0	0
D396.contig116	15822	4	0
D396.contig117	15651	450	15
D396.contig118	15537	11	1
D396.contig119	15523	861	23
D396.contig120	15233	3644	112
D396.contig121	14817	278	12
D396.contig122	14603	5838	111
D396.contig123	14513	0	0
D396.contig124	14306	0	0
D396.contig125	14283	796	27
D396.contig126	14173	435	7
D396.contig127	13802	7781	311
D396.contig128	13748	1	1
D396.contig129	13715	0	0
D396.contig130	13442	0	0
D396.contig131	13424	13768	342
D396.contig132	13359	2400	45
D396.contig133	12800	0	0
D396.contig134	12551	0	0
D396.contig135	12498	1311	37
D396.contig136	12276	7184	235
D396.contig137	12250	0	0
D396.contig138	12240	0	0
D396.contig139	12012	0	0
D396.contig140	11957	2530	73
D396.contig141	11799	0	0
D396.contig142	11777	832	26
D396.contig143	11507	1981	111
D396.contig144	11446	0	0
D396.contig145	11312	2280	70
D396.contig146	11224	12872	1159
D396.contig147	11092	12059	297
D396.contig148	11076	0	0
D396.contig149	11013	235	28
D396.contig150	10836	0	0
D396.contig151	10825	14603	602
D396.contig152	10635	1121	33
D396.contig153	10448	4957	225
D396.contig154	10269	107	6
D396.contig155	10085	0	0
D396.contig156	9857	1667	238
D396.contig157	9732	0	0
D396.contig158	9718	13948	346
D396.contig159	9561	1232	126
D396.contig160	9431	287	7
D396.contig161	9357	4905	172
D396.contig162	9329	12303	334
D396.contig163	9256	28993	994
D396.contig164	9210	22871	521
D396.contig165	9108	0	0
D396.contig166	9018	141	11
D396.contig167	8880	1017	116
D396.contig168	8852	1029	65
D396.contig169	8809	0	0
D396.contig170	8804	0	0
D396.contig171	8741	0	0
D396.contig172	8651	362	5
D396.contig173	8631	0	0
D396.contig174	8583	3203	255
D396.contig175	8554	0	0
D396.contig176	8404	0	0
D396.contig177	8379	8015	158
D396.contig178	8350	105	11
D396.contig179	8236	258	8
D396.contig180	8218	0	0
D396.contig181	7971	0	0
D396.contig182	7967	349	5
D396.contig183	7901	120	4
D396.contig184	7872	3508	127
D396.contig185	7798	0	0
D396.contig186	7774	0	0
D396.contig187	7547	13112	598
D396.contig188	7297	131	3
D396.contig189	7243	965	30
D396.contig190	7186	261	5
D396.contig191	7180	0	0
D396.contig192	7171	0	0
D396.contig193	7138	0	0
D396.contig194	7096	206	11
D396.contig195	7072	0	0
D396.contig196	7055	107	75
D396.contig197	7013	255	13
D396.contig198	6975	128	2
D396.contig199	6963	2	0
D396.contig200	6883	0	0
D396.contig201	6868	0	0
D396.contig202	6741	0	0
D396.contig203	6716	0	0
D396.contig204	6645	72	5
D396.contig205	6372	1247	56
D396.contig206	6371	499	13
D396.contig207	6322	607	80
D396.contig208	6263	0	0
D396.contig209	6064	0	0
D396.contig210	6039	527	15
D396.contig211	5983	0	0
D396.contig212	5925	0	0
D396.contig213	5889	2980	206
D396.contig214	5722	0	0
D396.contig215	5701	0	0
D396.contig216	5667	0	0
D396.contig217	5652	192	2
D396.contig218	5636	0	0
D396.contig219	5590	1208	36
D396.contig220	5573	120	3
D396.contig221	5571	0	0
D396.contig222	5568	0	0
D396.contig223	5557	110	5
D396.contig224	5535	2366	31
D396.contig225	5513	119	10
D396.contig226	5493	159	6
D396.contig227	5467	0	0
D396.contig228	5433	0	0
D396.contig229	5385	0	0
D396.contig230	5368	1178	66
D396.contig231	5363	0	0
D396.contig232	5356	0	0
D396.contig233	5278	196	8
D396.contig234	5209	127	3
D396.contig235	5118	440	5
D396.contig236	5090	0	0
D396.contig237	5071	0	0
D396.contig238	5040	0	0
D396.contig239	4939	3589255	238144
D396.contig240	4932	41	2
D396.contig241	4910	5505	270
D396.contig242	4844	0	0
D396.contig243	4802	0	0
D396.contig244	4790	22519	4209
D396.contig245	4779	135	6
D396.contig246	4775	0	0
D396.contig247	4773	205	13
D396.contig248	4765	66	2
D396.contig249	4750	7252	666
D396.contig250	4736	7753	561
D396.contig251	4726	56	1
D396.contig252	4720	34	1
D396.contig253	4711	0	0
D396.contig254	4685	0	0
D396.contig255	4656	0	0
D396.contig256	4619	0	0
D396.contig257	4606	5006	420
D396.contig258	4604	0	0
D396.contig259	4603	131	9
D396.contig260	4583	0	0
D396.contig261	4572	0	0
D396.contig262	4564	3636	247
D396.contig263	4563	0	0
D396.contig264	4562	68	4
D396.contig265	4560	1278	71
D396.contig266	4556	0	0
D396.contig267	4555	135	2
D396.contig268	4511	2151	98
D396.contig269	4496	0	0
D396.contig270	4465	0	0
D396.contig271	4449	0	0
D396.contig272	4416	0	0
D396.contig273	4398	0	0
D396.contig274	4380	0	0
D396.contig275	4374	1	1
D396.contig276	4367	0	0
D396.contig277	4354	0	0
D396.contig278	4269	0	0
D396.contig279	4249	303	2
D396.contig280	4249	7974	815
D396.contig281	4240	0	0
D396.contig282	4236	0	0
D396.contig283	4191	0	0
D396.contig284	4176	110	2
D396.contig285	4081	16	2
D396.contig286	3987	0	0
D396.contig287	3979	0	0
D396.contig288	3972	0	0
D396.contig289	3965	39	1
D396.contig290	3957	92	2
D396.contig291	3949	312	1
D396.contig292	3922	0	0
D396.contig293	3886	0	0
D396.contig294	3883	0	0
D396.contig295	3859	0	0
D396.contig296	3836	0	0
D396.contig297	3828	70	6
D396.contig298	3812	81	7
D396.contig299	3778	0	0
D396.contig300	3769	59	2
D396.contig301	3757	26404	1133
D396.contig302	3717	0	0
D396.contig303	3705	3558	350
D396.contig304	3702	242	3
D396.contig305	3698	210	10
D396.contig306	3698	402	6
D396.contig307	3682	0	0
D396.contig308	3661	0	0
D396.contig309	3660	0	0
D396.contig310	3649	0	0
D396.contig311	3624	0	0
D396.contig312	3564	0	0
D396.contig313	3563	0	0
D396.contig314	3523	10257	743
D396.contig315	3519	0	0
D396.contig316	3510	0	0
D396.contig317	3487	122	6
D396.contig318	3466	6484	154
D396.contig319	3418	0	0
D396.contig320	3401	0	0
D396.contig321	3397	5265	96
D396.contig322	3381	6	0
D396.contig323	3364	0	0
D396.contig324	3352	39	1
D396.contig325	3285	26	1
D396.contig326	3280	0	0
D396.contig327	3251	0	0
D396.contig328	3250	32	2
D396.contig329	3230	44	2
D396.contig330	3214	3017	235
D396.contig331	3207	0	0
D396.contig332	3206	181	4
D396.contig333	3160	0	0
D396.contig334	3159	135	1
D396.contig335	3155	0	0
D396.contig336	3145	223	7
D396.contig337	3137	0	0
D396.contig338	3135	272	22
D396.contig339	3078	0	0
D396.contig340	3073	0	0
D396.contig341	3070	58	4
D396.contig342	3063	0	0
D396.contig343	3061	0	0
D396.contig344	3061	699	245
D396.contig345	3049	0	0
D396.contig346	3007	0	0
*	0	0	2166994
