D396.contig1	202513	15582	261
D396.contig2	165244	20615	359
D396.contig3	162995	13814	251
D396.contig4	135599	17571	275
D396.contig5	131655	8251	143
D396.contig6	120700	9877	188
D396.contig7	108369	5101	85
D396.contig8	105159	3794	69
D396.contig9	103067	6370	134
D396.contig10	90343	3390	67
D396.contig11	88878	8345	143
D396.contig12	87829	3607	82
D396.contig13	86142	8530	149
D396.contig14	83788	7012	108
D396.contig15	81393	2529	50
D396.contig16	79726	7472	119
D396.contig17	78588	25	1
D396.contig18	74359	10536	194
D396.contig19	71462	9252	180
D396.contig20	70497	4438	86
D396.contig21	67408	29	3
D396.contig22	65449	0	0
D396.contig23	64143	8473	194
D396.contig24	58898	3891	85
D396.contig25	58818	6259	106
D396.contig26	57110	1789	27
D396.contig27	56100	4411	60
D396.contig28	54984	4629	89
D396.contig29	53315	2900	41
D396.contig30	51175	13985	313
D396.contig31	49517	3662	63
D396.contig32	49039	2651	44
D396.contig33	48939	3116	66
D396.contig34	48743	10046	234
D396.contig35	47299	2882	64
D396.contig36	46939	2986	68
D396.contig37	46789	4194	69
D396.contig38	45775	1	1
D396.contig39	44041	1165	19
D396.contig40	43987	1740	316
D396.contig41	43876	3844	88
D396.contig42	42085	4875	94
D396.contig43	41056	1135	31
D396.contig44	40244	0	0
D396.contig45	39908	1795	36
D396.contig46	39464	0	0
D396.contig47	37837	0	0
D396.contig48	35926	1338	31
D396.contig49	34977	0	0
D396.contig50	34926	695	10
D396.contig51	34618	0	0
D396.contig52	34603	2877	55
D396.contig53	34586	1996	74
D396.contig54	34563	5840	287
D396.contig55	34494	5	1
D396.contig56	34187	5045	101
D396.contig57	34010	0	0
D396.contig58	32776	961	12
D396.contig59	32282	1494	24
D396.contig60	32147	841	14
D396.contig61	31261	55	43
D396.contig62	30201	827	21
D396.contig63	29999	973	19
D396.contig64	29164	1405	17
D396.contig65	29006	912	13
D396.contig66	28582	7773	311
D396.contig67	28379	1335	23
D396.contig68	27830	6340	128
D396.contig69	26269	412	66
D396.contig70	26076	501	9
D396.contig71	25659	759	11
D396.contig72	25422	1551	43
D396.contig73	25200	11646	367
D396.contig74	24686	3768	257
D396.contig75	24612	1505	24
D396.contig76	23803	15964	444
D396.contig77	23618	1220	19
D396.contig78	23182	844	16
D396.contig79	22967	614	14
D396.contig80	22908	1021	109
D396.contig81	22827	598	14
D396.contig82	22573	1170	29
D396.contig83	22390	9	5
D396.contig84	22274	607	13
D396.contig85	22129	7266	210
D396.contig86	22070	4	2
D396.contig87	21929	21717	427
D396.contig88	21862	0	0
D396.contig89	21170	1339	21
D396.contig90	20826	9012	195
D396.contig91	20786	584	6
D396.contig92	20786	717	15
D396.contig93	20722	742	14
D396.contig94	20633	969	29
D396.contig95	20520	276	4
D396.contig96	20482	640	10
D396.contig97	20018	1876	17
D396.contig98	19981	4	0
D396.contig99	19705	4	0
D396.contig100	19640	342	14
D396.contig101	19335	789	24
D396.contig102	19170	1606	32
D396.contig103	18909	13231	352
D396.contig104	18864	430	8
D396.contig105	18825	922	15
D396.contig106	18579	0	0
D396.contig107	18490	1295	28
D396.contig108	17848	166	6
D396.contig109	17390	252	2
D396.contig110	16585	120	4
D396.contig111	16371	296	6
D396.contig112	16342	412	8
D396.contig113	16321	494	13
D396.contig114	16089	436	8
D396.contig115	15980	7	1
D396.contig116	15822	0	0
D396.contig117	15651	311	11
D396.contig118	15537	19	1
D396.contig119	15523	135	3
D396.contig120	15233	164	6
D396.contig121	14817	570	10
D396.contig122	14603	3265	67
D396.contig123	14513	0	0
D396.contig124	14306	0	0
D396.contig125	14283	397	9
D396.contig126	14173	177	3
D396.contig127	13802	4952	193
D396.contig128	13748	227	27
D396.contig129	13715	0	0
D396.contig130	13442	0	0
D396.contig131	13424	5760	121
D396.contig132	13359	1716	28
D396.contig133	12800	0	0
D396.contig134	12551	0	0
D396.contig135	12498	386	6
D396.contig136	12276	5739	147
D396.contig137	12250	0	0
D396.contig138	12240	0	0
D396.contig139	12012	0	0
D396.contig140	11957	870	34
D396.contig141	11799	0	0
D396.contig142	11777	399	7
D396.contig143	11507	1636	38
D396.contig144	11446	2	0
D396.contig145	11312	3109	92
D396.contig146	11224	7706	615
D396.contig147	11092	441	19
D396.contig148	11076	0	0
D396.contig149	11013	236	8
D396.contig150	10836	3	1
D396.contig151	10825	11296	353
D396.contig152	10635	775	9
D396.contig153	10448	4184	116
D396.contig154	10269	108	6
D396.contig155	10085	0	0
D396.contig156	9857	1054	119
D396.contig157	9732	0	0
D396.contig158	9718	7171	161
D396.contig159	9561	327	62
D396.contig160	9431	75	0
D396.contig161	9357	1710	73
D396.contig162	9329	6046	161
D396.contig163	9256	5350	198
D396.contig164	9210	4853	87
D396.contig165	9108	0	0
D396.contig166	9018	192	9
D396.contig167	8880	3393	136
D396.contig168	8852	181	5
D396.contig169	8809	0	0
D396.contig170	8804	0	0
D396.contig171	8741	16	6
D396.contig172	8651	503	8
D396.contig173	8631	0	0
D396.contig174	8583	42	4
D396.contig175	8554	0	0
D396.contig176	8404	0	0
D396.contig177	8379	4588	92
D396.contig178	8350	139	1
D396.contig179	8236	177	5
D396.contig180	8218	0	0
D396.contig181	7971	0	0
D396.contig182	7967	353	13
D396.contig183	7901	59	1
D396.contig184	7872	379	6
D396.contig185	7798	0	0
D396.contig186	7774	1	1
D396.contig187	7547	5767	217
D396.contig188	7297	356	5
D396.contig189	7243	128	2
D396.contig190	7186	85	3
D396.contig191	7180	0	0
D396.contig192	7171	0	0
D396.contig193	7138	0	0
D396.contig194	7096	174	6
D396.contig195	7072	0	0
D396.contig196	7055	248	94
D396.contig197	7013	137	4
D396.contig198	6975	124	2
D396.contig199	6963	2	0
D396.contig200	6883	0	0
D396.contig201	6868	0	0
D396.contig202	6741	0	0
D396.contig203	6716	0	0
D396.contig204	6645	54	2
D396.contig205	6372	1298	60
D396.contig206	6371	92	6
D396.contig207	6322	179	18
D396.contig208	6263	0	0
D396.contig209	6064	0	0
D396.contig210	6039	815	35
D396.contig211	5983	11	1
D396.contig212	5925	8	0
D396.contig213	5889	1496	88
D396.contig214	5722	0	0
D396.contig215	5701	0	0
D396.contig216	5667	0	0
D396.contig217	5652	214	8
D396.contig218	5636	0	0
D396.contig219	5590	2481	61
D396.contig220	5573	125	3
D396.contig221	5571	0	0
D396.contig222	5568	0	0
D396.contig223	5557	150	3
D396.contig224	5535	1183	16
D396.contig225	5513	32	7
D396.contig226	5493	158	8
D396.contig227	5467	0	0
D396.contig228	5433	0	0
D396.contig229	5385	0	0
D396.contig230	5368	1521	60
D396.contig231	5363	0	0
D396.contig232	5356	0	0
D396.contig233	5278	65	3
D396.contig234	5209	43	1
D396.contig235	5118	386	10
D396.contig236	5090	0	0
D396.contig237	5071	0	0
D396.contig238	5040	0	0
D396.contig239	4939	1706282	68241
D396.contig240	4932	120	5
D396.contig241	4910	1804	87
D396.contig242	4844	1	1
D396.contig243	4802	0	0
D396.contig244	4790	11854	1806
D396.contig245	4779	99	2
D396.contig246	4775	0	0
D396.contig247	4773	426	23
D396.contig248	4765	49	1
D396.contig249	4750	3970	261
D396.contig250	4736	4745	208
D396.contig251	4726	142	1
D396.contig252	4720	87	3
D396.contig253	4711	0	0
D396.contig254	4685	0	0
D396.contig255	4656	24	2
D396.contig256	4619	0	0
D396.contig257	4606	939	105
D396.contig258	4604	0	0
D396.contig259	4603	47	1
D396.contig260	4583	0	0
D396.contig261	4572	0	0
D396.contig262	4564	1806	108
D396.contig263	4563	0	0
D396.contig264	4562	65	2
D396.contig265	4560	157	2
D396.contig266	4556	0	0
D396.contig267	4555	99	1
D396.contig268	4511	327	12
D396.contig269	4496	0	0
D396.contig270	4465	2	0
D396.contig271	4449	0	0
D396.contig272	4416	0	0
D396.contig273	4398	0	0
D396.contig274	4380	0	0
D396.contig275	4374	0	0
D396.contig276	4367	0	0
D396.contig277	4354	0	0
D396.contig278	4269	0	0
D396.contig279	4249	164	2
D396.contig280	4249	3019	241
D396.contig281	4240	0	0
D396.contig282	4236	0	0
D396.contig283	4191	0	0
D396.contig284	4176	136	3
D396.contig285	4081	81	3
D396.contig286	3987	12	0
D396.contig287	3979	0	0
D396.contig288	3972	0	0
D396.contig289	3965	29	1
D396.contig290	3957	18	0
D396.contig291	3949	141	2
D396.contig292	3922	0	0
D396.contig293	3886	0	0
D396.contig294	3883	0	0
D396.contig295	3859	15	13
D396.contig296	3836	0	0
D396.contig297	3828	109	9
D396.contig298	3812	19	1
D396.contig299	3778	0	0
D396.contig300	3769	32	0
D396.contig301	3757	30388	844
D396.contig302	3717	0	0
D396.contig303	3705	887	73
D396.contig304	3702	153	3
D396.contig305	3698	404	7
D396.contig306	3698	84	1
D396.contig307	3682	0	0
D396.contig308	3661	5	3
D396.contig309	3660	27	1
D396.contig310	3649	0	0
D396.contig311	3624	3	1
D396.contig312	3564	0	0
D396.contig313	3563	2	0
D396.contig314	3523	3789	256
D396.contig315	3519	0	0
D396.contig316	3510	0	0
D396.contig317	3487	58	3
D396.contig318	3466	3324	80
D396.contig319	3418	0	0
D396.contig320	3401	0	0
D396.contig321	3397	2637	44
D396.contig322	3381	0	0
D396.contig323	3364	27	23
D396.contig324	3352	76	3
D396.contig325	3285	37	0
D396.contig326	3280	0	0
D396.contig327	3251	0	0
D396.contig328	3250	28	1
D396.contig329	3230	30	1
D396.contig330	3214	1406	106
D396.contig331	3207	0	0
D396.contig332	3206	72	1
D396.contig333	3160	0	0
D396.contig334	3159	153	5
D396.contig335	3155	0	0
D396.contig336	3145	32	0
D396.contig337	3137	0	0
D396.contig338	3135	60	1
D396.contig339	3078	0	0
D396.contig340	3073	0	0
D396.contig341	3070	55	6
D396.contig342	3063	0	0
D396.contig343	3061	0	0
D396.contig344	3061	1	1
D396.contig345	3049	0	0
D396.contig346	3007	0	0
*	0	0	7330426
