D396.contig1	202513	116724	2395
D396.contig2	165244	138831	3095
D396.contig3	162995	82769	1887
D396.contig4	135599	119811	2469
D396.contig5	131655	81928	1699
D396.contig6	120700	61176	1555
D396.contig7	108369	35660	696
D396.contig8	105159	27189	679
D396.contig9	103067	49276	1131
D396.contig10	90343	45397	799
D396.contig11	88878	73115	1412
D396.contig12	87829	40956	872
D396.contig13	86142	52251	950
D396.contig14	83788	61740	1197
D396.contig15	81393	27837	548
D396.contig16	79726	39447	840
D396.contig17	78588	0	0
D396.contig18	74359	49953	1181
D396.contig19	71462	45720	1059
D396.contig20	70497	37576	830
D396.contig21	67408	0	0
D396.contig22	65449	0	0
D396.contig23	64143	55517	1397
D396.contig24	58898	32048	798
D396.contig25	58818	46698	951
D396.contig26	57110	14830	302
D396.contig27	56100	30383	724
D396.contig28	54984	51235	1254
D396.contig29	53315	37574	698
D396.contig30	51175	45488	1530
D396.contig31	49517	24957	548
D396.contig32	49039	18811	365
D396.contig33	48939	13866	358
D396.contig34	48743	73046	2105
D396.contig35	47299	13643	335
D396.contig36	46939	29414	942
D396.contig37	46789	26539	705
D396.contig38	45775	0	0
D396.contig39	44041	15192	402
D396.contig40	43987	0	0
D396.contig41	43876	31389	684
D396.contig42	42085	28554	688
D396.contig43	41056	10629	297
D396.contig44	40244	9	3
D396.contig45	39908	10303	237
D396.contig46	39464	2	2
D396.contig47	37837	0	0
D396.contig48	35926	9536	188
D396.contig49	34977	0	0
D396.contig50	34926	9774	208
D396.contig51	34618	0	0
D396.contig52	34603	17426	392
D396.contig53	34586	12903	458
D396.contig54	34563	34647	1810
D396.contig55	34494	0	0
D396.contig56	34187	18603	539
D396.contig57	34010	0	0
D396.contig58	32776	4108	81
D396.contig59	32282	8631	189
D396.contig60	32147	10271	201
D396.contig61	31261	0	0
D396.contig62	30201	7511	220
D396.contig63	29999	3758	207
D396.contig64	29164	22194	467
D396.contig65	29006	5754	118
D396.contig66	28582	36700	1899
D396.contig67	28379	6207	138
D396.contig68	27830	89122	2348
D396.contig69	26269	0	0
D396.contig70	26076	1773	51
D396.contig71	25659	3051	85
D396.contig72	25422	8313	516
D396.contig73	25200	52033	2527
D396.contig74	24686	17513	1724
D396.contig75	24612	10278	291
D396.contig76	23803	67466	2624
D396.contig77	23618	6725	168
D396.contig78	23182	4488	85
D396.contig79	22967	3799	74
D396.contig80	22908	11395	533
D396.contig81	22827	1742	47
D396.contig82	22573	11499	261
D396.contig83	22390	0	0
D396.contig84	22274	4508	118
D396.contig85	22129	277119	11786
D396.contig86	22070	0	0
D396.contig87	21929	84010	2391
D396.contig88	21862	0	0
D396.contig89	21170	14545	291
D396.contig90	20826	42284	1260
D396.contig91	20786	5064	184
D396.contig92	20786	2431	76
D396.contig93	20722	3804	75
D396.contig94	20633	10481	408
D396.contig95	20520	2904	76
D396.contig96	20482	3666	90
D396.contig97	20018	9484	188
D396.contig98	19981	0	0
D396.contig99	19705	0	0
D396.contig100	19640	3057	62
D396.contig101	19335	10039	411
D396.contig102	19170	7203	155
D396.contig103	18909	119780	3804
D396.contig104	18864	3804	140
D396.contig105	18825	9777	360
D396.contig106	18579	0	0
D396.contig107	18490	6307	175
D396.contig108	17848	314	8
D396.contig109	17390	1513	34
D396.contig110	16585	1501	46
D396.contig111	16371	1142	30
D396.contig112	16342	539	15
D396.contig113	16321	2028	47
D396.contig114	16089	1661	46
D396.contig115	15980	0	0
D396.contig116	15822	0	0
D396.contig117	15651	5469	199
D396.contig118	15537	0	0
D396.contig119	15523	2531	147
D396.contig120	15233	1609	34
D396.contig121	14817	2689	99
D396.contig122	14603	14295	327
D396.contig123	14513	0	0
D396.contig124	14306	0	0
D396.contig125	14283	2308	67
D396.contig126	14173	652	27
D396.contig127	13802	19054	1059
D396.contig128	13748	0	0
D396.contig129	13715	0	0
D396.contig130	13442	0	0
D396.contig131	13424	33549	922
D396.contig132	13359	8996	165
D396.contig133	12800	0	0
D396.contig134	12551	0	0
D396.contig135	12498	508	23
D396.contig136	12276	16931	739
D396.contig137	12250	0	0
D396.contig138	12240	0	0
D396.contig139	12012	0	0
D396.contig140	11957	4708	175
D396.contig141	11799	0	0
D396.contig142	11777	1216	29
D396.contig143	11507	4032	131
D396.contig144	11446	0	0
D396.contig145	11312	12267	453
D396.contig146	11224	49811	3800
D396.contig147	11092	5723	592
D396.contig148	11076	0	0
D396.contig149	11013	4312	174
D396.contig150	10836	0	0
D396.contig151	10825	147830	7097
D396.contig152	10635	42251	955
D396.contig153	10448	39222	1567
D396.contig154	10269	2303	75
D396.contig155	10085	0	0
D396.contig156	9857	10032	765
D396.contig157	9732	0	0
D396.contig158	9718	30761	789
D396.contig159	9561	2212	426
D396.contig160	9431	458	17
D396.contig161	9357	21480	811
D396.contig162	9329	28603	910
D396.contig163	9256	55375	2317
D396.contig164	9210	29436	714
D396.contig165	9108	0	0
D396.contig166	9018	1694	87
D396.contig167	8880	9945	557
D396.contig168	8852	1959	61
D396.contig169	8809	0	0
D396.contig170	8804	0	0
D396.contig171	8741	0	0
D396.contig172	8651	1156	21
D396.contig173	8631	0	0
D396.contig174	8583	0	0
D396.contig175	8554	0	0
D396.contig176	8404	0	0
D396.contig177	8379	21443	495
D396.contig178	8350	13897	600
D396.contig179	8236	1130	25
D396.contig180	8218	0	0
D396.contig181	7971	0	0
D396.contig182	7967	1422	37
D396.contig183	7901	1705	94
D396.contig184	7872	1894	52
D396.contig185	7798	0	0
D396.contig186	7774	40	0
D396.contig187	7547	43837	1963
D396.contig188	7297	3771	84
D396.contig189	7243	706	17
D396.contig190	7186	584	17
D396.contig191	7180	0	0
D396.contig192	7171	0	0
D396.contig193	7138	1	1
D396.contig194	7096	4776	129
D396.contig195	7072	0	0
D396.contig196	7055	653	356
D396.contig197	7013	181	11
D396.contig198	6975	1485	58
D396.contig199	6963	304	67
D396.contig200	6883	0	0
D396.contig201	6868	0	0
D396.contig202	6741	0	0
D396.contig203	6716	0	0
D396.contig204	6645	668	16
D396.contig205	6372	6557	263
D396.contig206	6371	436	16
D396.contig207	6322	3048	202
D396.contig208	6263	0	0
D396.contig209	6064	0	0
D396.contig210	6039	7928	385
D396.contig211	5983	0	0
D396.contig212	5925	0	0
D396.contig213	5889	11204	717
D396.contig214	5722	0	0
D396.contig215	5701	0	0
D396.contig216	5667	0	0
D396.contig217	5652	585	27
D396.contig218	5636	0	0
D396.contig219	5590	2590	123
D396.contig220	5573	2550	82
D396.contig221	5571	0	0
D396.contig222	5568	0	0
D396.contig223	5557	2615	93
D396.contig224	5535	8774	179
D396.contig225	5513	4155	270
D396.contig226	5493	469	26
D396.contig227	5467	14	0
D396.contig228	5433	0	0
D396.contig229	5385	0	0
D396.contig230	5368	16402	607
D396.contig231	5363	0	0
D396.contig232	5356	0	0
D396.contig233	5278	446	15
D396.contig234	5209	469	27
D396.contig235	5118	977	23
D396.contig236	5090	0	0
D396.contig237	5071	0	0
D396.contig238	5040	0	0
D396.contig239	4939	1976190	121773
D396.contig240	4932	387	16
D396.contig241	4910	7377	631
D396.contig242	4844	0	0
D396.contig243	4802	0	0
D396.contig244	4790	36716	4626
D396.contig245	4779	701	46
D396.contig246	4775	0	0
D396.contig247	4773	968	99
D396.contig248	4765	151	6
D396.contig249	4750	19908	1498
D396.contig250	4736	25999	1621
D396.contig251	4726	3862	76
D396.contig252	4720	451	23
D396.contig253	4711	0	0
D396.contig254	4685	0	0
D396.contig255	4656	0	0
D396.contig256	4619	0	0
D396.contig257	4606	9223	967
D396.contig258	4604	0	0
D396.contig259	4603	1665	70
D396.contig260	4583	0	0
D396.contig261	4572	0	0
D396.contig262	4564	8943	964
D396.contig263	4563	0	0
D396.contig264	4562	1102	58
D396.contig265	4560	1735	127
D396.contig266	4556	0	0
D396.contig267	4555	771	4
D396.contig268	4511	2536	97
D396.contig269	4496	0	0
D396.contig270	4465	34	3
D396.contig271	4449	0	0
D396.contig272	4416	0	0
D396.contig273	4398	0	0
D396.contig274	4380	0	0
D396.contig275	4374	1	1
D396.contig276	4367	0	0
D396.contig277	4354	0	0
D396.contig278	4269	0	0
D396.contig279	4249	944	23
D396.contig280	4249	22978	2033
D396.contig281	4240	0	0
D396.contig282	4236	0	0
D396.contig283	4191	2	0
D396.contig284	4176	724	11
D396.contig285	4081	101	5
D396.contig286	3987	0	0
D396.contig287	3979	0	0
D396.contig288	3972	0	0
D396.contig289	3965	201	9
D396.contig290	3957	235	8
D396.contig291	3949	651	12
D396.contig292	3922	0	0
D396.contig293	3886	0	0
D396.contig294	3883	18	0
D396.contig295	3859	0	0
D396.contig296	3836	0	0
D396.contig297	3828	509	29
D396.contig298	3812	73	3
D396.contig299	3778	0	0
D396.contig300	3769	555	26
D396.contig301	3757	20184	1380
D396.contig302	3717	5	0
D396.contig303	3705	8523	753
D396.contig304	3702	677	17
D396.contig305	3698	2928	67
D396.contig306	3698	487	6
D396.contig307	3682	0	0
D396.contig308	3661	0	0
D396.contig309	3660	0	0
D396.contig310	3649	0	0
D396.contig311	3624	0	0
D396.contig312	3564	0	0
D396.contig313	3563	0	0
D396.contig314	3523	21453	1708
D396.contig315	3519	0	0
D396.contig316	3510	0	0
D396.contig317	3487	723	29
D396.contig318	3466	14025	393
D396.contig319	3418	0	0
D396.contig320	3401	0	0
D396.contig321	3397	16208	374
D396.contig322	3381	0	0
D396.contig323	3364	0	0
D396.contig324	3352	195	8
D396.contig325	3285	528	23
D396.contig326	3280	0	0
D396.contig327	3251	0	0
D396.contig328	3250	318	21
D396.contig329	3230	58	2
D396.contig330	3214	9210	656
D396.contig331	3207	137	5
D396.contig332	3206	1130	51
D396.contig333	3160	0	0
D396.contig334	3159	534	5
D396.contig335	3155	0	0
D396.contig336	3145	201	15
D396.contig337	3137	0	0
D396.contig338	3135	194	20
D396.contig339	3078	0	0
D396.contig340	3073	0	0
D396.contig341	3070	328	24
D396.contig342	3063	0	0
D396.contig343	3061	0	0
D396.contig344	3061	2	0
D396.contig345	3049	0	0
D396.contig346	3007	0	0
*	0	0	2081488
