D396.contig1	202513	68325	1090
D396.contig2	165244	81166	1406
D396.contig3	162995	86851	1298
D396.contig4	135599	84834	1285
D396.contig5	131655	67133	1579
D396.contig6	120700	45769	831
D396.contig7	108369	28364	425
D396.contig8	105159	37275	517
D396.contig9	103067	24131	364
D396.contig10	90343	14218	227
D396.contig11	88878	36280	595
D396.contig12	87829	32268	913
D396.contig13	86142	34694	465
D396.contig14	83788	49782	717
D396.contig15	81393	16274	245
D396.contig16	79726	55463	876
D396.contig17	78588	0	0
D396.contig18	74359	33761	541
D396.contig19	71462	45385	739
D396.contig20	70497	18598	305
D396.contig21	67408	0	0
D396.contig22	65449	0	0
D396.contig23	64143	34673	1018
D396.contig24	58898	20264	391
D396.contig25	58818	33930	557
D396.contig26	57110	9196	139
D396.contig27	56100	27847	400
D396.contig28	54984	22602	469
D396.contig29	53315	9518	149
D396.contig30	51175	38878	811
D396.contig31	49517	18403	322
D396.contig32	49039	11381	208
D396.contig33	48939	10842	169
D396.contig34	48743	46723	987
D396.contig35	47299	6920	105
D396.contig36	46939	16402	475
D396.contig37	46789	26831	411
D396.contig38	45775	0	0
D396.contig39	44041	8777	159
D396.contig40	43987	0	0
D396.contig41	43876	14855	342
D396.contig42	42085	16329	309
D396.contig43	41056	6000	110
D396.contig44	40244	0	0
D396.contig45	39908	8424	129
D396.contig46	39464	0	0
D396.contig47	37837	0	0
D396.contig48	35926	4164	79
D396.contig49	34977	0	0
D396.contig50	34926	4665	81
D396.contig51	34618	37	5
D396.contig52	34603	11351	175
D396.contig53	34586	7800	183
D396.contig54	34563	27696	1636
D396.contig55	34494	0	0
D396.contig56	34187	19799	573
D396.contig57	34010	0	0
D396.contig58	32776	3722	63
D396.contig59	32282	5607	95
D396.contig60	32147	7624	102
D396.contig61	31261	0	0
D396.contig62	30201	6977	106
D396.contig63	29999	3469	65
D396.contig64	29164	13207	231
D396.contig65	29006	4443	63
D396.contig66	28582	36031	1571
D396.contig67	28379	5911	100
D396.contig68	27830	10241	200
D396.contig69	26269	0	0
D396.contig70	26076	6922	97
D396.contig71	25659	2115	38
D396.contig72	25422	3493	75
D396.contig73	25200	30973	1135
D396.contig74	24686	20517	1427
D396.contig75	24612	4666	99
D396.contig76	23803	43082	1323
D396.contig77	23618	4268	71
D396.contig78	23182	3600	52
D396.contig79	22967	2898	48
D396.contig80	22908	4862	138
D396.contig81	22827	1391	36
D396.contig82	22573	1516	40
D396.contig83	22390	0	0
D396.contig84	22274	2368	55
D396.contig85	22129	22393	635
D396.contig86	22070	0	0
D396.contig87	21929	58185	1307
D396.contig88	21862	0	0
D396.contig89	21170	11661	171
D396.contig90	20826	18562	568
D396.contig91	20786	4922	70
D396.contig92	20786	1613	30
D396.contig93	20722	1813	38
D396.contig94	20633	2781	70
D396.contig95	20520	1431	27
D396.contig96	20482	1961	40
D396.contig97	20018	8240	106
D396.contig98	19981	0	0
D396.contig99	19705	0	0
D396.contig100	19640	2150	36
D396.contig101	19335	4110	113
D396.contig102	19170	8673	156
D396.contig103	18909	57616	1426
D396.contig104	18864	2939	36
D396.contig105	18825	4177	105
D396.contig106	18579	0	0
D396.contig107	18490	5294	116
D396.contig108	17848	601	18
D396.contig109	17390	1041	29
D396.contig110	16585	645	13
D396.contig111	16371	895	12
D396.contig112	16342	540	7
D396.contig113	16321	3536	53
D396.contig114	16089	1140	25
D396.contig115	15980	0	0
D396.contig116	15822	0	0
D396.contig117	15651	1432	39
D396.contig118	15537	0	0
D396.contig119	15523	1009	25
D396.contig120	15233	737	17
D396.contig121	14817	3534	73
D396.contig122	14603	8824	178
D396.contig123	14513	0	0
D396.contig124	14306	0	0
D396.contig125	14283	1879	29
D396.contig126	14173	780	14
D396.contig127	13802	25371	855
D396.contig128	13748	0	0
D396.contig129	13715	0	0
D396.contig130	13442	0	0
D396.contig131	13424	21393	455
D396.contig132	13359	8625	129
D396.contig133	12800	0	0
D396.contig134	12551	0	0
D396.contig135	12498	519	14
D396.contig136	12276	21307	772
D396.contig137	12250	0	0
D396.contig138	12240	0	0
D396.contig139	12012	0	0
D396.contig140	11957	3445	100
D396.contig141	11799	0	0
D396.contig142	11777	1856	34
D396.contig143	11507	5610	155
D396.contig144	11446	0	0
D396.contig145	11312	11880	319
D396.contig146	11224	46013	3426
D396.contig147	11092	1054	30
D396.contig148	11076	0	0
D396.contig149	11013	1662	73
D396.contig150	10836	0	0
D396.contig151	10825	24763	691
D396.contig152	10635	2070	40
D396.contig153	10448	14750	556
D396.contig154	10269	798	25
D396.contig155	10085	0	0
D396.contig156	9857	6359	842
D396.contig157	9732	0	0
D396.contig158	9718	17990	340
D396.contig159	9561	874	147
D396.contig160	9431	617	7
D396.contig161	9357	11248	412
D396.contig162	9329	20939	517
D396.contig163	9256	38019	1250
D396.contig164	9210	20225	272
D396.contig165	9108	0	0
D396.contig166	9018	509	22
D396.contig167	8880	2724	192
D396.contig168	8852	568	16
D396.contig169	8809	0	0
D396.contig170	8804	0	0
D396.contig171	8741	0	0
D396.contig172	8651	1844	27
D396.contig173	8631	0	0
D396.contig174	8583	0	0
D396.contig175	8554	0	0
D396.contig176	8404	0	0
D396.contig177	8379	14209	237
D396.contig178	8350	593	11
D396.contig179	8236	455	13
D396.contig180	8218	0	0
D396.contig181	7971	0	0
D396.contig182	7967	356	5
D396.contig183	7901	562	20
D396.contig184	7872	652	9
D396.contig185	7798	0	0
D396.contig186	7774	64	0
D396.contig187	7547	35730	1525
D396.contig188	7297	2909	34
D396.contig189	7243	962	18
D396.contig190	7186	587	19
D396.contig191	7180	0	0
D396.contig192	7171	0	0
D396.contig193	7138	0	0
D396.contig194	7096	672	21
D396.contig195	7072	0	0
D396.contig196	7055	319	150
D396.contig197	7013	699	19
D396.contig198	6975	866	22
D396.contig199	6963	208	44
D396.contig200	6883	0	0
D396.contig201	6868	0	0
D396.contig202	6741	0	0
D396.contig203	6716	0	0
D396.contig204	6645	350	11
D396.contig205	6372	3385	118
D396.contig206	6371	594	22
D396.contig207	6322	779	53
D396.contig208	6263	0	0
D396.contig209	6064	0	0
D396.contig210	6039	2746	111
D396.contig211	5983	0	0
D396.contig212	5925	0	0
D396.contig213	5889	9600	628
D396.contig214	5722	0	0
D396.contig215	5701	0	0
D396.contig216	5667	0	0
D396.contig217	5652	1949	29
D396.contig218	5636	0	0
D396.contig219	5590	3398	98
D396.contig220	5573	344	8
D396.contig221	5571	0	0
D396.contig222	5568	0	0
D396.contig223	5557	641	25
D396.contig224	5535	6297	95
D396.contig225	5513	1643	45
D396.contig226	5493	400	21
D396.contig227	5467	0	0
D396.contig228	5433	0	0
D396.contig229	5385	0	0
D396.contig230	5368	7265	247
D396.contig231	5363	0	0
D396.contig232	5356	0	0
D396.contig233	5278	478	21
D396.contig234	5209	177	4
D396.contig235	5118	838	12
D396.contig236	5090	0	0
D396.contig237	5071	0	0
D396.contig238	5040	0	0
D396.contig239	4939	2060007	96150
D396.contig240	4932	282	8
D396.contig241	4910	6757	375
D396.contig242	4844	0	0
D396.contig243	4802	0	0
D396.contig244	4790	23760	2016
D396.contig245	4779	397	14
D396.contig246	4775	0	0
D396.contig247	4773	903	37
D396.contig248	4765	130	7
D396.contig249	4750	40894	2074
D396.contig250	4736	16959	885
D396.contig251	4726	601	5
D396.contig252	4720	271	9
D396.contig253	4711	0	0
D396.contig254	4685	0	0
D396.contig255	4656	0	0
D396.contig256	4619	0	0
D396.contig257	4606	9370	835
D396.contig258	4604	0	0
D396.contig259	4603	427	21
D396.contig260	4583	0	0
D396.contig261	4572	0	0
D396.contig262	4564	10297	611
D396.contig263	4563	0	0
D396.contig264	4562	423	32
D396.contig265	4560	962	29
D396.contig266	4556	0	0
D396.contig267	4555	664	8
D396.contig268	4511	641	39
D396.contig269	4496	0	0
D396.contig270	4465	2	0
D396.contig271	4449	0	0
D396.contig272	4416	0	0
D396.contig273	4398	0	0
D396.contig274	4380	0	0
D396.contig275	4374	2	2
D396.contig276	4367	0	0
D396.contig277	4354	0	0
D396.contig278	4269	0	0
D396.contig279	4249	511	8
D396.contig280	4249	18003	1381
D396.contig281	4240	0	0
D396.contig282	4236	0	0
D396.contig283	4191	0	0
D396.contig284	4176	786	4
D396.contig285	4081	187	16
D396.contig286	3987	0	0
D396.contig287	3979	0	0
D396.contig288	3972	0	0
D396.contig289	3965	298	10
D396.contig290	3957	376	6
D396.contig291	3949	254	4
D396.contig292	3922	0	0
D396.contig293	3886	0	0
D396.contig294	3883	0	0
D396.contig295	3859	0	0
D396.contig296	3836	0	0
D396.contig297	3828	1308	46
D396.contig298	3812	223	7
D396.contig299	3778	0	0
D396.contig300	3769	184	5
D396.contig301	3757	21553	1223
D396.contig302	3717	6	0
D396.contig303	3705	9491	738
D396.contig304	3702	626	10
D396.contig305	3698	927	14
D396.contig306	3698	393	11
D396.contig307	3682	0	0
D396.contig308	3661	0	0
D396.contig309	3660	0	0
D396.contig310	3649	0	0
D396.contig311	3624	0	0
D396.contig312	3564	0	0
D396.contig313	3563	0	0
D396.contig314	3523	20526	1809
D396.contig315	3519	0	0
D396.contig316	3510	0	0
D396.contig317	3487	212	7
D396.contig318	3466	11714	234
D396.contig319	3418	0	0
D396.contig320	3401	0	0
D396.contig321	3397	10791	160
D396.contig322	3381	0	0
D396.contig323	3364	0	0
D396.contig324	3352	130	3
D396.contig325	3285	135	7
D396.contig326	3280	0	0
D396.contig327	3251	0	0
D396.contig328	3250	145	4
D396.contig329	3230	78	6
D396.contig330	3214	26855	1307
D396.contig331	3207	0	0
D396.contig332	3206	248	7
D396.contig333	3160	0	0
D396.contig334	3159	389	11
D396.contig335	3155	0	0
D396.contig336	3145	49	1
D396.contig337	3137	0	0
D396.contig338	3135	328	26
D396.contig339	3078	0	0
D396.contig340	3073	0	0
D396.contig341	3070	129	17
D396.contig342	3063	0	0
D396.contig343	3061	0	0
D396.contig344	3061	0	0
D396.contig345	3049	0	0
D396.contig346	3007	0	0
*	0	0	334060
