D396.contig1	202513	263529	4669
D396.contig2	165244	211420	4229
D396.contig3	162995	175228	3445
D396.contig4	135599	177804	3480
D396.contig5	131655	124005	2218
D396.contig6	120700	110206	2087
D396.contig7	108369	92665	1909
D396.contig8	105159	61522	1132
D396.contig9	103067	114566	3083
D396.contig10	90343	82480	1480
D396.contig11	88878	108736	2017
D396.contig12	87829	35296	667
D396.contig13	86142	110165	1759
D396.contig14	83788	90867	1756
D396.contig15	81393	54454	926
D396.contig16	79726	96440	1744
D396.contig17	78588	0	0
D396.contig18	74359	62775	1323
D396.contig19	71462	82656	1693
D396.contig20	70497	46888	879
D396.contig21	67408	0	0
D396.contig22	65449	0	0
D396.contig23	64143	68093	1731
D396.contig24	58898	56001	1321
D396.contig25	58818	106588	1999
D396.contig26	57110	21031	438
D396.contig27	56100	38946	775
D396.contig28	54984	67567	1406
D396.contig29	53315	26051	2624
D396.contig30	51175	78303	1956
D396.contig31	49517	26472	540
D396.contig32	49039	34657	699
D396.contig33	48939	25391	773
D396.contig34	48743	107400	2463
D396.contig35	47299	40061	892
D396.contig36	46939	27211	894
D396.contig37	46789	53367	999
D396.contig38	45775	4	0
D396.contig39	44041	28138	471
D396.contig40	43987	0	0
D396.contig41	43876	38242	1056
D396.contig42	42085	45138	932
D396.contig43	41056	80423	2757
D396.contig44	40244	0	0
D396.contig45	39908	40046	1194
D396.contig46	39464	1	1
D396.contig47	37837	0	0
D396.contig48	35926	16056	327
D396.contig49	34977	0	0
D396.contig50	34926	18446	516
D396.contig51	34618	129	9
D396.contig52	34603	25794	473
D396.contig53	34586	17958	464
D396.contig54	34563	117731	4262
D396.contig55	34494	0	0
D396.contig56	34187	33272	937
D396.contig57	34010	84	48
D396.contig58	32776	10240	158
D396.contig59	32282	16200	307
D396.contig60	32147	10980	201
D396.contig61	31261	0	0
D396.contig62	30201	19026	423
D396.contig63	29999	13792	225
D396.contig64	29164	32890	752
D396.contig65	29006	9575	199
D396.contig66	28582	81312	3220
D396.contig67	28379	24929	446
D396.contig68	27830	21661	543
D396.contig69	26269	1	1
D396.contig70	26076	5489	125
D396.contig71	25659	8426	195
D396.contig72	25422	16672	423
D396.contig73	25200	48600	2194
D396.contig74	24686	30728	2278
D396.contig75	24612	18669	399
D396.contig76	23803	132768	3619
D396.contig77	23618	10279	240
D396.contig78	23182	11123	202
D396.contig79	22967	7421	140
D396.contig80	22908	11456	419
D396.contig81	22827	5714	133
D396.contig82	22573	13041	297
D396.contig83	22390	1	1
D396.contig84	22274	22695	469
D396.contig85	22129	49997	1691
D396.contig86	22070	0	0
D396.contig87	21929	122706	2952
D396.contig88	21862	0	0
D396.contig89	21170	14526	275
D396.contig90	20826	51644	1500
D396.contig91	20786	5013	96
D396.contig92	20786	14527	322
D396.contig93	20722	12722	349
D396.contig94	20633	10138	301
D396.contig95	20520	9265	147
D396.contig96	20482	10233	284
D396.contig97	20018	16979	369
D396.contig98	19981	0	0
D396.contig99	19705	0	0
D396.contig100	19640	10546	186
D396.contig101	19335	11056	369
D396.contig102	19170	13892	274
D396.contig103	18909	88908	2532
D396.contig104	18864	4999	96
D396.contig105	18825	7797	247
D396.contig106	18579	0	0
D396.contig107	18490	10307	248
D396.contig108	17848	1421	40
D396.contig109	17390	5283	121
D396.contig110	16585	4040	88
D396.contig111	16371	2607	53
D396.contig112	16342	2735	63
D396.contig113	16321	4461	80
D396.contig114	16089	5040	97
D396.contig115	15980	0	0
D396.contig116	15822	0	0
D396.contig117	15651	2890	169
D396.contig118	15537	0	0
D396.contig119	15523	2363	75
D396.contig120	15233	1056	24
D396.contig121	14817	9958	242
D396.contig122	14603	20378	391
D396.contig123	14513	0	0
D396.contig124	14306	0	0
D396.contig125	14283	3215	154
D396.contig126	14173	2325	57
D396.contig127	13802	45972	1839
D396.contig128	13748	0	0
D396.contig129	13715	0	0
D396.contig130	13442	0	0
D396.contig131	13424	54498	1321
D396.contig132	13359	16327	276
D396.contig133	12800	0	0
D396.contig134	12551	1	1
D396.contig135	12498	1175	47
D396.contig136	12276	37489	1068
D396.contig137	12250	0	0
D396.contig138	12240	0	0
D396.contig139	12012	0	0
D396.contig140	11957	10795	322
D396.contig141	11799	0	0
D396.contig142	11777	5578	153
D396.contig143	11507	17694	544
D396.contig144	11446	0	0
D396.contig145	11312	22434	670
D396.contig146	11224	124961	6997
D396.contig147	11092	10788	369
D396.contig148	11076	0	0
D396.contig149	11013	4628	200
D396.contig150	10836	0	0
D396.contig151	10825	87812	2796
D396.contig152	10635	9771	267
D396.contig153	10448	44854	1661
D396.contig154	10269	1665	55
D396.contig155	10085	0	0
D396.contig156	9857	14557	1460
D396.contig157	9732	0	0
D396.contig158	9718	39971	801
D396.contig159	9561	3539	630
D396.contig160	9431	1167	41
D396.contig161	9357	31127	1177
D396.contig162	9329	28777	987
D396.contig163	9256	56279	2236
D396.contig164	9210	29344	551
D396.contig165	9108	2	2
D396.contig166	9018	2036	121
D396.contig167	8880	11492	765
D396.contig168	8852	3522	85
D396.contig169	8809	0	0
D396.contig170	8804	0	0
D396.contig171	8741	4	0
D396.contig172	8651	3272	75
D396.contig173	8631	0	0
D396.contig174	8583	0	0
D396.contig175	8554	1	1
D396.contig176	8404	0	0
D396.contig177	8379	45648	747
D396.contig178	8350	1158	42
D396.contig179	8236	1913	65
D396.contig180	8218	0	0
D396.contig181	7971	0	0
D396.contig182	7967	1784	45
D396.contig183	7901	2241	87
D396.contig184	7872	5310	145
D396.contig185	7798	0	0
D396.contig186	7774	4643	163
D396.contig187	7547	42014	1749
D396.contig188	7297	2293	48
D396.contig189	7243	2053	50
D396.contig190	7186	1074	39
D396.contig191	7180	0	0
D396.contig192	7171	0	0
D396.contig193	7138	0	0
D396.contig194	7096	2128	65
D396.contig195	7072	0	0
D396.contig196	7055	43628	33754
D396.contig197	7013	855	31
D396.contig198	6975	1974	63
D396.contig199	6963	2510	223
D396.contig200	6883	0	0
D396.contig201	6868	0	0
D396.contig202	6741	0	0
D396.contig203	6716	0	0
D396.contig204	6645	946	34
D396.contig205	6372	17318	650
D396.contig206	6371	710	28
D396.contig207	6322	1755	131
D396.contig208	6263	0	0
D396.contig209	6064	0	0
D396.contig210	6039	9770	429
D396.contig211	5983	0	0
D396.contig212	5925	0	0
D396.contig213	5889	26422	1457
D396.contig214	5722	0	0
D396.contig215	5701	0	0
D396.contig216	5667	0	0
D396.contig217	5652	1611	26
D396.contig218	5636	0	0
D396.contig219	5590	6283	207
D396.contig220	5573	1717	53
D396.contig221	5571	0	0
D396.contig222	5568	0	0
D396.contig223	5557	2873	107
D396.contig224	5535	10632	177
D396.contig225	5513	1782	102
D396.contig226	5493	400	15
D396.contig227	5467	0	0
D396.contig228	5433	0	0
D396.contig229	5385	0	0
D396.contig230	5368	17488	605
D396.contig231	5363	0	0
D396.contig232	5356	0	0
D396.contig233	5278	940	41
D396.contig234	5209	4212	135
D396.contig235	5118	2073	40
D396.contig236	5090	0	0
D396.contig237	5071	0	0
D396.contig238	5040	0	0
D396.contig239	4939	19062139	1077292
D396.contig240	4932	959	31
D396.contig241	4910	13664	894
D396.contig242	4844	0	0
D396.contig243	4802	0	0
D396.contig244	4790	62435	6411
D396.contig245	4779	1642	81
D396.contig246	4775	0	0
D396.contig247	4773	5279	402
D396.contig248	4765	411	18
D396.contig249	4750	28905	2175
D396.contig250	4736	38807	2215
D396.contig251	4726	3583	69
D396.contig252	4720	1421	54
D396.contig253	4711	0	0
D396.contig254	4685	6	0
D396.contig255	4656	0	0
D396.contig256	4619	3	1
D396.contig257	4606	15103	1616
D396.contig258	4604	0	0
D396.contig259	4603	2191	75
D396.contig260	4583	0	0
D396.contig261	4572	0	0
D396.contig262	4564	20810	1528
D396.contig263	4563	0	0
D396.contig264	4562	1415	56
D396.contig265	4560	2163	136
D396.contig266	4556	0	0
D396.contig267	4555	1141	18
D396.contig268	4511	2910	128
D396.contig269	4496	0	0
D396.contig270	4465	341	14
D396.contig271	4449	0	0
D396.contig272	4416	4	0
D396.contig273	4398	0	0
D396.contig274	4380	0	0
D396.contig275	4374	5	5
D396.contig276	4367	0	0
D396.contig277	4354	0	0
D396.contig278	4269	0	0
D396.contig279	4249	1743	26
D396.contig280	4249	27625	2241
D396.contig281	4240	0	0
D396.contig282	4236	0	0
D396.contig283	4191	0	0
D396.contig284	4176	1349	16
D396.contig285	4081	745	42
D396.contig286	3987	0	0
D396.contig287	3979	0	0
D396.contig288	3972	0	0
D396.contig289	3965	341	14
D396.contig290	3957	357	9
D396.contig291	3949	835	15
D396.contig292	3922	0	0
D396.contig293	3886	0	0
D396.contig294	3883	2	0
D396.contig295	3859	2	0
D396.contig296	3836	0	0
D396.contig297	3828	1096	57
D396.contig298	3812	1222	70
D396.contig299	3778	0	0
D396.contig300	3769	485	24
D396.contig301	3757	300840	9861
D396.contig302	3717	2	1
D396.contig303	3705	11826	1019
D396.contig304	3702	2577	40
D396.contig305	3698	3153	57
D396.contig306	3698	1086	28
D396.contig307	3682	0	0
D396.contig308	3661	0	0
D396.contig309	3660	0	0
D396.contig310	3649	0	0
D396.contig311	3624	0	0
D396.contig312	3564	0	0
D396.contig313	3563	0	0
D396.contig314	3523	34874	2822
D396.contig315	3519	0	0
D396.contig316	3510	0	0
D396.contig317	3487	499	24
D396.contig318	3466	22960	498
D396.contig319	3418	0	0
D396.contig320	3401	0	0
D396.contig321	3397	13365	252
D396.contig322	3381	0	0
D396.contig323	3364	0	0
D396.contig324	3352	344	14
D396.contig325	3285	656	28
D396.contig326	3280	0	0
D396.contig327	3251	0	0
D396.contig328	3250	283	24
D396.contig329	3230	208	12
D396.contig330	3214	14186	955
D396.contig331	3207	1714	212
D396.contig332	3206	711	41
D396.contig333	3160	0	0
D396.contig334	3159	489	11
D396.contig335	3155	0	0
D396.contig336	3145	590	238
D396.contig337	3137	0	0
D396.contig338	3135	907	62
D396.contig339	3078	0	0
D396.contig340	3073	0	0
D396.contig341	3070	298	34
D396.contig342	3063	0	0
D396.contig343	3061	0	0
D396.contig344	3061	0	0
D396.contig345	3049	0	0
D396.contig346	3007	0	0
*	0	0	73908308
