DD1.contig1	36071	2849359	34543
DD1.contig2	27957	164587	2098
DD1.contig3	17651	8900	117
DD1.contig4	16247	2680	45
DD1.contig5	15979	10700	136
DD1.contig6	14858	6142	87
DD1.contig7	13113	19034	308
DD1.contig8	11837	804129	10674
DD1.contig9	11550	196874	3448
DD1.contig10	11367	32007	543
DD1.contig11	10588	2652	28
DD1.contig12	10028	2923	80
DD1.contig13	9906	3184	39
DD1.contig14	9618	13033	243
DD1.contig15	9372	883596	10586
DD1.contig16	8453	200021	2626
DD1.contig17	8410	27085	332
DD1.contig18	8342	8807	207
DD1.contig19	7787	5328	81
DD1.contig20	7034	3544	29
DD1.contig21	6844	171163	2405
DD1.contig22	6751	1313	19
DD1.contig23	6589	979	27
DD1.contig24	6309	307084	3257
DD1.contig25	6287	3605	89
DD1.contig26	6234	7588	144
DD1.contig27	6104	2760	89
DD1.contig28	5903	214944	2163
DD1.contig29	5654	1124843	30465
DD1.contig30	4851	581197	8469
DD1.contig31	4607	3482	46
DD1.contig32	4310	13925	174
DD1.contig33	4259	692	25
DD1.contig34	4234	538	20
DD1.contig35	3815	411	20
DD1.contig36	3481	622	21
DD1.contig37	3355	151108	1745
DD1.contig38	3341	125857	1433
DD1.contig39	3328	2600	83
DD1.contig40	3003	315	11
DD1.contig41	2729	3009	57
DD1.contig42	2653	283	21
DD1.contig43	2575	5115	98
DD1.contig44	2474	499956	8949
DD1.contig45	2414	538	17
DD1.contig46	2356	435	19
DD1.contig47	2332	35636	534
DD1.contig48	2309	323493	14502
DD1.contig49	2295	54000	471
DD1.contig50	2293	204	9
DD1.contig51	2223	593	19
DD1.contig52	2135	656	9
DD1.contig53	2011	180	10
DD1.contig54	1956	5439	101
DD1.contig55	1922	1169	23
DD1.contig56	1895	63854	2599
DD1.contig57	1891	42471	425
DD1.contig58	1886	146	12
DD1.contig59	1883	17400	296
DD1.contig60	1873	863	7
DD1.contig61	1865	133	9
DD1.contig62	1789	801	28
DD1.contig63	1759	119	6
DD1.contig64	1753	99	9
DD1.contig65	1709	150	11
DD1.contig66	1663	40938	1444
DD1.contig67	1656	399	10
DD1.contig68	1650	203	10
DD1.contig69	1644	150	10
DD1.contig70	1592	112	11
DD1.contig71	1525	214	2
DD1.contig72	1513	1028	42
DD1.contig73	1428	120	5
DD1.contig74	1423	85	8
DD1.contig75	1393	40329	653
DD1.contig76	1389	59037	1050
DD1.contig77	1350	84	4
DD1.contig78	1337	676	6
DD1.contig79	1335	72	23
DD1.contig80	1278	90	11
DD1.contig81	1265	79	12
DD1.contig82	1265	161	2
DD1.contig83	1255	149645	6169
DD1.contig84	1248	216	15
DD1.contig85	1127	144	1
DD1.contig86	1114	7304	115
DD1.contig87	1098	61	6
DD1.contig88	1030	95	10
DD1.contig89	1021	57266	2804
DD1.contig90	1000	60	14
DD1.contig91	952	70	7
DD1.contig92	946	28	9
DD1.contig93	946	65	5
DD1.contig94	945	47	7
DD1.contig95	943	53	8
DD1.contig96	939	48	7
DD1.contig97	891	425	7
DD1.contig98	886	91	4
DD1.contig99	885	54	6
DD1.contig100	855	37	7
DD1.contig101	849	54	7
DD1.contig102	835	50608	1627
DD1.contig103	830	49	8
DD1.contig104	825	35	12
DD1.contig105	820	26	8
DD1.contig106	817	42	2
DD1.contig107	816	43	15
DD1.contig108	793	139	14
DD1.contig109	781	54	7
DD1.contig110	752	2359	174
DD1.contig111	752	29	5
DD1.contig112	750	33	7
DD1.contig113	741	31	4
DD1.contig114	741	48	11
DD1.contig115	739	45	7
DD1.contig116	735	47	6
DD1.contig117	732	29	5
DD1.contig118	704	39	3
DD1.contig119	692	31	10
DD1.contig120	689	218	2
DD1.contig121	688	25	5
DD1.contig122	685	43	10
DD1.contig123	668	34	12
DD1.contig124	665	16	8
DD1.contig125	659	24	10
DD1.contig126	648	36	5
DD1.contig127	648	53	4
DD1.contig128	647	41	5
DD1.contig129	637	31	9
DD1.contig130	620	20	12
DD1.contig131	619	39	6
DD1.contig132	612	35	6
DD1.contig133	609	35	3
DD1.contig134	599	47329	2432
DD1.contig135	598	28	7
DD1.contig136	597	32	3
DD1.contig137	596	10063	181
DD1.contig138	592	30	3
DD1.contig139	575	102	1
DD1.contig140	560	27	11
DD1.contig141	560	36	14
DD1.contig142	556	25	8
DD1.contig143	547	28	4
DD1.contig144	545	21	8
DD1.contig145	543	19	3
DD1.contig146	534	30	10
DD1.contig147	534	21	7
DD1.contig148	533	22	6
DD1.contig149	530	23	2
DD1.contig150	529	23	5
DD1.contig151	525	24	11
DD1.contig152	522	18	8
DD1.contig153	515	14	4
DD1.contig154	515	19	5
DD1.contig155	514	18	8
DD1.contig156	513	16	8
DD1.contig157	513	18	6
DD1.contig158	509	18	8
DD1.contig159	503	27	5
DD1.contig160	502	16	5
DD1.contig161	491	14	10
DD1.contig162	486	17	7
DD1.contig163	486	12	7
DD1.contig164	485	11	7
DD1.contig165	481	15	9
DD1.contig166	480	11	5
DD1.contig167	477	25	11
DD1.contig168	474	22	7
DD1.contig169	473	2723	63
DD1.contig170	470	17	6
DD1.contig171	469	21	3
DD1.contig172	467	21	11
DD1.contig173	457	16	3
DD1.contig174	456	24	8
DD1.contig175	449	17	4
DD1.contig176	449	20	9
DD1.contig177	449	5	3
DD1.contig178	445	16	5
DD1.contig179	443	11	7
DD1.contig180	443	29	3
DD1.contig181	441	15	8
DD1.contig182	439	30	10
DD1.contig183	438	12	4
DD1.contig184	433	6	6
DD1.contig185	432	26	5
DD1.contig186	431	15	5
DD1.contig187	431	27	4
DD1.contig188	429	13	7
DD1.contig189	423	12	7
DD1.contig190	421	11	5
DD1.contig191	420	14	8
DD1.contig192	412	12	5
DD1.contig193	411	16	5
DD1.contig194	408	12	8
DD1.contig195	402	15	5
DD1.contig196	400	11	9
DD1.contig197	400	18	8
DD1.contig198	399	17	8
DD1.contig199	398	12	4
DD1.contig200	396	786	5
DD1.contig201	395	11	5
DD1.contig202	395	14	6
DD1.contig203	392	16	3
DD1.contig204	383	16	3
DD1.contig205	382	11	3
DD1.contig206	380	8	8
DD1.contig207	379	12	0
DD1.contig208	375	16154	916
DD1.contig209	372	14	6
DD1.contig210	372	13	4
DD1.contig211	371	19	4
DD1.contig212	367	359	1
DD1.contig213	366	7	5
DD1.contig214	365	11	11
DD1.contig215	361	15	3
DD1.contig216	361	9	5
DD1.contig217	360	9	4
DD1.contig218	360	16	4
DD1.contig219	359	16	11
DD1.contig220	356	7	5
DD1.contig221	355	24	7
DD1.contig222	353	10	4
DD1.contig223	353	12	6
DD1.contig224	351	9	9
DD1.contig225	350	10	4
DD1.contig226	349	39	1
DD1.contig227	348	9	5
DD1.contig228	347	24	9
DD1.contig229	346	11	5
DD1.contig230	343	15	5
DD1.contig231	340	9	7
DD1.contig232	339	10	3
DD1.contig233	337	10	6
DD1.contig234	337	40	3
DD1.contig235	336	5288	76
DD1.contig236	335	8	6
DD1.contig237	333	17	3
DD1.contig238	330	10	4
DD1.contig239	328	10	6
DD1.contig240	328	8	4
DD1.contig241	328	9	0
DD1.contig242	327	12	8
DD1.contig243	324	10	6
DD1.contig244	324	6	2
DD1.contig245	322	12	0
DD1.contig246	321	16	14
DD1.contig247	320	23	8
DD1.contig248	320	14	8
DD1.contig249	320	5	5
DD1.contig250	320	12	4
DD1.contig251	318	9	6
DD1.contig252	318	12	8
DD1.contig253	318	3	3
DD1.contig254	316	9	4
DD1.contig255	313	11	4
DD1.contig256	309	9	4
DD1.contig257	308	6	4
DD1.contig258	308	8	0
DD1.contig259	307	11	6
DD1.contig260	305	12	4
DD1.contig261	303	12	9
DD1.contig262	303	8	4
DD1.contig263	302	3	3
DD1.contig264	300	10	4
*	0	0	23026
