R3571.contig1	2334	4118	1363
R3571.contig2	2020	4350	112
R3571.contig3	1943	1212	321
R3571.contig4	1845	234	15
R3571.contig5	1677	4134434	228373
R3571.contig6	1612	3178870	185837
R3571.contig7	1609	16	2
R3571.contig8	1561	32	3
R3571.contig9	1446	2913	73
R3571.contig10	1265	311	27
R3571.contig11	1151	6975	2100
R3571.contig12	1101	703	166
R3571.contig13	1053	7377	4322
R3571.contig14	1035	1	1
R3571.contig15	1013	321	83
R3571.contig16	1009	896	179
R3571.contig17	987	0	0
R3571.contig18	942	1080	91
R3571.contig19	907	6657	1706
R3571.contig20	889	4266	650
R3571.contig21	860	3231	737
R3571.contig22	860	9224	1917
R3571.contig23	850	1685	234
R3571.contig24	841	156	38
R3571.contig25	827	19535	5582
R3571.contig26	777	272	29
R3571.contig27	753	13305	600
R3571.contig28	750	32884	6311
R3571.contig29	744	44471	19463
R3571.contig30	742	346	21
R3571.contig31	692	2428	631
R3571.contig32	682	67	17
R3571.contig33	665	547	64
R3571.contig34	663	0	0
R3571.contig35	661	37	11
R3571.contig36	655	5863	2116
R3571.contig37	644	255229	51447
R3571.contig38	630	1359	157
R3571.contig39	628	9	1
R3571.contig40	621	0	0
R3571.contig41	612	5499	2344
R3571.contig42	612	3701	317
R3571.contig43	607	28	16
R3571.contig44	603	0	0
R3571.contig45	599	130	6
R3571.contig46	597	3872	1144
R3571.contig47	595	674	334
R3571.contig48	574	6307	1756
R3571.contig49	564	0	0
R3571.contig50	563	1607	495
R3571.contig51	552	0	0
R3571.contig52	542	62338	6089
R3571.contig53	535	697	137
R3571.contig54	518	305561	50530
R3571.contig55	518	0	0
R3571.contig56	515	3	1
R3571.contig57	514	0	0
R3571.contig58	512	541	132
R3571.contig59	512	10758	4292
R3571.contig60	505	586894	140249
R3571.contig61	504	276	37
R3571.contig62	499	96168	25128
R3571.contig63	499	13135	1255
R3571.contig64	496	0	0
R3571.contig65	494	35	0
R3571.contig66	493	0	0
R3571.contig67	488	11766	1994
R3571.contig68	486	49615	5884
R3571.contig69	478	1	0
R3571.contig70	476	2835	630
R3571.contig71	470	5035	2257
R3571.contig72	464	482	53
R3571.contig73	459	30178	4302
R3571.contig74	459	59	9
R3571.contig75	455	4	0
R3571.contig76	454	621	32
R3571.contig77	450	168	13
R3571.contig78	446	1403	306
R3571.contig79	445	9062	3522
R3571.contig80	444	1900	223
R3571.contig81	440	0	0
R3571.contig82	435	9854	4095
R3571.contig83	422	0	0
R3571.contig84	419	0	0
R3571.contig85	416	1856	845
R3571.contig86	415	28	10
R3571.contig87	413	149	20
R3571.contig88	412	9	1
R3571.contig89	406	33	13
R3571.contig90	404	676	15
R3571.contig91	404	2992	1114
R3571.contig92	403	4811	2146
R3571.contig93	401	12	3
R3571.contig94	400	3286	3119
R3571.contig95	398	0	0
R3571.contig96	396	55142	4610
R3571.contig97	393	0	0
R3571.contig98	391	768	210
R3571.contig99	391	84800	34607
R3571.contig100	391	54	2
R3571.contig101	385	13	1
R3571.contig102	379	30050	10293
R3571.contig103	379	70429	12692
R3571.contig104	377	8	0
R3571.contig105	369	78560	28070
R3571.contig106	367	7	3
R3571.contig107	364	39	3
R3571.contig108	357	12	0
R3571.contig109	356	229	4
R3571.contig110	356	22	0
R3571.contig111	351	50	3
R3571.contig112	350	191	32
R3571.contig113	347	86	10
R3571.contig114	344	0	0
R3571.contig115	343	0	0
R3571.contig116	342	6	0
R3571.contig117	340	0	0
R3571.contig118	340	189745	63405
R3571.contig119	339	112	19
R3571.contig120	338	0	0
R3571.contig121	337	0	0
R3571.contig122	333	1038	34
R3571.contig123	331	0	0
R3571.contig124	324	400	27
R3571.contig125	324	0	0
R3571.contig126	321	4107	1462
R3571.contig127	315	0	0
R3571.contig128	312	3	2
R3571.contig129	312	0	0
R3571.contig130	310	4119	2224
R3571.contig131	310	138652	41141
R3571.contig132	310	8	0
R3571.contig133	307	45516	14658
R3571.contig134	307	2	0
R3571.contig135	306	0	0
R3571.contig136	306	38	4
R3571.contig137	301	29902	5537
R3571.contig138	301	0	0
*	0	0	16644796
