RT1.contig1	1680	41543	12308
RT1.contig2	982	574	40
RT1.contig3	971	2111	418
RT1.contig4	953	173	9
RT1.contig5	870	1899	79
RT1.contig6	726	21893	3432
RT1.contig7	694	81425	26742
RT1.contig8	645	3614	985
RT1.contig9	595	88956	34321
RT1.contig10	548	40	3
RT1.contig11	528	95408	34684
RT1.contig12	511	56	4
RT1.contig13	511	7295	1013
RT1.contig14	494	4268	1638
RT1.contig15	493	80501	28841
RT1.contig16	459	142881	52567
RT1.contig17	453	32	2
RT1.contig18	451	110	4
RT1.contig19	423	48	4
RT1.contig20	416	148618	50434
RT1.contig21	396	9545	3834
RT1.contig22	394	41923	14135
RT1.contig23	393	7	7
RT1.contig24	390	24035	9769
RT1.contig25	382	15400	4037
RT1.contig26	381	392045	146029
RT1.contig27	375	246626	94077
RT1.contig28	374	23	2
RT1.contig29	373	17	5
RT1.contig30	365	630	65
RT1.contig31	364	43	3
RT1.contig32	363	22823	8792
RT1.contig33	358	28016	10897
RT1.contig34	350	131	8
RT1.contig35	349	160885	48194
RT1.contig36	348	37158	10471
RT1.contig37	345	3786	911
RT1.contig38	338	6182	1419
RT1.contig39	338	63	5
RT1.contig40	329	34515	12940
RT1.contig41	329	1518232	304178
RT1.contig42	328	12613	3842
RT1.contig43	326	24	1
RT1.contig44	320	54099	20000
RT1.contig45	317	54	2
RT1.contig46	317	27953	8042
RT1.contig47	316	29693	10730
RT1.contig48	315	54	1
RT1.contig49	313	14	1
RT1.contig50	310	173367	57673
RT1.contig51	302	11937	3156
*	0	0	3053256
