D373.contig1	136308	0	0
D373.contig2	85540	7	1
D373.contig3	66119	0	0
D373.contig4	56585	0	0
D373.contig5	53216	0	0
D373.contig6	50575	0	0
D373.contig7	49711	0	0
D373.contig8	49267	0	0
D373.contig9	47996	0	0
D373.contig10	46062	0	0
D373.contig11	42347	0	0
D373.contig12	42120	0	0
D373.contig13	41904	0	0
D373.contig14	41797	0	0
D373.contig15	41361	0	0
D373.contig16	41348	0	0
D373.contig17	41298	0	0
D373.contig18	41003	1	1
D373.contig19	40915	0	0
D373.contig20	40613	0	0
D373.contig21	40548	0	0
D373.contig22	40485	0	0
D373.contig23	40432	0	0
D373.contig24	40287	0	0
D373.contig25	39399	0	0
D373.contig26	38983	0	0
D373.contig27	38654	0	0
D373.contig28	38025	0	0
D373.contig29	37900	2	0
D373.contig30	37370	0	0
D373.contig31	37172	0	0
D373.contig32	36726	0	0
D373.contig33	36603	0	0
D373.contig34	36293	0	0
D373.contig35	36043	0	0
D373.contig36	34563	1	1
D373.contig37	34552	0	0
D373.contig38	34480	0	0
D373.contig39	34389	1	1
D373.contig40	34119	0	0
D373.contig41	33929	0	0
D373.contig42	33840	0	0
D373.contig43	33625	0	0
D373.contig44	33557	0	0
D373.contig45	33547	7	3
D373.contig46	33506	0	0
D373.contig47	33137	0	0
D373.contig48	32974	0	0
D373.contig49	32824	0	0
D373.contig50	32418	0	0
D373.contig51	31192	0	0
D373.contig52	30722	0	0
D373.contig53	30337	1	1
D373.contig54	30330	0	0
D373.contig55	30193	0	0
D373.contig56	29709	2	0
D373.contig57	29623	0	0
D373.contig58	29579	1	1
D373.contig59	29092	0	0
D373.contig60	28809	0	0
D373.contig61	28758	0	0
D373.contig62	28130	0	0
D373.contig63	28034	0	0
D373.contig64	27162	0	0
D373.contig65	27128	0	0
D373.contig66	27022	0	0
D373.contig67	26960	0	0
D373.contig68	26835	0	0
D373.contig69	26574	0	0
D373.contig70	26395	0	0
D373.contig71	26361	0	0
D373.contig72	26244	0	0
D373.contig73	26095	0	0
D373.contig74	25965	0	0
D373.contig75	25897	0	0
D373.contig76	25834	0	0
D373.contig77	25776	0	0
D373.contig78	25701	1	1
D373.contig79	25424	1	1
D373.contig80	25390	0	0
D373.contig81	25378	0	0
D373.contig82	25260	0	0
D373.contig83	24877	0	0
D373.contig84	24813	0	0
D373.contig85	24751	6	2
D373.contig86	24748	0	0
D373.contig87	24696	0	0
D373.contig88	24525	2	0
D373.contig89	23984	1	1
D373.contig90	23725	0	0
D373.contig91	23247	0	0
D373.contig92	23122	0	0
D373.contig93	23033	0	0
D373.contig94	22979	0	0
D373.contig95	22699	0	0
D373.contig96	22697	0	0
D373.contig97	22471	0	0
D373.contig98	22292	0	0
D373.contig99	22079	0	0
D373.contig100	22014	0	0
D373.contig101	21463	0	0
D373.contig102	21078	0	0
D373.contig103	21047	0	0
D373.contig104	20961	0	0
D373.contig105	20793	0	0
D373.contig106	20777	0	0
D373.contig107	20744	0	0
D373.contig108	20737	0	0
D373.contig109	20727	0	0
D373.contig110	20500	0	0
D373.contig111	20324	0	0
D373.contig112	20152	1345	25
D373.contig113	19861	0	0
D373.contig114	19437	0	0
D373.contig115	19296	0	0
D373.contig116	19153	0	0
D373.contig117	18750	0	0
D373.contig118	18494	0	0
D373.contig119	18441	0	0
D373.contig120	18389	0	0
D373.contig121	18370	0	0
D373.contig122	18369	1	1
D373.contig123	18260	0	0
D373.contig124	18220	0	0
D373.contig125	17608	0	0
D373.contig126	17360	0	0
D373.contig127	17157	0	0
D373.contig128	17107	1	1
D373.contig129	17088	0	0
D373.contig130	16623	0	0
D373.contig131	16580	0	0
D373.contig132	16473	0	0
D373.contig133	16401	0	0
D373.contig134	16142	0	0
D373.contig135	16124	0	0
D373.contig136	16112	0	0
D373.contig137	16061	0	0
D373.contig138	15866	0	0
D373.contig139	15712	0	0
D373.contig140	15707	0	0
D373.contig141	15703	0	0
D373.contig142	15652	0	0
D373.contig143	15564	0	0
D373.contig144	15520	0	0
D373.contig145	15456	1	1
D373.contig146	15329	0	0
D373.contig147	15318	0	0
D373.contig148	15141	0	0
D373.contig149	15018	0	0
D373.contig150	14937	1	1
D373.contig151	14864	0	0
D373.contig152	14860	0	0
D373.contig153	14821	0	0
D373.contig154	14817	0	0
D373.contig155	14711	0	0
D373.contig156	14709	0	0
D373.contig157	14664	0	0
D373.contig158	14639	0	0
D373.contig159	14607	0	0
D373.contig160	14598	0	0
D373.contig161	14591	0	0
D373.contig162	14568	0	0
D373.contig163	14558	0	0
D373.contig164	14537	0	0
D373.contig165	14535	0	0
D373.contig166	14514	0	0
D373.contig167	14236	0	0
D373.contig168	14186	0	0
D373.contig169	14087	0	0
D373.contig170	14032	0	0
D373.contig171	13917	0	0
D373.contig172	13781	0	0
D373.contig173	13740	0	0
D373.contig174	13674	0	0
D373.contig175	13465	0	0
D373.contig176	13435	0	0
D373.contig177	13424	0	0
D373.contig178	13411	0	0
D373.contig179	13359	0	0
D373.contig180	13332	0	0
D373.contig181	13329	0	0
D373.contig182	13311	0	0
D373.contig183	13289	0	0
D373.contig184	13261	0	0
D373.contig185	13256	0	0
D373.contig186	13251	0	0
D373.contig187	13185	0	0
D373.contig188	13147	2	0
D373.contig189	13109	0	0
D373.contig190	12974	0	0
D373.contig191	12941	2	0
D373.contig192	12684	0	0
D373.contig193	12602	0	0
D373.contig194	12577	0	0
D373.contig195	12572	0	0
D373.contig196	12561	0	0
D373.contig197	12543	0	0
D373.contig198	12514	0	0
D373.contig199	12447	0	0
D373.contig200	12422	0	0
D373.contig201	12417	0	0
D373.contig202	12416	0	0
D373.contig203	12393	0	0
D373.contig204	12326	0	0
D373.contig205	12306	0	0
D373.contig206	12239	0	0
D373.contig207	12223	0	0
D373.contig208	12134	0	0
D373.contig209	12130	0	0
D373.contig210	11895	0	0
D373.contig211	11864	0	0
D373.contig212	11863	0	0
D373.contig213	11858	0	0
D373.contig214	11812	0	0
D373.contig215	11764	0	0
D373.contig216	11614	0	0
D373.contig217	11580	0	0
D373.contig218	11510	0	0
D373.contig219	11483	0	0
D373.contig220	11449	0	0
D373.contig221	11445	0	0
D373.contig222	11435	0	0
D373.contig223	11412	38	33
D373.contig224	11276	0	0
D373.contig225	11274	0	0
D373.contig226	11233	0	0
D373.contig227	11194	2	0
D373.contig228	11191	0	0
D373.contig229	11190	0	0
D373.contig230	11165	0	0
D373.contig231	11142	0	0
D373.contig232	11108	0	0
D373.contig233	11107	0	0
D373.contig234	11091	0	0
D373.contig235	11065	0	0
D373.contig236	11051	0	0
D373.contig237	11032	0	0
D373.contig238	10961	0	0
D373.contig239	10866	0	0
D373.contig240	10839	0	0
D373.contig241	10823	0	0
D373.contig242	10819	0	0
D373.contig243	10769	0	0
D373.contig244	10734	0	0
D373.contig245	10720	0	0
D373.contig246	10673	0	0
D373.contig247	10669	0	0
D373.contig248	10645	0	0
D373.contig249	10599	0	0
D373.contig250	10598	0	0
D373.contig251	10547	0	0
D373.contig252	10536	0	0
D373.contig253	10526	0	0
D373.contig254	10448	0	0
D373.contig255	10423	0	0
D373.contig256	10417	0	0
D373.contig257	10391	0	0
D373.contig258	10339	0	0
D373.contig259	10335	0	0
D373.contig260	10309	0	0
D373.contig261	10210	0	0
D373.contig262	10209	0	0
D373.contig263	10160	0	0
D373.contig264	9974	0	0
D373.contig265	9970	0	0
D373.contig266	9939	1	1
D373.contig267	9928	0	0
D373.contig268	9891	2	0
D373.contig269	9847	0	0
D373.contig270	9812	0	0
D373.contig271	9800	0	0
D373.contig272	9757	0	0
D373.contig273	9749	0	0
D373.contig274	9719	0	0
D373.contig275	9718	0	0
D373.contig276	9711	0	0
D373.contig277	9645	0	0
D373.contig278	9645	0	0
D373.contig279	9601	0	0
D373.contig280	9591	0	0
D373.contig281	9534	0	0
D373.contig282	9531	0	0
D373.contig283	9498	0	0
D373.contig284	9471	0	0
D373.contig285	9452	0	0
D373.contig286	9432	0	0
D373.contig287	9420	0	0
D373.contig288	9360	2	0
D373.contig289	9339	16	6
D373.contig290	9329	0	0
D373.contig291	9262	1	1
D373.contig292	9246	0	0
D373.contig293	9209	1	1
D373.contig294	9087	0	0
D373.contig295	9080	0	0
D373.contig296	9067	0	0
D373.contig297	9017	0	0
D373.contig298	9004	0	0
D373.contig299	9001	0	0
D373.contig300	8989	0	0
D373.contig301	8904	0	0
D373.contig302	8873	0	0
D373.contig303	8844	0	0
D373.contig304	8843	0	0
D373.contig305	8841	0	0
D373.contig306	8807	0	0
D373.contig307	8770	0	0
D373.contig308	8743	0	0
D373.contig309	8732	0	0
D373.contig310	8725	0	0
D373.contig311	8666	0	0
D373.contig312	8624	0	0
D373.contig313	8577	0	0
D373.contig314	8565	0	0
D373.contig315	8552	0	0
D373.contig316	8498	0	0
D373.contig317	8497	0	0
D373.contig318	8443	0	0
D373.contig319	8363	0	0
D373.contig320	8330	0	0
D373.contig321	8313	0	0
D373.contig322	8312	0	0
D373.contig323	8253	0	0
D373.contig324	8243	0	0
D373.contig325	8225	0	0
D373.contig326	8214	0	0
D373.contig327	8201	0	0
D373.contig328	8141	0	0
D373.contig329	8134	0	0
D373.contig330	8126	0	0
D373.contig331	8120	0	0
D373.contig332	8096	0	0
D373.contig333	8093	0	0
D373.contig334	8079	0	0
D373.contig335	8044	0	0
D373.contig336	8041	0	0
D373.contig337	8037	0	0
D373.contig338	8021	0	0
D373.contig339	7993	0	0
D373.contig340	7937	0	0
D373.contig341	7894	0	0
D373.contig342	7886	0	0
D373.contig343	7857	0	0
D373.contig344	7758	0	0
D373.contig345	7721	0	0
D373.contig346	7708	24	4
D373.contig347	7704	0	0
D373.contig348	7694	0	0
D373.contig349	7693	0	0
D373.contig350	7651	0	0
D373.contig351	7627	0	0
D373.contig352	7612	0	0
D373.contig353	7599	0	0
D373.contig354	7594	0	0
D373.contig355	7594	0	0
D373.contig356	7570	0	0
D373.contig357	7442	0	0
D373.contig358	7409	9	5
D373.contig359	7397	0	0
D373.contig360	7396	0	0
D373.contig361	7343	0	0
D373.contig362	7338	0	0
D373.contig363	7324	0	0
D373.contig364	7318	0	0
D373.contig365	7289	0	0
D373.contig366	7263	0	0
D373.contig367	7250	0	0
D373.contig368	7236	0	0
D373.contig369	7213	0	0
D373.contig370	7212	2	0
D373.contig371	7199	0	0
D373.contig372	7193	0	0
D373.contig373	7170	0	0
D373.contig374	7147	0	0
D373.contig375	7128	0	0
D373.contig376	7095	0	0
D373.contig377	7074	0	0
D373.contig378	7067	0	0
D373.contig379	7050	0	0
D373.contig380	7041	0	0
D373.contig381	7036	0	0
D373.contig382	7024	0	0
D373.contig383	7010	0	0
D373.contig384	7004	0	0
D373.contig385	6994	0	0
D373.contig386	6963	0	0
D373.contig387	6953	0	0
D373.contig388	6936	0	0
D373.contig389	6934	0	0
D373.contig390	6908	0	0
D373.contig391	6904	0	0
D373.contig392	6887	0	0
D373.contig393	6866	0	0
D373.contig394	6865	0	0
D373.contig395	6852	0	0
D373.contig396	6833	0	0
D373.contig397	6806	0	0
D373.contig398	6801	0	0
D373.contig399	6795	0	0
D373.contig400	6765	0	0
D373.contig401	6759	0	0
D373.contig402	6741	0	0
D373.contig403	6739	0	0
D373.contig404	6736	0	0
D373.contig405	6736	0	0
D373.contig406	6718	0	0
D373.contig407	6692	0	0
D373.contig408	6682	0	0
D373.contig409	6652	0	0
D373.contig410	6637	0	0
D373.contig411	6623	0	0
D373.contig412	6612	0	0
D373.contig413	6606	0	0
D373.contig414	6601	0	0
D373.contig415	6581	0	0
D373.contig416	6579	0	0
D373.contig417	6550	0	0
D373.contig418	6550	0	0
D373.contig419	6542	0	0
D373.contig420	6533	0	0
D373.contig421	6522	0	0
D373.contig422	6499	0	0
D373.contig423	6492	0	0
D373.contig424	6478	0	0
D373.contig425	6438	0	0
D373.contig426	6432	0	0
D373.contig427	6428	0	0
D373.contig428	6405	0	0
D373.contig429	6404	0	0
D373.contig430	6403	0	0
D373.contig431	6399	0	0
D373.contig432	6369	0	0
D373.contig433	6361	0	0
D373.contig434	6301	0	0
D373.contig435	6298	0	0
D373.contig436	6289	0	0
D373.contig437	6286	0	0
D373.contig438	6285	0	0
D373.contig439	6256	0	0
D373.contig440	6237	0	0
D373.contig441	6231	0	0
D373.contig442	6228	0	0
D373.contig443	6221	0	0
D373.contig444	6213	0	0
D373.contig445	6204	0	0
D373.contig446	6172	2	0
D373.contig447	6159	0	0
D373.contig448	6130	0	0
D373.contig449	6125	0	0
D373.contig450	6116	0	0
D373.contig451	6105	0	0
D373.contig452	6090	0	0
D373.contig453	6089	0	0
D373.contig454	6077	0	0
D373.contig455	6036	0	0
D373.contig456	6007	0	0
D373.contig457	6003	0	0
D373.contig458	5964	0	0
D373.contig459	5958	0	0
D373.contig460	5953	0	0
D373.contig461	5942	0	0
D373.contig462	5942	0	0
D373.contig463	5942	0	0
D373.contig464	5938	0	0
D373.contig465	5936	0	0
D373.contig466	5912	0	0
D373.contig467	5895	0	0
D373.contig468	5888	0	0
D373.contig469	5866	0	0
D373.contig470	5866	0	0
D373.contig471	5859	0	0
D373.contig472	5851	0	0
D373.contig473	5848	0	0
D373.contig474	5831	0	0
D373.contig475	5825	0	0
D373.contig476	5807	0	0
D373.contig477	5803	0	0
D373.contig478	5797	0	0
D373.contig479	5787	0	0
D373.contig480	5752	0	0
D373.contig481	5719	0	0
D373.contig482	5709	0	0
D373.contig483	5699	0	0
D373.contig484	5692	0	0
D373.contig485	5656	0	0
D373.contig486	5621	0	0
D373.contig487	5616	0	0
D373.contig488	5568	0	0
D373.contig489	5559	0	0
D373.contig490	5545	0	0
D373.contig491	5527	0	0
D373.contig492	5526	0	0
D373.contig493	5507	0	0
D373.contig494	5505	0	0
D373.contig495	5496	0	0
D373.contig496	5495	0	0
D373.contig497	5493	0	0
D373.contig498	5484	0	0
D373.contig499	5484	0	0
D373.contig500	5471	0	0
D373.contig501	5467	0	0
D373.contig502	5459	0	0
D373.contig503	5457	0	0
D373.contig504	5437	0	0
D373.contig505	5425	0	0
D373.contig506	5412	0	0
D373.contig507	5402	0	0
D373.contig508	5382	0	0
D373.contig509	5380	0	0
D373.contig510	5379	0	0
D373.contig511	5378	0	0
D373.contig512	5364	0	0
D373.contig513	5356	0	0
D373.contig514	5333	0	0
D373.contig515	5328	0	0
D373.contig516	5317	0	0
D373.contig517	5307	0	0
D373.contig518	5292	0	0
D373.contig519	5289	0	0
D373.contig520	5276	0	0
D373.contig521	5270	0	0
D373.contig522	5248	0	0
D373.contig523	5230	0	0
D373.contig524	5228	0	0
D373.contig525	5224	0	0
D373.contig526	5185	0	0
D373.contig527	5181	0	0
D373.contig528	5144	0	0
D373.contig529	5137	0	0
D373.contig530	5123	0	0
D373.contig531	5115	0	0
D373.contig532	5113	0	0
D373.contig533	5112	0	0
D373.contig534	5090	0	0
D373.contig535	5087	0	0
D373.contig536	5075	0	0
D373.contig537	5070	0	0
D373.contig538	5068	0	0
D373.contig539	5066	0	0
D373.contig540	5062	0	0
D373.contig541	5045	0	0
D373.contig542	5028	0	0
D373.contig543	5016	0	0
D373.contig544	5002	0	0
D373.contig545	5002	0	0
D373.contig546	4976	0	0
D373.contig547	4953	0	0
D373.contig548	4952	0	0
D373.contig549	4945	0	0
D373.contig550	4938	0	0
D373.contig551	4932	0	0
D373.contig552	4920	0	0
D373.contig553	4914	0	0
D373.contig554	4912	0	0
D373.contig555	4911	0	0
D373.contig556	4907	0	0
D373.contig557	4903	177	16
D373.contig558	4862	0	0
D373.contig559	4846	0	0
D373.contig560	4838	0	0
D373.contig561	4834	0	0
D373.contig562	4804	0	0
D373.contig563	4789	0	0
D373.contig564	4787	0	0
D373.contig565	4784	0	0
D373.contig566	4779	0	0
D373.contig567	4776	0	0
D373.contig568	4749	0	0
D373.contig569	4730	2	0
D373.contig570	4726	0	0
D373.contig571	4710	0	0
D373.contig572	4710	0	0
D373.contig573	4688	0	0
D373.contig574	4674	0	0
D373.contig575	4671	0	0
D373.contig576	4661	0	0
D373.contig577	4661	0	0
D373.contig578	4654	0	0
D373.contig579	4651	0	0
D373.contig580	4650	0	0
D373.contig581	4630	0	0
D373.contig582	4628	0	0
D373.contig583	4619	0	0
D373.contig584	4613	0	0
D373.contig585	4608	0	0
D373.contig586	4608	0	0
D373.contig587	4606	0	0
D373.contig588	4599	0	0
D373.contig589	4597	0	0
D373.contig590	4593	0	0
D373.contig591	4558	0	0
D373.contig592	4557	0	0
D373.contig593	4550	0	0
D373.contig594	4529	0	0
D373.contig595	4511	0	0
D373.contig596	4496	0	0
D373.contig597	4491	0	0
D373.contig598	4490	0	0
D373.contig599	4483	0	0
D373.contig600	4481	0	0
D373.contig601	4463	0	0
D373.contig602	4445	0	0
D373.contig603	4429	0	0
D373.contig604	4422	0	0
D373.contig605	4407	0	0
D373.contig606	4404	0	0
D373.contig607	4403	0	0
D373.contig608	4403	0	0
D373.contig609	4400	0	0
D373.contig610	4388	0	0
D373.contig611	4371	0	0
D373.contig612	4367	0	0
D373.contig613	4361	0	0
D373.contig614	4357	0	0
D373.contig615	4353	0	0
D373.contig616	4335	13	1
D373.contig617	4332	0	0
D373.contig618	4329	1	1
D373.contig619	4313	0	0
D373.contig620	4306	0	0
D373.contig621	4298	0	0
D373.contig622	4294	0	0
D373.contig623	4292	0	0
D373.contig624	4292	0	0
D373.contig625	4287	0	0
D373.contig626	4282	0	0
D373.contig627	4281	0	0
D373.contig628	4274	0	0
D373.contig629	4271	0	0
D373.contig630	4264	0	0
D373.contig631	4261	0	0
D373.contig632	4254	2	0
D373.contig633	4254	0	0
D373.contig634	4253	0	0
D373.contig635	4253	0	0
D373.contig636	4251	0	0
D373.contig637	4239	0	0
D373.contig638	4230	0	0
D373.contig639	4219	0	0
D373.contig640	4217	0	0
D373.contig641	4189	0	0
D373.contig642	4178	0	0
D373.contig643	4165	0	0
D373.contig644	4153	0	0
D373.contig645	4150	0	0
D373.contig646	4150	0	0
D373.contig647	4147	0	0
D373.contig648	4143	0	0
D373.contig649	4142	0	0
D373.contig650	4140	0	0
D373.contig651	4130	0	0
D373.contig652	4130	0	0
D373.contig653	4126	0	0
D373.contig654	4109	0	0
D373.contig655	4094	0	0
D373.contig656	4084	0	0
D373.contig657	4079	0	0
D373.contig658	4079	0	0
D373.contig659	4062	0	0
D373.contig660	4050	0	0
D373.contig661	4049	0	0
D373.contig662	4049	0	0
D373.contig663	4048	0	0
D373.contig664	4045	0	0
D373.contig665	4035	0	0
D373.contig666	4013	0	0
D373.contig667	4009	0	0
D373.contig668	4008	0	0
D373.contig669	4004	0	0
D373.contig670	3996	0	0
D373.contig671	3985	0	0
D373.contig672	3984	0	0
D373.contig673	3984	0	0
D373.contig674	3981	0	0
D373.contig675	3981	0	0
D373.contig676	3970	0	0
D373.contig677	3969	0	0
D373.contig678	3959	0	0
D373.contig679	3958	0	0
D373.contig680	3950	0	0
D373.contig681	3949	0	0
D373.contig682	3943	0	0
D373.contig683	3940	0	0
D373.contig684	3936	0	0
D373.contig685	3931	0	0
D373.contig686	3930	81	65
D373.contig687	3921	0	0
D373.contig688	3921	0	0
D373.contig689	3920	0	0
D373.contig690	3916	0	0
D373.contig691	3914	0	0
D373.contig692	3902	0	0
D373.contig693	3899	0	0
D373.contig694	3892	0	0
D373.contig695	3882	0	0
D373.contig696	3879	0	0
D373.contig697	3876	0	0
D373.contig698	3873	0	0
D373.contig699	3873	0	0
D373.contig700	3868	0	0
D373.contig701	3867	0	0
D373.contig702	3860	0	0
D373.contig703	3860	0	0
D373.contig704	3857	0	0
D373.contig705	3857	0	0
D373.contig706	3854	0	0
D373.contig707	3851	0	0
D373.contig708	3851	0	0
D373.contig709	3843	0	0
D373.contig710	3841	0	0
D373.contig711	3837	0	0
D373.contig712	3834	0	0
D373.contig713	3830	0	0
D373.contig714	3825	0	0
D373.contig715	3825	0	0
D373.contig716	3824	0	0
D373.contig717	3822	0	0
D373.contig718	3818	0	0
D373.contig719	3816	0	0
D373.contig720	3810	0	0
D373.contig721	3804	0	0
D373.contig722	3798	0	0
D373.contig723	3795	0	0
D373.contig724	3792	0	0
D373.contig725	3789	0	0
D373.contig726	3782	0	0
D373.contig727	3781	0	0
D373.contig728	3780	0	0
D373.contig729	3780	0	0
D373.contig730	3778	0	0
D373.contig731	3776	0	0
D373.contig732	3765	0	0
D373.contig733	3755	0	0
D373.contig734	3751	0	0
D373.contig735	3749	0	0
D373.contig736	3742	0	0
D373.contig737	3726	0	0
D373.contig738	3720	0	0
D373.contig739	3717	0	0
D373.contig740	3709	0	0
D373.contig741	3705	0	0
D373.contig742	3705	0	0
D373.contig743	3701	0	0
D373.contig744	3695	0	0
D373.contig745	3653	0	0
D373.contig746	3653	0	0
D373.contig747	3653	0	0
D373.contig748	3650	0	0
D373.contig749	3648	0	0
D373.contig750	3647	0	0
D373.contig751	3645	0	0
D373.contig752	3640	0	0
D373.contig753	3633	0	0
D373.contig754	3633	0	0
D373.contig755	3628	0	0
D373.contig756	3625	0	0
D373.contig757	3623	0	0
D373.contig758	3610	0	0
D373.contig759	3603	0	0
D373.contig760	3602	0	0
D373.contig761	3599	0	0
D373.contig762	3590	0	0
D373.contig763	3580	0	0
D373.contig764	3575	0	0
D373.contig765	3566	0	0
D373.contig766	3560	0	0
D373.contig767	3557	0	0
D373.contig768	3550	0	0
D373.contig769	3546	0	0
D373.contig770	3538	0	0
D373.contig771	3536	0	0
D373.contig772	3535	0	0
D373.contig773	3525	0	0
D373.contig774	3514	0	0
D373.contig775	3510	0	0
D373.contig776	3508	0	0
D373.contig777	3501	0	0
D373.contig778	3497	0	0
D373.contig779	3495	0	0
D373.contig780	3490	0	0
D373.contig781	3489	0	0
D373.contig782	3485	0	0
D373.contig783	3483	0	0
D373.contig784	3481	0	0
D373.contig785	3470	0	0
D373.contig786	3468	0	0
D373.contig787	3468	0	0
D373.contig788	3464	0	0
D373.contig789	3454	0	0
D373.contig790	3449	0	0
D373.contig791	3448	0	0
D373.contig792	3447	0	0
D373.contig793	3429	0	0
D373.contig794	3422	0	0
D373.contig795	3422	0	0
D373.contig796	3418	0	0
D373.contig797	3417	0	0
D373.contig798	3411	0	0
D373.contig799	3411	0	0
D373.contig800	3407	0	0
D373.contig801	3403	0	0
D373.contig802	3402	0	0
D373.contig803	3401	0	0
D373.contig804	3395	437	41
D373.contig805	3391	0	0
D373.contig806	3386	0	0
D373.contig807	3384	0	0
D373.contig808	3381	0	0
D373.contig809	3374	0	0
D373.contig810	3373	0	0
D373.contig811	3370	0	0
D373.contig812	3370	0	0
D373.contig813	3368	0	0
D373.contig814	3368	0	0
D373.contig815	3364	0	0
D373.contig816	3362	4	0
D373.contig817	3359	0	0
D373.contig818	3359	0	0
D373.contig819	3357	0	0
D373.contig820	3353	0	0
D373.contig821	3351	0	0
D373.contig822	3350	0	0
D373.contig823	3339	0	0
D373.contig824	3337	0	0
D373.contig825	3336	0	0
D373.contig826	3333	0	0
D373.contig827	3330	0	0
D373.contig828	3301	0	0
D373.contig829	3295	0	0
D373.contig830	3288	0	0
D373.contig831	3286	0	0
D373.contig832	3284	0	0
D373.contig833	3277	0	0
D373.contig834	3266	0	0
D373.contig835	3264	0	0
D373.contig836	3257	0	0
D373.contig837	3253	0	0
D373.contig838	3253	0	0
D373.contig839	3253	0	0
D373.contig840	3251	0	0
D373.contig841	3249	0	0
D373.contig842	3248	0	0
D373.contig843	3245	0	0
D373.contig844	3242	0	0
D373.contig845	3241	0	0
D373.contig846	3235	0	0
D373.contig847	3226	0	0
D373.contig848	3225	0	0
D373.contig849	3223	0	0
D373.contig850	3220	0	0
D373.contig851	3219	0	0
D373.contig852	3218	0	0
D373.contig853	3214	0	0
D373.contig854	3214	0	0
D373.contig855	3210	0	0
D373.contig856	3209	0	0
D373.contig857	3204	0	0
D373.contig858	3203	0	0
D373.contig859	3203	0	0
D373.contig860	3201	0	0
D373.contig861	3201	0	0
D373.contig862	3199	0	0
D373.contig863	3198	0	0
D373.contig864	3193	0	0
D373.contig865	3192	0	0
D373.contig866	3188	0	0
D373.contig867	3184	0	0
D373.contig868	3179	0	0
D373.contig869	3179	0	0
D373.contig870	3177	0	0
D373.contig871	3171	0	0
D373.contig872	3170	0	0
D373.contig873	3170	0	0
D373.contig874	3167	0	0
D373.contig875	3167	0	0
D373.contig876	3166	0	0
D373.contig877	3157	0	0
D373.contig878	3157	0	0
D373.contig879	3155	0	0
D373.contig880	3153	0	0
D373.contig881	3152	0	0
D373.contig882	3151	0	0
D373.contig883	3151	0	0
D373.contig884	3149	0	0
D373.contig885	3140	0	0
D373.contig886	3140	0	0
D373.contig887	3123	0	0
D373.contig888	3121	0	0
D373.contig889	3117	0	0
D373.contig890	3117	0	0
D373.contig891	3111	0	0
D373.contig892	3108	0	0
D373.contig893	3107	0	0
D373.contig894	3104	0	0
D373.contig895	3104	0	0
D373.contig896	3094	0	0
D373.contig897	3091	0	0
D373.contig898	3086	0	0
D373.contig899	3080	0	0
D373.contig900	3076	0	0
D373.contig901	3074	0	0
D373.contig902	3070	0	0
D373.contig903	3068	0	0
D373.contig904	3066	0	0
D373.contig905	3065	2	0
D373.contig906	3058	0	0
D373.contig907	3040	12	2
D373.contig908	3039	0	0
D373.contig909	3034	0	0
D373.contig910	3034	0	0
D373.contig911	3033	0	0
D373.contig912	3031	0	0
D373.contig913	3029	0	0
D373.contig914	3028	0	0
D373.contig915	3017	0	0
D373.contig916	3008	0	0
*	0	0	6350572
