D373.contig1	136308	0	0
D373.contig2	85540	25562	527
D373.contig3	66119	0	0
D373.contig4	56585	28463	665
D373.contig5	53216	18215	383
D373.contig6	50575	0	0
D373.contig7	49711	28930	756
D373.contig8	49267	0	0
D373.contig9	47996	13576	480
D373.contig10	46062	0	0
D373.contig11	42347	10576	237
D373.contig12	42120	0	0
D373.contig13	41904	0	0
D373.contig14	41797	0	0
D373.contig15	41361	8350	189
D373.contig16	41348	8944	205
D373.contig17	41298	0	0
D373.contig18	41003	44546	1273
D373.contig19	40915	10681	207
D373.contig20	40613	0	0
D373.contig21	40548	0	0
D373.contig22	40485	0	0
D373.contig23	40432	0	0
D373.contig24	40287	0	0
D373.contig25	39399	0	0
D373.contig26	38983	0	0
D373.contig27	38654	0	0
D373.contig28	38025	16184	345
D373.contig29	37900	90246	2252
D373.contig30	37370	1	0
D373.contig31	37172	0	0
D373.contig32	36726	0	0
D373.contig33	36603	12081	275
D373.contig34	36293	0	0
D373.contig35	36043	7911	174
D373.contig36	34563	19643	1423
D373.contig37	34552	0	0
D373.contig38	34480	74	2
D373.contig39	34389	46830	1126
D373.contig40	34119	6878	151
D373.contig41	33929	7361	151
D373.contig42	33840	0	0
D373.contig43	33625	8846	208
D373.contig44	33557	0	0
D373.contig45	33547	0	0
D373.contig46	33506	0	0
D373.contig47	33137	0	0
D373.contig48	32974	33687	857
D373.contig49	32824	5408	112
D373.contig50	32418	21299	612
D373.contig51	31192	1	0
D373.contig52	30722	13303	319
D373.contig53	30337	2	0
D373.contig54	30330	0	0
D373.contig55	30193	0	0
D373.contig56	29709	14691	301
D373.contig57	29623	13607	299
D373.contig58	29579	8856	296
D373.contig59	29092	0	0
D373.contig60	28809	0	0
D373.contig61	28758	0	0
D373.contig62	28130	0	0
D373.contig63	28034	0	0
D373.contig64	27162	78	1
D373.contig65	27128	2	0
D373.contig66	27022	10421	220
D373.contig67	26960	0	0
D373.contig68	26835	13451	296
D373.contig69	26574	0	0
D373.contig70	26395	0	0
D373.contig71	26361	14247	508
D373.contig72	26244	12920	287
D373.contig73	26095	7104	176
D373.contig74	25965	3005	72
D373.contig75	25897	56124	1717
D373.contig76	25834	11233	207
D373.contig77	25776	6204	252
D373.contig78	25701	9293	250
D373.contig79	25424	13502	547
D373.contig80	25390	0	0
D373.contig81	25378	0	0
D373.contig82	25260	0	0
D373.contig83	24877	0	0
D373.contig84	24813	0	0
D373.contig85	24751	7	1
D373.contig86	24748	6120	134
D373.contig87	24696	7162	172
D373.contig88	24525	5659	388
D373.contig89	23984	6256	142
D373.contig90	23725	14310	308
D373.contig91	23247	17277	535
D373.contig92	23122	3	1
D373.contig93	23033	10975	1298
D373.contig94	22979	0	0
D373.contig95	22699	5180	136
D373.contig96	22697	0	0
D373.contig97	22471	2163	62
D373.contig98	22292	0	0
D373.contig99	22079	0	0
D373.contig100	22014	31070	1086
D373.contig101	21463	4964	176
D373.contig102	21078	16	12
D373.contig103	21047	9890	466
D373.contig104	20961	0	0
D373.contig105	20793	9574	264
D373.contig106	20777	0	0
D373.contig107	20744	0	0
D373.contig108	20737	0	0
D373.contig109	20727	6067	128
D373.contig110	20500	4635	149
D373.contig111	20324	0	0
D373.contig112	20152	6	4
D373.contig113	19861	2872	85
D373.contig114	19437	6899	196
D373.contig115	19296	2582	96
D373.contig116	19153	5140	147
D373.contig117	18750	11746	419
D373.contig118	18494	0	0
D373.contig119	18441	0	0
D373.contig120	18389	0	0
D373.contig121	18370	3267	95
D373.contig122	18369	2996	90
D373.contig123	18260	0	0
D373.contig124	18220	0	0
D373.contig125	17608	1562	39
D373.contig126	17360	0	0
D373.contig127	17157	2341	72
D373.contig128	17107	13119	1346
D373.contig129	17088	0	0
D373.contig130	16623	0	0
D373.contig131	16580	0	0
D373.contig132	16473	1982	30
D373.contig133	16401	2916	76
D373.contig134	16142	0	0
D373.contig135	16124	0	0
D373.contig136	16112	0	0
D373.contig137	16061	0	0
D373.contig138	15866	2173	108
D373.contig139	15712	2368	98
D373.contig140	15707	0	0
D373.contig141	15703	0	0
D373.contig142	15652	1	1
D373.contig143	15564	7946	243
D373.contig144	15520	0	0
D373.contig145	15456	2958	69
D373.contig146	15329	2496	119
D373.contig147	15318	1134	52
D373.contig148	15141	2501	74
D373.contig149	15018	1833	84
D373.contig150	14937	21328	901
D373.contig151	14864	0	0
D373.contig152	14860	0	0
D373.contig153	14821	2517	67
D373.contig154	14817	2545	85
D373.contig155	14711	3976	74
D373.contig156	14709	3924	129
D373.contig157	14664	0	0
D373.contig158	14639	0	0
D373.contig159	14607	2935	94
D373.contig160	14598	41298	2975
D373.contig161	14591	15	2
D373.contig162	14568	9673	255
D373.contig163	14558	4060	77
D373.contig164	14537	0	0
D373.contig165	14535	12760	453
D373.contig166	14514	0	0
D373.contig167	14236	0	0
D373.contig168	14186	0	0
D373.contig169	14087	0	0
D373.contig170	14032	3838	117
D373.contig171	13917	0	0
D373.contig172	13781	11296	359
D373.contig173	13740	792	105
D373.contig174	13674	0	0
D373.contig175	13465	2900	79
D373.contig176	13435	670	42
D373.contig177	13424	23893	750
D373.contig178	13411	4363	119
D373.contig179	13359	3073	73
D373.contig180	13332	0	0
D373.contig181	13329	11358	560
D373.contig182	13311	3119	76
D373.contig183	13289	0	0
D373.contig184	13261	1640	45
D373.contig185	13256	7055	502
D373.contig186	13251	2600	122
D373.contig187	13185	2738	78
D373.contig188	13147	2867	93
D373.contig189	13109	0	0
D373.contig190	12974	0	0
D373.contig191	12941	2523	111
D373.contig192	12684	1845	91
D373.contig193	12602	1560	85
D373.contig194	12577	0	0
D373.contig195	12572	0	0
D373.contig196	12561	0	0
D373.contig197	12543	5213	229
D373.contig198	12514	0	0
D373.contig199	12447	0	0
D373.contig200	12422	2254	66
D373.contig201	12417	27630	1398
D373.contig202	12416	5826	112
D373.contig203	12393	10816	471
D373.contig204	12326	0	0
D373.contig205	12306	1513	51
D373.contig206	12239	1699	54
D373.contig207	12223	0	0
D373.contig208	12134	10191	354
D373.contig209	12130	1586	40
D373.contig210	11895	0	0
D373.contig211	11864	0	0
D373.contig212	11863	6514	142
D373.contig213	11858	4465	98
D373.contig214	11812	21	11
D373.contig215	11764	334	75
D373.contig216	11614	0	0
D373.contig217	11580	1088	22
D373.contig218	11510	2784	90
D373.contig219	11483	0	0
D373.contig220	11449	0	0
D373.contig221	11445	0	0
D373.contig222	11435	14969	642
D373.contig223	11412	43	37
D373.contig224	11276	1272	72
D373.contig225	11274	15023	575
D373.contig226	11233	999	37
D373.contig227	11194	9336	360
D373.contig228	11191	4996	335
D373.contig229	11190	14233	798
D373.contig230	11165	0	0
D373.contig231	11142	0	0
D373.contig232	11108	3443	95
D373.contig233	11107	2666	79
D373.contig234	11091	0	0
D373.contig235	11065	0	0
D373.contig236	11051	0	0
D373.contig237	11032	0	0
D373.contig238	10961	3338	84
D373.contig239	10866	0	0
D373.contig240	10839	1088	60
D373.contig241	10823	0	0
D373.contig242	10819	16	10
D373.contig243	10769	2502	159
D373.contig244	10734	0	0
D373.contig245	10720	11852	819
D373.contig246	10673	0	0
D373.contig247	10669	0	0
D373.contig248	10645	891	33
D373.contig249	10599	1715	65
D373.contig250	10598	4192	174
D373.contig251	10547	0	0
D373.contig252	10536	0	0
D373.contig253	10526	846	48
D373.contig254	10448	1381	67
D373.contig255	10423	0	0
D373.contig256	10417	2768	98
D373.contig257	10391	0	0
D373.contig258	10339	0	0
D373.contig259	10335	0	0
D373.contig260	10309	0	0
D373.contig261	10210	0	0
D373.contig262	10209	0	0
D373.contig263	10160	1041	57
D373.contig264	9974	0	0
D373.contig265	9970	43	3
D373.contig266	9939	145	3
D373.contig267	9928	0	0
D373.contig268	9891	1894	70
D373.contig269	9847	1104	34
D373.contig270	9812	0	0
D373.contig271	9800	0	0
D373.contig272	9757	1281	100
D373.contig273	9749	0	0
D373.contig274	9719	0	0
D373.contig275	9718	23937	696
D373.contig276	9711	1375	92
D373.contig277	9645	2196	88
D373.contig278	9645	3123	161
D373.contig279	9601	0	0
D373.contig280	9591	0	0
D373.contig281	9534	0	0
D373.contig282	9531	0	0
D373.contig283	9498	0	0
D373.contig284	9471	1305	49
D373.contig285	9452	0	0
D373.contig286	9432	1039	26
D373.contig287	9420	0	0
D373.contig288	9360	3000	244
D373.contig289	9339	13	9
D373.contig290	9329	21793	1420
D373.contig291	9262	2726	87
D373.contig292	9246	0	0
D373.contig293	9209	3899	174
D373.contig294	9087	2179	89
D373.contig295	9080	0	0
D373.contig296	9067	0	0
D373.contig297	9017	0	0
D373.contig298	9004	655	44
D373.contig299	9001	2	0
D373.contig300	8989	0	0
D373.contig301	8904	708	16
D373.contig302	8873	0	0
D373.contig303	8844	0	0
D373.contig304	8843	0	0
D373.contig305	8841	0	0
D373.contig306	8807	0	0
D373.contig307	8770	2541	55
D373.contig308	8743	0	0
D373.contig309	8732	0	0
D373.contig310	8725	418	16
D373.contig311	8666	1462	46
D373.contig312	8624	617	71
D373.contig313	8577	0	0
D373.contig314	8565	0	0
D373.contig315	8552	0	0
D373.contig316	8498	936	71
D373.contig317	8497	0	0
D373.contig318	8443	833	28
D373.contig319	8363	0	0
D373.contig320	8330	0	0
D373.contig321	8313	0	0
D373.contig322	8312	1805	93
D373.contig323	8253	0	0
D373.contig324	8243	1660	68
D373.contig325	8225	0	0
D373.contig326	8214	0	0
D373.contig327	8201	0	0
D373.contig328	8141	1276	78
D373.contig329	8134	0	0
D373.contig330	8126	0	0
D373.contig331	8120	0	0
D373.contig332	8096	610	107
D373.contig333	8093	0	0
D373.contig334	8079	1313	52
D373.contig335	8044	0	0
D373.contig336	8041	2	0
D373.contig337	8037	1463	95
D373.contig338	8021	0	0
D373.contig339	7993	0	0
D373.contig340	7937	526	148
D373.contig341	7894	2052	159
D373.contig342	7886	0	0
D373.contig343	7857	0	0
D373.contig344	7758	1453	74
D373.contig345	7721	3162	93
D373.contig346	7708	57	11
D373.contig347	7704	880	38
D373.contig348	7694	0	0
D373.contig349	7693	0	0
D373.contig350	7651	1730	97
D373.contig351	7627	707	21
D373.contig352	7612	1198	33
D373.contig353	7599	0	0
D373.contig354	7594	987	56
D373.contig355	7594	0	0
D373.contig356	7570	2	0
D373.contig357	7442	2107	219
D373.contig358	7409	0	0
D373.contig359	7397	1054	58
D373.contig360	7396	1153	64
D373.contig361	7343	0	0
D373.contig362	7338	0	0
D373.contig363	7324	5	3
D373.contig364	7318	0	0
D373.contig365	7289	2721	50
D373.contig366	7263	1387	66
D373.contig367	7250	1078	68
D373.contig368	7236	0	0
D373.contig369	7213	0	0
D373.contig370	7212	3	3
D373.contig371	7199	0	0
D373.contig372	7193	0	0
D373.contig373	7170	0	0
D373.contig374	7147	10076	1348
D373.contig375	7128	0	0
D373.contig376	7095	0	0
D373.contig377	7074	0	0
D373.contig378	7067	1485	53
D373.contig379	7050	1	1
D373.contig380	7041	0	0
D373.contig381	7036	750	50
D373.contig382	7024	1634	64
D373.contig383	7010	0	0
D373.contig384	7004	5	1
D373.contig385	6994	0	0
D373.contig386	6963	1118	58
D373.contig387	6953	0	0
D373.contig388	6936	1307	51
D373.contig389	6934	2544	139
D373.contig390	6908	1208	34
D373.contig391	6904	0	0
D373.contig392	6887	287	15
D373.contig393	6866	0	0
D373.contig394	6865	0	0
D373.contig395	6852	0	0
D373.contig396	6833	0	0
D373.contig397	6806	0	0
D373.contig398	6801	0	0
D373.contig399	6795	8996	365
D373.contig400	6765	774	26
D373.contig401	6759	0	0
D373.contig402	6741	1069	64
D373.contig403	6739	0	0
D373.contig404	6736	2211	120
D373.contig405	6736	0	0
D373.contig406	6718	0	0
D373.contig407	6692	0	0
D373.contig408	6682	639	47
D373.contig409	6652	0	0
D373.contig410	6637	0	0
D373.contig411	6623	0	0
D373.contig412	6612	2033	38
D373.contig413	6606	1115	24
D373.contig414	6601	4568	274
D373.contig415	6581	0	0
D373.contig416	6579	3065	71
D373.contig417	6550	673	45
D373.contig418	6550	1037	46
D373.contig419	6542	937	46
D373.contig420	6533	941	41
D373.contig421	6522	0	0
D373.contig422	6499	525	37
D373.contig423	6492	985	51
D373.contig424	6478	0	0
D373.contig425	6438	0	0
D373.contig426	6432	0	0
D373.contig427	6428	3888	268
D373.contig428	6405	0	0
D373.contig429	6404	0	0
D373.contig430	6403	686	26
D373.contig431	6399	0	0
D373.contig432	6369	668	89
D373.contig433	6361	0	0
D373.contig434	6301	0	0
D373.contig435	6298	576	50
D373.contig436	6289	860	28
D373.contig437	6286	0	0
D373.contig438	6285	0	0
D373.contig439	6256	0	0
D373.contig440	6237	1504	68
D373.contig441	6231	4864	305
D373.contig442	6228	0	0
D373.contig443	6221	0	0
D373.contig444	6213	0	0
D373.contig445	6204	0	0
D373.contig446	6172	0	0
D373.contig447	6159	498	39
D373.contig448	6130	0	0
D373.contig449	6125	0	0
D373.contig450	6116	4555	168
D373.contig451	6105	727	25
D373.contig452	6090	0	0
D373.contig453	6089	51	6
D373.contig454	6077	0	0
D373.contig455	6036	825	46
D373.contig456	6007	0	0
D373.contig457	6003	0	0
D373.contig458	5964	0	0
D373.contig459	5958	0	0
D373.contig460	5953	0	0
D373.contig461	5942	0	0
D373.contig462	5942	0	0
D373.contig463	5942	1105	60
D373.contig464	5938	1051	19
D373.contig465	5936	0	0
D373.contig466	5912	0	0
D373.contig467	5895	0	0
D373.contig468	5888	6449	449
D373.contig469	5866	0	0
D373.contig470	5866	0	0
D373.contig471	5859	0	0
D373.contig472	5851	0	0
D373.contig473	5848	470	38
D373.contig474	5831	501	39
D373.contig475	5825	903	19
D373.contig476	5807	0	0
D373.contig477	5803	0	0
D373.contig478	5797	0	0
D373.contig479	5787	0	0
D373.contig480	5752	0	0
D373.contig481	5719	0	0
D373.contig482	5709	0	0
D373.contig483	5699	0	0
D373.contig484	5692	3824	497
D373.contig485	5656	0	0
D373.contig486	5621	0	0
D373.contig487	5616	0	0
D373.contig488	5568	2577	75
D373.contig489	5559	1359	26
D373.contig490	5545	0	0
D373.contig491	5527	1396	104
D373.contig492	5526	0	0
D373.contig493	5507	0	0
D373.contig494	5505	3982	357
D373.contig495	5496	3026	146
D373.contig496	5495	0	0
D373.contig497	5493	0	0
D373.contig498	5484	1216	76
D373.contig499	5484	1225	81
D373.contig500	5471	693	54
D373.contig501	5467	0	0
D373.contig502	5459	1806	75
D373.contig503	5457	0	0
D373.contig504	5437	2629	139
D373.contig505	5425	0	0
D373.contig506	5412	0	0
D373.contig507	5402	8680	684
D373.contig508	5382	658	65
D373.contig509	5380	0	0
D373.contig510	5379	0	0
D373.contig511	5378	425	18
D373.contig512	5364	0	0
D373.contig513	5356	539	41
D373.contig514	5333	0	0
D373.contig515	5328	0	0
D373.contig516	5317	1897	201
D373.contig517	5307	0	0
D373.contig518	5292	1245	80
D373.contig519	5289	0	0
D373.contig520	5276	853	62
D373.contig521	5270	0	0
D373.contig522	5248	0	0
D373.contig523	5230	0	0
D373.contig524	5228	592	12
D373.contig525	5224	783	27
D373.contig526	5185	0	0
D373.contig527	5181	0	0
D373.contig528	5144	0	0
D373.contig529	5137	0	0
D373.contig530	5123	1392	73
D373.contig531	5115	530	39
D373.contig532	5113	403	11
D373.contig533	5112	0	0
D373.contig534	5090	0	0
D373.contig535	5087	7040	246
D373.contig536	5075	0	0
D373.contig537	5070	193	84
D373.contig538	5068	226	14
D373.contig539	5066	0	0
D373.contig540	5062	2574	125
D373.contig541	5045	689	42
D373.contig542	5028	0	0
D373.contig543	5016	0	0
D373.contig544	5002	661	37
D373.contig545	5002	0	0
D373.contig546	4976	591	23
D373.contig547	4953	433	11
D373.contig548	4952	700	37
D373.contig549	4945	0	0
D373.contig550	4938	2232	42
D373.contig551	4932	812	14
D373.contig552	4920	0	0
D373.contig553	4914	0	0
D373.contig554	4912	0	0
D373.contig555	4911	0	0
D373.contig556	4907	290	14
D373.contig557	4903	948289	36226
D373.contig558	4862	529	18
D373.contig559	4846	0	0
D373.contig560	4838	483	39
D373.contig561	4834	0	0
D373.contig562	4804	0	0
D373.contig563	4789	15912	1926
D373.contig564	4787	301	15
D373.contig565	4784	0	0
D373.contig566	4779	0	0
D373.contig567	4776	0	0
D373.contig568	4749	0	0
D373.contig569	4730	2	0
D373.contig570	4726	0	0
D373.contig571	4710	1003	269
D373.contig572	4710	0	0
D373.contig573	4688	0	0
D373.contig574	4674	0	0
D373.contig575	4671	0	0
D373.contig576	4661	0	0
D373.contig577	4661	0	0
D373.contig578	4654	717	42
D373.contig579	4651	0	0
D373.contig580	4650	10819	927
D373.contig581	4630	0	0
D373.contig582	4628	0	0
D373.contig583	4619	0	0
D373.contig584	4613	0	0
D373.contig585	4608	0	0
D373.contig586	4608	1162	38
D373.contig587	4606	0	0
D373.contig588	4599	0	0
D373.contig589	4597	144	15
D373.contig590	4593	15744	1637
D373.contig591	4558	0	0
D373.contig592	4557	0	0
D373.contig593	4550	6096	495
D373.contig594	4529	281	35
D373.contig595	4511	0	0
D373.contig596	4496	0	0
D373.contig597	4491	0	0
D373.contig598	4490	618	54
D373.contig599	4483	0	0
D373.contig600	4481	1874	125
D373.contig601	4463	1383	21
D373.contig602	4445	0	0
D373.contig603	4429	730	94
D373.contig604	4422	216	132
D373.contig605	4407	0	0
D373.contig606	4404	0	0
D373.contig607	4403	0	0
D373.contig608	4403	0	0
D373.contig609	4400	0	0
D373.contig610	4388	1122	65
D373.contig611	4371	0	0
D373.contig612	4367	0	0
D373.contig613	4361	757	45
D373.contig614	4357	2631	192
D373.contig615	4353	0	0
D373.contig616	4335	1	0
D373.contig617	4332	364	25
D373.contig618	4329	0	0
D373.contig619	4313	0	0
D373.contig620	4306	0	0
D373.contig621	4298	483	20
D373.contig622	4294	0	0
D373.contig623	4292	0	0
D373.contig624	4292	1110	96
D373.contig625	4287	869	36
D373.contig626	4282	504	31
D373.contig627	4281	0	0
D373.contig628	4274	328	18
D373.contig629	4271	1151	56
D373.contig630	4264	0	0
D373.contig631	4261	0	0
D373.contig632	4254	0	0
D373.contig633	4254	0	0
D373.contig634	4253	0	0
D373.contig635	4253	0	0
D373.contig636	4251	0	0
D373.contig637	4239	341	23
D373.contig638	4230	4222	526
D373.contig639	4219	2985	55
D373.contig640	4217	0	0
D373.contig641	4189	0	0
D373.contig642	4178	802	45
D373.contig643	4165	0	0
D373.contig644	4153	1799	30
D373.contig645	4150	0	0
D373.contig646	4150	2860	81
D373.contig647	4147	0	0
D373.contig648	4143	638	126
D373.contig649	4142	0	0
D373.contig650	4140	0	0
D373.contig651	4130	0	0
D373.contig652	4130	0	0
D373.contig653	4126	1226	406
D373.contig654	4109	0	0
D373.contig655	4094	12492	1030
D373.contig656	4084	1104	58
D373.contig657	4079	460	52
D373.contig658	4079	0	0
D373.contig659	4062	383	27
D373.contig660	4050	700	49
D373.contig661	4049	3975	638
D373.contig662	4049	0	0
D373.contig663	4048	0	0
D373.contig664	4045	0	0
D373.contig665	4035	333	29
D373.contig666	4013	241	15
D373.contig667	4009	0	0
D373.contig668	4008	0	0
D373.contig669	4004	0	0
D373.contig670	3996	0	0
D373.contig671	3985	510	31
D373.contig672	3984	577	13
D373.contig673	3984	0	0
D373.contig674	3981	558	48
D373.contig675	3981	0	0
D373.contig676	3970	0	0
D373.contig677	3969	355	28
D373.contig678	3959	3629	60
D373.contig679	3958	374	18
D373.contig680	3950	0	0
D373.contig681	3949	0	0
D373.contig682	3943	0	0
D373.contig683	3940	0	0
D373.contig684	3936	0	0
D373.contig685	3931	367	22
D373.contig686	3930	54	42
D373.contig687	3921	0	0
D373.contig688	3921	0	0
D373.contig689	3920	0	0
D373.contig690	3916	0	0
D373.contig691	3914	0	0
D373.contig692	3902	0	0
D373.contig693	3899	0	0
D373.contig694	3892	0	0
D373.contig695	3882	0	0
D373.contig696	3879	877	56
D373.contig697	3876	671	103
D373.contig698	3873	0	0
D373.contig699	3873	0	0
D373.contig700	3868	319	31
D373.contig701	3867	27	26
D373.contig702	3860	0	0
D373.contig703	3860	0	0
D373.contig704	3857	0	0
D373.contig705	3857	3958	230
D373.contig706	3854	0	0
D373.contig707	3851	0	0
D373.contig708	3851	0	0
D373.contig709	3843	0	0
D373.contig710	3841	0	0
D373.contig711	3837	0	0
D373.contig712	3834	0	0
D373.contig713	3830	0	0
D373.contig714	3825	0	0
D373.contig715	3825	571	28
D373.contig716	3824	0	0
D373.contig717	3822	661	47
D373.contig718	3818	0	0
D373.contig719	3816	28	0
D373.contig720	3810	0	0
D373.contig721	3804	826	75
D373.contig722	3798	0	0
D373.contig723	3795	1411	114
D373.contig724	3792	0	0
D373.contig725	3789	0	0
D373.contig726	3782	0	0
D373.contig727	3781	377	20
D373.contig728	3780	0	0
D373.contig729	3780	0	0
D373.contig730	3778	7634	686
D373.contig731	3776	0	0
D373.contig732	3765	0	0
D373.contig733	3755	0	0
D373.contig734	3751	0	0
D373.contig735	3749	880	65
D373.contig736	3742	0	0
D373.contig737	3726	0	0
D373.contig738	3720	0	0
D373.contig739	3717	0	0
D373.contig740	3709	1046	100
D373.contig741	3705	4642	445
D373.contig742	3705	781	159
D373.contig743	3701	174	20
D373.contig744	3695	626	49
D373.contig745	3653	239	20
D373.contig746	3653	453	48
D373.contig747	3653	979	84
D373.contig748	3650	0	0
D373.contig749	3648	1041	96
D373.contig750	3647	0	0
D373.contig751	3645	0	0
D373.contig752	3640	1451	118
D373.contig753	3633	0	0
D373.contig754	3633	0	0
D373.contig755	3628	0	0
D373.contig756	3625	1083	18
D373.contig757	3623	3600	318
D373.contig758	3610	0	0
D373.contig759	3603	660	35
D373.contig760	3602	0	0
D373.contig761	3599	414	19
D373.contig762	3590	13969	841
D373.contig763	3580	0	0
D373.contig764	3575	1346	69
D373.contig765	3566	0	0
D373.contig766	3560	405	46
D373.contig767	3557	909	84
D373.contig768	3550	307	39
D373.contig769	3546	0	0
D373.contig770	3538	412	23
D373.contig771	3536	0	0
D373.contig772	3535	0	0
D373.contig773	3525	16942	1654
D373.contig774	3514	0	0
D373.contig775	3510	0	0
D373.contig776	3508	4	0
D373.contig777	3501	0	0
D373.contig778	3497	0	0
D373.contig779	3495	0	0
D373.contig780	3490	0	0
D373.contig781	3489	0	0
D373.contig782	3485	11	5
D373.contig783	3483	0	0
D373.contig784	3481	0	0
D373.contig785	3470	0	0
D373.contig786	3468	0	0
D373.contig787	3468	0	0
D373.contig788	3464	0	0
D373.contig789	3454	0	0
D373.contig790	3449	0	0
D373.contig791	3448	0	0
D373.contig792	3447	0	0
D373.contig793	3429	146	9
D373.contig794	3422	0	0
D373.contig795	3422	0	0
D373.contig796	3418	1	1
D373.contig797	3417	0	0
D373.contig798	3411	0	0
D373.contig799	3411	0	0
D373.contig800	3407	0	0
D373.contig801	3403	292	22
D373.contig802	3402	539	43
D373.contig803	3401	0	0
D373.contig804	3395	0	0
D373.contig805	3391	1124	24
D373.contig806	3386	106	4
D373.contig807	3384	534	57
D373.contig808	3381	298	18
D373.contig809	3374	1332	29
D373.contig810	3373	0	0
D373.contig811	3370	1111	80
D373.contig812	3370	0	0
D373.contig813	3368	0	0
D373.contig814	3368	0	0
D373.contig815	3364	0	0
D373.contig816	3362	2	0
D373.contig817	3359	0	0
D373.contig818	3359	0	0
D373.contig819	3357	0	0
D373.contig820	3353	0	0
D373.contig821	3351	334	14
D373.contig822	3350	0	0
D373.contig823	3339	0	0
D373.contig824	3337	165	23
D373.contig825	3336	0	0
D373.contig826	3333	0	0
D373.contig827	3330	0	0
D373.contig828	3301	308	11
D373.contig829	3295	0	0
D373.contig830	3288	0	0
D373.contig831	3286	0	0
D373.contig832	3284	3958	557
D373.contig833	3277	0	0
D373.contig834	3266	0	0
D373.contig835	3264	138	14
D373.contig836	3257	467	41
D373.contig837	3253	436	26
D373.contig838	3253	0	0
D373.contig839	3253	0	0
D373.contig840	3251	0	0
D373.contig841	3249	649	58
D373.contig842	3248	0	0
D373.contig843	3245	0	0
D373.contig844	3242	0	0
D373.contig845	3241	575	36
D373.contig846	3235	493	54
D373.contig847	3226	214	18
D373.contig848	3225	2971	265
D373.contig849	3223	0	0
D373.contig850	3220	0	0
D373.contig851	3219	0	0
D373.contig852	3218	163	19
D373.contig853	3214	5553	235
D373.contig854	3214	0	0
D373.contig855	3210	0	0
D373.contig856	3209	0	0
D373.contig857	3204	0	0
D373.contig858	3203	0	0
D373.contig859	3203	0	0
D373.contig860	3201	0	0
D373.contig861	3201	1547	105
D373.contig862	3199	0	0
D373.contig863	3198	0	0
D373.contig864	3193	0	0
D373.contig865	3192	0	0
D373.contig866	3188	0	0
D373.contig867	3184	0	0
D373.contig868	3179	0	0
D373.contig869	3179	455	16
D373.contig870	3177	0	0
D373.contig871	3171	538	13
D373.contig872	3170	204	15
D373.contig873	3170	0	0
D373.contig874	3167	0	0
D373.contig875	3167	0	0
D373.contig876	3166	0	0
D373.contig877	3157	0	0
D373.contig878	3157	0	0
D373.contig879	3155	0	0
D373.contig880	3153	0	0
D373.contig881	3152	360	18
D373.contig882	3151	0	0
D373.contig883	3151	0	0
D373.contig884	3149	114	20
D373.contig885	3140	0	0
D373.contig886	3140	0	0
D373.contig887	3123	346	37
D373.contig888	3121	0	0
D373.contig889	3117	0	0
D373.contig890	3117	563	51
D373.contig891	3111	0	0
D373.contig892	3108	0	0
D373.contig893	3107	0	0
D373.contig894	3104	0	0
D373.contig895	3104	0	0
D373.contig896	3094	571	50
D373.contig897	3091	350	18
D373.contig898	3086	238	24
D373.contig899	3080	0	0
D373.contig900	3076	0	0
D373.contig901	3074	529	77
D373.contig902	3070	0	0
D373.contig903	3068	422	37
D373.contig904	3066	0	0
D373.contig905	3065	1	0
D373.contig906	3058	0	0
D373.contig907	3040	1	1
D373.contig908	3039	0	0
D373.contig909	3034	0	0
D373.contig910	3034	0	0
D373.contig911	3033	0	0
D373.contig912	3031	0	0
D373.contig913	3029	0	0
D373.contig914	3028	398	16
D373.contig915	3017	0	0
D373.contig916	3008	0	0
*	0	0	8028684
