D3854.contig1	94157	3668123	122235
D3854.contig2	62213	503867	12864
D3854.contig3	51074	134679	3738
D3854.contig4	41397	277709	7882
D3854.contig5	40711	2042416	45994
D3854.contig6	40039	33654	767
D3854.contig7	38421	1774827	45162
D3854.contig8	31330	9763	202
D3854.contig9	29943	17393	467
D3854.contig10	26705	7917	180
D3854.contig11	25447	24485	482
D3854.contig12	23780	148074	3732
D3854.contig13	22281	66745	1164
D3854.contig14	21821	152466	2635
D3854.contig15	21765	29572	417
D3854.contig16	20276	3449	47
D3854.contig17	18251	115620	3751
D3854.contig18	18083	9917	289
D3854.contig19	17481	9449	295
D3854.contig20	16673	144244	4238
D3854.contig21	16207	29642	773
D3854.contig22	15992	7355	138
D3854.contig23	15896	3607	58
D3854.contig24	15391	3810	71
D3854.contig25	15049	46631	957
D3854.contig26	14976	5084	73
D3854.contig27	14302	18984	290
D3854.contig28	13848	4470	101
D3854.contig29	12789	4725	138
D3854.contig30	11897	4396	120
D3854.contig31	11841	2211	71
D3854.contig32	11713	1596	35
D3854.contig33	11699	2749	69
D3854.contig34	11585	2160	48
D3854.contig35	11466	3837	117
D3854.contig36	11108	3926	115
D3854.contig37	10125	4685	84
D3854.contig38	9940	2877	53
D3854.contig39	9815	1469	39
D3854.contig40	8995	1487	29
D3854.contig41	8305	1272	17
D3854.contig42	8283	2235	33
D3854.contig43	8164	1626	47
D3854.contig44	8132	1595	33
D3854.contig45	7827	1156	43
D3854.contig46	7824	1327	33
D3854.contig47	7662	1076	29
D3854.contig48	7518	11893	340
D3854.contig49	7501	1023	18
D3854.contig50	7347	659	20
D3854.contig51	7269	1094	33
D3854.contig52	7069	2098	66
D3854.contig53	7024	1482	51
D3854.contig54	6650	10878	271
D3854.contig55	6440	728	17
D3854.contig56	6416	62690	1807
D3854.contig57	6392	820	21
D3854.contig58	6233	37830	856
D3854.contig59	6104	1803	37
D3854.contig60	6039	25195	573
D3854.contig61	5788	517	8
D3854.contig62	5773	4666	53
D3854.contig63	5761	701	20
D3854.contig64	5758	1173	47
D3854.contig65	5713	1735	34
D3854.contig66	5710	4272	102
D3854.contig67	5492	967	38
D3854.contig68	5395	771	34
D3854.contig69	5111	489	26
D3854.contig70	4892	671	27
D3854.contig71	4855	537	17
D3854.contig72	4828	7158	175
D3854.contig73	4744	696	14
D3854.contig74	4735	899	28
D3854.contig75	4692	45688	1351
D3854.contig76	4680	429	10
D3854.contig77	4665	654	15
D3854.contig78	4630	462	15
D3854.contig79	4572	421	12
D3854.contig80	4566	597	15
D3854.contig81	4375	631	11
D3854.contig82	4303	17415	495
D3854.contig83	4138	612	26
D3854.contig84	4106	561	21
D3854.contig85	4054	383	6
D3854.contig86	4039	454	8
D3854.contig87	4038	394	23
D3854.contig88	3904	389	13
D3854.contig89	3854	629	18
D3854.contig90	3803	803	20
D3854.contig91	3721	851	24
D3854.contig92	3509	253	2
D3854.contig93	3416	11226	279
D3854.contig94	3409	680	16
D3854.contig95	3375	617	9
D3854.contig96	3353	417	14
D3854.contig97	3323	1597	48
D3854.contig98	3292	1890	50
D3854.contig99	3248	7675	536
D3854.contig100	3145	302	17
D3854.contig101	3142	8315	200
D3854.contig102	3085	1765	89
D3854.contig103	3043	1784	55
D3854.contig104	3008	237	10
D3854.contig105	2968	194	9
D3854.contig106	2941	480	23
D3854.contig107	2903	364	18
D3854.contig108	2900	26794	578
D3854.contig109	2824	262	12
D3854.contig110	2805	3306	85
D3854.contig111	2805	3612	30
D3854.contig112	2804	225	9
D3854.contig113	2764	343	22
D3854.contig114	2744	426	27
D3854.contig115	2709	252	11
D3854.contig116	2684	444	23
D3854.contig117	2666	131	12
D3854.contig118	2620	315	13
D3854.contig119	2605	17286	554
D3854.contig120	2569	2016	37
D3854.contig121	2558	212	8
D3854.contig122	2551	179	8
D3854.contig123	2525	154	5
D3854.contig124	2490	294	12
D3854.contig125	2489	246	9
D3854.contig126	2485	4479	71
D3854.contig127	2467	7062	431
D3854.contig128	2439	309	9
D3854.contig129	2424	1882	60
D3854.contig130	2417	196	15
D3854.contig131	2408	164	17
D3854.contig132	2343	464	10
D3854.contig133	2339	243	21
D3854.contig134	2338	4688	83
D3854.contig135	2330	137	16
D3854.contig136	2313	6543	261
D3854.contig137	2302	8316	203
D3854.contig138	2273	173	5
D3854.contig139	2256	11899	247
D3854.contig140	2246	41022	1497
D3854.contig141	2240	181	5
D3854.contig142	2231	155	10
D3854.contig143	2226	218	15
D3854.contig144	2226	1698	83
D3854.contig145	2178	7218	146
D3854.contig146	2141	225	10
D3854.contig147	2120	267	19
D3854.contig148	2110	653	30
D3854.contig149	2109	144	9
D3854.contig150	2109	290	5
D3854.contig151	2106	593	25
D3854.contig152	2087	3238	80
D3854.contig153	2086	3582	152
D3854.contig154	2083	4140	114
D3854.contig155	2016	7153	113
D3854.contig156	2012	150	3
D3854.contig157	1982	196	14
D3854.contig158	1981	193	18
D3854.contig159	1978	151	10
D3854.contig160	1972	3574	79
D3854.contig161	1949	174	18
D3854.contig162	1948	3496	74
D3854.contig163	1945	161	6
D3854.contig164	1944	119	12
D3854.contig165	1939	144	3
D3854.contig166	1934	908	24
D3854.contig167	1912	6705	343
D3854.contig168	1908	189	8
D3854.contig169	1908	155	7
D3854.contig170	1900	283	8
D3854.contig171	1879	139	7
D3854.contig172	1817	149	9
D3854.contig173	1815	120	14
D3854.contig174	1769	9404	180
D3854.contig175	1763	1880	54
D3854.contig176	1742	98	6
D3854.contig177	1739	222	10
D3854.contig178	1727	93	8
D3854.contig179	1723	166	8
D3854.contig180	1721	500	13
D3854.contig181	1713	22574	627
D3854.contig182	1700	221	10
D3854.contig183	1690	7352	74
D3854.contig184	1676	122670	5256
D3854.contig185	1671	93	10
D3854.contig186	1668	10005	309
D3854.contig187	1665	126	5
D3854.contig188	1640	119	13
D3854.contig189	1632	2203	48
D3854.contig190	1631	2971	109
D3854.contig191	1628	117	12
D3854.contig192	1625	123	12
D3854.contig193	1620	1760	61
D3854.contig194	1612	188	9
D3854.contig195	1609	5134	256
D3854.contig196	1606	127	6
D3854.contig197	1577	700	51
D3854.contig198	1567	115	5
D3854.contig199	1557	173	7
D3854.contig200	1544	7529	184
D3854.contig201	1544	314	12
D3854.contig202	1544	3513	120
D3854.contig203	1541	107	7
D3854.contig204	1533	1727	112
D3854.contig205	1523	103	9
D3854.contig206	1521	161	5
D3854.contig207	1520	78	7
D3854.contig208	1509	172	8
D3854.contig209	1502	1095	90
D3854.contig210	1498	149	1
D3854.contig211	1496	166	12
D3854.contig212	1496	1184	75
D3854.contig213	1482	147	14
D3854.contig214	1481	4132	113
D3854.contig215	1479	76	7
D3854.contig216	1469	190	7
D3854.contig217	1466	7024	182
D3854.contig218	1462	149	4
D3854.contig219	1451	98	7
D3854.contig220	1443	2224	61
D3854.contig221	1442	96	5
D3854.contig222	1438	125	3
D3854.contig223	1437	101	8
D3854.contig224	1431	196	25
D3854.contig225	1419	91	9
D3854.contig226	1415	77	14
D3854.contig227	1415	106	4
D3854.contig228	1411	210	19
D3854.contig229	1395	90	7
D3854.contig230	1389	149	12
D3854.contig231	1382	4178	155
D3854.contig232	1366	109	6
D3854.contig233	1363	121	5
D3854.contig234	1362	68	3
D3854.contig235	1362	481	34
D3854.contig236	1342	77	14
D3854.contig237	1341	122	16
D3854.contig238	1337	687	58
D3854.contig239	1335	1898	48
D3854.contig240	1335	99	6
D3854.contig241	1330	130	9
D3854.contig242	1327	864	40
D3854.contig243	1326	114	8
D3854.contig244	1320	6402	110
D3854.contig245	1316	131	9
D3854.contig246	1308	137	12
D3854.contig247	1301	1732	49
D3854.contig248	1299	121	10
D3854.contig249	1297	659	28
D3854.contig250	1295	5033	132
D3854.contig251	1291	108	21
D3854.contig252	1291	6250	193
D3854.contig253	1280	13443	293
D3854.contig254	1278	83	8
D3854.contig255	1274	98	15
D3854.contig256	1273	131	4
D3854.contig257	1270	1268	24
D3854.contig258	1260	111	22
D3854.contig259	1251	1701	66
D3854.contig260	1248	336	26
D3854.contig261	1247	96	11
D3854.contig262	1245	30612	1800
D3854.contig263	1239	6956	237
D3854.contig264	1234	84	11
D3854.contig265	1229	1326	35
D3854.contig266	1225	211	8
D3854.contig267	1222	1812	85
D3854.contig268	1221	3048	113
D3854.contig269	1218	54	11
D3854.contig270	1217	1203	29
D3854.contig271	1198	61	7
D3854.contig272	1196	2683	56
D3854.contig273	1195	108	7
D3854.contig274	1192	113	5
D3854.contig275	1191	97	8
D3854.contig276	1186	87	6
D3854.contig277	1182	269	14
D3854.contig278	1178	109	15
D3854.contig279	1163	508	19
D3854.contig280	1162	88	9
D3854.contig281	1153	4127	405
D3854.contig282	1152	68	5
D3854.contig283	1151	104	10
D3854.contig284	1122	51	15
D3854.contig285	1121	1777	73
D3854.contig286	1121	2561	67
D3854.contig287	1116	168	17
D3854.contig288	1114	62	13
D3854.contig289	1113	1982	37
D3854.contig290	1108	97	7
D3854.contig291	1102	52	12
D3854.contig292	1095	85	9
D3854.contig293	1091	69	7
D3854.contig294	1078	62	4
D3854.contig295	1067	3069	151
D3854.contig296	1067	5026	172
D3854.contig297	1064	58	6
D3854.contig298	1063	74	12
D3854.contig299	1061	91	7
D3854.contig300	1060	895	33
D3854.contig301	1058	42	8
D3854.contig302	1056	64	14
D3854.contig303	1055	1611	37
D3854.contig304	1052	212	18
D3854.contig305	1052	37	9
D3854.contig306	1051	4612	105
D3854.contig307	1043	87	13
D3854.contig308	1039	53	13
D3854.contig309	1035	69	8
D3854.contig310	1034	47	5
D3854.contig311	1031	67	4
D3854.contig312	1023	62	9
D3854.contig313	1020	79	4
D3854.contig314	1019	79	14
D3854.contig315	1015	653	41
D3854.contig316	1012	86	5
D3854.contig317	1010	58	11
D3854.contig318	1010	59	12
D3854.contig319	1009	75	8
D3854.contig320	1007	82	7
D3854.contig321	1005	70	22
D3854.contig322	1002	804	12
D3854.contig323	995	58	6
D3854.contig324	990	46	14
D3854.contig325	985	38	9
D3854.contig326	979	2330	48
D3854.contig327	978	98	3
D3854.contig328	977	50	5
D3854.contig329	975	58	6
D3854.contig330	974	72	10
D3854.contig331	973	36	6
D3854.contig332	973	33	1
D3854.contig333	971	106	9
D3854.contig334	971	56	12
D3854.contig335	968	64	11
D3854.contig336	967	51	12
D3854.contig337	965	40	9
D3854.contig338	964	1764	62
D3854.contig339	960	66	7
D3854.contig340	960	107	17
D3854.contig341	958	65	7
D3854.contig342	956	51	8
D3854.contig343	954	41	7
D3854.contig344	950	30	8
D3854.contig345	950	68	16
D3854.contig346	950	589	33
D3854.contig347	950	3129	289
D3854.contig348	947	67	5
D3854.contig349	936	76	4
D3854.contig350	931	57	2
D3854.contig351	929	45	4
D3854.contig352	927	473	20
D3854.contig353	927	81	7
D3854.contig354	925	46	7
D3854.contig355	922	62	6
D3854.contig356	921	37	6
D3854.contig357	920	70	11
D3854.contig358	917	1355	31
D3854.contig359	915	69	2
D3854.contig360	914	1067	25
D3854.contig361	911	39	6
D3854.contig362	907	62	4
D3854.contig363	899	68	9
D3854.contig364	896	31	4
D3854.contig365	896	38	7
D3854.contig366	896	219	14
D3854.contig367	894	114	12
D3854.contig368	892	81	8
D3854.contig369	886	50	6
D3854.contig370	883	57	17
D3854.contig371	882	76	4
D3854.contig372	882	60	10
D3854.contig373	878	2771	129
D3854.contig374	871	44	6
D3854.contig375	869	92	1
D3854.contig376	868	80	7
D3854.contig377	867	355	26
D3854.contig378	863	517	49
D3854.contig379	863	44	9
D3854.contig380	862	43	3
D3854.contig381	860	74	17
D3854.contig382	857	74	2
D3854.contig383	851	59	7
D3854.contig384	848	2503	75
D3854.contig385	844	531	10
D3854.contig386	840	616	18
D3854.contig387	840	52	4
D3854.contig388	838	243	16
D3854.contig389	837	58	4
D3854.contig390	836	524	17
D3854.contig391	835	5807	600
D3854.contig392	833	64	8
D3854.contig393	832	26	5
D3854.contig394	832	71	5
D3854.contig395	832	53	6
D3854.contig396	825	74	2
D3854.contig397	823	65	6
D3854.contig398	823	58	8
D3854.contig399	822	448	54
D3854.contig400	822	2632	70
D3854.contig401	819	39	7
D3854.contig402	813	5933	410
D3854.contig403	811	63	4
D3854.contig404	809	326	12
D3854.contig405	808	48	9
D3854.contig406	800	36	9
D3854.contig407	799	44	5
D3854.contig408	795	72	17
D3854.contig409	794	84	9
D3854.contig410	792	507	45
D3854.contig411	791	90	8
D3854.contig412	790	24	10
D3854.contig413	786	29	5
D3854.contig414	786	49	2
D3854.contig415	784	27	10
D3854.contig416	784	2339	113
D3854.contig417	783	85	11
D3854.contig418	783	355	33
D3854.contig419	783	36	4
D3854.contig420	782	46	8
D3854.contig421	777	28	11
D3854.contig422	777	48	9
D3854.contig423	775	4670	115
D3854.contig424	774	71	8
D3854.contig425	774	1016	57
D3854.contig426	773	203	10
D3854.contig427	772	31	6
D3854.contig428	772	53	4
D3854.contig429	771	28	12
D3854.contig430	771	38	3
D3854.contig431	769	42	7
D3854.contig432	768	29	9
D3854.contig433	767	34	5
D3854.contig434	761	36	8
D3854.contig435	760	40	11
D3854.contig436	758	3424	152
D3854.contig437	756	46	7
D3854.contig438	755	45	13
D3854.contig439	754	1006	32
D3854.contig440	751	550	17
D3854.contig441	749	28	12
D3854.contig442	748	35	3
D3854.contig443	745	136	5
D3854.contig444	744	75	7
D3854.contig445	742	16	9
D3854.contig446	740	36	9
D3854.contig447	739	492	17
D3854.contig448	739	32	19
D3854.contig449	737	107	6
D3854.contig450	734	66	0
D3854.contig451	734	118	11
D3854.contig452	734	36	10
D3854.contig453	734	1567	88
D3854.contig454	733	919	36
D3854.contig455	729	64	4
D3854.contig456	728	647	74
D3854.contig457	723	36	0
D3854.contig458	723	33	14
D3854.contig459	723	32	8
D3854.contig460	720	39	12
D3854.contig461	713	49	13
D3854.contig462	713	785	13
D3854.contig463	713	43	11
D3854.contig464	712	1070	48
D3854.contig465	711	61	3
D3854.contig466	707	1491	31
D3854.contig467	705	34	5
D3854.contig468	704	28	4
D3854.contig469	702	39	3
D3854.contig470	700	18	10
D3854.contig471	696	36	3
D3854.contig472	696	25	6
D3854.contig473	696	139	16
D3854.contig474	696	1135	44
D3854.contig475	691	198	32
D3854.contig476	689	45	9
D3854.contig477	688	428	14
D3854.contig478	688	23	7
D3854.contig479	687	42	6
D3854.contig480	684	582	16
D3854.contig481	684	48	11
D3854.contig482	683	1429	34
D3854.contig483	682	27	5
D3854.contig484	682	44	10
D3854.contig485	681	49	9
D3854.contig486	681	37	8
D3854.contig487	681	57	7
D3854.contig488	681	57	2
D3854.contig489	681	56	12
D3854.contig490	678	16	10
D3854.contig491	678	38	15
D3854.contig492	677	22	8
D3854.contig493	676	35	6
D3854.contig494	676	25	12
D3854.contig495	675	1397	34
D3854.contig496	675	1854	59
D3854.contig497	674	28	8
D3854.contig498	672	40	6
D3854.contig499	672	23	9
D3854.contig500	671	21	5
D3854.contig501	671	21	4
D3854.contig502	667	25	8
D3854.contig503	666	39	4
D3854.contig504	664	33	4
D3854.contig505	662	29	4
D3854.contig506	661	64	4
D3854.contig507	661	148	5
D3854.contig508	659	898	29
D3854.contig509	659	28	5
D3854.contig510	659	27	7
D3854.contig511	659	34	7
D3854.contig512	657	37	5
D3854.contig513	657	47	7
D3854.contig514	657	19	9
D3854.contig515	657	52	6
D3854.contig516	653	41	3
D3854.contig517	648	51	3
D3854.contig518	645	36	6
D3854.contig519	643	44	15
D3854.contig520	642	4754	554
D3854.contig521	635	39	2
D3854.contig522	633	48	6
D3854.contig523	633	27	13
D3854.contig524	632	532	11
D3854.contig525	632	301	16
D3854.contig526	630	35	11
D3854.contig527	629	3140	63
D3854.contig528	629	12	6
D3854.contig529	627	31	9
D3854.contig530	626	418	11
D3854.contig531	626	34	8
D3854.contig532	626	26	9
D3854.contig533	625	29	2
D3854.contig534	624	32	9
D3854.contig535	624	30	4
D3854.contig536	624	28	9
D3854.contig537	623	40	8
D3854.contig538	620	1297	44
D3854.contig539	620	78	3
D3854.contig540	620	35	6
D3854.contig541	618	27	10
D3854.contig542	617	36	10
D3854.contig543	616	20	4
D3854.contig544	616	37	6
D3854.contig545	616	49	3
D3854.contig546	616	65	5
D3854.contig547	615	2108	331
D3854.contig548	615	29	15
D3854.contig549	614	124	7
D3854.contig550	614	503	22
D3854.contig551	613	37	10
D3854.contig552	612	29	2
D3854.contig553	612	28	9
D3854.contig554	610	23	9
D3854.contig555	609	3609	192
D3854.contig556	609	166	18
D3854.contig557	608	36	9
D3854.contig558	608	29	3
D3854.contig559	607	30	12
D3854.contig560	606	205	1
D3854.contig561	606	40	7
D3854.contig562	606	18	10
D3854.contig563	606	20	4
D3854.contig564	605	175	6
D3854.contig565	604	31	11
D3854.contig566	604	98	7
D3854.contig567	601	347	9
D3854.contig568	599	23	5
D3854.contig569	599	180	13
D3854.contig570	598	20	13
D3854.contig571	597	27	5
D3854.contig572	596	196	15
D3854.contig573	595	35	15
D3854.contig574	595	20	6
D3854.contig575	594	22	5
D3854.contig576	590	109	8
D3854.contig577	590	12	6
D3854.contig578	589	1907	50
D3854.contig579	588	24	5
D3854.contig580	587	16	7
D3854.contig581	585	33	10
D3854.contig582	582	22	7
D3854.contig583	581	38	4
D3854.contig584	578	425	14
D3854.contig585	577	27	9
D3854.contig586	577	16	8
D3854.contig587	576	29	3
D3854.contig588	576	34	8
D3854.contig589	576	26	3
D3854.contig590	576	296	15
D3854.contig591	575	33	9
D3854.contig592	574	1028	71
D3854.contig593	572	343	15
D3854.contig594	571	163	19
D3854.contig595	571	17	5
D3854.contig596	570	28	7
D3854.contig597	570	20	6
D3854.contig598	570	15	8
D3854.contig599	569	29	7
D3854.contig600	569	36	8
D3854.contig601	568	29	7
D3854.contig602	567	665	27
D3854.contig603	567	26	7
D3854.contig604	566	33	4
D3854.contig605	566	32	7
D3854.contig606	564	31	10
D3854.contig607	564	202	9
D3854.contig608	564	39	9
D3854.contig609	563	181	26
D3854.contig610	562	18	4
D3854.contig611	560	27	11
D3854.contig612	559	305	17
D3854.contig613	557	150	9
D3854.contig614	557	21	9
D3854.contig615	554	17	4
D3854.contig616	553	29	2
D3854.contig617	553	25	11
D3854.contig618	552	20	7
D3854.contig619	551	29	7
D3854.contig620	550	33	5
D3854.contig621	550	43	3
D3854.contig622	549	29	2
D3854.contig623	549	27	1
D3854.contig624	549	32	4
D3854.contig625	548	311	7
D3854.contig626	547	14	11
D3854.contig627	547	12	3
D3854.contig628	547	35	10
D3854.contig629	547	21	3
D3854.contig630	546	29	6
D3854.contig631	546	12	10
D3854.contig632	546	27	4
D3854.contig633	545	41	11
D3854.contig634	545	32	3
D3854.contig635	544	13	2
D3854.contig636	544	16	4
D3854.contig637	544	24	1
D3854.contig638	543	41	4
D3854.contig639	543	36	5
D3854.contig640	543	53	6
D3854.contig641	542	11	9
D3854.contig642	542	27	5
D3854.contig643	540	24	0
D3854.contig644	539	378	26
D3854.contig645	539	25	7
D3854.contig646	538	25	6
D3854.contig647	538	43	22
D3854.contig648	538	35	6
D3854.contig649	538	27	9
D3854.contig650	538	27	6
D3854.contig651	537	25	7
D3854.contig652	536	15	2
D3854.contig653	536	34	9
D3854.contig654	535	21	7
D3854.contig655	535	23	5
D3854.contig656	532	20	8
D3854.contig657	531	26	7
D3854.contig658	530	24	8
D3854.contig659	529	17	10
D3854.contig660	529	26	5
D3854.contig661	529	14	4
D3854.contig662	528	20	3
D3854.contig663	526	25	4
D3854.contig664	523	67	5
D3854.contig665	523	33	4
D3854.contig666	522	19	7
D3854.contig667	522	141	10
D3854.contig668	521	578	20
D3854.contig669	520	23	8
D3854.contig670	519	32	9
D3854.contig671	518	21	5
D3854.contig672	517	147	14
D3854.contig673	517	150	30
D3854.contig674	516	22	10
D3854.contig675	515	52	3
D3854.contig676	515	19	4
D3854.contig677	513	17	6
D3854.contig678	513	404	11
D3854.contig679	513	12	4
D3854.contig680	512	29	7
D3854.contig681	511	25	9
D3854.contig682	510	17	2
D3854.contig683	509	11	5
D3854.contig684	509	373	23
D3854.contig685	509	18	6
D3854.contig686	508	15	1
D3854.contig687	508	474	19
D3854.contig688	506	82	2
D3854.contig689	505	889	22
D3854.contig690	505	23	7
D3854.contig691	505	27	6
D3854.contig692	502	47	3
D3854.contig693	501	34	5
D3854.contig694	500	21	10
D3854.contig695	499	19	8
D3854.contig696	499	64	5
D3854.contig697	499	33	6
D3854.contig698	498	24	7
D3854.contig699	498	15	4
D3854.contig700	497	31	3
D3854.contig701	496	19	4
D3854.contig702	496	24	8
D3854.contig703	495	1266	108
D3854.contig704	495	12	6
D3854.contig705	494	192	6
D3854.contig706	493	15	11
D3854.contig707	492	18	6
D3854.contig708	492	36	6
D3854.contig709	492	314	9
D3854.contig710	492	29	11
D3854.contig711	492	616	42
D3854.contig712	491	28	5
D3854.contig713	491	16	7
D3854.contig714	490	15	10
D3854.contig715	489	37	7
D3854.contig716	489	646	108
D3854.contig717	489	1148	41
D3854.contig718	489	1445	77
D3854.contig719	488	16	4
D3854.contig720	488	14	6
D3854.contig721	487	22	11
D3854.contig722	487	143	4
D3854.contig723	486	21	4
D3854.contig724	486	11	7
D3854.contig725	486	18	6
D3854.contig726	486	18	8
D3854.contig727	485	18	4
D3854.contig728	484	14	7
D3854.contig729	483	17	7
D3854.contig730	482	16	2
D3854.contig731	481	25	6
D3854.contig732	481	25	6
D3854.contig733	481	14	2
D3854.contig734	481	85	13
D3854.contig735	480	78	10
D3854.contig736	480	335	14
D3854.contig737	480	143	12
D3854.contig738	479	12	8
D3854.contig739	478	23	7
D3854.contig740	478	1410	41
D3854.contig741	478	29	9
D3854.contig742	476	23	6
D3854.contig743	476	13	5
D3854.contig744	476	100	3
D3854.contig745	476	16	2
D3854.contig746	476	35	5
D3854.contig747	475	18	4
D3854.contig748	474	44	15
D3854.contig749	473	122	23
D3854.contig750	471	10	4
D3854.contig751	470	13	7
D3854.contig752	469	115	4
D3854.contig753	468	16	2
D3854.contig754	468	34	2
D3854.contig755	466	22	8
D3854.contig756	466	22	7
D3854.contig757	466	24	8
D3854.contig758	466	18	9
D3854.contig759	463	333	24
D3854.contig760	463	14	9
D3854.contig761	463	11	9
D3854.contig762	461	20	8
D3854.contig763	461	25	5
D3854.contig764	461	493	9
D3854.contig765	460	120	17
D3854.contig766	460	9	4
D3854.contig767	460	13	3
D3854.contig768	459	20	11
D3854.contig769	459	13	3
D3854.contig770	458	120	18
D3854.contig771	458	25	6
D3854.contig772	458	24	7
D3854.contig773	457	14	2
D3854.contig774	456	14	7
D3854.contig775	456	71	6
D3854.contig776	454	349	86
D3854.contig777	452	16	2
D3854.contig778	451	21	7
D3854.contig779	450	18	3
D3854.contig780	450	20	9
D3854.contig781	449	17	12
D3854.contig782	449	28	2
D3854.contig783	447	15	4
D3854.contig784	446	8	6
D3854.contig785	446	28	8
D3854.contig786	446	307	6
D3854.contig787	446	136	31
D3854.contig788	444	25	4
D3854.contig789	443	17	4
D3854.contig790	443	20	3
D3854.contig791	443	46	8
D3854.contig792	442	21	4
D3854.contig793	442	14	6
D3854.contig794	441	10	10
D3854.contig795	441	16	4
D3854.contig796	441	37	3
D3854.contig797	441	8	6
D3854.contig798	440	16	8
D3854.contig799	440	12	8
D3854.contig800	440	42	4
D3854.contig801	439	23	2
D3854.contig802	439	144	7
D3854.contig803	439	42	1
D3854.contig804	439	14	7
D3854.contig805	438	20	12
D3854.contig806	438	13	5
D3854.contig807	437	39	10
D3854.contig808	437	9	6
D3854.contig809	437	69	0
D3854.contig810	437	12	8
D3854.contig811	436	36	14
D3854.contig812	436	39	0
D3854.contig813	436	15	5
D3854.contig814	435	17	4
D3854.contig815	435	8	2
D3854.contig816	435	19	6
D3854.contig817	434	20	8
D3854.contig818	434	243	10
D3854.contig819	434	14	8
D3854.contig820	433	11	7
D3854.contig821	432	25	4
D3854.contig822	432	11	1
D3854.contig823	431	20	7
D3854.contig824	429	14	8
D3854.contig825	428	99	6
D3854.contig826	428	20	7
D3854.contig827	428	6	6
D3854.contig828	428	203	20
D3854.contig829	427	11	3
D3854.contig830	427	19	7
D3854.contig831	425	24	6
D3854.contig832	423	20	7
D3854.contig833	422	13	6
D3854.contig834	422	20	6
D3854.contig835	421	160	3
D3854.contig836	421	19	5
D3854.contig837	421	62	14
D3854.contig838	419	12	8
D3854.contig839	418	11	5
D3854.contig840	418	26	4
D3854.contig841	417	298	36
D3854.contig842	417	10	8
D3854.contig843	417	11	5
D3854.contig844	416	527	34
D3854.contig845	416	21	2
D3854.contig846	415	17	5
D3854.contig847	415	9	5
D3854.contig848	414	17	6
D3854.contig849	414	22	6
D3854.contig850	414	17	3
D3854.contig851	413	13	7
D3854.contig852	413	15	4
D3854.contig853	413	10	2
D3854.contig854	413	14	5
D3854.contig855	412	28	11
D3854.contig856	412	50	2
D3854.contig857	412	22	5
D3854.contig858	412	19	12
D3854.contig859	411	15	9
D3854.contig860	411	17	13
D3854.contig861	411	39	15
D3854.contig862	410	11	5
D3854.contig863	410	12	2
D3854.contig864	410	17	9
D3854.contig865	409	20	1
D3854.contig866	409	10	6
D3854.contig867	409	22	7
D3854.contig868	408	14	7
D3854.contig869	408	12	4
D3854.contig870	408	108	7
D3854.contig871	407	31	11
D3854.contig872	407	8	4
D3854.contig873	407	19	2
D3854.contig874	407	16	4
D3854.contig875	406	12	4
D3854.contig876	406	17	4
D3854.contig877	405	11	6
D3854.contig878	404	23	2
D3854.contig879	404	76	1
D3854.contig880	403	15	3
D3854.contig881	402	17	4
D3854.contig882	402	12	7
D3854.contig883	402	14	6
D3854.contig884	402	30	3
D3854.contig885	401	12	6
D3854.contig886	401	11	3
D3854.contig887	401	64	8
D3854.contig888	401	27	1
D3854.contig889	400	10	8
D3854.contig890	400	12	8
D3854.contig891	400	8	4
D3854.contig892	400	19	8
D3854.contig893	399	18	2
D3854.contig894	399	20	2
D3854.contig895	399	10	6
D3854.contig896	398	70	20
D3854.contig897	397	6	4
D3854.contig898	397	33	5
D3854.contig899	397	8	7
D3854.contig900	397	16	3
D3854.contig901	396	63	4
D3854.contig902	396	258	9
D3854.contig903	396	14	8
D3854.contig904	396	17	3
D3854.contig905	396	192	18
D3854.contig906	396	8	6
D3854.contig907	396	9	5
D3854.contig908	395	12	8
D3854.contig909	395	7	3
D3854.contig910	395	16	8
D3854.contig911	395	81	12
D3854.contig912	395	147	12
D3854.contig913	394	15	6
D3854.contig914	394	12	9
D3854.contig915	394	12	4
D3854.contig916	393	11	4
D3854.contig917	393	16	6
D3854.contig918	393	12	7
D3854.contig919	392	17	4
D3854.contig920	392	330	13
D3854.contig921	391	24	2
D3854.contig922	390	31	3
D3854.contig923	390	15	4
D3854.contig924	389	10	8
D3854.contig925	389	15	4
D3854.contig926	389	11	2
D3854.contig927	388	6	2
D3854.contig928	388	9	3
D3854.contig929	388	5	1
D3854.contig930	387	16	14
D3854.contig931	387	40	6
D3854.contig932	385	14	6
D3854.contig933	384	15	9
D3854.contig934	384	12	9
D3854.contig935	384	10	4
D3854.contig936	383	19	5
D3854.contig937	382	16	3
D3854.contig938	382	150	28
D3854.contig939	382	14	3
D3854.contig940	382	12	2
D3854.contig941	381	15	5
D3854.contig942	381	10	4
D3854.contig943	381	29	6
D3854.contig944	381	6	6
D3854.contig945	381	6	4
D3854.contig946	381	14	7
D3854.contig947	379	13	8
D3854.contig948	379	11	5
D3854.contig949	379	13	4
D3854.contig950	377	14	4
D3854.contig951	377	27	4
D3854.contig952	377	11	7
D3854.contig953	376	13	4
D3854.contig954	376	11	5
D3854.contig955	375	17	3
D3854.contig956	375	18	4
D3854.contig957	373	13	1
D3854.contig958	372	13	7
D3854.contig959	372	27	5
D3854.contig960	372	8	6
D3854.contig961	372	21	4
D3854.contig962	372	798	53
D3854.contig963	372	10	6
D3854.contig964	371	8	4
D3854.contig965	371	68	4
D3854.contig966	370	8	6
D3854.contig967	370	27	2
D3854.contig968	369	23	2
D3854.contig969	369	21	2
D3854.contig970	369	12	4
D3854.contig971	369	26	5
D3854.contig972	367	10	3
D3854.contig973	367	19	13
D3854.contig974	367	31	8
D3854.contig975	367	135	4
D3854.contig976	365	98	2
D3854.contig977	365	14	2
D3854.contig978	364	10	5
D3854.contig979	363	213	14
D3854.contig980	363	12	7
D3854.contig981	363	65	7
D3854.contig982	362	12	5
D3854.contig983	362	19	3
D3854.contig984	362	22	4
D3854.contig985	361	7	4
D3854.contig986	361	16	4
D3854.contig987	361	288	18
D3854.contig988	361	115	0
D3854.contig989	360	22	6
D3854.contig990	360	13	6
D3854.contig991	360	10	8
D3854.contig992	359	13	4
D3854.contig993	358	10	6
D3854.contig994	358	13	7
D3854.contig995	357	18	6
D3854.contig996	357	18	3
D3854.contig997	355	11	5
D3854.contig998	355	10	4
D3854.contig999	355	13	7
D3854.contig1000	354	19	12
D3854.contig1001	354	8	6
D3854.contig1002	353	69	14
D3854.contig1003	352	24	3
D3854.contig1004	352	6	3
D3854.contig1005	352	11	7
D3854.contig1006	352	1614	63
D3854.contig1007	351	12	10
D3854.contig1008	351	8	6
D3854.contig1009	351	69	7
D3854.contig1010	351	63	23
D3854.contig1011	351	21	4
D3854.contig1012	350	52	1
D3854.contig1013	350	8	2
D3854.contig1014	350	5	3
D3854.contig1015	349	10	5
D3854.contig1016	349	17	1
D3854.contig1017	349	9	5
D3854.contig1018	349	12	8
D3854.contig1019	349	10	4
D3854.contig1020	348	7	1
D3854.contig1021	348	15	4
D3854.contig1022	348	14	9
D3854.contig1023	347	13	8
D3854.contig1024	347	16	5
D3854.contig1025	347	232	32
D3854.contig1026	346	17	5
D3854.contig1027	346	22	0
D3854.contig1028	346	12	7
D3854.contig1029	346	10	5
D3854.contig1030	345	10	6
D3854.contig1031	344	61	5
D3854.contig1032	344	9	5
D3854.contig1033	343	17	7
D3854.contig1034	342	20	5
D3854.contig1035	342	83	5
D3854.contig1036	342	8	2
D3854.contig1037	342	18	6
D3854.contig1038	341	9	4
D3854.contig1039	341	16	1
D3854.contig1040	340	10	5
D3854.contig1041	340	13	4
D3854.contig1042	340	11	6
D3854.contig1043	339	7	5
D3854.contig1044	339	4	0
D3854.contig1045	338	9	2
D3854.contig1046	338	8	6
D3854.contig1047	337	11	4
D3854.contig1048	337	11	9
D3854.contig1049	336	8	6
D3854.contig1050	336	659	133
D3854.contig1051	336	7	3
D3854.contig1052	336	12	4
D3854.contig1053	335	8	4
D3854.contig1054	335	10	8
D3854.contig1055	334	27	7
D3854.contig1056	334	9	3
D3854.contig1057	334	15	5
D3854.contig1058	334	20	8
D3854.contig1059	333	16	4
D3854.contig1060	333	21	1
D3854.contig1061	332	11	3
D3854.contig1062	332	13	10
D3854.contig1063	331	11	9
D3854.contig1064	330	15	5
D3854.contig1065	330	11	4
D3854.contig1066	330	12	2
D3854.contig1067	330	4769	141
D3854.contig1068	330	6	6
D3854.contig1069	329	14	6
D3854.contig1070	329	13	3
D3854.contig1071	329	17	9
D3854.contig1072	329	192	10
D3854.contig1073	329	5	5
D3854.contig1074	329	14	5
D3854.contig1075	328	5	4
D3854.contig1076	327	9	7
D3854.contig1077	327	7	7
D3854.contig1078	327	644	35
D3854.contig1079	327	44	15
D3854.contig1080	327	15	3
D3854.contig1081	326	9	0
D3854.contig1082	326	7	3
D3854.contig1083	325	15	5
D3854.contig1084	325	6	6
D3854.contig1085	325	13	11
D3854.contig1086	324	9	7
D3854.contig1087	324	13	4
D3854.contig1088	324	8	4
D3854.contig1089	324	33	0
D3854.contig1090	324	10	7
D3854.contig1091	324	80	6
D3854.contig1092	324	8	8
D3854.contig1093	324	12	3
D3854.contig1094	322	13	4
D3854.contig1095	320	13	4
D3854.contig1096	320	204	9
D3854.contig1097	320	8	2
D3854.contig1098	320	8	4
D3854.contig1099	320	18	3
D3854.contig1100	319	8	2
D3854.contig1101	319	6	6
D3854.contig1102	319	14	6
D3854.contig1103	319	9	5
D3854.contig1104	318	11	6
D3854.contig1105	318	10	6
D3854.contig1106	318	6	5
D3854.contig1107	318	16	2
D3854.contig1108	318	10	5
D3854.contig1109	318	236	7
D3854.contig1110	317	14	9
D3854.contig1111	317	18	7
D3854.contig1112	317	6	5
D3854.contig1113	317	14	8
D3854.contig1114	317	10	2
D3854.contig1115	316	7	5
D3854.contig1116	316	15	7
D3854.contig1117	316	11	5
D3854.contig1118	316	55	0
D3854.contig1119	315	11	5
D3854.contig1120	315	16	5
D3854.contig1121	315	6	6
D3854.contig1122	315	12	3
D3854.contig1123	314	9	5
D3854.contig1124	314	12	5
D3854.contig1125	314	10	8
D3854.contig1126	314	16	8
D3854.contig1127	314	40	2
D3854.contig1128	314	9	4
D3854.contig1129	314	13	4
D3854.contig1130	313	49	4
D3854.contig1131	313	10	7
D3854.contig1132	312	10	9
D3854.contig1133	312	16	6
D3854.contig1134	312	11	2
D3854.contig1135	312	8	2
D3854.contig1136	311	10	4
D3854.contig1137	311	5	3
D3854.contig1138	311	5	2
D3854.contig1139	311	9	4
D3854.contig1140	311	12	6
D3854.contig1141	310	3	3
D3854.contig1142	310	15	6
D3854.contig1143	310	7	5
D3854.contig1144	309	13	1
D3854.contig1145	308	64	1
D3854.contig1146	308	8	4
D3854.contig1147	307	15	6
D3854.contig1148	306	282	7
D3854.contig1149	306	5	4
D3854.contig1150	305	8	4
D3854.contig1151	305	12	5
D3854.contig1152	305	41	3
D3854.contig1153	305	11	5
D3854.contig1154	305	12	9
D3854.contig1155	304	10	4
D3854.contig1156	304	7	3
D3854.contig1157	304	9	2
D3854.contig1158	304	117	4
D3854.contig1159	303	3	3
D3854.contig1160	303	9	1
D3854.contig1161	303	15	9
D3854.contig1162	303	4	2
D3854.contig1163	302	21	4
D3854.contig1164	302	7	5
D3854.contig1165	302	11	8
D3854.contig1166	302	7	7
D3854.contig1167	301	9	4
D3854.contig1168	301	7	7
D3854.contig1169	301	9	7
D3854.contig1170	301	8	3
D3854.contig1171	301	12	5
D3854.contig1172	301	15	2
D3854.contig1173	300	10	7
D3854.contig1174	300	6	4
D3854.contig1175	300	4	4
*	0	0	89560
