DT1.contig1	17900	6907	106
DT1.contig2	15379	1142515	20641
DT1.contig3	14280	8210	84
DT1.contig4	13732	111876	1114
DT1.contig5	13056	7399	124
DT1.contig6	12788	9916	128
DT1.contig7	12733	2339914	37946
DT1.contig8	12231	35526	1070
DT1.contig9	11577	48537	574
DT1.contig10	11373	51764	1450
DT1.contig11	11295	541143	38009
DT1.contig12	10198	715227	83720
DT1.contig13	9953	11448	283
DT1.contig14	7975	13813	201
DT1.contig15	7369	1005	16
DT1.contig16	6784	997	21
DT1.contig17	6391	258489	2415
DT1.contig18	6316	5032	65
DT1.contig19	6123	1461146	77343
DT1.contig20	6074	1901	15
DT1.contig21	5872	1002	41
DT1.contig22	5665	43803	4753
DT1.contig23	5511	916	26
DT1.contig24	5319	7486	461
DT1.contig25	5244	154740	1281
DT1.contig26	5043	547	20
DT1.contig27	4140	1224	34
DT1.contig28	4115	716	20
DT1.contig29	4077	542	16
DT1.contig30	3765	1426	37
DT1.contig31	3470	468	25
DT1.contig32	3249	30880	487
DT1.contig33	3161	1168	80
DT1.contig34	2821	23451	5941
DT1.contig35	2795	403	27
DT1.contig36	2697	31279	610
DT1.contig37	2670	1610	27
DT1.contig38	2614	1679	52
DT1.contig39	2408	2676	110
DT1.contig40	2281	176	9
DT1.contig41	2249	903	45
DT1.contig42	2235	20877	259
DT1.contig43	2127	1278	10
DT1.contig44	2086	179	7
DT1.contig45	2078	23799	260
DT1.contig46	2034	207023	4714
DT1.contig47	2018	176	9
DT1.contig48	2007	9266	1271
DT1.contig49	1989	292	17
DT1.contig50	1972	227	16
DT1.contig51	1961	29193	4318
DT1.contig52	1952	178	19
DT1.contig53	1883	176	4
DT1.contig54	1824	247	32
DT1.contig55	1793	606	23
DT1.contig56	1775	6804359	2420934
DT1.contig57	1729	514	44
DT1.contig58	1690	139	7
DT1.contig59	1673	219	5
DT1.contig60	1654	113	10
DT1.contig61	1631	34296	4967
DT1.contig62	1575	334	5
DT1.contig63	1555	291	3
DT1.contig64	1476	1661	146
DT1.contig65	1459	78	7
DT1.contig66	1449	91	8
DT1.contig67	1439	107819	1997
DT1.contig68	1376	4042	300
DT1.contig69	1305	141	16
DT1.contig70	1291	79	7
DT1.contig71	1287	112	7
DT1.contig72	1272	1969	208
DT1.contig73	1251	82	11
DT1.contig74	1206	314	7
DT1.contig75	1162	272	11
DT1.contig76	1145	157	3
DT1.contig77	1123	70	11
DT1.contig78	1113	125	5
DT1.contig79	1111	2318	488
DT1.contig80	1096	228	10
DT1.contig81	1095	96	6
DT1.contig82	1087	82	5
DT1.contig83	1078	10556	2035
DT1.contig84	987	67	10
DT1.contig85	984	62	8
DT1.contig86	970	58	1
DT1.contig87	957	248	14
DT1.contig88	951	459	9
DT1.contig89	928	1033423	11917
DT1.contig90	904	34	6
DT1.contig91	873	48	5
DT1.contig92	866	25	5
DT1.contig93	859	50	11
DT1.contig94	856	1117	53
DT1.contig95	837	117	103
DT1.contig96	835	79	6
DT1.contig97	829	47	12
DT1.contig98	769	639	216
DT1.contig99	759	42	7
DT1.contig100	755	29	7
DT1.contig101	746	29881	1237
DT1.contig102	732	341	16
DT1.contig103	716	1231	260
DT1.contig104	704	39	4
DT1.contig105	700	3344777	1399308
DT1.contig106	691	3520	22
DT1.contig107	686	61	4
DT1.contig108	681	36	6
DT1.contig109	671	30114	1517
DT1.contig110	667	25	6
DT1.contig111	662	70	9
DT1.contig112	660	21	5
DT1.contig113	628	29	5
DT1.contig114	626	254	3
DT1.contig115	615	629	235
DT1.contig116	614	16	6
DT1.contig117	606	45	40
DT1.contig118	603	30	7
DT1.contig119	598	32	3
DT1.contig120	595	46	4
DT1.contig121	585	26	3
DT1.contig122	564	47	38
DT1.contig123	562	49	11
DT1.contig124	542	64	9
DT1.contig125	538	719	225
DT1.contig126	534	29	9
DT1.contig127	526	50	28
DT1.contig128	524	39	9
DT1.contig129	523	9	7
DT1.contig130	514	32	8
DT1.contig131	513	8	4
DT1.contig132	510	39	3
DT1.contig133	501	12	3
DT1.contig134	499	657	543
DT1.contig135	498	14	6
DT1.contig136	494	55	1
DT1.contig137	487	26	8
DT1.contig138	482	60	1
DT1.contig139	480	28	10
DT1.contig140	480	37	4
DT1.contig141	473	543	4
DT1.contig142	468	172	11
DT1.contig143	458	21	4
DT1.contig144	453	13	7
DT1.contig145	452	21	9
DT1.contig146	450	17	7
DT1.contig147	447	111	2
DT1.contig148	447	16	6
DT1.contig149	445	23	8
DT1.contig150	445	24	6
DT1.contig151	444	549	37
DT1.contig152	441	12	6
DT1.contig153	440	32	2
DT1.contig154	439	18	6
DT1.contig155	427	9	5
DT1.contig156	426	16	10
DT1.contig157	419	14	6
DT1.contig158	414	12	4
DT1.contig159	414	10	7
DT1.contig160	412	13	4
DT1.contig161	411	14	8
DT1.contig162	411	80	38
DT1.contig163	406	15	7
DT1.contig164	404	12	5
DT1.contig165	400	146	6
DT1.contig166	395	11	9
DT1.contig167	393	225	8
DT1.contig168	389	14	4
DT1.contig169	387	38	7
DT1.contig170	386	7	3
DT1.contig171	385	1342	250
DT1.contig172	384	18	7
DT1.contig173	371	12	8
DT1.contig174	368	13	0
DT1.contig175	367	181	1
DT1.contig176	367	6331	172
DT1.contig177	366	12	2
DT1.contig178	364	21	5
DT1.contig179	355	80	3
DT1.contig180	354	10	1
DT1.contig181	353	4	4
DT1.contig182	346	11	4
DT1.contig183	346	11	5
DT1.contig184	346	12	2
DT1.contig185	345	39	6
DT1.contig186	344	14	6
DT1.contig187	344	10	6
DT1.contig188	341	10	4
DT1.contig189	338	5265	54
DT1.contig190	335	472	30
DT1.contig191	334	15	4
DT1.contig192	332	18	3
DT1.contig193	331	19	4
DT1.contig194	330	24	0
DT1.contig195	330	13	5
DT1.contig196	326	203	126
DT1.contig197	325	7	3
DT1.contig198	318	13	3
DT1.contig199	317	6	4
DT1.contig200	316	10	8
DT1.contig201	316	18	7
DT1.contig202	316	14	6
DT1.contig203	315	16	4
DT1.contig204	310	11	4
DT1.contig205	310	11	3
DT1.contig206	309	784217	358617
DT1.contig207	309	7	5
DT1.contig208	309	7	3
DT1.contig209	307	17	7
DT1.contig210	307	9	6
DT1.contig211	307	20	4
DT1.contig212	307	10	1
DT1.contig213	307	1429	20
DT1.contig214	305	10	3
DT1.contig215	304	5	3
DT1.contig216	304	6	4
DT1.contig217	303	15	9
DT1.contig218	302	12	3
DT1.contig219	301	10	8
DT1.contig220	301	16	4
*	0	0	76260078
