wgs24.contig1	310526	12765	56
wgs24.contig2	286962	11345	32
wgs24.contig3	263741	10264	36
wgs24.contig4	216173	8787	45
wgs24.contig5	203117	7724	28
wgs24.contig6	195408	7780	22
wgs24.contig7	193091	7498	31
wgs24.contig8	186798	7205	23
wgs24.contig9	186620	7225	26
wgs24.contig10	151862	5740	27
wgs24.contig11	124856	4807	18
wgs24.contig12	118774	4672	15
wgs24.contig13	118271	4856	8
wgs24.contig14	113139	21106	90
wgs24.contig15	109531	5160	18
wgs24.contig16	108368	4032	10
wgs24.contig17	106086	4228	10
wgs24.contig18	102204	3896	9
wgs24.contig19	100267	4009	10
wgs24.contig20	99538	3960	24
wgs24.contig21	97058	3708	15
wgs24.contig22	93266	3787	15
wgs24.contig23	92545	3626	10
wgs24.contig24	92282	3712	15
wgs24.contig25	88124	3459	10
wgs24.contig26	79126	3299	12
wgs24.contig27	77697	3065	13
wgs24.contig28	72104	33190	150
wgs24.contig29	71911	2828	8
wgs24.contig30	70409	9057	38
wgs24.contig31	59604	2233	10
wgs24.contig32	57420	2162	5
wgs24.contig33	56884	2221	8
wgs24.contig34	56822	2265	3
wgs24.contig35	56079	2249	8
wgs24.contig36	54913	2237	5
wgs24.contig37	52244	7348	35
wgs24.contig38	50830	2161	13
wgs24.contig39	49320	1920	8
wgs24.contig40	48106	1895	4
wgs24.contig41	43862	1753	2
wgs24.contig42	43510	1655	10
wgs24.contig43	42175	5356	27
wgs24.contig44	41978	1596	5
wgs24.contig45	41260	1573	8
wgs24.contig46	41116	1588	15
wgs24.contig47	40003	1526	3
wgs24.contig48	39915	1487	11
wgs24.contig49	36116	4616	18
wgs24.contig50	35284	1399	3
wgs24.contig51	34676	1386	6
wgs24.contig52	34108	1297	4
wgs24.contig53	32794	1214	2
wgs24.contig54	31152	1337	18
wgs24.contig55	31040	1324	4
wgs24.contig56	28516	3938	26
wgs24.contig57	28351	1228	8
wgs24.contig58	26300	1148	6
wgs24.contig59	26158	12235	58
wgs24.contig60	24577	3596	13
wgs24.contig61	23132	808	1
wgs24.contig62	23116	915	5
wgs24.contig63	22127	2990	16
wgs24.contig64	21767	882	6
wgs24.contig65	21713	760	2
wgs24.contig66	18950	726	3
wgs24.contig67	18871	747	9
wgs24.contig68	18572	764	2
wgs24.contig69	17724	2373	16
wgs24.contig70	17396	710	5
wgs24.contig71	16141	2295	17
wgs24.contig72	15837	583	8
wgs24.contig73	15703	2175	14
wgs24.contig74	14393	548	1
wgs24.contig75	14115	564	5
wgs24.contig76	14107	514	3
wgs24.contig77	14103	536	8
wgs24.contig78	9519	1276	8
wgs24.contig79	9283	353	0
wgs24.contig80	8876	306	2
wgs24.contig81	7654	272	0
wgs24.contig82	7073	920	8
wgs24.contig83	5295	853	14
wgs24.contig84	5181	181	0
wgs24.contig85	4466	223	2
wgs24.contig86	4135	556	6
wgs24.contig87	3719	162	2
wgs24.contig88	3320	127	1
wgs24.contig89	3101	890	48
wgs24.contig90	2925	114	2
wgs24.contig91	2900	99	2
wgs24.contig92	2591	334	3
wgs24.contig93	2454	551	7
wgs24.contig94	2398	316	2
wgs24.contig95	2271	306	11
wgs24.contig96	1741	54	0
wgs24.contig97	1694	11149	295
wgs24.contig98	1478	344	12
wgs24.contig99	1391	511	35
wgs24.contig100	1361	328	15
wgs24.contig101	1352	699	25
wgs24.contig102	1296	796	37
wgs24.contig103	1244	326	28
wgs24.contig104	1197	218	9
wgs24.contig105	1196	3877	219
wgs24.contig106	1106	200	12
wgs24.contig107	917	210	16
wgs24.contig108	913	52	3
wgs24.contig109	889	255	15
wgs24.contig110	822	5126	389
wgs24.contig111	763	242	19
wgs24.contig112	760	77	4
wgs24.contig113	747	289	27
wgs24.contig114	727	67	4
wgs24.contig115	721	43	0
wgs24.contig116	720	2585	170
wgs24.contig117	717	61	2
wgs24.contig118	616	16	0
wgs24.contig119	609	2720	175
wgs24.contig120	569	60	2
wgs24.contig121	567	72	3
wgs24.contig122	551	1	1
wgs24.contig123	512	12	1
wgs24.contig124	501	51	1
wgs24.contig125	483	12	0
wgs24.contig126	473	2	1
wgs24.contig127	469	62	2
wgs24.contig128	450	2	2
wgs24.contig129	429	0	0
wgs24.contig130	429	54	10
wgs24.contig131	415	2	0
wgs24.contig132	414	2	0
wgs24.contig133	412	11	1
wgs24.contig134	404	2	0
wgs24.contig135	401	2	0
wgs24.contig136	401	2	1
wgs24.contig137	390	901	32
wgs24.contig138	389	2	0
wgs24.contig139	373	27	0
wgs24.contig140	368	34	0
wgs24.contig141	352	8	1
wgs24.contig142	347	787	39
wgs24.contig143	345	23	4
wgs24.contig144	332	4	0
wgs24.contig145	327	59	1
wgs24.contig146	318	14	1
wgs24.contig147	296	5	0
wgs24.contig148	293	10	0
wgs24.contig149	292	14	0
wgs24.contig150	291	10	0
wgs24.contig151	279	5	0
wgs24.contig152	279	15	0
wgs24.contig153	278	6	0
wgs24.contig154	274	19	0
wgs24.contig155	269	20	1
wgs24.contig156	268	2	1
wgs24.contig157	267	3	0
wgs24.contig158	265	1	0
wgs24.contig159	264	5	2
wgs24.contig160	262	13	0
wgs24.contig161	259	21	1
wgs24.contig162	258	2	0
wgs24.contig163	256	1	0
wgs24.contig164	256	5	0
wgs24.contig165	256	5	1
wgs24.contig166	255	13	0
wgs24.contig167	255	1	0
wgs24.contig168	255	16	4
wgs24.contig169	255	232	20
wgs24.contig170	255	0	0
wgs24.contig171	255	2	0
wgs24.contig172	255	4	1
wgs24.contig173	255	2	0
wgs24.contig174	255	8	0
wgs24.contig175	255	1	0
wgs24.contig176	255	7	0
wgs24.contig177	255	8	0
wgs24.contig178	255	2	0
wgs24.contig179	255	13	0
wgs24.contig180	255	2	0
wgs24.contig181	255	1	1
wgs24.contig182	255	10	0
wgs24.contig183	255	4	0
wgs24.contig184	255	7	0
wgs24.contig185	255	268	32
wgs24.contig186	255	1	0
wgs24.contig187	255	4	0
wgs24.contig188	253	0	0
wgs24.contig189	251	4	0
wgs24.contig190	250	3	0
wgs24.contig191	249	1	1
wgs24.contig192	249	308	19
wgs24.contig193	248	0	0
wgs24.contig194	247	0	0
wgs24.contig195	247	7	0
wgs24.contig196	247	30	0
wgs24.contig197	246	308	8
wgs24.contig198	245	0	0
wgs24.contig199	245	23	1
wgs24.contig200	243	0	0
wgs24.contig201	242	1	0
wgs24.contig202	242	3	0
wgs24.contig203	242	1	0
wgs24.contig204	241	10	1
wgs24.contig205	238	2	0
wgs24.contig206	231	0	0
wgs24.contig207	231	4	0
wgs24.contig208	229	4	0
wgs24.contig209	229	3	1
wgs24.contig210	228	10	0
wgs24.contig211	228	6	3
wgs24.contig212	228	1	0
wgs24.contig213	227	2	0
wgs24.contig214	219	7	0
wgs24.contig215	217	1	0
wgs24.contig216	216	8	1
wgs24.contig217	216	6	0
wgs24.contig218	216	16	0
wgs24.contig219	211	0	0
wgs24.contig220	210	2	0
wgs24.contig221	204	0	0
wgs24.contig222	204	1	0
wgs24.contig223	194	0	0
wgs24.contig224	193	5	1
wgs24.contig225	186	2	0
wgs24.contig226	178	0	0
wgs24.contig227	178	0	0
wgs24.contig228	178	0	0
wgs24.contig229	177	2	0
wgs24.contig230	172	0	0
wgs24.contig231	172	0	0
wgs24.contig232	170	0	0
wgs24.contig233	166	0	0
wgs24.contig234	163	0	0
wgs24.contig235	158	0	0
wgs24.contig236	158	2	0
wgs24.contig237	158	0	0
wgs24.contig238	158	1	0
wgs24.contig239	158	4	0
wgs24.contig240	154	0	0
wgs24.contig241	154	0	0
wgs24.contig242	153	0	0
wgs24.contig243	150	0	0
wgs24.contig244	149	0	0
wgs24.contig245	147	0	0
wgs24.contig246	145	0	0
wgs24.contig247	144	0	0
wgs24.contig248	141	0	0
wgs24.contig249	141	0	0
wgs24.contig250	140	0	0
wgs24.contig251	139	0	0
wgs24.contig252	138	0	0
wgs24.contig253	137	0	0
wgs24.contig254	137	0	0
wgs24.contig255	135	3	0
wgs24.contig256	135	1	0
wgs24.contig257	135	0	0
wgs24.contig258	135	0	0
wgs24.contig259	135	0	0
wgs24.contig260	134	0	0
wgs24.contig261	134	0	0
wgs24.contig262	134	0	0
wgs24.contig263	132	0	0
wgs24.contig264	129	0	0
wgs24.contig265	129	0	0
wgs24.contig266	129	0	0
wgs24.contig267	129	0	0
wgs24.contig268	128	0	0
wgs24.contig269	128	0	0
wgs24.contig270	128	0	0
*	0	0	1124
