D395.contig1	99887	0	0
D395.contig2	90825	10	8
D395.contig3	72972	5	3
D395.contig4	65488	2	0
D395.contig5	65178	6275	134
D395.contig6	62067	5765	148
D395.contig7	56123	88787	2286
D395.contig8	50371	0	0
D395.contig9	47291	3964	102
D395.contig10	43462	0	0
D395.contig11	43133	2	0
D395.contig12	42345	39848	1056
D395.contig13	40990	0	0
D395.contig14	40696	302945	10323
D395.contig15	40225	30626	658
D395.contig16	40103	0	0
D395.contig17	40047	0	0
D395.contig18	40021	12138	288
D395.contig19	39437	0	0
D395.contig20	38643	0	0
D395.contig21	38001	0	0
D395.contig22	37740	81339	2413
D395.contig23	37140	0	0
D395.contig24	36775	4	0
D395.contig25	35961	1821	52
D395.contig26	33447	2814	82
D395.contig27	33424	97609	2271
D395.contig28	33199	0	0
D395.contig29	32885	1	1
D395.contig30	32387	1986	50
D395.contig31	32238	3622	94
D395.contig32	31830	0	0
D395.contig33	31177	2	0
D395.contig34	30864	3128	79
D395.contig35	30809	0	0
D395.contig36	30678	3	1
D395.contig37	30671	0	0
D395.contig38	30429	2	0
D395.contig39	30379	40	12
D395.contig40	30141	3988	92
D395.contig41	29432	4547	112
D395.contig42	29342	0	0
D395.contig43	28300	2915	79
D395.contig44	28212	0	0
D395.contig45	27720	1585	48
D395.contig46	27628	0	0
D395.contig47	27190	0	0
D395.contig48	26570	0	0
D395.contig49	26281	0	0
D395.contig50	26074	0	0
D395.contig51	26044	2545	55
D395.contig52	25939	3115	78
D395.contig53	25257	0	0
D395.contig54	25159	0	0
D395.contig55	23966	2415	70
D395.contig56	23834	0	0
D395.contig57	23450	2	0
D395.contig58	23377	1994	53
D395.contig59	23202	2073	42
D395.contig60	22802	0	0
D395.contig61	22796	2863	69
D395.contig62	22211	0	0
D395.contig63	22125	0	0
D395.contig64	21592	2031	40
D395.contig65	21481	1768	72
D395.contig66	20961	2218	68
D395.contig67	20735	0	0
D395.contig68	20695	1787	40
D395.contig69	20524	0	0
D395.contig70	20071	1713	42
D395.contig71	19842	1328	26
D395.contig72	19812	0	0
D395.contig73	19812	2539	71
D395.contig74	19766	1901981	57909
D395.contig75	19535	1982	52
D395.contig76	19485	1835	30
D395.contig77	19096	0	0
D395.contig78	19045	1549	37
D395.contig79	18755	0	0
D395.contig80	18582	25834	724
D395.contig81	18232	2726	61
D395.contig82	18184	2223	48
D395.contig83	18116	3442	78
D395.contig84	17949	1983	49
D395.contig85	17905	0	0
D395.contig86	17854	0	0
D395.contig87	17439	1541	48
D395.contig88	17338	0	0
D395.contig89	17268	0	0
D395.contig90	17183	0	0
D395.contig91	16971	1304	32
D395.contig92	16846	1768	53
D395.contig93	16829	0	0
D395.contig94	16681	0	0
D395.contig95	16509	0	0
D395.contig96	16460	2122	67
D395.contig97	16453	0	0
D395.contig98	16410	18	4
D395.contig99	16404	1710	48
D395.contig100	16348	1524	37
D395.contig101	16242	1633	47
D395.contig102	16214	0	0
D395.contig103	16189	1281	32
D395.contig104	16121	2036	30
D395.contig105	16046	1	1
D395.contig106	16028	2809	58
D395.contig107	15833	1524	43
D395.contig108	15752	1706	44
D395.contig109	15715	1659	78
D395.contig110	15645	1996	67
D395.contig111	15567	1168	31
D395.contig112	15526	0	0
D395.contig113	15478	0	0
D395.contig114	15421	1275	41
D395.contig115	15341	1234	34
D395.contig116	15230	0	0
D395.contig117	15217	0	0
D395.contig118	15106	0	0
D395.contig119	15096	1385	39
D395.contig120	15074	1721	50
D395.contig121	15062	0	0
D395.contig122	15042	1165	46
D395.contig123	15012	0	0
D395.contig124	14888	1455	46
D395.contig125	14746	0	0
D395.contig126	14735	1275	21
D395.contig127	14682	1194	30
D395.contig128	14650	1750	48
D395.contig129	14635	0	0
D395.contig130	14614	1472	35
D395.contig131	14595	11	0
D395.contig132	14579	0	0
D395.contig133	14387	49	4
D395.contig134	14340	1091	28
D395.contig135	14153	0	0
D395.contig136	14071	3	1
D395.contig137	14024	0	0
D395.contig138	14008	1092	21
D395.contig139	13978	1095	17
D395.contig140	13891	1289	36
D395.contig141	13822	1464	50
D395.contig142	13521	0	0
D395.contig143	13412	936	38
D395.contig144	13381	1109	29
D395.contig145	13369	1151	9
D395.contig146	13320	856	23
D395.contig147	13154	951	28
D395.contig148	12964	0	0
D395.contig149	12962	0	0
D395.contig150	12905	0	0
D395.contig151	12895	985	30
D395.contig152	12886	1313	22
D395.contig153	12846	847	22
D395.contig154	12817	1892	36
D395.contig155	12816	902	35
D395.contig156	12796	1338	38
D395.contig157	12773	1042	23
D395.contig158	12747	0	0
D395.contig159	12731	14	0
D395.contig160	12715	0	0
D395.contig161	12687	899	31
D395.contig162	12443	29502	835
D395.contig163	12255	1052	34
D395.contig164	12197	1017	27
D395.contig165	12180	1096	26
D395.contig166	12172	649	20
D395.contig167	12078	1020	26
D395.contig168	12045	982	36
D395.contig169	12022	894	32
D395.contig170	11948	0	0
D395.contig171	11920	1533	35
D395.contig172	11913	0	0
D395.contig173	11896	1045	31
D395.contig174	11859	0	0
D395.contig175	11839	1074	24
D395.contig176	11814	1243	41
D395.contig177	11794	1097	41
D395.contig178	11754	0	0
D395.contig179	11736	987	30
D395.contig180	11727	0	0
D395.contig181	11657	0	0
D395.contig182	11605	1031	27
D395.contig183	11577	1177	25
D395.contig184	11513	644	19
D395.contig185	11353	0	0
D395.contig186	11341	949	29
D395.contig187	11294	804	14
D395.contig188	11190	1564	45
D395.contig189	11161	700	13
D395.contig190	11157	795	23
D395.contig191	11142	0	0
D395.contig192	11109	706	16
D395.contig193	11089	0	0
D395.contig194	10997	900	33
D395.contig195	10916	0	0
D395.contig196	10858	1182	35
D395.contig197	10849	912	21
D395.contig198	10818	0	0
D395.contig199	10767	659	27
D395.contig200	10756	908	22
D395.contig201	10695	0	0
D395.contig202	10693	819	20
D395.contig203	10669	0	0
D395.contig204	10636	765	33
D395.contig205	10584	908	26
D395.contig206	10562	1172	26
D395.contig207	10547	0	0
D395.contig208	10524	1089	35
D395.contig209	10467	939	31
D395.contig210	10452	4	1
D395.contig211	10449	0	0
D395.contig212	10441	0	0
D395.contig213	10404	892	25
D395.contig214	10300	1344	23
D395.contig215	10286	1051	18
D395.contig216	10246	774	26
D395.contig217	10112	775	18
D395.contig218	10112	815	23
D395.contig219	10096	0	0
D395.contig220	10093	900	38
D395.contig221	10079	893	34
D395.contig222	10075	685	25
D395.contig223	10063	726	13
D395.contig224	10033	758	27
D395.contig225	10030	0	0
D395.contig226	10000	0	0
D395.contig227	9991	0	0
D395.contig228	9957	358	8
D395.contig229	9949	615	19
D395.contig230	9931	578	20
D395.contig231	9917	1199	25
D395.contig232	9904	0	0
D395.contig233	9864	618	16
D395.contig234	9682	0	0
D395.contig235	9561	754	19
D395.contig236	9556	0	0
D395.contig237	9515	822	16
D395.contig238	9498	601	19
D395.contig239	9481	694	28
D395.contig240	9432	614	39
D395.contig241	9401	769	17
D395.contig242	9390	214	15
D395.contig243	9369	1	1
D395.contig244	9364	591	11
D395.contig245	9351	716	23
D395.contig246	9311	434	14
D395.contig247	9298	845	33
D395.contig248	9293	753	17
D395.contig249	9254	911	25
D395.contig250	9250	910	30
D395.contig251	9172	1016	21
D395.contig252	9170	0	0
D395.contig253	9153	737	22
D395.contig254	9146	900	33
D395.contig255	9145	724	18
D395.contig256	9130	0	0
D395.contig257	9084	8056	119
D395.contig258	9067	18	0
D395.contig259	9064	1031	25
D395.contig260	9061	587	11
D395.contig261	9022	611	23
D395.contig262	9008	778	31
D395.contig263	8985	17	1
D395.contig264	8982	0	0
D395.contig265	8935	567	16
D395.contig266	8916	933	27
D395.contig267	8890	1247	58
D395.contig268	8874	0	0
D395.contig269	8847	0	0
D395.contig270	8841	0	0
D395.contig271	8821	0	0
D395.contig272	8820	591	18
D395.contig273	8789	0	0
D395.contig274	8646	559	19
D395.contig275	8612	0	0
D395.contig276	8564	100	3
D395.contig277	8549	0	0
D395.contig278	8526	576	19
D395.contig279	8522	751	17
D395.contig280	8517	12	6
D395.contig281	8487	611	17
D395.contig282	8479	0	0
D395.contig283	8452	0	0
D395.contig284	8439	0	0
D395.contig285	8411	461	9
D395.contig286	8396	0	0
D395.contig287	8386	0	0
D395.contig288	8346	763	21
D395.contig289	8338	713	21
D395.contig290	8327	0	0
D395.contig291	8324	558	16
D395.contig292	8300	654	18
D395.contig293	8289	922	33
D395.contig294	8247	635	19
D395.contig295	8235	0	0
D395.contig296	8219	0	0
D395.contig297	8213	869	25
D395.contig298	8203	0	0
D395.contig299	8190	0	0
D395.contig300	8183	2341585	69133
D395.contig301	8174	0	0
D395.contig302	8170	493	13
D395.contig303	8075	0	0
D395.contig304	8014	775	25
D395.contig305	8014	0	0
D395.contig306	8011	597	19
D395.contig307	7994	482	17
D395.contig308	7988	0	0
D395.contig309	7965	0	0
D395.contig310	7950	865	17
D395.contig311	7941	0	0
D395.contig312	7930	456	24
D395.contig313	7889	861	23
D395.contig314	7859	0	0
D395.contig315	7849	0	0
D395.contig316	7847	799	19
D395.contig317	7833	442	16
D395.contig318	7795	4619	51
D395.contig319	7793	503	10
D395.contig320	7792	0	0
D395.contig321	7762	495	14
D395.contig322	7761	311652	7232
D395.contig323	7749	10	0
D395.contig324	7725	395	20
D395.contig325	7704	356	12
D395.contig326	7702	0	0
D395.contig327	7627	659	26
D395.contig328	7599	620	13
D395.contig329	7596	0	0
D395.contig330	7561	0	0
D395.contig331	7503	0	0
D395.contig332	7490	566	14
D395.contig333	7437	627	25
D395.contig334	7424	0	0
D395.contig335	7421	683	23
D395.contig336	7410	413	13
D395.contig337	7402	0	0
D395.contig338	7391	0	0
D395.contig339	7387	0	0
D395.contig340	7385	0	0
D395.contig341	7374	416	9
D395.contig342	7368	0	0
D395.contig343	7310	575	14
D395.contig344	7292	544	14
D395.contig345	7284	2921	34
D395.contig346	7262	632	15
D395.contig347	7247	38	2
D395.contig348	7234	0	0
D395.contig349	7227	0	0
D395.contig350	7180	531	19
D395.contig351	7147	857	21
D395.contig352	7142	360	10
D395.contig353	7141	0	0
D395.contig354	7077	0	0
D395.contig355	7067	0	0
D395.contig356	7023	0	0
D395.contig357	6998	0	0
D395.contig358	6981	1189	46
D395.contig359	6962	494	11
D395.contig360	6958	419	8
D395.contig361	6946	469	13
D395.contig362	6937	492	12
D395.contig363	6935	495	19
D395.contig364	6918	436	11
D395.contig365	6909	407	9
D395.contig366	6904	366	16
D395.contig367	6895	3959	27
D395.contig368	6895	209	8
D395.contig369	6893	606	13
D395.contig370	6884	443	22
D395.contig371	6861	449	10
D395.contig372	6854	4228	1018
D395.contig373	6835	343	13
D395.contig374	6830	481	11
D395.contig375	6803	0	0
D395.contig376	6801	330	19
D395.contig377	6791	481	17
D395.contig378	6791	505	17
D395.contig379	6786	18	4
D395.contig380	6782	0	0
D395.contig381	6769	424	14
D395.contig382	6746	0	0
D395.contig383	6736	717	25
D395.contig384	6734	34	6
D395.contig385	6732	0	0
D395.contig386	6709	0	0
D395.contig387	6675	368	19
D395.contig388	6671	384	13
D395.contig389	6667	537	21
D395.contig390	6656	0	0
D395.contig391	6639	3	1
D395.contig392	6634	0	0
D395.contig393	6621	0	0
D395.contig394	6621	5	0
D395.contig395	6612	490	11
D395.contig396	6604	682	31
D395.contig397	6600	0	0
D395.contig398	6589	299	15
D395.contig399	6584	534	19
D395.contig400	6579	0	0
D395.contig401	6565	350	10
D395.contig402	6519	628	17
D395.contig403	6517	441	25
D395.contig404	6515	96198	2203
D395.contig405	6514	480	15
D395.contig406	6512	525	17
D395.contig407	6503	1080	24
D395.contig408	6498	0	0
D395.contig409	6486	996	29
D395.contig410	6455	0	0
D395.contig411	6426	327	8
D395.contig412	6419	410	18
D395.contig413	6413	652	26
D395.contig414	6393	455	9
D395.contig415	6380	328	11
D395.contig416	6375	645	16
D395.contig417	6332	301	16
D395.contig418	6328	3	0
D395.contig419	6309	419	9
D395.contig420	6300	507	14
D395.contig421	6296	457	13
D395.contig422	6290	0	0
D395.contig423	6282	0	0
D395.contig424	6281	327	7
D395.contig425	6281	0	0
D395.contig426	6278	0	0
D395.contig427	6271	0	0
D395.contig428	6270	4	2
D395.contig429	6244	0	0
D395.contig430	6221	0	0
D395.contig431	6203	22	0
D395.contig432	6200	0	0
D395.contig433	6173	0	0
D395.contig434	6160	0	0
D395.contig435	6157	466	12
D395.contig436	6138	340	10
D395.contig437	6136	98	2
D395.contig438	6113	432	12
D395.contig439	6103	331	16
D395.contig440	6093	545	17
D395.contig441	6074	2	0
D395.contig442	6071	13	1
D395.contig443	6054	463	23
D395.contig444	6050	303	7
D395.contig445	6047	420	19
D395.contig446	6047	0	0
D395.contig447	6031	0	0
D395.contig448	6030	0	0
D395.contig449	6023	603	18
D395.contig450	6019	322	20
D395.contig451	6003	0	0
D395.contig452	5997	0	0
D395.contig453	5994	0	0
D395.contig454	5969	0	0
D395.contig455	5959	0	0
D395.contig456	5950	0	0
D395.contig457	5940	602	15
D395.contig458	5927	352	8
D395.contig459	5923	0	0
D395.contig460	5918	188	10
D395.contig461	5903	445	11
D395.contig462	5894	479	13
D395.contig463	5867	243	11
D395.contig464	5863	261	5
D395.contig465	5850	0	0
D395.contig466	5836	0	0
D395.contig467	5826	205	6
D395.contig468	5821	0	0
D395.contig469	5815	420	17
D395.contig470	5814	0	0
D395.contig471	5804	534	17
D395.contig472	5796	476	16
D395.contig473	5790	455	15
D395.contig474	5776	418	10
D395.contig475	5773	516	10
D395.contig476	5765	583	30
D395.contig477	5762	377	12
D395.contig478	5747	0	0
D395.contig479	5744	4	0
D395.contig480	5718	256	4
D395.contig481	5713	0	0
D395.contig482	5705	397	25
D395.contig483	5704	272	8
D395.contig484	5697	0	0
D395.contig485	5685	402	17
D395.contig486	5668	0	0
D395.contig487	5647	1	0
D395.contig488	5646	15	1
D395.contig489	5635	308	7
D395.contig490	5623	864	17
D395.contig491	5622	307	15
D395.contig492	5611	330	6
D395.contig493	5606	0	0
D395.contig494	5590	0	0
D395.contig495	5579	0	0
D395.contig496	5568	482	11
D395.contig497	5557	306	16
D395.contig498	5557	0	0
D395.contig499	5550	401	17
D395.contig500	5524	296	10
D395.contig501	5497	341	15
D395.contig502	5479	0	0
D395.contig503	5452	0	0
D395.contig504	5440	244	14
D395.contig505	5440	385	11
D395.contig506	5440	343	17
D395.contig507	5433	615	39
D395.contig508	5432	0	0
D395.contig509	5432	6	0
D395.contig510	5416	0	0
D395.contig511	5415	0	0
D395.contig512	5414	375	20
D395.contig513	5406	297	8
D395.contig514	5400	418	8
D395.contig515	5382	326	6
D395.contig516	5373	346	16
D395.contig517	5371	0	0
D395.contig518	5371	336	11
D395.contig519	5340	0	0
D395.contig520	5338	0	0
D395.contig521	5330	0	0
D395.contig522	5314	341	14
D395.contig523	5302	376	13
D395.contig524	5294	0	0
D395.contig525	5292	0	0
D395.contig526	5288	337	10
D395.contig527	5283	0	0
D395.contig528	5282	414	19
D395.contig529	5277	6104	332
D395.contig530	5260	0	0
D395.contig531	5258	0	0
D395.contig532	5236	253	17
D395.contig533	5235	266	8
D395.contig534	5234	0	0
D395.contig535	5231	408	20
D395.contig536	5223	564	12
D395.contig537	5207	0	0
D395.contig538	5186	551	26
D395.contig539	5161	1385	17
D395.contig540	5148	0	0
D395.contig541	5148	0	0
D395.contig542	5144	377	23
D395.contig543	5136	370	12
D395.contig544	5122	2	0
D395.contig545	5097	177	13
D395.contig546	5090	329	17
D395.contig547	5086	301	19
D395.contig548	5084	348	13
D395.contig549	5076	580	19
D395.contig550	5075	423	8
D395.contig551	5071	307	18
D395.contig552	5069	0	0
D395.contig553	5055	256	14
D395.contig554	5051	476	18
D395.contig555	5045	464	16
D395.contig556	5024	307	19
D395.contig557	5018	10	2
D395.contig558	5017	491	17
D395.contig559	5003	451	8
D395.contig560	4985	245222	19144
D395.contig561	4982	281	15
D395.contig562	4980	0	0
D395.contig563	4979	280	5
D395.contig564	4977	26	2
D395.contig565	4975	69	2
D395.contig566	4972	339	6
D395.contig567	4933	0	0
D395.contig568	4931	0	0
D395.contig569	4927	245	7
D395.contig570	4924	308	1
D395.contig571	4922	13	1
D395.contig572	4906	372	16
D395.contig573	4903	286	10
D395.contig574	4901	0	0
D395.contig575	4894	5	0
D395.contig576	4887	0	0
D395.contig577	4881	0	0
D395.contig578	4880	323	8
D395.contig579	4877	392	10
D395.contig580	4861	192	5
D395.contig581	4859	343	14
D395.contig582	4853	345	18
D395.contig583	4850	271	9
D395.contig584	4848	359	9
D395.contig585	4845	302	9
D395.contig586	4845	0	0
D395.contig587	4841	379	6
D395.contig588	4829	6	2
D395.contig589	4821	0	0
D395.contig590	4820	0	0
D395.contig591	4816	326	20
D395.contig592	4815	0	0
D395.contig593	4802	487	24
D395.contig594	4799	243	8
D395.contig595	4779	0	0
D395.contig596	4773	415	19
D395.contig597	4767	0	0
D395.contig598	4766	343	8
D395.contig599	4763	333	16
D395.contig600	4763	0	0
D395.contig601	4761	299	5
D395.contig602	4757	0	0
D395.contig603	4749	0	0
D395.contig604	4748	101	3
D395.contig605	4748	242	6
D395.contig606	4742	249	14
D395.contig607	4736	0	0
D395.contig608	4733	249	11
D395.contig609	4728	0	0
D395.contig610	4706	0	0
D395.contig611	4703	0	0
D395.contig612	4700	264	7
D395.contig613	4692	196	8
D395.contig614	4687	366	10
D395.contig615	4683	201	5
D395.contig616	4678	5	1
D395.contig617	4678	252	13
D395.contig618	4678	0	0
D395.contig619	4676	303	7
D395.contig620	4656	347	8
D395.contig621	4654	0	0
D395.contig622	4647	210	8
D395.contig623	4633	239	7
D395.contig624	4625	0	0
D395.contig625	4615	344	13
D395.contig626	4596	202	4
D395.contig627	4592	0	0
D395.contig628	4582	322	17
D395.contig629	4581	368	15
D395.contig630	4577	407	22
D395.contig631	4570	245	13
D395.contig632	4569	0	0
D395.contig633	4569	214	8
D395.contig634	4566	1	0
D395.contig635	4556	369	13
D395.contig636	4543	373	8
D395.contig637	4541	204	16
D395.contig638	4539	203	16
D395.contig639	4521	307	12
D395.contig640	4516	232	22
D395.contig641	4496	0	0
D395.contig642	4479	241	11
D395.contig643	4477	32	0
D395.contig644	4476	302	6
D395.contig645	4463	0	0
D395.contig646	4462	356	11
D395.contig647	4443	0	0
D395.contig648	4442	325	13
D395.contig649	4441	308	16
D395.contig650	4423	220	8
D395.contig651	4414	404	12
D395.contig652	4408	0	0
D395.contig653	4407	7	1
D395.contig654	4405	391	21
D395.contig655	4399	0	0
D395.contig656	4395	28	1
D395.contig657	4376	0	0
D395.contig658	4375	186	14
D395.contig659	4374	45	4
D395.contig660	4372	299	16
D395.contig661	4366	0	0
D395.contig662	4347	363	13
D395.contig663	4346	307	5
D395.contig664	4345	285	5
D395.contig665	4344	0	0
D395.contig666	4343	180	4
D395.contig667	4341	288	8
D395.contig668	4337	250	22
D395.contig669	4335	2	0
D395.contig670	4332	260	10
D395.contig671	4324	344	14
D395.contig672	4318	264	11
D395.contig673	4314	647	16
D395.contig674	4312	307	7
D395.contig675	4312	0	0
D395.contig676	4303	253	9
D395.contig677	4301	402	13
D395.contig678	4301	211	10
D395.contig679	4300	175	17
D395.contig680	4298	0	0
D395.contig681	4289	1366075	25400
D395.contig682	4286	198	4
D395.contig683	4280	0	0
D395.contig684	4264	0	0
D395.contig685	4257	726	50
D395.contig686	4249	173	5
D395.contig687	4242	0	0
D395.contig688	4238	230	16
D395.contig689	4231	13	1
D395.contig690	4230	0	0
D395.contig691	4229	224	7
D395.contig692	4222	296	13
D395.contig693	4220	241	10
D395.contig694	4219	0	0
D395.contig695	4216	293	7
D395.contig696	4213	0	0
D395.contig697	4212	0	0
D395.contig698	4212	0	0
D395.contig699	4208	302	20
D395.contig700	4198	0	0
D395.contig701	4197	484	12
D395.contig702	4193	222	14
D395.contig703	4191	0	0
D395.contig704	4191	406	11
D395.contig705	4182	0	0
D395.contig706	4181	33	1
D395.contig707	4173	268	12
D395.contig708	4164	0	0
D395.contig709	4156	162	8
D395.contig710	4140	207	10
D395.contig711	4138	0	0
D395.contig712	4137	265	7
D395.contig713	4131	134	6
D395.contig714	4131	0	0
D395.contig715	4123	0	0
D395.contig716	4121	0	0
D395.contig717	4120	313	14
D395.contig718	4120	312	8
D395.contig719	4105	51	3
D395.contig720	4103	147	7
D395.contig721	4101	0	0
D395.contig722	4096	31	1
D395.contig723	4095	2	0
D395.contig724	4086	359	15
D395.contig725	4085	63725	865
D395.contig726	4072	235	7
D395.contig727	4061	234	10
D395.contig728	4057	108	5
D395.contig729	4056	218	12
D395.contig730	4053	257	9
D395.contig731	4045	527	21
D395.contig732	4037	275	10
D395.contig733	4032	231	10
D395.contig734	4029	273	6
D395.contig735	4023	358	4
D395.contig736	4022	0	0
D395.contig737	4015	396	12
D395.contig738	4013	189	5
D395.contig739	4011	400	35
D395.contig740	3999	207	9
D395.contig741	3994	414	15
D395.contig742	3992	0	0
D395.contig743	3983	217	4
D395.contig744	3982	173	9
D395.contig745	3974	57	3
D395.contig746	3970	397	32
D395.contig747	3966	236	14
D395.contig748	3964	2	2
D395.contig749	3946	0	0
D395.contig750	3937	0	0
D395.contig751	3931	0	0
D395.contig752	3912	0	0
D395.contig753	3912	146	6
D395.contig754	3910	14	0
D395.contig755	3909	0	0
D395.contig756	3905	191	9
D395.contig757	3903	186	5
D395.contig758	3901	230	16
D395.contig759	3892	161	8
D395.contig760	3889	0	0
D395.contig761	3885	0	0
D395.contig762	3871	193	10
D395.contig763	3865	45	4
D395.contig764	3862	229	6
D395.contig765	3858	0	0
D395.contig766	3856	0	0
D395.contig767	3853	0	0
D395.contig768	3853	407	11
D395.contig769	3845	0	0
D395.contig770	3840	227	5
D395.contig771	3840	177	15
D395.contig772	3833	269	12
D395.contig773	3828	544	10
D395.contig774	3826	293	8
D395.contig775	3824	0	0
D395.contig776	3813	0	0
D395.contig777	3811	0	0
D395.contig778	3810	0	0
D395.contig779	3803	331	5
D395.contig780	3802	149461	7304
D395.contig781	3801	319	18
D395.contig782	3791	143	11
D395.contig783	3784	310	17
D395.contig784	3782	188	5
D395.contig785	3779	2	0
D395.contig786	3773	209	15
D395.contig787	3765	238	4
D395.contig788	3762	0	0
D395.contig789	3756	174	6
D395.contig790	3748	0	0
D395.contig791	3742	227	21
D395.contig792	3739	312	8
D395.contig793	3736	250	10
D395.contig794	3731	193	9
D395.contig795	3729	183	9
D395.contig796	3729	0	0
D395.contig797	3728	184	5
D395.contig798	3727	185	6
D395.contig799	3714	175	11
D395.contig800	3709	0	0
D395.contig801	3701	396	12
D395.contig802	3691	0	0
D395.contig803	3675	154	2
D395.contig804	3673	208	6
D395.contig805	3672	4	0
D395.contig806	3667	0	0
D395.contig807	3665	230	4
D395.contig808	3663	0	0
D395.contig809	3660	177	7
D395.contig810	3658	0	0
D395.contig811	3656	173	3
D395.contig812	3645	549	16
D395.contig813	3641	0	0
D395.contig814	3630	0	0
D395.contig815	3625	208	4
D395.contig816	3623	3707	788
D395.contig817	3620	270	10
D395.contig818	3615	0	0
D395.contig819	3610	173	17
D395.contig820	3601	0	0
D395.contig821	3596	236	6
D395.contig822	3595	0	0
D395.contig823	3593	148	6
D395.contig824	3592	1	0
D395.contig825	3591	210	11
D395.contig826	3586	0	0
D395.contig827	3585	177	15
D395.contig828	3585	0	0
D395.contig829	3582	0	0
D395.contig830	3573	123	9
D395.contig831	3563	0	0
D395.contig832	3563	146	3
D395.contig833	3563	0	0
D395.contig834	3560	151	7
D395.contig835	3535	0	0
D395.contig836	3531	307	11
D395.contig837	3528	326	24
D395.contig838	3523	252	15
D395.contig839	3520	387	5
D395.contig840	3516	186	3
D395.contig841	3508	0	0
D395.contig842	3508	0	0
D395.contig843	3504	157	7
D395.contig844	3499	0	0
D395.contig845	3498	282	9
D395.contig846	3497	361	15
D395.contig847	3495	184	8
D395.contig848	3491	164	18
D395.contig849	3491	0	0
D395.contig850	3484	0	0
D395.contig851	3482	276	42
D395.contig852	3477	253	20
D395.contig853	3476	11	1
D395.contig854	3476	0	0
D395.contig855	3464	191	6
D395.contig856	3461	304	4
D395.contig857	3460	271	4
D395.contig858	3458	207	6
D395.contig859	3451	0	0
D395.contig860	3447	0	0
D395.contig861	3447	0	0
D395.contig862	3447	242	2
D395.contig863	3445	177	8
D395.contig864	3445	210	5
D395.contig865	3440	0	0
D395.contig866	3440	0	0
D395.contig867	3435	160	9
D395.contig868	3435	125	3
D395.contig869	3419	189	7
D395.contig870	3416	148	10
D395.contig871	3415	408	9
D395.contig872	3412	288	17
D395.contig873	3408	154	4
D395.contig874	3406	0	0
D395.contig875	3402	0	0
D395.contig876	3397	0	0
D395.contig877	3397	191	6
D395.contig878	3396	176	5
D395.contig879	3391	0	0
D395.contig880	3385	0	0
D395.contig881	3384	0	0
D395.contig882	3380	245	15
D395.contig883	3372	186	8
D395.contig884	3372	276	20
D395.contig885	3361	269	14
D395.contig886	3359	4	0
D395.contig887	3357	159	1
D395.contig888	3357	0	0
D395.contig889	3352	0	0
D395.contig890	3352	79	7
D395.contig891	3352	0	0
D395.contig892	3347	170	7
D395.contig893	3346	163	5
D395.contig894	3344	23	3
D395.contig895	3342	0	0
D395.contig896	3338	192	7
D395.contig897	3338	188	7
D395.contig898	3333	245	5
D395.contig899	3330	156	4
D395.contig900	3329	291	6
D395.contig901	3307	174	10
D395.contig902	3306	2	1
D395.contig903	3305	9	1
D395.contig904	3299	190	5
D395.contig905	3296	219	10
D395.contig906	3292	252	21
D395.contig907	3287	175	13
D395.contig908	3280	0	0
D395.contig909	3279	143	6
D395.contig910	3274	174	13
D395.contig911	3271	175	6
D395.contig912	3260	174	14
D395.contig913	3260	235	9
D395.contig914	3257	49	0
D395.contig915	3256	173	13
D395.contig916	3255	178	8
D395.contig917	3253	0	0
D395.contig918	3250	0	0
D395.contig919	3249	0	0
D395.contig920	3246	177	13
D395.contig921	3246	155	12
D395.contig922	3240	0	0
D395.contig923	3240	171	11
D395.contig924	3234	0	0
D395.contig925	3232	65	5
D395.contig926	3230	0	0
D395.contig927	3225	0	0
D395.contig928	3223	0	0
D395.contig929	3217	194	4
D395.contig930	3215	4	0
D395.contig931	3213	294	8
D395.contig932	3211	262	18
D395.contig933	3206	63	4
D395.contig934	3206	170	10
D395.contig935	3205	0	0
D395.contig936	3205	101	14
D395.contig937	3200	0	0
D395.contig938	3194	220	6
D395.contig939	3188	0	0
D395.contig940	3188	186	3
D395.contig941	3184	0	0
D395.contig942	3183	145	7
D395.contig943	3183	0	0
D395.contig944	3179	0	0
D395.contig945	3179	166	3
D395.contig946	3175	0	0
D395.contig947	3175	0	0
D395.contig948	3172	96	8
D395.contig949	3169	204	14
D395.contig950	3168	2	1
D395.contig951	3153	0	0
D395.contig952	3152	228	4
D395.contig953	3152	183	8
D395.contig954	3152	262	27
D395.contig955	3150	23	1
D395.contig956	3147	198	10
D395.contig957	3147	168	16
D395.contig958	3144	142	12
D395.contig959	3133	152	9
D395.contig960	3127	216	11
D395.contig961	3125	0	0
D395.contig962	3124	213	6
D395.contig963	3124	158	5
D395.contig964	3124	0	0
D395.contig965	3120	156	5
D395.contig966	3120	188	9
D395.contig967	3118	188	10
D395.contig968	3115	0	0
D395.contig969	3112	0	0
D395.contig970	3109	188	6
D395.contig971	3100	182	6
D395.contig972	3095	0	0
D395.contig973	3094	162	6
D395.contig974	3094	0	0
D395.contig975	3092	0	0
D395.contig976	3089	211	18
D395.contig977	3087	131	9
D395.contig978	3083	159	13
D395.contig979	3081	272	7
D395.contig980	3078	0	0
D395.contig981	3075	131	7
D395.contig982	3069	0	0
D395.contig983	3068	263	17
D395.contig984	3065	0	0
D395.contig985	3051	221	10
D395.contig986	3050	193	14
D395.contig987	3047	115	9
D395.contig988	3047	0	0
D395.contig989	3043	107	9
D395.contig990	3042	179	9
D395.contig991	3037	224	10
D395.contig992	3033	308	8
D395.contig993	3030	0	0
D395.contig994	3029	183	11
D395.contig995	3029	0	0
D395.contig996	3018	109	4
D395.contig997	3015	0	0
D395.contig998	3011	148	5
D395.contig999	3008	174	19
D395.contig1000	3008	0	0
D395.contig1001	3006	338	15
D395.contig1002	3005	173	10
D395.contig1003	3000	0	0
*	0	0	664268
