D395.contig1	99887	0	0
D395.contig2	90825	0	0
D395.contig3	72972	76	16
D395.contig4	65488	958	32
D395.contig5	65178	16	16
D395.contig6	62067	0	0
D395.contig7	56123	0	0
D395.contig8	50371	37287	12255
D395.contig9	47291	0	0
D395.contig10	43462	2656	334
D395.contig11	43133	1300	435
D395.contig12	42345	0	0
D395.contig13	40990	0	0
D395.contig14	40696	309	111
D395.contig15	40225	0	0
D395.contig16	40103	0	0
D395.contig17	40047	0	0
D395.contig18	40021	0	0
D395.contig19	39437	0	0
D395.contig20	38643	85	13
D395.contig21	38001	0	0
D395.contig22	37740	0	0
D395.contig23	37140	0	0
D395.contig24	36775	0	0
D395.contig25	35961	0	0
D395.contig26	33447	2	2
D395.contig27	33424	1	1
D395.contig28	33199	0	0
D395.contig29	32885	771	113
D395.contig30	32387	0	0
D395.contig31	32238	18	16
D395.contig32	31830	0	0
D395.contig33	31177	6	4
D395.contig34	30864	56	46
D395.contig35	30809	0	0
D395.contig36	30678	0	0
D395.contig37	30671	0	0
D395.contig38	30429	0	0
D395.contig39	30379	18	4
D395.contig40	30141	0	0
D395.contig41	29432	0	0
D395.contig42	29342	0	0
D395.contig43	28300	0	0
D395.contig44	28212	6	4
D395.contig45	27720	0	0
D395.contig46	27628	0	0
D395.contig47	27190	0	0
D395.contig48	26570	0	0
D395.contig49	26281	2	2
D395.contig50	26074	0	0
D395.contig51	26044	7	3
D395.contig52	25939	0	0
D395.contig53	25257	0	0
D395.contig54	25159	0	0
D395.contig55	23966	5	5
D395.contig56	23834	0	0
D395.contig57	23450	0	0
D395.contig58	23377	10	6
D395.contig59	23202	9	9
D395.contig60	22802	0	0
D395.contig61	22796	0	0
D395.contig62	22211	0	0
D395.contig63	22125	0	0
D395.contig64	21592	0	0
D395.contig65	21481	72	40
D395.contig66	20961	0	0
D395.contig67	20735	0	0
D395.contig68	20695	17	11
D395.contig69	20524	0	0
D395.contig70	20071	18	16
D395.contig71	19842	0	0
D395.contig72	19812	265	127
D395.contig73	19812	0	0
D395.contig74	19766	27828	3966
D395.contig75	19535	0	0
D395.contig76	19485	0	0
D395.contig77	19096	0	0
D395.contig78	19045	0	0
D395.contig79	18755	0	0
D395.contig80	18582	0	0
D395.contig81	18232	120	62
D395.contig82	18184	0	0
D395.contig83	18116	0	0
D395.contig84	17949	0	0
D395.contig85	17905	0	0
D395.contig86	17854	4134	945
D395.contig87	17439	0	0
D395.contig88	17338	9	5
D395.contig89	17268	0	0
D395.contig90	17183	1	1
D395.contig91	16971	0	0
D395.contig92	16846	23	17
D395.contig93	16829	0	0
D395.contig94	16681	1029	37
D395.contig95	16509	239	14
D395.contig96	16460	0	0
D395.contig97	16453	0	0
D395.contig98	16410	506	46
D395.contig99	16404	0	0
D395.contig100	16348	0	0
D395.contig101	16242	0	0
D395.contig102	16214	0	0
D395.contig103	16189	3	1
D395.contig104	16121	0	0
D395.contig105	16046	149	3
D395.contig106	16028	3709	343
D395.contig107	15833	0	0
D395.contig108	15752	0	0
D395.contig109	15715	0	0
D395.contig110	15645	0	0
D395.contig111	15567	0	0
D395.contig112	15526	0	0
D395.contig113	15478	0	0
D395.contig114	15421	0	0
D395.contig115	15341	0	0
D395.contig116	15230	0	0
D395.contig117	15217	0	0
D395.contig118	15106	0	0
D395.contig119	15096	0	0
D395.contig120	15074	0	0
D395.contig121	15062	0	0
D395.contig122	15042	0	0
D395.contig123	15012	2	0
D395.contig124	14888	0	0
D395.contig125	14746	2	0
D395.contig126	14735	0	0
D395.contig127	14682	0	0
D395.contig128	14650	0	0
D395.contig129	14635	0	0
D395.contig130	14614	2	2
D395.contig131	14595	0	0
D395.contig132	14579	0	0
D395.contig133	14387	0	0
D395.contig134	14340	0	0
D395.contig135	14153	0	0
D395.contig136	14071	126	24
D395.contig137	14024	0	0
D395.contig138	14008	1	1
D395.contig139	13978	1	1
D395.contig140	13891	0	0
D395.contig141	13822	0	0
D395.contig142	13521	0	0
D395.contig143	13412	8	5
D395.contig144	13381	0	0
D395.contig145	13369	0	0
D395.contig146	13320	0	0
D395.contig147	13154	0	0
D395.contig148	12964	0	0
D395.contig149	12962	0	0
D395.contig150	12905	697	48
D395.contig151	12895	0	0
D395.contig152	12886	0	0
D395.contig153	12846	0	0
D395.contig154	12817	0	0
D395.contig155	12816	0	0
D395.contig156	12796	0	0
D395.contig157	12773	9	5
D395.contig158	12747	0	0
D395.contig159	12731	0	0
D395.contig160	12715	0	0
D395.contig161	12687	0	0
D395.contig162	12443	0	0
D395.contig163	12255	0	0
D395.contig164	12197	8	8
D395.contig165	12180	11	7
D395.contig166	12172	0	0
D395.contig167	12078	0	0
D395.contig168	12045	0	0
D395.contig169	12022	0	0
D395.contig170	11948	0	0
D395.contig171	11920	1	1
D395.contig172	11913	50	6
D395.contig173	11896	0	0
D395.contig174	11859	0	0
D395.contig175	11839	0	0
D395.contig176	11814	19	13
D395.contig177	11794	0	0
D395.contig178	11754	0	0
D395.contig179	11736	7	5
D395.contig180	11727	0	0
D395.contig181	11657	0	0
D395.contig182	11605	0	0
D395.contig183	11577	0	0
D395.contig184	11513	50	18
D395.contig185	11353	0	0
D395.contig186	11341	0	0
D395.contig187	11294	0	0
D395.contig188	11190	0	0
D395.contig189	11161	0	0
D395.contig190	11157	0	0
D395.contig191	11142	0	0
D395.contig192	11109	0	0
D395.contig193	11089	18	7
D395.contig194	10997	32	17
D395.contig195	10916	0	0
D395.contig196	10858	0	0
D395.contig197	10849	0	0
D395.contig198	10818	0	0
D395.contig199	10767	3	3
D395.contig200	10756	0	0
D395.contig201	10695	0	0
D395.contig202	10693	0	0
D395.contig203	10669	0	0
D395.contig204	10636	0	0
D395.contig205	10584	0	0
D395.contig206	10562	0	0
D395.contig207	10547	0	0
D395.contig208	10524	1	1
D395.contig209	10467	0	0
D395.contig210	10452	38	18
D395.contig211	10449	0	0
D395.contig212	10441	0	0
D395.contig213	10404	0	0
D395.contig214	10300	0	0
D395.contig215	10286	0	0
D395.contig216	10246	0	0
D395.contig217	10112	0	0
D395.contig218	10112	0	0
D395.contig219	10096	0	0
D395.contig220	10093	0	0
D395.contig221	10079	2	2
D395.contig222	10075	0	0
D395.contig223	10063	0	0
D395.contig224	10033	0	0
D395.contig225	10030	0	0
D395.contig226	10000	0	0
D395.contig227	9991	0	0
D395.contig228	9957	0	0
D395.contig229	9949	0	0
D395.contig230	9931	0	0
D395.contig231	9917	0	0
D395.contig232	9904	0	0
D395.contig233	9864	0	0
D395.contig234	9682	0	0
D395.contig235	9561	0	0
D395.contig236	9556	0	0
D395.contig237	9515	0	0
D395.contig238	9498	1	1
D395.contig239	9481	9	3
D395.contig240	9432	0	0
D395.contig241	9401	0	0
D395.contig242	9390	0	0
D395.contig243	9369	0	0
D395.contig244	9364	1	1
D395.contig245	9351	0	0
D395.contig246	9311	565	39
D395.contig247	9298	0	0
D395.contig248	9293	0	0
D395.contig249	9254	0	0
D395.contig250	9250	0	0
D395.contig251	9172	0	0
D395.contig252	9170	197	37
D395.contig253	9153	0	0
D395.contig254	9146	0	0
D395.contig255	9145	0	0
D395.contig256	9130	0	0
D395.contig257	9084	0	0
D395.contig258	9067	0	0
D395.contig259	9064	0	0
D395.contig260	9061	0	0
D395.contig261	9022	0	0
D395.contig262	9008	0	0
D395.contig263	8985	118	68
D395.contig264	8982	156	8
D395.contig265	8935	0	0
D395.contig266	8916	0	0
D395.contig267	8890	0	0
D395.contig268	8874	43	7
D395.contig269	8847	0	0
D395.contig270	8841	1173	39
D395.contig271	8821	0	0
D395.contig272	8820	0	0
D395.contig273	8789	0	0
D395.contig274	8646	0	0
D395.contig275	8612	0	0
D395.contig276	8564	415	37
D395.contig277	8549	0	0
D395.contig278	8526	0	0
D395.contig279	8522	0	0
D395.contig280	8517	223	27
D395.contig281	8487	0	0
D395.contig282	8479	25	3
D395.contig283	8452	0	0
D395.contig284	8439	6	2
D395.contig285	8411	0	0
D395.contig286	8396	52	12
D395.contig287	8386	0	0
D395.contig288	8346	0	0
D395.contig289	8338	0	0
D395.contig290	8327	0	0
D395.contig291	8324	4	4
D395.contig292	8300	0	0
D395.contig293	8289	0	0
D395.contig294	8247	2	0
D395.contig295	8235	132	3
D395.contig296	8219	106	64
D395.contig297	8213	0	0
D395.contig298	8203	0	0
D395.contig299	8190	0	0
D395.contig300	8183	0	0
D395.contig301	8174	0	0
D395.contig302	8170	0	0
D395.contig303	8075	0	0
D395.contig304	8014	0	0
D395.contig305	8014	0	0
D395.contig306	8011	0	0
D395.contig307	7994	0	0
D395.contig308	7988	0	0
D395.contig309	7965	0	0
D395.contig310	7950	0	0
D395.contig311	7941	0	0
D395.contig312	7930	0	0
D395.contig313	7889	0	0
D395.contig314	7859	0	0
D395.contig315	7849	0	0
D395.contig316	7847	0	0
D395.contig317	7833	0	0
D395.contig318	7795	0	0
D395.contig319	7793	0	0
D395.contig320	7792	0	0
D395.contig321	7762	0	0
D395.contig322	7761	0	0
D395.contig323	7749	0	0
D395.contig324	7725	0	0
D395.contig325	7704	0	0
D395.contig326	7702	0	0
D395.contig327	7627	0	0
D395.contig328	7599	1	1
D395.contig329	7596	0	0
D395.contig330	7561	310	72
D395.contig331	7503	0	0
D395.contig332	7490	0	0
D395.contig333	7437	0	0
D395.contig334	7424	0	0
D395.contig335	7421	0	0
D395.contig336	7410	6	2
D395.contig337	7402	0	0
D395.contig338	7391	0	0
D395.contig339	7387	2	0
D395.contig340	7385	0	0
D395.contig341	7374	0	0
D395.contig342	7368	0	0
D395.contig343	7310	1	1
D395.contig344	7292	0	0
D395.contig345	7284	0	0
D395.contig346	7262	6	4
D395.contig347	7247	0	0
D395.contig348	7234	0	0
D395.contig349	7227	0	0
D395.contig350	7180	0	0
D395.contig351	7147	0	0
D395.contig352	7142	0	0
D395.contig353	7141	0	0
D395.contig354	7077	6	0
D395.contig355	7067	0	0
D395.contig356	7023	0	0
D395.contig357	6998	0	0
D395.contig358	6981	2199	419
D395.contig359	6962	0	0
D395.contig360	6958	0	0
D395.contig361	6946	0	0
D395.contig362	6937	0	0
D395.contig363	6935	0	0
D395.contig364	6918	0	0
D395.contig365	6909	0	0
D395.contig366	6904	0	0
D395.contig367	6895	3	1
D395.contig368	6895	112	28
D395.contig369	6893	0	0
D395.contig370	6884	0	0
D395.contig371	6861	0	0
D395.contig372	6854	19	7
D395.contig373	6835	0	0
D395.contig374	6830	1	1
D395.contig375	6803	0	0
D395.contig376	6801	0	0
D395.contig377	6791	5	1
D395.contig378	6791	0	0
D395.contig379	6786	28	8
D395.contig380	6782	0	0
D395.contig381	6769	0	0
D395.contig382	6746	0	0
D395.contig383	6736	0	0
D395.contig384	6734	4	0
D395.contig385	6732	0	0
D395.contig386	6709	0	0
D395.contig387	6675	0	0
D395.contig388	6671	0	0
D395.contig389	6667	0	0
D395.contig390	6656	2	0
D395.contig391	6639	1268	156
D395.contig392	6634	0	0
D395.contig393	6621	0	0
D395.contig394	6621	12	6
D395.contig395	6612	0	0
D395.contig396	6604	0	0
D395.contig397	6600	0	0
D395.contig398	6589	0	0
D395.contig399	6584	0	0
D395.contig400	6579	0	0
D395.contig401	6565	35	31
D395.contig402	6519	0	0
D395.contig403	6517	0	0
D395.contig404	6515	0	0
D395.contig405	6514	0	0
D395.contig406	6512	0	0
D395.contig407	6503	0	0
D395.contig408	6498	0	0
D395.contig409	6486	0	0
D395.contig410	6455	0	0
D395.contig411	6426	0	0
D395.contig412	6419	0	0
D395.contig413	6413	0	0
D395.contig414	6393	0	0
D395.contig415	6380	0	0
D395.contig416	6375	0	0
D395.contig417	6332	0	0
D395.contig418	6328	0	0
D395.contig419	6309	0	0
D395.contig420	6300	0	0
D395.contig421	6296	0	0
D395.contig422	6290	0	0
D395.contig423	6282	384	83
D395.contig424	6281	2	0
D395.contig425	6281	0	0
D395.contig426	6278	0	0
D395.contig427	6271	2	2
D395.contig428	6270	152	13
D395.contig429	6244	0	0
D395.contig430	6221	0	0
D395.contig431	6203	0	0
D395.contig432	6200	0	0
D395.contig433	6173	0	0
D395.contig434	6160	16	0
D395.contig435	6157	0	0
D395.contig436	6138	0	0
D395.contig437	6136	0	0
D395.contig438	6113	0	0
D395.contig439	6103	0	0
D395.contig440	6093	0	0
D395.contig441	6074	0	0
D395.contig442	6071	2	0
D395.contig443	6054	0	0
D395.contig444	6050	0	0
D395.contig445	6047	0	0
D395.contig446	6047	0	0
D395.contig447	6031	0	0
D395.contig448	6030	0	0
D395.contig449	6023	0	0
D395.contig450	6019	0	0
D395.contig451	6003	0	0
D395.contig452	5997	0	0
D395.contig453	5994	0	0
D395.contig454	5969	0	0
D395.contig455	5959	74	7
D395.contig456	5950	0	0
D395.contig457	5940	0	0
D395.contig458	5927	0	0
D395.contig459	5923	0	0
D395.contig460	5918	0	0
D395.contig461	5903	0	0
D395.contig462	5894	0	0
D395.contig463	5867	0	0
D395.contig464	5863	0	0
D395.contig465	5850	0	0
D395.contig466	5836	0	0
D395.contig467	5826	3	0
D395.contig468	5821	0	0
D395.contig469	5815	0	0
D395.contig470	5814	2	0
D395.contig471	5804	0	0
D395.contig472	5796	0	0
D395.contig473	5790	0	0
D395.contig474	5776	0	0
D395.contig475	5773	0	0
D395.contig476	5765	0	0
D395.contig477	5762	0	0
D395.contig478	5747	54	8
D395.contig479	5744	0	0
D395.contig480	5718	0	0
D395.contig481	5713	0	0
D395.contig482	5705	0	0
D395.contig483	5704	0	0
D395.contig484	5697	0	0
D395.contig485	5685	0	0
D395.contig486	5668	0	0
D395.contig487	5647	3	1
D395.contig488	5646	0	0
D395.contig489	5635	0	0
D395.contig490	5623	4	0
D395.contig491	5622	0	0
D395.contig492	5611	0	0
D395.contig493	5606	0	0
D395.contig494	5590	0	0
D395.contig495	5579	0	0
D395.contig496	5568	0	0
D395.contig497	5557	0	0
D395.contig498	5557	14	0
D395.contig499	5550	0	0
D395.contig500	5524	0	0
D395.contig501	5497	0	0
D395.contig502	5479	0	0
D395.contig503	5452	0	0
D395.contig504	5440	0	0
D395.contig505	5440	1	1
D395.contig506	5440	0	0
D395.contig507	5433	9	7
D395.contig508	5432	0	0
D395.contig509	5432	0	0
D395.contig510	5416	0	0
D395.contig511	5415	0	0
D395.contig512	5414	0	0
D395.contig513	5406	0	0
D395.contig514	5400	0	0
D395.contig515	5382	7	7
D395.contig516	5373	0	0
D395.contig517	5371	0	0
D395.contig518	5371	0	0
D395.contig519	5340	0	0
D395.contig520	5338	0	0
D395.contig521	5330	0	0
D395.contig522	5314	0	0
D395.contig523	5302	0	0
D395.contig524	5294	0	0
D395.contig525	5292	0	0
D395.contig526	5288	0	0
D395.contig527	5283	0	0
D395.contig528	5282	0	0
D395.contig529	5277	0	0
D395.contig530	5260	1431	832
D395.contig531	5258	0	0
D395.contig532	5236	0	0
D395.contig533	5235	0	0
D395.contig534	5234	0	0
D395.contig535	5231	0	0
D395.contig536	5223	0	0
D395.contig537	5207	0	0
D395.contig538	5186	0	0
D395.contig539	5161	306	201
D395.contig540	5148	2	0
D395.contig541	5148	0	0
D395.contig542	5144	0	0
D395.contig543	5136	0	0
D395.contig544	5122	0	0
D395.contig545	5097	0	0
D395.contig546	5090	0	0
D395.contig547	5086	0	0
D395.contig548	5084	14	8
D395.contig549	5076	0	0
D395.contig550	5075	0	0
D395.contig551	5071	0	0
D395.contig552	5069	0	0
D395.contig553	5055	0	0
D395.contig554	5051	0	0
D395.contig555	5045	0	0
D395.contig556	5024	0	0
D395.contig557	5018	26	15
D395.contig558	5017	1	1
D395.contig559	5003	0	0
D395.contig560	4985	0	0
D395.contig561	4982	0	0
D395.contig562	4980	0	0
D395.contig563	4979	1	1
D395.contig564	4977	0	0
D395.contig565	4975	0	0
D395.contig566	4972	0	0
D395.contig567	4933	0	0
D395.contig568	4931	0	0
D395.contig569	4927	0	0
D395.contig570	4924	28855	474
D395.contig571	4922	0	0
D395.contig572	4906	0	0
D395.contig573	4903	0	0
D395.contig574	4901	0	0
D395.contig575	4894	18	0
D395.contig576	4887	0	0
D395.contig577	4881	0	0
D395.contig578	4880	0	0
D395.contig579	4877	0	0
D395.contig580	4861	10	4
D395.contig581	4859	0	0
D395.contig582	4853	108	76
D395.contig583	4850	0	0
D395.contig584	4848	0	0
D395.contig585	4845	20	4
D395.contig586	4845	0	0
D395.contig587	4841	2	0
D395.contig588	4829	6	2
D395.contig589	4821	0	0
D395.contig590	4820	0	0
D395.contig591	4816	0	0
D395.contig592	4815	0	0
D395.contig593	4802	0	0
D395.contig594	4799	0	0
D395.contig595	4779	0	0
D395.contig596	4773	7	3
D395.contig597	4767	18	4
D395.contig598	4766	0	0
D395.contig599	4763	0	0
D395.contig600	4763	0	0
D395.contig601	4761	0	0
D395.contig602	4757	565	24
D395.contig603	4749	0	0
D395.contig604	4748	0	0
D395.contig605	4748	0	0
D395.contig606	4742	0	0
D395.contig607	4736	0	0
D395.contig608	4733	1	1
D395.contig609	4728	3	1
D395.contig610	4706	175	11
D395.contig611	4703	0	0
D395.contig612	4700	2	2
D395.contig613	4692	0	0
D395.contig614	4687	0	0
D395.contig615	4683	1	1
D395.contig616	4678	49	37
D395.contig617	4678	0	0
D395.contig618	4678	0	0
D395.contig619	4676	0	0
D395.contig620	4656	0	0
D395.contig621	4654	0	0
D395.contig622	4647	0	0
D395.contig623	4633	0	0
D395.contig624	4625	0	0
D395.contig625	4615	0	0
D395.contig626	4596	2	0
D395.contig627	4592	8	2
D395.contig628	4582	0	0
D395.contig629	4581	0	0
D395.contig630	4577	4	4
D395.contig631	4570	0	0
D395.contig632	4569	0	0
D395.contig633	4569	0	0
D395.contig634	4566	0	0
D395.contig635	4556	0	0
D395.contig636	4543	0	0
D395.contig637	4541	0	0
D395.contig638	4539	1	1
D395.contig639	4521	0	0
D395.contig640	4516	0	0
D395.contig641	4496	0	0
D395.contig642	4479	0	0
D395.contig643	4477	0	0
D395.contig644	4476	0	0
D395.contig645	4463	0	0
D395.contig646	4462	0	0
D395.contig647	4443	0	0
D395.contig648	4442	0	0
D395.contig649	4441	2	2
D395.contig650	4423	47	39
D395.contig651	4414	0	0
D395.contig652	4408	0	0
D395.contig653	4407	0	0
D395.contig654	4405	0	0
D395.contig655	4399	0	0
D395.contig656	4395	0	0
D395.contig657	4376	0	0
D395.contig658	4375	0	0
D395.contig659	4374	29	5
D395.contig660	4372	0	0
D395.contig661	4366	0	0
D395.contig662	4347	0	0
D395.contig663	4346	0	0
D395.contig664	4345	0	0
D395.contig665	4344	0	0
D395.contig666	4343	0	0
D395.contig667	4341	4	0
D395.contig668	4337	0	0
D395.contig669	4335	4	0
D395.contig670	4332	0	0
D395.contig671	4324	0	0
D395.contig672	4318	0	0
D395.contig673	4314	0	0
D395.contig674	4312	0	0
D395.contig675	4312	0	0
D395.contig676	4303	0	0
D395.contig677	4301	0	0
D395.contig678	4301	0	0
D395.contig679	4300	1	1
D395.contig680	4298	0	0
D395.contig681	4289	14	0
D395.contig682	4286	2	2
D395.contig683	4280	0	0
D395.contig684	4264	0	0
D395.contig685	4257	0	0
D395.contig686	4249	0	0
D395.contig687	4242	0	0
D395.contig688	4238	0	0
D395.contig689	4231	1	1
D395.contig690	4230	0	0
D395.contig691	4229	0	0
D395.contig692	4222	0	0
D395.contig693	4220	0	0
D395.contig694	4219	0	0
D395.contig695	4216	0	0
D395.contig696	4213	105	20
D395.contig697	4212	0	0
D395.contig698	4212	0	0
D395.contig699	4208	0	0
D395.contig700	4198	0	0
D395.contig701	4197	0	0
D395.contig702	4193	0	0
D395.contig703	4191	0	0
D395.contig704	4191	0	0
D395.contig705	4182	0	0
D395.contig706	4181	9	2
D395.contig707	4173	0	0
D395.contig708	4164	0	0
D395.contig709	4156	0	0
D395.contig710	4140	0	0
D395.contig711	4138	0	0
D395.contig712	4137	0	0
D395.contig713	4131	0	0
D395.contig714	4131	0	0
D395.contig715	4123	0	0
D395.contig716	4121	0	0
D395.contig717	4120	0	0
D395.contig718	4120	0	0
D395.contig719	4105	0	0
D395.contig720	4103	0	0
D395.contig721	4101	0	0
D395.contig722	4096	0	0
D395.contig723	4095	10	0
D395.contig724	4086	0	0
D395.contig725	4085	4	0
D395.contig726	4072	0	0
D395.contig727	4061	0	0
D395.contig728	4057	127	63
D395.contig729	4056	0	0
D395.contig730	4053	0	0
D395.contig731	4045	0	0
D395.contig732	4037	0	0
D395.contig733	4032	0	0
D395.contig734	4029	0	0
D395.contig735	4023	0	0
D395.contig736	4022	0	0
D395.contig737	4015	0	0
D395.contig738	4013	0	0
D395.contig739	4011	0	0
D395.contig740	3999	0	0
D395.contig741	3994	0	0
D395.contig742	3992	0	0
D395.contig743	3983	0	0
D395.contig744	3982	0	0
D395.contig745	3974	180	3
D395.contig746	3970	0	0
D395.contig747	3966	0	0
D395.contig748	3964	2	2
D395.contig749	3946	0	0
D395.contig750	3937	0	0
D395.contig751	3931	0	0
D395.contig752	3912	0	0
D395.contig753	3912	0	0
D395.contig754	3910	58	12
D395.contig755	3909	0	0
D395.contig756	3905	2	2
D395.contig757	3903	0	0
D395.contig758	3901	0	0
D395.contig759	3892	0	0
D395.contig760	3889	326	25
D395.contig761	3885	8	0
D395.contig762	3871	0	0
D395.contig763	3865	0	0
D395.contig764	3862	0	0
D395.contig765	3858	27	1
D395.contig766	3856	0	0
D395.contig767	3853	0	0
D395.contig768	3853	0	0
D395.contig769	3845	0	0
D395.contig770	3840	0	0
D395.contig771	3840	21	17
D395.contig772	3833	0	0
D395.contig773	3828	0	0
D395.contig774	3826	0	0
D395.contig775	3824	0	0
D395.contig776	3813	0	0
D395.contig777	3811	0	0
D395.contig778	3810	15	1
D395.contig779	3803	0	0
D395.contig780	3802	0	0
D395.contig781	3801	0	0
D395.contig782	3791	0	0
D395.contig783	3784	0	0
D395.contig784	3782	239	159
D395.contig785	3779	55	41
D395.contig786	3773	0	0
D395.contig787	3765	0	0
D395.contig788	3762	0	0
D395.contig789	3756	0	0
D395.contig790	3748	0	0
D395.contig791	3742	0	0
D395.contig792	3739	0	0
D395.contig793	3736	0	0
D395.contig794	3731	0	0
D395.contig795	3729	0	0
D395.contig796	3729	0	0
D395.contig797	3728	0	0
D395.contig798	3727	0	0
D395.contig799	3714	0	0
D395.contig800	3709	0	0
D395.contig801	3701	0	0
D395.contig802	3691	0	0
D395.contig803	3675	0	0
D395.contig804	3673	0	0
D395.contig805	3672	184	14
D395.contig806	3667	0	0
D395.contig807	3665	0	0
D395.contig808	3663	0	0
D395.contig809	3660	0	0
D395.contig810	3658	303	23
D395.contig811	3656	0	0
D395.contig812	3645	0	0
D395.contig813	3641	0	0
D395.contig814	3630	0	0
D395.contig815	3625	0	0
D395.contig816	3623	38	4
D395.contig817	3620	0	0
D395.contig818	3615	0	0
D395.contig819	3610	0	0
D395.contig820	3601	0	0
D395.contig821	3596	0	0
D395.contig822	3595	0	0
D395.contig823	3593	0	0
D395.contig824	3592	0	0
D395.contig825	3591	3	3
D395.contig826	3586	0	0
D395.contig827	3585	0	0
D395.contig828	3585	0	0
D395.contig829	3582	192	49
D395.contig830	3573	3	1
D395.contig831	3563	0	0
D395.contig832	3563	0	0
D395.contig833	3563	0	0
D395.contig834	3560	0	0
D395.contig835	3535	0	0
D395.contig836	3531	0	0
D395.contig837	3528	0	0
D395.contig838	3523	0	0
D395.contig839	3520	0	0
D395.contig840	3516	0	0
D395.contig841	3508	20	0
D395.contig842	3508	0	0
D395.contig843	3504	0	0
D395.contig844	3499	0	0
D395.contig845	3498	0	0
D395.contig846	3497	0	0
D395.contig847	3495	0	0
D395.contig848	3491	0	0
D395.contig849	3491	0	0
D395.contig850	3484	0	0
D395.contig851	3482	0	0
D395.contig852	3477	0	0
D395.contig853	3476	0	0
D395.contig854	3476	0	0
D395.contig855	3464	0	0
D395.contig856	3461	0	0
D395.contig857	3460	0	0
D395.contig858	3458	0	0
D395.contig859	3451	0	0
D395.contig860	3447	52	6
D395.contig861	3447	0	0
D395.contig862	3447	0	0
D395.contig863	3445	0	0
D395.contig864	3445	0	0
D395.contig865	3440	0	0
D395.contig866	3440	0	0
D395.contig867	3435	0	0
D395.contig868	3435	0	0
D395.contig869	3419	0	0
D395.contig870	3416	0	0
D395.contig871	3415	0	0
D395.contig872	3412	0	0
D395.contig873	3408	0	0
D395.contig874	3406	225	15
D395.contig875	3402	0	0
D395.contig876	3397	0	0
D395.contig877	3397	0	0
D395.contig878	3396	0	0
D395.contig879	3391	0	0
D395.contig880	3385	0	0
D395.contig881	3384	0	0
D395.contig882	3380	0	0
D395.contig883	3372	0	0
D395.contig884	3372	0	0
D395.contig885	3361	0	0
D395.contig886	3359	0	0
D395.contig887	3357	0	0
D395.contig888	3357	21	5
D395.contig889	3352	0	0
D395.contig890	3352	28	24
D395.contig891	3352	0	0
D395.contig892	3347	0	0
D395.contig893	3346	3	1
D395.contig894	3344	0	0
D395.contig895	3342	0	0
D395.contig896	3338	0	0
D395.contig897	3338	0	0
D395.contig898	3333	0	0
D395.contig899	3330	0	0
D395.contig900	3329	0	0
D395.contig901	3307	0	0
D395.contig902	3306	460	80
D395.contig903	3305	0	0
D395.contig904	3299	0	0
D395.contig905	3296	0	0
D395.contig906	3292	0	0
D395.contig907	3287	0	0
D395.contig908	3280	0	0
D395.contig909	3279	0	0
D395.contig910	3274	0	0
D395.contig911	3271	0	0
D395.contig912	3260	0	0
D395.contig913	3260	0	0
D395.contig914	3257	29	2
D395.contig915	3256	0	0
D395.contig916	3255	0	0
D395.contig917	3253	0	0
D395.contig918	3250	0	0
D395.contig919	3249	0	0
D395.contig920	3246	3	3
D395.contig921	3246	0	0
D395.contig922	3240	0	0
D395.contig923	3240	0	0
D395.contig924	3234	0	0
D395.contig925	3232	373	313
D395.contig926	3230	0	0
D395.contig927	3225	0	0
D395.contig928	3223	0	0
D395.contig929	3217	0	0
D395.contig930	3215	0	0
D395.contig931	3213	0	0
D395.contig932	3211	0	0
D395.contig933	3206	3	1
D395.contig934	3206	0	0
D395.contig935	3205	0	0
D395.contig936	3205	0	0
D395.contig937	3200	0	0
D395.contig938	3194	0	0
D395.contig939	3188	0	0
D395.contig940	3188	0	0
D395.contig941	3184	0	0
D395.contig942	3183	0	0
D395.contig943	3183	0	0
D395.contig944	3179	0	0
D395.contig945	3179	0	0
D395.contig946	3175	0	0
D395.contig947	3175	0	0
D395.contig948	3172	0	0
D395.contig949	3169	0	0
D395.contig950	3168	8	6
D395.contig951	3153	0	0
D395.contig952	3152	20	12
D395.contig953	3152	0	0
D395.contig954	3152	70	50
D395.contig955	3150	208	24
D395.contig956	3147	0	0
D395.contig957	3147	0	0
D395.contig958	3144	0	0
D395.contig959	3133	0	0
D395.contig960	3127	0	0
D395.contig961	3125	0	0
D395.contig962	3124	7	3
D395.contig963	3124	4	2
D395.contig964	3124	0	0
D395.contig965	3120	0	0
D395.contig966	3120	0	0
D395.contig967	3118	0	0
D395.contig968	3115	0	0
D395.contig969	3112	0	0
D395.contig970	3109	0	0
D395.contig971	3100	0	0
D395.contig972	3095	0	0
D395.contig973	3094	0	0
D395.contig974	3094	0	0
D395.contig975	3092	51	3
D395.contig976	3089	0	0
D395.contig977	3087	0	0
D395.contig978	3083	0	0
D395.contig979	3081	0	0
D395.contig980	3078	0	0
D395.contig981	3075	0	0
D395.contig982	3069	0	0
D395.contig983	3068	0	0
D395.contig984	3065	37	3
D395.contig985	3051	0	0
D395.contig986	3050	0	0
D395.contig987	3047	0	0
D395.contig988	3047	574	96
D395.contig989	3043	0	0
D395.contig990	3042	0	0
D395.contig991	3037	0	0
D395.contig992	3033	0	0
D395.contig993	3030	0	0
D395.contig994	3029	0	0
D395.contig995	3029	87	12
D395.contig996	3018	0	0
D395.contig997	3015	0	0
D395.contig998	3011	4	4
D395.contig999	3008	0	0
D395.contig1000	3008	0	0
D395.contig1001	3006	0	0
D395.contig1002	3005	0	0
D395.contig1003	3000	0	0
*	0	0	10252090
