RD1.contig1	2618	1320	4
RD1.contig2	2303	3358197	255064
RD1.contig3	2099	1054	21
RD1.contig4	1844	14136	4683
RD1.contig5	1727	7025	1367
RD1.contig6	1525	4810354	546278
RD1.contig7	1273	254	10
RD1.contig8	1058	88	0
RD1.contig9	1017	243	7
RD1.contig10	853	75365	2252
RD1.contig11	824	12344	2004
RD1.contig12	767	69	5
RD1.contig13	718	712	113
RD1.contig14	694	30	4
RD1.contig15	678	8215	270
RD1.contig16	671	35	5
RD1.contig17	669	1763	16
RD1.contig18	654	5001	279
RD1.contig19	644	11590	2436
RD1.contig20	641	27	1
RD1.contig21	624	45920	7874
RD1.contig22	621	49145	18336
RD1.contig23	595	4164	23
RD1.contig24	568	131649	12140
RD1.contig25	553	19452	5330
RD1.contig26	546	53	4
RD1.contig27	544	37	3
RD1.contig28	543	42536	18954
RD1.contig29	541	92	8
RD1.contig30	527	2196	256
RD1.contig31	511	342	10
RD1.contig32	507	374044	137094
RD1.contig33	494	4805	655
RD1.contig34	486	1050	20
RD1.contig35	485	62754	8813
RD1.contig36	476	1358	39
RD1.contig37	472	35173	13582
RD1.contig38	471	276	5
RD1.contig39	461	2125	61
RD1.contig40	460	38	2
RD1.contig41	459	9896	2203
RD1.contig42	457	1129	16
RD1.contig43	454	23543	332
RD1.contig44	452	46	0
RD1.contig45	446	62	0
RD1.contig46	443	1696	103
RD1.contig47	439	30	4
RD1.contig48	434	50	0
RD1.contig49	421	37	1
RD1.contig50	417	1415	20
RD1.contig51	404	31	3
RD1.contig52	403	14314	8514
RD1.contig53	403	36033	4176
RD1.contig54	400	40	4
RD1.contig55	399	312	13
RD1.contig56	395	13	3
RD1.contig57	393	15142	3389
RD1.contig58	386	21	7
RD1.contig59	381	28	3
RD1.contig60	379	429	5
RD1.contig61	377	6945	862
RD1.contig62	377	62	4
RD1.contig63	370	3884	990
RD1.contig64	364	14	2
RD1.contig65	361	16	6
RD1.contig66	358	27	1
RD1.contig67	356	708	5
RD1.contig68	355	4779	1087
RD1.contig69	349	10	4
RD1.contig70	344	972	247
RD1.contig71	343	2255	452
RD1.contig72	332	14	4
RD1.contig73	330	24	2
RD1.contig74	325	3787	215
RD1.contig75	324	109294	49299
RD1.contig76	324	1281	364
RD1.contig77	322	686	34
RD1.contig78	321	104	4
RD1.contig79	317	79882	39422
RD1.contig80	316	24378	1500
RD1.contig81	315	5955	1007
RD1.contig82	315	4723	763
RD1.contig83	308	26	2
RD1.contig84	303	8393	3657
*	0	0	16753824
