R3454.contig1	1629	356635	7594
R3454.contig2	1564	3681	17
R3454.contig3	1540	12257	76
R3454.contig4	1456	34605	642
R3454.contig5	1326	1060	15
R3454.contig6	1279	2042	6
R3454.contig7	1241	4692	20
R3454.contig8	1226	2311	10
R3454.contig9	1140	62009	3722
R3454.contig10	1070	24824	441
R3454.contig11	1068	25949	1176
R3454.contig12	1015	132	3
R3454.contig13	989	4614	6
R3454.contig14	968	200	2
R3454.contig15	954	246	2
R3454.contig16	944	146	1
R3454.contig17	937	39799	1913
R3454.contig18	929	539	3
R3454.contig19	925	11150	614
R3454.contig20	920	16975	1629
R3454.contig21	911	54711	2518
R3454.contig22	874	160237	4649
R3454.contig23	869	17555	1074
R3454.contig24	854	34470	6981
R3454.contig25	851	22181	498
R3454.contig26	851	38869	2521
R3454.contig27	850	16615	290
R3454.contig28	837	2522	2
R3454.contig29	833	812	6
R3454.contig30	829	51027	388
R3454.contig31	825	2046	2
R3454.contig32	823	782	2
R3454.contig33	820	1040	2
R3454.contig34	815	6436	543
R3454.contig35	814	97	5
R3454.contig36	782	34427	2629
R3454.contig37	781	130	0
R3454.contig38	773	21326	1666
R3454.contig39	755	8449	304
R3454.contig40	750	38650	547
R3454.contig41	750	20452	612
R3454.contig42	749	457	1
R3454.contig43	743	550	1
R3454.contig44	742	54440	1585
R3454.contig45	734	1003	2
R3454.contig46	711	482	0
R3454.contig47	711	450	28
R3454.contig48	703	85	1
R3454.contig49	699	9364	406
R3454.contig50	696	3295	205
R3454.contig51	687	1204	0
R3454.contig52	686	80	0
R3454.contig53	686	381	1
R3454.contig54	682	116103	3798
R3454.contig55	682	295	1
R3454.contig56	680	68277	5080
R3454.contig57	678	49360	3126
R3454.contig58	678	217	3
R3454.contig59	678	2216	4
R3454.contig60	677	822	0
R3454.contig61	669	611	1
R3454.contig62	667	273	3
R3454.contig63	665	6487	620
R3454.contig64	665	1553	64
R3454.contig65	665	314	2
R3454.contig66	663	17221	1274
R3454.contig67	656	43	3
R3454.contig68	647	1117	1
R3454.contig69	644	90	2
R3454.contig70	644	240	0
R3454.contig71	643	611	2
R3454.contig72	642	749	1
R3454.contig73	640	20076	767
R3454.contig74	638	348	0
R3454.contig75	633	131	1
R3454.contig76	632	690	0
R3454.contig77	630	590	2
R3454.contig78	628	124	6
R3454.contig79	628	26334	1027
R3454.contig80	628	5549	588
R3454.contig81	626	176	2
R3454.contig82	621	11986	332
R3454.contig83	621	42	0
R3454.contig84	617	56439	3280
R3454.contig85	615	547	1
R3454.contig86	610	6738	70
R3454.contig87	609	131	1
R3454.contig88	609	1276	0
R3454.contig89	608	309738	19968
R3454.contig90	606	475	3
R3454.contig91	600	132	0
R3454.contig92	597	778	13
R3454.contig93	595	166	0
R3454.contig94	594	687	3
R3454.contig95	592	94	0
R3454.contig96	591	76	4
R3454.contig97	590	960	0
R3454.contig98	582	577	1
R3454.contig99	581	6346	274
R3454.contig100	579	171013	8731
R3454.contig101	577	234	6
R3454.contig102	577	9089	802
R3454.contig103	577	2860	85
R3454.contig104	573	44	0
R3454.contig105	571	124	2
R3454.contig106	571	27684	5011
R3454.contig107	570	43165	863
R3454.contig108	566	19993	802
R3454.contig109	564	31441	1051
R3454.contig110	560	491697	4484
R3454.contig111	560	35613	1415
R3454.contig112	558	222	0
R3454.contig113	557	491	1
R3454.contig114	557	184	0
R3454.contig115	555	43	3
R3454.contig116	553	527	22
R3454.contig117	553	16770	548
R3454.contig118	551	31	7
R3454.contig119	549	1268	0
R3454.contig120	547	4079	212
R3454.contig121	545	16415	1385
R3454.contig122	543	359	30
R3454.contig123	543	660	0
R3454.contig124	543	989	48
R3454.contig125	543	92	0
R3454.contig126	543	20729	3385
R3454.contig127	541	7442	375
R3454.contig128	540	174	0
R3454.contig129	539	54556	5461
R3454.contig130	539	83	1
R3454.contig131	538	4258	572
R3454.contig132	538	1479	194
R3454.contig133	537	500	2
R3454.contig134	536	78954	6442
R3454.contig135	535	39834	5327
R3454.contig136	534	11344	1771
R3454.contig137	532	500	107
R3454.contig138	531	32	0
R3454.contig139	528	512	0
R3454.contig140	527	27955	680
R3454.contig141	527	132	0
R3454.contig142	525	125	1
R3454.contig143	524	20	8
R3454.contig144	523	264	0
R3454.contig145	523	260	0
R3454.contig146	523	295	0
R3454.contig147	523	24363	717
R3454.contig148	521	208	0
R3454.contig149	516	26	0
R3454.contig150	515	218	0
R3454.contig151	515	5225	202
R3454.contig152	513	76	0
R3454.contig153	513	209	1
R3454.contig154	511	94	0
R3454.contig155	511	10640	828
R3454.contig156	509	297	1
R3454.contig157	509	75	1
R3454.contig158	507	96	0
R3454.contig159	504	62	0
R3454.contig160	504	120	0
R3454.contig161	503	136	0
R3454.contig162	501	318	3
R3454.contig163	500	296	0
R3454.contig164	500	68	0
R3454.contig165	499	105	7
R3454.contig166	498	96	0
R3454.contig167	498	62	0
R3454.contig168	497	1932	207
R3454.contig169	492	178	1
R3454.contig170	492	2915	260
R3454.contig171	491	3317	164
R3454.contig172	490	15405	796
R3454.contig173	489	50508	3541
R3454.contig174	489	13287	1649
R3454.contig175	488	95	3
R3454.contig176	487	867	55
R3454.contig177	487	501	1
R3454.contig178	486	951	148
R3454.contig179	486	158	0
R3454.contig180	484	33	1
R3454.contig181	482	17820	699
R3454.contig182	481	9817	353
R3454.contig183	480	20747	1148
R3454.contig184	479	80	0
R3454.contig185	477	222	0
R3454.contig186	476	182	0
R3454.contig187	473	71	1
R3454.contig188	473	104	0
R3454.contig189	472	40	0
R3454.contig190	471	50	2
R3454.contig191	471	30	0
R3454.contig192	470	7364	956
R3454.contig193	470	19581	1736
R3454.contig194	468	7854	1396
R3454.contig195	467	2273	203
R3454.contig196	464	22	2
R3454.contig197	461	52	2
R3454.contig198	459	141	0
R3454.contig199	456	2978	326
R3454.contig200	456	15456	2618
R3454.contig201	455	131032	23322
R3454.contig202	455	15046	837
R3454.contig203	455	146	0
R3454.contig204	455	36	4
R3454.contig205	453	2184	142
R3454.contig206	453	182	1
R3454.contig207	452	15545	1365
R3454.contig208	450	64	0
R3454.contig209	449	58310	6392
R3454.contig210	449	14298	517
R3454.contig211	449	9271	341
R3454.contig212	448	137	2
R3454.contig213	447	72	0
R3454.contig214	447	1848	115
R3454.contig215	446	50	0
R3454.contig216	445	21	5
R3454.contig217	444	48	0
R3454.contig218	441	3581	324
R3454.contig219	441	8611	778
R3454.contig220	440	38	0
R3454.contig221	439	18961	1732
R3454.contig222	439	4761	204
R3454.contig223	439	45583	8398
R3454.contig224	438	140	0
R3454.contig225	437	43	1
R3454.contig226	437	815	89
R3454.contig227	436	84	0
R3454.contig228	435	14375	997
R3454.contig229	434	64	0
R3454.contig230	433	850	28
R3454.contig231	432	167527	1361
R3454.contig232	432	32	2
R3454.contig233	431	36	0
R3454.contig234	431	18739	388
R3454.contig235	431	100	0
R3454.contig236	430	35	1
R3454.contig237	430	5564	387
R3454.contig238	430	53	1
R3454.contig239	429	315	3
R3454.contig240	428	11212	973
R3454.contig241	427	340	6
R3454.contig242	427	65	1
R3454.contig243	427	3413	138
R3454.contig244	425	56	0
R3454.contig245	425	8684	414
R3454.contig246	424	66	0
R3454.contig247	423	47	0
R3454.contig248	421	1234	87
R3454.contig249	420	2121	197
R3454.contig250	417	58	0
R3454.contig251	417	74	0
R3454.contig252	416	42	0
R3454.contig253	416	5959	868
R3454.contig254	415	8009	779
R3454.contig255	414	187	1
R3454.contig256	413	6955	280
R3454.contig257	413	56	0
R3454.contig258	412	28	0
R3454.contig259	412	5249	213
R3454.contig260	411	34	2
R3454.contig261	410	76	1
R3454.contig262	408	134	0
R3454.contig263	408	42364	3990
R3454.contig264	407	42	4
R3454.contig265	406	22492	774
R3454.contig266	406	41	3
R3454.contig267	406	38	0
R3454.contig268	406	89780	4490
R3454.contig269	406	1487	30
R3454.contig270	405	35236	4893
R3454.contig271	404	33	1
R3454.contig272	404	5104	455
R3454.contig273	404	2276	147
R3454.contig274	402	10368	241
R3454.contig275	402	14534	753
R3454.contig276	401	581	49
R3454.contig277	400	18910	419
R3454.contig278	400	17934	662
R3454.contig279	400	50	2
R3454.contig280	399	2315	120
R3454.contig281	399	38	0
R3454.contig282	399	36	2
R3454.contig283	398	4159	302
R3454.contig284	398	21	3
R3454.contig285	396	13028	379
R3454.contig286	396	3231	89
R3454.contig287	396	8492	1853
R3454.contig288	395	72	0
R3454.contig289	393	114	0
R3454.contig290	392	22	0
R3454.contig291	391	7604	191
R3454.contig292	391	26456	859
R3454.contig293	390	7292	437
R3454.contig294	389	40210	1251
R3454.contig295	386	64	0
R3454.contig296	385	28	0
R3454.contig297	384	7436	385
R3454.contig298	384	2757	78
R3454.contig299	384	32	0
R3454.contig300	382	32	0
R3454.contig301	382	28	0
R3454.contig302	380	4222	321
R3454.contig303	380	56	0
R3454.contig304	379	932	90
R3454.contig305	379	62	0
R3454.contig306	379	26774	1965
R3454.contig307	379	345	27
R3454.contig308	378	17906	931
R3454.contig309	378	23	3
R3454.contig310	378	54	0
R3454.contig311	377	30	0
R3454.contig312	376	28	0
R3454.contig313	376	12	4
R3454.contig314	376	778	92
R3454.contig315	376	13858	593
R3454.contig316	376	29	3
R3454.contig317	376	23	5
R3454.contig318	375	11394	2004
R3454.contig319	375	115308	13897
R3454.contig320	375	152	17
R3454.contig321	375	43	1
R3454.contig322	375	1297	68
R3454.contig323	374	6375	827
R3454.contig324	374	40	2
R3454.contig325	373	409	15
R3454.contig326	372	32	0
R3454.contig327	372	6394	399
R3454.contig328	371	1770	150
R3454.contig329	371	16	2
R3454.contig330	371	102	1
R3454.contig331	369	108	0
R3454.contig332	369	10661	655
R3454.contig333	369	4860	298
R3454.contig334	366	6861	605
R3454.contig335	364	10452	445
R3454.contig336	363	30473	2975
R3454.contig337	363	4034	179
R3454.contig338	362	20932	1923
R3454.contig339	361	19991	1480
R3454.contig340	359	3889	134
R3454.contig341	358	28	0
R3454.contig342	357	22902	557
R3454.contig343	357	45	1
R3454.contig344	353	9914	400
R3454.contig345	353	6302	221
R3454.contig346	353	50	0
R3454.contig347	352	36	0
R3454.contig348	352	12087	417
R3454.contig349	350	968	8
R3454.contig350	350	57070	10295
R3454.contig351	350	16934	2123
R3454.contig352	349	28	0
R3454.contig353	349	13935	2524
R3454.contig354	348	7	3
R3454.contig355	348	1158	59
R3454.contig356	348	6022	687
R3454.contig357	347	59526	4748
R3454.contig358	344	14	2
R3454.contig359	343	850	12
R3454.contig360	341	4442	168
R3454.contig361	340	965	79
R3454.contig362	339	72	0
R3454.contig363	337	16	0
R3454.contig364	336	25	3
R3454.contig365	334	1315	62
R3454.contig366	333	31	1
R3454.contig367	331	5097	252
R3454.contig368	328	6433	298
R3454.contig369	326	557	134
R3454.contig370	324	21	1
R3454.contig371	323	28	0
R3454.contig372	322	58	0
R3454.contig373	320	12463	437
R3454.contig374	320	30988	5697
R3454.contig375	319	19	3
R3454.contig376	319	17	1
R3454.contig377	317	29	1
R3454.contig378	316	15	5
R3454.contig379	314	1083	134
R3454.contig380	314	33	5
R3454.contig381	313	34722	1604
R3454.contig382	312	29	5
R3454.contig383	309	8817	281
R3454.contig384	309	35	1
R3454.contig385	308	35237	2813
R3454.contig386	308	37	7
R3454.contig387	307	162943	1352
R3454.contig388	307	815	100
R3454.contig389	306	38	4
R3454.contig390	306	11	3
R3454.contig391	305	51	5
R3454.contig392	304	48100	4501
R3454.contig393	303	2513	71
R3454.contig394	303	13021	933
R3454.contig395	303	4786	686
R3454.contig396	303	13	3
R3454.contig397	302	28	4
R3454.contig398	302	2985	120
R3454.contig399	301	9613	780
R3454.contig400	300	5224	93
*	0	0	339964
