R3960.contig1	1641	189	1
R3960.contig2	1565	497650	5091
R3960.contig3	1459	3115	13
R3960.contig4	1389	795	12
R3960.contig5	1386	1993	175
R3960.contig6	1271	285	3
R3960.contig7	1263	453	6
R3960.contig8	1253	30514	1043
R3960.contig9	1232	458	18
R3960.contig10	1229	123	16
R3960.contig11	1229	102	5
R3960.contig12	1174	149054	6062
R3960.contig13	1164	206	2
R3960.contig14	1125	192663	23062
R3960.contig15	1117	517	17
R3960.contig16	1113	147	3
R3960.contig17	1110	217221	19223
R3960.contig18	1065	26843	7635
R3960.contig19	1002	65	3
R3960.contig20	965	200	3
R3960.contig21	949	130656	16217
R3960.contig22	947	64	4
R3960.contig23	931	650	2
R3960.contig24	868	2171	14
R3960.contig25	855	352	0
R3960.contig26	843	90	2
R3960.contig27	771	1343	9
R3960.contig28	769	227	1
R3960.contig29	746	154	3
R3960.contig30	742	54	4
R3960.contig31	739	88	8
R3960.contig32	727	182	2
R3960.contig33	726	27100	4355
R3960.contig34	709	219	1
R3960.contig35	703	58	4
R3960.contig36	673	2810	697
R3960.contig37	663	186	3
R3960.contig38	648	35	7
R3960.contig39	639	1129	15
R3960.contig40	632	7888	138
R3960.contig41	611	444	1
R3960.contig42	611	73	9
R3960.contig43	607	4271	118
R3960.contig44	605	80	2
R3960.contig45	580	9963	1717
R3960.contig46	573	5101	40
R3960.contig47	570	3466	113
R3960.contig48	566	44	6
R3960.contig49	557	269	1
R3960.contig50	549	118	0
R3960.contig51	544	8295	89
R3960.contig52	541	19	7
R3960.contig53	536	560	4
R3960.contig54	527	19	3
R3960.contig55	507	125	1
R3960.contig56	499	2628	57
R3960.contig57	473	283	39
R3960.contig58	472	280	9
R3960.contig59	451	2980	61
R3960.contig60	451	432	58
R3960.contig61	450	2406	100
R3960.contig62	449	1692	78
R3960.contig63	432	434	31
R3960.contig64	430	158	4
R3960.contig65	427	12	4
R3960.contig66	425	8902	137
R3960.contig67	422	71	3
R3960.contig68	417	72	9
R3960.contig69	416	702	13
R3960.contig70	413	720	52
R3960.contig71	412	1561	20
R3960.contig72	411	15	5
R3960.contig73	410	197	6
R3960.contig74	407	56	2
R3960.contig75	403	734	9
R3960.contig76	402	223	58
R3960.contig77	402	1022	180
R3960.contig78	396	31	3
R3960.contig79	394	81	7
R3960.contig80	393	71	7
R3960.contig81	383	114	2
R3960.contig82	379	562	156
R3960.contig83	376	1314	10
R3960.contig84	374	19	9
R3960.contig85	351	16	4
R3960.contig86	344	13	7
R3960.contig87	343	27	1
R3960.contig88	342	52	1
R3960.contig89	339	260	13
R3960.contig90	336	430	5
R3960.contig91	332	570	51
R3960.contig92	332	15	9
R3960.contig93	329	17	1
R3960.contig94	326	145515	32895
R3960.contig95	322	53	1
R3960.contig96	318	90273	14334
R3960.contig97	313	21	5
R3960.contig98	310	443	15
R3960.contig99	309	49	1
R3960.contig100	308	144	4
R3960.contig101	307	44	2
R3960.contig102	300	11	1
R3960.contig103	300	8	4
*	0	0	419472
