R3404.contig1	2962	18692	7825
R3404.contig2	2158	22	2
R3404.contig3	2118	0	0
R3404.contig4	2106	0	0
R3404.contig5	1999	0	0
R3404.contig6	1816	2	0
R3404.contig7	1787	2872	642
R3404.contig8	1758	0	0
R3404.contig9	1753	0	0
R3404.contig10	1748	1	1
R3404.contig11	1688	2	0
R3404.contig12	1592	0	0
R3404.contig13	1514	0	0
R3404.contig14	1491	0	0
R3404.contig15	1490	610	82
R3404.contig16	1482	10324	2250
R3404.contig17	1462	0	0
R3404.contig18	1414	85465	28968
R3404.contig19	1411	0	0
R3404.contig20	1364	0	0
R3404.contig21	1360	0	0
R3404.contig22	1351	0	0
R3404.contig23	1312	0	0
R3404.contig24	1309	2	0
R3404.contig25	1265	0	0
R3404.contig26	1263	105	17
R3404.contig27	1254	2241671	118519
R3404.contig28	1251	0	0
R3404.contig29	1247	0	0
R3404.contig30	1225	0	0
R3404.contig31	1209	0	0
R3404.contig32	1203	7	1
R3404.contig33	1168	1	1
R3404.contig34	1164	1834	139
R3404.contig35	1162	1085	259
R3404.contig36	1162	13	5
R3404.contig37	1160	0	0
R3404.contig38	1159	0	0
R3404.contig39	1127	0	0
R3404.contig40	1117	39	18
R3404.contig41	1077	0	0
R3404.contig42	1063	0	0
R3404.contig43	1054	0	0
R3404.contig44	1051	0	0
R3404.contig45	1050	0	0
R3404.contig46	1048	398	28
R3404.contig47	1043	0	0
R3404.contig48	1043	0	0
R3404.contig49	1013	2	0
R3404.contig50	1001	0	0
R3404.contig51	995	2396977	435250
R3404.contig52	992	0	0
R3404.contig53	980	2	0
R3404.contig54	978	4050	236
R3404.contig55	977	87	4
R3404.contig56	975	16035	1237
R3404.contig57	970	0	0
R3404.contig58	969	8086	2032
R3404.contig59	959	0	0
R3404.contig60	944	0	0
R3404.contig61	939	0	0
R3404.contig62	933	3	1
R3404.contig63	921	0	0
R3404.contig64	918	1015483	48778
R3404.contig65	915	6	1
R3404.contig66	902	0	0
R3404.contig67	901	0	0
R3404.contig68	899	308	65
R3404.contig69	891	0	0
R3404.contig70	881	0	0
R3404.contig71	881	5335	697
R3404.contig72	867	4192	628
R3404.contig73	866	0	0
R3404.contig74	865	220167	47604
R3404.contig75	859	0	0
R3404.contig76	858	0	0
R3404.contig77	848	0	0
R3404.contig78	846	117652	5367
R3404.contig79	839	4073	1018
R3404.contig80	834	0	0
R3404.contig81	813	0	0
R3404.contig82	810	23	1
R3404.contig83	806	0	0
R3404.contig84	803	0	0
R3404.contig85	793	0	0
R3404.contig86	780	1	1
R3404.contig87	778	0	0
R3404.contig88	778	23	1
R3404.contig89	774	1909	366
R3404.contig90	764	0	0
R3404.contig91	757	0	0
R3404.contig92	753	1088	113
R3404.contig93	751	81	14
R3404.contig94	750	0	0
R3404.contig95	747	0	0
R3404.contig96	746	7	3
R3404.contig97	741	1341	466
R3404.contig98	735	87573	20120
R3404.contig99	730	0	0
R3404.contig100	720	108891	48621
R3404.contig101	719	380	36
R3404.contig102	716	103210	8911
R3404.contig103	714	0	0
R3404.contig104	712	0	0
R3404.contig105	711	0	0
R3404.contig106	710	64473	23405
R3404.contig107	709	320	8
R3404.contig108	708	1054	41
R3404.contig109	707	0	0
R3404.contig110	707	0	0
R3404.contig111	705	9226	5005
R3404.contig112	703	0	0
R3404.contig113	702	0	0
R3404.contig114	702	0	0
R3404.contig115	699	7	1
R3404.contig116	686	0	0
R3404.contig117	681	3135	835
R3404.contig118	673	0	0
R3404.contig119	673	76388	17416
R3404.contig120	672	104	23
R3404.contig121	669	0	0
R3404.contig122	664	225589	43565
R3404.contig123	662	0	0
R3404.contig124	661	4	0
R3404.contig125	659	119	24
R3404.contig126	659	338	132
R3404.contig127	653	5651	1046
R3404.contig128	651	286193	83914
R3404.contig129	645	2	2
R3404.contig130	644	0	0
R3404.contig131	643	4257	1484
R3404.contig132	639	3966	749
R3404.contig133	639	121460	44471
R3404.contig134	639	2563	665
R3404.contig135	638	171	7
R3404.contig136	633	0	0
R3404.contig137	631	0	0
R3404.contig138	631	0	0
R3404.contig139	631	0	0
R3404.contig140	630	0	0
R3404.contig141	624	46681	18464
R3404.contig142	623	1551	587
R3404.contig143	612	4017	1324
R3404.contig144	612	5	1
R3404.contig145	608	1794	630
R3404.contig146	608	0	0
R3404.contig147	604	33688	2120
R3404.contig148	603	0	0
R3404.contig149	601	0	0
R3404.contig150	601	28	0
R3404.contig151	586	0	0
R3404.contig152	585	7438	2937
R3404.contig153	582	0	0
R3404.contig154	582	0	0
R3404.contig155	576	2924	916
R3404.contig156	573	0	0
R3404.contig157	571	158872	23850
R3404.contig158	565	108	11
R3404.contig159	565	0	0
R3404.contig160	560	0	0
R3404.contig161	558	0	0
R3404.contig162	552	157335	40324
R3404.contig163	547	0	0
R3404.contig164	542	0	0
R3404.contig165	541	0	0
R3404.contig166	539	354	14
R3404.contig167	538	1018	162
R3404.contig168	536	0	0
R3404.contig169	535	0	0
R3404.contig170	532	0	0
R3404.contig171	531	0	0
R3404.contig172	526	0	0
R3404.contig173	519	0	0
R3404.contig174	518	0	0
R3404.contig175	512	16400	3694
R3404.contig176	509	228781	41644
R3404.contig177	508	0	0
R3404.contig178	508	0	0
R3404.contig179	503	0	0
R3404.contig180	503	70	9
R3404.contig181	503	0	0
R3404.contig182	502	0	0
R3404.contig183	499	16377	1450
R3404.contig184	495	2643	1064
R3404.contig185	491	4	0
R3404.contig186	490	0	0
R3404.contig187	490	48385	2852
R3404.contig188	490	6	2
R3404.contig189	486	185	113
R3404.contig190	482	0	0
R3404.contig191	472	0	0
R3404.contig192	466	0	0
R3404.contig193	463	1131	321
R3404.contig194	460	0	0
R3404.contig195	459	0	0
R3404.contig196	458	0	0
R3404.contig197	458	129	38
R3404.contig198	452	1496	531
R3404.contig199	445	0	0
R3404.contig200	443	0	0
R3404.contig201	441	0	0
R3404.contig202	440	0	0
R3404.contig203	438	1696	813
R3404.contig204	437	0	0
R3404.contig205	435	0	0
R3404.contig206	435	70150	17782
R3404.contig207	431	745	157
R3404.contig208	430	0	0
R3404.contig209	429	10822	5256
R3404.contig210	427	144	9
R3404.contig211	427	0	0
R3404.contig212	423	0	0
R3404.contig213	422	7	1
R3404.contig214	422	0	0
R3404.contig215	414	0	0
R3404.contig216	409	0	0
R3404.contig217	407	0	0
R3404.contig218	407	11	3
R3404.contig219	400	0	0
R3404.contig220	400	0	0
R3404.contig221	394	0	0
R3404.contig222	392	812	186
R3404.contig223	391	4	2
R3404.contig224	390	0	0
R3404.contig225	390	71	15
R3404.contig226	390	2318	639
R3404.contig227	389	0	0
R3404.contig228	381	0	0
R3404.contig229	381	0	0
R3404.contig230	381	0	0
R3404.contig231	381	0	0
R3404.contig232	380	140	34
R3404.contig233	380	0	0
R3404.contig234	379	133	11
R3404.contig235	379	61199	6941
R3404.contig236	377	35733	4986
R3404.contig237	377	209	68
R3404.contig238	374	0	0
R3404.contig239	370	52	19
R3404.contig240	367	0	0
R3404.contig241	363	0	0
R3404.contig242	363	0	0
R3404.contig243	362	3600	790
R3404.contig244	361	0	0
R3404.contig245	356	3	1
R3404.contig246	353	0	0
R3404.contig247	348	26	2
R3404.contig248	345	59022	11830
R3404.contig249	340	0	0
R3404.contig250	337	14	6
R3404.contig251	336	26349	4379
R3404.contig252	333	143696	15347
R3404.contig253	333	165	3
R3404.contig254	330	26734	8109
R3404.contig255	328	0	0
R3404.contig256	328	48	2
R3404.contig257	327	0	0
R3404.contig258	325	151170	46405
R3404.contig259	324	0	0
R3404.contig260	323	0	0
R3404.contig261	320	0	0
R3404.contig262	320	0	0
R3404.contig263	319	114229	31615
R3404.contig264	318	0	0
R3404.contig265	315	0	0
R3404.contig266	311	0	0
R3404.contig267	311	0	0
R3404.contig268	310	5515	823
R3404.contig269	309	0	0
R3404.contig270	308	0	0
R3404.contig271	307	2891451	895528
R3404.contig272	307	0	0
R3404.contig273	304	0	0
R3404.contig274	303	49	8
R3404.contig275	302	0	0
R3404.contig276	302	0	0
R3404.contig277	302	1276	726
R3404.contig278	301	0	0
R3404.contig279	301	0	0
R3404.contig280	301	0	0
R3404.contig281	301	0	0
*	0	0	13555260
