R4284.contig1	2109	65868	13027
R4284.contig2	1674	7797	3839
R4284.contig3	1662	0	0
R4284.contig4	1575	3240049	156295
R4284.contig5	1552	24	3
R4284.contig6	1415	595	39
R4284.contig7	1391	164	7
R4284.contig8	1350	19140	2217
R4284.contig9	1314	6	0
R4284.contig10	1253	21744	420
R4284.contig11	1181	3941111	241987
R4284.contig12	1176	7	1
R4284.contig13	1143	225	19
R4284.contig14	1125	0	0
R4284.contig15	1116	142	6
R4284.contig16	1091	309	5
R4284.contig17	1071	70	13
R4284.contig18	1043	506	185
R4284.contig19	1039	86	2
R4284.contig20	1020	983	450
R4284.contig21	1010	63	4
R4284.contig22	994	0	0
R4284.contig23	989	707231	129045
R4284.contig24	968	164	9
R4284.contig25	966	129	5
R4284.contig26	958	3118	965
R4284.contig27	953	1429	395
R4284.contig28	949	3362	787
R4284.contig29	947	127383	39183
R4284.contig30	918	69	1
R4284.contig31	916	0	0
R4284.contig32	914	18	2
R4284.contig33	908	1791	590
R4284.contig34	907	25	3
R4284.contig35	891	20152	8906
R4284.contig36	870	0	0
R4284.contig37	854	65	1
R4284.contig38	852	295	35
R4284.contig39	851	30	12
R4284.contig40	828	0	0
R4284.contig41	803	462	45
R4284.contig42	793	8	2
R4284.contig43	791	54	9
R4284.contig44	785	2617	75
R4284.contig45	782	66	13
R4284.contig46	781	0	0
R4284.contig47	773	48841	14404
R4284.contig48	771	0	0
R4284.contig49	764	58	4
R4284.contig50	761	900	140
R4284.contig51	744	91	22
R4284.contig52	743	0	0
R4284.contig53	729	0	0
R4284.contig54	726	91	4
R4284.contig55	725	771	164
R4284.contig56	721	18	0
R4284.contig57	715	0	0
R4284.contig58	711	34	0
R4284.contig59	710	0	0
R4284.contig60	705	0	0
R4284.contig61	680	13685	7340
R4284.contig62	675	0	0
R4284.contig63	665	183	6
R4284.contig64	661	42320	15151
R4284.contig65	655	2926	1404
R4284.contig66	653	95101	34342
R4284.contig67	648	1342	331
R4284.contig68	642	392	74
R4284.contig69	631	92	7
R4284.contig70	630	232	17
R4284.contig71	621	0	0
R4284.contig72	614	62	5
R4284.contig73	612	14845	3967
R4284.contig74	612	374	21
R4284.contig75	609	0	0
R4284.contig76	608	29308	11602
R4284.contig77	607	0	0
R4284.contig78	604	5405	538
R4284.contig79	595	132	11
R4284.contig80	595	48	8
R4284.contig81	583	0	0
R4284.contig82	581	354	29
R4284.contig83	580	0	0
R4284.contig84	573	213	7
R4284.contig85	573	0	0
R4284.contig86	571	0	0
R4284.contig87	570	3314	1461
R4284.contig88	570	134	0
R4284.contig89	568	55028	6919
R4284.contig90	565	17	4
R4284.contig91	564	0	0
R4284.contig92	562	201	37
R4284.contig93	561	8449	2069
R4284.contig94	557	176	15
R4284.contig95	555	40	7
R4284.contig96	553	3565	961
R4284.contig97	553	4	0
R4284.contig98	553	280	10
R4284.contig99	549	3947	274
R4284.contig100	549	41	1
R4284.contig101	547	157	88
R4284.contig102	547	0	0
R4284.contig103	546	22	0
R4284.contig104	545	3027	1521
R4284.contig105	544	0	0
R4284.contig106	543	4486	1709
R4284.contig107	542	6	3
R4284.contig108	541	300	13
R4284.contig109	541	1	0
R4284.contig110	539	578	234
R4284.contig111	535	23708	10987
R4284.contig112	534	0	0
R4284.contig113	532	11	1
R4284.contig114	524	1570	430
R4284.contig115	522	0	0
R4284.contig116	520	1688	641
R4284.contig117	520	0	0
R4284.contig118	515	0	0
R4284.contig119	513	74064	8351
R4284.contig120	513	537	58
R4284.contig121	513	531	1
R4284.contig122	507	0	0
R4284.contig123	504	0	0
R4284.contig124	502	202	1
R4284.contig125	501	1393	259
R4284.contig126	500	415	81
R4284.contig127	500	68	32
R4284.contig128	499	0	0
R4284.contig129	499	103	1
R4284.contig130	498	0	0
R4284.contig131	498	16	2
R4284.contig132	497	0	0
R4284.contig133	497	0	0
R4284.contig134	491	172537	41709
R4284.contig135	490	0	0
R4284.contig136	488	0	0
R4284.contig137	484	4190	461
R4284.contig138	484	19	3
R4284.contig139	482	1018	399
R4284.contig140	481	0	0
R4284.contig141	481	17	2
R4284.contig142	479	0	0
R4284.contig143	477	320	28
R4284.contig144	475	437	227
R4284.contig145	471	0	0
R4284.contig146	471	0	0
R4284.contig147	469	0	0
R4284.contig148	466	0	0
R4284.contig149	465	450	123
R4284.contig150	463	1056	155
R4284.contig151	461	1434	425
R4284.contig152	459	102432	9307
R4284.contig153	447	0	0
R4284.contig154	447	0	0
R4284.contig155	445	0	0
R4284.contig156	444	99	16
R4284.contig157	443	0	0
R4284.contig158	439	0	0
R4284.contig159	439	99556	22563
R4284.contig160	439	59	1
R4284.contig161	436	38	2
R4284.contig162	435	0	0
R4284.contig163	435	7	2
R4284.contig164	430	0	0
R4284.contig165	428	730	236
R4284.contig166	427	71519	26039
R4284.contig167	426	0	0
R4284.contig168	426	79	3
R4284.contig169	424	3223	744
R4284.contig170	423	1507	1055
R4284.contig171	423	303	46
R4284.contig172	422	23949	10243
R4284.contig173	421	54	9
R4284.contig174	418	166	19
R4284.contig175	416	0	0
R4284.contig176	415	2	2
R4284.contig177	412	3594	1817
R4284.contig178	411	92	40
R4284.contig179	410	3609	584
R4284.contig180	409	93	6
R4284.contig181	409	115	6
R4284.contig182	406	1755	194
R4284.contig183	405	10319	528
R4284.contig184	405	13462	514
R4284.contig185	403	0	0
R4284.contig186	400	14	0
R4284.contig187	399	587	123
R4284.contig188	399	811	275
R4284.contig189	397	272	22
R4284.contig190	397	302	34
R4284.contig191	396	161	71
R4284.contig192	396	2	0
R4284.contig193	395	0	0
R4284.contig194	394	4574	1517
R4284.contig195	390	1	1
R4284.contig196	389	261537	43633
R4284.contig197	388	34	7
R4284.contig198	384	1151	371
R4284.contig199	383	491	183
R4284.contig200	382	8876	2903
R4284.contig201	380	0	0
R4284.contig202	377	50654	5880
R4284.contig203	376	0	0
R4284.contig204	374	0	0
R4284.contig205	372	0	0
R4284.contig206	372	828	18
R4284.contig207	370	0	0
R4284.contig208	368	1	1
R4284.contig209	367	172	28
R4284.contig210	364	0	0
R4284.contig211	359	0	0
R4284.contig212	359	585	42
R4284.contig213	358	25	1
R4284.contig214	358	0	0
R4284.contig215	357	0	0
R4284.contig216	355	20	1
R4284.contig217	355	1061	284
R4284.contig218	354	0	0
R4284.contig219	353	0	0
R4284.contig220	351	65	0
R4284.contig221	350	8508	1220
R4284.contig222	348	0	0
R4284.contig223	347	19	1
R4284.contig224	347	0	0
R4284.contig225	347	0	0
R4284.contig226	346	17	2
R4284.contig227	343	13	1
R4284.contig228	343	635	35
R4284.contig229	340	0	0
R4284.contig230	339	2	0
R4284.contig231	337	87	2
R4284.contig232	336	0	0
R4284.contig233	335	92	9
R4284.contig234	334	69	0
R4284.contig235	334	166	18
R4284.contig236	334	124	17
R4284.contig237	330	4194	953
R4284.contig238	330	1404	150
R4284.contig239	329	57	11
R4284.contig240	329	165	35
R4284.contig241	327	2604	181
R4284.contig242	327	6276	3335
R4284.contig243	325	206	24
R4284.contig244	323	0	0
R4284.contig245	322	4243	169
R4284.contig246	322	0	0
R4284.contig247	321	0	0
R4284.contig248	320	18366	2231
R4284.contig249	318	51	2
R4284.contig250	318	0	0
R4284.contig251	317	41484	1756
R4284.contig252	316	84	8
R4284.contig253	314	2289	521
R4284.contig254	314	0	0
R4284.contig255	313	7	1
R4284.contig256	311	8	0
R4284.contig257	311	287	73
R4284.contig258	310	279	35
R4284.contig259	307	579	37
R4284.contig260	306	62	9
R4284.contig261	306	2810	693
R4284.contig262	304	88	2
R4284.contig263	301	0	0
*	0	0	16890300
