R3891.contig1	1723	13879	610
R3891.contig2	1306	12996	1064
R3891.contig3	875	233	20
R3891.contig4	792	667	56
R3891.contig5	744	240	14
R3891.contig6	728	3857	190
R3891.contig7	724	1951	191
R3891.contig8	710	18254	1224
R3891.contig9	709	3364	1119
R3891.contig10	693	93897	4676
R3891.contig11	689	7470	648
R3891.contig12	689	2517	1183
R3891.contig13	677	92	4
R3891.contig14	665	16974	5259
R3891.contig15	582	2807	665
R3891.contig16	566	3400	270
R3891.contig17	553	48787	16897
R3891.contig18	550	1118	234
R3891.contig19	541	9563	684
R3891.contig20	536	10242	1410
R3891.contig21	534	36269	12538
R3891.contig22	502	10422	2850
R3891.contig23	499	23451	6197
R3891.contig24	497	8194	598
R3891.contig25	488	101822	38507
R3891.contig26	488	2656	616
R3891.contig27	484	533195	152241
R3891.contig28	484	1482	184
R3891.contig29	481	407867	109441
R3891.contig30	478	22961	6273
R3891.contig31	477	19303	6036
R3891.contig32	474	69552	24254
R3891.contig33	472	206349	70428
R3891.contig34	469	9354	1080
R3891.contig35	461	19741	7383
R3891.contig36	458	5832	1624
R3891.contig37	455	985	141
R3891.contig38	454	189157	74049
R3891.contig39	451	2583	176
R3891.contig40	442	8660	1324
R3891.contig41	441	2910	1677
R3891.contig42	439	4084	1566
R3891.contig43	434	9699	3357
R3891.contig44	434	342	51
R3891.contig45	431	1299	75
R3891.contig46	430	224	37
R3891.contig47	425	8493	1975
R3891.contig48	421	6243	324
R3891.contig49	408	29566	8588
R3891.contig50	401	198	18
R3891.contig51	393	6509	2102
R3891.contig52	390	39432	20331
R3891.contig53	386	81087	20760
R3891.contig54	383	4856	238
R3891.contig55	378	1801	181
R3891.contig56	373	59	7
R3891.contig57	362	9	1
R3891.contig58	357	2729	969
R3891.contig59	357	4541	334
R3891.contig60	352	105	21
R3891.contig61	349	7835	3403
R3891.contig62	345	4101	949
R3891.contig63	344	6636	1317
R3891.contig64	327	6062	2272
R3891.contig65	324	45	4
R3891.contig66	321	48	8
R3891.contig67	313	88	18
R3891.contig68	304	198	45
*	0	0	1195750
