RT5.contig1	1830	800	35
RT5.contig2	1774	4358	133
RT5.contig3	1633	266	13
RT5.contig4	1592	1243	179
RT5.contig5	1571	336923	9849
RT5.contig6	1477	4733	281
RT5.contig7	1429	605	12
RT5.contig8	1393	212	27
RT5.contig9	1375	971	21
RT5.contig10	1363	1380	43
RT5.contig11	1362	399	13
RT5.contig12	1302	3216	56
RT5.contig13	1280	184	6
RT5.contig14	1256	1125	45
RT5.contig15	1222	291	10
RT5.contig16	1220	670	7
RT5.contig17	1191	461	75
RT5.contig18	1176	6317	235
RT5.contig19	1134	1997	54
RT5.contig20	1113	69	6
RT5.contig21	1109	502	8
RT5.contig22	1067	64	10
RT5.contig23	1056	489	94
RT5.contig24	1032	166	6
RT5.contig25	1000	855	36
RT5.contig26	978	27119	147
RT5.contig27	966	3450	1129
RT5.contig28	953	330	10
RT5.contig29	952	1732	44
RT5.contig30	945	121704	3683
RT5.contig31	945	110	2
RT5.contig32	940	391	1
RT5.contig33	929	101	7
RT5.contig34	924	172	2
RT5.contig35	916	129298	1560
RT5.contig36	911	3671	81
RT5.contig37	907	120	0
RT5.contig38	892	38099	1191
RT5.contig39	892	349	7
RT5.contig40	871	18048	242
RT5.contig41	864	203	15
RT5.contig42	851	1797	53
RT5.contig43	848	4954	161
RT5.contig44	841	263483	7514
RT5.contig45	837	535	16
RT5.contig46	830	67	9
RT5.contig47	804	153	7
RT5.contig48	798	69	3
RT5.contig49	794	92	5
RT5.contig50	791	3980	165
RT5.contig51	788	54	3
RT5.contig52	782	515	145
RT5.contig53	781	62	6
RT5.contig54	773	119	1
RT5.contig55	771	53	1
RT5.contig56	770	71	5
RT5.contig57	770	241	13
RT5.contig58	761	78	2
RT5.contig59	760	921	68
RT5.contig60	759	1969	48
RT5.contig61	751	144	4
RT5.contig62	744	63	1
RT5.contig63	744	88	2
RT5.contig64	743	250	11
RT5.contig65	743	361	41
RT5.contig66	740	4037	372
RT5.contig67	736	272	6
RT5.contig68	733	1121	5
RT5.contig69	733	781	61
RT5.contig70	730	142	2
RT5.contig71	727	166	4
RT5.contig72	721	1161	59
RT5.contig73	717	92	6
RT5.contig74	715	1885	91
RT5.contig75	714	672	13
RT5.contig76	702	318	16
RT5.contig77	700	5910	101
RT5.contig78	699	171	1
RT5.contig79	693	345	6
RT5.contig80	691	84	4
RT5.contig81	682	30	2
RT5.contig82	675	90	7
RT5.contig83	672	65	1
RT5.contig84	671	59	5
RT5.contig85	668	31	3
RT5.contig86	667	76	6
RT5.contig87	655	53	3
RT5.contig88	655	10591	104
RT5.contig89	649	4985	834
RT5.contig90	646	10336	738
RT5.contig91	624	393	17
RT5.contig92	623	164	8
RT5.contig93	623	54118	1134
RT5.contig94	614	2179	58
RT5.contig95	611	16573	1951
RT5.contig96	609	2388	172
RT5.contig97	603	10791	162
RT5.contig98	599	94	2
RT5.contig99	596	27	3
RT5.contig100	595	44	3
RT5.contig101	588	113	9
RT5.contig102	585	87	3
RT5.contig103	581	690	248
RT5.contig104	565	180	6
RT5.contig105	564	244	76
RT5.contig106	564	61	5
RT5.contig107	559	72728	985
RT5.contig108	557	38	3
RT5.contig109	557	31	4
RT5.contig110	554	37	7
RT5.contig111	552	41	3
RT5.contig112	552	23	1
RT5.contig113	548	1099	21
RT5.contig114	539	3571	705
RT5.contig115	538	145	2
RT5.contig116	531	11006	194
RT5.contig117	529	32	0
RT5.contig118	529	2692	30
RT5.contig119	527	742	29
RT5.contig120	526	36	3
RT5.contig121	516	198	5
RT5.contig122	515	175	12
RT5.contig123	513	43	2
RT5.contig124	510	34	2
RT5.contig125	506	447	9
RT5.contig126	503	44	0
RT5.contig127	496	166	6
RT5.contig128	491	25	1
RT5.contig129	482	116	2
RT5.contig130	481	93	0
RT5.contig131	478	22	5
RT5.contig132	473	40	6
RT5.contig133	473	64	3
RT5.contig134	470	21	1
RT5.contig135	468	2626	84
RT5.contig136	463	41	3
RT5.contig137	462	15	5
RT5.contig138	461	148	18
RT5.contig139	449	24	1
RT5.contig140	443	2719	568
RT5.contig141	443	70	0
RT5.contig142	441	3708	1244
RT5.contig143	440	13	5
RT5.contig144	440	91	6
RT5.contig145	439	63	3
RT5.contig146	434	204	13
RT5.contig147	431	40	0
RT5.contig148	430	21	1
RT5.contig149	428	73	2
RT5.contig150	428	31	5
RT5.contig151	427	77	3
RT5.contig152	427	28	1
RT5.contig153	427	30	4
RT5.contig154	424	13983	381
RT5.contig155	419	29	3
RT5.contig156	419	143	3
RT5.contig157	413	33	5
RT5.contig158	407	123	1
RT5.contig159	405	79	1
RT5.contig160	403	25	3
RT5.contig161	401	101	1
RT5.contig162	400	19644	436
RT5.contig163	396	190	2
RT5.contig164	396	140	4
RT5.contig165	395	1053	43
RT5.contig166	391	15	3
RT5.contig167	390	7	3
RT5.contig168	390	283	15
RT5.contig169	387	18	2
RT5.contig170	382	20	2
RT5.contig171	380	29	7
RT5.contig172	380	2446	44
RT5.contig173	379	21	7
RT5.contig174	379	857	11
RT5.contig175	373	190	9
RT5.contig176	371	76	2
RT5.contig177	371	23	2
RT5.contig178	368	155	2
RT5.contig179	367	2478	129
RT5.contig180	365	7605	2800
RT5.contig181	363	26	2
RT5.contig182	363	24	2
RT5.contig183	363	277	10
RT5.contig184	363	66	5
RT5.contig185	362	25	3
RT5.contig186	358	17	2
RT5.contig187	357	27	5
RT5.contig188	356	34	5
RT5.contig189	350	48	0
RT5.contig190	347	14	0
RT5.contig191	344	1885	90
RT5.contig192	344	10	2
RT5.contig193	343	62	3
RT5.contig194	341	14	2
RT5.contig195	340	716	11
RT5.contig196	336	30	0
RT5.contig197	336	205	33
RT5.contig198	336	7	5
RT5.contig199	334	32	0
RT5.contig200	333	18	2
RT5.contig201	331	22	4
RT5.contig202	331	7	1
RT5.contig203	329	37	5
RT5.contig204	325	8	2
RT5.contig205	325	12	4
RT5.contig206	321	142	4
RT5.contig207	321	5	1
RT5.contig208	319	3794	1515
RT5.contig209	317	29	1
RT5.contig210	312	112	14
RT5.contig211	311	62	2
RT5.contig212	307	15	5
RT5.contig213	305	2490	104
RT5.contig214	305	7	7
RT5.contig215	304	13	7
RT5.contig216	303	33	1
RT5.contig217	302	10	6
RT5.contig218	302	47	5
*	0	0	415580
