D3400.contig1	49298	480059	5662
D3400.contig2	49114	771660	10972
D3400.contig3	33708	498683	11189
D3400.contig4	29115	13532	186
D3400.contig5	28534	74857	1096
D3400.contig6	28465	954091	15151
D3400.contig7	28233	401259	5059
D3400.contig8	26034	7985	121
D3400.contig9	25841	66092	910
D3400.contig10	25789	6000	104
D3400.contig11	25742	8145	137
D3400.contig12	23867	341742	4136
D3400.contig13	21802	28576	406
D3400.contig14	21669	8780	192
D3400.contig15	21515	82882	1635
D3400.contig16	21300	95726	1265
D3400.contig17	20783	505882	7594
D3400.contig18	20744	28924	439
D3400.contig19	20642	35858	950
D3400.contig20	19992	20162	321
D3400.contig21	19843	3659	52
D3400.contig22	19732	19427	373
D3400.contig23	18992	5796	81
D3400.contig24	18766	47870	850
D3400.contig25	18409	12662	138
D3400.contig26	17534	8281	99
D3400.contig27	17342	25461	340
D3400.contig28	17036	26434	493
D3400.contig29	16185	9197	172
D3400.contig30	16090	14295	263
D3400.contig31	16077	12012	185
D3400.contig32	15436	18622	211
D3400.contig33	15214	15689	428
D3400.contig34	15135	11636	281
D3400.contig35	14936	16025	273
D3400.contig36	14865	7058	84
D3400.contig37	14217	18445	390
D3400.contig38	14033	13529	233
D3400.contig39	13483	15498	225
D3400.contig40	13119	14804	218
D3400.contig41	13070	7409	139
D3400.contig42	12999	1678	26
D3400.contig43	12823	3620	121
D3400.contig44	12710	3762	41
D3400.contig45	12431	2567	40
D3400.contig46	12305	17019	489
D3400.contig47	12150	110827	2541
D3400.contig48	12115	30094	971
D3400.contig49	12108	3277	54
D3400.contig50	11680	5280	118
D3400.contig51	11534	8185	184
D3400.contig52	11481	29463	712
D3400.contig53	11462	1764	35
D3400.contig54	11428	1913	28
D3400.contig55	11304	2856	25
D3400.contig56	11168	137477	1607
D3400.contig57	11054	8761	158
D3400.contig58	10711	16407	229
D3400.contig59	10689	6945	129
D3400.contig60	10202	8257	132
D3400.contig61	9731	1695	19
D3400.contig62	9292	4908	118
D3400.contig63	9244	107854	2034
D3400.contig64	9118	11190	213
D3400.contig65	9065	5225	153
D3400.contig66	9056	16889	220
D3400.contig67	9017	19887	280
D3400.contig68	8730	1982	42
D3400.contig69	8636	2683	78
D3400.contig70	8590	2808	65
D3400.contig71	8585	9725	276
D3400.contig72	8442	1143	12
D3400.contig73	8394	72372	998
D3400.contig74	8387	1434	28
D3400.contig75	8297	41414	715
D3400.contig76	8282	2028	77
D3400.contig77	8248	2268	45
D3400.contig78	8207	3657	57
D3400.contig79	7987	37973	418
D3400.contig80	7948	1211	29
D3400.contig81	7682	1053	24
D3400.contig82	7581	2423	73
D3400.contig83	7520	8659	201
D3400.contig84	7482	2587	39
D3400.contig85	7266	11974	316
D3400.contig86	7165	1166	30
D3400.contig87	7124	4976	97
D3400.contig88	7006	1683	79
D3400.contig89	6975	4320	67
D3400.contig90	6820	1554	20
D3400.contig91	6797	17383	239
D3400.contig92	6501	4796	107
D3400.contig93	6482	899	36
D3400.contig94	6460	142460	2717
D3400.contig95	6246	1651	41
D3400.contig96	6240	2898	80
D3400.contig97	6204	864	23
D3400.contig98	6088	3650	74
D3400.contig99	5914	544	16
D3400.contig100	5896	2026	54
D3400.contig101	5878	1930	67
D3400.contig102	5859	15339	539
D3400.contig103	5857	15017	381
D3400.contig104	5839	1014	21
D3400.contig105	5665	704	15
D3400.contig106	5558	555	20
D3400.contig107	5555	694500	14144
D3400.contig108	5506	704	12
D3400.contig109	5392	1756	36
D3400.contig110	5381	914	25
D3400.contig111	5377	76087	1305
D3400.contig112	5370	1381	37
D3400.contig113	5300	1181	18
D3400.contig114	5218	9746	192
D3400.contig115	5136	7325	156
D3400.contig116	5127	62885	1003
D3400.contig117	5105	724	26
D3400.contig118	5013	1234	37
D3400.contig119	4909	663	9
D3400.contig120	4881	1282	22
D3400.contig121	4711	570	13
D3400.contig122	4692	701	25
D3400.contig123	4666	13188	198
D3400.contig124	4648	801	15
D3400.contig125	4595	1789	40
D3400.contig126	4582	583	9
D3400.contig127	4469	4818	124
D3400.contig128	4422	420	21
D3400.contig129	4399	1887	54
D3400.contig130	4370	68565	971
D3400.contig131	4296	1859	50
D3400.contig132	4280	435	16
D3400.contig133	4273	1919	63
D3400.contig134	4254	1021	18
D3400.contig135	4234	5171	90
D3400.contig136	4223	591256	10704
D3400.contig137	4123	543	7
D3400.contig138	4097	2867	113
D3400.contig139	3969	3072	55
D3400.contig140	3919	455	9
D3400.contig141	3918	882	24
D3400.contig142	3893	1172	31
D3400.contig143	3856	499	18
D3400.contig144	3833	816	24
D3400.contig145	3824	824	44
D3400.contig146	3817	991	26
D3400.contig147	3790	12004	244
D3400.contig148	3774	3290	57
D3400.contig149	3748	586	10
D3400.contig150	3734	320	11
D3400.contig151	3707	512	18
D3400.contig152	3703	755	13
D3400.contig153	3686	573	9
D3400.contig154	3680	1907	37
D3400.contig155	3640	489	27
D3400.contig156	3626	13533	434
D3400.contig157	3578	383	9
D3400.contig158	3559	446	11
D3400.contig159	3473	1626	34
D3400.contig160	3468	570	14
D3400.contig161	3466	439	15
D3400.contig162	3452	42918	741
D3400.contig163	3338	409	6
D3400.contig164	3282	299	14
D3400.contig165	3255	1464	29
D3400.contig166	3244	372	6
D3400.contig167	3196	5089	183
D3400.contig168	3192	259	13
D3400.contig169	3167	266	5
D3400.contig170	3143	282	6
D3400.contig171	3055	284	13
D3400.contig172	3010	374	9
D3400.contig173	3009	283	9
D3400.contig174	2993	236	17
D3400.contig175	2974	301	5
D3400.contig176	2970	243	17
D3400.contig177	2928	17428	268
D3400.contig178	2879	584	12
D3400.contig179	2873	254	8
D3400.contig180	2830	4114	84
D3400.contig181	2810	328	15
D3400.contig182	2775	1012	22
D3400.contig183	2748	671	16
D3400.contig184	2721	16092	410
D3400.contig185	2681	3674	72
D3400.contig186	2647	341	8
D3400.contig187	2613	326	12
D3400.contig188	2602	1831	28
D3400.contig189	2596	255	12
D3400.contig190	2583	6326	138
D3400.contig191	2569	313	16
D3400.contig192	2562	185	3
D3400.contig193	2560	2361	42
D3400.contig194	2555	18293	369
D3400.contig195	2545	641	32
D3400.contig196	2536	298	8
D3400.contig197	2506	379	16
D3400.contig198	2464	460	6
D3400.contig199	2414	5385	133
D3400.contig200	2406	191	6
D3400.contig201	2381	189	9
D3400.contig202	2367	263	16
D3400.contig203	2340	1193	65
D3400.contig204	2327	566	34
D3400.contig205	2311	215	9
D3400.contig206	2303	280	15
D3400.contig207	2298	197	12
D3400.contig208	2281	203	7
D3400.contig209	2279	7243	121
D3400.contig210	2274	325	27
D3400.contig211	2269	219	9
D3400.contig212	2242	212144	3161
D3400.contig213	2242	176	11
D3400.contig214	2242	2295	61
D3400.contig215	2221	831	8
D3400.contig216	2218	211	6
D3400.contig217	2196	477	11
D3400.contig218	2193	213	8
D3400.contig219	2193	54687	734
D3400.contig220	2175	536	6
D3400.contig221	2171	464	10
D3400.contig222	2165	4356	264
D3400.contig223	2164	407	22
D3400.contig224	2155	133	13
D3400.contig225	2151	152	7
D3400.contig226	2150	3329	63
D3400.contig227	2148	2265	38
D3400.contig228	2136	248	6
D3400.contig229	2129	175	11
D3400.contig230	2100	8615	118
D3400.contig231	2099	116	7
D3400.contig232	2077	2780	153
D3400.contig233	2053	1508	43
D3400.contig234	2038	202	4
D3400.contig235	2037	157	13
D3400.contig236	2008	167	3
D3400.contig237	2004	113	11
D3400.contig238	1986	7740	100
D3400.contig239	1973	158	5
D3400.contig240	1966	124	8
D3400.contig241	1962	373	17
D3400.contig242	1911	358	15
D3400.contig243	1908	105	14
D3400.contig244	1903	3837	51
D3400.contig245	1890	136	12
D3400.contig246	1848	947	24
D3400.contig247	1817	333	13
D3400.contig248	1810	82739	1385
D3400.contig249	1804	139	1
D3400.contig250	1793	111	5
D3400.contig251	1784	160	14
D3400.contig252	1784	267	17
D3400.contig253	1775	167	15
D3400.contig254	1753	198	9
D3400.contig255	1749	112	6
D3400.contig256	1733	138	15
D3400.contig257	1719	134	11
D3400.contig258	1713	152	7
D3400.contig259	1693	329075	6314
D3400.contig260	1690	139	5
D3400.contig261	1690	199	6
D3400.contig262	1688	115	11
D3400.contig263	1680	155	9
D3400.contig264	1666	673	10
D3400.contig265	1664	139	6
D3400.contig266	1657	9617	357
D3400.contig267	1649	144	10
D3400.contig268	1618	151	4
D3400.contig269	1599	147	10
D3400.contig270	1573	163	4
D3400.contig271	1571	190	11
D3400.contig272	1558	113	5
D3400.contig273	1555	272	7
D3400.contig274	1546	6508	181
D3400.contig275	1537	4685	52
D3400.contig276	1536	111	3
D3400.contig277	1536	115	11
D3400.contig278	1527	288	8
D3400.contig279	1525	693	19
D3400.contig280	1520	640	14
D3400.contig281	1520	155	11
D3400.contig282	1516	99	7
D3400.contig283	1512	333	8
D3400.contig284	1471	95	7
D3400.contig285	1470	64	4
D3400.contig286	1462	147	10
D3400.contig287	1456	285	11
D3400.contig288	1443	157	5
D3400.contig289	1426	111	11
D3400.contig290	1424	96	5
D3400.contig291	1419	62562	839
D3400.contig292	1400	494	8
D3400.contig293	1400	110	17
D3400.contig294	1399	143	7
D3400.contig295	1399	127	9
D3400.contig296	1397	89	7
D3400.contig297	1392	123	6
D3400.contig298	1392	401	7
D3400.contig299	1383	373	7
D3400.contig300	1356	105	5
D3400.contig301	1335	86	9
D3400.contig302	1315	88	7
D3400.contig303	1312	403	6
D3400.contig304	1309	133	6
D3400.contig305	1308	62	6
D3400.contig306	1296	71	13
D3400.contig307	1295	102	2
D3400.contig308	1291	56	5
D3400.contig309	1283	94	7
D3400.contig310	1273	127	13
D3400.contig311	1273	71	3
D3400.contig312	1257	130	16
D3400.contig313	1243	78	9
D3400.contig314	1239	20849	662
D3400.contig315	1206	76	7
D3400.contig316	1202	396	13
D3400.contig317	1200	5524	122
D3400.contig318	1198	75	10
D3400.contig319	1192	87	9
D3400.contig320	1176	1212	71
D3400.contig321	1171	99	7
D3400.contig322	1169	79	7
D3400.contig323	1155	44	4
D3400.contig324	1130	74	5
D3400.contig325	1129	59	11
D3400.contig326	1112	175	7
D3400.contig327	1108	72	4
D3400.contig328	1104	117	12
D3400.contig329	1101	128	4
D3400.contig330	1096	106	6
D3400.contig331	1094	88	8
D3400.contig332	1086	76	11
D3400.contig333	1086	87	1
D3400.contig334	1083	77	7
D3400.contig335	1083	78	10
D3400.contig336	1067	30446	504
D3400.contig337	1064	64	3
D3400.contig338	1061	513	10
D3400.contig339	1058	68	14
D3400.contig340	1053	66	3
D3400.contig341	1050	59	3
D3400.contig342	1046	122	5
D3400.contig343	1044	126	6
D3400.contig344	1039	94	10
D3400.contig345	1037	37	11
D3400.contig346	1035	110	9
D3400.contig347	1034	64	4
D3400.contig348	1032	73	4
D3400.contig349	1030	89	10
D3400.contig350	1030	79	8
D3400.contig351	1028	4081	62
D3400.contig352	1027	123	2
D3400.contig353	1025	46	9
D3400.contig354	1025	93	12
D3400.contig355	1024	80	5
D3400.contig356	1019	177	10
D3400.contig357	1014	65	11
D3400.contig358	1010	62	1
D3400.contig359	1007	64	9
D3400.contig360	1003	58	9
D3400.contig361	999	77	5
D3400.contig362	994	61	11
D3400.contig363	981	72	2
D3400.contig364	981	74	5
D3400.contig365	979	51	10
D3400.contig366	970	51	8
D3400.contig367	967	57	11
D3400.contig368	963	201	14
D3400.contig369	956	98	11
D3400.contig370	955	62	1
D3400.contig371	951	57	4
D3400.contig372	950	56	4
D3400.contig373	946	63	4
D3400.contig374	939	39	3
D3400.contig375	933	133	14
D3400.contig376	932	40	7
D3400.contig377	932	52	11
D3400.contig378	928	73	9
D3400.contig379	927	165	8
D3400.contig380	925	46	10
D3400.contig381	922	45	9
D3400.contig382	921	52	9
D3400.contig383	921	61	7
D3400.contig384	918	57	3
D3400.contig385	912	56	9
D3400.contig386	912	62	7
D3400.contig387	909	37	8
D3400.contig388	898	42	5
D3400.contig389	897	77	5
D3400.contig390	897	46	5
D3400.contig391	896	44	10
D3400.contig392	892	199	6
D3400.contig393	890	24	15
D3400.contig394	887	106	6
D3400.contig395	885	67	2
D3400.contig396	872	290	27
D3400.contig397	871	45	5
D3400.contig398	870	51	3
D3400.contig399	868	57	4
D3400.contig400	863	111	11
D3400.contig401	861	167	6
D3400.contig402	861	223	7
D3400.contig403	858	43	3
D3400.contig404	855	4110	159
D3400.contig405	852	37	4
D3400.contig406	847	30	1
D3400.contig407	844	51	5
D3400.contig408	844	44	2
D3400.contig409	844	36	6
D3400.contig410	844	11818	280
D3400.contig411	843	67	3
D3400.contig412	842	56	7
D3400.contig413	840	58	8
D3400.contig414	839	55	9
D3400.contig415	838	46	8
D3400.contig416	835	146	4
D3400.contig417	834	145	6
D3400.contig418	831	321	43
D3400.contig419	830	46	6
D3400.contig420	826	154	7
D3400.contig421	824	34	6
D3400.contig422	823	1429	30
D3400.contig423	822	37	8
D3400.contig424	819	33	12
D3400.contig425	814	46	7
D3400.contig426	808	48	8
D3400.contig427	807	16	3
D3400.contig428	806	151	2
D3400.contig429	805	26	5
D3400.contig430	805	40	6
D3400.contig431	804	42	2
D3400.contig432	797	60	7
D3400.contig433	794	68	7
D3400.contig434	783	35	12
D3400.contig435	781	114	5
D3400.contig436	781	45	10
D3400.contig437	778	40	7
D3400.contig438	777	56	7
D3400.contig439	774	36	11
D3400.contig440	773	35	8
D3400.contig441	768	65	3
D3400.contig442	765	38	8
D3400.contig443	763	49	2
D3400.contig444	762	43	8
D3400.contig445	757	46	8
D3400.contig446	755	322	26
D3400.contig447	755	72	6
D3400.contig448	749	50	14
D3400.contig449	748	227	15
D3400.contig450	748	40	3
D3400.contig451	747	41	11
D3400.contig452	745	27	3
D3400.contig453	744	44	7
D3400.contig454	743	35	7
D3400.contig455	742	27	1
D3400.contig456	738	59	11
D3400.contig457	735	25	7
D3400.contig458	735	45	2
D3400.contig459	733	56	4
D3400.contig460	730	70	5
D3400.contig461	730	29	9
D3400.contig462	729	48	4
D3400.contig463	728	93	9
D3400.contig464	727	52	3
D3400.contig465	727	40	5
D3400.contig466	724	31	9
D3400.contig467	723	46	2
D3400.contig468	716	35	4
D3400.contig469	716	17	7
D3400.contig470	716	35	6
D3400.contig471	716	44	7
D3400.contig472	714	230	41
D3400.contig473	711	33	5
D3400.contig474	709	27	9
D3400.contig475	708	25	5
D3400.contig476	708	35	3
D3400.contig477	704	65	7
D3400.contig478	702	36	6
D3400.contig479	702	23	8
D3400.contig480	701	31	7
D3400.contig481	699	28	7
D3400.contig482	697	27	5
D3400.contig483	696	19	7
D3400.contig484	692	43	2
D3400.contig485	690	30	9
D3400.contig486	690	68	5
D3400.contig487	686	31	8
D3400.contig488	685	40	8
D3400.contig489	681	37	4
D3400.contig490	680	160	2
D3400.contig491	679	30	6
D3400.contig492	679	32	6
D3400.contig493	679	36	5
D3400.contig494	677	23	4
D3400.contig495	676	33	1
D3400.contig496	676	35	9
D3400.contig497	675	59	5
D3400.contig498	674	25	9
D3400.contig499	670	29	3
D3400.contig500	666	31	7
D3400.contig501	663	45	11
D3400.contig502	663	27	10
D3400.contig503	663	18	6
D3400.contig504	660	42	3
D3400.contig505	660	26	3
D3400.contig506	660	23	7
D3400.contig507	655	40	9
D3400.contig508	654	28	6
D3400.contig509	654	22	6
D3400.contig510	653	17574	532
D3400.contig511	648	42	7
D3400.contig512	647	21	7
D3400.contig513	647	28	5
D3400.contig514	647	65	12
D3400.contig515	645	21	5
D3400.contig516	645	35	8
D3400.contig517	643	61	6
D3400.contig518	635	187	8
D3400.contig519	633	25	8
D3400.contig520	632	38	4
D3400.contig521	631	33	6
D3400.contig522	630	45	6
D3400.contig523	627	24	6
D3400.contig524	623	155	8
D3400.contig525	622	68	13
D3400.contig526	618	32	12
D3400.contig527	617	18	6
D3400.contig528	616	22	4
D3400.contig529	616	26	2
D3400.contig530	616	42	12
D3400.contig531	616	202	12
D3400.contig532	615	23	14
D3400.contig533	614	28	10
D3400.contig534	611	31	3
D3400.contig535	611	1310	13
D3400.contig536	610	32	6
D3400.contig537	609	40	8
D3400.contig538	598	46	6
D3400.contig539	596	38	11
D3400.contig540	588	46	4
D3400.contig541	587	22	4
D3400.contig542	587	21	11
D3400.contig543	581	48	8
D3400.contig544	580	21	8
D3400.contig545	579	14	3
D3400.contig546	579	203	5
D3400.contig547	579	195	10
D3400.contig548	579	20	7
D3400.contig549	574	16	12
D3400.contig550	573	33	1
D3400.contig551	573	20	6
D3400.contig552	571	27	12
D3400.contig553	571	34	6
D3400.contig554	571	1477	57
D3400.contig555	569	107	5
D3400.contig556	569	30	2
D3400.contig557	568	29	7
D3400.contig558	566	32	5
D3400.contig559	565	19	0
D3400.contig560	564	38	4
D3400.contig561	563	49	4
D3400.contig562	562	20	7
D3400.contig563	561	24	5
D3400.contig564	559	112	3
D3400.contig565	558	95	4
D3400.contig566	557	219	3
D3400.contig567	556	76	13
D3400.contig568	554	12	3
D3400.contig569	553	15	4
D3400.contig570	552	25	10
D3400.contig571	552	16	7
D3400.contig572	549	38	4
D3400.contig573	548	18	5
D3400.contig574	547	25	9
D3400.contig575	547	21	7
D3400.contig576	546	14	2
D3400.contig577	546	27	10
D3400.contig578	546	49	5
D3400.contig579	545	11	0
D3400.contig580	542	16	7
D3400.contig581	541	19	11
D3400.contig582	537	18	4
D3400.contig583	537	29	5
D3400.contig584	534	28	1
D3400.contig585	533	20	8
D3400.contig586	533	15	5
D3400.contig587	533	43	10
D3400.contig588	533	3	0
D3400.contig589	532	61	5
D3400.contig590	532	23	5
D3400.contig591	531	27	3
D3400.contig592	531	30	10
D3400.contig593	531	25	4
D3400.contig594	530	31	5
D3400.contig595	530	27	3
D3400.contig596	527	71	3
D3400.contig597	527	84	8
D3400.contig598	526	17	3
D3400.contig599	524	24	6
D3400.contig600	522	28	10
D3400.contig601	522	19	4
D3400.contig602	520	19	5
D3400.contig603	517	27	7
D3400.contig604	517	14	10
D3400.contig605	517	21	6
D3400.contig606	517	33	13
D3400.contig607	516	17	9
D3400.contig608	515	27	3
D3400.contig609	514	16	9
D3400.contig610	514	22	2
D3400.contig611	513	19	4
D3400.contig612	512	28	8
D3400.contig613	511	24	4
D3400.contig614	511	19	5
D3400.contig615	510	81	3
D3400.contig616	510	13	5
D3400.contig617	509	26	11
D3400.contig618	507	21	1
D3400.contig619	506	131	19
D3400.contig620	505	81	1
D3400.contig621	504	23	6
D3400.contig622	504	25	8
D3400.contig623	504	21	5
D3400.contig624	503	62	2
D3400.contig625	503	23	6
D3400.contig626	503	21	7
D3400.contig627	503	21	11
D3400.contig628	502	9	4
D3400.contig629	501	20	3
D3400.contig630	500	26	8
D3400.contig631	498	25	1
D3400.contig632	497	16	3
D3400.contig633	497	18	3
D3400.contig634	496	31	4
D3400.contig635	496	23	4
D3400.contig636	496	28	12
D3400.contig637	496	18	6
D3400.contig638	495	22	1
D3400.contig639	495	13	6
D3400.contig640	494	19	7
D3400.contig641	493	41	7
D3400.contig642	493	14	8
D3400.contig643	491	28	7
D3400.contig644	489	40	1
D3400.contig645	488	19	7
D3400.contig646	487	24	10
D3400.contig647	487	21	3
D3400.contig648	486	22	12
D3400.contig649	486	27	8
D3400.contig650	486	17	8
D3400.contig651	486	20	6
D3400.contig652	485	19	6
D3400.contig653	482	4	2
D3400.contig654	480	24	10
D3400.contig655	480	1203	214
D3400.contig656	478	16	2
D3400.contig657	477	30	2
D3400.contig658	474	21	5
D3400.contig659	473	33	12
D3400.contig660	472	21	9
D3400.contig661	471	20	6
D3400.contig662	469	17	3
D3400.contig663	468	29	8
D3400.contig664	467	49	1
D3400.contig665	466	13	5
D3400.contig666	465	34	8
D3400.contig667	465	35	7
D3400.contig668	463	6	0
D3400.contig669	463	18	3
D3400.contig670	463	22	10
D3400.contig671	462	17	6
D3400.contig672	461	11	5
D3400.contig673	460	18	4
D3400.contig674	459	70	4
D3400.contig675	457	9	7
D3400.contig676	456	5	1
D3400.contig677	455	14	0
D3400.contig678	455	17	6
D3400.contig679	453	26	14
D3400.contig680	453	17	7
D3400.contig681	453	17	4
D3400.contig682	452	8	0
D3400.contig683	451	10	8
D3400.contig684	450	24	4
D3400.contig685	448	17	9
D3400.contig686	448	19	8
D3400.contig687	447	21	4
D3400.contig688	446	14	8
D3400.contig689	445	21	3
D3400.contig690	443	25	6
D3400.contig691	442	22	10
D3400.contig692	442	19	7
D3400.contig693	441	1402	38
D3400.contig694	440	14	5
D3400.contig695	440	17	9
D3400.contig696	440	14	6
D3400.contig697	440	19	10
D3400.contig698	439	19	5
D3400.contig699	439	15710	617
D3400.contig700	439	12	8
D3400.contig701	439	22	4
D3400.contig702	439	18	7
D3400.contig703	436	7	3
D3400.contig704	435	23	1
D3400.contig705	435	15	7
D3400.contig706	434	27	6
D3400.contig707	434	10	5
D3400.contig708	433	105	5
D3400.contig709	433	14	4
D3400.contig710	432	15	5
D3400.contig711	430	22	3
D3400.contig712	429	13	7
D3400.contig713	428	9	2
D3400.contig714	426	18	6
D3400.contig715	426	34	8
D3400.contig716	426	10	2
D3400.contig717	426	19	6
D3400.contig718	426	14	4
D3400.contig719	426	13	5
D3400.contig720	425	27	1
D3400.contig721	424	28	6
D3400.contig722	423	19	7
D3400.contig723	422	7	3
D3400.contig724	420	15	1
D3400.contig725	419	22	6
D3400.contig726	418	256	42
D3400.contig727	418	4	0
D3400.contig728	417	18	7
D3400.contig729	415	19	3
D3400.contig730	415	22	2
D3400.contig731	414	10	6
D3400.contig732	413	20	7
D3400.contig733	413	3	1
D3400.contig734	412	35	3
D3400.contig735	411	31	4
D3400.contig736	411	17	5
D3400.contig737	411	13	4
D3400.contig738	411	16	2
D3400.contig739	410	1635	71
D3400.contig740	409	15	8
D3400.contig741	408	9	3
D3400.contig742	408	42	3
D3400.contig743	407	40	2
D3400.contig744	405	11	3
D3400.contig745	404	21	8
D3400.contig746	404	11	2
D3400.contig747	404	11	7
D3400.contig748	403	11	3
D3400.contig749	403	13	7
D3400.contig750	402	15	7
D3400.contig751	402	33	13
D3400.contig752	402	12	3
D3400.contig753	402	16	9
D3400.contig754	402	14	6
D3400.contig755	402	16	5
D3400.contig756	401	3	1
D3400.contig757	400	12	3
D3400.contig758	400	13	5
D3400.contig759	398	9	8
D3400.contig760	398	26	6
D3400.contig761	398	34	4
D3400.contig762	398	7	1
D3400.contig763	397	24	12
D3400.contig764	396	26	0
D3400.contig765	396	15	11
D3400.contig766	395	33	7
D3400.contig767	394	10	4
D3400.contig768	394	16	3
D3400.contig769	393	15	5
D3400.contig770	393	44	7
D3400.contig771	392	12	0
D3400.contig772	391	56	8
D3400.contig773	388	15	4
D3400.contig774	388	12	3
D3400.contig775	387	15	4
D3400.contig776	386	25	5
D3400.contig777	385	25	4
D3400.contig778	385	11	4
D3400.contig779	385	7	7
D3400.contig780	384	21	3
D3400.contig781	384	18	4
D3400.contig782	383	12	2
D3400.contig783	383	13	6
D3400.contig784	383	10	2
D3400.contig785	383	21	4
D3400.contig786	383	13	11
D3400.contig787	382	117	8
D3400.contig788	382	16	5
D3400.contig789	379	14	0
D3400.contig790	379	10	1
D3400.contig791	379	64	6
D3400.contig792	379	11	3
D3400.contig793	378	2	2
D3400.contig794	378	8	6
D3400.contig795	378	12	6
D3400.contig796	377	16	8
D3400.contig797	377	15	3
D3400.contig798	376	10	6
D3400.contig799	376	19	2
D3400.contig800	374	12	8
D3400.contig801	374	23	3
D3400.contig802	374	20	7
D3400.contig803	374	9	3
D3400.contig804	374	20	7
D3400.contig805	373	18	8
D3400.contig806	372	8	5
D3400.contig807	372	12	5
D3400.contig808	370	12	5
D3400.contig809	370	77	7
D3400.contig810	370	1	1
D3400.contig811	369	11	7
D3400.contig812	369	23	6
D3400.contig813	369	27	3
D3400.contig814	369	9	5
D3400.contig815	368	15	1
D3400.contig816	368	15	8
D3400.contig817	368	18	4
D3400.contig818	367	9	5
D3400.contig819	367	132	19
D3400.contig820	367	14	4
D3400.contig821	366	15	3
D3400.contig822	366	4	0
D3400.contig823	364	9	4
D3400.contig824	364	13	9
D3400.contig825	363	9	3
D3400.contig826	363	16	6
D3400.contig827	363	25	6
D3400.contig828	363	14	1
D3400.contig829	362	16	7
D3400.contig830	362	22	2
D3400.contig831	362	8	6
D3400.contig832	361	8	4
D3400.contig833	361	24	2
D3400.contig834	360	6	4
D3400.contig835	360	17	4
D3400.contig836	359	10	6
D3400.contig837	358	15	3
D3400.contig838	358	9	1
D3400.contig839	357	10	4
D3400.contig840	357	11	3
D3400.contig841	356	13	10
D3400.contig842	355	17	5
D3400.contig843	355	16	2
D3400.contig844	354	36	6
D3400.contig845	354	12	3
D3400.contig846	354	12	7
D3400.contig847	353	9	5
D3400.contig848	353	17	5
D3400.contig849	353	20	8
D3400.contig850	353	9	3
D3400.contig851	352	10	6
D3400.contig852	351	13	5
D3400.contig853	351	10	6
D3400.contig854	350	11	5
D3400.contig855	350	16	5
D3400.contig856	350	12	5
D3400.contig857	349	12	10
D3400.contig858	349	32	1
D3400.contig859	349	8	2
D3400.contig860	348	11	6
D3400.contig861	348	7	7
D3400.contig862	347	24	0
D3400.contig863	347	11	5
D3400.contig864	346	7	7
D3400.contig865	346	8	7
D3400.contig866	346	9	3
D3400.contig867	346	10	6
D3400.contig868	346	8	4
D3400.contig869	346	11	1
D3400.contig870	346	24	0
D3400.contig871	345	14	7
D3400.contig872	345	8	5
D3400.contig873	345	17	3
D3400.contig874	345	14	2
D3400.contig875	345	6	4
D3400.contig876	345	11	5
D3400.contig877	344	12	8
D3400.contig878	344	8	5
D3400.contig879	343	97	1
D3400.contig880	342	9	9
D3400.contig881	342	17	8
D3400.contig882	342	14	0
D3400.contig883	342	8	6
D3400.contig884	342	11	2
D3400.contig885	342	20	10
D3400.contig886	341	4	4
D3400.contig887	341	12	6
D3400.contig888	341	12	4
D3400.contig889	340	19	3
D3400.contig890	340	6	4
D3400.contig891	340	7	1
D3400.contig892	340	13	11
D3400.contig893	339	41	1
D3400.contig894	339	2	0
D3400.contig895	337	23	1
D3400.contig896	337	12	0
D3400.contig897	337	24	2
D3400.contig898	337	14	3
D3400.contig899	336	11	6
D3400.contig900	336	18	0
D3400.contig901	336	14	6
D3400.contig902	336	10	2
D3400.contig903	336	19	3
D3400.contig904	336	13	2
D3400.contig905	336	2	0
D3400.contig906	335	13	2
D3400.contig907	335	12	3
D3400.contig908	335	30	2
D3400.contig909	335	20	3
D3400.contig910	334	6	2
D3400.contig911	334	9	5
D3400.contig912	334	14	4
D3400.contig913	334	12	2
D3400.contig914	334	19	5
D3400.contig915	334	10	7
D3400.contig916	333	1071	114
D3400.contig917	333	5	1
D3400.contig918	332	11	7
D3400.contig919	331	17	2
D3400.contig920	331	8	3
D3400.contig921	331	8	8
D3400.contig922	331	9	3
D3400.contig923	330	2	0
D3400.contig924	329	16	6
D3400.contig925	329	10	2
D3400.contig926	329	20	1
D3400.contig927	329	8	3
D3400.contig928	328	24	4
D3400.contig929	328	9	2
D3400.contig930	328	10	4
D3400.contig931	327	8	4
D3400.contig932	327	10	4
D3400.contig933	327	8	2
D3400.contig934	326	6	4
D3400.contig935	326	36	1
D3400.contig936	326	17	7
D3400.contig937	326	9	9
D3400.contig938	325	7	5
D3400.contig939	325	15	4
D3400.contig940	324	12	5
D3400.contig941	323	11	5
D3400.contig942	323	8	4
D3400.contig943	323	36	0
D3400.contig944	323	8	6
D3400.contig945	323	13	4
D3400.contig946	323	8	5
D3400.contig947	322	8	6
D3400.contig948	322	4946	241
D3400.contig949	322	6	4
D3400.contig950	322	20	3
D3400.contig951	321	14	5
D3400.contig952	320	11	5
D3400.contig953	318	11	7
D3400.contig954	318	2	0
D3400.contig955	318	9	5
D3400.contig956	318	11	7
D3400.contig957	318	6	6
D3400.contig958	318	15	10
D3400.contig959	317	10	1
D3400.contig960	317	23	5
D3400.contig961	317	2	0
D3400.contig962	317	20	6
D3400.contig963	317	13	7
D3400.contig964	316	8	4
D3400.contig965	316	26	5
D3400.contig966	315	11	5
D3400.contig967	315	12	5
D3400.contig968	315	14	2
D3400.contig969	313	8	4
D3400.contig970	313	11	9
D3400.contig971	312	11	4
D3400.contig972	312	8	5
D3400.contig973	311	6	0
D3400.contig974	311	31	3
D3400.contig975	310	7	5
D3400.contig976	310	7	2
D3400.contig977	310	11	6
D3400.contig978	309	5	5
D3400.contig979	309	20	4
D3400.contig980	308	16	4
D3400.contig981	308	13	1
D3400.contig982	308	14	4
D3400.contig983	308	11	3
D3400.contig984	308	8	4
D3400.contig985	307	8	4
D3400.contig986	307	12	7
D3400.contig987	307	23	3
D3400.contig988	306	15	5
D3400.contig989	306	101	9
D3400.contig990	306	8	4
D3400.contig991	306	14	1
D3400.contig992	305	9	7
D3400.contig993	305	4	3
D3400.contig994	305	9	5
D3400.contig995	305	6	0
D3400.contig996	305	11	0
D3400.contig997	305	10	2
D3400.contig998	305	10	4
D3400.contig999	304	2676	49
D3400.contig1000	304	6	2
D3400.contig1001	304	7	6
D3400.contig1002	303	21	3
D3400.contig1003	303	11	6
D3400.contig1004	302	9	5
D3400.contig1005	302	5	3
D3400.contig1006	302	8	2
D3400.contig1007	302	10	8
D3400.contig1008	302	7	5
D3400.contig1009	302	8	3
D3400.contig1010	301	8	4
D3400.contig1011	301	7	5
D3400.contig1012	301	37	2
D3400.contig1013	301	8	6
D3400.contig1014	301	10	1
D3400.contig1015	300	8	5
D3400.contig1016	300	9	1
D3400.contig1017	300	14	8
D3400.contig1018	300	3	1
D3400.contig1019	300	10	4
D3400.contig1020	300	8	7
D3400.contig1021	300	18	5
*	0	0	50892
