DB4.contig1	35076	15584	370
DB4.contig2	27295	13059	164
DB4.contig3	24607	26814	458
DB4.contig4	24051	6885	127
DB4.contig5	20722	4255	59
DB4.contig6	18455	6649	107
DB4.contig7	18209	3276	53
DB4.contig8	16310	3237	74
DB4.contig9	16236	6303	107
DB4.contig10	15920	3667	45
DB4.contig11	15060	5403	91
DB4.contig12	12992	2949	60
DB4.contig13	12693	3315	59
DB4.contig14	12552	2045	43
DB4.contig15	12552	2131	34
DB4.contig16	12396	1373	21
DB4.contig17	12169	9304	83
DB4.contig18	11942	2576	60
DB4.contig19	11361	1562	26
DB4.contig20	11268	1805	28
DB4.contig21	10750	4214	106
DB4.contig22	10540	1334	23
DB4.contig23	10233	1404	16
DB4.contig24	10118	1845	32
DB4.contig25	9701	1101	26
DB4.contig26	9674	2636	36
DB4.contig27	9646	3890	83
DB4.contig28	9579	3297	47
DB4.contig29	9576	4885	98
DB4.contig30	8725	1155	20
DB4.contig31	8542	1831	22
DB4.contig32	8415	3400	99
DB4.contig33	8399	1233	34
DB4.contig34	8390	2180	47
DB4.contig35	7914	2998	39
DB4.contig36	7816	3371	77
DB4.contig37	7785	1146	16
DB4.contig38	7732	1030	22
DB4.contig39	7629	1104	27
DB4.contig40	7304	757	20
DB4.contig41	7248	5950	120
DB4.contig42	6998	1127	49
DB4.contig43	6974	5191	66
DB4.contig44	6852	1646	38
DB4.contig45	6830	6561	260
DB4.contig46	6810	783	15
DB4.contig47	6562	2102	47
DB4.contig48	6549	773	21
DB4.contig49	6355	705	21
DB4.contig50	6273	508	13
DB4.contig51	6182	1963	49
DB4.contig52	6172	3379	108
DB4.contig53	6149	11180	102
DB4.contig54	6081	2883	45
DB4.contig55	6010	762	15
DB4.contig56	5792	944	18
DB4.contig57	5582	739	16
DB4.contig58	5528	732	19
DB4.contig59	5481	679	23
DB4.contig60	5475	1921	39
DB4.contig61	5457	634	3
DB4.contig62	5388	721	23
DB4.contig63	5386	546	16
DB4.contig64	5329	998	17
DB4.contig65	5303	1335	38
DB4.contig66	5229	7219	55
DB4.contig67	5038	4144818	191486
DB4.contig68	5023	522	18
DB4.contig69	5002	1581	34
DB4.contig70	4958	443	50
DB4.contig71	4947	523	14
DB4.contig72	4843	626	14
DB4.contig73	4815	759	16
DB4.contig74	4805	2298	34
DB4.contig75	4805	437	13
DB4.contig76	4689	2102	34
DB4.contig77	4623	574	16
DB4.contig78	4474	490	14
DB4.contig79	4456	500	10
DB4.contig80	4432	682	13
DB4.contig81	4410	728	40
DB4.contig82	4345	492	7
DB4.contig83	4324	600	11
DB4.contig84	4133	2563	32
DB4.contig85	4052	385	18
DB4.contig86	4038	857	18
DB4.contig87	3967	302	18
DB4.contig88	3915	389	13
DB4.contig89	3866	465	11
DB4.contig90	3841	430	10
DB4.contig91	3801	458	12
DB4.contig92	3801	2765	99
DB4.contig93	3754	1905	58
DB4.contig94	3745	363	18
DB4.contig95	3678	387	11
DB4.contig96	3632	345	14
DB4.contig97	3613	460	5
DB4.contig98	3548	405	22
DB4.contig99	3519	6061	81
DB4.contig100	3467	2631	76
DB4.contig101	3373	2355	46
DB4.contig102	3353	274	10
DB4.contig103	3351	234	8
DB4.contig104	3277	409	10
DB4.contig105	3168	352	19
DB4.contig106	3165	227	14
DB4.contig107	3164	324	6
DB4.contig108	3129	911	15
DB4.contig109	3126	412	6
DB4.contig110	3084	278	10
DB4.contig111	3048	284	7
DB4.contig112	3042	354	14
DB4.contig113	3005	340	13
DB4.contig114	2999	259	8
DB4.contig115	2979	647	18
DB4.contig116	2975	238	7
DB4.contig117	2969	413	12
DB4.contig118	2958	249	12
DB4.contig119	2948	261	15
DB4.contig120	2908	284	24
DB4.contig121	2897	240	7
DB4.contig122	2870	271	8
DB4.contig123	2854	335	16
DB4.contig124	2849	414	9
DB4.contig125	2823	251	14
DB4.contig126	2811	3460	44
DB4.contig127	2805	1994	21
DB4.contig128	2790	186	17
DB4.contig129	2783	205	7
DB4.contig130	2782	225	13
DB4.contig131	2770	864	20
DB4.contig132	2770	311	4
DB4.contig133	2753	280	9
DB4.contig134	2739	240	5
DB4.contig135	2724	397	15
DB4.contig136	2693	215	9
DB4.contig137	2646	185	14
DB4.contig138	2634	260	12
DB4.contig139	2626	372	10
DB4.contig140	2606	332	12
DB4.contig141	2601	478	11
DB4.contig142	2590	217	24
DB4.contig143	2581	443	16
DB4.contig144	2568	1863	53
DB4.contig145	2567	299	5
DB4.contig146	2549	403	20
DB4.contig147	2547	340	10
DB4.contig148	2545	287	13
DB4.contig149	2529	228	15
DB4.contig150	2521	251	4
DB4.contig151	2491	161	7
DB4.contig152	2477	206	8
DB4.contig153	2434	184	11
DB4.contig154	2420	35335	298
DB4.contig155	2411	398	9
DB4.contig156	2391	228	7
DB4.contig157	2382	224	12
DB4.contig158	2380	210	4
DB4.contig159	2361	430	16
DB4.contig160	2361	245	12
DB4.contig161	2346	234	9
DB4.contig162	2346	160	13
DB4.contig163	2341	204	16
DB4.contig164	2332	224	8
DB4.contig165	2326	177	14
DB4.contig166	2307	321	14
DB4.contig167	2298	207	7
DB4.contig168	2290	229	5
DB4.contig169	2284	227	22
DB4.contig170	2270	186	13
DB4.contig171	2264	285	22
DB4.contig172	2215	110	10
DB4.contig173	2213	188	8
DB4.contig174	2191	244	16
DB4.contig175	2182	115	12
DB4.contig176	2166	193	14
DB4.contig177	2161	176	10
DB4.contig178	2131	162	17
DB4.contig179	2114	153	4
DB4.contig180	2111	926	4
DB4.contig181	2106	734	22
DB4.contig182	2095	173	12
DB4.contig183	2091	160	10
DB4.contig184	2084	198	2
DB4.contig185	2048	162	4
DB4.contig186	2043	129	5
DB4.contig187	2034	165	3
DB4.contig188	2027	194	10
DB4.contig189	1992	268	7
DB4.contig190	1989	378	14
DB4.contig191	1971	107	9
DB4.contig192	1968	204	8
DB4.contig193	1961	111	13
DB4.contig194	1959	119	8
DB4.contig195	1957	134	8
DB4.contig196	1948	187	10
DB4.contig197	1941	4101	44
DB4.contig198	1931	166	16
DB4.contig199	1925	138	8
DB4.contig200	1923	142	4
DB4.contig201	1920	162	7
DB4.contig202	1916	114	4
DB4.contig203	1908	141	7
DB4.contig204	1898	141	7
DB4.contig205	1893	116	12
DB4.contig206	1876	213	12
DB4.contig207	1871	108	13
DB4.contig208	1862	191	8
DB4.contig209	1859	184	3
DB4.contig210	1845	126	9
DB4.contig211	1845	135	5
DB4.contig212	1822	1276	55
DB4.contig213	1818	131	5
DB4.contig214	1818	169	4
DB4.contig215	1818	178	9
DB4.contig216	1783	90	6
DB4.contig217	1781	97	7
DB4.contig218	1758	129	5
DB4.contig219	1736	125	10
DB4.contig220	1721	100	13
DB4.contig221	1721	95	7
DB4.contig222	1711	145	4
DB4.contig223	1688	185	11
DB4.contig224	1666	134	17
DB4.contig225	1666	130	8
DB4.contig226	1658	165	8
DB4.contig227	1656	90	4
DB4.contig228	1655	105	6
DB4.contig229	1647	98	8
DB4.contig230	1643	113	6
DB4.contig231	1640	136	12
DB4.contig232	1639	125	11
DB4.contig233	1613	101	10
DB4.contig234	1607	189	2
DB4.contig235	1603	118	12
DB4.contig236	1591	156	17
DB4.contig237	1591	116	11
DB4.contig238	1588	216	11
DB4.contig239	1583	129	14
DB4.contig240	1557	176	5
DB4.contig241	1556	99	11
DB4.contig242	1545	118	14
DB4.contig243	1542	147	13
DB4.contig244	1539	105	10
DB4.contig245	1533	186	5
DB4.contig246	1532	87	9
DB4.contig247	1517	76	10
DB4.contig248	1505	98	12
DB4.contig249	1500	82	8
DB4.contig250	1494	124	12
DB4.contig251	1493	139	10
DB4.contig252	1493	90	6
DB4.contig253	1491	81	4
DB4.contig254	1490	135	10
DB4.contig255	1487	69	9
DB4.contig256	1483	80	19
DB4.contig257	1479	102	4
DB4.contig258	1468	101	4
DB4.contig259	1467	83	17
DB4.contig260	1465	105	6
DB4.contig261	1459	91	7
DB4.contig262	1459	123	10
DB4.contig263	1457	80	12
DB4.contig264	1455	157	7
DB4.contig265	1454	131	7
DB4.contig266	1443	109	8
DB4.contig267	1431	108	6
DB4.contig268	1429	183	6
DB4.contig269	1419	101	8
DB4.contig270	1406	78	8
DB4.contig271	1404	112	5
DB4.contig272	1399	59	6
DB4.contig273	1397	84	5
DB4.contig274	1395	135	11
DB4.contig275	1389	202	14
DB4.contig276	1380	83	14
DB4.contig277	1375	166	11
DB4.contig278	1370	82	12
DB4.contig279	1367	89	6
DB4.contig280	1366	67	4
DB4.contig281	1361	89	8
DB4.contig282	1356	79	5
DB4.contig283	1351	86	9
DB4.contig284	1346	88	5
DB4.contig285	1344	190	19
DB4.contig286	1326	72	9
DB4.contig287	1325	83	12
DB4.contig288	1320	88	8
DB4.contig289	1316	116	15
DB4.contig290	1316	66	7
DB4.contig291	1316	456	15
DB4.contig292	1315	110	7
DB4.contig293	1312	77	13
DB4.contig294	1311	101	12
DB4.contig295	1310	80	9
DB4.contig296	1309	64	9
DB4.contig297	1307	112	11
DB4.contig298	1297	86	8
DB4.contig299	1296	68	6
DB4.contig300	1282	103	4
DB4.contig301	1279	86	12
DB4.contig302	1276	76	4
DB4.contig303	1271	102	5
DB4.contig304	1267	46	5
DB4.contig305	1267	68	17
DB4.contig306	1266	170	7
DB4.contig307	1263	62	9
DB4.contig308	1259	92	7
DB4.contig309	1258	43	4
DB4.contig310	1258	74	7
DB4.contig311	1251	104	9
DB4.contig312	1250	495	19
DB4.contig313	1246	92	6
DB4.contig314	1243	66	9
DB4.contig315	1242	588	16
DB4.contig316	1238	5089	83
DB4.contig317	1237	105	7
DB4.contig318	1234	158	14
DB4.contig319	1232	63	8
DB4.contig320	1232	52	7
DB4.contig321	1229	116	5
DB4.contig322	1226	78	7
DB4.contig323	1224	76	13
DB4.contig324	1224	74	6
DB4.contig325	1218	74	5
DB4.contig326	1216	95	5
DB4.contig327	1214	107	4
DB4.contig328	1210	61	4
DB4.contig329	1206	74	11
DB4.contig330	1206	87	13
DB4.contig331	1201	57	11
DB4.contig332	1193	2174	67
DB4.contig333	1183	100	6
DB4.contig334	1177	68	7
DB4.contig335	1176	59	7
DB4.contig336	1169	62	8
DB4.contig337	1168	54	14
DB4.contig338	1155	55	5
DB4.contig339	1155	718	18
DB4.contig340	1154	110	4
DB4.contig341	1147	87	5
DB4.contig342	1145	60	9
DB4.contig343	1143	67	9
DB4.contig344	1143	63	7
DB4.contig345	1142	75	10
DB4.contig346	1137	58	8
DB4.contig347	1133	56	14
DB4.contig348	1131	41	8
DB4.contig349	1126	52	8
DB4.contig350	1122	271	2
DB4.contig351	1122	57	13
DB4.contig352	1122	77	14
DB4.contig353	1121	85	4
DB4.contig354	1120	63	4
DB4.contig355	1120	57	12
DB4.contig356	1119	64	6
DB4.contig357	1118	79	5
DB4.contig358	1116	49	9
DB4.contig359	1114	96	15
DB4.contig360	1112	95	7
DB4.contig361	1111	68	5
DB4.contig362	1107	99	5
DB4.contig363	1104	58	3
DB4.contig364	1100	71	10
DB4.contig365	1099	99	2
DB4.contig366	1097	106	5
DB4.contig367	1090	55	3
DB4.contig368	1089	187	1
DB4.contig369	1089	47	11
DB4.contig370	1086	75	7
DB4.contig371	1083	34	2
DB4.contig372	1082	75	6
DB4.contig373	1082	74	12
DB4.contig374	1079	50	10
DB4.contig375	1077	54	9
DB4.contig376	1076	51	12
DB4.contig377	1076	57	9
DB4.contig378	1074	49	9
DB4.contig379	1073	69	11
DB4.contig380	1073	81	13
DB4.contig381	1072	90	11
DB4.contig382	1071	43	5
DB4.contig383	1069	63	8
DB4.contig384	1060	56	12
DB4.contig385	1056	55	6
DB4.contig386	1056	53	13
DB4.contig387	1051	73	18
DB4.contig388	1049	53	8
DB4.contig389	1045	48	4
DB4.contig390	1040	44	3
DB4.contig391	1038	121	3
DB4.contig392	1036	100	8
DB4.contig393	1036	48	10
DB4.contig394	1035	50	0
DB4.contig395	1034	50	5
DB4.contig396	1033	77	13
DB4.contig397	1030	69	4
DB4.contig398	1029	76	8
DB4.contig399	1021	79	11
DB4.contig400	1018	43	12
DB4.contig401	1016	44	12
DB4.contig402	1014	35	5
DB4.contig403	1004	84	5
DB4.contig404	1000	71	8
DB4.contig405	999	79	7
DB4.contig406	997	72	9
DB4.contig407	995	45	9
DB4.contig408	994	92	2
DB4.contig409	993	73	15
DB4.contig410	992	53	3
DB4.contig411	990	43	10
DB4.contig412	988	64	3
DB4.contig413	987	56	10
DB4.contig414	985	58	6
DB4.contig415	984	40	4
DB4.contig416	982	90	7
DB4.contig417	981	41	11
DB4.contig418	980	58	6
DB4.contig419	978	73	5
DB4.contig420	972	52	16
DB4.contig421	972	61	3
DB4.contig422	968	137	15
DB4.contig423	967	48	11
DB4.contig424	963	82	5
DB4.contig425	961	68	4
DB4.contig426	961	81	14
DB4.contig427	960	47	8
DB4.contig428	960	76	15
DB4.contig429	957	196	6
DB4.contig430	954	94	5
DB4.contig431	949	51	5
DB4.contig432	948	84	6
DB4.contig433	947	47	3
DB4.contig434	944	58	9
DB4.contig435	943	57	12
DB4.contig436	942	71	14
DB4.contig437	934	67	14
DB4.contig438	930	38	5
DB4.contig439	930	80	18
DB4.contig440	924	38	8
DB4.contig441	924	72	9
DB4.contig442	922	65	12
DB4.contig443	921	50	14
DB4.contig444	921	102	12
DB4.contig445	920	27	8
DB4.contig446	918	64	6
DB4.contig447	917	44	4
DB4.contig448	911	109	2
DB4.contig449	907	38	9
DB4.contig450	906	39	2
DB4.contig451	905	1054	34
DB4.contig452	901	61	11
DB4.contig453	899	71	7
DB4.contig454	898	46	6
DB4.contig455	898	45	4
DB4.contig456	898	62	3
DB4.contig457	896	41	7
DB4.contig458	895	52	13
DB4.contig459	895	38	5
DB4.contig460	895	379	6
DB4.contig461	894	58	5
DB4.contig462	894	31	6
DB4.contig463	891	69	10
DB4.contig464	889	68	13
DB4.contig465	888	34	4
DB4.contig466	888	56	9
DB4.contig467	887	31	6
DB4.contig468	887	42	9
DB4.contig469	887	51	7
DB4.contig470	886	37	6
DB4.contig471	884	123	3
DB4.contig472	883	59	9
DB4.contig473	880	40	10
DB4.contig474	879	49	8
DB4.contig475	877	68	5
DB4.contig476	876	48	4
DB4.contig477	875	38	6
DB4.contig478	872	67	5
DB4.contig479	871	39	13
DB4.contig480	868	70	10
DB4.contig481	868	33	5
DB4.contig482	866	158	10
DB4.contig483	866	35	0
DB4.contig484	865	45	7
DB4.contig485	863	20	10
DB4.contig486	861	40	4
DB4.contig487	860	39	4
DB4.contig488	860	21	5
DB4.contig489	854	63	2
DB4.contig490	854	49	4
DB4.contig491	853	37	3
DB4.contig492	853	63	8
DB4.contig493	851	69	5
DB4.contig494	851	48	7
DB4.contig495	850	65	6
DB4.contig496	847	49	7
DB4.contig497	844	699	19
DB4.contig498	843	31	2
DB4.contig499	841	35	4
DB4.contig500	839	30	12
DB4.contig501	838	31	9
DB4.contig502	833	30	6
DB4.contig503	829	52	4
DB4.contig504	828	62	9
DB4.contig505	826	325	28
DB4.contig506	825	32	5
DB4.contig507	825	42	4
DB4.contig508	824	62	9
DB4.contig509	824	69	7
DB4.contig510	823	65	2
DB4.contig511	821	31	10
DB4.contig512	819	35	10
DB4.contig513	819	45	6
DB4.contig514	818	49	4
DB4.contig515	818	50	5
DB4.contig516	817	44	8
DB4.contig517	816	42	12
DB4.contig518	815	48	8
DB4.contig519	813	23	7
DB4.contig520	811	26	20
DB4.contig521	810	37	10
DB4.contig522	809	37	7
DB4.contig523	808	137	4
DB4.contig524	807	25	11
DB4.contig525	807	397	10
DB4.contig526	807	27	5
DB4.contig527	806	52	3
DB4.contig528	803	39	3
DB4.contig529	799	51	6
DB4.contig530	799	33	3
DB4.contig531	798	40	14
DB4.contig532	797	37	7
DB4.contig533	797	58	11
DB4.contig534	796	32	4
DB4.contig535	796	38	3
DB4.contig536	796	42	12
DB4.contig537	793	45	7
DB4.contig538	793	52	10
DB4.contig539	792	36	14
DB4.contig540	792	55	5
DB4.contig541	789	42	10
DB4.contig542	788	54	7
DB4.contig543	788	38	10
DB4.contig544	788	47	3
DB4.contig545	788	50	8
DB4.contig546	787	44	8
DB4.contig547	786	37	12
DB4.contig548	786	34	9
DB4.contig549	785	37	8
DB4.contig550	784	31	7
DB4.contig551	784	39	5
DB4.contig552	781	37	3
DB4.contig553	781	32	11
DB4.contig554	779	41	2
DB4.contig555	779	23	7
DB4.contig556	778	43	6
DB4.contig557	775	46	9
DB4.contig558	774	29	6
DB4.contig559	771	25	7
DB4.contig560	771	26	8
DB4.contig561	770	32	7
DB4.contig562	767	45	4
DB4.contig563	766	38	10
DB4.contig564	764	27	11
DB4.contig565	764	30	6
DB4.contig566	764	36	4
DB4.contig567	764	27	4
DB4.contig568	763	65	11
DB4.contig569	763	37	6
DB4.contig570	762	79	4
DB4.contig571	761	30	7
DB4.contig572	760	44	9
DB4.contig573	758	45	3
DB4.contig574	752	34	7
DB4.contig575	752	50	4
DB4.contig576	747	32	4
DB4.contig577	746	31	8
DB4.contig578	746	42	3
DB4.contig579	744	44	4
DB4.contig580	744	27	6
DB4.contig581	743	46	8
DB4.contig582	743	41	8
DB4.contig583	741	65	4
DB4.contig584	740	43	6
DB4.contig585	739	21	10
DB4.contig586	737	44	10
DB4.contig587	736	54	10
DB4.contig588	735	31	10
DB4.contig589	734	43	11
DB4.contig590	734	58	9
DB4.contig591	733	93	11
DB4.contig592	733	35	6
DB4.contig593	732	35	8
DB4.contig594	730	42	9
DB4.contig595	729	35	10
DB4.contig596	729	43	13
DB4.contig597	728	19	7
DB4.contig598	728	28	4
DB4.contig599	726	26	10
DB4.contig600	726	34	10
DB4.contig601	726	33	9
DB4.contig602	726	39	13
DB4.contig603	725	37	7
DB4.contig604	725	45	3
DB4.contig605	723	43	11
DB4.contig606	722	48	10
DB4.contig607	721	18	6
DB4.contig608	719	24	9
DB4.contig609	719	17	5
DB4.contig610	717	31	9
DB4.contig611	716	50	1
DB4.contig612	716	31	4
DB4.contig613	714	38	14
DB4.contig614	713	29	6
DB4.contig615	713	34	8
DB4.contig616	713	32	5
DB4.contig617	710	30	14
DB4.contig618	710	67	2
DB4.contig619	709	42	9
DB4.contig620	708	25	6
DB4.contig621	705	25	5
DB4.contig622	705	40	10
DB4.contig623	705	38	13
DB4.contig624	703	30	7
DB4.contig625	701	20	8
DB4.contig626	701	23	8
DB4.contig627	700	34	8
DB4.contig628	698	31	10
DB4.contig629	696	24	5
DB4.contig630	695	31	5
DB4.contig631	695	31	2
DB4.contig632	694	51	7
DB4.contig633	694	36	4
DB4.contig634	691	32	13
DB4.contig635	689	24	5
DB4.contig636	689	24	7
DB4.contig637	687	31	7
DB4.contig638	687	29	4
DB4.contig639	686	189	4
DB4.contig640	684	33	6
DB4.contig641	683	27	5
DB4.contig642	683	25	5
DB4.contig643	681	40	3
DB4.contig644	681	65	8
DB4.contig645	680	31	6
DB4.contig646	678	36	6
DB4.contig647	678	32	12
DB4.contig648	676	36	11
DB4.contig649	675	38	7
DB4.contig650	675	61	8
DB4.contig651	673	36	5
DB4.contig652	673	40	3
DB4.contig653	671	22	4
DB4.contig654	670	48	10
DB4.contig655	669	45	2
DB4.contig656	669	19	7
DB4.contig657	667	19	5
DB4.contig658	667	35	4
DB4.contig659	666	28	4
DB4.contig660	666	27	6
DB4.contig661	665	47	5
DB4.contig662	665	39	4
DB4.contig663	664	32	2
DB4.contig664	664	22	10
DB4.contig665	664	23	4
DB4.contig666	663	33	11
DB4.contig667	662	24	3
DB4.contig668	662	35	7
DB4.contig669	658	34	8
DB4.contig670	658	21	7
DB4.contig671	657	47	10
DB4.contig672	657	43	6
DB4.contig673	657	27	13
DB4.contig674	657	36	8
DB4.contig675	656	71	8
DB4.contig676	656	29	6
DB4.contig677	656	29	9
DB4.contig678	655	23	5
DB4.contig679	654	27	4
DB4.contig680	652	41	5
DB4.contig681	651	57	6
DB4.contig682	650	28	7
DB4.contig683	649	28	5
DB4.contig684	649	23	3
DB4.contig685	649	37	13
DB4.contig686	649	43	10
DB4.contig687	649	23	6
DB4.contig688	646	302	30
DB4.contig689	646	40	9
DB4.contig690	643	24	5
DB4.contig691	642	29	9
DB4.contig692	642	27	9
DB4.contig693	642	22	8
DB4.contig694	642	34	5
DB4.contig695	641	58	4
DB4.contig696	640	29	5
DB4.contig697	640	22	6
DB4.contig698	640	57	2
DB4.contig699	638	41	8
DB4.contig700	637	18	4
DB4.contig701	637	18	8
DB4.contig702	637	35	17
DB4.contig703	636	22	8
DB4.contig704	636	26	11
DB4.contig705	635	29	12
DB4.contig706	634	26	11
DB4.contig707	633	26	5
DB4.contig708	631	23	1
DB4.contig709	631	26	7
DB4.contig710	630	11	9
DB4.contig711	630	67	4
DB4.contig712	628	33	3
DB4.contig713	628	60	5
DB4.contig714	627	32	8
DB4.contig715	626	39	8
DB4.contig716	626	25	11
DB4.contig717	626	31	6
DB4.contig718	625	60	3
DB4.contig719	624	32	7
DB4.contig720	624	30	12
DB4.contig721	624	18	2
DB4.contig722	622	22	10
DB4.contig723	622	28	7
DB4.contig724	621	18	8
DB4.contig725	619	21	2
DB4.contig726	618	33	4
DB4.contig727	618	47	3
DB4.contig728	618	142	2
DB4.contig729	617	65	5
DB4.contig730	617	49	8
DB4.contig731	617	29	13
DB4.contig732	616	21	10
DB4.contig733	615	21	5
DB4.contig734	614	31	4
DB4.contig735	614	29	5
DB4.contig736	613	21	6
DB4.contig737	613	28	8
DB4.contig738	612	36	1
DB4.contig739	611	49	9
DB4.contig740	610	25	11
DB4.contig741	610	23	6
DB4.contig742	610	28	5
DB4.contig743	609	25	9
DB4.contig744	608	23	4
DB4.contig745	606	21	5
DB4.contig746	605	52	7
DB4.contig747	604	13	9
DB4.contig748	604	36	10
DB4.contig749	604	45	17
DB4.contig750	603	22	7
DB4.contig751	602	23	3
DB4.contig752	602	25	6
DB4.contig753	601	29	0
DB4.contig754	599	31	13
DB4.contig755	599	25	6
DB4.contig756	599	31	5
DB4.contig757	599	22	10
DB4.contig758	599	40	4
DB4.contig759	598	35	7
DB4.contig760	598	18	6
DB4.contig761	598	38	5
DB4.contig762	598	16	3
DB4.contig763	597	52	4
DB4.contig764	597	67	0
DB4.contig765	596	25	6
DB4.contig766	595	21	2
DB4.contig767	594	23	13
DB4.contig768	594	33	4
DB4.contig769	594	21	13
DB4.contig770	593	28	12
DB4.contig771	593	21	8
DB4.contig772	592	19	6
DB4.contig773	591	28	2
DB4.contig774	591	54	11
DB4.contig775	591	24	6
DB4.contig776	591	20	8
DB4.contig777	590	19	5
DB4.contig778	589	18	4
DB4.contig779	588	38	9
DB4.contig780	588	30	10
DB4.contig781	587	22	10
DB4.contig782	587	31	4
DB4.contig783	587	31	8
DB4.contig784	587	12	8
DB4.contig785	586	17	7
DB4.contig786	586	40	5
DB4.contig787	586	26	2
DB4.contig788	585	15	7
DB4.contig789	585	36	12
DB4.contig790	585	33	4
DB4.contig791	584	49	14
DB4.contig792	584	46	9
DB4.contig793	584	24	9
DB4.contig794	584	18	10
DB4.contig795	583	30	4
DB4.contig796	581	15	9
DB4.contig797	580	28	10
DB4.contig798	580	35	4
DB4.contig799	580	17	8
DB4.contig800	579	22	12
DB4.contig801	579	19	7
DB4.contig802	577	40	2
DB4.contig803	577	40	10
DB4.contig804	575	20	4
DB4.contig805	575	15	5
DB4.contig806	575	25	4
DB4.contig807	574	141	11
DB4.contig808	574	31	8
DB4.contig809	574	24	8
DB4.contig810	574	44	4
DB4.contig811	573	28	4
DB4.contig812	573	18	3
DB4.contig813	573	15	6
DB4.contig814	572	15	7
DB4.contig815	570	28	6
DB4.contig816	568	22	6
DB4.contig817	568	18	6
DB4.contig818	567	29	7
DB4.contig819	567	25	7
DB4.contig820	566	20	6
DB4.contig821	565	26	5
DB4.contig822	564	20	5
DB4.contig823	564	22	4
DB4.contig824	564	46	8
DB4.contig825	561	19	9
DB4.contig826	560	16	7
DB4.contig827	560	24	6
DB4.contig828	560	17	3
DB4.contig829	558	15	6
DB4.contig830	558	18	10
DB4.contig831	557	55	5
DB4.contig832	556	170	4
DB4.contig833	555	30	10
DB4.contig834	554	20	7
DB4.contig835	553	27	8
DB4.contig836	553	26	12
DB4.contig837	552	14	12
DB4.contig838	552	33	8
DB4.contig839	552	24	8
DB4.contig840	551	37	11
DB4.contig841	550	13	7
DB4.contig842	550	44	16
DB4.contig843	550	19	5
DB4.contig844	549	21	9
DB4.contig845	549	15	9
DB4.contig846	548	28	4
DB4.contig847	548	17	8
DB4.contig848	547	40	10
DB4.contig849	547	35	6
DB4.contig850	547	20	2
DB4.contig851	546	16	6
DB4.contig852	546	23	8
DB4.contig853	545	12	8
DB4.contig854	544	20	8
DB4.contig855	544	22	10
DB4.contig856	544	22	8
DB4.contig857	544	23	7
DB4.contig858	543	19	7
DB4.contig859	542	31	11
DB4.contig860	542	12	4
DB4.contig861	542	13	4
DB4.contig862	541	18	5
DB4.contig863	541	27	9
DB4.contig864	540	28	3
DB4.contig865	540	25	7
DB4.contig866	539	23	11
DB4.contig867	539	33	3
DB4.contig868	538	20	6
DB4.contig869	538	18	6
DB4.contig870	538	16	10
DB4.contig871	537	21	9
DB4.contig872	537	21	9
DB4.contig873	536	23	13
DB4.contig874	536	18	8
DB4.contig875	536	28	2
DB4.contig876	535	19	5
DB4.contig877	535	18	8
DB4.contig878	534	57	1
DB4.contig879	534	26	3
DB4.contig880	534	17	7
DB4.contig881	532	26	10
DB4.contig882	532	19	5
DB4.contig883	530	35	7
DB4.contig884	530	25	3
DB4.contig885	530	25	6
DB4.contig886	530	20	12
DB4.contig887	529	28	2
DB4.contig888	529	23	5
DB4.contig889	529	23	5
DB4.contig890	528	22	6
DB4.contig891	528	37	2
DB4.contig892	527	28	9
DB4.contig893	527	20	9
DB4.contig894	527	12	3
DB4.contig895	526	29	6
DB4.contig896	525	31	12
DB4.contig897	525	24	6
DB4.contig898	524	32	14
DB4.contig899	523	21	5
DB4.contig900	522	16	9
DB4.contig901	522	37	6
DB4.contig902	522	13	9
DB4.contig903	522	19	4
DB4.contig904	522	20	4
DB4.contig905	521	27	6
DB4.contig906	521	29	11
DB4.contig907	521	23	9
DB4.contig908	519	31	11
DB4.contig909	519	21	3
DB4.contig910	519	25	2
DB4.contig911	519	15	5
DB4.contig912	518	34	3
DB4.contig913	518	27	1
DB4.contig914	517	30	6
DB4.contig915	515	21	12
DB4.contig916	515	27	9
DB4.contig917	514	18	10
DB4.contig918	514	16	6
DB4.contig919	514	24	1
DB4.contig920	514	23	5
DB4.contig921	513	30	6
DB4.contig922	512	15	8
DB4.contig923	512	11	7
DB4.contig924	511	18	10
DB4.contig925	511	31	11
DB4.contig926	510	31	8
DB4.contig927	510	22	6
DB4.contig928	509	19	10
DB4.contig929	509	15	5
DB4.contig930	508	27	7
DB4.contig931	508	25	6
DB4.contig932	508	29	7
DB4.contig933	507	35	9
DB4.contig934	506	20	7
DB4.contig935	506	13	11
DB4.contig936	505	21	7
DB4.contig937	505	12	1
DB4.contig938	504	32	5
DB4.contig939	504	29	3
DB4.contig940	504	22	7
DB4.contig941	503	20	5
DB4.contig942	503	24	8
DB4.contig943	502	19	2
DB4.contig944	501	21	4
DB4.contig945	501	22	7
DB4.contig946	501	22	3
DB4.contig947	501	15	9
DB4.contig948	500	20	4
DB4.contig949	500	13	7
DB4.contig950	499	20	6
DB4.contig951	499	19	9
DB4.contig952	499	24	6
DB4.contig953	498	12	6
DB4.contig954	498	19	4
DB4.contig955	498	30	7
DB4.contig956	497	32	7
DB4.contig957	497	14	8
DB4.contig958	497	19	2
DB4.contig959	496	30	7
DB4.contig960	496	23	5
DB4.contig961	495	17	3
DB4.contig962	495	15	3
DB4.contig963	494	24	12
DB4.contig964	494	18	7
DB4.contig965	494	19	7
DB4.contig966	493	28	7
DB4.contig967	493	13	5
DB4.contig968	493	24	9
DB4.contig969	492	19	3
DB4.contig970	492	23	5
DB4.contig971	492	14	3
DB4.contig972	492	14	2
DB4.contig973	492	31	8
DB4.contig974	491	11	9
DB4.contig975	491	28	6
DB4.contig976	490	13	5
DB4.contig977	490	22	5
DB4.contig978	490	31	3
DB4.contig979	490	246	3
DB4.contig980	489	22	2
DB4.contig981	489	18	8
DB4.contig982	488	23	8
DB4.contig983	488	23	11
DB4.contig984	487	22	4
DB4.contig985	487	13	6
DB4.contig986	486	36	14
DB4.contig987	486	26	6
DB4.contig988	486	20	2
DB4.contig989	485	18	13
DB4.contig990	485	25	9
DB4.contig991	485	30	16
DB4.contig992	485	22	6
DB4.contig993	485	33	6
DB4.contig994	484	13	7
DB4.contig995	484	10	4
DB4.contig996	484	11	5
DB4.contig997	483	29	13
DB4.contig998	483	21	9
DB4.contig999	483	15	7
DB4.contig1000	483	17	6
DB4.contig1001	481	11	7
DB4.contig1002	481	29	3
DB4.contig1003	481	19	7
DB4.contig1004	480	21	3
DB4.contig1005	480	21	7
DB4.contig1006	480	21	9
DB4.contig1007	480	20	7
DB4.contig1008	479	33	8
DB4.contig1009	479	13	7
DB4.contig1010	479	27	8
DB4.contig1011	479	11	1
DB4.contig1012	478	20	8
DB4.contig1013	478	24	7
DB4.contig1014	477	9	5
DB4.contig1015	477	121	42
DB4.contig1016	477	45	8
DB4.contig1017	477	40	8
DB4.contig1018	477	11	7
DB4.contig1019	477	81	7
DB4.contig1020	476	9	5
DB4.contig1021	476	25	5
DB4.contig1022	475	26	8
DB4.contig1023	475	33	11
DB4.contig1024	475	31	5
DB4.contig1025	474	20	8
DB4.contig1026	474	18	7
DB4.contig1027	473	14	6
DB4.contig1028	473	22	5
DB4.contig1029	473	20	10
DB4.contig1030	473	13	6
DB4.contig1031	472	29	10
DB4.contig1032	471	16	5
DB4.contig1033	471	11	7
DB4.contig1034	471	18	5
DB4.contig1035	470	17	7
DB4.contig1036	470	20	5
DB4.contig1037	470	15	7
DB4.contig1038	470	14	6
DB4.contig1039	470	23	13
DB4.contig1040	469	19	8
DB4.contig1041	468	24	14
DB4.contig1042	467	16	5
DB4.contig1043	466	13	11
DB4.contig1044	466	17	5
DB4.contig1045	466	19	3
DB4.contig1046	466	19	7
DB4.contig1047	466	13	11
DB4.contig1048	466	15	7
DB4.contig1049	466	19	8
DB4.contig1050	465	7	3
DB4.contig1051	465	32	8
DB4.contig1052	465	22	6
DB4.contig1053	465	27	5
DB4.contig1054	465	17	7
DB4.contig1055	464	12	4
DB4.contig1056	464	22	8
DB4.contig1057	464	16	10
DB4.contig1058	463	14	6
DB4.contig1059	463	21	7
DB4.contig1060	463	15	6
DB4.contig1061	463	18	6
DB4.contig1062	462	21	9
DB4.contig1063	462	13	7
DB4.contig1064	462	15	7
DB4.contig1065	462	21	8
DB4.contig1066	461	15	7
DB4.contig1067	461	24	3
DB4.contig1068	460	24	12
DB4.contig1069	460	20	8
DB4.contig1070	460	15	5
DB4.contig1071	460	8	6
DB4.contig1072	460	19	2
DB4.contig1073	459	11	3
DB4.contig1074	459	34	6
DB4.contig1075	459	20	4
DB4.contig1076	459	11	7
DB4.contig1077	458	16	7
DB4.contig1078	457	19	5
DB4.contig1079	457	21	6
DB4.contig1080	457	21	4
DB4.contig1081	457	28	11
DB4.contig1082	456	12	8
DB4.contig1083	456	15	5
DB4.contig1084	456	15	6
DB4.contig1085	456	19	10
DB4.contig1086	456	22	4
DB4.contig1087	455	28	1
DB4.contig1088	455	18	3
DB4.contig1089	455	13	3
DB4.contig1090	455	14	2
DB4.contig1091	454	15	7
DB4.contig1092	454	15	7
DB4.contig1093	453	18	6
DB4.contig1094	453	11	4
DB4.contig1095	453	30	5
DB4.contig1096	452	25	16
DB4.contig1097	452	13	5
DB4.contig1098	452	19	5
DB4.contig1099	451	14	7
DB4.contig1100	451	17	9
DB4.contig1101	451	23	11
DB4.contig1102	451	18	4
DB4.contig1103	450	26	6
DB4.contig1104	450	24	4
DB4.contig1105	450	12	6
DB4.contig1106	450	26	10
DB4.contig1107	449	13	8
DB4.contig1108	448	14	10
DB4.contig1109	447	24	9
DB4.contig1110	447	13	3
DB4.contig1111	447	15	3
DB4.contig1112	446	17	8
DB4.contig1113	446	22	7
DB4.contig1114	445	8	3
DB4.contig1115	445	13	9
DB4.contig1116	444	18	6
DB4.contig1117	444	11	7
DB4.contig1118	444	29	5
DB4.contig1119	444	30	12
DB4.contig1120	443	20	8
DB4.contig1121	443	13	7
DB4.contig1122	442	15	9
DB4.contig1123	442	9	4
DB4.contig1124	442	10	10
DB4.contig1125	441	12	6
DB4.contig1126	440	10	3
DB4.contig1127	440	12	3
DB4.contig1128	439	22	6
DB4.contig1129	439	14	8
DB4.contig1130	439	12	2
DB4.contig1131	439	13	1
DB4.contig1132	439	17	15
DB4.contig1133	438	20	3
DB4.contig1134	438	18	4
DB4.contig1135	438	31	17
DB4.contig1136	437	40	3
DB4.contig1137	437	30	7
DB4.contig1138	436	14	4
DB4.contig1139	436	10	10
DB4.contig1140	435	13	4
DB4.contig1141	435	17	4
DB4.contig1142	434	18	8
DB4.contig1143	433	22	4
DB4.contig1144	433	55	4
DB4.contig1145	432	7	7
DB4.contig1146	432	32	5
DB4.contig1147	432	13	7
DB4.contig1148	432	28	11
DB4.contig1149	431	23	6
DB4.contig1150	431	11	5
DB4.contig1151	430	6	4
DB4.contig1152	430	16	8
DB4.contig1153	430	35	9
DB4.contig1154	429	12	6
DB4.contig1155	429	16	6
DB4.contig1156	429	13	9
DB4.contig1157	428	26	12
DB4.contig1158	427	11	5
DB4.contig1159	427	9	2
DB4.contig1160	426	15	9
DB4.contig1161	425	10	6
DB4.contig1162	425	17	6
DB4.contig1163	425	18	5
DB4.contig1164	425	16	6
DB4.contig1165	425	14	6
DB4.contig1166	424	16	5
DB4.contig1167	423	21	3
DB4.contig1168	423	14	6
DB4.contig1169	423	8	6
DB4.contig1170	422	14	6
DB4.contig1171	421	11	6
DB4.contig1172	421	6	6
DB4.contig1173	421	10	3
DB4.contig1174	421	17	1
DB4.contig1175	420	19	2
DB4.contig1176	420	12	7
DB4.contig1177	420	26	2
DB4.contig1178	420	16	2
DB4.contig1179	420	19	3
DB4.contig1180	419	30	5
DB4.contig1181	419	10	7
DB4.contig1182	419	28	4
DB4.contig1183	419	14	2
DB4.contig1184	418	22	8
DB4.contig1185	417	18	1
DB4.contig1186	417	7	7
DB4.contig1187	417	9	3
DB4.contig1188	417	17	5
DB4.contig1189	416	17	5
DB4.contig1190	416	25	7
DB4.contig1191	416	13	5
DB4.contig1192	415	21	7
DB4.contig1193	415	18	10
DB4.contig1194	414	12	5
DB4.contig1195	414	26	12
DB4.contig1196	414	13	6
DB4.contig1197	414	16	7
DB4.contig1198	413	11	10
DB4.contig1199	413	14	10
DB4.contig1200	413	21	1
DB4.contig1201	413	28	5
DB4.contig1202	413	13	8
DB4.contig1203	412	16	6
DB4.contig1204	412	18	5
DB4.contig1205	412	16	3
DB4.contig1206	411	22	5
DB4.contig1207	411	12	6
DB4.contig1208	411	12	6
DB4.contig1209	411	22	11
DB4.contig1210	410	13	11
DB4.contig1211	410	11	6
DB4.contig1212	410	15	10
DB4.contig1213	410	10	3
DB4.contig1214	410	11	7
DB4.contig1215	410	11	6
DB4.contig1216	408	10	4
DB4.contig1217	408	12	4
DB4.contig1218	408	20	3
DB4.contig1219	408	202	3
DB4.contig1220	408	12	4
DB4.contig1221	408	13	2
DB4.contig1222	407	8	6
DB4.contig1223	406	9	5
DB4.contig1224	406	12	4
DB4.contig1225	405	26	7
DB4.contig1226	405	14	7
DB4.contig1227	404	13	7
DB4.contig1228	404	11	7
DB4.contig1229	404	207	11
DB4.contig1230	403	17	3
DB4.contig1231	403	13	7
DB4.contig1232	403	11	5
DB4.contig1233	403	13	3
DB4.contig1234	402	16	3
DB4.contig1235	402	18	8
DB4.contig1236	402	11	3
DB4.contig1237	402	4	4
DB4.contig1238	400	14	3
DB4.contig1239	400	8	6
DB4.contig1240	400	28	2
DB4.contig1241	400	14	2
DB4.contig1242	400	19	8
DB4.contig1243	400	12	4
DB4.contig1244	399	13	3
DB4.contig1245	399	16	3
DB4.contig1246	399	7	3
DB4.contig1247	399	18	6
DB4.contig1248	399	21	8
DB4.contig1249	399	14	5
DB4.contig1250	398	105	1
DB4.contig1251	398	13	9
DB4.contig1252	398	14	8
DB4.contig1253	397	11	2
DB4.contig1254	397	12	2
DB4.contig1255	397	15	6
DB4.contig1256	397	9	7
DB4.contig1257	396	15	9
DB4.contig1258	395	9	5
DB4.contig1259	395	11	8
DB4.contig1260	395	9	5
DB4.contig1261	395	14	12
DB4.contig1262	395	19	6
DB4.contig1263	395	8	6
DB4.contig1264	395	34	10
DB4.contig1265	395	10	6
DB4.contig1266	395	14	7
DB4.contig1267	394	12	4
DB4.contig1268	394	22	5
DB4.contig1269	394	9	7
DB4.contig1270	393	12	8
DB4.contig1271	393	11	3
DB4.contig1272	392	12	5
DB4.contig1273	392	102	4
DB4.contig1274	392	11	4
DB4.contig1275	392	15	4
DB4.contig1276	392	10	8
DB4.contig1277	391	11	6
DB4.contig1278	391	6	1
DB4.contig1279	391	4	4
DB4.contig1280	391	16	7
DB4.contig1281	391	19	13
DB4.contig1282	390	16	4
DB4.contig1283	390	13	7
DB4.contig1284	389	13	10
DB4.contig1285	389	23	8
DB4.contig1286	389	14	3
DB4.contig1287	389	24	7
DB4.contig1288	389	18	7
DB4.contig1289	389	17	7
DB4.contig1290	388	26	2
DB4.contig1291	388	13	4
DB4.contig1292	388	10	7
DB4.contig1293	388	18	7
DB4.contig1294	388	10	6
DB4.contig1295	388	12	4
DB4.contig1296	388	9	5
DB4.contig1297	387	14	8
DB4.contig1298	387	17	6
DB4.contig1299	387	20	4
DB4.contig1300	387	10	4
DB4.contig1301	387	14	5
DB4.contig1302	387	7	5
DB4.contig1303	387	30	0
DB4.contig1304	387	9	3
DB4.contig1305	387	32	5
DB4.contig1306	386	18	3
DB4.contig1307	386	17	5
DB4.contig1308	386	18	8
DB4.contig1309	386	15	5
DB4.contig1310	386	14	7
DB4.contig1311	385	19	7
DB4.contig1312	385	23	5
DB4.contig1313	385	14	3
DB4.contig1314	385	10	8
DB4.contig1315	385	8	6
DB4.contig1316	384	16	4
DB4.contig1317	384	14	3
DB4.contig1318	384	30	8
DB4.contig1319	384	14	6
DB4.contig1320	383	17	7
DB4.contig1321	383	16	5
DB4.contig1322	383	8	0
DB4.contig1323	383	12	2
DB4.contig1324	383	13	9
DB4.contig1325	383	11	7
DB4.contig1326	382	7	5
DB4.contig1327	382	9	3
DB4.contig1328	382	11	2
DB4.contig1329	381	11	7
DB4.contig1330	381	10	4
DB4.contig1331	381	14	9
DB4.contig1332	381	26	3
DB4.contig1333	381	18	4
DB4.contig1334	381	10	4
DB4.contig1335	380	8	8
DB4.contig1336	380	16	4
DB4.contig1337	380	21	5
DB4.contig1338	379	14	8
DB4.contig1339	379	12	4
DB4.contig1340	379	6	6
DB4.contig1341	379	10	7
DB4.contig1342	379	20	11
DB4.contig1343	379	16	10
DB4.contig1344	378	13	5
DB4.contig1345	378	9	1
DB4.contig1346	378	15	3
DB4.contig1347	377	9	5
DB4.contig1348	377	8	8
DB4.contig1349	377	13	6
DB4.contig1350	377	10	4
DB4.contig1351	377	12	2
DB4.contig1352	377	20	8
DB4.contig1353	376	16	7
DB4.contig1354	375	20	12
DB4.contig1355	375	18	5
DB4.contig1356	375	16	9
DB4.contig1357	375	16	8
DB4.contig1358	375	19	6
DB4.contig1359	375	13	4
DB4.contig1360	375	18	2
DB4.contig1361	374	17	2
DB4.contig1362	374	17	9
DB4.contig1363	373	13	5
DB4.contig1364	373	8	4
DB4.contig1365	373	14	5
DB4.contig1366	373	12	4
DB4.contig1367	373	11	4
DB4.contig1368	373	17	7
DB4.contig1369	373	12	6
DB4.contig1370	372	8	6
DB4.contig1371	372	11	3
DB4.contig1372	372	11	3
DB4.contig1373	371	11	7
DB4.contig1374	371	11	2
DB4.contig1375	371	10	3
DB4.contig1376	370	9	2
DB4.contig1377	370	17	4
DB4.contig1378	370	9	7
DB4.contig1379	370	13	9
DB4.contig1380	370	11	5
DB4.contig1381	370	5	5
DB4.contig1382	369	20	10
DB4.contig1383	369	13	7
DB4.contig1384	369	14	9
DB4.contig1385	369	17	4
DB4.contig1386	368	15	3
DB4.contig1387	368	11	5
DB4.contig1388	368	7	5
DB4.contig1389	368	12	5
DB4.contig1390	368	25	1
DB4.contig1391	368	18	5
DB4.contig1392	368	11	6
DB4.contig1393	367	11	5
DB4.contig1394	367	11	6
DB4.contig1395	367	17	9
DB4.contig1396	367	6	6
DB4.contig1397	367	11	7
DB4.contig1398	366	11	7
DB4.contig1399	366	25	13
DB4.contig1400	366	16	5
DB4.contig1401	366	13	2
DB4.contig1402	366	25	7
DB4.contig1403	365	10	10
DB4.contig1404	365	15	8
DB4.contig1405	365	19	6
DB4.contig1406	365	7	5
DB4.contig1407	365	4	4
DB4.contig1408	365	18	8
DB4.contig1409	365	10	3
DB4.contig1410	364	17	5
DB4.contig1411	364	16	10
DB4.contig1412	364	23	5
DB4.contig1413	364	7	5
DB4.contig1414	364	8	3
DB4.contig1415	363	14	5
DB4.contig1416	363	10	8
DB4.contig1417	363	16	6
DB4.contig1418	362	13	3
DB4.contig1419	362	16	7
DB4.contig1420	361	21	6
DB4.contig1421	361	19	4
DB4.contig1422	361	18	9
DB4.contig1423	361	12	5
DB4.contig1424	361	29	11
DB4.contig1425	360	13	7
DB4.contig1426	360	8	8
DB4.contig1427	360	7	5
DB4.contig1428	360	16	6
DB4.contig1429	360	23	4
DB4.contig1430	360	9	7
DB4.contig1431	360	16	4
DB4.contig1432	360	12	3
DB4.contig1433	360	14	4
DB4.contig1434	359	9	2
DB4.contig1435	359	15	7
DB4.contig1436	358	4	4
DB4.contig1437	358	28	5
DB4.contig1438	358	13	5
DB4.contig1439	357	23	8
DB4.contig1440	357	9	3
DB4.contig1441	357	12	8
DB4.contig1442	357	17	9
DB4.contig1443	356	18	7
DB4.contig1444	356	9	9
DB4.contig1445	356	15	6
DB4.contig1446	356	20	8
DB4.contig1447	356	10	6
DB4.contig1448	355	8	6
DB4.contig1449	355	9	6
DB4.contig1450	355	14	1
DB4.contig1451	355	11	5
DB4.contig1452	354	9	4
DB4.contig1453	354	11	9
DB4.contig1454	354	12	8
DB4.contig1455	354	11	7
DB4.contig1456	354	10	8
DB4.contig1457	354	5	3
DB4.contig1458	354	16	4
DB4.contig1459	354	5	5
DB4.contig1460	353	7	4
DB4.contig1461	353	15	8
DB4.contig1462	353	5	3
DB4.contig1463	353	19	5
DB4.contig1464	353	12	2
DB4.contig1465	353	8	4
DB4.contig1466	353	13	7
DB4.contig1467	352	21	7
DB4.contig1468	352	22	13
DB4.contig1469	351	14	10
DB4.contig1470	351	16	9
DB4.contig1471	351	16	7
DB4.contig1472	351	11	7
DB4.contig1473	351	14	7
DB4.contig1474	351	6	6
DB4.contig1475	351	12	5
DB4.contig1476	350	15	5
DB4.contig1477	350	13	7
DB4.contig1478	350	6	2
DB4.contig1479	350	16	5
DB4.contig1480	350	7	7
DB4.contig1481	350	14	8
DB4.contig1482	350	12	3
DB4.contig1483	350	20	7
DB4.contig1484	349	6	4
DB4.contig1485	349	8	3
DB4.contig1486	349	9	5
DB4.contig1487	348	13	4
DB4.contig1488	348	12	10
DB4.contig1489	348	41	0
DB4.contig1490	348	8	6
DB4.contig1491	348	8	6
DB4.contig1492	348	8	6
DB4.contig1493	348	9	7
DB4.contig1494	348	14	5
DB4.contig1495	347	24	3
DB4.contig1496	347	20	7
DB4.contig1497	347	8	5
DB4.contig1498	347	8	2
DB4.contig1499	347	11	6
DB4.contig1500	347	9	5
DB4.contig1501	347	12	4
DB4.contig1502	346	23	3
DB4.contig1503	346	16	1
DB4.contig1504	346	14	7
DB4.contig1505	346	10	6
DB4.contig1506	346	11	5
DB4.contig1507	345	2	2
DB4.contig1508	345	7	5
DB4.contig1509	345	18	0
DB4.contig1510	345	17	8
DB4.contig1511	345	11	2
DB4.contig1512	344	7	7
DB4.contig1513	344	9	7
DB4.contig1514	344	8	2
DB4.contig1515	343	25	3
DB4.contig1516	343	11	1
DB4.contig1517	342	8	6
DB4.contig1518	342	13	5
DB4.contig1519	342	19	7
DB4.contig1520	342	8	4
DB4.contig1521	341	11	4
DB4.contig1522	341	15	5
DB4.contig1523	341	9	4
DB4.contig1524	340	10	3
DB4.contig1525	340	15	7
DB4.contig1526	340	4	4
DB4.contig1527	340	9	4
DB4.contig1528	340	17	10
DB4.contig1529	340	9	3
DB4.contig1530	340	16	10
DB4.contig1531	339	15	6
DB4.contig1532	339	11	5
DB4.contig1533	339	12	2
DB4.contig1534	339	12	6
DB4.contig1535	339	17	7
DB4.contig1536	339	7	5
DB4.contig1537	339	6	3
DB4.contig1538	339	15	3
DB4.contig1539	339	16	5
DB4.contig1540	338	13	6
DB4.contig1541	338	12	6
DB4.contig1542	338	9	5
DB4.contig1543	338	14	8
DB4.contig1544	338	11	7
DB4.contig1545	337	14	8
DB4.contig1546	337	12	10
DB4.contig1547	337	17	5
DB4.contig1548	337	7	3
DB4.contig1549	337	6	6
DB4.contig1550	337	12	3
DB4.contig1551	336	16	12
DB4.contig1552	336	12	9
DB4.contig1553	336	14	6
DB4.contig1554	336	17	2
DB4.contig1555	336	7	2
DB4.contig1556	335	16	4
DB4.contig1557	335	14	8
DB4.contig1558	335	9	5
DB4.contig1559	335	9	5
DB4.contig1560	334	13	9
DB4.contig1561	334	15	6
DB4.contig1562	334	17	5
DB4.contig1563	334	7	5
DB4.contig1564	334	11	2
DB4.contig1565	334	6	2
DB4.contig1566	334	6	4
DB4.contig1567	334	72	2
DB4.contig1568	334	14	8
DB4.contig1569	334	14	8
DB4.contig1570	333	5	3
DB4.contig1571	333	15	8
DB4.contig1572	333	10	4
DB4.contig1573	333	11	2
DB4.contig1574	332	14	10
DB4.contig1575	332	6	4
DB4.contig1576	332	8	2
DB4.contig1577	332	6	4
DB4.contig1578	332	18	10
DB4.contig1579	331	7	1
DB4.contig1580	331	11	5
DB4.contig1581	331	14	2
DB4.contig1582	331	11	1
DB4.contig1583	331	11	3
DB4.contig1584	331	18	6
DB4.contig1585	331	13	4
DB4.contig1586	331	6	4
DB4.contig1587	331	15	2
DB4.contig1588	330	10	8
DB4.contig1589	330	10	0
DB4.contig1590	330	7	7
DB4.contig1591	330	8	6
DB4.contig1592	330	16	4
DB4.contig1593	330	20	3
DB4.contig1594	329	7	7
DB4.contig1595	329	9	3
DB4.contig1596	329	13	3
DB4.contig1597	329	14	5
DB4.contig1598	329	6	4
DB4.contig1599	328	10	3
DB4.contig1600	328	5	3
DB4.contig1601	328	14	6
DB4.contig1602	328	14	6
DB4.contig1603	327	10	0
DB4.contig1604	327	15	10
DB4.contig1605	327	11	7
DB4.contig1606	326	12	8
DB4.contig1607	326	14	4
DB4.contig1608	326	6	6
DB4.contig1609	326	13	3
DB4.contig1610	326	8	3
DB4.contig1611	325	19	5
DB4.contig1612	325	8	2
DB4.contig1613	325	11	5
DB4.contig1614	325	7	1
DB4.contig1615	325	8	3
DB4.contig1616	325	8	3
DB4.contig1617	325	10	4
DB4.contig1618	325	19	10
DB4.contig1619	325	34	6
DB4.contig1620	325	17	7
DB4.contig1621	324	15	3
DB4.contig1622	324	17	3
DB4.contig1623	324	6	4
DB4.contig1624	324	15	6
DB4.contig1625	323	37	3
DB4.contig1626	323	9	2
DB4.contig1627	322	7	7
DB4.contig1628	322	10	5
DB4.contig1629	322	9	3
DB4.contig1630	321	8	4
DB4.contig1631	321	13	5
DB4.contig1632	321	11	3
DB4.contig1633	321	13	5
DB4.contig1634	321	12	0
DB4.contig1635	321	12	8
DB4.contig1636	321	12	3
DB4.contig1637	320	15	7
DB4.contig1638	320	7	7
DB4.contig1639	320	23	3
DB4.contig1640	320	11	3
DB4.contig1641	320	10	1
DB4.contig1642	320	8	5
DB4.contig1643	320	18	9
DB4.contig1644	320	10	4
DB4.contig1645	319	9	6
DB4.contig1646	319	5	5
DB4.contig1647	319	4	3
DB4.contig1648	319	12	5
DB4.contig1649	318	6	2
DB4.contig1650	318	8	5
DB4.contig1651	318	6	4
DB4.contig1652	318	10	6
DB4.contig1653	318	10	2
DB4.contig1654	317	14	4
DB4.contig1655	317	7	7
DB4.contig1656	317	13	3
DB4.contig1657	317	9	2
DB4.contig1658	316	8	4
DB4.contig1659	316	13	4
DB4.contig1660	316	11	5
DB4.contig1661	316	11	4
DB4.contig1662	316	18	12
DB4.contig1663	316	7	2
DB4.contig1664	315	9	5
DB4.contig1665	315	9	5
DB4.contig1666	315	13	6
DB4.contig1667	315	23	14
DB4.contig1668	315	14	6
DB4.contig1669	315	9	5
DB4.contig1670	314	7	5
DB4.contig1671	314	13	9
DB4.contig1672	314	12	6
DB4.contig1673	314	6	4
DB4.contig1674	314	5	5
DB4.contig1675	314	6	2
DB4.contig1676	314	15	10
DB4.contig1677	313	7	5
DB4.contig1678	313	7	6
DB4.contig1679	313	15	12
DB4.contig1680	313	13	10
DB4.contig1681	313	10	8
DB4.contig1682	312	9	8
DB4.contig1683	312	13	7
DB4.contig1684	312	4	4
DB4.contig1685	312	32	4
DB4.contig1686	312	6	4
DB4.contig1687	311	8	6
DB4.contig1688	311	11	6
DB4.contig1689	311	9	5
DB4.contig1690	311	16	5
DB4.contig1691	311	14	7
DB4.contig1692	311	11	9
DB4.contig1693	310	8	4
DB4.contig1694	310	8	4
DB4.contig1695	310	14	1
DB4.contig1696	310	9	7
DB4.contig1697	309	10	3
DB4.contig1698	309	10	4
DB4.contig1699	309	12	2
DB4.contig1700	309	7	6
DB4.contig1701	309	8	5
DB4.contig1702	309	10	2
DB4.contig1703	308	12	9
DB4.contig1704	308	10	5
DB4.contig1705	308	8	4
DB4.contig1706	308	8	6
DB4.contig1707	307	10	6
DB4.contig1708	307	8	6
DB4.contig1709	307	7	3
DB4.contig1710	306	9	2
DB4.contig1711	306	10	2
DB4.contig1712	306	37	4
DB4.contig1713	306	10	8
DB4.contig1714	305	11	5
DB4.contig1715	304	7	5
DB4.contig1716	304	6	4
DB4.contig1717	304	4	4
DB4.contig1718	304	10	4
DB4.contig1719	304	12	5
DB4.contig1720	304	9	9
DB4.contig1721	304	8	6
DB4.contig1722	304	7	3
DB4.contig1723	304	14	3
DB4.contig1724	304	9	4
DB4.contig1725	303	15	5
DB4.contig1726	303	4	2
DB4.contig1727	303	6	4
DB4.contig1728	303	4	4
DB4.contig1729	302	6	3
DB4.contig1730	302	8	4
DB4.contig1731	302	6	4
DB4.contig1732	302	12	3
DB4.contig1733	301	4	2
DB4.contig1734	301	7	5
DB4.contig1735	301	19	10
DB4.contig1736	301	11	5
DB4.contig1737	301	7	5
DB4.contig1738	301	8	6
DB4.contig1739	301	5	2
DB4.contig1740	301	15	8
DB4.contig1741	301	8	4
DB4.contig1742	301	13	9
DB4.contig1743	301	4	4
DB4.contig1744	300	3	3
DB4.contig1745	300	11	2
DB4.contig1746	300	4	4
DB4.contig1747	300	12	1
DB4.contig1748	300	6	4
DB4.contig1749	300	9	5
DB4.contig1750	300	5	3
DB4.contig1751	300	9	6
DB4.contig1752	300	17	5
DB4.contig1753	300	10	2
*	0	0	71596
