R3961.contig1	2541	519	22
R3961.contig2	2278	926	2
R3961.contig3	1921	268408	3623
R3961.contig4	1754	445	12
R3961.contig5	1648	174116	2067
R3961.contig6	1610	53479	1079
R3961.contig7	1587	286	9
R3961.contig8	1487	1721	56
R3961.contig9	1466	961	20
R3961.contig10	1455	413	29
R3961.contig11	1429	867	24
R3961.contig12	1417	142	8
R3961.contig13	1344	441	14
R3961.contig14	1230	2547	355
R3961.contig15	1110	198	10
R3961.contig16	1057	103	9
R3961.contig17	1029	82	4
R3961.contig18	1000	1221	42
R3961.contig19	991	651	12
R3961.contig20	972	90	5
R3961.contig21	970	2943	636
R3961.contig22	950	49644	199
R3961.contig23	936	1927	254
R3961.contig24	933	94	3
R3961.contig25	927	185	18
R3961.contig26	904	287	5
R3961.contig27	888	371	9
R3961.contig28	887	101	6
R3961.contig29	885	567	7
R3961.contig30	882	103	9
R3961.contig31	872	87	5
R3961.contig32	807	2831	641
R3961.contig33	806	105	1
R3961.contig34	799	53	7
R3961.contig35	793	558	12
R3961.contig36	787	158	12
R3961.contig37	779	232	11
R3961.contig38	771	164	13
R3961.contig39	764	79	17
R3961.contig40	753	790	10
R3961.contig41	748	82	10
R3961.contig42	748	1560	17
R3961.contig43	741	77	8
R3961.contig44	738	48	8
R3961.contig45	736	6797	234
R3961.contig46	734	695	63
R3961.contig47	727	6349	141
R3961.contig48	721	273	18
R3961.contig49	720	379	15
R3961.contig50	705	13455	2022
R3961.contig51	704	62	4
R3961.contig52	702	203	3
R3961.contig53	699	66	1
R3961.contig54	684	50	6
R3961.contig55	684	32	4
R3961.contig56	680	214	8
R3961.contig57	679	33	2
R3961.contig58	664	99	10
R3961.contig59	645	102	5
R3961.contig60	643	21366	7131
R3961.contig61	642	76	4
R3961.contig62	635	107	3
R3961.contig63	635	199	0
R3961.contig64	633	63	5
R3961.contig65	632	66	5
R3961.contig66	632	2510	104
R3961.contig67	627	15516	760
R3961.contig68	617	52	2
R3961.contig69	616	71	5
R3961.contig70	614	21	5
R3961.contig71	609	3639	1229
R3961.contig72	600	47	3
R3961.contig73	597	51	4
R3961.contig74	595	55	3
R3961.contig75	594	27194	681
R3961.contig76	593	1401	41
R3961.contig77	592	24	2
R3961.contig78	590	2187	411
R3961.contig79	588	44	12
R3961.contig80	585	75	7
R3961.contig81	581	33	7
R3961.contig82	578	38402	774
R3961.contig83	573	41	3
R3961.contig84	573	2666	582
R3961.contig85	572	23	5
R3961.contig86	570	2441	64
R3961.contig87	566	36	2
R3961.contig88	561	37	3
R3961.contig89	556	41	9
R3961.contig90	555	95	5
R3961.contig91	551	19	3
R3961.contig92	542	691	12
R3961.contig93	534	83	7
R3961.contig94	531	2350	49
R3961.contig95	522	189	5
R3961.contig96	516	251	4
R3961.contig97	508	976	77
R3961.contig98	507	588	11
R3961.contig99	504	1630	18
R3961.contig100	500	96	6
R3961.contig101	499	33	7
R3961.contig102	498	43	1
R3961.contig103	497	83	5
R3961.contig104	496	27	1
R3961.contig105	495	62	5
R3961.contig106	494	3455	47
R3961.contig107	493	207	65
R3961.contig108	487	60	2
R3961.contig109	482	20	6
R3961.contig110	478	25	3
R3961.contig111	473	33	3
R3961.contig112	472	200	9
R3961.contig113	471	54	6
R3961.contig114	471	26	4
R3961.contig115	466	34	1
R3961.contig116	451	497	65
R3961.contig117	446	13	5
R3961.contig118	442	20	6
R3961.contig119	435	15	4
R3961.contig120	434	141	8
R3961.contig121	434	152	0
R3961.contig122	432	24	8
R3961.contig123	431	21	3
R3961.contig124	429	36	7
R3961.contig125	427	34	2
R3961.contig126	422	2617	48
R3961.contig127	419	641	123
R3961.contig128	418	22	4
R3961.contig129	417	518	21
R3961.contig130	413	7936	3528
R3961.contig131	410	26	3
R3961.contig132	410	38	6
R3961.contig133	404	17	1
R3961.contig134	396	37	1
R3961.contig135	393	12	4
R3961.contig136	391	47	11
R3961.contig137	389	34	5
R3961.contig138	385	46	2
R3961.contig139	385	25	1
R3961.contig140	384	45	5
R3961.contig141	383	536	24
R3961.contig142	382	25	2
R3961.contig143	381	413	7
R3961.contig144	380	20	3
R3961.contig145	379	1805	625
R3961.contig146	379	141	8
R3961.contig147	373	29	2
R3961.contig148	372	16	2
R3961.contig149	372	32	6
R3961.contig150	370	19	5
R3961.contig151	370	15	3
R3961.contig152	367	9	3
R3961.contig153	366	238	9
R3961.contig154	363	639	37
R3961.contig155	363	15	5
R3961.contig156	361	17	0
R3961.contig157	360	15	7
R3961.contig158	358	25	3
R3961.contig159	358	77	3
R3961.contig160	356	22	4
R3961.contig161	351	23	2
R3961.contig162	350	7	3
R3961.contig163	346	21	1
R3961.contig164	340	74	4
R3961.contig165	338	46	10
R3961.contig166	333	26	4
R3961.contig167	333	17	7
R3961.contig168	329	9	1
R3961.contig169	327	16	0
R3961.contig170	324	13	5
R3961.contig171	319	20	3
R3961.contig172	316	13	1
R3961.contig173	315	6	2
R3961.contig174	311	13	9
R3961.contig175	303	32	4
R3961.contig176	300	6	6
R3961.contig177	300	15	5
*	0	0	304012
