R3890.contig1	1901	315	5
R3890.contig2	1414	63572	387
R3890.contig3	1336	85	7
R3890.contig4	956	31087	262
R3890.contig5	900	1091	3
R3890.contig6	869	5696	395
R3890.contig7	851	2560	21
R3890.contig8	816	50114	555
R3890.contig9	682	552	2
R3890.contig10	645	86650	10539
R3890.contig11	600	8064	55
R3890.contig12	494	886	4
R3890.contig13	474	2045	93
R3890.contig14	469	384	4
R3890.contig15	442	111973	17566
R3890.contig16	441	165	1
R3890.contig17	367	230	2
R3890.contig18	341	39	1
R3890.contig19	335	72	0
R3890.contig20	325	4	0
R3890.contig21	312	353	5
*	0	0	96236
