RT1.contig1	1680	4164807	234832
RT1.contig2	982	17867	1024
RT1.contig3	971	301427	55581
RT1.contig4	953	1060619	163712
RT1.contig5	870	2549613	242597
RT1.contig6	726	33642	7366
RT1.contig7	694	223458	47966
RT1.contig8	645	67240	2537
RT1.contig9	595	104949	40557
RT1.contig10	548	2321	192
RT1.contig11	528	97946	35118
RT1.contig12	511	56	4
RT1.contig13	511	7617	1072
RT1.contig14	494	7058	1970
RT1.contig15	493	80896	28925
RT1.contig16	459	151922	55383
RT1.contig17	453	32	2
RT1.contig18	451	20447	7857
RT1.contig19	423	5120	589
RT1.contig20	416	149403	50666
RT1.contig21	396	10258	4093
RT1.contig22	394	43299	14306
RT1.contig23	393	15362	2638
RT1.contig24	390	24527	9911
RT1.contig25	382	16844	4311
RT1.contig26	381	413216	154737
RT1.contig27	375	255763	98403
RT1.contig28	374	6757	2196
RT1.contig29	373	17	5
RT1.contig30	365	768	80
RT1.contig31	364	10532	1307
RT1.contig32	363	240565	99774
RT1.contig33	358	28224	10946
RT1.contig34	350	39314	5423
RT1.contig35	349	164933	49531
RT1.contig36	348	37645	10532
RT1.contig37	345	59197	12369
RT1.contig38	338	6336	1441
RT1.contig39	338	4097	882
RT1.contig40	329	34804	13010
RT1.contig41	329	1697242	361397
RT1.contig42	328	42062	15013
RT1.contig43	326	3558	25
RT1.contig44	320	54293	20042
RT1.contig45	317	75	3
RT1.contig46	317	35174	9912
RT1.contig47	316	29764	10741
RT1.contig48	315	54	1
RT1.contig49	313	68661	14909
RT1.contig50	310	177114	58993
RT1.contig51	302	13383	3283
*	0	0	12809656
