R3454.contig1	1629	9230	2379
R3454.contig2	1564	3234571	166671
R3454.contig3	1540	45	4
R3454.contig4	1456	25771	11126
R3454.contig5	1326	0	0
R3454.contig6	1279	0	0
R3454.contig7	1241	3862069	198692
R3454.contig8	1226	0	0
R3454.contig9	1140	12639	1201
R3454.contig10	1070	595	170
R3454.contig11	1068	531	159
R3454.contig12	1015	4220	2072
R3454.contig13	989	0	0
R3454.contig14	968	0	0
R3454.contig15	954	0	0
R3454.contig16	944	0	0
R3454.contig17	937	724	314
R3454.contig18	929	1	1
R3454.contig19	925	404	64
R3454.contig20	920	1159	185
R3454.contig21	911	11858	2321
R3454.contig22	874	129	38
R3454.contig23	869	259	24
R3454.contig24	854	90780	23331
R3454.contig25	851	15059	7616
R3454.contig26	851	1693	148
R3454.contig27	850	6792	4066
R3454.contig28	837	0	0
R3454.contig29	833	0	0
R3454.contig30	829	16	0
R3454.contig31	825	0	0
R3454.contig32	823	0	0
R3454.contig33	820	0	0
R3454.contig34	815	588	18
R3454.contig35	814	0	0
R3454.contig36	782	150	23
R3454.contig37	781	0	0
R3454.contig38	773	10033	909
R3454.contig39	755	116	0
R3454.contig40	750	104	8
R3454.contig41	750	1848	92
R3454.contig42	749	0	0
R3454.contig43	743	0	0
R3454.contig44	742	45	0
R3454.contig45	734	2	1
R3454.contig46	711	0	0
R3454.contig47	711	48	7
R3454.contig48	703	0	0
R3454.contig49	699	43	5
R3454.contig50	696	111	44
R3454.contig51	687	0	0
R3454.contig52	686	0	0
R3454.contig53	686	0	0
R3454.contig54	682	20353	7558
R3454.contig55	682	0	0
R3454.contig56	680	29823	12687
R3454.contig57	678	268	6
R3454.contig58	678	0	0
R3454.contig59	678	8	1
R3454.contig60	677	0	0
R3454.contig61	669	2	0
R3454.contig62	667	0	0
R3454.contig63	665	356	42
R3454.contig64	665	291	88
R3454.contig65	665	0	0
R3454.contig66	663	72	21
R3454.contig67	656	0	0
R3454.contig68	647	0	0
R3454.contig69	644	0	0
R3454.contig70	644	0	0
R3454.contig71	643	0	0
R3454.contig72	642	0	0
R3454.contig73	640	925	151
R3454.contig74	638	0	0
R3454.contig75	633	0	0
R3454.contig76	632	2	0
R3454.contig77	630	0	0
R3454.contig78	628	0	0
R3454.contig79	628	17	1
R3454.contig80	628	11	0
R3454.contig81	626	0	0
R3454.contig82	621	1197	189
R3454.contig83	621	0	0
R3454.contig84	617	252401	59787
R3454.contig85	615	0	0
R3454.contig86	610	2944	1333
R3454.contig87	609	0	0
R3454.contig88	609	2	1
R3454.contig89	608	32	6
R3454.contig90	606	0	0
R3454.contig91	600	0	0
R3454.contig92	597	4259	223
R3454.contig93	595	0	0
R3454.contig94	594	0	0
R3454.contig95	592	0	0
R3454.contig96	591	0	0
R3454.contig97	590	0	0
R3454.contig98	582	0	0
R3454.contig99	581	59	4
R3454.contig100	579	41847	3774
R3454.contig101	577	0	0
R3454.contig102	577	642	23
R3454.contig103	577	110	20
R3454.contig104	573	0	0
R3454.contig105	571	0	0
R3454.contig106	571	61620	21608
R3454.contig107	570	132	3
R3454.contig108	566	366	165
R3454.contig109	564	62	11
R3454.contig110	560	2763	838
R3454.contig111	560	14	0
R3454.contig112	558	0	0
R3454.contig113	557	1	0
R3454.contig114	557	0	0
R3454.contig115	555	0	0
R3454.contig116	553	0	0
R3454.contig117	553	270	78
R3454.contig118	551	34	10
R3454.contig119	549	0	0
R3454.contig120	547	53	5
R3454.contig121	545	2	0
R3454.contig122	543	54715	4191
R3454.contig123	543	0	0
R3454.contig124	543	0	0
R3454.contig125	543	0	0
R3454.contig126	543	91399	24681
R3454.contig127	541	36	18
R3454.contig128	540	0	0
R3454.contig129	539	806	128
R3454.contig130	539	0	0
R3454.contig131	538	26	0
R3454.contig132	538	3	0
R3454.contig133	537	0	0
R3454.contig134	536	15894	3765
R3454.contig135	535	52043	20588
R3454.contig136	534	7512	2691
R3454.contig137	532	91	3
R3454.contig138	531	0	0
R3454.contig139	528	0	0
R3454.contig140	527	1529	229
R3454.contig141	527	0	0
R3454.contig142	525	0	0
R3454.contig143	524	0	0
R3454.contig144	523	0	0
R3454.contig145	523	0	0
R3454.contig146	523	0	0
R3454.contig147	523	185	23
R3454.contig148	521	0	0
R3454.contig149	516	0	0
R3454.contig150	515	0	0
R3454.contig151	515	0	0
R3454.contig152	513	0	0
R3454.contig153	513	0	0
R3454.contig154	511	0	0
R3454.contig155	511	327	5
R3454.contig156	509	0	0
R3454.contig157	509	0	0
R3454.contig158	507	0	0
R3454.contig159	504	0	0
R3454.contig160	504	0	0
R3454.contig161	503	0	0
R3454.contig162	501	0	0
R3454.contig163	500	0	0
R3454.contig164	500	0	0
R3454.contig165	499	20	2
R3454.contig166	498	0	0
R3454.contig167	498	0	0
R3454.contig168	497	0	0
R3454.contig169	492	352	7
R3454.contig170	492	189	29
R3454.contig171	491	2247	1062
R3454.contig172	490	8951	3494
R3454.contig173	489	158	17
R3454.contig174	489	16527	7720
R3454.contig175	488	0	0
R3454.contig176	487	2	0
R3454.contig177	487	0	0
R3454.contig178	486	60	2
R3454.contig179	486	0	0
R3454.contig180	484	0	0
R3454.contig181	482	136	28
R3454.contig182	481	4	0
R3454.contig183	480	1618	10
R3454.contig184	479	0	0
R3454.contig185	477	0	0
R3454.contig186	476	0	0
R3454.contig187	473	0	0
R3454.contig188	473	0	0
R3454.contig189	472	0	0
R3454.contig190	471	0	0
R3454.contig191	471	0	0
R3454.contig192	470	144852	19425
R3454.contig193	470	72	28
R3454.contig194	468	394	100
R3454.contig195	467	15	3
R3454.contig196	464	0	0
R3454.contig197	461	0	0
R3454.contig198	459	0	0
R3454.contig199	456	39	5
R3454.contig200	456	95	31
R3454.contig201	455	170514	52533
R3454.contig202	455	875	89
R3454.contig203	455	0	0
R3454.contig204	455	0	0
R3454.contig205	453	238	12
R3454.contig206	453	187	25
R3454.contig207	452	1699	702
R3454.contig208	450	0	0
R3454.contig209	449	22674	1424
R3454.contig210	449	107	0
R3454.contig211	449	197	59
R3454.contig212	448	0	0
R3454.contig213	447	0	0
R3454.contig214	447	2	0
R3454.contig215	446	0	0
R3454.contig216	445	0	0
R3454.contig217	444	0	0
R3454.contig218	441	0	0
R3454.contig219	441	33	1
R3454.contig220	440	0	0
R3454.contig221	439	11023	1605
R3454.contig222	439	51	3
R3454.contig223	439	226067	57479
R3454.contig224	438	0	0
R3454.contig225	437	0	0
R3454.contig226	437	18461	9024
R3454.contig227	436	0	0
R3454.contig228	435	4415	926
R3454.contig229	434	0	0
R3454.contig230	433	0	0
R3454.contig231	432	1	0
R3454.contig232	432	0	0
R3454.contig233	431	0	0
R3454.contig234	431	73	24
R3454.contig235	431	0	0
R3454.contig236	430	0	0
R3454.contig237	430	25	7
R3454.contig238	430	0	0
R3454.contig239	429	0	0
R3454.contig240	428	31	1
R3454.contig241	427	260255	22345
R3454.contig242	427	0	0
R3454.contig243	427	60	21
R3454.contig244	425	0	0
R3454.contig245	425	385	26
R3454.contig246	424	0	0
R3454.contig247	423	0	0
R3454.contig248	421	127	26
R3454.contig249	420	1291	631
R3454.contig250	417	0	0
R3454.contig251	417	0	0
R3454.contig252	416	0	0
R3454.contig253	416	11637	2194
R3454.contig254	415	1941	397
R3454.contig255	414	0	0
R3454.contig256	413	102	13
R3454.contig257	413	0	0
R3454.contig258	412	0	0
R3454.contig259	412	293	106
R3454.contig260	411	0	0
R3454.contig261	410	0	0
R3454.contig262	408	0	0
R3454.contig263	408	3745	1063
R3454.contig264	407	0	0
R3454.contig265	406	148	33
R3454.contig266	406	0	0
R3454.contig267	406	0	0
R3454.contig268	406	1864	704
R3454.contig269	406	83	4
R3454.contig270	405	71006	21470
R3454.contig271	404	0	0
R3454.contig272	404	15	0
R3454.contig273	404	61	8
R3454.contig274	402	7098	2014
R3454.contig275	402	26	0
R3454.contig276	401	184	30
R3454.contig277	400	4682	1067
R3454.contig278	400	2	0
R3454.contig279	400	0	0
R3454.contig280	399	199	42
R3454.contig281	399	0	0
R3454.contig282	399	0	0
R3454.contig283	398	1783	122
R3454.contig284	398	0	0
R3454.contig285	396	791	175
R3454.contig286	396	27	1
R3454.contig287	396	24231	8238
R3454.contig288	395	0	0
R3454.contig289	393	0	0
R3454.contig290	392	0	0
R3454.contig291	391	527	279
R3454.contig292	391	666	356
R3454.contig293	390	3940	1190
R3454.contig294	389	6687	922
R3454.contig295	386	0	0
R3454.contig296	385	0	0
R3454.contig297	384	341	0
R3454.contig298	384	94	16
R3454.contig299	384	0	0
R3454.contig300	382	0	0
R3454.contig301	382	0	0
R3454.contig302	380	2	1
R3454.contig303	380	0	0
R3454.contig304	379	15	1
R3454.contig305	379	0	0
R3454.contig306	379	13636	564
R3454.contig307	379	24	0
R3454.contig308	378	147	7
R3454.contig309	378	0	0
R3454.contig310	378	0	0
R3454.contig311	377	0	0
R3454.contig312	376	0	0
R3454.contig313	376	0	0
R3454.contig314	376	127	7
R3454.contig315	376	535	280
R3454.contig316	376	0	0
R3454.contig317	376	0	0
R3454.contig318	375	126	19
R3454.contig319	375	91	3
R3454.contig320	375	0	0
R3454.contig321	375	0	0
R3454.contig322	375	6	0
R3454.contig323	374	465	15
R3454.contig324	374	0	0
R3454.contig325	373	2	0
R3454.contig326	372	0	0
R3454.contig327	372	65	0
R3454.contig328	371	124	52
R3454.contig329	371	0	0
R3454.contig330	371	0	0
R3454.contig331	369	0	0
R3454.contig332	369	1215	260
R3454.contig333	369	383	108
R3454.contig334	366	2	0
R3454.contig335	364	2	0
R3454.contig336	363	55	15
R3454.contig337	363	36	6
R3454.contig338	362	182	28
R3454.contig339	361	30	2
R3454.contig340	359	2	0
R3454.contig341	358	0	0
R3454.contig342	357	343	67
R3454.contig343	357	0	0
R3454.contig344	353	286	127
R3454.contig345	353	55	9
R3454.contig346	353	0	0
R3454.contig347	352	0	0
R3454.contig348	352	622	321
R3454.contig349	350	108	12
R3454.contig350	350	1226	343
R3454.contig351	350	30	5
R3454.contig352	349	0	0
R3454.contig353	349	72753	21436
R3454.contig354	348	0	0
R3454.contig355	348	108	11
R3454.contig356	348	25	3
R3454.contig357	347	949	460
R3454.contig358	344	0	0
R3454.contig359	343	6	4
R3454.contig360	341	20851	2416
R3454.contig361	340	2	0
R3454.contig362	339	0	0
R3454.contig363	337	0	0
R3454.contig364	336	0	0
R3454.contig365	334	51	2
R3454.contig366	333	0	0
R3454.contig367	331	916	243
R3454.contig368	328	35	1
R3454.contig369	326	0	0
R3454.contig370	324	0	0
R3454.contig371	323	0	0
R3454.contig372	322	0	0
R3454.contig373	320	2515	132
R3454.contig374	320	140963	39718
R3454.contig375	319	0	0
R3454.contig376	319	0	0
R3454.contig377	317	0	0
R3454.contig378	316	0	0
R3454.contig379	314	121	8
R3454.contig380	314	2	0
R3454.contig381	313	3119	1144
R3454.contig382	312	0	0
R3454.contig383	309	503	162
R3454.contig384	309	0	0
R3454.contig385	308	925	407
R3454.contig386	308	0	0
R3454.contig387	307	47	6
R3454.contig388	307	6	3
R3454.contig389	306	0	0
R3454.contig390	306	0	0
R3454.contig391	305	0	0
R3454.contig392	304	93	5
R3454.contig393	303	85	3
R3454.contig394	303	42	22
R3454.contig395	303	203	4
R3454.contig396	303	0	0
R3454.contig397	302	0	0
R3454.contig398	302	21	1
R3454.contig399	301	12974	5600
R3454.contig400	300	0	0
*	0	0	17226952
