D394.contig1	100355	0	0
D394.contig2	78418	0	0
D394.contig3	57288	0	0
D394.contig4	46223	0	0
D394.contig5	42170	0	0
D394.contig6	41391	1877136	45487
D394.contig7	40434	6	1
D394.contig8	40257	0	0
D394.contig9	39987	7	1
D394.contig10	39675	0	0
D394.contig11	39064	0	0
D394.contig12	37344	0	0
D394.contig13	37137	20180	652
D394.contig14	37022	0	0
D394.contig15	36482	0	0
D394.contig16	36151	0	0
D394.contig17	35988	0	0
D394.contig18	35713	0	0
D394.contig19	35116	38760	695
D394.contig20	34191	0	0
D394.contig21	33721	1	1
D394.contig22	32739	0	0
D394.contig23	32670	2	0
D394.contig24	31487	0	0
D394.contig25	31230	0	0
D394.contig26	31168	2940703	67086
D394.contig27	31168	0	0
D394.contig28	31062	17102	402
D394.contig29	31057	0	0
D394.contig30	31012	6	0
D394.contig31	30546	1	1
D394.contig32	30355	0	0
D394.contig33	30054	0	0
D394.contig34	28911	0	0
D394.contig35	28861	5482	137
D394.contig36	28829	0	0
D394.contig37	27445	1	1
D394.contig38	26520	0	0
D394.contig39	25509	0	0
D394.contig40	25192	0	0
D394.contig41	25042	0	0
D394.contig42	24857	0	0
D394.contig43	24107	12564	250
D394.contig44	24039	0	0
D394.contig45	23537	0	0
D394.contig46	23511	0	0
D394.contig47	23473	0	0
D394.contig48	23266	0	0
D394.contig49	22677	9	3
D394.contig50	22098	0	0
D394.contig51	21960	0	0
D394.contig52	21815	0	0
D394.contig53	21617	12397	358
D394.contig54	21197	6435	150
D394.contig55	20666	0	0
D394.contig56	20646	73	3
D394.contig57	20590	0	0
D394.contig58	20589	11	3
D394.contig59	20410	0	0
D394.contig60	19956	10571	211
D394.contig61	19697	20388	399
D394.contig62	19464	0	0
D394.contig63	19415	8780	193
D394.contig64	19408	0	0
D394.contig65	19281	828	20
D394.contig66	19005	3901	60
D394.contig67	18883	0	0
D394.contig68	18529	7854	199
D394.contig69	18336	0	0
D394.contig70	18096	0	0
D394.contig71	17522	0	0
D394.contig72	17433	67232	1316
D394.contig73	17277	0	0
D394.contig74	16622	0	0
D394.contig75	16355	32120	628
D394.contig76	16301	14	0
D394.contig77	16152	1768	39
D394.contig78	16151	0	0
D394.contig79	16077	2450	66
D394.contig80	15934	4	0
D394.contig81	15832	1	1
D394.contig82	15725	0	0
D394.contig83	15351	0	0
D394.contig84	15293	0	0
D394.contig85	15078	0	0
D394.contig86	15026	2	0
D394.contig87	14972	0	0
D394.contig88	14815	0	0
D394.contig89	14476	34948	850
D394.contig90	14311	0	0
D394.contig91	14041	0	0
D394.contig92	13988	0	0
D394.contig93	13932	0	0
D394.contig94	13876	5813	177
D394.contig95	13808	2787	49
D394.contig96	13796	2	0
D394.contig97	13771	33489	962
D394.contig98	13651	12	0
D394.contig99	13639	8301	216
D394.contig100	13527	9411	385
D394.contig101	13246	0	0
D394.contig102	13001	0	0
D394.contig103	12979	1738	42
D394.contig104	12810	0	0
D394.contig105	12781	15762	312
D394.contig106	12714	2409	50
D394.contig107	12627	0	0
D394.contig108	12624	0	0
D394.contig109	12553	0	0
D394.contig110	12533	0	0
D394.contig111	12476	0	0
D394.contig112	12435	0	0
D394.contig113	12406	975	25
D394.contig114	12247	4520	141
D394.contig115	12149	0	0
D394.contig116	12022	5740	231
D394.contig117	11984	0	0
D394.contig118	11978	271	125
D394.contig119	11918	0	0
D394.contig120	11734	773	13
D394.contig121	11726	580	23
D394.contig122	11610	988	20
D394.contig123	11608	0	0
D394.contig124	11536	0	0
D394.contig125	11502	0	0
D394.contig126	11480	1339	25
D394.contig127	11464	0	0
D394.contig128	11418	0	0
D394.contig129	11381	0	0
D394.contig130	11250	717	17
D394.contig131	11193	0	0
D394.contig132	11176	0	0
D394.contig133	11151	0	0
D394.contig134	11126	0	0
D394.contig135	11072	2272	87
D394.contig136	11065	1614	64
D394.contig137	10907	0	0
D394.contig138	10901	8237	205
D394.contig139	10828	27	1
D394.contig140	10822	5297	70
D394.contig141	10686	0	0
D394.contig142	10652	0	0
D394.contig143	10525	0	0
D394.contig144	10518	0	0
D394.contig145	10490	13961	205
D394.contig146	10478	3770	54
D394.contig147	10442	0	0
D394.contig148	10390	0	0
D394.contig149	10386	2587	63
D394.contig150	10385	0	0
D394.contig151	10306	0	0
D394.contig152	10305	2243	64
D394.contig153	10303	0	0
D394.contig154	10223	0	0
D394.contig155	10091	2	0
D394.contig156	10064	2569	46
D394.contig157	9849	0	0
D394.contig158	9848	0	0
D394.contig159	9755	0	0
D394.contig160	9625	1185	32
D394.contig161	9494	959	25
D394.contig162	9414	0	0
D394.contig163	9371	898	13
D394.contig164	9271	0	0
D394.contig165	9167	0	0
D394.contig166	9125	2	0
D394.contig167	9116	1410	24
D394.contig168	9095	2811	39
D394.contig169	9075	989	37
D394.contig170	9013	0	0
D394.contig171	9004	0	0
D394.contig172	8856	0	0
D394.contig173	8751	0	0
D394.contig174	8739	0	0
D394.contig175	8732	0	0
D394.contig176	8724	0	0
D394.contig177	8722	921	7
D394.contig178	8714	0	0
D394.contig179	8698	0	0
D394.contig180	8658	2	0
D394.contig181	8615	0	0
D394.contig182	8603	0	0
D394.contig183	8496	0	0
D394.contig184	8461	0	0
D394.contig185	8444	0	0
D394.contig186	8439	0	0
D394.contig187	8399	0	0
D394.contig188	8379	2200	61
D394.contig189	8354	2	0
D394.contig190	8349	0	0
D394.contig191	8206	8523	239
D394.contig192	8100	0	0
D394.contig193	8096	1599	31
D394.contig194	8017	0	0
D394.contig195	7948	0	0
D394.contig196	7943	681	25
D394.contig197	7887	0	0
D394.contig198	7867	0	0
D394.contig199	7857	4	0
D394.contig200	7771	3165	137
D394.contig201	7768	938	30
D394.contig202	7746	7485	478
D394.contig203	7696	11384	290
D394.contig204	7688	0	0
D394.contig205	7682	0	0
D394.contig206	7665	0	0
D394.contig207	7605	0	0
D394.contig208	7580	0	0
D394.contig209	7569	0	0
D394.contig210	7553	4729	177
D394.contig211	7546	0	0
D394.contig212	7543	504	18
D394.contig213	7417	0	0
D394.contig214	7329	0	0
D394.contig215	7311	0	0
D394.contig216	7311	0	0
D394.contig217	7295	0	0
D394.contig218	7290	1663	32
D394.contig219	7283	0	0
D394.contig220	7283	0	0
D394.contig221	7269	0	0
D394.contig222	7235	0	0
D394.contig223	7232	0	0
D394.contig224	7220	0	0
D394.contig225	7120	0	0
D394.contig226	7118	159	3
D394.contig227	7094	0	0
D394.contig228	7094	0	0
D394.contig229	7042	0	0
D394.contig230	7040	0	0
D394.contig231	6986	0	0
D394.contig232	6985	0	0
D394.contig233	6974	484	8
D394.contig234	6968	10	2
D394.contig235	6946	558	30
D394.contig236	6940	0	0
D394.contig237	6880	0	0
D394.contig238	6876	1819	64
D394.contig239	6862	1577	77
D394.contig240	6831	1	1
D394.contig241	6797	288	16
D394.contig242	6779	0	0
D394.contig243	6757	1100	64
D394.contig244	6730	0	0
D394.contig245	6718	1788	37
D394.contig246	6708	0	0
D394.contig247	6691	0	0
D394.contig248	6675	0	0
D394.contig249	6619	562	18
D394.contig250	6614	424	18
D394.contig251	6604	3725	129
D394.contig252	6573	942	14
D394.contig253	6570	0	0
D394.contig254	6551	0	0
D394.contig255	6524	1495	42
D394.contig256	6515	20	2
D394.contig257	6462	0	0
D394.contig258	6453	0	0
D394.contig259	6418	0	0
D394.contig260	6383	422	15
D394.contig261	6338	1323	100
D394.contig262	6327	0	0
D394.contig263	6266	0	0
D394.contig264	6217	0	0
D394.contig265	6179	0	0
D394.contig266	6158	574	9
D394.contig267	6153	475	13
D394.contig268	6114	4	0
D394.contig269	6096	0	0
D394.contig270	6049	516	16
D394.contig271	6043	0	0
D394.contig272	5934	671	19
D394.contig273	5931	298	12
D394.contig274	5891	0	0
D394.contig275	5865	0	0
D394.contig276	5855	0	0
D394.contig277	5842	0	0
D394.contig278	5819	0	0
D394.contig279	5792	0	0
D394.contig280	5789	536	24
D394.contig281	5785	938	66
D394.contig282	5778	0	0
D394.contig283	5771	0	0
D394.contig284	5736	934	14
D394.contig285	5723	0	0
D394.contig286	5714	0	0
D394.contig287	5698	333	11
D394.contig288	5691	0	0
D394.contig289	5654	325	9
D394.contig290	5622	3006	79
D394.contig291	5607	540	11
D394.contig292	5602	0	0
D394.contig293	5578	0	0
D394.contig294	5573	1199	20
D394.contig295	5564	0	0
D394.contig296	5554	221	11
D394.contig297	5550	0	0
D394.contig298	5544	11940	250
D394.contig299	5543	0	0
D394.contig300	5527	0	0
D394.contig301	5525	0	0
D394.contig302	5510	0	0
D394.contig303	5507	0	0
D394.contig304	5500	0	0
D394.contig305	5499	1440	60
D394.contig306	5489	566	29
D394.contig307	5472	0	0
D394.contig308	5466	0	0
D394.contig309	5460	405	8
D394.contig310	5456	0	0
D394.contig311	5451	0	0
D394.contig312	5440	0	0
D394.contig313	5418	620	45
D394.contig314	5394	0	0
D394.contig315	5372	359	7
D394.contig316	5370	0	0
D394.contig317	5345	0	0
D394.contig318	5323	0	0
D394.contig319	5295	0	0
D394.contig320	5290	0	0
D394.contig321	5283	0	0
D394.contig322	5279	493	27
D394.contig323	5277	0	0
D394.contig324	5259	3686	74
D394.contig325	5237	0	0
D394.contig326	5228	267	12
D394.contig327	5207	0	0
D394.contig328	5190	0	0
D394.contig329	5176	0	0
D394.contig330	5173	0	0
D394.contig331	5158	0	0
D394.contig332	5145	0	0
D394.contig333	5136	0	0
D394.contig334	5123	0	0
D394.contig335	5097	0	0
D394.contig336	5095	0	0
D394.contig337	5084	0	0
D394.contig338	5080	0	0
D394.contig339	5029	0	0
D394.contig340	5024	0	0
D394.contig341	4989	0	0
D394.contig342	4962	6938	141
D394.contig343	4960	0	0
D394.contig344	4950	0	0
D394.contig345	4940	0	0
D394.contig346	4922	0	0
D394.contig347	4921	0	0
D394.contig348	4876	357	7
D394.contig349	4870	0	0
D394.contig350	4866	0	0
D394.contig351	4864	0	0
D394.contig352	4845	0	0
D394.contig353	4839	203	8
D394.contig354	4823	0	0
D394.contig355	4803	318672	26286
D394.contig356	4795	0	0
D394.contig357	4768	0	0
D394.contig358	4755	19	3
D394.contig359	4743	275	15
D394.contig360	4734	0	0
D394.contig361	4732	0	0
D394.contig362	4728	0	0
D394.contig363	4720	0	0
D394.contig364	4717	0	0
D394.contig365	4712	3204	57
D394.contig366	4690	0	0
D394.contig367	4680	0	0
D394.contig368	4667	0	0
D394.contig369	4654	5732	91
D394.contig370	4653	1	1
D394.contig371	4639	0	0
D394.contig372	4639	0	0
D394.contig373	4630	0	0
D394.contig374	4628	0	0
D394.contig375	4625	316	8
D394.contig376	4618	0	0
D394.contig377	4618	0	0
D394.contig378	4602	390	15
D394.contig379	4601	0	0
D394.contig380	4599	0	0
D394.contig381	4577	0	0
D394.contig382	4577	1123	55
D394.contig383	4573	0	0
D394.contig384	4566	268	8
D394.contig385	4548	694	27
D394.contig386	4536	240	14
D394.contig387	4529	2493271	160954
D394.contig388	4513	0	0
D394.contig389	4485	406	26
D394.contig390	4481	0	0
D394.contig391	4478	242	5
D394.contig392	4471	0	0
D394.contig393	4449	0	0
D394.contig394	4431	0	0
D394.contig395	4430	0	0
D394.contig396	4421	0	0
D394.contig397	4406	0	0
D394.contig398	4395	0	0
D394.contig399	4393	0	0
D394.contig400	4382	262	14
D394.contig401	4379	0	0
D394.contig402	4376	0	0
D394.contig403	4376	0	0
D394.contig404	4371	0	0
D394.contig405	4369	0	0
D394.contig406	4363	0	0
D394.contig407	4349	251	16
D394.contig408	4345	0	0
D394.contig409	4341	1517	45
D394.contig410	4335	0	0
D394.contig411	4326	0	0
D394.contig412	4324	337	5
D394.contig413	4289	80826	1315
D394.contig414	4268	962	36
D394.contig415	4267	0	0
D394.contig416	4261	0	0
D394.contig417	4257	0	0
D394.contig418	4254	0	0
D394.contig419	4232	0	0
D394.contig420	4229	0	0
D394.contig421	4229	0	0
D394.contig422	4226	0	0
D394.contig423	4219	0	0
D394.contig424	4211	0	0
D394.contig425	4194	0	0
D394.contig426	4193	0	0
D394.contig427	4186	0	0
D394.contig428	4180	0	0
D394.contig429	4179	372	18
D394.contig430	4178	0	0
D394.contig431	4177	0	0
D394.contig432	4170	0	0
D394.contig433	4159	585	13
D394.contig434	4158	0	0
D394.contig435	4158	467	15
D394.contig436	4136	0	0
D394.contig437	4118	323	21
D394.contig438	4111	0	0
D394.contig439	4110	206	6
D394.contig440	4107	0	0
D394.contig441	4088	0	0
D394.contig442	4081	0	0
D394.contig443	4079	292	14
D394.contig444	4074	0	0
D394.contig445	4072	0	0
D394.contig446	4070	157	7
D394.contig447	4055	0	0
D394.contig448	4055	232	11
D394.contig449	4052	0	0
D394.contig450	4043	0	0
D394.contig451	4042	247	19
D394.contig452	4036	205	15
D394.contig453	4028	0	0
D394.contig454	4027	6	0
D394.contig455	4026	247	7
D394.contig456	4025	0	0
D394.contig457	4008	0	0
D394.contig458	3998	282	17
D394.contig459	3996	0	0
D394.contig460	3993	0	0
D394.contig461	3993	268	14
D394.contig462	3991	0	0
D394.contig463	3976	0	0
D394.contig464	3954	1	1
D394.contig465	3948	0	0
D394.contig466	3941	0	0
D394.contig467	3941	194	12
D394.contig468	3930	0	0
D394.contig469	3928	0	0
D394.contig470	3917	317	14
D394.contig471	3896	0	0
D394.contig472	3892	293	6
D394.contig473	3885	4	0
D394.contig474	3874	358	11
D394.contig475	3870	0	0
D394.contig476	3868	706	27
D394.contig477	3867	225	15
D394.contig478	3862	842	20
D394.contig479	3862	0	0
D394.contig480	3856	0	0
D394.contig481	3846	0	0
D394.contig482	3844	0	0
D394.contig483	3832	0	0
D394.contig484	3819	0	0
D394.contig485	3804	1587	82
D394.contig486	3800	0	0
D394.contig487	3792	342	19
D394.contig488	3784	0	0
D394.contig489	3784	2336	186
D394.contig490	3769	0	0
D394.contig491	3764	0	0
D394.contig492	3762	0	0
D394.contig493	3743	0	0
D394.contig494	3718	0	0
D394.contig495	3717	0	0
D394.contig496	3709	0	0
D394.contig497	3692	0	0
D394.contig498	3690	0	0
D394.contig499	3669	0	0
D394.contig500	3654	0	0
D394.contig501	3650	0	0
D394.contig502	3641	1032	34
D394.contig503	3631	0	0
D394.contig504	3627	173	11
D394.contig505	3618	0	0
D394.contig506	3597	0	0
D394.contig507	3581	0	0
D394.contig508	3575	0	0
D394.contig509	3569	213	7
D394.contig510	3564	0	0
D394.contig511	3559	0	0
D394.contig512	3556	427	15
D394.contig513	3547	0	0
D394.contig514	3546	0	0
D394.contig515	3531	0	0
D394.contig516	3525	13992	116
D394.contig517	3520	0	0
D394.contig518	3509	0	0
D394.contig519	3509	0	0
D394.contig520	3505	0	0
D394.contig521	3498	0	0
D394.contig522	3494	0	0
D394.contig523	3490	178	7
D394.contig524	3488	5887	148
D394.contig525	3484	134	6
D394.contig526	3483	0	0
D394.contig527	3481	0	0
D394.contig528	3475	0	0
D394.contig529	3473	0	0
D394.contig530	3468	0	0
D394.contig531	3460	0	0
D394.contig532	3457	159	11
D394.contig533	3457	115	7
D394.contig534	3443	346	22
D394.contig535	3440	0	0
D394.contig536	3437	0	0
D394.contig537	3415	0	0
D394.contig538	3393	552	26
D394.contig539	3393	0	0
D394.contig540	3390	0	0
D394.contig541	3377	0	0
D394.contig542	3368	0	0
D394.contig543	3362	0	0
D394.contig544	3359	0	0
D394.contig545	3350	0	0
D394.contig546	3343	0	0
D394.contig547	3341	0	0
D394.contig548	3334	0	0
D394.contig549	3328	442	5
D394.contig550	3327	0	0
D394.contig551	3324	0	0
D394.contig552	3320	0	0
D394.contig553	3317	0	0
D394.contig554	3314	0	0
D394.contig555	3309	0	0
D394.contig556	3302	239	10
D394.contig557	3292	0	0
D394.contig558	3288	0	0
D394.contig559	3286	17	2
D394.contig560	3281	0	0
D394.contig561	3280	0	0
D394.contig562	3279	0	0
D394.contig563	3266	0	0
D394.contig564	3255	0	0
D394.contig565	3249	0	0
D394.contig566	3248	0	0
D394.contig567	3235	303	13
D394.contig568	3231	0	0
D394.contig569	3228	0	0
D394.contig570	3223	0	0
D394.contig571	3214	0	0
D394.contig572	3210	0	0
D394.contig573	3208	0	0
D394.contig574	3208	227	17
D394.contig575	3207	0	0
D394.contig576	3205	2241	153
D394.contig577	3189	0	0
D394.contig578	3184	2824	109
D394.contig579	3177	0	0
D394.contig580	3176	0	0
D394.contig581	3171	133	11
D394.contig582	3171	0	0
D394.contig583	3170	238	7
D394.contig584	3164	146	12
D394.contig585	3159	0	0
D394.contig586	3157	333	7
D394.contig587	3156	181	9
D394.contig588	3150	348	5
D394.contig589	3148	0	0
D394.contig590	3144	1276	29
D394.contig591	3137	1	1
D394.contig592	3128	282	28
D394.contig593	3127	0	0
D394.contig594	3127	0	0
D394.contig595	3117	103	6
D394.contig596	3116	0	0
D394.contig597	3112	0	0
D394.contig598	3100	0	0
D394.contig599	3096	2908	216
D394.contig600	3093	0	0
D394.contig601	3091	0	0
D394.contig602	3083	0	0
D394.contig603	3075	0	0
D394.contig604	3071	0	0
D394.contig605	3070	0	0
D394.contig606	3067	0	0
D394.contig607	3066	0	0
D394.contig608	3061	95	9
D394.contig609	3057	2	2
D394.contig610	3056	0	0
D394.contig611	3051	2	0
D394.contig612	3051	0	0
D394.contig613	3046	124	6
D394.contig614	3041	0	0
D394.contig615	3040	0	0
D394.contig616	3032	0	0
D394.contig617	3032	0	0
D394.contig618	3028	151	15
D394.contig619	3028	0	0
D394.contig620	3026	0	0
D394.contig621	3017	21	1
D394.contig622	3017	0	0
D394.contig623	3016	0	0
D394.contig624	3014	0	0
D394.contig625	3004	0	0
D394.contig626	3002	0	0
*	0	0	853772
