D357.contig1	292894	4	0
D357.contig2	226726	0	0
D357.contig3	153528	0	0
D357.contig4	148960	0	0
D357.contig5	129480	0	0
D357.contig6	117661	0	0
D357.contig7	115338	5	3
D357.contig8	115123	0	0
D357.contig9	111458	0	0
D357.contig10	109058	10	0
D357.contig11	107139	6	0
D357.contig12	101610	2	0
D357.contig13	99581	0	0
D357.contig14	97820	0	0
D357.contig15	95921	0	0
D357.contig16	95705	1	1
D357.contig17	95658	0	0
D357.contig18	92280	1	1
D357.contig19	92064	2	0
D357.contig20	88715	2	0
D357.contig21	81493	0	0
D357.contig22	78584	0	0
D357.contig23	77856	0	0
D357.contig24	75333	0	0
D357.contig25	74619	0	0
D357.contig26	73829	0	0
D357.contig27	73688	0	0
D357.contig28	73281	0	0
D357.contig29	71489	0	0
D357.contig30	67098	0	0
D357.contig31	65348	0	0
D357.contig32	64596	2	0
D357.contig33	64328	0	0
D357.contig34	62957	0	0
D357.contig35	59955	0	0
D357.contig36	59539	0	0
D357.contig37	58965	2	0
D357.contig38	58195	0	0
D357.contig39	53964	0	0
D357.contig40	53572	0	0
D357.contig41	51587	0	0
D357.contig42	51176	0	0
D357.contig43	51048	2	0
D357.contig44	50293	0	0
D357.contig45	50211	0	0
D357.contig46	49571	0	0
D357.contig47	49309	0	0
D357.contig48	49201	0	0
D357.contig49	48734	0	0
D357.contig50	47751	0	0
D357.contig51	47115	0	0
D357.contig52	46969	0	0
D357.contig53	46473	0	0
D357.contig54	45874	0	0
D357.contig55	45372	0	0
D357.contig56	45018	296	62
D357.contig57	44501	0	0
D357.contig58	44162	0	0
D357.contig59	43795	2	0
D357.contig60	43587	0	0
D357.contig61	43250	0	0
D357.contig62	43141	9	1
D357.contig63	42954	0	0
D357.contig64	42768	0	0
D357.contig65	42653	30	4
D357.contig66	41268	41	1
D357.contig67	41190	0	0
D357.contig68	40862	0	0
D357.contig69	40480	0	0
D357.contig70	40329	73	7
D357.contig71	40028	0	0
D357.contig72	39311	0	0
D357.contig73	39173	0	0
D357.contig74	38885	0	0
D357.contig75	38331	0	0
D357.contig76	38250	823	347
D357.contig77	38225	0	0
D357.contig78	38149	0	0
D357.contig79	37285	0	0
D357.contig80	37060	0	0
D357.contig81	36466	0	0
D357.contig82	36240	0	0
D357.contig83	35339	0	0
D357.contig84	35239	6	4
D357.contig85	34781	0	0
D357.contig86	34616	0	0
D357.contig87	34482	0	0
D357.contig88	34277	78	8
D357.contig89	34088	0	0
D357.contig90	33904	115	7
D357.contig91	33680	0	0
D357.contig92	33467	0	0
D357.contig93	32974	20	4
D357.contig94	32879	0	0
D357.contig95	32172	0	0
D357.contig96	32161	0	0
D357.contig97	31618	0	0
D357.contig98	31300	0	0
D357.contig99	31234	0	0
D357.contig100	31208	2	0
D357.contig101	30866	0	0
D357.contig102	30675	0	0
D357.contig103	30180	8	8
D357.contig104	29865	0	0
D357.contig105	29675	0	0
D357.contig106	29621	0	0
D357.contig107	29308	0	0
D357.contig108	29055	0	0
D357.contig109	28835	0	0
D357.contig110	28582	2	0
D357.contig111	28256	2	0
D357.contig112	27981	0	0
D357.contig113	27615	0	0
D357.contig114	27548	0	0
D357.contig115	27486	0	0
D357.contig116	27475	0	0
D357.contig117	27409	18	3
D357.contig118	26906	0	0
D357.contig119	26840	56	4
D357.contig120	26807	0	0
D357.contig121	26471	2	0
D357.contig122	26430	0	0
D357.contig123	26188	0	0
D357.contig124	26056	0	0
D357.contig125	25929	0	0
D357.contig126	25743	0	0
D357.contig127	25674	0	0
D357.contig128	25640	0	0
D357.contig129	25618	0	0
D357.contig130	25467	0	0
D357.contig131	25434	2	0
D357.contig132	25144	0	0
D357.contig133	25044	0	0
D357.contig134	24585	0	0
D357.contig135	24349	46	6
D357.contig136	24041	0	0
D357.contig137	23803	7	1
D357.contig138	23634	0	0
D357.contig139	23626	0	0
D357.contig140	23549	2	0
D357.contig141	23244	1	1
D357.contig142	22974	0	0
D357.contig143	22847	7	1
D357.contig144	22817	0	0
D357.contig145	22410	0	0
D357.contig146	22061	0	0
D357.contig147	21883	0	0
D357.contig148	21642	0	0
D357.contig149	21607	0	0
D357.contig150	21385	0	0
D357.contig151	21344	49	9
D357.contig152	21308	0	0
D357.contig153	21218	0	0
D357.contig154	21101	0	0
D357.contig155	20982	32	2
D357.contig156	20902	0	0
D357.contig157	20900	6	0
D357.contig158	20861	0	0
D357.contig159	20530	0	0
D357.contig160	20496	4	0
D357.contig161	20469	34	0
D357.contig162	20437	4	4
D357.contig163	20412	1	1
D357.contig164	20245	0	0
D357.contig165	20077	11	0
D357.contig166	19913	0	0
D357.contig167	19755	45	1
D357.contig168	19579	0	0
D357.contig169	19503	0	0
D357.contig170	19342	0	0
D357.contig171	19335	125	3
D357.contig172	19154	10	2
D357.contig173	19085	0	0
D357.contig174	18936	0	0
D357.contig175	18892	0	0
D357.contig176	18723	0	0
D357.contig177	18582	25	1
D357.contig178	18412	0	0
D357.contig179	18400	0	0
D357.contig180	18227	134	22
D357.contig181	18072	0	0
D357.contig182	18020	19	1
D357.contig183	17982	0	0
D357.contig184	17794	0	0
D357.contig185	17793	0	0
D357.contig186	17746	1	1
D357.contig187	17725	27	3
D357.contig188	17668	0	0
D357.contig189	17511	0	0
D357.contig190	17492	0	0
D357.contig191	17339	0	0
D357.contig192	17040	0	0
D357.contig193	17036	2	0
D357.contig194	16907	0	0
D357.contig195	16787	0	0
D357.contig196	16749	0	0
D357.contig197	16699	0	0
D357.contig198	16697	0	0
D357.contig199	16690	73	4
D357.contig200	16653	0	0
D357.contig201	16621	0	0
D357.contig202	16437	0	0
D357.contig203	16432	0	0
D357.contig204	16115	0	0
D357.contig205	16095	0	0
D357.contig206	16044	0	0
D357.contig207	16030	0	0
D357.contig208	16019	0	0
D357.contig209	15980	0	0
D357.contig210	15935	33	3
D357.contig211	15931	0	0
D357.contig212	15908	0	0
D357.contig213	15812	0	0
D357.contig214	15788	15	7
D357.contig215	15773	2	2
D357.contig216	15476	0	0
D357.contig217	15395	0	0
D357.contig218	15313	0	0
D357.contig219	15298	0	0
D357.contig220	15249	0	0
D357.contig221	15233	0	0
D357.contig222	15181	0	0
D357.contig223	15129	0	0
D357.contig224	14879	0	0
D357.contig225	14715	14	0
D357.contig226	14680	0	0
D357.contig227	14675	0	0
D357.contig228	14603	0	0
D357.contig229	14598	0	0
D357.contig230	14589	0	0
D357.contig231	14477	0	0
D357.contig232	14369	0	0
D357.contig233	14283	0	0
D357.contig234	14264	24	2
D357.contig235	14176	0	0
D357.contig236	14142	0	0
D357.contig237	14089	0	0
D357.contig238	13934	0	0
D357.contig239	13856	0	0
D357.contig240	13796	0	0
D357.contig241	13724	31	3
D357.contig242	13713	0	0
D357.contig243	13702	17	1
D357.contig244	13543	0	0
D357.contig245	13513	0	0
D357.contig246	13424	0	0
D357.contig247	13310	2	0
D357.contig248	13307	0	0
D357.contig249	13251	0	0
D357.contig250	13203	0	0
D357.contig251	13200	0	0
D357.contig252	13157	0	0
D357.contig253	13145	0	0
D357.contig254	13071	0	0
D357.contig255	13015	0	0
D357.contig256	12941	0	0
D357.contig257	12869	0	0
D357.contig258	12859	0	0
D357.contig259	12859	0	0
D357.contig260	12838	0	0
D357.contig261	12825	30	2
D357.contig262	12820	0	0
D357.contig263	12803	0	0
D357.contig264	12743	0	0
D357.contig265	12689	4	0
D357.contig266	12687	0	0
D357.contig267	12664	0	0
D357.contig268	12642	0	0
D357.contig269	12633	12	0
D357.contig270	12575	0	0
D357.contig271	12559	0	0
D357.contig272	12550	0	0
D357.contig273	12494	0	0
D357.contig274	12430	0	0
D357.contig275	12420	0	0
D357.contig276	12417	0	0
D357.contig277	12397	0	0
D357.contig278	12229	0	0
D357.contig279	12203	12	4
D357.contig280	12184	0	0
D357.contig281	12135	0	0
D357.contig282	12134	0	0
D357.contig283	12113	0	0
D357.contig284	12098	31	5
D357.contig285	12082	0	0
D357.contig286	12077	0	0
D357.contig287	12065	0	0
D357.contig288	11990	0	0
D357.contig289	11911	18	0
D357.contig290	11903	0	0
D357.contig291	11866	0	0
D357.contig292	11805	0	0
D357.contig293	11782	3	1
D357.contig294	11692	28	0
D357.contig295	11664	23	1
D357.contig296	11659	0	0
D357.contig297	11646	0	0
D357.contig298	11631	0	0
D357.contig299	11627	1	1
D357.contig300	11615	3	0
D357.contig301	11593	0	0
D357.contig302	11556	0	0
D357.contig303	11496	0	0
D357.contig304	11481	6	0
D357.contig305	11466	0	0
D357.contig306	11303	0	0
D357.contig307	11284	0	0
D357.contig308	11240	0	0
D357.contig309	11224	0	0
D357.contig310	11038	0	0
D357.contig311	11022	0	0
D357.contig312	11018	0	0
D357.contig313	11013	0	0
D357.contig314	10985	2	0
D357.contig315	10921	0	0
D357.contig316	10909	0	0
D357.contig317	10875	0	0
D357.contig318	10868	0	0
D357.contig319	10836	0	0
D357.contig320	10796	0	0
D357.contig321	10775	0	0
D357.contig322	10758	0	0
D357.contig323	10607	0	0
D357.contig324	10598	0	0
D357.contig325	10545	0	0
D357.contig326	10544	0	0
D357.contig327	10511	0	0
D357.contig328	10488	0	0
D357.contig329	10482	0	0
D357.contig330	10394	13	0
D357.contig331	10367	0	0
D357.contig332	10351	0	0
D357.contig333	10342	31	3
D357.contig334	10323	26	0
D357.contig335	10318	29	5
D357.contig336	10292	0	0
D357.contig337	10246	0	0
D357.contig338	10231	0	0
D357.contig339	10201	8	0
D357.contig340	10192	0	0
D357.contig341	10171	8	0
D357.contig342	10161	0	0
D357.contig343	10160	0	0
D357.contig344	10155	0	0
D357.contig345	10085	0	0
D357.contig346	10057	7	1
D357.contig347	10047	0	0
D357.contig348	9993	0	0
D357.contig349	9951	0	0
D357.contig350	9926	0	0
D357.contig351	9916	0	0
D357.contig352	9909	0	0
D357.contig353	9900	0	0
D357.contig354	9844	0	0
D357.contig355	9829	11	7
D357.contig356	9823	0	0
D357.contig357	9800	0	0
D357.contig358	9733	0	0
D357.contig359	9718	0	0
D357.contig360	9704	0	0
D357.contig361	9661	0	0
D357.contig362	9639	0	0
D357.contig363	9596	0	0
D357.contig364	9593	4	2
D357.contig365	9588	0	0
D357.contig366	9584	0	0
D357.contig367	9562	0	0
D357.contig368	9555	1	1
D357.contig369	9528	0	0
D357.contig370	9528	0	0
D357.contig371	9476	0	0
D357.contig372	9470	0	0
D357.contig373	9450	0	0
D357.contig374	9441	0	0
D357.contig375	9439	0	0
D357.contig376	9361	50	3
D357.contig377	9354	0	0
D357.contig378	9349	0	0
D357.contig379	9349	0	0
D357.contig380	9345	0	0
D357.contig381	9340	0	0
D357.contig382	9339	0	0
D357.contig383	9335	1	1
D357.contig384	9329	0	0
D357.contig385	9285	21	3
D357.contig386	9283	0	0
D357.contig387	9278	0	0
D357.contig388	9256	0	0
D357.contig389	9248	3	1
D357.contig390	9247	0	0
D357.contig391	9216	0	0
D357.contig392	9147	0	0
D357.contig393	9120	0	0
D357.contig394	9106	14	2
D357.contig395	9069	0	0
D357.contig396	9045	0	0
D357.contig397	9040	0	0
D357.contig398	9033	0	0
D357.contig399	8987	0	0
D357.contig400	8954	1	1
D357.contig401	8950	0	0
D357.contig402	8947	0	0
D357.contig403	8937	0	0
D357.contig404	8895	0	0
D357.contig405	8894	0	0
D357.contig406	8871	0	0
D357.contig407	8868	0	0
D357.contig408	8856	0	0
D357.contig409	8853	0	0
D357.contig410	8849	22	0
D357.contig411	8835	0	0
D357.contig412	8808	0	0
D357.contig413	8791	0	0
D357.contig414	8766	0	0
D357.contig415	8765	0	0
D357.contig416	8755	0	0
D357.contig417	8750	0	0
D357.contig418	8723	0	0
D357.contig419	8705	0	0
D357.contig420	8701	0	0
D357.contig421	8682	0	0
D357.contig422	8646	0	0
D357.contig423	8585	0	0
D357.contig424	8583	0	0
D357.contig425	8556	0	0
D357.contig426	8532	0	0
D357.contig427	8522	0	0
D357.contig428	8498	0	0
D357.contig429	8489	0	0
D357.contig430	8483	0	0
D357.contig431	8479	0	0
D357.contig432	8477	0	0
D357.contig433	8477	0	0
D357.contig434	8412	0	0
D357.contig435	8404	22	0
D357.contig436	8342	0	0
D357.contig437	8340	0	0
D357.contig438	8334	0	0
D357.contig439	8300	0	0
D357.contig440	8278	0	0
D357.contig441	8245	0	0
D357.contig442	8209	0	0
D357.contig443	8187	48	4
D357.contig444	8128	0	0
D357.contig445	8115	0	0
D357.contig446	8085	0	0
D357.contig447	8083	0	0
D357.contig448	8081	0	0
D357.contig449	8078	0	0
D357.contig450	8048	0	0
D357.contig451	8020	0	0
D357.contig452	7949	0	0
D357.contig453	7948	0	0
D357.contig454	7945	0	0
D357.contig455	7929	0	0
D357.contig456	7898	0	0
D357.contig457	7886	0	0
D357.contig458	7882	0	0
D357.contig459	7881	0	0
D357.contig460	7868	0	0
D357.contig461	7866	0	0
D357.contig462	7824	0	0
D357.contig463	7761	2	0
D357.contig464	7744	0	0
D357.contig465	7692	0	0
D357.contig466	7662	0	0
D357.contig467	7643	0	0
D357.contig468	7619	1	1
D357.contig469	7615	3	1
D357.contig470	7575	0	0
D357.contig471	7569	0	0
D357.contig472	7537	0	0
D357.contig473	7521	5	0
D357.contig474	7518	0	0
D357.contig475	7510	0	0
D357.contig476	7497	31	9
D357.contig477	7481	0	0
D357.contig478	7480	0	0
D357.contig479	7474	0	0
D357.contig480	7467	32	6
D357.contig481	7454	0	0
D357.contig482	7442	0	0
D357.contig483	7423	0	0
D357.contig484	7292	0	0
D357.contig485	7288	6	0
D357.contig486	7246	0	0
D357.contig487	7243	0	0
D357.contig488	7237	12	0
D357.contig489	7203	0	0
D357.contig490	7199	0	0
D357.contig491	7192	0	0
D357.contig492	7180	0	0
D357.contig493	7178	0	0
D357.contig494	7177	0	0
D357.contig495	7155	8	0
D357.contig496	7154	3	0
D357.contig497	7146	2	0
D357.contig498	7137	1	0
D357.contig499	7136	0	0
D357.contig500	7134	0	0
D357.contig501	7114	0	0
D357.contig502	7088	0	0
D357.contig503	7069	0	0
D357.contig504	7039	0	0
D357.contig505	7038	0	0
D357.contig506	7031	2	0
D357.contig507	7018	11	1
D357.contig508	7016	0	0
D357.contig509	6959	0	0
D357.contig510	6953	0	0
D357.contig511	6950	0	0
D357.contig512	6950	0	0
D357.contig513	6948	0	0
D357.contig514	6924	0	0
D357.contig515	6893	0	0
D357.contig516	6859	12	0
D357.contig517	6846	0	0
D357.contig518	6828	0	0
D357.contig519	6820	0	0
D357.contig520	6818	0	0
D357.contig521	6805	20	0
D357.contig522	6795	0	0
D357.contig523	6783	0	0
D357.contig524	6772	3	0
D357.contig525	6770	0	0
D357.contig526	6761	0	0
D357.contig527	6741	0	0
D357.contig528	6732	48	7
D357.contig529	6685	0	0
D357.contig530	6679	0	0
D357.contig531	6648	0	0
D357.contig532	6647	0	0
D357.contig533	6645	0	0
D357.contig534	6631	2	0
D357.contig535	6619	0	0
D357.contig536	6616	0	0
D357.contig537	6606	5	1
D357.contig538	6603	0	0
D357.contig539	6590	0	0
D357.contig540	6588	0	0
D357.contig541	6581	0	0
D357.contig542	6579	0	0
D357.contig543	6577	0	0
D357.contig544	6569	0	0
D357.contig545	6521	0	0
D357.contig546	6516	0	0
D357.contig547	6515	0	0
D357.contig548	6499	0	0
D357.contig549	6498	23	1
D357.contig550	6495	0	0
D357.contig551	6494	0	0
D357.contig552	6485	0	0
D357.contig553	6472	8	0
D357.contig554	6467	34	4
D357.contig555	6447	0	0
D357.contig556	6438	0	0
D357.contig557	6432	0	0
D357.contig558	6430	0	0
D357.contig559	6423	0	0
D357.contig560	6422	0	0
D357.contig561	6417	0	0
D357.contig562	6399	0	0
D357.contig563	6385	0	0
D357.contig564	6380	30	4
D357.contig565	6353	0	0
D357.contig566	6350	0	0
D357.contig567	6348	18	2
D357.contig568	6336	0	0
D357.contig569	6317	0	0
D357.contig570	6289	0	0
D357.contig571	6269	2	0
D357.contig572	6249	0	0
D357.contig573	6237	0	0
D357.contig574	6141	0	0
D357.contig575	6138	0	0
D357.contig576	6123	2	0
D357.contig577	6118	0	0
D357.contig578	6110	0	0
D357.contig579	6104	0	0
D357.contig580	6090	0	0
D357.contig581	6088	0	0
D357.contig582	6074	0	0
D357.contig583	6071	0	0
D357.contig584	6068	0	0
D357.contig585	6062	1	1
D357.contig586	6049	7	1
D357.contig587	6030	0	0
D357.contig588	6017	7	3
D357.contig589	6010	9	2
D357.contig590	6008	0	0
D357.contig591	5974	0	0
D357.contig592	5965	5	1
D357.contig593	5960	0	0
D357.contig594	5954	0	0
D357.contig595	5940	0	0
D357.contig596	5940	0	0
D357.contig597	5932	0	0
D357.contig598	5928	0	0
D357.contig599	5924	0	0
D357.contig600	5912	0	0
D357.contig601	5911	0	0
D357.contig602	5883	0	0
D357.contig603	5879	0	0
D357.contig604	5877	0	0
D357.contig605	5865	13	3
D357.contig606	5855	0	0
D357.contig607	5851	9	1
D357.contig608	5848	0	0
D357.contig609	5831	0	0
D357.contig610	5827	45	16
D357.contig611	5792	0	0
D357.contig612	5788	0	0
D357.contig613	5784	0	0
D357.contig614	5783	2	2
D357.contig615	5781	0	0
D357.contig616	5775	0	0
D357.contig617	5765	0	0
D357.contig618	5743	0	0
D357.contig619	5740	2	0
D357.contig620	5730	0	0
D357.contig621	5728	0	0
D357.contig622	5716	0	0
D357.contig623	5682	0	0
D357.contig624	5681	0	0
D357.contig625	5677	0	0
D357.contig626	5627	0	0
D357.contig627	5621	0	0
D357.contig628	5608	8	0
D357.contig629	5583	0	0
D357.contig630	5583	0	0
D357.contig631	5571	0	0
D357.contig632	5559	3	1
D357.contig633	5558	0	0
D357.contig634	5553	0	0
D357.contig635	5551	0	0
D357.contig636	5523	0	0
D357.contig637	5520	0	0
D357.contig638	5520	0	0
D357.contig639	5517	0	0
D357.contig640	5492	0	0
D357.contig641	5486	0	0
D357.contig642	5478	0	0
D357.contig643	5476	0	0
D357.contig644	5476	0	0
D357.contig645	5450	0	0
D357.contig646	5438	0	0
D357.contig647	5436	11	3
D357.contig648	5435	0	0
D357.contig649	5423	0	0
D357.contig650	5422	0	0
D357.contig651	5417	0	0
D357.contig652	5415	0	0
D357.contig653	5407	0	0
D357.contig654	5388	0	0
D357.contig655	5378	2	0
D357.contig656	5376	0	0
D357.contig657	5370	0	0
D357.contig658	5368	0	0
D357.contig659	5338	0	0
D357.contig660	5333	0	0
D357.contig661	5329	0	0
D357.contig662	5325	0	0
D357.contig663	5321	0	0
D357.contig664	5320	0	0
D357.contig665	5316	0	0
D357.contig666	5307	0	0
D357.contig667	5294	0	0
D357.contig668	5291	0	0
D357.contig669	5286	0	0
D357.contig670	5277	0	0
D357.contig671	5263	0	0
D357.contig672	5258	0	0
D357.contig673	5256	0	0
D357.contig674	5249	0	0
D357.contig675	5246	0	0
D357.contig676	5232	0	0
D357.contig677	5229	0	0
D357.contig678	5226	0	0
D357.contig679	5200	0	0
D357.contig680	5193	0	0
D357.contig681	5191	0	0
D357.contig682	5173	0	0
D357.contig683	5170	1	1
D357.contig684	5154	0	0
D357.contig685	5143	0	0
D357.contig686	5131	0	0
D357.contig687	5130	0	0
D357.contig688	5130	0	0
D357.contig689	5123	0	0
D357.contig690	5118	0	0
D357.contig691	5112	2	0
D357.contig692	5101	0	0
D357.contig693	5091	0	0
D357.contig694	5089	0	0
D357.contig695	5088	0	0
D357.contig696	5060	2	0
D357.contig697	5050	0	0
D357.contig698	5042	2	0
D357.contig699	5040	0	0
D357.contig700	5037	0	0
D357.contig701	5035	0	0
D357.contig702	5031	0	0
D357.contig703	5030	0	0
D357.contig704	5013	0	0
D357.contig705	5006	0	0
D357.contig706	5004	0	0
D357.contig707	5001	0	0
D357.contig708	4993	0	0
D357.contig709	4990	0	0
D357.contig710	4990	0	0
D357.contig711	4988	0	0
D357.contig712	4985	0	0
D357.contig713	4980	0	0
D357.contig714	4979	0	0
D357.contig715	4977	0	0
D357.contig716	4975	0	0
D357.contig717	4962	0	0
D357.contig718	4961	0	0
D357.contig719	4960	0	0
D357.contig720	4957	0	0
D357.contig721	4955	0	0
D357.contig722	4943	0	0
D357.contig723	4941	0	0
D357.contig724	4939	126	8
D357.contig725	4925	0	0
D357.contig726	4911	0	0
D357.contig727	4901	0	0
D357.contig728	4897	0	0
D357.contig729	4859	0	0
D357.contig730	4855	0	0
D357.contig731	4855	0	0
D357.contig732	4850	0	0
D357.contig733	4850	0	0
D357.contig734	4844	0	0
D357.contig735	4841	0	0
D357.contig736	4836	0	0
D357.contig737	4826	0	0
D357.contig738	4813	0	0
D357.contig739	4811	0	0
D357.contig740	4808	0	0
D357.contig741	4803	0	0
D357.contig742	4793	5	1
D357.contig743	4778	7	1
D357.contig744	4777	0	0
D357.contig745	4767	0	0
D357.contig746	4755	0	0
D357.contig747	4750	0	0
D357.contig748	4736	0	0
D357.contig749	4734	0	0
D357.contig750	4727	0	0
D357.contig751	4724	0	0
D357.contig752	4715	0	0
D357.contig753	4706	6	2
D357.contig754	4694	0	0
D357.contig755	4685	0	0
D357.contig756	4666	0	0
D357.contig757	4649	0	0
D357.contig758	4643	0	0
D357.contig759	4637	0	0
D357.contig760	4635	0	0
D357.contig761	4625	0	0
D357.contig762	4619	0	0
D357.contig763	4615	0	0
D357.contig764	4611	0	0
D357.contig765	4607	0	0
D357.contig766	4606	0	0
D357.contig767	4605	0	0
D357.contig768	4601	0	0
D357.contig769	4600	0	0
D357.contig770	4594	0	0
D357.contig771	4584	0	0
D357.contig772	4577	0	0
D357.contig773	4574	0	0
D357.contig774	4573	0	0
D357.contig775	4572	0	0
D357.contig776	4568	0	0
D357.contig777	4564	0	0
D357.contig778	4559	0	0
D357.contig779	4555	0	0
D357.contig780	4535	0	0
D357.contig781	4525	0	0
D357.contig782	4506	0	0
D357.contig783	4505	0	0
D357.contig784	4501	0	0
D357.contig785	4496	6	0
D357.contig786	4493	0	0
D357.contig787	4482	0	0
D357.contig788	4482	0	0
D357.contig789	4478	0	0
D357.contig790	4468	0	0
D357.contig791	4467	0	0
D357.contig792	4467	0	0
D357.contig793	4466	0	0
D357.contig794	4463	14	0
D357.contig795	4453	0	0
D357.contig796	4452	0	0
D357.contig797	4447	0	0
D357.contig798	4441	0	0
D357.contig799	4440	0	0
D357.contig800	4440	0	0
D357.contig801	4439	0	0
D357.contig802	4432	0	0
D357.contig803	4430	0	0
D357.contig804	4428	0	0
D357.contig805	4417	0	0
D357.contig806	4405	0	0
D357.contig807	4392	0	0
D357.contig808	4390	0	0
D357.contig809	4389	0	0
D357.contig810	4388	0	0
D357.contig811	4384	0	0
D357.contig812	4382	0	0
D357.contig813	4380	0	0
D357.contig814	4375	6	0
D357.contig815	4370	0	0
D357.contig816	4356	0	0
D357.contig817	4353	0	0
D357.contig818	4351	0	0
D357.contig819	4339	0	0
D357.contig820	4331	2	0
D357.contig821	4323	0	0
D357.contig822	4314	17	1
D357.contig823	4305	0	0
D357.contig824	4299	9	1
D357.contig825	4298	0	0
D357.contig826	4287	0	0
D357.contig827	4280	0	0
D357.contig828	4277	4	0
D357.contig829	4276	0	0
D357.contig830	4271	0	0
D357.contig831	4271	0	0
D357.contig832	4269	0	0
D357.contig833	4260	0	0
D357.contig834	4259	0	0
D357.contig835	4249	0	0
D357.contig836	4249	0	0
D357.contig837	4242	22	2
D357.contig838	4236	0	0
D357.contig839	4234	0	0
D357.contig840	4233	11	1
D357.contig841	4217	0	0
D357.contig842	4213	0	0
D357.contig843	4213	0	0
D357.contig844	4211	0	0
D357.contig845	4206	0	0
D357.contig846	4204	0	0
D357.contig847	4201	1	1
D357.contig848	4198	0	0
D357.contig849	4144	0	0
D357.contig850	4122	6	0
D357.contig851	4110	0	0
D357.contig852	4109	0	0
D357.contig853	4104	0	0
D357.contig854	4092	0	0
D357.contig855	4086	0	0
D357.contig856	4085	0	0
D357.contig857	4082	5	1
D357.contig858	4077	0	0
D357.contig859	4054	0	0
D357.contig860	4051	0	0
D357.contig861	4038	0	0
D357.contig862	4029	4	0
D357.contig863	4024	0	0
D357.contig864	4023	5	2
D357.contig865	4023	0	0
D357.contig866	3995	0	0
D357.contig867	3991	0	0
D357.contig868	3987	18	2
D357.contig869	3985	0	0
D357.contig870	3980	0	0
D357.contig871	3969	0	0
D357.contig872	3969	0	0
D357.contig873	3963	12	2
D357.contig874	3963	3	2
D357.contig875	3960	0	0
D357.contig876	3953	0	0
D357.contig877	3951	0	0
D357.contig878	3944	0	0
D357.contig879	3942	4	0
D357.contig880	3942	0	0
D357.contig881	3941	0	0
D357.contig882	3940	0	0
D357.contig883	3923	0	0
D357.contig884	3921	0	0
D357.contig885	3920	0	0
D357.contig886	3919	0	0
D357.contig887	3915	3	1
D357.contig888	3915	10	0
D357.contig889	3914	0	0
D357.contig890	3908	0	0
D357.contig891	3908	9	1
D357.contig892	3906	0	0
D357.contig893	3899	0	0
D357.contig894	3888	0	0
D357.contig895	3888	0	0
D357.contig896	3873	4	0
D357.contig897	3861	0	0
D357.contig898	3855	0	0
D357.contig899	3854	14	4
D357.contig900	3851	0	0
D357.contig901	3849	0	0
D357.contig902	3842	0	0
D357.contig903	3841	0	0
D357.contig904	3836	0	0
D357.contig905	3834	0	0
D357.contig906	3834	0	0
D357.contig907	3834	0	0
D357.contig908	3830	0	0
D357.contig909	3821	0	0
D357.contig910	3814	0	0
D357.contig911	3809	0	0
D357.contig912	3808	0	0
D357.contig913	3804	0	0
D357.contig914	3802	0	0
D357.contig915	3802	0	0
D357.contig916	3798	0	0
D357.contig917	3798	2	0
D357.contig918	3788	3	0
D357.contig919	3784	0	0
D357.contig920	3782	0	0
D357.contig921	3782	1	1
D357.contig922	3781	0	0
D357.contig923	3779	0	0
D357.contig924	3772	0	0
D357.contig925	3762	0	0
D357.contig926	3761	6	2
D357.contig927	3760	0	0
D357.contig928	3744	0	0
D357.contig929	3737	0	0
D357.contig930	3737	0	0
D357.contig931	3730	0	0
D357.contig932	3729	4	0
D357.contig933	3727	0	0
D357.contig934	3727	0	0
D357.contig935	3727	0	0
D357.contig936	3725	0	0
D357.contig937	3717	0	0
D357.contig938	3711	10	0
D357.contig939	3707	0	0
D357.contig940	3706	8	2
D357.contig941	3705	0	0
D357.contig942	3703	0	0
D357.contig943	3703	0	0
D357.contig944	3699	0	0
D357.contig945	3699	0	0
D357.contig946	3698	0	0
D357.contig947	3692	0	0
D357.contig948	3691	0	0
D357.contig949	3689	0	0
D357.contig950	3675	0	0
D357.contig951	3672	0	0
D357.contig952	3656	0	0
D357.contig953	3654	0	0
D357.contig954	3654	4	0
D357.contig955	3649	0	0
D357.contig956	3644	0	0
D357.contig957	3640	0	0
D357.contig958	3634	0	0
D357.contig959	3633	0	0
D357.contig960	3629	0	0
D357.contig961	3620	0	0
D357.contig962	3617	0	0
D357.contig963	3612	0	0
D357.contig964	3612	0	0
D357.contig965	3598	0	0
D357.contig966	3596	0	0
D357.contig967	3590	0	0
D357.contig968	3585	0	0
D357.contig969	3585	0	0
D357.contig970	3559	0	0
D357.contig971	3556	0	0
D357.contig972	3544	0	0
D357.contig973	3543	0	0
D357.contig974	3543	0	0
D357.contig975	3540	0	0
D357.contig976	3538	0	0
D357.contig977	3533	0	0
D357.contig978	3532	0	0
D357.contig979	3529	0	0
D357.contig980	3528	0	0
D357.contig981	3526	0	0
D357.contig982	3519	6	0
D357.contig983	3515	0	0
D357.contig984	3511	0	0
D357.contig985	3509	0	0
D357.contig986	3506	0	0
D357.contig987	3504	0	0
D357.contig988	3501	0	0
D357.contig989	3498	0	0
D357.contig990	3498	0	0
D357.contig991	3493	4	2
D357.contig992	3480	0	0
D357.contig993	3480	0	0
D357.contig994	3479	0	0
D357.contig995	3475	0	0
D357.contig996	3474	0	0
D357.contig997	3470	0	0
D357.contig998	3464	0	0
D357.contig999	3464	0	0
D357.contig1000	3457	0	0
D357.contig1001	3448	0	0
D357.contig1002	3447	0	0
D357.contig1003	3447	0	0
D357.contig1004	3446	0	0
D357.contig1005	3446	0	0
D357.contig1006	3445	0	0
D357.contig1007	3435	8	0
D357.contig1008	3435	0	0
D357.contig1009	3434	0	0
D357.contig1010	3432	0	0
D357.contig1011	3429	0	0
D357.contig1012	3428	14	0
D357.contig1013	3417	4	0
D357.contig1014	3416	0	0
D357.contig1015	3414	0	0
D357.contig1016	3413	0	0
D357.contig1017	3406	0	0
D357.contig1018	3399	0	0
D357.contig1019	3397	0	0
D357.contig1020	3388	0	0
D357.contig1021	3380	0	0
D357.contig1022	3377	0	0
D357.contig1023	3375	0	0
D357.contig1024	3370	0	0
D357.contig1025	3364	0	0
D357.contig1026	3363	0	0
D357.contig1027	3360	0	0
D357.contig1028	3360	0	0
D357.contig1029	3339	0	0
D357.contig1030	3337	0	0
D357.contig1031	3336	0	0
D357.contig1032	3335	0	0
D357.contig1033	3335	0	0
D357.contig1034	3332	11	3
D357.contig1035	3319	10	0
D357.contig1036	3319	0	0
D357.contig1037	3316	1	1
D357.contig1038	3304	0	0
D357.contig1039	3303	0	0
D357.contig1040	3302	0	0
D357.contig1041	3299	0	0
D357.contig1042	3296	3	1
D357.contig1043	3295	0	0
D357.contig1044	3288	0	0
D357.contig1045	3283	0	0
D357.contig1046	3281	0	0
D357.contig1047	3277	0	0
D357.contig1048	3274	0	0
D357.contig1049	3272	0	0
D357.contig1050	3248	1	1
D357.contig1051	3246	0	0
D357.contig1052	3246	0	0
D357.contig1053	3240	0	0
D357.contig1054	3236	0	0
D357.contig1055	3233	0	0
D357.contig1056	3226	0	0
D357.contig1057	3224	2	0
D357.contig1058	3223	4	0
D357.contig1059	3221	0	0
D357.contig1060	3220	0	0
D357.contig1061	3218	0	0
D357.contig1062	3214	0	0
D357.contig1063	3214	0	0
D357.contig1064	3214	0	0
D357.contig1065	3209	0	0
D357.contig1066	3201	0	0
D357.contig1067	3197	1	1
D357.contig1068	3194	0	0
D357.contig1069	3193	0	0
D357.contig1070	3191	0	0
D357.contig1071	3190	0	0
D357.contig1072	3188	0	0
D357.contig1073	3185	0	0
D357.contig1074	3185	0	0
D357.contig1075	3180	0	0
D357.contig1076	3179	0	0
D357.contig1077	3178	0	0
D357.contig1078	3177	0	0
D357.contig1079	3163	1	1
D357.contig1080	3152	0	0
D357.contig1081	3145	0	0
D357.contig1082	3142	0	0
D357.contig1083	3133	0	0
D357.contig1084	3129	0	0
D357.contig1085	3127	0	0
D357.contig1086	3126	2	2
D357.contig1087	3121	0	0
D357.contig1088	3119	0	0
D357.contig1089	3114	0	0
D357.contig1090	3112	0	0
D357.contig1091	3105	0	0
D357.contig1092	3101	0	0
D357.contig1093	3101	0	0
D357.contig1094	3080	0	0
D357.contig1095	3073	2	0
D357.contig1096	3071	0	0
D357.contig1097	3070	0	0
D357.contig1098	3066	0	0
D357.contig1099	3064	15	3
D357.contig1100	3060	0	0
D357.contig1101	3055	0	0
D357.contig1102	3053	0	0
D357.contig1103	3050	0	0
D357.contig1104	3048	0	0
D357.contig1105	3047	2	0
D357.contig1106	3040	0	0
D357.contig1107	3032	0	0
D357.contig1108	3024	0	0
D357.contig1109	3022	0	0
D357.contig1110	3021	0	0
D357.contig1111	3021	0	0
D357.contig1112	3019	0	0
D357.contig1113	3014	0	0
D357.contig1114	3014	9	1
D357.contig1115	3013	0	0
D357.contig1116	3010	0	0
D357.contig1117	3007	0	0
D357.contig1118	3005	0	0
D357.contig1119	3003	0	0
D357.contig1120	3002	0	0
*	0	0	3391580
