D375.contig1	175704	16751	645
D375.contig2	63473	2	0
D375.contig3	59020	41	0
D375.contig4	57135	137395	4792
D375.contig5	57042	510404	17120
D375.contig6	55196	1	1
D375.contig7	51877	0	0
D375.contig8	48249	36927	793
D375.contig9	46457	0	0
D375.contig10	45709	0	0
D375.contig11	44047	0	0
D375.contig12	43980	33	1
D375.contig13	43798	224	8
D375.contig14	43776	0	0
D375.contig15	43452	3	1
D375.contig16	43442	120886	4119
D375.contig17	41443	0	0
D375.contig18	41231	1369	69
D375.contig19	38471	3	1
D375.contig20	38230	45713	1885
D375.contig21	37857	71679	2990
D375.contig22	37707	36959	2565
D375.contig23	37559	0	0
D375.contig24	37285	650181	22936
D375.contig25	36666	0	0
D375.contig26	36585	0	0
D375.contig27	35269	6161	250
D375.contig28	34938	357565	8511
D375.contig29	34375	0	0
D375.contig30	33944	0	0
D375.contig31	33345	0	0
D375.contig32	32896	288	14
D375.contig33	29713	270205	11078
D375.contig34	29705	0	0
D375.contig35	29391	139	9
D375.contig36	27952	12909	328
D375.contig37	27441	168	8
D375.contig38	27309	668	41
D375.contig39	27233	2252	92
D375.contig40	26595	3685	72
D375.contig41	26463	168	4
D375.contig42	24669	24439	440
D375.contig43	24311	39599	948
D375.contig44	23903	1	1
D375.contig45	22984	12590	1172
D375.contig46	22370	3	0
D375.contig47	21779	0	0
D375.contig48	21753	178473	6962
D375.contig49	21720	0	0
D375.contig50	21549	50	2
D375.contig51	21489	2	0
D375.contig52	21372	0	0
D375.contig53	20925	0	0
D375.contig54	20852	0	0
D375.contig55	20835	61	1
D375.contig56	20736	0	0
D375.contig57	20429	0	0
D375.contig58	20270	15160	428
D375.contig59	20079	225492	9788
D375.contig60	19758	0	0
D375.contig61	19711	15396	790
D375.contig62	19404	0	0
D375.contig63	19336	0	0
D375.contig64	19101	0	0
D375.contig65	18901	0	0
D375.contig66	18755	0	0
D375.contig67	18748	2207	87
D375.contig68	18485	0	0
D375.contig69	18459	2	0
D375.contig70	18119	6289	150
D375.contig71	18049	133919	6214
D375.contig72	17755	2	0
D375.contig73	17085	0	0
D375.contig74	17033	2	0
D375.contig75	16534	18493	664
D375.contig76	16462	0	0
D375.contig77	16457	84768	4177
D375.contig78	16363	565	19
D375.contig79	16348	0	0
D375.contig80	16127	3893	150
D375.contig81	16017	2006	74
D375.contig82	15958	26858	1003
D375.contig83	15904	1428	70
D375.contig84	15820	26228	873
D375.contig85	15735	37	1
D375.contig86	15689	0	0
D375.contig87	15586	0	0
D375.contig88	15458	16885	1073
D375.contig89	15340	4138	167
D375.contig90	15307	0	0
D375.contig91	15201	0	0
D375.contig92	15175	0	0
D375.contig93	15077	3742	154
D375.contig94	14895	4576	133
D375.contig95	14868	0	0
D375.contig96	14791	17	2
D375.contig97	14728	0	0
D375.contig98	14647	4	3
D375.contig99	14611	0	0
D375.contig100	14486	2939	115
D375.contig101	14478	3222	104
D375.contig102	14371	0	0
D375.contig103	14340	0	0
D375.contig104	14298	12	0
D375.contig105	13983	0	0
D375.contig106	13957	24	4
D375.contig107	13867	0	0
D375.contig108	13801	8	0
D375.contig109	13762	0	0
D375.contig110	13750	0	0
D375.contig111	13734	43	2
D375.contig112	13681	12	0
D375.contig113	13666	0	0
D375.contig114	13617	3711	89
D375.contig115	13519	0	0
D375.contig116	13428	84823	4275
D375.contig117	13302	468	18
D375.contig118	13284	1931	91
D375.contig119	13220	0	0
D375.contig120	13049	2833	77
D375.contig121	13049	0	0
D375.contig122	12884	0	0
D375.contig123	12877	2	0
D375.contig124	12831	0	0
D375.contig125	12825	2624	136
D375.contig126	12765	0	0
D375.contig127	12718	1551	56
D375.contig128	12713	534	29
D375.contig129	12668	1	1
D375.contig130	12637	1384	52
D375.contig131	12598	1125	19
D375.contig132	12520	1127	77
D375.contig133	12479	5946	208
D375.contig134	12366	4	0
D375.contig135	12210	0	0
D375.contig136	12161	116	2
D375.contig137	12149	116	6
D375.contig138	12141	0	0
D375.contig139	12079	1191	47
D375.contig140	12070	2	0
D375.contig141	12064	309	54
D375.contig142	12035	0	0
D375.contig143	12033	1614	83
D375.contig144	11970	0	0
D375.contig145	11883	0	0
D375.contig146	11819	0	0
D375.contig147	11792	0	0
D375.contig148	11703	0	0
D375.contig149	11512	380	39
D375.contig150	11467	0	0
D375.contig151	11439	1365	66
D375.contig152	11393	0	0
D375.contig153	11359	879	23
D375.contig154	11340	0	0
D375.contig155	11315	95	3
D375.contig156	11274	0	0
D375.contig157	11184	1758	112
D375.contig158	11173	1710	40
D375.contig159	11158	0	0
D375.contig160	11108	0	0
D375.contig161	10883	2164	102
D375.contig162	10812	3241	155
D375.contig163	10649	9	1
D375.contig164	10644	0	0
D375.contig165	10639	0	0
D375.contig166	10630	0	0
D375.contig167	10625	93	4
D375.contig168	10491	10	1
D375.contig169	10431	0	0
D375.contig170	10410	870	34
D375.contig171	10256	0	0
D375.contig172	10215	0	0
D375.contig173	10185	0	0
D375.contig174	10089	19295	539
D375.contig175	10088	0	0
D375.contig176	10066	5	1
D375.contig177	10062	1796	63
D375.contig178	10005	2974	99
D375.contig179	9865	6	0
D375.contig180	9806	737	39
D375.contig181	9801	85	3
D375.contig182	9790	71	5
D375.contig183	9772	914	28
D375.contig184	9750	95	5
D375.contig185	9632	0	0
D375.contig186	9626	2493	63
D375.contig187	9594	1118	32
D375.contig188	9534	0	0
D375.contig189	9531	0	0
D375.contig190	9527	323	13
D375.contig191	9515	3	0
D375.contig192	9493	2170	68
D375.contig193	9490	0	0
D375.contig194	9480	0	0
D375.contig195	9452	2	0
D375.contig196	9435	0	0
D375.contig197	9409	0	0
D375.contig198	9402	0	0
D375.contig199	9399	0	0
D375.contig200	9379	394	17
D375.contig201	9375	0	0
D375.contig202	9314	3174	197
D375.contig203	9286	0	0
D375.contig204	9269	0	0
D375.contig205	9149	1112	26
D375.contig206	9146	0	0
D375.contig207	9146	0	0
D375.contig208	9134	1273	41
D375.contig209	9126	0	0
D375.contig210	9082	78688	2133
D375.contig211	9062	2	0
D375.contig212	9062	10	0
D375.contig213	9037	0	0
D375.contig214	9004	0	0
D375.contig215	9003	0	0
D375.contig216	8938	0	0
D375.contig217	8938	0	0
D375.contig218	8900	430	16
D375.contig219	8765	0	0
D375.contig220	8738	0	0
D375.contig221	8608	10322	424
D375.contig222	8544	186	12
D375.contig223	8486	0	0
D375.contig224	8475	1	1
D375.contig225	8472	933	41
D375.contig226	8466	0	0
D375.contig227	8449	2498	106
D375.contig228	8423	1	1
D375.contig229	8416	64636	4315
D375.contig230	8320	0	0
D375.contig231	8313	2	0
D375.contig232	8308	2	0
D375.contig233	8227	1601	82
D375.contig234	8224	0	0
D375.contig235	8190	0	0
D375.contig236	8159	984	45
D375.contig237	8125	1102	56
D375.contig238	8116	1911	66
D375.contig239	8104	0	0
D375.contig240	8078	3678	297
D375.contig241	8032	0	0
D375.contig242	8028	1189	47
D375.contig243	8017	2	0
D375.contig244	8004	70619	2783
D375.contig245	7965	0	0
D375.contig246	7945	237	7
D375.contig247	7941	0	0
D375.contig248	7910	0	0
D375.contig249	7904	0	0
D375.contig250	7853	0	0
D375.contig251	7822	31	24
D375.contig252	7804	0	0
D375.contig253	7796	1198	60
D375.contig254	7777	0	0
D375.contig255	7771	0	0
D375.contig256	7752	489	29
D375.contig257	7728	0	0
D375.contig258	7717	0	0
D375.contig259	7717	455	24
D375.contig260	7716	628	36
D375.contig261	7713	308	3
D375.contig262	7704	0	0
D375.contig263	7691	0	0
D375.contig264	7691	0	0
D375.contig265	7670	1345	47
D375.contig266	7633	2	0
D375.contig267	7631	0	0
D375.contig268	7631	0	0
D375.contig269	7622	0	0
D375.contig270	7615	0	0
D375.contig271	7583	582	24
D375.contig272	7574	0	0
D375.contig273	7570	0	0
D375.contig274	7547	0	0
D375.contig275	7545	0	0
D375.contig276	7539	547	25
D375.contig277	7524	2566	76
D375.contig278	7495	3454	163
D375.contig279	7485	0	0
D375.contig280	7455	1	0
D375.contig281	7448	0	0
D375.contig282	7448	222	11
D375.contig283	7440	0	0
D375.contig284	7431	580	26
D375.contig285	7424	311	15
D375.contig286	7357	0	0
D375.contig287	7338	2150	105
D375.contig288	7331	0	0
D375.contig289	7297	186	12
D375.contig290	7284	1057	18
D375.contig291	7245	0	0
D375.contig292	7212	0	0
D375.contig293	7205	0	0
D375.contig294	7179	1597	109
D375.contig295	7155	0	0
D375.contig296	7140	0	0
D375.contig297	7136	0	0
D375.contig298	7121	713	23
D375.contig299	7038	0	0
D375.contig300	7028	0	0
D375.contig301	7001	851	28
D375.contig302	6997	0	0
D375.contig303	6973	10	0
D375.contig304	6940	0	0
D375.contig305	6914	110	6
D375.contig306	6875	0	0
D375.contig307	6864	353	20
D375.contig308	6840	0	0
D375.contig309	6814	854427	42786
D375.contig310	6730	21217	1209
D375.contig311	6730	2508	102
D375.contig312	6711	1480	38
D375.contig313	6683	0	0
D375.contig314	6682	7230	293
D375.contig315	6671	0	0
D375.contig316	6668	0	0
D375.contig317	6625	754	22
D375.contig318	6598	1464	149
D375.contig319	6578	161	42
D375.contig320	6565	0	0
D375.contig321	6562	49	5
D375.contig322	6550	2	0
D375.contig323	6547	0	0
D375.contig324	6541	9	2
D375.contig325	6530	479	23
D375.contig326	6528	0	0
D375.contig327	6518	716	16
D375.contig328	6500	1684	43
D375.contig329	6500	0	0
D375.contig330	6474	0	0
D375.contig331	6460	35	17
D375.contig332	6414	622	28
D375.contig333	6413	813	31
D375.contig334	6410	0	0
D375.contig335	6408	81	2
D375.contig336	6386	8	0
D375.contig337	6372	4057	167
D375.contig338	6351	0	0
D375.contig339	6346	0	0
D375.contig340	6337	0	0
D375.contig341	6337	0	0
D375.contig342	6307	391	16
D375.contig343	6294	518	21
D375.contig344	6293	0	0
D375.contig345	6288	22	0
D375.contig346	6284	0	0
D375.contig347	6271	13736	403
D375.contig348	6267	0	0
D375.contig349	6231	0	0
D375.contig350	6225	4110	241
D375.contig351	6206	0	0
D375.contig352	6197	0	0
D375.contig353	6181	0	0
D375.contig354	6168	664	24
D375.contig355	6165	0	0
D375.contig356	6158	0	0
D375.contig357	6134	601	29
D375.contig358	6125	8	0
D375.contig359	6113	0	0
D375.contig360	6112	2077035	191955
D375.contig361	6104	443	15
D375.contig362	6091	0	0
D375.contig363	6049	0	0
D375.contig364	6041	0	0
D375.contig365	6037	13	1
D375.contig366	6036	0	0
D375.contig367	6027	36709	1811
D375.contig368	6022	467	21
D375.contig369	6017	0	0
D375.contig370	6003	598	29
D375.contig371	5999	0	0
D375.contig372	5995	0	0
D375.contig373	5970	2	2
D375.contig374	5969	874	44
D375.contig375	5921	0	0
D375.contig376	5893	0	0
D375.contig377	5873	0	0
D375.contig378	5864	3	1
D375.contig379	5848	1454	82
D375.contig380	5813	384	18
D375.contig381	5807	437	21
D375.contig382	5793	298	16
D375.contig383	5789	0	0
D375.contig384	5786	248	6
D375.contig385	5753	471	35
D375.contig386	5731	3506	127
D375.contig387	5688	0	0
D375.contig388	5678	759	35
D375.contig389	5672	0	0
D375.contig390	5669	417	19
D375.contig391	5669	2313	74
D375.contig392	5668	8	0
D375.contig393	5654	0	0
D375.contig394	5649	23313	1259
D375.contig395	5632	400	11
D375.contig396	5628	471	15
D375.contig397	5627	0	0
D375.contig398	5622	0	0
D375.contig399	5595	0	0
D375.contig400	5592	0	0
D375.contig401	5591	0	0
D375.contig402	5588	8017	700
D375.contig403	5584	287	23
D375.contig404	5551	0	0
D375.contig405	5530	460	16
D375.contig406	5526	22	0
D375.contig407	5506	1339	95
D375.contig408	5500	0	0
D375.contig409	5493	0	0
D375.contig410	5487	0	0
D375.contig411	5468	0	0
D375.contig412	5468	1187	83
D375.contig413	5465	0	0
D375.contig414	5451	0	0
D375.contig415	5429	0	0
D375.contig416	5410	0	0
D375.contig417	5369	454	12
D375.contig418	5330	0	0
D375.contig419	5323	1	1
D375.contig420	5271	0	0
D375.contig421	5267	0	0
D375.contig422	5261	0	0
D375.contig423	5258	0	0
D375.contig424	5250	2	2
D375.contig425	5243	0	0
D375.contig426	5239	1291	101
D375.contig427	5234	0	0
D375.contig428	5230	44266	1709
D375.contig429	5218	0	0
D375.contig430	5218	166	8
D375.contig431	5210	5	1
D375.contig432	5206	0	0
D375.contig433	5186	4	0
D375.contig434	5179	0	0
D375.contig435	5178	712	35
D375.contig436	5164	0	0
D375.contig437	5156	9	1
D375.contig438	5155	693	33
D375.contig439	5147	0	0
D375.contig440	5132	0	0
D375.contig441	5110	305	19
D375.contig442	5107	0	0
D375.contig443	5074	49	2
D375.contig444	5070	0	0
D375.contig445	5059	0	0
D375.contig446	5058	551	21
D375.contig447	5050	0	0
D375.contig448	5008	249	13
D375.contig449	5008	38	2
D375.contig450	5000	0	0
D375.contig451	4991	16	0
D375.contig452	4990	0	0
D375.contig453	4966	2	0
D375.contig454	4956	0	0
D375.contig455	4950	0	0
D375.contig456	4949	0	0
D375.contig457	4921	1327	85
D375.contig458	4907	0	0
D375.contig459	4907	299	19
D375.contig460	4889	0	0
D375.contig461	4888	258	10
D375.contig462	4888	0	0
D375.contig463	4885	36	2
D375.contig464	4882	1	0
D375.contig465	4869	0	0
D375.contig466	4863	460	38
D375.contig467	4857	0	0
D375.contig468	4850	0	0
D375.contig469	4850	0	0
D375.contig470	4843	189	10
D375.contig471	4843	0	0
D375.contig472	4837	13	1
D375.contig473	4835	0	0
D375.contig474	4821	246	9
D375.contig475	4797	1166	43
D375.contig476	4790	0	0
D375.contig477	4771	817169	32510
D375.contig478	4765	0	0
D375.contig479	4755	89	1
D375.contig480	4754	0	0
D375.contig481	4753	7	1
D375.contig482	4736	0	0
D375.contig483	4729	1	0
D375.contig484	4720	0	0
D375.contig485	4714	0	0
D375.contig486	4696	0	0
D375.contig487	4693	0	0
D375.contig488	4684	0	0
D375.contig489	4662	0	0
D375.contig490	4647	0	0
D375.contig491	4634	0	0
D375.contig492	4620	695	31
D375.contig493	4616	0	0
D375.contig494	4602	421	19
D375.contig495	4597	359	11
D375.contig496	4584	0	0
D375.contig497	4577	9	1
D375.contig498	4572	0	0
D375.contig499	4569	0	0
D375.contig500	4567	682	30
D375.contig501	4558	0	0
D375.contig502	4549	245	12
D375.contig503	4525	0	0
D375.contig504	4520	0	0
D375.contig505	4520	252	17
D375.contig506	4513	265	13
D375.contig507	4511	927	26
D375.contig508	4498	0	0
D375.contig509	4491	0	0
D375.contig510	4491	967	47
D375.contig511	4487	181	15
D375.contig512	4477	390	49
D375.contig513	4473	0	0
D375.contig514	4467	1072	66
D375.contig515	4462	1122	51
D375.contig516	4456	0	0
D375.contig517	4452	0	0
D375.contig518	4443	0	0
D375.contig519	4438	524	32
D375.contig520	4433	218	12
D375.contig521	4429	0	0
D375.contig522	4422	238	16
D375.contig523	4422	428	14
D375.contig524	4419	0	0
D375.contig525	4416	0	0
D375.contig526	4403	2	0
D375.contig527	4401	0	0
D375.contig528	4400	0	0
D375.contig529	4393	0	0
D375.contig530	4377	0	0
D375.contig531	4370	0	0
D375.contig532	4356	518451	30225
D375.contig533	4339	1	1
D375.contig534	4339	2	2
D375.contig535	4327	0	0
D375.contig536	4309	0	0
D375.contig537	4297	532	16
D375.contig538	4295	213	7
D375.contig539	4264	160	14
D375.contig540	4260	0	0
D375.contig541	4258	461	17
D375.contig542	4256	13	2
D375.contig543	4252	0	0
D375.contig544	4251	0	0
D375.contig545	4248	0	0
D375.contig546	4245	0	0
D375.contig547	4233	0	0
D375.contig548	4231	0	0
D375.contig549	4213	3189	117
D375.contig550	4208	0	0
D375.contig551	4205	0	0
D375.contig552	4205	336	14
D375.contig553	4204	8247	878
D375.contig554	4199	0	0
D375.contig555	4196	23	1
D375.contig556	4160	10	0
D375.contig557	4160	0	0
D375.contig558	4154	0	0
D375.contig559	4151	0	0
D375.contig560	4150	0	0
D375.contig561	4150	356	12
D375.contig562	4146	268	14
D375.contig563	4142	0	0
D375.contig564	4140	0	0
D375.contig565	4138	0	0
D375.contig566	4132	0	0
D375.contig567	4132	0	0
D375.contig568	4126	0	0
D375.contig569	4124	254	18
D375.contig570	4115	0	0
D375.contig571	4088	0	0
D375.contig572	4086	281	11
D375.contig573	4080	0	0
D375.contig574	4077	0	0
D375.contig575	4052	0	0
D375.contig576	4044	0	0
D375.contig577	4039	0	0
D375.contig578	4035	0	0
D375.contig579	4026	0	0
D375.contig580	4023	0	0
D375.contig581	4022	4	2
D375.contig582	4004	0	0
D375.contig583	4003	0	0
D375.contig584	4002	0	0
D375.contig585	3980	0	0
D375.contig586	3978	0	0
D375.contig587	3977	1	0
D375.contig588	3965	0	0
D375.contig589	3953	567	38
D375.contig590	3952	0	0
D375.contig591	3939	587	16
D375.contig592	3937	441	13
D375.contig593	3936	0	0
D375.contig594	3932	355	17
D375.contig595	3931	0	0
D375.contig596	3924	0	0
D375.contig597	3920	18	2
D375.contig598	3916	7	3
D375.contig599	3911	0	0
D375.contig600	3909	0	0
D375.contig601	3897	42669	1772
D375.contig602	3889	0	0
D375.contig603	3876	0	0
D375.contig604	3868	121	7
D375.contig605	3864	206	18
D375.contig606	3856	16186	2551
D375.contig607	3855	227	9
D375.contig608	3824	0	0
D375.contig609	3822	167	11
D375.contig610	3820	0	0
D375.contig611	3819	0	0
D375.contig612	3816	9712	407
D375.contig613	3816	0	0
D375.contig614	3810	0	0
D375.contig615	3807	152	10
D375.contig616	3796	0	0
D375.contig617	3792	5531	331
D375.contig618	3790	3	0
D375.contig619	3784	0	0
D375.contig620	3770	0	0
D375.contig621	3768	1737	160
D375.contig622	3762	0	0
D375.contig623	3758	376	18
D375.contig624	3737	281	9
D375.contig625	3735	335	17
D375.contig626	3732	0	0
D375.contig627	3729	2	0
D375.contig628	3729	0	0
D375.contig629	3707	203	9
D375.contig630	3704	454	23
D375.contig631	3695	5832	593
D375.contig632	3695	0	0
D375.contig633	3679	17	7
D375.contig634	3678	0	0
D375.contig635	3674	0	0
D375.contig636	3667	407	26
D375.contig637	3665	178	5
D375.contig638	3659	0	0
D375.contig639	3655	251	35
D375.contig640	3652	0	0
D375.contig641	3648	0	0
D375.contig642	3648	0	0
D375.contig643	3645	201	15
D375.contig644	3642	209	5
D375.contig645	3638	198	17
D375.contig646	3632	5	1
D375.contig647	3629	412	13
D375.contig648	3628	8	2
D375.contig649	3626	3847	410
D375.contig650	3623	492	12
D375.contig651	3621	14	0
D375.contig652	3612	0	0
D375.contig653	3608	0	0
D375.contig654	3599	0	0
D375.contig655	3597	0	0
D375.contig656	3594	0	0
D375.contig657	3594	0	0
D375.contig658	3593	0	0
D375.contig659	3580	0	0
D375.contig660	3578	173	13
D375.contig661	3570	0	0
D375.contig662	3568	0	0
D375.contig663	3565	0	0
D375.contig664	3564	0	0
D375.contig665	3562	193	9
D375.contig666	3555	0	0
D375.contig667	3555	0	0
D375.contig668	3546	0	0
D375.contig669	3545	0	0
D375.contig670	3542	0	0
D375.contig671	3540	0	0
D375.contig672	3538	21	5
D375.contig673	3536	151	5
D375.contig674	3530	0	0
D375.contig675	3528	0	0
D375.contig676	3525	605	69
D375.contig677	3525	4	0
D375.contig678	3523	0	0
D375.contig679	3523	0	0
D375.contig680	3520	0	0
D375.contig681	3519	37	7
D375.contig682	3517	5870	245
D375.contig683	3512	0	0
D375.contig684	3510	0	0
D375.contig685	3502	32	2
D375.contig686	3501	0	0
D375.contig687	3500	0	0
D375.contig688	3498	110	6
D375.contig689	3495	0	0
D375.contig690	3489	226	22
D375.contig691	3480	3	0
D375.contig692	3476	277	17
D375.contig693	3472	0	0
D375.contig694	3470	0	0
D375.contig695	3469	0	0
D375.contig696	3468	304	9
D375.contig697	3464	0	0
D375.contig698	3462	0	0
D375.contig699	3462	4	0
D375.contig700	3440	0	0
D375.contig701	3431	0	0
D375.contig702	3428	122	16
D375.contig703	3428	331	12
D375.contig704	3420	0	0
D375.contig705	3407	0	0
D375.contig706	3406	39	2
D375.contig707	3394	202	10
D375.contig708	3391	14	0
D375.contig709	3378	554	44
D375.contig710	3378	0	0
D375.contig711	3374	0	0
D375.contig712	3360	1	1
D375.contig713	3355	0	0
D375.contig714	3344	0	0
D375.contig715	3343	159	13
D375.contig716	3341	0	0
D375.contig717	3338	338	22
D375.contig718	3337	524	26
D375.contig719	3336	231	20
D375.contig720	3333	2	0
D375.contig721	3328	78385	5739
D375.contig722	3325	25	4
D375.contig723	3321	0	0
D375.contig724	3319	0	0
D375.contig725	3319	2	0
D375.contig726	3319	0	0
D375.contig727	3316	0	0
D375.contig728	3312	139	9
D375.contig729	3310	0	0
D375.contig730	3308	0	0
D375.contig731	3305	388	32
D375.contig732	3301	0	0
D375.contig733	3289	468	12
D375.contig734	3284	0	0
D375.contig735	3283	175	3
D375.contig736	3280	0	0
D375.contig737	3271	4	0
D375.contig738	3271	175	7
D375.contig739	3269	34	12
D375.contig740	3263	0	0
D375.contig741	3245	0	0
D375.contig742	3243	0	0
D375.contig743	3241	0	0
D375.contig744	3237	0	0
D375.contig745	3235	192	12
D375.contig746	3233	893	101
D375.contig747	3214	0	0
D375.contig748	3206	0	0
D375.contig749	3192	0	0
D375.contig750	3186	761	58
D375.contig751	3182	151	7
D375.contig752	3181	0	0
D375.contig753	3176	18	0
D375.contig754	3176	0	0
D375.contig755	3170	5	3
D375.contig756	3166	9	5
D375.contig757	3164	0	0
D375.contig758	3161	10	0
D375.contig759	3159	263	19
D375.contig760	3159	178	20
D375.contig761	3153	191	13
D375.contig762	3150	199	11
D375.contig763	3146	23	3
D375.contig764	3128	7	1
D375.contig765	3124	0	0
D375.contig766	3124	453	19
D375.contig767	3110	0	0
D375.contig768	3109	0	0
D375.contig769	3105	12900	2375
D375.contig770	3104	167	10
D375.contig771	3103	0	0
D375.contig772	3101	0	0
D375.contig773	3084	129	11
D375.contig774	3084	183	25
D375.contig775	3081	94	10
D375.contig776	3081	115	34
D375.contig777	3078	101	3
D375.contig778	3073	0	0
D375.contig779	3072	0	0
D375.contig780	3068	1	0
D375.contig781	3066	0	0
D375.contig782	3066	469	19
D375.contig783	3063	0	0
D375.contig784	3060	0	0
D375.contig785	3053	0	0
D375.contig786	3053	0	0
D375.contig787	3048	10	1
D375.contig788	3045	225	21
D375.contig789	3044	0	0
D375.contig790	3039	4524	1385
D375.contig791	3036	0	0
D375.contig792	3036	0	0
D375.contig793	3034	185	10
D375.contig794	3031	4	0
D375.contig795	3031	136	6
D375.contig796	3029	0	0
D375.contig797	3027	413	33
D375.contig798	3018	0	0
D375.contig799	3017	3791	1530
D375.contig800	3015	0	0
D375.contig801	3009	6	2
D375.contig802	3003	243	15
D375.contig803	3001	0	0
*	0	0	786926
