R3591.contig1	6044	2923840	30195
R3591.contig2	2400	66230	300
R3591.contig3	1756	11803	120
R3591.contig4	1320	2089	46
R3591.contig5	1197	4127	14
R3591.contig6	1155	8736	35
R3591.contig7	1025	1501	47
R3591.contig8	1005	7235	15
R3591.contig9	958	2013	22
R3591.contig10	947	18016	177
R3591.contig11	927	2328	79
R3591.contig12	915	4733	48
R3591.contig13	909	2704	87
R3591.contig14	872	7394	14
R3591.contig15	845	2598	28
R3591.contig16	838	535	2
R3591.contig17	815	6530	473
R3591.contig18	765	6456	597
R3591.contig19	717	3791	11
R3591.contig20	704	3372	155
R3591.contig21	668	2997	117
R3591.contig22	657	2394	11
R3591.contig23	656	1424	18
R3591.contig24	629	2579	29
R3591.contig25	612	2871	27
R3591.contig26	610	1930	5
R3591.contig27	608	8814	34
R3591.contig28	568	1373	121
R3591.contig29	561	375	3
R3591.contig30	554	2684	12
R3591.contig31	521	4440	10
R3591.contig32	514	710	2
R3591.contig33	500	1806	244
R3591.contig34	484	41	10
R3591.contig35	475	164	0
R3591.contig36	470	817	1
R3591.contig37	462	186	0
R3591.contig38	459	425	26
R3591.contig39	455	399	20
R3591.contig40	437	1875	16
R3591.contig41	433	17	3
R3591.contig42	423	102	14
R3591.contig43	413	2393	25
R3591.contig44	408	25	1
R3591.contig45	395	41	6
R3591.contig46	386	1178	4
R3591.contig47	375	31	1
R3591.contig48	374	76	2
R3591.contig49	371	136	24
R3591.contig50	363	77	15
R3591.contig51	354	52	6
R3591.contig52	351	348	4
R3591.contig53	351	716	51
R3591.contig54	350	609	107
R3591.contig55	337	346	49
R3591.contig56	331	1068	151
R3591.contig57	328	128	9
R3591.contig58	324	347	23
R3591.contig59	322	144	37
R3591.contig60	322	85	1
R3591.contig61	320	416	0
R3591.contig62	318	2722	3
R3591.contig63	318	167	2
R3591.contig64	314	62	17
R3591.contig65	312	15	5
R3591.contig66	301	150	15
*	0	0	37014
