D3681.contig1	49025	2	0
D3681.contig2	46079	177	102
D3681.contig3	43755	4	0
D3681.contig4	41942	5	3
D3681.contig5	41024	5	3
D3681.contig6	41005	3	1
D3681.contig7	36822	2	0
D3681.contig8	35605	0	0
D3681.contig9	28720	0	0
D3681.contig10	27725	12	2
D3681.contig11	25971	3	1
D3681.contig12	25064	0	0
D3681.contig13	24298	57	55
D3681.contig14	22774	0	0
D3681.contig15	22156	2	0
D3681.contig16	21515	6	2
D3681.contig17	19712	0	0
D3681.contig18	19591	2	0
D3681.contig19	18378	65	59
D3681.contig20	17353	1	1
D3681.contig21	16934	0	0
D3681.contig22	15838	0	0
D3681.contig23	14796	0	0
D3681.contig24	14461	7	1
D3681.contig25	13905	30	13
D3681.contig26	13231	0	0
D3681.contig27	12809	6	0
D3681.contig28	12568	235	228
D3681.contig29	12329	0	0
D3681.contig30	11593	24	6
D3681.contig31	11526	7	3
D3681.contig32	11526	4	2
D3681.contig33	10740	0	0
D3681.contig34	10482	0	0
D3681.contig35	9844	0	0
D3681.contig36	9556	30	16
D3681.contig37	9438	0	0
D3681.contig38	9266	0	0
D3681.contig39	9260	0	0
D3681.contig40	8672	8	1
D3681.contig41	8663	2	0
D3681.contig42	8658	3	3
D3681.contig43	8480	0	0
D3681.contig44	8141	0	0
D3681.contig45	7471	0	0
D3681.contig46	7417	0	0
D3681.contig47	6977	0	0
D3681.contig48	6668	0	0
D3681.contig49	6633	0	0
D3681.contig50	6598	0	0
D3681.contig51	6491	0	0
D3681.contig52	6267	0	0
D3681.contig53	6200	8	2
D3681.contig54	5758	0	0
D3681.contig55	5757	0	0
D3681.contig56	5634	10	4
D3681.contig57	5454	0	0
D3681.contig58	5204	7	2
D3681.contig59	5194	0	0
D3681.contig60	5193	0	0
D3681.contig61	4990	0	0
D3681.contig62	4797	0	0
D3681.contig63	4677	0	0
D3681.contig64	4500	0	0
D3681.contig65	4384	7	1
D3681.contig66	4344	0	0
D3681.contig67	4299	0	0
D3681.contig68	4269	0	0
D3681.contig69	4204	0	0
D3681.contig70	4161	0	0
D3681.contig71	3991	0	0
D3681.contig72	3909	0	0
D3681.contig73	3695	0	0
D3681.contig74	3612	0	0
D3681.contig75	3596	0	0
D3681.contig76	3503	0	0
D3681.contig77	3434	0	0
D3681.contig78	3237	0	0
D3681.contig79	3229	0	0
D3681.contig80	3228	0	0
D3681.contig81	3129	0	0
D3681.contig82	3016	2	1
D3681.contig83	3004	10	2
D3681.contig84	2977	0	0
D3681.contig85	2926	0	0
D3681.contig86	2923	0	0
D3681.contig87	2866	3824	1717
D3681.contig88	2852	0	0
D3681.contig89	2745	380	308
D3681.contig90	2708	0	0
D3681.contig91	2688	0	0
D3681.contig92	2686	0	0
D3681.contig93	2672	0	0
D3681.contig94	2635	4	0
D3681.contig95	2634	0	0
D3681.contig96	2564	0	0
D3681.contig97	2560	0	0
D3681.contig98	2489	0	0
D3681.contig99	2468	0	0
D3681.contig100	2446	0	0
D3681.contig101	2444	0	0
D3681.contig102	2331	25	1
D3681.contig103	2324	1	0
D3681.contig104	2316	0	0
D3681.contig105	2314	0	0
D3681.contig106	2307	2	0
D3681.contig107	2252	6	1
D3681.contig108	2250	0	0
D3681.contig109	2246	0	0
D3681.contig110	2244	0	0
D3681.contig111	2180	0	0
D3681.contig112	2169	0	0
D3681.contig113	2154	0	0
D3681.contig114	2120	0	0
D3681.contig115	2118	0	0
D3681.contig116	2073	0	0
D3681.contig117	2073	0	0
D3681.contig118	2073	0	0
D3681.contig119	1996	0	0
D3681.contig120	1982	0	0
D3681.contig121	1976	0	0
D3681.contig122	1964	0	0
D3681.contig123	1828	0	0
D3681.contig124	1811	0	0
D3681.contig125	1793	0	0
D3681.contig126	1790	0	0
D3681.contig127	1786	0	0
D3681.contig128	1770	0	0
D3681.contig129	1755	0	0
D3681.contig130	1753	0	0
D3681.contig131	1753	0	0
D3681.contig132	1724	0	0
D3681.contig133	1705	0	0
D3681.contig134	1645	0	0
D3681.contig135	1629	0	0
D3681.contig136	1629	0	0
D3681.contig137	1610	1007	757
D3681.contig138	1604	0	0
D3681.contig139	1544	0	0
D3681.contig140	1541	0	0
D3681.contig141	1531	0	0
D3681.contig142	1525	0	0
D3681.contig143	1506	0	0
D3681.contig144	1502	0	0
D3681.contig145	1502	0	0
D3681.contig146	1501	2	2
D3681.contig147	1491	0	0
D3681.contig148	1471	0	0
D3681.contig149	1469	1	1
D3681.contig150	1445	0	0
D3681.contig151	1429	0	0
D3681.contig152	1428	0	0
D3681.contig153	1426	58	54
D3681.contig154	1414	1	1
D3681.contig155	1399	0	0
D3681.contig156	1399	0	0
D3681.contig157	1398	0	0
D3681.contig158	1375	0	0
D3681.contig159	1375	0	0
D3681.contig160	1343	0	0
D3681.contig161	1337	0	0
D3681.contig162	1319	1698	1366
D3681.contig163	1307	0	0
D3681.contig164	1291	0	0
D3681.contig165	1273	0	0
D3681.contig166	1271	0	0
D3681.contig167	1267	0	0
D3681.contig168	1263	0	0
D3681.contig169	1253	0	0
D3681.contig170	1252	0	0
D3681.contig171	1245	0	0
D3681.contig172	1240	0	0
D3681.contig173	1232	0	0
D3681.contig174	1231	0	0
D3681.contig175	1231	0	0
D3681.contig176	1222	0	0
D3681.contig177	1216	0	0
D3681.contig178	1212	0	0
D3681.contig179	1209	2	0
D3681.contig180	1206	0	0
D3681.contig181	1196	1	1
D3681.contig182	1188	0	0
D3681.contig183	1185	0	0
D3681.contig184	1179	0	0
D3681.contig185	1177	0	0
D3681.contig186	1170	2	2
D3681.contig187	1168	0	0
D3681.contig188	1164	0	0
D3681.contig189	1133	0	0
D3681.contig190	1124	0	0
D3681.contig191	1122	0	0
D3681.contig192	1118	0	0
D3681.contig193	1113	0	0
D3681.contig194	1113	0	0
D3681.contig195	1112	0	0
D3681.contig196	1112	0	0
D3681.contig197	1107	0	0
D3681.contig198	1106	0	0
D3681.contig199	1106	1	0
D3681.contig200	1106	0	0
D3681.contig201	1103	0	0
D3681.contig202	1100	0	0
D3681.contig203	1096	0	0
D3681.contig204	1089	0	0
D3681.contig205	1075	0	0
D3681.contig206	1073	0	0
D3681.contig207	1069	0	0
D3681.contig208	1069	0	0
D3681.contig209	1066	0	0
D3681.contig210	1059	0	0
D3681.contig211	1057	0	0
D3681.contig212	1055	0	0
D3681.contig213	1052	0	0
D3681.contig214	1049	0	0
D3681.contig215	1049	0	0
D3681.contig216	1047	0	0
D3681.contig217	1046	0	0
D3681.contig218	1042	0	0
D3681.contig219	1040	0	0
D3681.contig220	1040	0	0
D3681.contig221	1039	0	0
D3681.contig222	1039	0	0
D3681.contig223	1038	0	0
D3681.contig224	1035	0	0
D3681.contig225	1031	0	0
D3681.contig226	1029	0	0
D3681.contig227	1023	0	0
D3681.contig228	1022	0	0
D3681.contig229	1021	0	0
D3681.contig230	1019	0	0
D3681.contig231	1018	0	0
D3681.contig232	1018	0	0
D3681.contig233	1017	0	0
D3681.contig234	1008	0	0
D3681.contig235	1005	0	0
D3681.contig236	1004	0	0
D3681.contig237	1003	0	0
D3681.contig238	1000	0	0
D3681.contig239	999	0	0
D3681.contig240	999	0	0
D3681.contig241	998	1	1
D3681.contig242	995	0	0
D3681.contig243	992	0	0
D3681.contig244	988	0	0
D3681.contig245	986	0	0
D3681.contig246	984	0	0
D3681.contig247	977	0	0
D3681.contig248	973	0	0
D3681.contig249	973	0	0
D3681.contig250	968	0	0
D3681.contig251	955	0	0
D3681.contig252	949	0	0
D3681.contig253	947	0	0
D3681.contig254	944	0	0
D3681.contig255	939	122	122
D3681.contig256	938	0	0
D3681.contig257	936	0	0
D3681.contig258	935	0	0
D3681.contig259	933	0	0
D3681.contig260	931	0	0
D3681.contig261	923	0	0
D3681.contig262	917	0	0
D3681.contig263	917	0	0
D3681.contig264	914	0	0
D3681.contig265	913	0	0
D3681.contig266	912	0	0
D3681.contig267	909	0	0
D3681.contig268	903	0	0
D3681.contig269	903	0	0
D3681.contig270	901	0	0
D3681.contig271	901	0	0
D3681.contig272	897	0	0
D3681.contig273	897	0	0
D3681.contig274	896	0	0
D3681.contig275	894	0	0
D3681.contig276	888	0	0
D3681.contig277	886	2	0
D3681.contig278	882	0	0
D3681.contig279	881	0	0
D3681.contig280	879	0	0
D3681.contig281	877	0	0
D3681.contig282	872	0	0
D3681.contig283	865	0	0
D3681.contig284	862	0	0
D3681.contig285	860	0	0
D3681.contig286	856	0	0
D3681.contig287	855	0	0
D3681.contig288	850	0	0
D3681.contig289	837	0	0
D3681.contig290	836	0	0
D3681.contig291	832	0	0
D3681.contig292	828	0	0
D3681.contig293	827	0	0
D3681.contig294	825	0	0
D3681.contig295	817	502	381
D3681.contig296	816	0	0
D3681.contig297	816	0	0
D3681.contig298	812	0	0
D3681.contig299	811	0	0
D3681.contig300	809	0	0
D3681.contig301	807	0	0
D3681.contig302	796	0	0
D3681.contig303	796	0	0
D3681.contig304	796	171	145
D3681.contig305	793	0	0
D3681.contig306	792	0	0
D3681.contig307	790	0	0
D3681.contig308	788	0	0
D3681.contig309	785	0	0
D3681.contig310	785	0	0
D3681.contig311	784	0	0
D3681.contig312	784	0	0
D3681.contig313	783	0	0
D3681.contig314	782	0	0
D3681.contig315	777	110	92
D3681.contig316	777	0	0
D3681.contig317	775	0	0
D3681.contig318	774	0	0
D3681.contig319	773	0	0
D3681.contig320	769	0	0
D3681.contig321	767	0	0
D3681.contig322	766	0	0
D3681.contig323	765	0	0
D3681.contig324	763	0	0
D3681.contig325	761	0	0
D3681.contig326	760	0	0
D3681.contig327	757	0	0
D3681.contig328	755	0	0
D3681.contig329	755	0	0
D3681.contig330	754	0	0
D3681.contig331	753	0	0
D3681.contig332	752	0	0
D3681.contig333	750	0	0
D3681.contig334	749	0	0
D3681.contig335	748	688	442
D3681.contig336	745	0	0
D3681.contig337	743	0	0
D3681.contig338	742	0	0
D3681.contig339	741	0	0
D3681.contig340	740	0	0
D3681.contig341	738	0	0
D3681.contig342	737	1353	896
D3681.contig343	737	0	0
D3681.contig344	736	0	0
D3681.contig345	736	3	2
D3681.contig346	733	0	0
D3681.contig347	733	0	0
D3681.contig348	733	0	0
D3681.contig349	732	0	0
D3681.contig350	732	0	0
D3681.contig351	731	0	0
D3681.contig352	730	0	0
D3681.contig353	728	0	0
D3681.contig354	724	0	0
D3681.contig355	723	0	0
D3681.contig356	722	336	311
D3681.contig357	721	0	0
D3681.contig358	721	0	0
D3681.contig359	719	0	0
D3681.contig360	719	0	0
D3681.contig361	718	0	0
D3681.contig362	717	423	340
D3681.contig363	717	0	0
D3681.contig364	717	0	0
D3681.contig365	717	0	0
D3681.contig366	715	0	0
D3681.contig367	714	0	0
D3681.contig368	713	0	0
D3681.contig369	712	0	0
D3681.contig370	711	0	0
D3681.contig371	711	0	0
D3681.contig372	708	0	0
D3681.contig373	708	0	0
D3681.contig374	705	0	0
D3681.contig375	705	0	0
D3681.contig376	705	0	0
D3681.contig377	704	0	0
D3681.contig378	696	0	0
D3681.contig379	693	0	0
D3681.contig380	692	1023	875
D3681.contig381	691	0	0
D3681.contig382	690	0	0
D3681.contig383	689	0	0
D3681.contig384	689	0	0
D3681.contig385	688	0	0
D3681.contig386	688	0	0
D3681.contig387	685	0	0
D3681.contig388	684	0	0
D3681.contig389	684	0	0
D3681.contig390	680	0	0
D3681.contig391	680	0	0
D3681.contig392	678	0	0
D3681.contig393	677	0	0
D3681.contig394	677	0	0
D3681.contig395	676	0	0
D3681.contig396	676	0	0
D3681.contig397	672	0	0
D3681.contig398	671	62	58
D3681.contig399	669	0	0
D3681.contig400	669	0	0
D3681.contig401	668	0	0
D3681.contig402	668	0	0
D3681.contig403	668	0	0
D3681.contig404	668	0	0
D3681.contig405	666	0	0
D3681.contig406	666	0	0
D3681.contig407	664	0	0
D3681.contig408	661	389	360
D3681.contig409	661	0	0
D3681.contig410	660	0	0
D3681.contig411	655	0	0
D3681.contig412	655	0	0
D3681.contig413	654	0	0
D3681.contig414	654	2	0
D3681.contig415	653	0	0
D3681.contig416	652	0	0
D3681.contig417	651	0	0
D3681.contig418	651	0	0
D3681.contig419	651	0	0
D3681.contig420	650	0	0
D3681.contig421	650	0	0
D3681.contig422	649	0	0
D3681.contig423	649	0	0
D3681.contig424	649	0	0
D3681.contig425	649	0	0
D3681.contig426	648	0	0
D3681.contig427	647	2	0
D3681.contig428	647	0	0
D3681.contig429	646	0	0
D3681.contig430	645	0	0
D3681.contig431	645	0	0
D3681.contig432	644	0	0
D3681.contig433	641	0	0
D3681.contig434	641	0	0
D3681.contig435	640	0	0
D3681.contig436	639	0	0
D3681.contig437	638	61	55
D3681.contig438	638	0	0
D3681.contig439	638	0	0
D3681.contig440	636	0	0
D3681.contig441	634	0	0
D3681.contig442	633	0	0
D3681.contig443	633	0	0
D3681.contig444	631	0	0
D3681.contig445	627	0	0
D3681.contig446	627	0	0
D3681.contig447	627	0	0
D3681.contig448	626	0	0
D3681.contig449	625	0	0
D3681.contig450	625	0	0
D3681.contig451	624	0	0
D3681.contig452	623	0	0
D3681.contig453	621	0	0
D3681.contig454	621	0	0
D3681.contig455	620	0	0
D3681.contig456	620	0	0
D3681.contig457	620	0	0
D3681.contig458	617	0	0
D3681.contig459	617	0	0
D3681.contig460	616	0	0
D3681.contig461	616	0	0
D3681.contig462	615	0	0
D3681.contig463	613	0	0
D3681.contig464	611	0	0
D3681.contig465	611	0	0
D3681.contig466	607	0	0
D3681.contig467	607	0	0
D3681.contig468	607	0	0
D3681.contig469	605	0	0
D3681.contig470	602	0	0
D3681.contig471	600	0	0
D3681.contig472	599	0	0
D3681.contig473	596	0	0
D3681.contig474	596	0	0
D3681.contig475	595	0	0
D3681.contig476	591	0	0
D3681.contig477	591	0	0
D3681.contig478	589	0	0
D3681.contig479	588	0	0
D3681.contig480	587	0	0
D3681.contig481	587	0	0
D3681.contig482	587	0	0
D3681.contig483	586	0	0
D3681.contig484	586	0	0
D3681.contig485	585	0	0
D3681.contig486	583	0	0
D3681.contig487	580	0	0
D3681.contig488	580	0	0
D3681.contig489	579	0	0
D3681.contig490	579	0	0
D3681.contig491	577	0	0
D3681.contig492	575	0	0
D3681.contig493	573	0	0
D3681.contig494	572	0	0
D3681.contig495	572	0	0
D3681.contig496	571	0	0
D3681.contig497	570	0	0
D3681.contig498	569	0	0
D3681.contig499	569	0	0
D3681.contig500	567	0	0
D3681.contig501	567	0	0
D3681.contig502	567	0	0
D3681.contig503	566	2	0
D3681.contig504	564	0	0
D3681.contig505	563	0	0
D3681.contig506	563	0	0
D3681.contig507	563	0	0
D3681.contig508	561	0	0
D3681.contig509	561	0	0
D3681.contig510	561	0	0
D3681.contig511	559	0	0
D3681.contig512	557	0	0
D3681.contig513	555	0	0
D3681.contig514	555	0	0
D3681.contig515	553	0	0
D3681.contig516	552	0	0
D3681.contig517	550	0	0
D3681.contig518	546	0	0
D3681.contig519	545	0	0
D3681.contig520	545	0	0
D3681.contig521	543	0	0
D3681.contig522	542	3	0
D3681.contig523	542	0	0
D3681.contig524	540	0	0
D3681.contig525	539	0	0
D3681.contig526	539	0	0
D3681.contig527	539	0	0
D3681.contig528	538	0	0
D3681.contig529	538	0	0
D3681.contig530	537	0	0
D3681.contig531	533	0	0
D3681.contig532	532	0	0
D3681.contig533	532	0	0
D3681.contig534	529	0	0
D3681.contig535	529	0	0
D3681.contig536	528	0	0
D3681.contig537	527	0	0
D3681.contig538	526	0	0
D3681.contig539	526	487	171
D3681.contig540	526	0	0
D3681.contig541	525	0	0
D3681.contig542	524	0	0
D3681.contig543	524	0	0
D3681.contig544	523	0	0
D3681.contig545	523	0	0
D3681.contig546	522	0	0
D3681.contig547	522	0	0
D3681.contig548	522	0	0
D3681.contig549	521	0	0
D3681.contig550	521	0	0
D3681.contig551	520	0	0
D3681.contig552	520	0	0
D3681.contig553	519	0	0
D3681.contig554	518	0	0
D3681.contig555	518	0	0
D3681.contig556	517	0	0
D3681.contig557	517	0	0
D3681.contig558	517	0	0
D3681.contig559	516	0	0
D3681.contig560	516	0	0
D3681.contig561	514	0	0
D3681.contig562	513	0	0
D3681.contig563	513	0	0
D3681.contig564	513	0	0
D3681.contig565	512	0	0
D3681.contig566	511	0	0
D3681.contig567	511	0	0
D3681.contig568	510	0	0
D3681.contig569	509	0	0
D3681.contig570	508	0	0
D3681.contig571	508	0	0
D3681.contig572	507	0	0
D3681.contig573	507	0	0
D3681.contig574	506	0	0
D3681.contig575	506	0	0
D3681.contig576	505	0	0
D3681.contig577	505	0	0
D3681.contig578	505	0	0
D3681.contig579	504	0	0
D3681.contig580	504	0	0
D3681.contig581	503	0	0
D3681.contig582	503	0	0
D3681.contig583	502	0	0
D3681.contig584	502	0	0
D3681.contig585	500	0	0
D3681.contig586	498	0	0
D3681.contig587	497	0	0
D3681.contig588	497	0	0
D3681.contig589	496	0	0
D3681.contig590	496	0	0
D3681.contig591	496	0	0
D3681.contig592	496	0	0
D3681.contig593	496	0	0
D3681.contig594	494	0	0
D3681.contig595	494	0	0
D3681.contig596	493	0	0
D3681.contig597	492	0	0
D3681.contig598	492	0	0
D3681.contig599	491	0	0
D3681.contig600	491	0	0
D3681.contig601	491	0	0
D3681.contig602	491	0	0
D3681.contig603	490	0	0
D3681.contig604	489	0	0
D3681.contig605	488	0	0
D3681.contig606	488	0	0
D3681.contig607	488	0	0
D3681.contig608	488	0	0
D3681.contig609	488	0	0
D3681.contig610	487	0	0
D3681.contig611	487	0	0
D3681.contig612	487	0	0
D3681.contig613	486	0	0
D3681.contig614	485	0	0
D3681.contig615	485	0	0
D3681.contig616	485	0	0
D3681.contig617	485	0	0
D3681.contig618	484	0	0
D3681.contig619	482	0	0
D3681.contig620	482	0	0
D3681.contig621	482	0	0
D3681.contig622	481	0	0
D3681.contig623	480	0	0
D3681.contig624	480	0	0
D3681.contig625	480	0	0
D3681.contig626	479	0	0
D3681.contig627	479	1	0
D3681.contig628	479	0	0
D3681.contig629	479	0	0
D3681.contig630	478	0	0
D3681.contig631	478	0	0
D3681.contig632	478	0	0
D3681.contig633	476	0	0
D3681.contig634	475	0	0
D3681.contig635	475	0	0
D3681.contig636	475	0	0
D3681.contig637	474	0	0
D3681.contig638	474	0	0
D3681.contig639	474	0	0
D3681.contig640	474	0	0
D3681.contig641	472	0	0
D3681.contig642	472	0	0
D3681.contig643	472	0	0
D3681.contig644	471	0	0
D3681.contig645	470	0	0
D3681.contig646	469	0	0
D3681.contig647	469	0	0
D3681.contig648	468	0	0
D3681.contig649	468	0	0
D3681.contig650	467	0	0
D3681.contig651	466	0	0
D3681.contig652	463	0	0
D3681.contig653	463	0	0
D3681.contig654	462	0	0
D3681.contig655	462	0	0
D3681.contig656	461	0	0
D3681.contig657	461	0	0
D3681.contig658	460	0	0
D3681.contig659	460	0	0
D3681.contig660	459	0	0
D3681.contig661	459	0	0
D3681.contig662	459	0	0
D3681.contig663	458	0	0
D3681.contig664	458	0	0
D3681.contig665	458	0	0
D3681.contig666	457	0	0
D3681.contig667	457	0	0
D3681.contig668	457	0	0
D3681.contig669	457	0	0
D3681.contig670	457	0	0
D3681.contig671	456	0	0
D3681.contig672	455	0	0
D3681.contig673	455	0	0
D3681.contig674	454	0	0
D3681.contig675	454	0	0
D3681.contig676	453	0	0
D3681.contig677	453	0	0
D3681.contig678	453	1	0
D3681.contig679	453	0	0
D3681.contig680	452	0	0
D3681.contig681	452	0	0
D3681.contig682	452	0	0
D3681.contig683	452	0	0
D3681.contig684	452	0	0
D3681.contig685	452	14	6
D3681.contig686	450	0	0
D3681.contig687	448	0	0
D3681.contig688	448	0	0
D3681.contig689	448	0	0
D3681.contig690	446	0	0
D3681.contig691	446	1	0
D3681.contig692	445	0	0
D3681.contig693	445	0	0
D3681.contig694	445	0	0
D3681.contig695	445	0	0
D3681.contig696	444	0	0
D3681.contig697	443	0	0
D3681.contig698	443	0	0
D3681.contig699	443	923	831
D3681.contig700	442	0	0
D3681.contig701	442	0	0
D3681.contig702	441	0	0
D3681.contig703	441	0	0
D3681.contig704	441	0	0
D3681.contig705	440	0	0
D3681.contig706	440	11	7
D3681.contig707	440	0	0
D3681.contig708	439	0	0
D3681.contig709	438	0	0
D3681.contig710	437	0	0
D3681.contig711	437	0	0
D3681.contig712	436	0	0
D3681.contig713	435	553	509
D3681.contig714	434	0	0
D3681.contig715	433	0	0
D3681.contig716	433	0	0
D3681.contig717	433	0	0
D3681.contig718	432	0	0
D3681.contig719	431	0	0
D3681.contig720	430	0	0
D3681.contig721	430	0	0
D3681.contig722	430	0	0
D3681.contig723	429	0	0
D3681.contig724	429	0	0
D3681.contig725	428	0	0
D3681.contig726	428	0	0
D3681.contig727	428	0	0
D3681.contig728	427	0	0
D3681.contig729	427	0	0
D3681.contig730	426	0	0
D3681.contig731	426	0	0
D3681.contig732	426	0	0
D3681.contig733	426	0	0
D3681.contig734	425	0	0
D3681.contig735	425	0	0
D3681.contig736	425	0	0
D3681.contig737	425	0	0
D3681.contig738	424	0	0
D3681.contig739	423	0	0
D3681.contig740	423	0	0
D3681.contig741	422	0	0
D3681.contig742	422	0	0
D3681.contig743	421	0	0
D3681.contig744	421	0	0
D3681.contig745	421	0	0
D3681.contig746	421	0	0
D3681.contig747	420	0	0
D3681.contig748	420	0	0
D3681.contig749	420	0	0
D3681.contig750	419	0	0
D3681.contig751	419	0	0
D3681.contig752	419	0	0
D3681.contig753	419	0	0
D3681.contig754	419	0	0
D3681.contig755	418	0	0
D3681.contig756	418	0	0
D3681.contig757	418	0	0
D3681.contig758	417	0	0
D3681.contig759	417	0	0
D3681.contig760	417	0	0
D3681.contig761	416	0	0
D3681.contig762	416	0	0
D3681.contig763	415	0	0
D3681.contig764	414	0	0
D3681.contig765	414	0	0
D3681.contig766	414	0	0
D3681.contig767	413	0	0
D3681.contig768	413	0	0
D3681.contig769	413	0	0
D3681.contig770	413	0	0
D3681.contig771	412	0	0
D3681.contig772	412	0	0
D3681.contig773	412	0	0
D3681.contig774	412	0	0
D3681.contig775	412	0	0
D3681.contig776	412	0	0
D3681.contig777	412	0	0
D3681.contig778	412	0	0
D3681.contig779	411	0	0
D3681.contig780	411	0	0
D3681.contig781	410	0	0
D3681.contig782	410	0	0
D3681.contig783	410	0	0
D3681.contig784	409	0	0
D3681.contig785	409	0	0
D3681.contig786	409	0	0
D3681.contig787	409	0	0
D3681.contig788	408	0	0
D3681.contig789	408	0	0
D3681.contig790	408	0	0
D3681.contig791	407	0	0
D3681.contig792	407	0	0
D3681.contig793	406	0	0
D3681.contig794	406	0	0
D3681.contig795	406	0	0
D3681.contig796	405	461	396
D3681.contig797	405	0	0
D3681.contig798	404	0	0
D3681.contig799	404	0	0
D3681.contig800	404	0	0
D3681.contig801	402	0	0
D3681.contig802	402	0	0
D3681.contig803	402	0	0
D3681.contig804	401	0	0
D3681.contig805	401	0	0
D3681.contig806	401	0	0
D3681.contig807	401	0	0
D3681.contig808	401	0	0
D3681.contig809	400	0	0
D3681.contig810	400	0	0
D3681.contig811	400	0	0
D3681.contig812	399	0	0
D3681.contig813	398	0	0
D3681.contig814	398	0	0
D3681.contig815	398	0	0
D3681.contig816	398	0	0
D3681.contig817	398	0	0
D3681.contig818	397	0	0
D3681.contig819	397	0	0
D3681.contig820	396	0	0
D3681.contig821	395	0	0
D3681.contig822	394	0	0
D3681.contig823	394	0	0
D3681.contig824	394	0	0
D3681.contig825	393	0	0
D3681.contig826	392	0	0
D3681.contig827	392	0	0
D3681.contig828	392	0	0
D3681.contig829	392	0	0
D3681.contig830	391	0	0
D3681.contig831	391	0	0
D3681.contig832	391	0	0
D3681.contig833	390	0	0
D3681.contig834	389	0	0
D3681.contig835	389	0	0
D3681.contig836	387	0	0
D3681.contig837	387	0	0
D3681.contig838	387	0	0
D3681.contig839	387	0	0
D3681.contig840	387	0	0
D3681.contig841	387	0	0
D3681.contig842	387	0	0
D3681.contig843	386	0	0
D3681.contig844	386	0	0
D3681.contig845	386	0	0
D3681.contig846	386	1	0
D3681.contig847	385	0	0
D3681.contig848	385	0	0
D3681.contig849	384	0	0
D3681.contig850	384	0	0
D3681.contig851	384	0	0
D3681.contig852	384	0	0
D3681.contig853	384	0	0
D3681.contig854	384	0	0
D3681.contig855	384	0	0
D3681.contig856	383	0	0
D3681.contig857	383	0	0
D3681.contig858	383	0	0
D3681.contig859	383	0	0
D3681.contig860	382	0	0
D3681.contig861	382	0	0
D3681.contig862	381	0	0
D3681.contig863	381	0	0
D3681.contig864	381	0	0
D3681.contig865	381	0	0
D3681.contig866	380	0	0
D3681.contig867	380	0	0
D3681.contig868	379	0	0
D3681.contig869	379	0	0
D3681.contig870	378	0	0
D3681.contig871	378	0	0
D3681.contig872	378	0	0
D3681.contig873	377	0	0
D3681.contig874	377	0	0
D3681.contig875	376	0	0
D3681.contig876	376	0	0
D3681.contig877	376	0	0
D3681.contig878	375	0	0
D3681.contig879	375	0	0
D3681.contig880	375	0	0
D3681.contig881	374	0	0
D3681.contig882	374	0	0
D3681.contig883	374	0	0
D3681.contig884	372	0	0
D3681.contig885	372	0	0
D3681.contig886	372	0	0
D3681.contig887	372	0	0
D3681.contig888	371	0	0
D3681.contig889	371	0	0
D3681.contig890	371	0	0
D3681.contig891	371	0	0
D3681.contig892	370	0	0
D3681.contig893	370	0	0
D3681.contig894	370	0	0
D3681.contig895	369	0	0
D3681.contig896	369	0	0
D3681.contig897	368	0	0
D3681.contig898	367	0	0
D3681.contig899	367	0	0
D3681.contig900	367	0	0
D3681.contig901	366	0	0
D3681.contig902	366	0	0
D3681.contig903	366	0	0
D3681.contig904	365	0	0
D3681.contig905	365	0	0
D3681.contig906	365	0	0
D3681.contig907	365	0	0
D3681.contig908	364	0	0
D3681.contig909	364	0	0
D3681.contig910	364	0	0
D3681.contig911	364	0	0
D3681.contig912	363	0	0
D3681.contig913	362	0	0
D3681.contig914	362	0	0
D3681.contig915	361	0	0
D3681.contig916	361	0	0
D3681.contig917	361	0	0
D3681.contig918	360	0	0
D3681.contig919	360	0	0
D3681.contig920	360	0	0
D3681.contig921	360	0	0
D3681.contig922	360	0	0
D3681.contig923	360	0	0
D3681.contig924	360	0	0
D3681.contig925	360	0	0
D3681.contig926	359	0	0
D3681.contig927	359	0	0
D3681.contig928	359	0	0
D3681.contig929	358	0	0
D3681.contig930	358	0	0
D3681.contig931	358	0	0
D3681.contig932	357	0	0
D3681.contig933	357	0	0
D3681.contig934	357	0	0
D3681.contig935	357	0	0
D3681.contig936	356	0	0
D3681.contig937	356	0	0
D3681.contig938	356	0	0
D3681.contig939	356	0	0
D3681.contig940	356	0	0
D3681.contig941	356	0	0
D3681.contig942	355	0	0
D3681.contig943	355	0	0
D3681.contig944	355	0	0
D3681.contig945	355	0	0
D3681.contig946	355	0	0
D3681.contig947	355	0	0
D3681.contig948	354	0	0
D3681.contig949	353	0	0
D3681.contig950	353	0	0
D3681.contig951	353	0	0
D3681.contig952	353	0	0
D3681.contig953	352	0	0
D3681.contig954	351	0	0
D3681.contig955	351	2	0
D3681.contig956	351	0	0
D3681.contig957	351	0	0
D3681.contig958	351	0	0
D3681.contig959	350	0	0
D3681.contig960	350	0	0
D3681.contig961	350	0	0
D3681.contig962	349	0	0
D3681.contig963	349	0	0
D3681.contig964	349	0	0
D3681.contig965	349	0	0
D3681.contig966	349	0	0
D3681.contig967	349	0	0
D3681.contig968	348	0	0
D3681.contig969	348	0	0
D3681.contig970	348	0	0
D3681.contig971	347	0	0
D3681.contig972	347	0	0
D3681.contig973	347	0	0
D3681.contig974	347	0	0
D3681.contig975	347	0	0
D3681.contig976	347	0	0
D3681.contig977	347	0	0
D3681.contig978	347	0	0
D3681.contig979	346	2	0
D3681.contig980	345	0	0
D3681.contig981	345	0	0
D3681.contig982	345	0	0
D3681.contig983	345	0	0
D3681.contig984	345	0	0
D3681.contig985	345	0	0
D3681.contig986	345	0	0
D3681.contig987	344	0	0
D3681.contig988	344	0	0
D3681.contig989	342	0	0
D3681.contig990	342	0	0
D3681.contig991	342	0	0
D3681.contig992	341	1	1
D3681.contig993	341	0	0
D3681.contig994	341	0	0
D3681.contig995	341	0	0
D3681.contig996	341	0	0
D3681.contig997	341	0	0
D3681.contig998	340	0	0
D3681.contig999	340	1	1
D3681.contig1000	339	0	0
D3681.contig1001	339	0	0
D3681.contig1002	339	0	0
D3681.contig1003	338	0	0
D3681.contig1004	338	0	0
D3681.contig1005	337	0	0
D3681.contig1006	337	0	0
D3681.contig1007	337	0	0
D3681.contig1008	337	0	0
D3681.contig1009	336	0	0
D3681.contig1010	336	0	0
D3681.contig1011	336	0	0
D3681.contig1012	336	0	0
D3681.contig1013	336	0	0
D3681.contig1014	335	0	0
D3681.contig1015	335	0	0
D3681.contig1016	335	0	0
D3681.contig1017	335	0	0
D3681.contig1018	335	0	0
D3681.contig1019	335	0	0
D3681.contig1020	335	0	0
D3681.contig1021	335	0	0
D3681.contig1022	335	0	0
D3681.contig1023	334	0	0
D3681.contig1024	334	0	0
D3681.contig1025	334	0	0
D3681.contig1026	334	0	0
D3681.contig1027	334	0	0
D3681.contig1028	333	0	0
D3681.contig1029	332	0	0
D3681.contig1030	332	0	0
D3681.contig1031	332	0	0
D3681.contig1032	332	0	0
D3681.contig1033	331	0	0
D3681.contig1034	331	0	0
D3681.contig1035	331	0	0
D3681.contig1036	331	0	0
D3681.contig1037	330	0	0
D3681.contig1038	330	0	0
D3681.contig1039	330	0	0
D3681.contig1040	330	0	0
D3681.contig1041	330	0	0
D3681.contig1042	330	0	0
D3681.contig1043	329	28017	20581
D3681.contig1044	329	0	0
D3681.contig1045	329	0	0
D3681.contig1046	329	0	0
D3681.contig1047	328	0	0
D3681.contig1048	328	0	0
D3681.contig1049	328	0	0
D3681.contig1050	328	0	0
D3681.contig1051	328	0	0
D3681.contig1052	327	0	0
D3681.contig1053	327	0	0
D3681.contig1054	326	0	0
D3681.contig1055	326	0	0
D3681.contig1056	326	0	0
D3681.contig1057	325	0	0
D3681.contig1058	325	0	0
D3681.contig1059	325	0	0
D3681.contig1060	325	0	0
D3681.contig1061	325	0	0
D3681.contig1062	324	0	0
D3681.contig1063	324	0	0
D3681.contig1064	324	0	0
D3681.contig1065	323	0	0
D3681.contig1066	323	0	0
D3681.contig1067	322	0	0
D3681.contig1068	322	0	0
D3681.contig1069	322	0	0
D3681.contig1070	322	0	0
D3681.contig1071	322	0	0
D3681.contig1072	321	0	0
D3681.contig1073	321	0	0
D3681.contig1074	321	0	0
D3681.contig1075	321	0	0
D3681.contig1076	321	0	0
D3681.contig1077	321	2	0
D3681.contig1078	321	0	0
D3681.contig1079	320	0	0
D3681.contig1080	319	0	0
D3681.contig1081	318	0	0
D3681.contig1082	318	0	0
D3681.contig1083	318	0	0
D3681.contig1084	317	0	0
D3681.contig1085	317	0	0
D3681.contig1086	316	0	0
D3681.contig1087	316	1	1
D3681.contig1088	316	0	0
D3681.contig1089	316	0	0
D3681.contig1090	316	0	0
D3681.contig1091	316	0	0
D3681.contig1092	316	0	0
D3681.contig1093	316	0	0
D3681.contig1094	315	0	0
D3681.contig1095	315	0	0
D3681.contig1096	315	0	0
D3681.contig1097	315	0	0
D3681.contig1098	314	0	0
D3681.contig1099	314	0	0
D3681.contig1100	314	0	0
D3681.contig1101	314	0	0
D3681.contig1102	314	0	0
D3681.contig1103	313	0	0
D3681.contig1104	313	0	0
D3681.contig1105	313	0	0
D3681.contig1106	313	0	0
D3681.contig1107	313	0	0
D3681.contig1108	313	0	0
D3681.contig1109	313	0	0
D3681.contig1110	312	0	0
D3681.contig1111	312	0	0
D3681.contig1112	312	0	0
D3681.contig1113	312	0	0
D3681.contig1114	312	0	0
D3681.contig1115	312	0	0
D3681.contig1116	312	0	0
D3681.contig1117	311	0	0
D3681.contig1118	311	0	0
D3681.contig1119	311	0	0
D3681.contig1120	311	0	0
D3681.contig1121	311	0	0
D3681.contig1122	310	0	0
D3681.contig1123	310	0	0
D3681.contig1124	309	0	0
D3681.contig1125	309	0	0
D3681.contig1126	309	0	0
D3681.contig1127	309	0	0
D3681.contig1128	309	0	0
D3681.contig1129	309	0	0
D3681.contig1130	309	0	0
D3681.contig1131	309	0	0
D3681.contig1132	309	0	0
D3681.contig1133	309	0	0
D3681.contig1134	308	0	0
D3681.contig1135	308	0	0
D3681.contig1136	308	0	0
D3681.contig1137	308	0	0
D3681.contig1138	308	0	0
D3681.contig1139	308	0	0
D3681.contig1140	308	0	0
D3681.contig1141	308	0	0
D3681.contig1142	308	0	0
D3681.contig1143	307	0	0
D3681.contig1144	307	0	0
D3681.contig1145	307	0	0
D3681.contig1146	307	0	0
D3681.contig1147	306	0	0
D3681.contig1148	306	0	0
D3681.contig1149	306	0	0
D3681.contig1150	306	0	0
D3681.contig1151	305	0	0
D3681.contig1152	305	0	0
D3681.contig1153	305	0	0
D3681.contig1154	305	0	0
D3681.contig1155	305	0	0
D3681.contig1156	305	0	0
D3681.contig1157	305	0	0
D3681.contig1158	305	0	0
D3681.contig1159	304	0	0
D3681.contig1160	304	0	0
D3681.contig1161	304	0	0
D3681.contig1162	304	0	0
D3681.contig1163	304	0	0
D3681.contig1164	303	0	0
D3681.contig1165	303	0	0
D3681.contig1166	303	0	0
D3681.contig1167	303	0	0
D3681.contig1168	302	0	0
D3681.contig1169	302	0	0
D3681.contig1170	302	0	0
D3681.contig1171	302	0	0
D3681.contig1172	302	0	0
D3681.contig1173	302	0	0
D3681.contig1174	301	0	0
D3681.contig1175	301	0	0
D3681.contig1176	301	0	0
D3681.contig1177	300	0	0
D3681.contig1178	300	0	0
D3681.contig1179	300	0	0
*	0	0	100278576
