R4011.contig1	1869	808057	13262
R4011.contig2	1678	1495	14
R4011.contig3	1537	84653	5306
R4011.contig4	1400	7491	60
R4011.contig5	1269	2752061	95668
R4011.contig6	1084	1879	21
R4011.contig7	821	736	10
R4011.contig8	764	708	65
R4011.contig9	747	2359	115
R4011.contig10	737	493702	10541
R4011.contig11	676	1470	12
R4011.contig12	671	380	0
R4011.contig13	653	4153	110
R4011.contig14	643	18548	290
R4011.contig15	603	12709	734
R4011.contig16	602	337	3
R4011.contig17	586	2528	128
R4011.contig18	570	81	14
R4011.contig19	568	96	0
R4011.contig20	544	19	4
R4011.contig21	528	864	27
R4011.contig22	501	2351	82
R4011.contig23	484	68	0
R4011.contig24	477	222	2
R4011.contig25	472	287	53
R4011.contig26	460	2652	168
R4011.contig27	445	1306	71
R4011.contig28	440	162	0
R4011.contig29	439	1623	142
R4011.contig30	438	1919	174
R4011.contig31	416	120	2
R4011.contig32	408	925	134
R4011.contig33	396	253232	14702
R4011.contig34	387	351	10
R4011.contig35	364	2284	74
R4011.contig36	344	57	13
R4011.contig37	338	50	9
R4011.contig38	333	20	0
R4011.contig39	332	13	3
R4011.contig40	323	144	5
R4011.contig41	314	1436	24
R4011.contig42	314	11	11
R4011.contig43	302	19	5
*	0	0	78120
