R3754.contig1	7317	378715	1771
R3754.contig2	2187	54643	392
R3754.contig3	1837	48241	414
R3754.contig4	1763	27008	365
R3754.contig5	1243	7465	157
R3754.contig6	1214	109187	4947
R3754.contig7	1044	19724	168
R3754.contig8	1038	222	0
R3754.contig9	1019	688232	18481
R3754.contig10	999	17753	189
R3754.contig11	951	3702	32
R3754.contig12	937	1834	329
R3754.contig13	918	1613	25
R3754.contig14	852	18825	67
R3754.contig15	826	184	4
R3754.contig16	805	99	10
R3754.contig17	752	5429	281
R3754.contig18	745	1634	83
R3754.contig19	717	111	3
R3754.contig20	715	120263	35960
R3754.contig21	694	2206	233
R3754.contig22	685	1628	58
R3754.contig23	671	4870	166
R3754.contig24	667	854	41
R3754.contig25	661	43231	959
R3754.contig26	650	4383	73
R3754.contig27	622	15378	220
R3754.contig28	617	2472	62
R3754.contig29	614	1536	449
R3754.contig30	609	285	5
R3754.contig31	603	2094	59
R3754.contig32	591	297	1
R3754.contig33	576	32398	3050
R3754.contig34	575	100	0
R3754.contig35	569	669	31
R3754.contig36	555	48	6
R3754.contig37	550	13460	1128
R3754.contig38	549	90564	3976
R3754.contig39	541	1910	472
R3754.contig40	520	14297	750
R3754.contig41	516	317	3
R3754.contig42	514	20228	849
R3754.contig43	513	196998	9430
R3754.contig44	507	40	8
R3754.contig45	495	4158	80
R3754.contig46	494	356	51
R3754.contig47	490	26	4
R3754.contig48	474	80	0
R3754.contig49	469	495	9
R3754.contig50	469	13549	2138
R3754.contig51	450	430	39
R3754.contig52	448	475	1
R3754.contig53	444	206	2
R3754.contig54	439	749	64
R3754.contig55	433	196	0
R3754.contig56	426	16578	755
R3754.contig57	419	28889	2326
R3754.contig58	418	17597	3461
R3754.contig59	407	39214	2598
R3754.contig60	403	670	212
R3754.contig61	399	522	67
R3754.contig62	383	246	78
R3754.contig63	379	136	10
R3754.contig64	378	8	6
R3754.contig65	368	136	0
R3754.contig66	366	616	30
R3754.contig67	365	8591	264
R3754.contig68	361	2755	56
R3754.contig69	357	189	17
R3754.contig70	356	11	3
R3754.contig71	353	5210	68
R3754.contig72	348	102496	33969
R3754.contig73	347	75	11
R3754.contig74	334	21804	654
R3754.contig75	332	2534	57
R3754.contig76	327	746	11
R3754.contig77	325	29	1
R3754.contig78	319	23	3
R3754.contig79	304	13	5
R3754.contig80	304	16	0
R3754.contig81	302	68	2
R3754.contig82	300	389689	17037
*	0	0	201634
