R3944.contig1	1307	21397	1256
R3944.contig2	1170	101	1
R3944.contig3	1079	103	2
R3944.contig4	1041	1001	6
R3944.contig5	1000	43545	824
R3944.contig6	966	36031	593
R3944.contig7	928	5329	27
R3944.contig8	848	69109	17082
R3944.contig9	847	48353	3591
R3944.contig10	793	10296	441
R3944.contig11	740	126	0
R3944.contig12	730	4203	38
R3944.contig13	722	10545	4039
R3944.contig14	691	277768	46148
R3944.contig15	682	58	10
R3944.contig16	677	364363	34232
R3944.contig17	672	1097	3
R3944.contig18	661	606	2
R3944.contig19	655	47	6
R3944.contig20	639	106550	4948
R3944.contig21	639	190	0
R3944.contig22	636	2244	151
R3944.contig23	607	229	5
R3944.contig24	592	13210	3540
R3944.contig25	587	95799	9064
R3944.contig26	575	28	3
R3944.contig27	573	51783	6174
R3944.contig28	573	29	1
R3944.contig29	556	503	34
R3944.contig30	538	36	12
R3944.contig31	528	47	3
R3944.contig32	527	349	6
R3944.contig33	520	4876	185
R3944.contig34	510	35	7
R3944.contig35	504	29	8
R3944.contig36	503	1384	63
R3944.contig37	499	47	1
R3944.contig38	497	36213	1992
R3944.contig39	480	970	44
R3944.contig40	477	49	3
R3944.contig41	472	157128	18136
R3944.contig42	471	3392	50
R3944.contig43	470	5893	123
R3944.contig44	461	33	1
R3944.contig45	459	76441	9697
R3944.contig46	458	20392	2871
R3944.contig47	452	241	2
R3944.contig48	447	396	20
R3944.contig49	444	1836	131
R3944.contig50	440	2098	260
R3944.contig51	436	56849	7769
R3944.contig52	433	32	0
R3944.contig53	431	1259	37
R3944.contig54	429	185283	17050
R3944.contig55	428	16750	5235
R3944.contig56	420	5951	303
R3944.contig57	415	4075	72
R3944.contig58	414	10555	2623
R3944.contig59	408	239318	58600
R3944.contig60	405	14719	5873
R3944.contig61	399	40	2
R3944.contig62	396	1154	5
R3944.contig63	393	17	5
R3944.contig64	386	67110	9463
R3944.contig65	379	75	3
R3944.contig66	377	48841	2903
R3944.contig67	376	176	20
R3944.contig68	375	14106	644
R3944.contig69	373	24	6
R3944.contig70	370	143	18
R3944.contig71	369	229674	30913
R3944.contig72	366	4887	113
R3944.contig73	366	194	4
R3944.contig74	360	17	5
R3944.contig75	356	17591	2872
R3944.contig76	353	74	0
R3944.contig77	349	11	3
R3944.contig78	347	18933	2686
R3944.contig79	345	105680	10207
R3944.contig80	342	20	6
R3944.contig81	341	62150	15886
R3944.contig82	341	2361	97
R3944.contig83	339	19	1
R3944.contig84	326	169173	17775
R3944.contig85	322	12	4
R3944.contig86	313	296114	51534
R3944.contig87	306	3169	455
R3944.contig88	303	114110	23997
R3944.contig89	301	8491	1642
*	0	0	475208
