DT5.contig1	30986	450881	5318
DT5.contig2	15466	23032	415
DT5.contig3	11578	33751	603
DT5.contig4	10908	52002	3223
DT5.contig5	10687	2979	86
DT5.contig6	10248	97622	1110
DT5.contig7	9899	3434	31
DT5.contig8	8804	108428	1442
DT5.contig9	8789	9733	148
DT5.contig10	8487	44728	435
DT5.contig11	7885	1579	31
DT5.contig12	7422	10978	256
DT5.contig13	7314	982380	38283
DT5.contig14	7171	542122	9188
DT5.contig15	7156	515838	10296
DT5.contig16	6483	390760	14379
DT5.contig17	6341	11725	1902
DT5.contig18	6122	1338	28
DT5.contig19	6071	4665	136
DT5.contig20	6056	439196	5122
DT5.contig21	5953	13850	845
DT5.contig22	5873	1064661	90735
DT5.contig23	5771	1090	44
DT5.contig24	5475	18213	448
DT5.contig25	5381	238760	2643
DT5.contig26	5277	2192	45
DT5.contig27	4873	41443	939
DT5.contig28	4854	723	21
DT5.contig29	4673	841	78
DT5.contig30	4644	36509	452
DT5.contig31	4495	1852	23
DT5.contig32	4377	483	22
DT5.contig33	4173	262430	5876
DT5.contig34	3955	857	4
DT5.contig35	3627	11626	327
DT5.contig36	3346	818	28
DT5.contig37	3242	685	19
DT5.contig38	3105	3160	38
DT5.contig39	3046	333	14
DT5.contig40	2860	1832	19
DT5.contig41	2831	5673	150
DT5.contig42	2821	6698	153
DT5.contig43	2779	397	23
DT5.contig44	2681	222	10
DT5.contig45	2592	1135	36
DT5.contig46	2548	119007	2108
DT5.contig47	2523	415	25
DT5.contig48	2517	184	5
DT5.contig49	2509	995997	31999
DT5.contig50	2468	248	14
DT5.contig51	2445	710574	21463
DT5.contig52	2426	225	71
DT5.contig53	2413	61083	1289
DT5.contig54	2334	26943	880
DT5.contig55	2234	31321	5003
DT5.contig56	2228	176	15
DT5.contig57	2219	361	6
DT5.contig58	2199	151	9
DT5.contig59	2189	219	12
DT5.contig60	2157	948	8
DT5.contig61	2153	72594	3456
DT5.contig62	2067	131	2
DT5.contig63	2055	3235	36
DT5.contig64	2044	35431	637
DT5.contig65	2018	5650	788
DT5.contig66	1978	195	3
DT5.contig67	1927	141	12
DT5.contig68	1916	105	8
DT5.contig69	1859	163	17
DT5.contig70	1800	6952	144
DT5.contig71	1775	167	6
DT5.contig72	1761	167	13
DT5.contig73	1665	172	6
DT5.contig74	1627	135	14
DT5.contig75	1613	6346	323
DT5.contig76	1581	83	2
DT5.contig77	1533	61367	1874
DT5.contig78	1528	125	9
DT5.contig79	1492	265	24
DT5.contig80	1457	129	3
DT5.contig81	1427	11830	155
DT5.contig82	1413	63	5
DT5.contig83	1406	90	7
DT5.contig84	1399	46607	1322
DT5.contig85	1379	120	4
DT5.contig86	1270	81	15
DT5.contig87	1258	134	8
DT5.contig88	1254	90	16
DT5.contig89	1244	6345	1383
DT5.contig90	1234	62	8
DT5.contig91	1215	97	4
DT5.contig92	1214	395	25
DT5.contig93	1194	80	5
DT5.contig94	1174	68	7
DT5.contig95	1169	208	22
DT5.contig96	1160	78	4
DT5.contig97	1152	62901	2337
DT5.contig98	1131	317	8
DT5.contig99	1127	84	8
DT5.contig100	1121	7463	164
DT5.contig101	1106	239	18
DT5.contig102	1088	101	41
DT5.contig103	1080	42	9
DT5.contig104	1074	102	3
DT5.contig105	1069	49	0
DT5.contig106	1066	38596	458
DT5.contig107	1054	5707	124
DT5.contig108	1053	58	5
DT5.contig109	1035	29	9
DT5.contig110	1028	780	179
DT5.contig111	1014	58	6
DT5.contig112	1009	56	7
DT5.contig113	1000	52	3
DT5.contig114	988	168	11
DT5.contig115	973	50	8
DT5.contig116	970	35	9
DT5.contig117	936	47	10
DT5.contig118	934	7374	110
DT5.contig119	924	64	2
DT5.contig120	921	10607	1582
DT5.contig121	910	37	7
DT5.contig122	893	42	12
DT5.contig123	891	71	9
DT5.contig124	853	44	10
DT5.contig125	841	53	5
DT5.contig126	823	25	8
DT5.contig127	806	10168	2384
DT5.contig128	806	50834	13600
DT5.contig129	804	40115	1265
DT5.contig130	797	60869	1763
DT5.contig131	795	31	7
DT5.contig132	750	23476	1695
DT5.contig133	730	112	6
DT5.contig134	729	46	6
DT5.contig135	723	67	24
DT5.contig136	718	217183	8346
DT5.contig137	715	1356	343
DT5.contig138	705	2345	790
DT5.contig139	702	54	7
DT5.contig140	699	23	0
DT5.contig141	692	1507	209
DT5.contig142	688	82	18
DT5.contig143	685	29	6
DT5.contig144	677	55	13
DT5.contig145	662	70	13
DT5.contig146	660	177422	86284
DT5.contig147	647	8077	1618
DT5.contig148	645	143419	6659
DT5.contig149	642	37	9
DT5.contig150	641	3837	362
DT5.contig151	635	77	18
DT5.contig152	631	24570	178
DT5.contig153	628	21	5
DT5.contig154	623	32	11
DT5.contig155	622	37	12
DT5.contig156	620	41	6
DT5.contig157	620	25	1
DT5.contig158	616	29	11
DT5.contig159	611	25	3
DT5.contig160	609	60	9
DT5.contig161	608	85	1
DT5.contig162	606	20	6
DT5.contig163	598	37	5
DT5.contig164	595	19	5
DT5.contig165	589	13	2
DT5.contig166	584	25	4
DT5.contig167	575	27	10
DT5.contig168	573	941	147
DT5.contig169	568	16	4
DT5.contig170	563	19	3
DT5.contig171	562	32	4
DT5.contig172	560	16	8
DT5.contig173	557	2701915	1548448
DT5.contig174	554	26	9
DT5.contig175	545	18517	3404
DT5.contig176	537	86	4
DT5.contig177	535	47	33
DT5.contig178	534	18	6
DT5.contig179	534	32	10
DT5.contig180	532	31	8
DT5.contig181	530	3153	477
DT5.contig182	523	3070	828
DT5.contig183	523	31	2
DT5.contig184	522	15	5
DT5.contig185	521	23	6
DT5.contig186	516	18	4
DT5.contig187	516	109	79
DT5.contig188	513	28124	1612
DT5.contig189	512	28	8
DT5.contig190	507	30	3
DT5.contig191	502	12	7
DT5.contig192	502	17	9
DT5.contig193	499	16	8
DT5.contig194	497	17	5
DT5.contig195	487	30	9
DT5.contig196	484	7203	65
DT5.contig197	482	49	34
DT5.contig198	479	2174	913
DT5.contig199	479	24	4
DT5.contig200	477	37	1
DT5.contig201	477	20	8
DT5.contig202	473	18	3
DT5.contig203	473	13	7
DT5.contig204	471	15	3
DT5.contig205	469	98863	53254
DT5.contig206	468	24	7
DT5.contig207	468	12	4
DT5.contig208	468	256	9
DT5.contig209	462	15	7
DT5.contig210	461	5268	196
DT5.contig211	456	19	6
DT5.contig212	454	20	5
DT5.contig213	447	18	7
DT5.contig214	446	15	3
DT5.contig215	444	87	55
DT5.contig216	442	14	6
DT5.contig217	440	25	13
DT5.contig218	438	34	0
DT5.contig219	437	16	6
DT5.contig220	436	21	4
DT5.contig221	436	28	3
DT5.contig222	430	11	3
DT5.contig223	427	22	8
DT5.contig224	426	15	8
DT5.contig225	424	27	5
DT5.contig226	419	26	13
DT5.contig227	418	11	5
DT5.contig228	418	10	5
DT5.contig229	418	23	15
DT5.contig230	414	32	4
DT5.contig231	414	11	4
DT5.contig232	412	13	7
DT5.contig233	412	13	8
DT5.contig234	411	1227	26
DT5.contig235	407	8	3
DT5.contig236	407	14	6
DT5.contig237	406	11	7
DT5.contig238	401	10	8
DT5.contig239	400	16	3
DT5.contig240	399	15	4
DT5.contig241	397	13	2
DT5.contig242	394	45	9
DT5.contig243	394	11	6
DT5.contig244	393	8	4
DT5.contig245	392	39	13
DT5.contig246	390	22	5
DT5.contig247	387	2286	639
DT5.contig248	387	25	9
DT5.contig249	384	1228	890
DT5.contig250	379	50	38
DT5.contig251	377	6	3
DT5.contig252	376	5	4
DT5.contig253	376	14	9
DT5.contig254	375	21	11
DT5.contig255	374	16	4
DT5.contig256	374	7	7
DT5.contig257	374	37	18
DT5.contig258	373	15	9
DT5.contig259	372	12	6
DT5.contig260	372	11	7
DT5.contig261	372	21	7
DT5.contig262	370	13	3
DT5.contig263	368	12	4
DT5.contig264	368	10	6
DT5.contig265	367	10	6
DT5.contig266	364	13	4
DT5.contig267	363	10	3
DT5.contig268	361	12	6
DT5.contig269	361	19	4
DT5.contig270	359	59	14
DT5.contig271	355	129	11
DT5.contig272	353	9	3
DT5.contig273	352	8	4
DT5.contig274	351	13	4
DT5.contig275	350	8	4
DT5.contig276	347	9902	5028
DT5.contig277	345	13	5
DT5.contig278	344	21	7
DT5.contig279	344	14	3
DT5.contig280	343	9	5
DT5.contig281	343	20	8
DT5.contig282	341	21	10
DT5.contig283	341	9	6
DT5.contig284	333	14	9
DT5.contig285	332	2	2
DT5.contig286	331	18	7
DT5.contig287	331	16	6
DT5.contig288	329	12	4
DT5.contig289	329	8	2
DT5.contig290	328	5	5
DT5.contig291	327	8	6
DT5.contig292	326	18	2
DT5.contig293	325	808655	567394
DT5.contig294	325	8	6
DT5.contig295	324	12	8
DT5.contig296	324	10	3
DT5.contig297	322	27	1
DT5.contig298	322	10	3
DT5.contig299	320	5	3
DT5.contig300	318	6	6
DT5.contig301	318	359	147
DT5.contig302	317	15	4
DT5.contig303	316	94	18
DT5.contig304	313	25	12
DT5.contig305	311	19	16
DT5.contig306	310	13	5
DT5.contig307	310	6	3
DT5.contig308	308	15	11
DT5.contig309	307	9	5
DT5.contig310	306	6	4
DT5.contig311	306	8	4
DT5.contig312	306	4	4
DT5.contig313	306	13	10
DT5.contig314	304	48	25
DT5.contig315	304	16465	1719
DT5.contig316	303	11	4
DT5.contig317	301	5	1
DT5.contig318	300	60	13
DT5.contig319	300	7	3
DT5.contig320	300	12	3
*	0	0	85502104
