D4280.contig1	44036	119313	10773
D4280.contig2	39745	4	2
D4280.contig3	24984	4	4
D4280.contig4	23235	4603	3364
D4280.contig5	18535	0	0
D4280.contig6	18418	865	32
D4280.contig7	17797	87224	2200
D4280.contig8	17765	208	50
D4280.contig9	17754	4	2
D4280.contig10	17413	812	273
D4280.contig11	17246	243	13
D4280.contig12	16390	162	64
D4280.contig13	15517	9224	983
D4280.contig14	13572	21	3
D4280.contig15	13402	76	50
D4280.contig16	13195	0	0
D4280.contig17	12971	4	0
D4280.contig18	11865	18	1
D4280.contig19	11006	19	1
D4280.contig20	10838	17599	631
D4280.contig21	10520	594	31
D4280.contig22	10252	3	3
D4280.contig23	9729	2295	177
D4280.contig24	9563	164106	12428
D4280.contig25	9419	0	0
D4280.contig26	9295	10	0
D4280.contig27	9107	0	0
D4280.contig28	8868	11	4
D4280.contig29	8592	2	0
D4280.contig30	8545	15	0
D4280.contig31	8451	16	0
D4280.contig32	8358	169	98
D4280.contig33	8178	12144	1008
D4280.contig34	8019	4552	2538
D4280.contig35	7686	0	0
D4280.contig36	7654	1	1
D4280.contig37	7534	0	0
D4280.contig38	7185	0	0
D4280.contig39	7176	4369	266
D4280.contig40	6949	0	0
D4280.contig41	6807	6	0
D4280.contig42	6661	0	0
D4280.contig43	6460	0	0
D4280.contig44	6402	0	0
D4280.contig45	6365	10	0
D4280.contig46	6251	0	0
D4280.contig47	6211	32733	7905
D4280.contig48	6022	0	0
D4280.contig49	6013	0	0
D4280.contig50	5999	22	0
D4280.contig51	5884	0	0
D4280.contig52	5844	0	0
D4280.contig53	5730	3	1
D4280.contig54	5535	0	0
D4280.contig55	5499	9907	4993
D4280.contig56	5438	0	0
D4280.contig57	5356	2	0
D4280.contig58	5315	93309	1841
D4280.contig59	5306	0	0
D4280.contig60	5026	86840	4032
D4280.contig61	4967	0	0
D4280.contig62	4897	391	8
D4280.contig63	4867	0	0
D4280.contig64	4867	0	0
D4280.contig65	4704	0	0
D4280.contig66	4679	4	0
D4280.contig67	4676	0	0
D4280.contig68	4617	35	5
D4280.contig69	4599	0	0
D4280.contig70	4494	0	0
D4280.contig71	4492	0	0
D4280.contig72	4467	148	21
D4280.contig73	4444	0	0
D4280.contig74	4424	0	0
D4280.contig75	4407	0	0
D4280.contig76	4273	0	0
D4280.contig77	4246	2	0
D4280.contig78	4242	0	0
D4280.contig79	4184	0	0
D4280.contig80	4137	1462	90
D4280.contig81	4102	0	0
D4280.contig82	4097	0	0
D4280.contig83	4093	0	0
D4280.contig84	4069	42067	549
D4280.contig85	4050	0	0
D4280.contig86	3920	33498	756
D4280.contig87	3885	0	0
D4280.contig88	3862	0	0
D4280.contig89	3771	5	3
D4280.contig90	3764	2	2
D4280.contig91	3748	0	0
D4280.contig92	3715	581	45
D4280.contig93	3710	0	0
D4280.contig94	3681	0	0
D4280.contig95	3630	0	0
D4280.contig96	3606	0	0
D4280.contig97	3597	0	0
D4280.contig98	3570	0	0
D4280.contig99	3534	221	0
D4280.contig100	3484	13	0
D4280.contig101	3456	0	0
D4280.contig102	3453	14	7
D4280.contig103	3406	511	154
D4280.contig104	3363	1	1
D4280.contig105	3293	0	0
D4280.contig106	3211	0	0
D4280.contig107	3118	2	0
D4280.contig108	3078	486074	24409
D4280.contig109	3053	0	0
D4280.contig110	3042	0	0
D4280.contig111	3041	0	0
D4280.contig112	3010	2	0
D4280.contig113	2964	0	0
D4280.contig114	2872	0	0
D4280.contig115	2842	0	0
D4280.contig116	2838	0	0
D4280.contig117	2812	13	2
D4280.contig118	2794	0	0
D4280.contig119	2789	0	0
D4280.contig120	2776	0	0
D4280.contig121	2751	0	0
D4280.contig122	2747	0	0
D4280.contig123	2714	0	0
D4280.contig124	2679	0	0
D4280.contig125	2678	0	0
D4280.contig126	2656	0	0
D4280.contig127	2576	89721	41070
D4280.contig128	2572	0	0
D4280.contig129	2408	0	0
D4280.contig130	2364	0	0
D4280.contig131	2350	0	0
D4280.contig132	2290	0	0
D4280.contig133	2288	0	0
D4280.contig134	2269	0	0
D4280.contig135	2228	36107	493
D4280.contig136	2204	0	0
D4280.contig137	2153	0	0
D4280.contig138	2128	0	0
D4280.contig139	2125	0	0
D4280.contig140	2116	0	0
D4280.contig141	2098	0	0
D4280.contig142	2095	0	0
D4280.contig143	2078	0	0
D4280.contig144	2037	132726	4442
D4280.contig145	2004	0	0
D4280.contig146	1967	2	0
D4280.contig147	1956	5	0
D4280.contig148	1946	66070	2242
D4280.contig149	1938	2	0
D4280.contig150	1909	0	0
D4280.contig151	1908	0	0
D4280.contig152	1891	0	0
D4280.contig153	1879	0	0
D4280.contig154	1869	0	0
D4280.contig155	1857	61	4
D4280.contig156	1844	0	0
D4280.contig157	1783	0	0
D4280.contig158	1727	0	0
D4280.contig159	1716	0	0
D4280.contig160	1712	22219	3139
D4280.contig161	1701	0	0
D4280.contig162	1694	0	0
D4280.contig163	1689	0	0
D4280.contig164	1681	0	0
D4280.contig165	1680	50829	9069
D4280.contig166	1644	0	0
D4280.contig167	1643	0	0
D4280.contig168	1634	0	0
D4280.contig169	1630	448	45
D4280.contig170	1616	0	0
D4280.contig171	1571	111	67
D4280.contig172	1558	0	0
D4280.contig173	1540	0	0
D4280.contig174	1539	29915	2908
D4280.contig175	1525	0	0
D4280.contig176	1518	0	0
D4280.contig177	1509	0	0
D4280.contig178	1505	0	0
D4280.contig179	1490	1	1
D4280.contig180	1489	0	0
D4280.contig181	1488	108324	10533
D4280.contig182	1486	2	0
D4280.contig183	1478	0	0
D4280.contig184	1474	0	0
D4280.contig185	1453	0	0
D4280.contig186	1446	0	0
D4280.contig187	1436	0	0
D4280.contig188	1433	0	0
D4280.contig189	1433	0	0
D4280.contig190	1415	0	0
D4280.contig191	1407	0	0
D4280.contig192	1402	69694	4173
D4280.contig193	1394	66246	3546
D4280.contig194	1392	0	0
D4280.contig195	1344	0	0
D4280.contig196	1339	0	0
D4280.contig197	1320	9165	1406
D4280.contig198	1310	0	0
D4280.contig199	1307	0	0
D4280.contig200	1292	0	0
D4280.contig201	1290	1	0
D4280.contig202	1290	0	0
D4280.contig203	1289	0	0
D4280.contig204	1279	0	0
D4280.contig205	1271	0	0
D4280.contig206	1269	0	0
D4280.contig207	1259	0	0
D4280.contig208	1258	0	0
D4280.contig209	1254	62253	11847
D4280.contig210	1253	0	0
D4280.contig211	1243	17	4
D4280.contig212	1238	186	9
D4280.contig213	1234	0	0
D4280.contig214	1218	0	0
D4280.contig215	1211	0	0
D4280.contig216	1208	103168	7582
D4280.contig217	1206	2	0
D4280.contig218	1206	0	0
D4280.contig219	1198	0	0
D4280.contig220	1175	0	0
D4280.contig221	1168	97916	9882
D4280.contig222	1164	0	0
D4280.contig223	1159	1985	279
D4280.contig224	1152	0	0
D4280.contig225	1150	0	0
D4280.contig226	1137	0	0
D4280.contig227	1136	0	0
D4280.contig228	1130	3	0
D4280.contig229	1127	0	0
D4280.contig230	1124	0	0
D4280.contig231	1123	111119	18112
D4280.contig232	1111	0	0
D4280.contig233	1107	1085	504
D4280.contig234	1099	0	0
D4280.contig235	1084	0	0
D4280.contig236	1083	0	0
D4280.contig237	1079	14187	799
D4280.contig238	1072	0	0
D4280.contig239	1038	0	0
D4280.contig240	1029	0	0
D4280.contig241	1029	0	0
D4280.contig242	1020	0	0
D4280.contig243	1013	29	12
D4280.contig244	1005	101	16
D4280.contig245	1003	0	0
D4280.contig246	1002	0	0
D4280.contig247	1001	0	0
D4280.contig248	994	0	0
D4280.contig249	991	0	0
D4280.contig250	990	0	0
D4280.contig251	984	0	0
D4280.contig252	977	0	0
D4280.contig253	972	0	0
D4280.contig254	966	0	0
D4280.contig255	965	0	0
D4280.contig256	960	0	0
D4280.contig257	958	0	0
D4280.contig258	957	0	0
D4280.contig259	952	0	0
D4280.contig260	942	131	24
D4280.contig261	939	0	0
D4280.contig262	939	0	0
D4280.contig263	935	0	0
D4280.contig264	931	0	0
D4280.contig265	929	13	5
D4280.contig266	927	0	0
D4280.contig267	926	0	0
D4280.contig268	923	0	0
D4280.contig269	920	13291	2679
D4280.contig270	915	0	0
D4280.contig271	911	0	0
D4280.contig272	907	0	0
D4280.contig273	907	0	0
D4280.contig274	906	0	0
D4280.contig275	903	0	0
D4280.contig276	897	9	6
D4280.contig277	894	0	0
D4280.contig278	890	0	0
D4280.contig279	889	0	0
D4280.contig280	889	2	2
D4280.contig281	886	0	0
D4280.contig282	885	0	0
D4280.contig283	877	0	0
D4280.contig284	877	0	0
D4280.contig285	875	63338	9886
D4280.contig286	863	5592	1691
D4280.contig287	862	0	0
D4280.contig288	858	0	0
D4280.contig289	856	631	180
D4280.contig290	853	0	0
D4280.contig291	849	43546	9024
D4280.contig292	839	0	0
D4280.contig293	836	0	0
D4280.contig294	836	0	0
D4280.contig295	836	5	1
D4280.contig296	829	6	3
D4280.contig297	823	0	0
D4280.contig298	823	0	0
D4280.contig299	822	0	0
D4280.contig300	822	0	0
D4280.contig301	816	0	0
D4280.contig302	804	0	0
D4280.contig303	802	0	0
D4280.contig304	801	0	0
D4280.contig305	799	0	0
D4280.contig306	796	366	147
D4280.contig307	793	0	0
D4280.contig308	791	0	0
D4280.contig309	791	148	34
D4280.contig310	790	0	0
D4280.contig311	781	0	0
D4280.contig312	778	0	0
D4280.contig313	774	0	0
D4280.contig314	772	0	0
D4280.contig315	765	20	10
D4280.contig316	760	6	0
D4280.contig317	755	0	0
D4280.contig318	754	0	0
D4280.contig319	753	0	0
D4280.contig320	747	0	0
D4280.contig321	741	0	0
D4280.contig322	739	6	1
D4280.contig323	737	0	0
D4280.contig324	735	0	0
D4280.contig325	732	0	0
D4280.contig326	732	0	0
D4280.contig327	731	9983	960
D4280.contig328	731	1	0
D4280.contig329	730	0	0
D4280.contig330	728	22	6
D4280.contig331	727	0	0
D4280.contig332	725	0	0
D4280.contig333	721	0	0
D4280.contig334	717	0	0
D4280.contig335	712	0	0
D4280.contig336	712	8424	92
D4280.contig337	711	6335	1825
D4280.contig338	702	0	0
D4280.contig339	701	5108	505
D4280.contig340	691	1	1
D4280.contig341	690	262427	40633
D4280.contig342	689	0	0
D4280.contig343	686	8331	1350
D4280.contig344	684	0	0
D4280.contig345	681	0	0
D4280.contig346	681	0	0
D4280.contig347	676	0	0
D4280.contig348	675	6185	746
D4280.contig349	675	0	0
D4280.contig350	673	0	0
D4280.contig351	672	0	0
D4280.contig352	669	0	0
D4280.contig353	665	0	0
D4280.contig354	661	0	0
D4280.contig355	658	0	0
D4280.contig356	657	2	0
D4280.contig357	655	0	0
D4280.contig358	649	0	0
D4280.contig359	646	0	0
D4280.contig360	645	0	0
D4280.contig361	644	0	0
D4280.contig362	644	25823	6641
D4280.contig363	643	0	0
D4280.contig364	643	0	0
D4280.contig365	642	0	0
D4280.contig366	641	0	0
D4280.contig367	639	0	0
D4280.contig368	639	0	0
D4280.contig369	638	189871	7536
D4280.contig370	638	0	0
D4280.contig371	636	0	0
D4280.contig372	636	0	0
D4280.contig373	635	0	0
D4280.contig374	632	0	0
D4280.contig375	631	0	0
D4280.contig376	630	2	0
D4280.contig377	628	0	0
D4280.contig378	628	0	0
D4280.contig379	624	76931	34973
D4280.contig380	624	0	0
D4280.contig381	623	0	0
D4280.contig382	623	0	0
D4280.contig383	622	0	0
D4280.contig384	621	2571454	1186882
D4280.contig385	620	0	0
D4280.contig386	619	1	1
D4280.contig387	617	1018	163
D4280.contig388	615	0	0
D4280.contig389	611	2969587	1463206
D4280.contig390	609	0	0
D4280.contig391	607	0	0
D4280.contig392	606	0	0
D4280.contig393	605	0	0
D4280.contig394	604	0	0
D4280.contig395	604	0	0
D4280.contig396	603	0	0
D4280.contig397	600	2623	146
D4280.contig398	600	0	0
D4280.contig399	599	30	7
D4280.contig400	595	0	0
D4280.contig401	595	0	0
D4280.contig402	593	0	0
D4280.contig403	592	0	0
D4280.contig404	590	0	0
D4280.contig405	589	0	0
D4280.contig406	588	0	0
D4280.contig407	588	0	0
D4280.contig408	586	0	0
D4280.contig409	584	0	0
D4280.contig410	584	0	0
D4280.contig411	583	3513	108
D4280.contig412	580	0	0
D4280.contig413	579	0	0
D4280.contig414	579	0	0
D4280.contig415	579	2	1
D4280.contig416	579	0	0
D4280.contig417	575	0	0
D4280.contig418	574	0	0
D4280.contig419	569	67	58
D4280.contig420	569	210	56
D4280.contig421	569	0	0
D4280.contig422	567	4	2
D4280.contig423	566	27	14
D4280.contig424	566	0	0
D4280.contig425	566	0	0
D4280.contig426	563	0	0
D4280.contig427	562	0	0
D4280.contig428	561	0	0
D4280.contig429	560	2418	1420
D4280.contig430	557	0	0
D4280.contig431	555	5	3
D4280.contig432	554	1055	358
D4280.contig433	553	0	0
D4280.contig434	552	0	0
D4280.contig435	551	57	26
D4280.contig436	549	0	0
D4280.contig437	549	0	0
D4280.contig438	549	1	1
D4280.contig439	545	0	0
D4280.contig440	543	0	0
D4280.contig441	543	3	3
D4280.contig442	541	4	4
D4280.contig443	539	1	1
D4280.contig444	539	0	0
D4280.contig445	536	0	0
D4280.contig446	536	0	0
D4280.contig447	535	36059	7281
D4280.contig448	532	0	0
D4280.contig449	531	2	2
D4280.contig450	529	0	0
D4280.contig451	528	0	0
D4280.contig452	527	0	0
D4280.contig453	527	0	0
D4280.contig454	526	0	0
D4280.contig455	526	0	0
D4280.contig456	525	0	0
D4280.contig457	522	0	0
D4280.contig458	522	23	12
D4280.contig459	522	0	0
D4280.contig460	522	0	0
D4280.contig461	520	0	0
D4280.contig462	519	7	3
D4280.contig463	517	0	0
D4280.contig464	515	0	0
D4280.contig465	515	0	0
D4280.contig466	515	0	0
D4280.contig467	514	0	0
D4280.contig468	514	10	2
D4280.contig469	512	2	2
D4280.contig470	509	0	0
D4280.contig471	505	0	0
D4280.contig472	504	2	2
D4280.contig473	500	4	2
D4280.contig474	500	0	0
D4280.contig475	497	0	0
D4280.contig476	496	559	159
D4280.contig477	491	0	0
D4280.contig478	489	0	0
D4280.contig479	487	0	0
D4280.contig480	487	0	0
D4280.contig481	486	0	0
D4280.contig482	486	0	0
D4280.contig483	486	47	4
D4280.contig484	484	0	0
D4280.contig485	484	6363	1205
D4280.contig486	482	0	0
D4280.contig487	481	23	9
D4280.contig488	481	0	0
D4280.contig489	480	0	0
D4280.contig490	479	0	0
D4280.contig491	478	0	0
D4280.contig492	477	93147	55030
D4280.contig493	477	0	0
D4280.contig494	476	0	0
D4280.contig495	474	0	0
D4280.contig496	473	0	0
D4280.contig497	471	0	0
D4280.contig498	470	0	0
D4280.contig499	470	0	0
D4280.contig500	469	0	0
D4280.contig501	468	349	162
D4280.contig502	464	0	0
D4280.contig503	464	0	0
D4280.contig504	464	0	0
D4280.contig505	464	0	0
D4280.contig506	463	0	0
D4280.contig507	462	1534	659
D4280.contig508	461	0	0
D4280.contig509	461	0	0
D4280.contig510	460	0	0
D4280.contig511	460	0	0
D4280.contig512	460	0	0
D4280.contig513	459	0	0
D4280.contig514	458	0	0
D4280.contig515	457	0	0
D4280.contig516	456	0	0
D4280.contig517	456	0	0
D4280.contig518	456	0	0
D4280.contig519	455	4127	2306
D4280.contig520	454	0	0
D4280.contig521	454	0	0
D4280.contig522	451	0	0
D4280.contig523	451	0	0
D4280.contig524	450	0	0
D4280.contig525	449	0	0
D4280.contig526	447	0	0
D4280.contig527	447	0	0
D4280.contig528	446	0	0
D4280.contig529	446	2	0
D4280.contig530	446	0	0
D4280.contig531	446	0	0
D4280.contig532	445	0	0
D4280.contig533	444	38	21
D4280.contig534	444	0	0
D4280.contig535	443	0	0
D4280.contig536	443	0	0
D4280.contig537	443	0	0
D4280.contig538	443	1	1
D4280.contig539	443	0	0
D4280.contig540	442	0	0
D4280.contig541	441	0	0
D4280.contig542	441	0	0
D4280.contig543	440	0	0
D4280.contig544	440	0	0
D4280.contig545	440	0	0
D4280.contig546	440	0	0
D4280.contig547	440	0	0
D4280.contig548	439	72	65
D4280.contig549	438	2466	1296
D4280.contig550	438	8	8
D4280.contig551	438	0	0
D4280.contig552	438	0	0
D4280.contig553	437	0	0
D4280.contig554	436	0	0
D4280.contig555	436	0	0
D4280.contig556	435	40	23
D4280.contig557	435	0	0
D4280.contig558	435	0	0
D4280.contig559	435	0	0
D4280.contig560	434	0	0
D4280.contig561	434	3	1
D4280.contig562	433	0	0
D4280.contig563	433	0	0
D4280.contig564	433	53	36
D4280.contig565	433	0	0
D4280.contig566	432	0	0
D4280.contig567	432	0	0
D4280.contig568	432	0	0
D4280.contig569	431	0	0
D4280.contig570	430	0	0
D4280.contig571	430	0	0
D4280.contig572	430	121	93
D4280.contig573	429	18	12
D4280.contig574	429	0	0
D4280.contig575	429	1686	594
D4280.contig576	429	0	0
D4280.contig577	428	10	5
D4280.contig578	427	0	0
D4280.contig579	427	0	0
D4280.contig580	426	13	2
D4280.contig581	424	0	0
D4280.contig582	423	0	0
D4280.contig583	423	0	0
D4280.contig584	423	1	1
D4280.contig585	421	0	0
D4280.contig586	421	0	0
D4280.contig587	420	0	0
D4280.contig588	418	0	0
D4280.contig589	418	0	0
D4280.contig590	418	1	1
D4280.contig591	417	4511	3041
D4280.contig592	416	0	0
D4280.contig593	416	0	0
D4280.contig594	416	0	0
D4280.contig595	415	77	17
D4280.contig596	414	0	0
D4280.contig597	414	3	3
D4280.contig598	413	0	0
D4280.contig599	412	0	0
D4280.contig600	412	0	0
D4280.contig601	412	1	1
D4280.contig602	411	0	0
D4280.contig603	410	0	0
D4280.contig604	410	25560	8145
D4280.contig605	409	0	0
D4280.contig606	409	0	0
D4280.contig607	407	0	0
D4280.contig608	406	1275	269
D4280.contig609	403	0	0
D4280.contig610	402	0	0
D4280.contig611	401	10251	6407
D4280.contig612	401	0	0
D4280.contig613	400	0	0
D4280.contig614	399	0	0
D4280.contig615	398	0	0
D4280.contig616	396	0	0
D4280.contig617	394	2	0
D4280.contig618	393	0	0
D4280.contig619	393	0	0
D4280.contig620	392	0	0
D4280.contig621	392	0	0
D4280.contig622	392	0	0
D4280.contig623	391	0	0
D4280.contig624	389	0	0
D4280.contig625	389	0	0
D4280.contig626	388	0	0
D4280.contig627	387	7	5
D4280.contig628	387	0	0
D4280.contig629	386	0	0
D4280.contig630	384	0	0
D4280.contig631	384	0	0
D4280.contig632	384	0	0
D4280.contig633	384	0	0
D4280.contig634	383	0	0
D4280.contig635	382	0	0
D4280.contig636	381	0	0
D4280.contig637	381	0	0
D4280.contig638	381	0	0
D4280.contig639	380	0	0
D4280.contig640	380	0	0
D4280.contig641	379	0	0
D4280.contig642	379	0	0
D4280.contig643	377	2	0
D4280.contig644	376	1	1
D4280.contig645	376	0	0
D4280.contig646	375	0	0
D4280.contig647	375	0	0
D4280.contig648	375	0	0
D4280.contig649	374	0	0
D4280.contig650	374	0	0
D4280.contig651	374	28	16
D4280.contig652	374	0	0
D4280.contig653	373	0	0
D4280.contig654	373	0	0
D4280.contig655	373	18318	1053
D4280.contig656	373	0	0
D4280.contig657	371	0	0
D4280.contig658	370	0	0
D4280.contig659	370	0	0
D4280.contig660	370	0	0
D4280.contig661	370	0	0
D4280.contig662	369	2573	1577
D4280.contig663	369	0	0
D4280.contig664	368	0	0
D4280.contig665	368	24	12
D4280.contig666	367	0	0
D4280.contig667	367	0	0
D4280.contig668	367	0	0
D4280.contig669	366	0	0
D4280.contig670	366	0	0
D4280.contig671	366	7	2
D4280.contig672	365	0	0
D4280.contig673	365	1	1
D4280.contig674	365	0	0
D4280.contig675	364	0	0
D4280.contig676	364	0	0
D4280.contig677	361	0	0
D4280.contig678	361	0	0
D4280.contig679	359	0	0
D4280.contig680	357	0	0
D4280.contig681	357	0	0
D4280.contig682	356	3047	20
D4280.contig683	356	0	0
D4280.contig684	356	0	0
D4280.contig685	356	0	0
D4280.contig686	355	0	0
D4280.contig687	354	0	0
D4280.contig688	354	0	0
D4280.contig689	354	0	0
D4280.contig690	353	0	0
D4280.contig691	353	0	0
D4280.contig692	353	0	0
D4280.contig693	352	1	1
D4280.contig694	352	0	0
D4280.contig695	352	0	0
D4280.contig696	351	0	0
D4280.contig697	351	0	0
D4280.contig698	351	0	0
D4280.contig699	350	1367	912
D4280.contig700	349	0	0
D4280.contig701	349	0	0
D4280.contig702	348	0	0
D4280.contig703	348	0	0
D4280.contig704	348	0	0
D4280.contig705	348	4	1
D4280.contig706	348	0	0
D4280.contig707	347	5	3
D4280.contig708	347	0	0
D4280.contig709	347	0	0
D4280.contig710	347	882718	520548
D4280.contig711	347	0	0
D4280.contig712	346	0	0
D4280.contig713	345	331299	210042
D4280.contig714	345	11	7
D4280.contig715	345	0	0
D4280.contig716	344	0	0
D4280.contig717	344	0	0
D4280.contig718	344	0	0
D4280.contig719	341	0	0
D4280.contig720	341	0	0
D4280.contig721	340	0	0
D4280.contig722	340	172	138
D4280.contig723	340	892	427
D4280.contig724	340	0	0
D4280.contig725	338	0	0
D4280.contig726	338	0	0
D4280.contig727	338	0	0
D4280.contig728	338	0	0
D4280.contig729	338	0	0
D4280.contig730	338	118	6
D4280.contig731	338	0	0
D4280.contig732	337	0	0
D4280.contig733	337	2776	1565
D4280.contig734	336	49772	32130
D4280.contig735	336	0	0
D4280.contig736	335	0	0
D4280.contig737	334	1	1
D4280.contig738	334	0	0
D4280.contig739	333	0	0
D4280.contig740	333	2	0
D4280.contig741	333	0	0
D4280.contig742	332	0	0
D4280.contig743	331	0	0
D4280.contig744	331	0	0
D4280.contig745	331	0	0
D4280.contig746	331	0	0
D4280.contig747	331	0	0
D4280.contig748	330	0	0
D4280.contig749	330	0	0
D4280.contig750	329	0	0
D4280.contig751	329	0	0
D4280.contig752	329	1	1
D4280.contig753	328	0	0
D4280.contig754	327	3	3
D4280.contig755	327	0	0
D4280.contig756	327	13	3
D4280.contig757	326	7286	4146
D4280.contig758	326	0	0
D4280.contig759	326	733591	466348
D4280.contig760	325	0	0
D4280.contig761	325	0	0
D4280.contig762	324	23	15
D4280.contig763	323	0	0
D4280.contig764	321	1	1
D4280.contig765	321	0	0
D4280.contig766	321	0	0
D4280.contig767	320	15688	9410
D4280.contig768	320	0	0
D4280.contig769	318	0	0
D4280.contig770	318	0	0
D4280.contig771	318	13	9
D4280.contig772	318	0	0
D4280.contig773	317	0	0
D4280.contig774	317	0	0
D4280.contig775	316	1170	894
D4280.contig776	315	0	0
D4280.contig777	315	0	0
D4280.contig778	314	5	0
D4280.contig779	314	0	0
D4280.contig780	313	0	0
D4280.contig781	313	2	0
D4280.contig782	313	0	0
D4280.contig783	313	28458	8614
D4280.contig784	313	0	0
D4280.contig785	312	0	0
D4280.contig786	312	0	0
D4280.contig787	311	0	0
D4280.contig788	310	0	0
D4280.contig789	309	0	0
D4280.contig790	309	129	105
D4280.contig791	309	0	0
D4280.contig792	308	6	5
D4280.contig793	307	3	2
D4280.contig794	307	55	35
D4280.contig795	307	0	0
D4280.contig796	307	0	0
D4280.contig797	307	0	0
D4280.contig798	307	0	0
D4280.contig799	306	0	0
D4280.contig800	306	0	0
D4280.contig801	306	0	0
D4280.contig802	306	8	6
D4280.contig803	304	1	1
D4280.contig804	304	9	7
D4280.contig805	303	0	0
D4280.contig806	303	0	0
D4280.contig807	303	1	1
D4280.contig808	302	0	0
D4280.contig809	302	0	0
D4280.contig810	301	0	0
D4280.contig811	301	87	49
D4280.contig812	300	0	0
D4280.contig813	300	0	0
D4280.contig814	300	0	0
*	0	0	85187872
