D4281.contig1	54929	20506	399
D4281.contig2	43382	74173	1437
D4281.contig3	43272	2135766	57056
D4281.contig4	40313	93047	1531
D4281.contig5	38988	102261	2349
D4281.contig6	34076	5085902	147137
D4281.contig7	26146	5598	137
D4281.contig8	25120	82582	1547
D4281.contig9	20851	6499	175
D4281.contig10	19706	35967	578
D4281.contig11	18911	3959	138
D4281.contig12	18547	45633	802
D4281.contig13	17614	55767	981
D4281.contig14	16616	3241	47
D4281.contig15	15947	45694	800
D4281.contig16	14857	2287	37
D4281.contig17	14763	4631	133
D4281.contig18	14047	1583	35
D4281.contig19	13417	3012	75
D4281.contig20	13270	3902	136
D4281.contig21	12830	35950	823
D4281.contig22	12382	5058	177
D4281.contig23	12232	2055	41
D4281.contig24	10660	1690	44
D4281.contig25	9581	1411	32
D4281.contig26	9475	987	21
D4281.contig27	9041	2267	39
D4281.contig28	8411	778	13
D4281.contig29	8023	2452	78
D4281.contig30	7996	884	24
D4281.contig31	7883	2366	37
D4281.contig32	7797	1929	64
D4281.contig33	7678	1297	23
D4281.contig34	7647	5088	90
D4281.contig35	7624	1647	65
D4281.contig36	7141	9342	221
D4281.contig37	7025	2495	83
D4281.contig38	6738	740	43
D4281.contig39	6215	1466	18
D4281.contig40	6130	550	16
D4281.contig41	6123	11660	152
D4281.contig42	6100	812	35
D4281.contig43	6071	134788	2872
D4281.contig44	6002	628	15
D4281.contig45	5985	642	13
D4281.contig46	5896	1191	43
D4281.contig47	5845	518	15
D4281.contig48	5752	981	30
D4281.contig49	5732	826	13
D4281.contig50	5700	618	28
D4281.contig51	5476	64020	494
D4281.contig52	5375	775	27
D4281.contig53	5166	679	16
D4281.contig54	5144	562	18
D4281.contig55	4921	574	24
D4281.contig56	4863	12980	178
D4281.contig57	4773	12521	317
D4281.contig58	4724	19735	278
D4281.contig59	4622	535	19
D4281.contig60	4518	517	18
D4281.contig61	4458	4897	46
D4281.contig62	4313	933	31
D4281.contig63	4228	6655	58
D4281.contig64	4179	380	32
D4281.contig65	4157	496	25
D4281.contig66	4081	1303	15
D4281.contig67	4015	421	22
D4281.contig68	3880	227	10
D4281.contig69	3771	1671	34
D4281.contig70	3738	21887	295
D4281.contig71	3569	434	24
D4281.contig72	3444	6267	31
D4281.contig73	3394	391	9
D4281.contig74	3300	342	12
D4281.contig75	3281	541	11
D4281.contig76	3220	190	15
D4281.contig77	3214	339	8
D4281.contig78	3150	2109	58
D4281.contig79	3073	419	10
D4281.contig80	2995	215	18
D4281.contig81	2979	242	14
D4281.contig82	2977	288	2
D4281.contig83	2954	2403	33
D4281.contig84	2896	185	10
D4281.contig85	2866	250	13
D4281.contig86	2853	235	21
D4281.contig87	2846	242	15
D4281.contig88	2819	213	7
D4281.contig89	2793	209	6
D4281.contig90	2793	267	13
D4281.contig91	2791	851	17
D4281.contig92	2770	820	19
D4281.contig93	2764	247	6
D4281.contig94	2688	576	13
D4281.contig95	2684	258	16
D4281.contig96	2682	785	16
D4281.contig97	2678	225	19
D4281.contig98	2584	1816	16
D4281.contig99	2530	263	3
D4281.contig100	2455	192	9
D4281.contig101	2455	281	15
D4281.contig102	2425	254	9
D4281.contig103	2399	300	5
D4281.contig104	2390	185	15
D4281.contig105	2371	74085	1520
D4281.contig106	2305	151	9
D4281.contig107	2257	238	7
D4281.contig108	2247	105	13
D4281.contig109	2245	203	14
D4281.contig110	2172	174	5
D4281.contig111	2171	338	13
D4281.contig112	2144	1612	31
D4281.contig113	2144	359	7
D4281.contig114	2102	174	7
D4281.contig115	2089	373	1
D4281.contig116	2087	174	19
D4281.contig117	2085	198	13
D4281.contig118	2084	147	5
D4281.contig119	2073	223	7
D4281.contig120	2062	380	15
D4281.contig121	2057	14776	82
D4281.contig122	2051	152	16
D4281.contig123	2004	283	5
D4281.contig124	1980	160	13
D4281.contig125	1976	170	12
D4281.contig126	1939	210	9
D4281.contig127	1938	94	6
D4281.contig128	1913	199	6
D4281.contig129	1880	225	8
D4281.contig130	1861	115	10
D4281.contig131	1856	183	6
D4281.contig132	1837	301	15
D4281.contig133	1808	114	10
D4281.contig134	1787	157	7
D4281.contig135	1785	99	8
D4281.contig136	1771	153	10
D4281.contig137	1770	120	15
D4281.contig138	1765	145	9
D4281.contig139	1726	106	6
D4281.contig140	1718	111	17
D4281.contig141	1698	136	16
D4281.contig142	1697	217	8
D4281.contig143	1697	106	10
D4281.contig144	1696	89	17
D4281.contig145	1671	151	5
D4281.contig146	1661	183	5
D4281.contig147	1656	120	3
D4281.contig148	1653	66	10
D4281.contig149	1647	56416	414
D4281.contig150	1633	147	7
D4281.contig151	1625	227	14
D4281.contig152	1617	5436	44
D4281.contig153	1616	91	6
D4281.contig154	1604	126	6
D4281.contig155	1602	130	16
D4281.contig156	1596	86	7
D4281.contig157	1594	174	9
D4281.contig158	1578	117	10
D4281.contig159	1576	75	12
D4281.contig160	1554	87	8
D4281.contig161	1552	99	6
D4281.contig162	1550	166	6
D4281.contig163	1532	125	4
D4281.contig164	1531	102	5
D4281.contig165	1522	93	8
D4281.contig166	1520	92	4
D4281.contig167	1518	129	14
D4281.contig168	1513	131	5
D4281.contig169	1513	127	7
D4281.contig170	1502	126	9
D4281.contig171	1478	88	5
D4281.contig172	1477	130	9
D4281.contig173	1472	110	7
D4281.contig174	1468	127	1
D4281.contig175	1449	85	5
D4281.contig176	1448	78	10
D4281.contig177	1439	93	8
D4281.contig178	1431	118	3
D4281.contig179	1420	70	7
D4281.contig180	1407	73	12
D4281.contig181	1399	81	11
D4281.contig182	1393	75	16
D4281.contig183	1392	155	15
D4281.contig184	1385	138	27
D4281.contig185	1383	90	8
D4281.contig186	1374	131	6
D4281.contig187	1374	69	11
D4281.contig188	1360	81	15
D4281.contig189	1356	86	14
D4281.contig190	1352	78	10
D4281.contig191	1350	75	14
D4281.contig192	1348	90	10
D4281.contig193	1345	113	5
D4281.contig194	1344	84	9
D4281.contig195	1338	54	6
D4281.contig196	1336	67	4
D4281.contig197	1331	131	5
D4281.contig198	1326	204	15
D4281.contig199	1323	75	11
D4281.contig200	1319	128	5
D4281.contig201	1315	111	14
D4281.contig202	1312	101	8
D4281.contig203	1300	82	13
D4281.contig204	1288	114	3
D4281.contig205	1286	69	13
D4281.contig206	1285	60	8
D4281.contig207	1281	49	11
D4281.contig208	1262	94	3
D4281.contig209	1261	340	9
D4281.contig210	1259	50	15
D4281.contig211	1259	43	8
D4281.contig212	1256	103	7
D4281.contig213	1256	69	10
D4281.contig214	1245	87	12
D4281.contig215	1243	98	8
D4281.contig216	1234	65	9
D4281.contig217	1230	86	19
D4281.contig218	1230	102	14
D4281.contig219	1226	119	2
D4281.contig220	1224	89	10
D4281.contig221	1214	164	10
D4281.contig222	1210	67	6
D4281.contig223	1206	58	9
D4281.contig224	1201	71	6
D4281.contig225	1193	94	9
D4281.contig226	1190	88	10
D4281.contig227	1185	86	5
D4281.contig228	1176	62	6
D4281.contig229	1171	99	15
D4281.contig230	1171	65	7
D4281.contig231	1166	79	11
D4281.contig232	1165	82	17
D4281.contig233	1158	102	10
D4281.contig234	1158	51	11
D4281.contig235	1154	56	5
D4281.contig236	1151	60	6
D4281.contig237	1143	94	4
D4281.contig238	1141	81	6
D4281.contig239	1133	59	7
D4281.contig240	1122	63	11
D4281.contig241	1114	54	14
D4281.contig242	1114	65	9
D4281.contig243	1109	55	4
D4281.contig244	1109	125	6
D4281.contig245	1106	67	1
D4281.contig246	1106	42	7
D4281.contig247	1102	79	9
D4281.contig248	1090	83	6
D4281.contig249	1086	60	5
D4281.contig250	1079	111	11
D4281.contig251	1075	40	7
D4281.contig252	1071	91	9
D4281.contig253	1057	59	2
D4281.contig254	1057	53	16
D4281.contig255	1056	47	5
D4281.contig256	1051	86	7
D4281.contig257	1051	210	7
D4281.contig258	1050	63	11
D4281.contig259	1041	72	5
D4281.contig260	1033	53	17
D4281.contig261	1026	98	13
D4281.contig262	1025	56	7
D4281.contig263	1024	61	7
D4281.contig264	1020	37	7
D4281.contig265	1017	72	13
D4281.contig266	1013	80	9
D4281.contig267	1000	56	8
D4281.contig268	990	46	4
D4281.contig269	987	85	7
D4281.contig270	986	56	14
D4281.contig271	986	64	3
D4281.contig272	985	78	11
D4281.contig273	985	87	9
D4281.contig274	983	48	8
D4281.contig275	982	65	10
D4281.contig276	975	44	7
D4281.contig277	975	45	3
D4281.contig278	975	600	17
D4281.contig279	975	64	15
D4281.contig280	966	58	14
D4281.contig281	964	41	13
D4281.contig282	963	36	10
D4281.contig283	962	52	7
D4281.contig284	960	61	8
D4281.contig285	959	53	12
D4281.contig286	958	66	15
D4281.contig287	957	27	1
D4281.contig288	956	55	15
D4281.contig289	953	70	8
D4281.contig290	951	75	10
D4281.contig291	951	41	7
D4281.contig292	949	68	9
D4281.contig293	947	49	14
D4281.contig294	940	42	1
D4281.contig295	938	70	7
D4281.contig296	937	30	6
D4281.contig297	937	65	7
D4281.contig298	931	49	9
D4281.contig299	931	58	4
D4281.contig300	930	42	12
D4281.contig301	927	97	11
D4281.contig302	926	872	116
D4281.contig303	925	41	7
D4281.contig304	924	74	9
D4281.contig305	919	79	10
D4281.contig306	918	81	18
D4281.contig307	918	51	11
D4281.contig308	911	93	7
D4281.contig309	909	44	3
D4281.contig310	907	73	9
D4281.contig311	903	32	6
D4281.contig312	896	87	7
D4281.contig313	891	104045	2789
D4281.contig314	889	48	11
D4281.contig315	884	116	8
D4281.contig316	883	31	11
D4281.contig317	883	50	11
D4281.contig318	880	24	6
D4281.contig319	879	135	6
D4281.contig320	877	72	3
D4281.contig321	875	58	7
D4281.contig322	874	46	3
D4281.contig323	874	31	11
D4281.contig324	874	55	6
D4281.contig325	872	40	7
D4281.contig326	870	38	8
D4281.contig327	868	61	11
D4281.contig328	866	76	6
D4281.contig329	863	40	12
D4281.contig330	859	55	11
D4281.contig331	853	56	2
D4281.contig332	850	54	11
D4281.contig333	849	55	6
D4281.contig334	844	42	13
D4281.contig335	844	74	12
D4281.contig336	841	36	3
D4281.contig337	839	64	6
D4281.contig338	837	49	2
D4281.contig339	835	35	9
D4281.contig340	835	29	5
D4281.contig341	833	34	11
D4281.contig342	831	36	10
D4281.contig343	830	60	10
D4281.contig344	828	51	2
D4281.contig345	827	61	6
D4281.contig346	825	22	8
D4281.contig347	825	30	4
D4281.contig348	823	33	6
D4281.contig349	822	62	10
D4281.contig350	820	30	9
D4281.contig351	820	72	13
D4281.contig352	817	48	2
D4281.contig353	816	74	10
D4281.contig354	812	35	6
D4281.contig355	812	65	11
D4281.contig356	808	35	8
D4281.contig357	805	42	10
D4281.contig358	803	40	12
D4281.contig359	801	30	6
D4281.contig360	798	31	8
D4281.contig361	797	42	13
D4281.contig362	796	39	11
D4281.contig363	793	44	12
D4281.contig364	792	56	12
D4281.contig365	787	74	8
D4281.contig366	787	32	12
D4281.contig367	786	53	6
D4281.contig368	785	68	20
D4281.contig369	784	74	3
D4281.contig370	783	40	8
D4281.contig371	780	64	3
D4281.contig372	780	34	10
D4281.contig373	772	47	6
D4281.contig374	769	40	8
D4281.contig375	768	43	6
D4281.contig376	767	48	10
D4281.contig377	766	32	8
D4281.contig378	764	29	11
D4281.contig379	764	36	4
D4281.contig380	760	37	2
D4281.contig381	760	32	7
D4281.contig382	759	23	4
D4281.contig383	757	59	7
D4281.contig384	757	44	5
D4281.contig385	755	57	4
D4281.contig386	754	164	17
D4281.contig387	754	23	5
D4281.contig388	751	36	3
D4281.contig389	751	32	6
D4281.contig390	748	38	14
D4281.contig391	748	79	17
D4281.contig392	747	39	5
D4281.contig393	746	42	10
D4281.contig394	746	25	13
D4281.contig395	745	48	7
D4281.contig396	745	27	3
D4281.contig397	744	18	8
D4281.contig398	743	21	3
D4281.contig399	742	40	5
D4281.contig400	741	25	8
D4281.contig401	740	31	7
D4281.contig402	738	32	7
D4281.contig403	737	23	11
D4281.contig404	735	24	11
D4281.contig405	735	37	14
D4281.contig406	734	27	8
D4281.contig407	734	48	3
D4281.contig408	730	45	4
D4281.contig409	729	35	8
D4281.contig410	728	59	2
D4281.contig411	727	29	10
D4281.contig412	726	44	7
D4281.contig413	726	27	15
D4281.contig414	724	33	5
D4281.contig415	724	45	11
D4281.contig416	722	46	12
D4281.contig417	719	26372	2002
D4281.contig418	719	42	9
D4281.contig419	718	43	8
D4281.contig420	718	46	18
D4281.contig421	717	28	5
D4281.contig422	716	20	12
D4281.contig423	715	53	7
D4281.contig424	715	46	8
D4281.contig425	713	37	2
D4281.contig426	713	18	12
D4281.contig427	713	30	0
D4281.contig428	711	30	9
D4281.contig429	707	32	12
D4281.contig430	707	45	3
D4281.contig431	702	31	9
D4281.contig432	700	349	141
D4281.contig433	699	29	5
D4281.contig434	697	24	4
D4281.contig435	695	36	2
D4281.contig436	694	51	4
D4281.contig437	692	48	5
D4281.contig438	690	42	13
D4281.contig439	690	27	13
D4281.contig440	689	30	12
D4281.contig441	689	36	5
D4281.contig442	687	41	4
D4281.contig443	687	21	5
D4281.contig444	687	35	6
D4281.contig445	687	22	11
D4281.contig446	685	42	12
D4281.contig447	685	38	3
D4281.contig448	682	33	7
D4281.contig449	680	20	11
D4281.contig450	678	27	4
D4281.contig451	678	35	12
D4281.contig452	677	42	9
D4281.contig453	674	21	8
D4281.contig454	672	24	9
D4281.contig455	670	24	16
D4281.contig456	668	27	9
D4281.contig457	665	41	3
D4281.contig458	665	42	9
D4281.contig459	664	20	4
D4281.contig460	664	25	3
D4281.contig461	664	20	10
D4281.contig462	663	49	7
D4281.contig463	661	30	10
D4281.contig464	661	37	6
D4281.contig465	658	46	13
D4281.contig466	657	21	6
D4281.contig467	655	34	8
D4281.contig468	655	28	9
D4281.contig469	652	42	3
D4281.contig470	650	32	5
D4281.contig471	650	30	9
D4281.contig472	650	28	8
D4281.contig473	649	34	7
D4281.contig474	646	30	2
D4281.contig475	646	36	15
D4281.contig476	644	43	4
D4281.contig477	643	47	11
D4281.contig478	639	33	8
D4281.contig479	639	36	10
D4281.contig480	636	27	13
D4281.contig481	630	33	14
D4281.contig482	630	20	4
D4281.contig483	629	30	2
D4281.contig484	629	19	5
D4281.contig485	628	40	7
D4281.contig486	628	26	8
D4281.contig487	628	21	4
D4281.contig488	626	31	11
D4281.contig489	626	32	6
D4281.contig490	625	25	6
D4281.contig491	625	61	1
D4281.contig492	625	24	16
D4281.contig493	625	24	6
D4281.contig494	624	45	5
D4281.contig495	623	31	3
D4281.contig496	622	17	11
D4281.contig497	621	17	4
D4281.contig498	621	30	5
D4281.contig499	621	21	7
D4281.contig500	620	56	7
D4281.contig501	619	36	6
D4281.contig502	619	34	8
D4281.contig503	619	22	8
D4281.contig504	619	21	12
D4281.contig505	618	23	5
D4281.contig506	617	27	10
D4281.contig507	616	30	10
D4281.contig508	616	28	7
D4281.contig509	615	42	11
D4281.contig510	614	31	4
D4281.contig511	614	17	0
D4281.contig512	613	33	16
D4281.contig513	613	22	10
D4281.contig514	613	55	4
D4281.contig515	613	28	10
D4281.contig516	612	25	8
D4281.contig517	612	18	8
D4281.contig518	611	40	6
D4281.contig519	611	39	4
D4281.contig520	611	28	10
D4281.contig521	610	31	9
D4281.contig522	609	23	3
D4281.contig523	609	28	5
D4281.contig524	608	33	11
D4281.contig525	607	39	6
D4281.contig526	605	32	8
D4281.contig527	605	16	5
D4281.contig528	604	25	6
D4281.contig529	603	25	7
D4281.contig530	602	50	7
D4281.contig531	601	17	5
D4281.contig532	601	31	4
D4281.contig533	601	29	5
D4281.contig534	601	57	6
D4281.contig535	599	14	4
D4281.contig536	597	96	5
D4281.contig537	593	23	21
D4281.contig538	593	24	10
D4281.contig539	592	28	12
D4281.contig540	592	35	5
D4281.contig541	589	17	11
D4281.contig542	586	12	8
D4281.contig543	585	37	8
D4281.contig544	585	32	0
D4281.contig545	585	29	9
D4281.contig546	582	39	11
D4281.contig547	582	27	5
D4281.contig548	582	14	4
D4281.contig549	582	49	7
D4281.contig550	579	46	5
D4281.contig551	579	23	12
D4281.contig552	578	27	4
D4281.contig553	577	18	8
D4281.contig554	577	20	7
D4281.contig555	577	18	10
D4281.contig556	576	31	6
D4281.contig557	576	16	7
D4281.contig558	575	26	15
D4281.contig559	575	29	6
D4281.contig560	575	19	5
D4281.contig561	572	24	9
D4281.contig562	571	26	14
D4281.contig563	570	20	7
D4281.contig564	569	20	4
D4281.contig565	569	31	3
D4281.contig566	569	23	10
D4281.contig567	568	24	5
D4281.contig568	566	12	12
D4281.contig569	565	31	4
D4281.contig570	564	17	7
D4281.contig571	564	36	7
D4281.contig572	563	25	11
D4281.contig573	563	23	6
D4281.contig574	562	47	15
D4281.contig575	562	26	2
D4281.contig576	561	31	4
D4281.contig577	560	30	6
D4281.contig578	559	35	1
D4281.contig579	558	26	14
D4281.contig580	558	24	9
D4281.contig581	557	18	14
D4281.contig582	556	48	6
D4281.contig583	556	24	8
D4281.contig584	556	27	4
D4281.contig585	556	25	9
D4281.contig586	555	45	3
D4281.contig587	555	27	3
D4281.contig588	553	25	6
D4281.contig589	553	18	5
D4281.contig590	552	17	7
D4281.contig591	549	50	4
D4281.contig592	549	17	5
D4281.contig593	549	22	1
D4281.contig594	549	27	10
D4281.contig595	548	20	8
D4281.contig596	548	18	9
D4281.contig597	547	18	6
D4281.contig598	547	23	10
D4281.contig599	547	18	3
D4281.contig600	546	22	5
D4281.contig601	546	35	2
D4281.contig602	545	29	11
D4281.contig603	542	13	6
D4281.contig604	541	29	12
D4281.contig605	540	17	4
D4281.contig606	539	31	5
D4281.contig607	535	25	5
D4281.contig608	535	16	5
D4281.contig609	535	27	7
D4281.contig610	534	22	9
D4281.contig611	534	15	10
D4281.contig612	534	19	6
D4281.contig613	534	46	5
D4281.contig614	534	15	5
D4281.contig615	533	32	1
D4281.contig616	533	31	7
D4281.contig617	532	20	9
D4281.contig618	532	29	11
D4281.contig619	530	19	8
D4281.contig620	530	19	7
D4281.contig621	530	21	2
D4281.contig622	529	23	15
D4281.contig623	529	15	5
D4281.contig624	528	26	11
D4281.contig625	528	30	4
D4281.contig626	528	21	4
D4281.contig627	527	17	8
D4281.contig628	526	18	6
D4281.contig629	526	26	10
D4281.contig630	526	17	4
D4281.contig631	526	16	5
D4281.contig632	525	19	6
D4281.contig633	524	12	10
D4281.contig634	524	30	11
D4281.contig635	524	21	7
D4281.contig636	522	21	9
D4281.contig637	522	26	9
D4281.contig638	521	24	11
D4281.contig639	521	17	7
D4281.contig640	520	24	8
D4281.contig641	520	46	11
D4281.contig642	519	19	10
D4281.contig643	518	13	7
D4281.contig644	518	22	10
D4281.contig645	517	13	5
D4281.contig646	516	30	4
D4281.contig647	513	17	11
D4281.contig648	513	34	8
D4281.contig649	512	11	6
D4281.contig650	511	30	16
D4281.contig651	511	21	7
D4281.contig652	511	13	3
D4281.contig653	510	15	4
D4281.contig654	510	27	9
D4281.contig655	510	23	5
D4281.contig656	510	8	4
D4281.contig657	509	25	2
D4281.contig658	509	41	6
D4281.contig659	509	11	9
D4281.contig660	508	12	6
D4281.contig661	508	28	12
D4281.contig662	508	20	14
D4281.contig663	508	24	8
D4281.contig664	507	18	2
D4281.contig665	506	23	5
D4281.contig666	506	16	8
D4281.contig667	505	37	3
D4281.contig668	505	20	8
D4281.contig669	504	18	8
D4281.contig670	503	12	4
D4281.contig671	503	23	12
D4281.contig672	503	27	4
D4281.contig673	503	32	3
D4281.contig674	503	19	8
D4281.contig675	502	15	6
D4281.contig676	501	17	1
D4281.contig677	501	23	9
D4281.contig678	500	23	8
D4281.contig679	500	17	6
D4281.contig680	500	11	5
D4281.contig681	499	50	3
D4281.contig682	498	10	4
D4281.contig683	497	12	7
D4281.contig684	496	21	15
D4281.contig685	495	18	6
D4281.contig686	494	12	4
D4281.contig687	494	20	7
D4281.contig688	494	26	11
D4281.contig689	494	10	4
D4281.contig690	494	16	8
D4281.contig691	493	21	15
D4281.contig692	493	9	3
D4281.contig693	493	26	12
D4281.contig694	492	17	8
D4281.contig695	492	21	5
D4281.contig696	489	33	7
D4281.contig697	489	19	8
D4281.contig698	489	22	4
D4281.contig699	489	28	6
D4281.contig700	488	19	5
D4281.contig701	488	23	2
D4281.contig702	488	20	7
D4281.contig703	486	29	6
D4281.contig704	486	18	8
D4281.contig705	486	18	4
D4281.contig706	486	19	9
D4281.contig707	485	17	7
D4281.contig708	485	20	7
D4281.contig709	484	25	6
D4281.contig710	484	24	3
D4281.contig711	483	21	7
D4281.contig712	481	12	4
D4281.contig713	480	21	10
D4281.contig714	480	11	9
D4281.contig715	480	22	6
D4281.contig716	480	40	1
D4281.contig717	477	19	9
D4281.contig718	477	13	3
D4281.contig719	477	15	7
D4281.contig720	477	22	2
D4281.contig721	476	22	7
D4281.contig722	476	19	9
D4281.contig723	475	16	5
D4281.contig724	475	18	10
D4281.contig725	474	15	6
D4281.contig726	474	13	7
D4281.contig727	474	22	8
D4281.contig728	473	25	4
D4281.contig729	473	31	6
D4281.contig730	473	12	6
D4281.contig731	472	22	4
D4281.contig732	472	20	10
D4281.contig733	471	17	9
D4281.contig734	471	15	9
D4281.contig735	470	18	7
D4281.contig736	470	20	9
D4281.contig737	470	28	11
D4281.contig738	470	18	6
D4281.contig739	469	15	5
D4281.contig740	468	27	1
D4281.contig741	467	17	9
D4281.contig742	466	24	5
D4281.contig743	466	23	9
D4281.contig744	465	14	4
D4281.contig745	465	22	8
D4281.contig746	465	14	8
D4281.contig747	464	19	2
D4281.contig748	464	19	4
D4281.contig749	463	20	8
D4281.contig750	463	13	3
D4281.contig751	463	9	7
D4281.contig752	463	15	9
D4281.contig753	463	16	10
D4281.contig754	462	18	6
D4281.contig755	462	24	2
D4281.contig756	460	27	1
D4281.contig757	458	15	7
D4281.contig758	458	23	3
D4281.contig759	458	9	5
D4281.contig760	458	10	6
D4281.contig761	458	30	3
D4281.contig762	458	20	8
D4281.contig763	457	20	7
D4281.contig764	457	11	5
D4281.contig765	456	10	7
D4281.contig766	456	18	7
D4281.contig767	455	27	10
D4281.contig768	455	16	8
D4281.contig769	455	11	5
D4281.contig770	454	26	4
D4281.contig771	454	18	10
D4281.contig772	454	29	4
D4281.contig773	454	12	4
D4281.contig774	453	23	6
D4281.contig775	453	8	4
D4281.contig776	453	14	8
D4281.contig777	453	12	8
D4281.contig778	452	22	6
D4281.contig779	452	10	5
D4281.contig780	450	18	8
D4281.contig781	450	14	5
D4281.contig782	450	13	9
D4281.contig783	450	18	8
D4281.contig784	450	12	2
D4281.contig785	449	9	5
D4281.contig786	449	14	9
D4281.contig787	448	9	7
D4281.contig788	448	12	7
D4281.contig789	448	24	2
D4281.contig790	448	10	4
D4281.contig791	448	16	9
D4281.contig792	447	17	5
D4281.contig793	446	13	7
D4281.contig794	445	14	4
D4281.contig795	445	15	7
D4281.contig796	445	22	5
D4281.contig797	444	18	12
D4281.contig798	444	19	4
D4281.contig799	443	12	6
D4281.contig800	443	25	5
D4281.contig801	442	23	9
D4281.contig802	442	10	8
D4281.contig803	442	15	8
D4281.contig804	442	14	4
D4281.contig805	441	11	5
D4281.contig806	441	25	1
D4281.contig807	441	13	10
D4281.contig808	441	20	4
D4281.contig809	440	30	13
D4281.contig810	440	11	7
D4281.contig811	440	10	3
D4281.contig812	439	18	4
D4281.contig813	439	9	7
D4281.contig814	439	20	1
D4281.contig815	439	14	7
D4281.contig816	438	11	5
D4281.contig817	438	20	12
D4281.contig818	437	22	8
D4281.contig819	437	12	2
D4281.contig820	435	22	3
D4281.contig821	435	14	6
D4281.contig822	435	13	13
D4281.contig823	435	6	6
D4281.contig824	434	9	9
D4281.contig825	433	22	7
D4281.contig826	433	30	2
D4281.contig827	433	14	2
D4281.contig828	432	15	5
D4281.contig829	432	16	2
D4281.contig830	432	23	5
D4281.contig831	431	15	6
D4281.contig832	430	23	3
D4281.contig833	430	8	6
D4281.contig834	430	14	6
D4281.contig835	430	21	4
D4281.contig836	429	17	4
D4281.contig837	429	30	6
D4281.contig838	429	13	4
D4281.contig839	429	18	8
D4281.contig840	429	12	2
D4281.contig841	429	6	6
D4281.contig842	428	16	11
D4281.contig843	428	11	2
D4281.contig844	428	17	5
D4281.contig845	428	15	10
D4281.contig846	427	7	3
D4281.contig847	427	15	6
D4281.contig848	427	12	8
D4281.contig849	427	15	15
D4281.contig850	426	28	2
D4281.contig851	426	14	5
D4281.contig852	426	14	7
D4281.contig853	425	19	5
D4281.contig854	425	21	4
D4281.contig855	425	12	6
D4281.contig856	423	18	6
D4281.contig857	423	26	3
D4281.contig858	423	19	4
D4281.contig859	423	22	8
D4281.contig860	422	15	8
D4281.contig861	421	11	3
D4281.contig862	421	22	8
D4281.contig863	421	18	11
D4281.contig864	421	12	4
D4281.contig865	421	10	6
D4281.contig866	420	9	6
D4281.contig867	420	8	8
D4281.contig868	419	10	9
D4281.contig869	419	16	6
D4281.contig870	419	12	6
D4281.contig871	418	21	5
D4281.contig872	418	21	6
D4281.contig873	418	21	7
D4281.contig874	417	10	8
D4281.contig875	414	13	10
D4281.contig876	413	18	10
D4281.contig877	413	40	0
D4281.contig878	413	23	9
D4281.contig879	413	16	4
D4281.contig880	413	27	9
D4281.contig881	412	19	4
D4281.contig882	412	18	2
D4281.contig883	412	28	8
D4281.contig884	411	19	6
D4281.contig885	411	19	4
D4281.contig886	411	19	8
D4281.contig887	410	9	5
D4281.contig888	409	20	8
D4281.contig889	409	18	14
D4281.contig890	408	10	4
D4281.contig891	408	19	4
D4281.contig892	408	16	9
D4281.contig893	407	7	7
D4281.contig894	406	13	5
D4281.contig895	405	19	8
D4281.contig896	405	19	4
D4281.contig897	405	14	6
D4281.contig898	405	16	8
D4281.contig899	404	12	9
D4281.contig900	404	11	9
D4281.contig901	403	12	8
D4281.contig902	403	11	7
D4281.contig903	403	4	4
D4281.contig904	403	18	3
D4281.contig905	402	17	7
D4281.contig906	402	21	0
D4281.contig907	402	16	2
D4281.contig908	402	9	5
D4281.contig909	401	12	4
D4281.contig910	401	10	8
D4281.contig911	401	34	3
D4281.contig912	401	8	4
D4281.contig913	400	9	9
D4281.contig914	400	16	8
D4281.contig915	400	14	5
D4281.contig916	399	19	9
D4281.contig917	398	17	8
D4281.contig918	398	8	5
D4281.contig919	398	18	6
D4281.contig920	398	10	2
D4281.contig921	398	5	1
D4281.contig922	398	13	6
D4281.contig923	398	12	8
D4281.contig924	397	8	4
D4281.contig925	397	9	7
D4281.contig926	397	9	5
D4281.contig927	397	9	7
D4281.contig928	396	7	3
D4281.contig929	396	18	12
D4281.contig930	396	13	9
D4281.contig931	396	9	3
D4281.contig932	396	13	6
D4281.contig933	396	10	8
D4281.contig934	395	11	9
D4281.contig935	394	10	8
D4281.contig936	394	29	13
D4281.contig937	393	12	4
D4281.contig938	393	7	3
D4281.contig939	392	17	3
D4281.contig940	392	12	6
D4281.contig941	392	13	4
D4281.contig942	392	10	4
D4281.contig943	392	10	4
D4281.contig944	391	10	6
D4281.contig945	391	9	7
D4281.contig946	391	7	3
D4281.contig947	391	13	4
D4281.contig948	391	528	22
D4281.contig949	390	13	7
D4281.contig950	390	13	6
D4281.contig951	389	5	3
D4281.contig952	389	10	2
D4281.contig953	389	12	10
D4281.contig954	389	19	10
D4281.contig955	388	18	9
D4281.contig956	388	19	10
D4281.contig957	388	8	4
D4281.contig958	387	9	1
D4281.contig959	387	18	6
D4281.contig960	387	11	5
D4281.contig961	387	7	5
D4281.contig962	387	17	6
D4281.contig963	385	7	5
D4281.contig964	384	6	6
D4281.contig965	384	12	9
D4281.contig966	384	15	6
D4281.contig967	383	5	3
D4281.contig968	383	10	5
D4281.contig969	383	10	1
D4281.contig970	383	8	4
D4281.contig971	383	9	5
D4281.contig972	382	13	9
D4281.contig973	382	8	4
D4281.contig974	382	7	2
D4281.contig975	382	21	0
D4281.contig976	382	10	2
D4281.contig977	382	3	3
D4281.contig978	381	18	4
D4281.contig979	381	6	4
D4281.contig980	381	9	5
D4281.contig981	380	20	7
D4281.contig982	380	10	2
D4281.contig983	380	11	7
D4281.contig984	380	13	9
D4281.contig985	380	10	4
D4281.contig986	380	20	2
D4281.contig987	380	11	7
D4281.contig988	379	7	5
D4281.contig989	379	6	4
D4281.contig990	379	10	6
D4281.contig991	379	11	1
D4281.contig992	379	9	5
D4281.contig993	378	16	9
D4281.contig994	378	19	6
D4281.contig995	378	13	6
D4281.contig996	378	16	8
D4281.contig997	378	10	6
D4281.contig998	377	7	7
D4281.contig999	377	11	8
D4281.contig1000	376	10	8
D4281.contig1001	376	16	10
D4281.contig1002	375	6	4
D4281.contig1003	375	9	3
D4281.contig1004	375	15	5
D4281.contig1005	375	11	7
D4281.contig1006	374	5	3
D4281.contig1007	374	9	5
D4281.contig1008	374	11	8
D4281.contig1009	374	15	5
D4281.contig1010	374	16	3
D4281.contig1011	373	10	6
D4281.contig1012	373	13	8
D4281.contig1013	373	18	6
D4281.contig1014	373	9	3
D4281.contig1015	373	15	5
D4281.contig1016	373	9	3
D4281.contig1017	373	15	9
D4281.contig1018	373	10	6
D4281.contig1019	372	8	2
D4281.contig1020	372	11	1
D4281.contig1021	372	15	5
D4281.contig1022	372	11	7
D4281.contig1023	372	11	7
D4281.contig1024	371	25	3
D4281.contig1025	371	11	4
D4281.contig1026	371	14	7
D4281.contig1027	370	27	6
D4281.contig1028	370	15	5
D4281.contig1029	370	8	8
D4281.contig1030	370	12	8
D4281.contig1031	370	17	6
D4281.contig1032	369	10	6
D4281.contig1033	369	8	6
D4281.contig1034	369	9	7
D4281.contig1035	368	17	6
D4281.contig1036	368	9	3
D4281.contig1037	368	12	5
D4281.contig1038	368	11	6
D4281.contig1039	368	11	5
D4281.contig1040	367	11	9
D4281.contig1041	366	11	4
D4281.contig1042	366	13	3
D4281.contig1043	366	20	3
D4281.contig1044	366	12	5
D4281.contig1045	365	8	2
D4281.contig1046	365	26	2
D4281.contig1047	365	14	4
D4281.contig1048	365	12	8
D4281.contig1049	365	13	6
D4281.contig1050	365	13	6
D4281.contig1051	364	11	7
D4281.contig1052	364	12	7
D4281.contig1053	364	11	9
D4281.contig1054	364	11	9
D4281.contig1055	364	9	7
D4281.contig1056	364	9	7
D4281.contig1057	364	11	5
D4281.contig1058	363	12	9
D4281.contig1059	363	21	4
D4281.contig1060	363	8	6
D4281.contig1061	363	16	8
D4281.contig1062	363	10	6
D4281.contig1063	363	17	13
D4281.contig1064	362	17	12
D4281.contig1065	361	14	6
D4281.contig1066	361	7	5
D4281.contig1067	361	6	3
D4281.contig1068	361	10	7
D4281.contig1069	361	14	4
D4281.contig1070	361	9	7
D4281.contig1071	361	10	8
D4281.contig1072	360	9	9
D4281.contig1073	360	17	13
D4281.contig1074	359	10	6
D4281.contig1075	359	7	5
D4281.contig1076	358	12	6
D4281.contig1077	358	12	8
D4281.contig1078	358	15	9
D4281.contig1079	358	18	13
D4281.contig1080	357	9	5
D4281.contig1081	357	13	5
D4281.contig1082	357	9	7
D4281.contig1083	356	20	11
D4281.contig1084	356	18	10
D4281.contig1085	356	33	7
D4281.contig1086	356	9	5
D4281.contig1087	356	24	6
D4281.contig1088	356	11	5
D4281.contig1089	356	13	6
D4281.contig1090	356	12	4
D4281.contig1091	355	13	3
D4281.contig1092	355	18	1
D4281.contig1093	355	18	2
D4281.contig1094	354	9	3
D4281.contig1095	354	12	9
D4281.contig1096	354	17	5
D4281.contig1097	354	16	9
D4281.contig1098	353	10	6
D4281.contig1099	353	9	4
D4281.contig1100	353	25	14
D4281.contig1101	353	10	6
D4281.contig1102	353	11	4
D4281.contig1103	352	19	2
D4281.contig1104	352	14	6
D4281.contig1105	352	26	9
D4281.contig1106	352	11	3
D4281.contig1107	352	8	6
D4281.contig1108	352	4	4
D4281.contig1109	352	34	0
D4281.contig1110	351	12	8
D4281.contig1111	350	16	5
D4281.contig1112	350	19	4
D4281.contig1113	350	12	5
D4281.contig1114	350	9	6
D4281.contig1115	350	8	4
D4281.contig1116	350	4	4
D4281.contig1117	350	4	4
D4281.contig1118	350	13	4
D4281.contig1119	349	8	6
D4281.contig1120	349	14	8
D4281.contig1121	349	10	6
D4281.contig1122	349	8	7
D4281.contig1123	349	16	0
D4281.contig1124	349	10	4
D4281.contig1125	349	13	5
D4281.contig1126	349	15	9
D4281.contig1127	349	7	5
D4281.contig1128	348	10	3
D4281.contig1129	348	11	6
D4281.contig1130	348	15	9
D4281.contig1131	348	7	2
D4281.contig1132	346	13	4
D4281.contig1133	346	10	2
D4281.contig1134	346	12	2
D4281.contig1135	346	12	6
D4281.contig1136	345	8	4
D4281.contig1137	345	9	5
D4281.contig1138	345	10	6
D4281.contig1139	344	4484	103
D4281.contig1140	344	9	3
D4281.contig1141	344	9	7
D4281.contig1142	344	11	7
D4281.contig1143	344	9	1
D4281.contig1144	344	13	5
D4281.contig1145	344	11	5
D4281.contig1146	344	5	2
D4281.contig1147	344	18	12
D4281.contig1148	343	10	10
D4281.contig1149	343	14	2
D4281.contig1150	343	7	5
D4281.contig1151	343	7	7
D4281.contig1152	342	11	2
D4281.contig1153	342	9	5
D4281.contig1154	342	9	4
D4281.contig1155	342	7	7
D4281.contig1156	342	14	4
D4281.contig1157	342	12	9
D4281.contig1158	342	9	5
D4281.contig1159	342	7	6
D4281.contig1160	341	16	1
D4281.contig1161	341	8	4
D4281.contig1162	341	15	9
D4281.contig1163	341	15	7
D4281.contig1164	341	11	7
D4281.contig1165	341	5	5
D4281.contig1166	341	11	5
D4281.contig1167	341	7	7
D4281.contig1168	341	15	5
D4281.contig1169	340	10	4
D4281.contig1170	340	8	6
D4281.contig1171	340	18	8
D4281.contig1172	340	15	6
D4281.contig1173	340	12	5
D4281.contig1174	339	8	8
D4281.contig1175	339	10	4
D4281.contig1176	339	7	5
D4281.contig1177	339	14	2
D4281.contig1178	338	9	3
D4281.contig1179	338	20	7
D4281.contig1180	338	22	5
D4281.contig1181	338	10	0
D4281.contig1182	338	5	5
D4281.contig1183	338	8	6
D4281.contig1184	338	12	3
D4281.contig1185	337	13	7
D4281.contig1186	337	8	7
D4281.contig1187	337	12	4
D4281.contig1188	337	9	6
D4281.contig1189	337	5	3
D4281.contig1190	336	9	3
D4281.contig1191	336	8	8
D4281.contig1192	336	6	4
D4281.contig1193	336	14	2
D4281.contig1194	336	12	1
D4281.contig1195	336	10	4
D4281.contig1196	336	10	8
D4281.contig1197	336	14	12
D4281.contig1198	335	8	4
D4281.contig1199	335	9	6
D4281.contig1200	335	24	6
D4281.contig1201	335	6	4
D4281.contig1202	335	8	4
D4281.contig1203	335	8	6
D4281.contig1204	334	8	4
D4281.contig1205	334	13	4
D4281.contig1206	334	10	7
D4281.contig1207	334	10	6
D4281.contig1208	334	7	4
D4281.contig1209	333	9	5
D4281.contig1210	333	14	3
D4281.contig1211	333	8	6
D4281.contig1212	333	17	11
D4281.contig1213	332	10	5
D4281.contig1214	332	12	8
D4281.contig1215	332	11	8
D4281.contig1216	332	16	1
D4281.contig1217	332	9	7
D4281.contig1218	332	7	7
D4281.contig1219	332	11	6
D4281.contig1220	332	9	6
D4281.contig1221	331	8	6
D4281.contig1222	331	13	9
D4281.contig1223	331	3	3
D4281.contig1224	331	6	6
D4281.contig1225	331	7	6
D4281.contig1226	331	5	5
D4281.contig1227	330	9	9
D4281.contig1228	330	12	8
D4281.contig1229	329	7	1
D4281.contig1230	329	14	4
D4281.contig1231	329	13	7
D4281.contig1232	329	9	7
D4281.contig1233	329	9	5
D4281.contig1234	329	14	6
D4281.contig1235	328	8	6
D4281.contig1236	328	16	4
D4281.contig1237	328	5	3
D4281.contig1238	328	11	5
D4281.contig1239	328	8	5
D4281.contig1240	328	8	8
D4281.contig1241	327	9	4
D4281.contig1242	327	15	7
D4281.contig1243	327	7	3
D4281.contig1244	326	12	8
D4281.contig1245	326	16	2
D4281.contig1246	326	6	6
D4281.contig1247	326	10	4
D4281.contig1248	326	4	4
D4281.contig1249	325	16	7
D4281.contig1250	325	4	4
D4281.contig1251	325	4	4
D4281.contig1252	325	7	3
D4281.contig1253	325	6	6
D4281.contig1254	325	14	9
D4281.contig1255	325	8	4
D4281.contig1256	324	12	4
D4281.contig1257	324	6	2
D4281.contig1258	324	10	6
D4281.contig1259	324	9	9
D4281.contig1260	323	10	3
D4281.contig1261	323	17	0
D4281.contig1262	323	10	6
D4281.contig1263	323	8	2
D4281.contig1264	322	10	8
D4281.contig1265	322	9	6
D4281.contig1266	322	3	3
D4281.contig1267	322	11	2
D4281.contig1268	321	6	5
D4281.contig1269	321	9	4
D4281.contig1270	321	13	5
D4281.contig1271	320	10	10
D4281.contig1272	320	9	8
D4281.contig1273	320	20	10
D4281.contig1274	320	11	10
D4281.contig1275	320	8	6
D4281.contig1276	320	8	8
D4281.contig1277	319	10	6
D4281.contig1278	319	6	4
D4281.contig1279	319	6	4
D4281.contig1280	319	8	4
D4281.contig1281	319	10	4
D4281.contig1282	319	16	5
D4281.contig1283	319	3	3
D4281.contig1284	318	9	5
D4281.contig1285	318	19	2
D4281.contig1286	318	7	5
D4281.contig1287	318	8	6
D4281.contig1288	317	7	1
D4281.contig1289	317	11	4
D4281.contig1290	317	11	4
D4281.contig1291	317	6	1
D4281.contig1292	317	8	6
D4281.contig1293	317	7	5
D4281.contig1294	316	7	5
D4281.contig1295	316	10	6
D4281.contig1296	316	7	5
D4281.contig1297	316	6	3
D4281.contig1298	316	6	4
D4281.contig1299	315	9	1
D4281.contig1300	315	5	2
D4281.contig1301	315	6	6
D4281.contig1302	315	16	5
D4281.contig1303	315	15	3
D4281.contig1304	315	8	6
D4281.contig1305	315	8	8
D4281.contig1306	315	7	5
D4281.contig1307	315	11	7
D4281.contig1308	314	6	6
D4281.contig1309	314	12	6
D4281.contig1310	314	126	52
D4281.contig1311	314	8	4
D4281.contig1312	314	7	5
D4281.contig1313	314	5	3
D4281.contig1314	314	13	5
D4281.contig1315	314	8	4
D4281.contig1316	314	8	6
D4281.contig1317	313	5	5
D4281.contig1318	313	7	4
D4281.contig1319	313	9	4
D4281.contig1320	313	7	5
D4281.contig1321	313	5	3
D4281.contig1322	313	10	8
D4281.contig1323	313	8	6
D4281.contig1324	313	6	4
D4281.contig1325	313	10	5
D4281.contig1326	313	13	6
D4281.contig1327	313	7	3
D4281.contig1328	312	6	6
D4281.contig1329	312	12	5
D4281.contig1330	312	18	1
D4281.contig1331	311	20	4
D4281.contig1332	311	4	2
D4281.contig1333	311	7	2
D4281.contig1334	311	5	5
D4281.contig1335	311	6	6
D4281.contig1336	311	12	5
D4281.contig1337	311	9	6
D4281.contig1338	310	7	5
D4281.contig1339	310	7	5
D4281.contig1340	310	18	4
D4281.contig1341	310	16	7
D4281.contig1342	310	9	6
D4281.contig1343	310	7	4
D4281.contig1344	310	18	8
D4281.contig1345	309	7	5
D4281.contig1346	309	8	4
D4281.contig1347	309	11	3
D4281.contig1348	309	11	1
D4281.contig1349	309	6	4
D4281.contig1350	309	11	8
D4281.contig1351	308	5	3
D4281.contig1352	308	11	5
D4281.contig1353	308	4	0
D4281.contig1354	308	8	4
D4281.contig1355	308	7	5
D4281.contig1356	308	12	6
D4281.contig1357	308	10	4
D4281.contig1358	308	9	5
D4281.contig1359	308	9	5
D4281.contig1360	308	12	2
D4281.contig1361	308	6	4
D4281.contig1362	307	7	4
D4281.contig1363	307	10	4
D4281.contig1364	306	4	4
D4281.contig1365	306	4	4
D4281.contig1366	306	8	2
D4281.contig1367	306	6	4
D4281.contig1368	306	5	4
D4281.contig1369	305	12	5
D4281.contig1370	305	7	3
D4281.contig1371	305	5	3
D4281.contig1372	305	7	5
D4281.contig1373	305	11	5
D4281.contig1374	304	10	6
D4281.contig1375	304	5	3
D4281.contig1376	304	5	4
D4281.contig1377	304	8	8
D4281.contig1378	304	5	4
D4281.contig1379	304	4	4
D4281.contig1380	303	5	5
D4281.contig1381	303	14	1
D4281.contig1382	302	7	5
D4281.contig1383	302	8	8
D4281.contig1384	302	7	3
D4281.contig1385	302	11	5
D4281.contig1386	301	7	5
D4281.contig1387	301	12	12
D4281.contig1388	301	5	3
D4281.contig1389	301	8	3
D4281.contig1390	301	8	4
D4281.contig1391	301	3	3
D4281.contig1392	301	6	3
D4281.contig1393	301	12	4
D4281.contig1394	301	9	8
D4281.contig1395	301	6	6
D4281.contig1396	301	8	7
D4281.contig1397	301	3	3
D4281.contig1398	301	6	4
D4281.contig1399	301	7	7
D4281.contig1400	301	9	5
D4281.contig1401	300	5	1
D4281.contig1402	300	8	6
D4281.contig1403	300	13	8
D4281.contig1404	300	8	3
D4281.contig1405	300	13	10
D4281.contig1406	300	8	8
*	0	0	106602
