wgs18.contig1	1025671	290749	12633
wgs18.contig2	721104	197525	7886
wgs18.contig3	442591	135687	5270
wgs18.contig4	371624	79145	2224
wgs18.contig5	358768	136728	5370
wgs18.contig6	334929	116210	5118
wgs18.contig7	310670	72597	2545
wgs18.contig8	307713	174664	4564
wgs18.contig9	253045	105886	3805
wgs18.contig10	162173	60184	2884
wgs18.contig11	119360	46349	2070
wgs18.contig12	111670	36925	304
wgs18.contig13	103954	36551	1762
wgs18.contig14	103209	29033	763
wgs18.contig15	64090	22790	994
wgs18.contig16	45948	9534	191
wgs18.contig17	14826	3280	48
wgs18.contig18	14397	4079	29
wgs18.contig19	8623	5507	578
wgs18.contig20	7320	3160	31
wgs18.contig21	6943	1714	32
wgs18.contig22	5489	1201	4
wgs18.contig23	5063	7119	374
wgs18.contig24	4339	1058	10
wgs18.contig25	3913	1765	9
wgs18.contig26	3677	5823	15
wgs18.contig27	2919	716	14
wgs18.contig28	2825	943	6
wgs18.contig29	2622	3568	38
wgs18.contig30	2589	14489	206
wgs18.contig31	2276	1457	16
wgs18.contig32	2006	420	10
wgs18.contig33	1488	366	8
wgs18.contig34	1244	1158	28
wgs18.contig35	1042	6278	332
wgs18.contig36	966	419	1
wgs18.contig37	957	236	3
wgs18.contig38	921	256	1
wgs18.contig39	915	203	0
wgs18.contig40	888	319	0
wgs18.contig41	774	136	0
wgs18.contig42	766	246	3
wgs18.contig43	752	244	2
wgs18.contig44	738	153	0
wgs18.contig45	727	107	2
wgs18.contig46	705	3574	230
wgs18.contig47	671	110	1
wgs18.contig48	666	124	1
wgs18.contig49	664	95	4
wgs18.contig50	642	134	1
wgs18.contig51	614	84	0
wgs18.contig52	577	0	0
wgs18.contig53	543	0	0
wgs18.contig54	500	137	3
wgs18.contig55	494	0	0
wgs18.contig56	480	0	0
wgs18.contig57	474	59	0
wgs18.contig58	473	0	0
wgs18.contig59	470	0	0
wgs18.contig60	470	0	0
wgs18.contig61	470	124	0
wgs18.contig62	463	36	14
wgs18.contig63	462	35	0
wgs18.contig64	461	0	0
wgs18.contig65	456	0	0
wgs18.contig66	455	44	0
wgs18.contig67	455	135	0
wgs18.contig68	451	0	0
wgs18.contig69	448	0	0
wgs18.contig70	442	47	0
wgs18.contig71	439	537	31
wgs18.contig72	436	0	0
wgs18.contig73	434	0	0
wgs18.contig74	428	2290	47
wgs18.contig75	419	0	0
wgs18.contig76	413	0	0
wgs18.contig77	413	0	0
wgs18.contig78	408	0	0
wgs18.contig79	406	0	0
wgs18.contig80	398	0	0
wgs18.contig81	393	0	0
wgs18.contig82	391	0	0
wgs18.contig83	385	0	0
wgs18.contig84	382	0	0
wgs18.contig85	381	52	3
wgs18.contig86	381	363	28
wgs18.contig87	369	37	0
wgs18.contig88	364	66	0
wgs18.contig89	354	45	1
wgs18.contig90	345	10	0
wgs18.contig91	339	60	1
wgs18.contig92	339	56	1
wgs18.contig93	336	39	0
wgs18.contig94	327	42	0
wgs18.contig95	323	29	0
wgs18.contig96	321	31	0
wgs18.contig97	311	112	7
wgs18.contig98	275	86	5
wgs18.contig99	274	127	29
wgs18.contig100	273	47	1
wgs18.contig101	268	16	0
wgs18.contig102	268	43	0
wgs18.contig103	264	537	22
wgs18.contig104	264	30	4
wgs18.contig105	260	10	0
wgs18.contig106	258	86	0
wgs18.contig107	258	210	13
wgs18.contig108	257	34	0
wgs18.contig109	256	41	2
wgs18.contig110	256	258	1
wgs18.contig111	255	188	2
wgs18.contig112	255	107	0
wgs18.contig113	255	21	0
wgs18.contig114	255	28	0
wgs18.contig115	255	10	0
wgs18.contig116	255	12	0
wgs18.contig117	255	497	7
wgs18.contig118	255	289	19
wgs18.contig119	255	14	0
wgs18.contig120	255	21	0
wgs18.contig121	255	9	0
wgs18.contig122	255	28	3
wgs18.contig123	255	349	3
wgs18.contig124	255	10	0
wgs18.contig125	255	25	0
wgs18.contig126	254	341	0
wgs18.contig127	252	203	24
wgs18.contig128	251	68	0
wgs18.contig129	250	256	13
wgs18.contig130	248	382	49
wgs18.contig131	244	69	0
wgs18.contig132	236	52	7
wgs18.contig133	229	6	0
wgs18.contig134	229	4	0
wgs18.contig135	229	43	0
wgs18.contig136	229	12	0
wgs18.contig137	224	15	0
wgs18.contig138	216	163	15
wgs18.contig139	214	24	0
wgs18.contig140	207	114	14
wgs18.contig141	207	59	9
wgs18.contig142	207	31	3
wgs18.contig143	206	134	1
wgs18.contig144	186	69	17
wgs18.contig145	176	2	0
wgs18.contig146	175	160	1
wgs18.contig147	172	88	21
wgs18.contig148	170	20	0
wgs18.contig149	165	11	0
wgs18.contig150	154	47	6
wgs18.contig151	153	23	0
wgs18.contig152	153	0	0
wgs18.contig153	148	16	0
wgs18.contig154	147	41	0
wgs18.contig155	138	21	0
wgs18.contig156	137	7	1
wgs18.contig157	137	1	0
wgs18.contig158	132	11	1
wgs18.contig159	132	3	0
wgs18.contig160	132	9	0
wgs18.contig161	132	13	0
wgs18.contig162	132	11	0
wgs18.contig163	132	17	0
wgs18.contig164	130	8	0
wgs18.contig165	129	16	1
wgs18.contig166	128	0	0
wgs18.contig167	128	1	0
wgs18.contig168	128	16	0
wgs18.contig169	128	16	0
wgs18.contig170	128	0	0
*	0	0	7187558
