D398.contig1	107845	103775	1937
D398.contig2	95754	51428	2895
D398.contig3	82999	119966	2334
D398.contig4	76978	108745	2069
D398.contig5	73971	98334	1825
D398.contig6	64077	0	0
D398.contig7	59425	102150	3382
D398.contig8	57635	88665	1538
D398.contig9	56881	107053	2142
D398.contig10	56383	85291	1794
D398.contig11	53869	65682	1405
D398.contig12	53116	29735	585
D398.contig13	51176	78300	1964
D398.contig14	48222	64579	1603
D398.contig15	44706	47797	945
D398.contig16	43285	35979	727
D398.contig17	42790	52814	1094
D398.contig18	42769	54908	1259
D398.contig19	40872	1	1
D398.contig20	40559	99	24
D398.contig21	39937	0	0
D398.contig22	39920	17544	634
D398.contig23	39111	0	0
D398.contig24	38393	39272	858
D398.contig25	38188	104226	1769
D398.contig26	37943	43356	1028
D398.contig27	37419	0	0
D398.contig28	37030	36761	1090
D398.contig29	36361	0	0
D398.contig30	35846	27612	704
D398.contig31	35788	44799	1162
D398.contig32	34741	0	0
D398.contig33	34490	44963	2140
D398.contig34	34489	12	4
D398.contig35	34161	0	0
D398.contig36	34018	174479	3958
D398.contig37	33992	22410	610
D398.contig38	33932	10	4
D398.contig39	33331	633	75
D398.contig40	33243	5	1
D398.contig41	32913	6337	588
D398.contig42	32550	30615	631
D398.contig43	32315	28508	496
D398.contig44	32261	0	0
D398.contig45	31937	82	18
D398.contig46	31885	16953	308
D398.contig47	31821	20	0
D398.contig48	31722	95150	2599
D398.contig49	30897	11212	293
D398.contig50	30675	0	0
D398.contig51	30509	20970	415
D398.contig52	30466	1	1
D398.contig53	30169	20644	450
D398.contig54	29498	14672	418
D398.contig55	28995	2	0
D398.contig56	28979	15654	322
D398.contig57	28521	94221	1930
D398.contig58	28326	46134	1264
D398.contig59	28321	8605	190
D398.contig60	28079	22473	593
D398.contig61	28076	0	0
D398.contig62	27969	22687	480
D398.contig63	27745	9905	244
D398.contig64	27424	12955	336
D398.contig65	27297	51237	1667
D398.contig66	27239	31522	670
D398.contig67	26850	16004	426
D398.contig68	26671	5	3
D398.contig69	26382	32672	850
D398.contig70	26365	1336	149
D398.contig71	26261	19618	601
D398.contig72	26009	13648	294
D398.contig73	25978	15891	310
D398.contig74	25715	29071	531
D398.contig75	25703	9712	238
D398.contig76	25681	9	0
D398.contig77	25604	14260	388
D398.contig78	25579	17008	305
D398.contig79	25485	33036	2784
D398.contig80	25467	23246	456
D398.contig81	25402	0	0
D398.contig82	25262	2	0
D398.contig83	24852	19718	336
D398.contig84	24846	21510	792
D398.contig85	24808	21636	649
D398.contig86	24355	41854	878
D398.contig87	23586	11752	399
D398.contig88	23393	4708	114
D398.contig89	23118	0	0
D398.contig90	22802	16636	356
D398.contig91	22769	13177	262
D398.contig92	22604	0	0
D398.contig93	22570	10057	235
D398.contig94	21941	9240	974
D398.contig95	21922	4	2
D398.contig96	21711	17404	534
D398.contig97	21583	17849	351
D398.contig98	21453	0	0
D398.contig99	21353	3671	93
D398.contig100	21085	13552	297
D398.contig101	20862	110085	3500
D398.contig102	20826	51878	1535
D398.contig103	20714	1	1
D398.contig104	20623	1	1
D398.contig105	20568	2	0
D398.contig106	20295	11384	297
D398.contig107	20158	68422	6097
D398.contig108	19794	1	1
D398.contig109	19644	17	3
D398.contig110	19503	9538	250
D398.contig111	19402	7906	146
D398.contig112	19321	0	0
D398.contig113	19127	7156	157
D398.contig114	18884	64	7
D398.contig115	18854	7917	187
D398.contig116	18793	10769	217
D398.contig117	18721	14517	357
D398.contig118	18686	28569	599
D398.contig119	18653	0	0
D398.contig120	18513	10190	189
D398.contig121	18486	14863	378
D398.contig122	18402	0	0
D398.contig123	18388	4658	104
D398.contig124	18024	5	1
D398.contig125	18000	79875	2123
D398.contig126	17867	12502	429
D398.contig127	17502	2	0
D398.contig128	17490	6126	117
D398.contig129	17355	246	8
D398.contig130	17352	5144	100
D398.contig131	17317	43984	2150
D398.contig132	17111	9021	304
D398.contig133	17104	4	2
D398.contig134	17001	2652	115
D398.contig135	16843	2	0
D398.contig136	16807	51127	1279
D398.contig137	16724	11090	249
D398.contig138	16717	16029	306
D398.contig139	16710	10841	199
D398.contig140	16553	0	0
D398.contig141	16498	4594	64
D398.contig142	16312	0	0
D398.contig143	16266	9750	347
D398.contig144	16180	0	0
D398.contig145	16110	56990	1610
D398.contig146	16086	0	0
D398.contig147	16035	0	0
D398.contig148	15767	6250	183
D398.contig149	15631	11080	818
D398.contig150	15548	33058	1247
D398.contig151	15507	10658	244
D398.contig152	15494	29	6
D398.contig153	15389	13796	492
D398.contig154	15297	34579	6649
D398.contig155	15273	0	0
D398.contig156	15199	12291	275
D398.contig157	15017	10483	276
D398.contig158	14953	0	0
D398.contig159	14934	164	20
D398.contig160	14929	8400	268
D398.contig161	14872	10002	249
D398.contig162	14793	1	1
D398.contig163	14739	19439	795
D398.contig164	14679	0	0
D398.contig165	14648	4	0
D398.contig166	14603	20378	392
D398.contig167	14589	110863	3814
D398.contig168	14498	232	5
D398.contig169	14336	52164	2348
D398.contig170	14289	22101	375
D398.contig171	14247	2	0
D398.contig172	14131	11446	2460
D398.contig173	14033	3359	78
D398.contig174	13956	52459	2966
D398.contig175	13948	3	0
D398.contig176	13920	22	16
D398.contig177	13810	55454	1292
D398.contig178	13803	2803	72
D398.contig179	13802	45808	1855
D398.contig180	13762	2	0
D398.contig181	13657	27102	1432
D398.contig182	13645	5522	155
D398.contig183	13560	2852	103
D398.contig184	13543	0	0
D398.contig185	13518	23782	597
D398.contig186	13444	128389	6714
D398.contig187	13428	0	0
D398.contig188	13358	49124	1455
D398.contig189	13349	3914	77
D398.contig190	13293	8240	154
D398.contig191	13237	0	0
D398.contig192	13038	3901	94
D398.contig193	13022	11120	265
D398.contig194	12973	7143	209
D398.contig195	12889	14054	412
D398.contig196	12845	244569	7949
D398.contig197	12754	6418	145
D398.contig198	12692	0	0
D398.contig199	12683	10	2
D398.contig200	12649	13	6
D398.contig201	12569	0	0
D398.contig202	12506	2	1
D398.contig203	12407	47855	1532
D398.contig204	12344	3161	85
D398.contig205	12319	3	1
D398.contig206	12275	7387	133
D398.contig207	12233	3172	113
D398.contig208	12119	0	0
D398.contig209	12002	2	0
D398.contig210	11957	0	0
D398.contig211	11864	0	0
D398.contig212	11825	22774	607
D398.contig213	11806	1	1
D398.contig214	11650	6361	243
D398.contig215	11637	0	0
D398.contig216	11567	6859	155
D398.contig217	11464	0	0
D398.contig218	11453	447	287
D398.contig219	11404	5441	142
D398.contig220	11242	0	0
D398.contig221	11200	0	0
D398.contig222	11186	47020	1776
D398.contig223	11168	2	0
D398.contig224	11152	0	0
D398.contig225	11136	0	0
D398.contig226	11102	0	0
D398.contig227	11090	1745	50
D398.contig228	11055	2676	137
D398.contig229	11033	0	0
D398.contig230	11027	4	0
D398.contig231	11019	21620	999
D398.contig232	11012	0	0
D398.contig233	10926	0	0
D398.contig234	10887	0	0
D398.contig235	10871	9495	337
D398.contig236	10803	3547	113
D398.contig237	10775	1487	308
D398.contig238	10704	2590	49
D398.contig239	10670	3841	419
D398.contig240	10586	0	0
D398.contig241	10525	6613	237
D398.contig242	10512	9278	202
D398.contig243	10510	0	0
D398.contig244	10482	9201	211
D398.contig245	10472	1	0
D398.contig246	10450	0	0
D398.contig247	10384	4060	110
D398.contig248	10325	1	1
D398.contig249	10146	1722	52
D398.contig250	10096	0	0
D398.contig251	10011	7524	407
D398.contig252	9980	3	1
D398.contig253	9974	14582	238
D398.contig254	9971	17292	544
D398.contig255	9929	117	81
D398.contig256	9818	3025	97
D398.contig257	9813	0	0
D398.contig258	9771	0	0
D398.contig259	9764	15	0
D398.contig260	9748	5278	114
D398.contig261	9718	39974	799
D398.contig262	9608	0	0
D398.contig263	9602	2776	81
D398.contig264	9536	0	0
D398.contig265	9519	77	40
D398.contig266	9518	0	0
D398.contig267	9516	7928	687
D398.contig268	9402	3259	87
D398.contig269	9370	5854	154
D398.contig270	9339	31177	1116
D398.contig271	9329	28987	1099
D398.contig272	9304	0	0
D398.contig273	9267	6787	250
D398.contig274	9254	9621	293
D398.contig275	9138	0	0
D398.contig276	9135	0	0
D398.contig277	9129	0	0
D398.contig278	9046	0	0
D398.contig279	9018	1495	55
D398.contig280	8983	5456	225
D398.contig281	8949	0	0
D398.contig282	8945	0	0
D398.contig283	8929	0	0
D398.contig284	8902	0	0
D398.contig285	8832	4	0
D398.contig286	8830	6356	256
D398.contig287	8725	787	57
D398.contig288	8687	0	0
D398.contig289	8671	2	0
D398.contig290	8642	0	0
D398.contig291	8627	1470	44
D398.contig292	8606	0	0
D398.contig293	8586	3945	138
D398.contig294	8579	22	0
D398.contig295	8555	7398	236
D398.contig296	8547	0	0
D398.contig297	8523	0	0
D398.contig298	8517	1	1
D398.contig299	8492	2	0
D398.contig300	8472	8023	225
D398.contig301	8433	0	0
D398.contig302	8425	10412	314
D398.contig303	8321	2647	87
D398.contig304	8256	0	0
D398.contig305	8194	0	0
D398.contig306	8185	0	0
D398.contig307	8156	0	0
D398.contig308	8128	0	0
D398.contig309	8116	2845	118
D398.contig310	8109	4232	180
D398.contig311	8105	5232	306
D398.contig312	8029	0	0
D398.contig313	7997	2940	152
D398.contig314	7941	0	0
D398.contig315	7937	0	0
D398.contig316	7888	0	0
D398.contig317	7850	4132	115
D398.contig318	7842	1250	44
D398.contig319	7835	0	0
D398.contig320	7823	0	0
D398.contig321	7815	2168	80
D398.contig322	7796	0	0
D398.contig323	7791	0	0
D398.contig324	7769	0	0
D398.contig325	7750	0	0
D398.contig326	7710	3744	138
D398.contig327	7697	43	2
D398.contig328	7645	5741	153
D398.contig329	7612	6587	316
D398.contig330	7595	2	0
D398.contig331	7572	2345	42
D398.contig332	7557	9	1
D398.contig333	7534	4136	127
D398.contig334	7516	0	0
D398.contig335	7514	12145	1130
D398.contig336	7503	0	0
D398.contig337	7480	0	0
D398.contig338	7445	2498	53
D398.contig339	7444	4	2
D398.contig340	7411	3090	66
D398.contig341	7391	41993	1741
D398.contig342	7390	973	48
D398.contig343	7356	5314	105
D398.contig344	7347	12	0
D398.contig345	7309	21370	1148
D398.contig346	7193	0	0
D398.contig347	7184	0	0
D398.contig348	7184	0	0
D398.contig349	7134	0	0
D398.contig350	7026	1536	70
D398.contig351	6996	1	1
D398.contig352	6971	2	0
D398.contig353	6969	0	0
D398.contig354	6919	0	0
D398.contig355	6877	0	0
D398.contig356	6856	0	0
D398.contig357	6799	0	0
D398.contig358	6785	0	0
D398.contig359	6687	479	26
D398.contig360	6668	2582	77
D398.contig361	6634	0	0
D398.contig362	6633	0	0
D398.contig363	6627	0	0
D398.contig364	6607	1	0
D398.contig365	6604	0	0
D398.contig366	6599	73	27
D398.contig367	6590	1136	48
D398.contig368	6587	6207	102
D398.contig369	6549	0	0
D398.contig370	6492	2	0
D398.contig371	6459	0	0
D398.contig372	6456	1	0
D398.contig373	6443	0	0
D398.contig374	6428	0	0
D398.contig375	6412	0	0
D398.contig376	6404	0	0
D398.contig377	6391	5822	253
D398.contig378	6389	0	0
D398.contig379	6376	1839	98
D398.contig380	6364	0	0
D398.contig381	6326	0	0
D398.contig382	6284	3037	173
D398.contig383	6279	2006	98
D398.contig384	6242	846	32
D398.contig385	6224	0	0
D398.contig386	6221	0	0
D398.contig387	6215	726	103
D398.contig388	6212	3710	139
D398.contig389	6204	0	0
D398.contig390	6193	2049	83
D398.contig391	6185	0	0
D398.contig392	6115	0	0
D398.contig393	6088	16872	1176
D398.contig394	6081	3569	118
D398.contig395	6031	1843	82
D398.contig396	5994	0	0
D398.contig397	5991	0	0
D398.contig398	5986	2416	70
D398.contig399	5983	0	0
D398.contig400	5970	1886	74
D398.contig401	5946	0	0
D398.contig402	5945	0	0
D398.contig403	5935	2	0
D398.contig404	5889	0	0
D398.contig405	5889	26010	1256
D398.contig406	5886	0	0
D398.contig407	5884	2786	167
D398.contig408	5882	16196	336
D398.contig409	5849	3439	179
D398.contig410	5847	0	0
D398.contig411	5827	40	15
D398.contig412	5823	1	0
D398.contig413	5792	1748	174
D398.contig414	5791	974	30
D398.contig415	5770	0	0
D398.contig416	5752	0	0
D398.contig417	5743	1750	104
D398.contig418	5724	0	0
D398.contig419	5699	7065	394
D398.contig420	5677	0	0
D398.contig421	5662	1	0
D398.contig422	5650	482	23
D398.contig423	5627	2121	62
D398.contig424	5625	0	0
D398.contig425	5616	3390	93
D398.contig426	5616	1602	41
D398.contig427	5556	10875	630
D398.contig428	5554	0	0
D398.contig429	5529	299	15
D398.contig430	5527	0	0
D398.contig431	5520	1701	31
D398.contig432	5489	0	0
D398.contig433	5479	967	56
D398.contig434	5475	0	0
D398.contig435	5462	16288	281
D398.contig436	5459	0	0
D398.contig437	5420	0	0
D398.contig438	5417	1	1
D398.contig439	5416	726	34
D398.contig440	5415	0	0
D398.contig441	5390	53	3
D398.contig442	5368	17479	594
D398.contig443	5346	4249	164
D398.contig444	5340	6917	309
D398.contig445	5305	3263	134
D398.contig446	5299	0	0
D398.contig447	5282	0	0
D398.contig448	5257	0	0
D398.contig449	5253	0	0
D398.contig450	5245	0	0
D398.contig451	5240	0	0
D398.contig452	5204	0	0
D398.contig453	5189	4390	85
D398.contig454	5173	0	0
D398.contig455	5172	16	2
D398.contig456	5167	0	0
D398.contig457	5123	0	0
D398.contig458	5120	7	1
D398.contig459	5102	0	0
D398.contig460	5077	13	2
D398.contig461	5049	0	0
D398.contig462	5038	19218032	956027
D398.contig463	5020	0	0
D398.contig464	4997	0	0
D398.contig465	4997	0	0
D398.contig466	4994	0	0
D398.contig467	4976	8123	247
D398.contig468	4972	0	0
D398.contig469	4967	0	0
D398.contig470	4949	0	0
D398.contig471	4933	31	0
D398.contig472	4930	0	0
D398.contig473	4928	0	0
D398.contig474	4926	4	0
D398.contig475	4917	2233	42
D398.contig476	4900	1687	43
D398.contig477	4895	0	0
D398.contig478	4865	0	0
D398.contig479	4863	0	0
D398.contig480	4861	10	0
D398.contig481	4859	6	0
D398.contig482	4826	2057	135
D398.contig483	4805	0	0
D398.contig484	4804	22713	1763
D398.contig485	4788	63134	6094
D398.contig486	4768	13	0
D398.contig487	4765	0	0
D398.contig488	4757	54	6
D398.contig489	4755	1058	29
D398.contig490	4750	29136	2304
D398.contig491	4750	406	65
D398.contig492	4741	1199	67
D398.contig493	4736	0	0
D398.contig494	4736	38787	2191
D398.contig495	4699	16097	517
D398.contig496	4698	0	0
D398.contig497	4696	1228	56
D398.contig498	4694	0	0
D398.contig499	4688	0	0
D398.contig500	4656	5	1
D398.contig501	4647	0	0
D398.contig502	4645	1	1
D398.contig503	4640	2636	117
D398.contig504	4637	2502	96
D398.contig505	4634	0	0
D398.contig506	4630	0	0
D398.contig507	4619	0	0
D398.contig508	4616	6337	129
D398.contig509	4615	2	1
D398.contig510	4606	15105	1618
D398.contig511	4604	6	0
D398.contig512	4585	533	22
D398.contig513	4558	0	0
D398.contig514	4522	0	0
D398.contig515	4520	4486	77
D398.contig516	4519	0	0
D398.contig517	4512	0	0
D398.contig518	4511	6	0
D398.contig519	4474	1568	54
D398.contig520	4466	0	0
D398.contig521	4454	0	0
D398.contig522	4446	1047	57
D398.contig523	4422	1	0
D398.contig524	4420	5	5
D398.contig525	4415	2738	154
D398.contig526	4414	164	32
D398.contig527	4404	0	0
D398.contig528	4399	0	0
D398.contig529	4396	1458	78
D398.contig530	4390	0	0
D398.contig531	4380	0	0
D398.contig532	4376	0	0
D398.contig533	4371	8549	542
D398.contig534	4370	0	0
D398.contig535	4365	0	0
D398.contig536	4349	0	0
D398.contig537	4343	0	0
D398.contig538	4343	0	0
D398.contig539	4338	1034	68
D398.contig540	4332	0	0
D398.contig541	4298	0	0
D398.contig542	4285	0	0
D398.contig543	4280	0	0
D398.contig544	4264	0	0
D398.contig545	4261	6	0
D398.contig546	4260	0	0
D398.contig547	4258	690	23
D398.contig548	4250	595	59
D398.contig549	4249	27325	2047
D398.contig550	4246	3	1
D398.contig551	4244	1346	20
D398.contig552	4209	1304	90
D398.contig553	4200	0	0
D398.contig554	4179	0	0
D398.contig555	4175	0	0
D398.contig556	4166	0	0
D398.contig557	4151	26	12
D398.contig558	4150	0	0
D398.contig559	4143	1	0
D398.contig560	4138	1362	16
D398.contig561	4130	130	74
D398.contig562	4130	2	0
D398.contig563	4109	50	5
D398.contig564	4089	0	0
D398.contig565	4075	0	0
D398.contig566	4073	1438	77
D398.contig567	4071	2601	164
D398.contig568	4047	896	31
D398.contig569	4032	4464	193
D398.contig570	4031	7350	5415
D398.contig571	4022	2963	166
D398.contig572	4016	0	0
D398.contig573	4012	0	0
D398.contig574	4008	0	0
D398.contig575	4002	5077	275
D398.contig576	3992	0	0
D398.contig577	3986	0	0
D398.contig578	3985	1782	60
D398.contig579	3968	0	0
D398.contig580	3964	4962	102
D398.contig581	3962	0	0
D398.contig582	3945	0	0
D398.contig583	3936	0	0
D398.contig584	3932	4	0
D398.contig585	3919	2	0
D398.contig586	3908	0	0
D398.contig587	3899	317	16
D398.contig588	3891	0	0
D398.contig589	3882	0	0
D398.contig590	3872	1311	57
D398.contig591	3865	0	0
D398.contig592	3849	1397	77
D398.contig593	3846	33402	1541
D398.contig594	3845	873	28
D398.contig595	3841	0	0
D398.contig596	3840	0	0
D398.contig597	3831	0	0
D398.contig598	3829	7	1
D398.contig599	3820	0	0
D398.contig600	3796	0	0
D398.contig601	3789	6	0
D398.contig602	3771	0	0
D398.contig603	3767	1940	424
D398.contig604	3747	1118	223
D398.contig605	3745	0	0
D398.contig606	3745	8	0
D398.contig607	3744	1005	62
D398.contig608	3739	0	0
D398.contig609	3735	0	0
D398.contig610	3732	0	0
D398.contig611	3729	0	0
D398.contig612	3729	0	0
D398.contig613	3718	0	0
D398.contig614	3712	0	0
D398.contig615	3710	2	2
D398.contig616	3705	11825	1018
D398.contig617	3704	0	0
D398.contig618	3691	4	0
D398.contig619	3687	335	29
D398.contig620	3684	2663	749
D398.contig621	3680	0	0
D398.contig622	3675	617	35
D398.contig623	3662	0	0
D398.contig624	3659	0	0
D398.contig625	3646	7	1
D398.contig626	3636	132715	63812
D398.contig627	3629	0	0
D398.contig628	3628	0	0
D398.contig629	3628	3479	185
D398.contig630	3613	0	0
D398.contig631	3610	1360	44
D398.contig632	3601	720	66
D398.contig633	3597	7	0
D398.contig634	3589	0	0
D398.contig635	3588	0	0
D398.contig636	3586	0	0
D398.contig637	3569	0	0
D398.contig638	3568	13389	197
D398.contig639	3558	0	0
D398.contig640	3557	0	0
D398.contig641	3540	0	0
D398.contig642	3537	3	3
D398.contig643	3518	34114	3127
D398.contig644	3512	8152	450
D398.contig645	3482	217	29
D398.contig646	3478	1826	27
D398.contig647	3474	432	8
D398.contig648	3471	0	0
D398.contig649	3460	0	0
D398.contig650	3455	2702	153
D398.contig651	3441	5	3
D398.contig652	3437	0	0
D398.contig653	3433	3	1
D398.contig654	3422	0	0
D398.contig655	3421	2532	33
D398.contig656	3411	2575	45
D398.contig657	3405	1572	121
D398.contig658	3399	0	0
D398.contig659	3395	0	0
D398.contig660	3394	0	0
D398.contig661	3382	0	0
D398.contig662	3382	0	0
D398.contig663	3370	2271	94
D398.contig664	3369	5688	570
D398.contig665	3359	415	52
D398.contig666	3355	412	16
D398.contig667	3347	54	10
D398.contig668	3346	0	0
D398.contig669	3342	1306	33
D398.contig670	3336	33838	799
D398.contig671	3319	0	0
D398.contig672	3317	0	0
D398.contig673	3312	0	0
D398.contig674	3306	871	34
D398.contig675	3281	0	0
D398.contig676	3278	1635	52
D398.contig677	3275	0	0
D398.contig678	3271	0	0
D398.contig679	3271	794	74
D398.contig680	3266	1785	56
D398.contig681	3264	0	0
D398.contig682	3256	0	0
D398.contig683	3255	0	0
D398.contig684	3253	1	1
D398.contig685	3245	0	0
D398.contig686	3240	4	0
D398.contig687	3238	0	0
D398.contig688	3236	513	19
D398.contig689	3231	0	0
D398.contig690	3221	0	0
D398.contig691	3219	0	0
D398.contig692	3217	0	0
D398.contig693	3214	14381	1125
D398.contig694	3211	0	0
D398.contig695	3196	2305	124
D398.contig696	3187	0	0
D398.contig697	3183	8574	166
D398.contig698	3172	0	0
D398.contig699	3171	1272	91
D398.contig700	3166	0	0
D398.contig701	3158	0	0
D398.contig702	3158	0	0
D398.contig703	3157	5144	84
D398.contig704	3155	0	0
D398.contig705	3153	766	41
D398.contig706	3148	3	2
D398.contig707	3145	0	0
D398.contig708	3142	197	18
D398.contig709	3131	0	0
D398.contig710	3131	0	0
D398.contig711	3127	0	0
D398.contig712	3126	0	0
D398.contig713	3117	0	0
D398.contig714	3113	0	0
D398.contig715	3109	0	0
D398.contig716	3101	0	0
D398.contig717	3097	1438	127
D398.contig718	3080	0	0
D398.contig719	3079	0	0
D398.contig720	3077	53978	2790
D398.contig721	3064	0	0
D398.contig722	3063	0	0
D398.contig723	3062	2075	163
D398.contig724	3061	0	0
D398.contig725	3058	2	0
D398.contig726	3051	1	0
D398.contig727	3043	0	0
D398.contig728	3042	0	0
D398.contig729	3039	0	0
D398.contig730	3033	0	0
D398.contig731	3033	1138	85
D398.contig732	3023	2724	178
D398.contig733	3017	5128	430
D398.contig734	3014	611	50
D398.contig735	3008	0	0
D398.contig736	3005	160	102
D398.contig737	3005	616	37
D398.contig738	3003	0	0
D398.contig739	3002	6	0
D398.contig740	3002	0	0
*	0	0	73780712
