D398.contig1	107845	0	0
D398.contig2	95754	12	2
D398.contig3	82999	5	0
D398.contig4	76978	5	1
D398.contig5	73971	16	3
D398.contig6	64077	25656	869
D398.contig7	59425	386	8
D398.contig8	57635	6	0
D398.contig9	56881	4	0
D398.contig10	56383	40	12
D398.contig11	53869	4	1
D398.contig12	53116	6	3
D398.contig13	51176	0	0
D398.contig14	48222	2	2
D398.contig15	44706	241	7
D398.contig16	43285	72	3
D398.contig17	42790	139	8
D398.contig18	42769	112	8
D398.contig19	40872	43106	1117
D398.contig20	40559	13	7
D398.contig21	39937	86177	3025
D398.contig22	39920	0	0
D398.contig23	39111	9114	277
D398.contig24	38393	1	1
D398.contig25	38188	2	0
D398.contig26	37943	4	1
D398.contig27	37419	14274	1244
D398.contig28	37030	2	0
D398.contig29	36361	0	0
D398.contig30	35846	0	0
D398.contig31	35788	106	1
D398.contig32	34741	43982	931
D398.contig33	34490	0	0
D398.contig34	34489	0	0
D398.contig35	34161	0	0
D398.contig36	34018	0	0
D398.contig37	33992	31	0
D398.contig38	33932	119129	3696
D398.contig39	33331	42	2
D398.contig40	33243	418804	11761
D398.contig41	32913	151589	3379
D398.contig42	32550	1	1
D398.contig43	32315	2	2
D398.contig44	32261	2305	81
D398.contig45	31937	3814761	93543
D398.contig46	31885	0	0
D398.contig47	31821	25235	589
D398.contig48	31722	218	25
D398.contig49	30897	2	0
D398.contig50	30675	0	0
D398.contig51	30509	18	0
D398.contig52	30466	0	0
D398.contig53	30169	0	0
D398.contig54	29498	0	0
D398.contig55	28995	247	20
D398.contig56	28979	1	1
D398.contig57	28521	1	0
D398.contig58	28326	0	0
D398.contig59	28321	0	0
D398.contig60	28079	0	0
D398.contig61	28076	3426	134
D398.contig62	27969	1	0
D398.contig63	27745	0	0
D398.contig64	27424	19	10
D398.contig65	27297	1	0
D398.contig66	27239	3	0
D398.contig67	26850	0	0
D398.contig68	26671	83441	1570
D398.contig69	26382	6	0
D398.contig70	26365	170898	6041
D398.contig71	26261	0	0
D398.contig72	26009	0	0
D398.contig73	25978	0	0
D398.contig74	25715	4	2
D398.contig75	25703	13	2
D398.contig76	25681	5914	132
D398.contig77	25604	33	7
D398.contig78	25579	0	0
D398.contig79	25485	45	18
D398.contig80	25467	3	3
D398.contig81	25402	944	35
D398.contig82	25262	1060	42
D398.contig83	24852	0	0
D398.contig84	24846	0	0
D398.contig85	24808	0	0
D398.contig86	24355	2	0
D398.contig87	23586	0	0
D398.contig88	23393	0	0
D398.contig89	23118	185	9
D398.contig90	22802	8	2
D398.contig91	22769	35	0
D398.contig92	22604	0	0
D398.contig93	22570	0	0
D398.contig94	21941	1265	17
D398.contig95	21922	53981	2080
D398.contig96	21711	0	0
D398.contig97	21583	0	0
D398.contig98	21453	2843	64
D398.contig99	21353	1	1
D398.contig100	21085	4	2
D398.contig101	20862	104	15
D398.contig102	20826	13	7
D398.contig103	20714	102779	2717
D398.contig104	20623	84398	2977
D398.contig105	20568	38	0
D398.contig106	20295	0	0
D398.contig107	20158	221	31
D398.contig108	19794	1967	75
D398.contig109	19644	514246	21902
D398.contig110	19503	1	1
D398.contig111	19402	3	1
D398.contig112	19321	45	0
D398.contig113	19127	0	0
D398.contig114	18884	10454	316
D398.contig115	18854	18	6
D398.contig116	18793	14	0
D398.contig117	18721	0	0
D398.contig118	18686	2	0
D398.contig119	18653	3564	99
D398.contig120	18513	0	0
D398.contig121	18486	2	0
D398.contig122	18402	3827	82
D398.contig123	18388	0	0
D398.contig124	18024	0	0
D398.contig125	18000	0	0
D398.contig126	17867	0	0
D398.contig127	17502	148026	6326
D398.contig128	17490	2	0
D398.contig129	17355	0	0
D398.contig130	17352	0	0
D398.contig131	17317	166	48
D398.contig132	17111	64	7
D398.contig133	17104	3054	70
D398.contig134	17001	0	0
D398.contig135	16843	0	0
D398.contig136	16807	0	0
D398.contig137	16724	0	0
D398.contig138	16717	0	0
D398.contig139	16710	2	0
D398.contig140	16553	2620	138
D398.contig141	16498	0	0
D398.contig142	16312	3390	77
D398.contig143	16266	0	0
D398.contig144	16180	0	0
D398.contig145	16110	305	120
D398.contig146	16086	697	19
D398.contig147	16035	25	3
D398.contig148	15767	8	2
D398.contig149	15631	2	0
D398.contig150	15548	0	0
D398.contig151	15507	0	0
D398.contig152	15494	8464	282
D398.contig153	15389	0	0
D398.contig154	15297	4	2
D398.contig155	15273	1638	46
D398.contig156	15199	0	0
D398.contig157	15017	0	0
D398.contig158	14953	2532	254
D398.contig159	14934	33	1
D398.contig160	14929	5	2
D398.contig161	14872	0	0
D398.contig162	14793	3598	129
D398.contig163	14739	0	0
D398.contig164	14679	19051	796
D398.contig165	14648	11581	388
D398.contig166	14603	1	1
D398.contig167	14589	179	16
D398.contig168	14498	3561	89
D398.contig169	14336	0	0
D398.contig170	14289	1	1
D398.contig171	14247	6334	83
D398.contig172	14131	2	0
D398.contig173	14033	1	0
D398.contig174	13956	35	19
D398.contig175	13948	2317	102
D398.contig176	13920	1357	30
D398.contig177	13810	0	0
D398.contig178	13803	0	0
D398.contig179	13802	23	6
D398.contig180	13762	21425	411
D398.contig181	13657	2	0
D398.contig182	13645	0	0
D398.contig183	13560	0	0
D398.contig184	13543	0	0
D398.contig185	13518	10	8
D398.contig186	13444	12	3
D398.contig187	13428	8	0
D398.contig188	13358	0	0
D398.contig189	13349	0	0
D398.contig190	13293	0	0
D398.contig191	13237	0	0
D398.contig192	13038	0	0
D398.contig193	13022	120	4
D398.contig194	12973	0	0
D398.contig195	12889	2	2
D398.contig196	12845	3629	104
D398.contig197	12754	0	0
D398.contig198	12692	21	3
D398.contig199	12683	182205	10933
D398.contig200	12649	73833	2746
D398.contig201	12569	18	2
D398.contig202	12506	331983	13764
D398.contig203	12407	65	10
D398.contig204	12344	0	0
D398.contig205	12319	333	16
D398.contig206	12275	0	0
D398.contig207	12233	0	0
D398.contig208	12119	8522	186
D398.contig209	12002	888	10
D398.contig210	11957	0	0
D398.contig211	11864	508	18
D398.contig212	11825	24	1
D398.contig213	11806	2040	680
D398.contig214	11650	0	0
D398.contig215	11637	247	11
D398.contig216	11567	0	0
D398.contig217	11464	1430	28
D398.contig218	11453	15798	1921
D398.contig219	11404	0	0
D398.contig220	11242	377	13
D398.contig221	11200	88	5
D398.contig222	11186	7	2
D398.contig223	11168	1308	45
D398.contig224	11152	1108	22
D398.contig225	11136	1247	40
D398.contig226	11102	22915	764
D398.contig227	11090	0	0
D398.contig228	11055	0	0
D398.contig229	11033	2585	93
D398.contig230	11027	1261	59
D398.contig231	11019	617	11
D398.contig232	11012	206	10
D398.contig233	10926	82034	2936
D398.contig234	10887	13291	511
D398.contig235	10871	0	0
D398.contig236	10803	0	0
D398.contig237	10775	1121	30
D398.contig238	10704	0	0
D398.contig239	10670	0	0
D398.contig240	10586	550	14
D398.contig241	10525	64	5
D398.contig242	10512	0	0
D398.contig243	10510	0	0
D398.contig244	10482	3	3
D398.contig245	10472	4736	355
D398.contig246	10450	2046	30
D398.contig247	10384	0	0
D398.contig248	10325	1724	67
D398.contig249	10146	0	0
D398.contig250	10096	11	1
D398.contig251	10011	0	0
D398.contig252	9980	2	0
D398.contig253	9974	2	0
D398.contig254	9971	17	3
D398.contig255	9929	1441	64
D398.contig256	9818	0	0
D398.contig257	9813	607	23
D398.contig258	9771	364	10
D398.contig259	9764	898	28
D398.contig260	9748	0	0
D398.contig261	9718	0	0
D398.contig262	9608	866	38
D398.contig263	9602	1	1
D398.contig264	9536	6860	244
D398.contig265	9519	1201	34
D398.contig266	9518	436	13
D398.contig267	9516	0	0
D398.contig268	9402	0	0
D398.contig269	9370	4	1
D398.contig270	9339	52	7
D398.contig271	9329	0	0
D398.contig272	9304	7120	209
D398.contig273	9267	16	5
D398.contig274	9254	0	0
D398.contig275	9138	792	18
D398.contig276	9135	18	0
D398.contig277	9129	0	0
D398.contig278	9046	5379	184
D398.contig279	9018	0	0
D398.contig280	8983	0	0
D398.contig281	8949	957	41
D398.contig282	8945	275	8
D398.contig283	8929	799	28
D398.contig284	8902	293	13
D398.contig285	8832	592	26
D398.contig286	8830	0	0
D398.contig287	8725	0	0
D398.contig288	8687	2809	83
D398.contig289	8671	579	20
D398.contig290	8642	860	26
D398.contig291	8627	0	0
D398.contig292	8606	2165	114
D398.contig293	8586	0	0
D398.contig294	8579	0	0
D398.contig295	8555	0	0
D398.contig296	8547	12	0
D398.contig297	8523	0	0
D398.contig298	8517	1973	42
D398.contig299	8492	0	0
D398.contig300	8472	0	0
D398.contig301	8433	591	15
D398.contig302	8425	0	0
D398.contig303	8321	0	0
D398.contig304	8256	49	5
D398.contig305	8194	2598	101
D398.contig306	8185	597	40
D398.contig307	8156	1475	34
D398.contig308	8128	0	0
D398.contig309	8116	4	3
D398.contig310	8109	0	0
D398.contig311	8105	0	0
D398.contig312	8029	84	4
D398.contig313	7997	0	0
D398.contig314	7941	144	12
D398.contig315	7937	472	19
D398.contig316	7888	0	0
D398.contig317	7850	0	0
D398.contig318	7842	0	0
D398.contig319	7835	1082	37
D398.contig320	7823	62	8
D398.contig321	7815	0	0
D398.contig322	7796	297	9
D398.contig323	7791	1048	62
D398.contig324	7769	2232	125
D398.contig325	7750	1666	24
D398.contig326	7710	0	0
D398.contig327	7697	94	3
D398.contig328	7645	0	0
D398.contig329	7612	0	0
D398.contig330	7595	491	15
D398.contig331	7572	0	0
D398.contig332	7557	4	0
D398.contig333	7534	0	0
D398.contig334	7516	491	17
D398.contig335	7514	84	63
D398.contig336	7503	1102	48
D398.contig337	7480	953	47
D398.contig338	7445	0	0
D398.contig339	7444	0	0
D398.contig340	7411	2	0
D398.contig341	7391	0	0
D398.contig342	7390	0	0
D398.contig343	7356	0	0
D398.contig344	7347	7648	884
D398.contig345	7309	1	1
D398.contig346	7193	474	24
D398.contig347	7184	9657	163
D398.contig348	7184	555	33
D398.contig349	7134	1356	646
D398.contig350	7026	0	0
D398.contig351	6996	0	0
D398.contig352	6971	56430	1219
D398.contig353	6969	547	19
D398.contig354	6919	176	8
D398.contig355	6877	391	9
D398.contig356	6856	10347	246
D398.contig357	6799	7676	383
D398.contig358	6785	0	0
D398.contig359	6687	0	0
D398.contig360	6668	0	0
D398.contig361	6634	934	20
D398.contig362	6633	0	0
D398.contig363	6627	224	8
D398.contig364	6607	8207	409
D398.contig365	6604	0	0
D398.contig366	6599	2	0
D398.contig367	6590	0	0
D398.contig368	6587	0	0
D398.contig369	6549	462	26
D398.contig370	6492	55	3
D398.contig371	6459	1353	43
D398.contig372	6456	93	3
D398.contig373	6443	455	12
D398.contig374	6428	0	0
D398.contig375	6412	578	17
D398.contig376	6404	259	11
D398.contig377	6391	0	0
D398.contig378	6389	527	35
D398.contig379	6376	0	0
D398.contig380	6364	0	0
D398.contig381	6326	116	4
D398.contig382	6284	0	0
D398.contig383	6279	0	0
D398.contig384	6242	0	0
D398.contig385	6224	247	5
D398.contig386	6221	8	0
D398.contig387	6215	507	10
D398.contig388	6212	0	0
D398.contig389	6204	0	0
D398.contig390	6193	0	0
D398.contig391	6185	292	7
D398.contig392	6115	0	0
D398.contig393	6088	86	12
D398.contig394	6081	0	0
D398.contig395	6031	19	1
D398.contig396	5994	0	0
D398.contig397	5991	361	10
D398.contig398	5986	3	3
D398.contig399	5983	0	0
D398.contig400	5970	0	0
D398.contig401	5946	4	0
D398.contig402	5945	497	20
D398.contig403	5935	11	0
D398.contig404	5889	350	14
D398.contig405	5889	0	0
D398.contig406	5886	137	3
D398.contig407	5884	0	0
D398.contig408	5882	0	0
D398.contig409	5849	1	0
D398.contig410	5847	315	13
D398.contig411	5827	103149	4443
D398.contig412	5823	3792	279
D398.contig413	5792	0	0
D398.contig414	5791	0	0
D398.contig415	5770	0	0
D398.contig416	5752	193	4
D398.contig417	5743	0	0
D398.contig418	5724	77	3
D398.contig419	5699	0	0
D398.contig420	5677	303	10
D398.contig421	5662	20656	3650
D398.contig422	5650	0	0
D398.contig423	5627	0	0
D398.contig424	5625	171	6
D398.contig425	5616	0	0
D398.contig426	5616	0	0
D398.contig427	5556	118	6
D398.contig428	5554	23	3
D398.contig429	5529	0	0
D398.contig430	5527	0	0
D398.contig431	5520	0	0
D398.contig432	5489	334	34
D398.contig433	5479	0	0
D398.contig434	5475	92	2
D398.contig435	5462	0	0
D398.contig436	5459	895	75
D398.contig437	5420	400	26
D398.contig438	5417	4802	474
D398.contig439	5416	0	0
D398.contig440	5415	292	16
D398.contig441	5390	0	0
D398.contig442	5368	0	0
D398.contig443	5346	0	0
D398.contig444	5340	72	6
D398.contig445	5305	0	0
D398.contig446	5299	55	1
D398.contig447	5282	74	1
D398.contig448	5257	122	4
D398.contig449	5253	113	5
D398.contig450	5245	369	11
D398.contig451	5240	0	0
D398.contig452	5204	276	12
D398.contig453	5189	0	0
D398.contig454	5173	3735	126
D398.contig455	5172	0	0
D398.contig456	5167	545	21
D398.contig457	5123	325	18
D398.contig458	5120	0	0
D398.contig459	5102	0	0
D398.contig460	5077	7438	3441
D398.contig461	5049	118	1
D398.contig462	5038	35	6
D398.contig463	5020	503	21
D398.contig464	4997	213	11
D398.contig465	4997	2002	956
D398.contig466	4994	1615	44
D398.contig467	4976	0	0
D398.contig468	4972	377	17
D398.contig469	4967	1058	47
D398.contig470	4949	290	16
D398.contig471	4933	6852	143
D398.contig472	4930	308	18
D398.contig473	4928	269	6
D398.contig474	4926	0	0
D398.contig475	4917	0	0
D398.contig476	4900	0	0
D398.contig477	4895	313	11
D398.contig478	4865	397	13
D398.contig479	4863	319	13
D398.contig480	4861	79246	7699
D398.contig481	4859	139647	11557
D398.contig482	4826	0	0
D398.contig483	4805	6305	106
D398.contig484	4804	0	0
D398.contig485	4788	38	15
D398.contig486	4768	475	34
D398.contig487	4765	55683	1213
D398.contig488	4757	0	0
D398.contig489	4755	23	1
D398.contig490	4750	0	0
D398.contig491	4750	0	0
D398.contig492	4741	0	0
D398.contig493	4736	0	0
D398.contig494	4736	0	0
D398.contig495	4699	0	0
D398.contig496	4698	273	23
D398.contig497	4696	1	1
D398.contig498	4694	167	9
D398.contig499	4688	6759	544
D398.contig500	4656	2960	54
D398.contig501	4647	4	0
D398.contig502	4645	379	21
D398.contig503	4640	0	0
D398.contig504	4637	0	0
D398.contig505	4634	0	0
D398.contig506	4630	153	3
D398.contig507	4619	24	0
D398.contig508	4616	0	0
D398.contig509	4615	1113	50
D398.contig510	4606	2	2
D398.contig511	4604	28060	2022
D398.contig512	4585	0	0
D398.contig513	4558	0	0
D398.contig514	4522	586	11
D398.contig515	4520	1	0
D398.contig516	4519	279	15
D398.contig517	4512	1105	14
D398.contig518	4511	677	35
D398.contig519	4474	0	0
D398.contig520	4466	225	11
D398.contig521	4454	0	0
D398.contig522	4446	0	0
D398.contig523	4422	23118	12955
D398.contig524	4420	0	0
D398.contig525	4415	0	0
D398.contig526	4414	0	0
D398.contig527	4404	0	0
D398.contig528	4399	130	7
D398.contig529	4396	0	0
D398.contig530	4390	211	17
D398.contig531	4380	364	8
D398.contig532	4376	99	4
D398.contig533	4371	2	1
D398.contig534	4370	92	6
D398.contig535	4365	4	0
D398.contig536	4349	24	2
D398.contig537	4343	292	14
D398.contig538	4343	761	21
D398.contig539	4338	0	0
D398.contig540	4332	27346	2546
D398.contig541	4298	227	9
D398.contig542	4285	0	0
D398.contig543	4280	0	0
D398.contig544	4264	815	439
D398.contig545	4261	0	0
D398.contig546	4260	0	0
D398.contig547	4258	1	0
D398.contig548	4250	0	0
D398.contig549	4249	2	0
D398.contig550	4246	375	33
D398.contig551	4244	0	0
D398.contig552	4209	0	0
D398.contig553	4200	2	0
D398.contig554	4179	47	3
D398.contig555	4175	182	6
D398.contig556	4166	15417	839
D398.contig557	4151	363	21
D398.contig558	4150	3713	322
D398.contig559	4143	331	10
D398.contig560	4138	0	0
D398.contig561	4130	13812	395
D398.contig562	4130	1142	33
D398.contig563	4109	6	1
D398.contig564	4089	0	0
D398.contig565	4075	200	16
D398.contig566	4073	0	0
D398.contig567	4071	0	0
D398.contig568	4047	0	0
D398.contig569	4032	0	0
D398.contig570	4031	87	4
D398.contig571	4022	0	0
D398.contig572	4016	0	0
D398.contig573	4012	7034	156
D398.contig574	4008	0	0
D398.contig575	4002	0	0
D398.contig576	3992	0	0
D398.contig577	3986	171	6
D398.contig578	3985	1	1
D398.contig579	3968	579	37
D398.contig580	3964	2	2
D398.contig581	3962	0	0
D398.contig582	3945	1349	40
D398.contig583	3936	125	5
D398.contig584	3932	0	0
D398.contig585	3919	377	11
D398.contig586	3908	997	47
D398.contig587	3899	0	0
D398.contig588	3891	11988	104
D398.contig589	3882	0	0
D398.contig590	3872	0	0
D398.contig591	3865	0	0
D398.contig592	3849	0	0
D398.contig593	3846	0	0
D398.contig594	3845	0	0
D398.contig595	3841	153	9
D398.contig596	3840	4480	536
D398.contig597	3831	2434	30
D398.contig598	3829	1928	35
D398.contig599	3820	0	0
D398.contig600	3796	0	0
D398.contig601	3789	1756	234
D398.contig602	3771	150	18
D398.contig603	3767	0	0
D398.contig604	3747	0	0
D398.contig605	3745	3272	69
D398.contig606	3745	91	11
D398.contig607	3744	0	0
D398.contig608	3739	297	19
D398.contig609	3735	0	0
D398.contig610	3732	179	13
D398.contig611	3729	13980	1091
D398.contig612	3729	36	2
D398.contig613	3718	73	4
D398.contig614	3712	8	0
D398.contig615	3710	0	0
D398.contig616	3705	0	0
D398.contig617	3704	16709	929
D398.contig618	3691	118042	2364
D398.contig619	3687	0	0
D398.contig620	3684	800	55
D398.contig621	3680	813	550
D398.contig622	3675	0	0
D398.contig623	3662	0	0
D398.contig624	3659	2	0
D398.contig625	3646	5493	835
D398.contig626	3636	2	0
D398.contig627	3629	46	2
D398.contig628	3628	78	5
D398.contig629	3628	0	0
D398.contig630	3613	17296	3234
D398.contig631	3610	0	0
D398.contig632	3601	0	0
D398.contig633	3597	63313	1535
D398.contig634	3589	166	12
D398.contig635	3588	0	0
D398.contig636	3586	76	0
D398.contig637	3569	91	3
D398.contig638	3568	0	0
D398.contig639	3558	2636	171
D398.contig640	3557	0	0
D398.contig641	3540	0	0
D398.contig642	3537	0	0
D398.contig643	3518	21	6
D398.contig644	3512	0	0
D398.contig645	3482	4	0
D398.contig646	3478	0	0
D398.contig647	3474	5	0
D398.contig648	3471	405	39
D398.contig649	3460	317	9
D398.contig650	3455	0	0
D398.contig651	3441	16432	1560
D398.contig652	3437	0	0
D398.contig653	3433	126556	13639
D398.contig654	3422	0	0
D398.contig655	3421	0	0
D398.contig656	3411	0	0
D398.contig657	3405	0	0
D398.contig658	3399	21	1
D398.contig659	3395	202	18
D398.contig660	3394	1	1
D398.contig661	3382	0	0
D398.contig662	3382	0	0
D398.contig663	3370	0	0
D398.contig664	3369	0	0
D398.contig665	3359	0	0
D398.contig666	3355	1	0
D398.contig667	3347	4	0
D398.contig668	3346	179	9
D398.contig669	3342	1	1
D398.contig670	3336	26	0
D398.contig671	3319	23	3
D398.contig672	3317	8269	463
D398.contig673	3312	0	0
D398.contig674	3306	0	0
D398.contig675	3281	483	91
D398.contig676	3278	3	1
D398.contig677	3275	23	2
D398.contig678	3271	71	3
D398.contig679	3271	0	0
D398.contig680	3266	0	0
D398.contig681	3264	23	1
D398.contig682	3256	159	9
D398.contig683	3255	0	0
D398.contig684	3253	169	17
D398.contig685	3245	0	0
D398.contig686	3240	0	0
D398.contig687	3238	2795	180
D398.contig688	3236	0	0
D398.contig689	3231	199	8
D398.contig690	3221	64	10
D398.contig691	3219	0	0
D398.contig692	3217	615	11
D398.contig693	3214	0	0
D398.contig694	3211	115	3
D398.contig695	3196	0	0
D398.contig696	3187	66	4
D398.contig697	3183	0	0
D398.contig698	3172	188	8
D398.contig699	3171	0	0
D398.contig700	3166	189	4
D398.contig701	3158	106	4
D398.contig702	3158	212	10
D398.contig703	3157	0	0
D398.contig704	3155	0	0
D398.contig705	3153	0	0
D398.contig706	3148	9807	1401
D398.contig707	3145	208	7
D398.contig708	3142	0	0
D398.contig709	3131	1309	101
D398.contig710	3131	8709	625
D398.contig711	3127	0	0
D398.contig712	3126	0	0
D398.contig713	3117	1326	121
D398.contig714	3113	10	4
D398.contig715	3109	66	2
D398.contig716	3101	10	0
D398.contig717	3097	0	0
D398.contig718	3080	505	105
D398.contig719	3079	18	4
D398.contig720	3077	323	13
D398.contig721	3064	907	20
D398.contig722	3063	1592	31
D398.contig723	3062	0	0
D398.contig724	3061	73	9
D398.contig725	3058	1103	80
D398.contig726	3051	147	8
D398.contig727	3043	156	12
D398.contig728	3042	1179	37
D398.contig729	3039	127	7
D398.contig730	3033	0	0
D398.contig731	3033	0	0
D398.contig732	3023	0	0
D398.contig733	3017	0	0
D398.contig734	3014	0	0
D398.contig735	3008	89	13
D398.contig736	3005	271	17
D398.contig737	3005	0	0
D398.contig738	3003	160	9
D398.contig739	3002	136	14
D398.contig740	3002	244	13
*	0	0	1513296
