D398.contig1	107845	2828	53
D398.contig2	95754	1530	59
D398.contig3	82999	3785	64
D398.contig4	76978	4497	64
D398.contig5	73971	14427	178
D398.contig6	64077	0	0
D398.contig7	59425	2344	74
D398.contig8	57635	2611	40
D398.contig9	56881	3749	62
D398.contig10	56383	8316	142
D398.contig11	53869	880	16
D398.contig12	53116	1251	23
D398.contig13	51176	5283	125
D398.contig14	48222	1687	20
D398.contig15	44706	1197	33
D398.contig16	43285	1108	15
D398.contig17	42790	1259	23
D398.contig18	42769	1019	24
D398.contig19	40872	0	0
D398.contig20	40559	0	0
D398.contig21	39937	0	0
D398.contig22	39920	313	9
D398.contig23	39111	0	0
D398.contig24	38393	1053	17
D398.contig25	38188	1579	27
D398.contig26	37943	392	12
D398.contig27	37419	0	0
D398.contig28	37030	375	5
D398.contig29	36361	0	0
D398.contig30	35846	360	6
D398.contig31	35788	176	4
D398.contig32	34741	0	0
D398.contig33	34490	2238	797
D398.contig34	34489	0	0
D398.contig35	34161	0	0
D398.contig36	34018	12736	272
D398.contig37	33992	1518	40
D398.contig38	33932	0	0
D398.contig39	33331	0	0
D398.contig40	33243	0	0
D398.contig41	32913	2113	147
D398.contig42	32550	643	11
D398.contig43	32315	757	10
D398.contig44	32261	0	0
D398.contig45	31937	0	0
D398.contig46	31885	369	8
D398.contig47	31821	0	0
D398.contig48	31722	1734	64
D398.contig49	30897	133	3
D398.contig50	30675	0	0
D398.contig51	30509	174	2
D398.contig52	30466	0	0
D398.contig53	30169	145	3
D398.contig54	29498	58	4
D398.contig55	28995	0	0
D398.contig56	28979	137	1
D398.contig57	28521	2696	46
D398.contig58	28326	1304	20
D398.contig59	28321	293	13
D398.contig60	28079	425	7
D398.contig61	28076	0	0
D398.contig62	27969	1591	22
D398.contig63	27745	699	21
D398.contig64	27424	375	7
D398.contig65	27297	1723	42
D398.contig66	27239	502	11
D398.contig67	26850	300	8
D398.contig68	26671	1	1
D398.contig69	26382	2772	46
D398.contig70	26365	32	2
D398.contig71	26261	216	4
D398.contig72	26009	225	3
D398.contig73	25978	325	5
D398.contig74	25715	1033	15
D398.contig75	25703	47	1
D398.contig76	25681	0	0
D398.contig77	25604	559	7
D398.contig78	25579	262	3
D398.contig79	25485	1747	139
D398.contig80	25467	562	5
D398.contig81	25402	0	0
D398.contig82	25262	0	0
D398.contig83	24852	967	11
D398.contig84	24846	1433	53
D398.contig85	24808	607	32
D398.contig86	24355	1385	22
D398.contig87	23586	63	6
D398.contig88	23393	52	0
D398.contig89	23118	0	0
D398.contig90	22802	139	1
D398.contig91	22769	685	9
D398.contig92	22604	0	0
D398.contig93	22570	364	12
D398.contig94	21941	0	0
D398.contig95	21922	0	0
D398.contig96	21711	247	13
D398.contig97	21583	859	15
D398.contig98	21453	0	0
D398.contig99	21353	117	1
D398.contig100	21085	144	2
D398.contig101	20862	10442	239
D398.contig102	20826	702	31
D398.contig103	20714	0	0
D398.contig104	20623	0	0
D398.contig105	20568	0	0
D398.contig106	20295	130	2
D398.contig107	20158	2696	1419
D398.contig108	19794	0	0
D398.contig109	19644	0	0
D398.contig110	19503	548	7
D398.contig111	19402	58	0
D398.contig112	19321	0	0
D398.contig113	19127	334	8
D398.contig114	18884	0	0
D398.contig115	18854	94	0
D398.contig116	18793	530	10
D398.contig117	18721	256	10
D398.contig118	18686	97	1
D398.contig119	18653	0	0
D398.contig120	18513	156	4
D398.contig121	18486	167	3
D398.contig122	18402	0	0
D398.contig123	18388	88	4
D398.contig124	18024	1	1
D398.contig125	18000	2044	51
D398.contig126	17867	113	3
D398.contig127	17502	0	0
D398.contig128	17490	146	2
D398.contig129	17355	0	0
D398.contig130	17352	21	1
D398.contig131	17317	3167	117
D398.contig132	17111	417	9
D398.contig133	17104	0	0
D398.contig134	17001	12	0
D398.contig135	16843	0	0
D398.contig136	16807	169	7
D398.contig137	16724	105	7
D398.contig138	16717	75	3
D398.contig139	16710	127	0
D398.contig140	16553	0	0
D398.contig141	16498	66	0
D398.contig142	16312	0	0
D398.contig143	16266	29	1
D398.contig144	16180	0	0
D398.contig145	16110	194	5
D398.contig146	16086	0	0
D398.contig147	16035	0	0
D398.contig148	15767	309	15
D398.contig149	15631	686	19
D398.contig150	15548	346	20
D398.contig151	15507	224	6
D398.contig152	15494	0	0
D398.contig153	15389	322	14
D398.contig154	15297	3166	2064
D398.contig155	15273	0	0
D398.contig156	15199	61	1
D398.contig157	15017	493	5
D398.contig158	14953	0	0
D398.contig159	14934	0	0
D398.contig160	14929	635	22
D398.contig161	14872	5176	130
D398.contig162	14793	0	0
D398.contig163	14739	333	12
D398.contig164	14679	0	0
D398.contig165	14648	0	0
D398.contig166	14603	809	14
D398.contig167	14589	4620	144
D398.contig168	14498	2	0
D398.contig169	14336	1879	95
D398.contig170	14289	1038	18
D398.contig171	14247	0	0
D398.contig172	14131	150	2
D398.contig173	14033	40	2
D398.contig174	13956	949	83
D398.contig175	13948	0	0
D398.contig176	13920	0	0
D398.contig177	13810	1838	64
D398.contig178	13803	15	1
D398.contig179	13802	2299	93
D398.contig180	13762	2	0
D398.contig181	13657	1164	57
D398.contig182	13645	181	3
D398.contig183	13560	66	2
D398.contig184	13543	0	0
D398.contig185	13518	189	3
D398.contig186	13444	4679	268
D398.contig187	13428	0	0
D398.contig188	13358	0	0
D398.contig189	13349	18	0
D398.contig190	13293	62	4
D398.contig191	13237	0	0
D398.contig192	13038	78	8
D398.contig193	13022	178	6
D398.contig194	12973	40	2
D398.contig195	12889	105	2
D398.contig196	12845	0	0
D398.contig197	12754	126	3
D398.contig198	12692	0	0
D398.contig199	12683	0	0
D398.contig200	12649	0	0
D398.contig201	12569	0	0
D398.contig202	12506	0	0
D398.contig203	12407	1909	60
D398.contig204	12344	10	0
D398.contig205	12319	0	0
D398.contig206	12275	88	2
D398.contig207	12233	20	0
D398.contig208	12119	0	0
D398.contig209	12002	2	0
D398.contig210	11957	0	0
D398.contig211	11864	0	0
D398.contig212	11825	845	17
D398.contig213	11806	0	0
D398.contig214	11650	56	2
D398.contig215	11637	0	0
D398.contig216	11567	174	10
D398.contig217	11464	0	0
D398.contig218	11453	41	17
D398.contig219	11404	103	3
D398.contig220	11242	0	0
D398.contig221	11200	0	0
D398.contig222	11186	2194	80
D398.contig223	11168	0	0
D398.contig224	11152	0	0
D398.contig225	11136	0	0
D398.contig226	11102	0	0
D398.contig227	11090	26	0
D398.contig228	11055	725	75
D398.contig229	11033	0	0
D398.contig230	11027	4	0
D398.contig231	11019	0	0
D398.contig232	11012	0	0
D398.contig233	10926	0	0
D398.contig234	10887	0	0
D398.contig235	10871	115	7
D398.contig236	10803	68	2
D398.contig237	10775	310	54
D398.contig238	10704	119	4
D398.contig239	10670	937	296
D398.contig240	10586	0	0
D398.contig241	10525	282	4
D398.contig242	10512	460	15
D398.contig243	10510	0	0
D398.contig244	10482	41	1
D398.contig245	10472	0	0
D398.contig246	10450	0	0
D398.contig247	10384	34	0
D398.contig248	10325	0	0
D398.contig249	10146	38	0
D398.contig250	10096	0	0
D398.contig251	10011	182	4
D398.contig252	9980	0	0
D398.contig253	9974	69	3
D398.contig254	9971	1424	47
D398.contig255	9929	0	0
D398.contig256	9818	254	5
D398.contig257	9813	0	0
D398.contig258	9771	0	0
D398.contig259	9764	1	0
D398.contig260	9748	87	1
D398.contig261	9718	2302	46
D398.contig262	9608	0	0
D398.contig263	9602	305	7
D398.contig264	9536	0	0
D398.contig265	9519	0	0
D398.contig266	9518	0	0
D398.contig267	9516	18	0
D398.contig268	9402	266	6
D398.contig269	9370	20	2
D398.contig270	9339	1935	60
D398.contig271	9329	1031	38
D398.contig272	9304	0	0
D398.contig273	9267	63	4
D398.contig274	9254	252	9
D398.contig275	9138	0	0
D398.contig276	9135	0	0
D398.contig277	9129	0	0
D398.contig278	9046	0	0
D398.contig279	9018	14	0
D398.contig280	8983	42	4
D398.contig281	8949	0	0
D398.contig282	8945	0	0
D398.contig283	8929	0	0
D398.contig284	8902	0	0
D398.contig285	8832	0	0
D398.contig286	8830	104	10
D398.contig287	8725	11	1
D398.contig288	8687	0	0
D398.contig289	8671	0	0
D398.contig290	8642	0	0
D398.contig291	8627	82	2
D398.contig292	8606	0	0
D398.contig293	8586	36	2
D398.contig294	8579	0	0
D398.contig295	8555	322	6
D398.contig296	8547	0	0
D398.contig297	8523	0	0
D398.contig298	8517	0	0
D398.contig299	8492	0	0
D398.contig300	8472	30	0
D398.contig301	8433	0	0
D398.contig302	8425	292	6
D398.contig303	8321	3	1
D398.contig304	8256	0	0
D398.contig305	8194	0	0
D398.contig306	8185	0	0
D398.contig307	8156	0	0
D398.contig308	8128	0	0
D398.contig309	8116	165	3
D398.contig310	8109	34	4
D398.contig311	8105	285	7
D398.contig312	8029	0	0
D398.contig313	7997	31	1
D398.contig314	7941	0	0
D398.contig315	7937	0	0
D398.contig316	7888	0	0
D398.contig317	7850	8	2
D398.contig318	7842	16	0
D398.contig319	7835	0	0
D398.contig320	7823	0	0
D398.contig321	7815	433	19
D398.contig322	7796	0	0
D398.contig323	7791	0	0
D398.contig324	7769	0	0
D398.contig325	7750	0	0
D398.contig326	7710	81	1
D398.contig327	7697	1	0
D398.contig328	7645	907	20
D398.contig329	7612	361	17
D398.contig330	7595	0	0
D398.contig331	7572	215	2
D398.contig332	7557	0	0
D398.contig333	7534	10	0
D398.contig334	7516	0	0
D398.contig335	7514	363	52
D398.contig336	7503	0	0
D398.contig337	7480	0	0
D398.contig338	7445	132	2
D398.contig339	7444	4	2
D398.contig340	7411	26	0
D398.contig341	7391	2559	84
D398.contig342	7390	22	0
D398.contig343	7356	29	1
D398.contig344	7347	0	0
D398.contig345	7309	1604	461
D398.contig346	7193	0	0
D398.contig347	7184	0	0
D398.contig348	7184	0	0
D398.contig349	7134	0	0
D398.contig350	7026	10	0
D398.contig351	6996	0	0
D398.contig352	6971	0	0
D398.contig353	6969	0	0
D398.contig354	6919	0	0
D398.contig355	6877	0	0
D398.contig356	6856	0	0
D398.contig357	6799	0	0
D398.contig358	6785	0	0
D398.contig359	6687	38	0
D398.contig360	6668	39	1
D398.contig361	6634	0	0
D398.contig362	6633	0	0
D398.contig363	6627	0	0
D398.contig364	6607	0	0
D398.contig365	6604	0	0
D398.contig366	6599	0	0
D398.contig367	6590	6	0
D398.contig368	6587	625	6
D398.contig369	6549	0	0
D398.contig370	6492	0	0
D398.contig371	6459	0	0
D398.contig372	6456	0	0
D398.contig373	6443	0	0
D398.contig374	6428	0	0
D398.contig375	6412	0	0
D398.contig376	6404	0	0
D398.contig377	6391	1110	46
D398.contig378	6389	0	0
D398.contig379	6376	14	0
D398.contig380	6364	0	0
D398.contig381	6326	0	0
D398.contig382	6284	16	0
D398.contig383	6279	27	1
D398.contig384	6242	2	0
D398.contig385	6224	0	0
D398.contig386	6221	0	0
D398.contig387	6215	9	1
D398.contig388	6212	44	1
D398.contig389	6204	0	0
D398.contig390	6193	66	1
D398.contig391	6185	0	0
D398.contig392	6115	0	0
D398.contig393	6088	1022	37
D398.contig394	6081	175	7
D398.contig395	6031	45	1
D398.contig396	5994	0	0
D398.contig397	5991	0	0
D398.contig398	5986	18	0
D398.contig399	5983	0	0
D398.contig400	5970	62	3
D398.contig401	5946	0	0
D398.contig402	5945	0	0
D398.contig403	5935	0	0
D398.contig404	5889	0	0
D398.contig405	5889	538	33
D398.contig406	5886	0	0
D398.contig407	5884	0	0
D398.contig408	5882	409	9
D398.contig409	5849	120	6
D398.contig410	5847	0	0
D398.contig411	5827	11	5
D398.contig412	5823	0	0
D398.contig413	5792	24	4
D398.contig414	5791	30	2
D398.contig415	5770	0	0
D398.contig416	5752	0	0
D398.contig417	5743	29	5
D398.contig418	5724	0	0
D398.contig419	5699	55	3
D398.contig420	5677	0	0
D398.contig421	5662	0	0
D398.contig422	5650	5	1
D398.contig423	5627	18	0
D398.contig424	5625	0	0
D398.contig425	5616	15	2
D398.contig426	5616	26	0
D398.contig427	5556	792	47
D398.contig428	5554	0	0
D398.contig429	5529	6	1
D398.contig430	5527	0	0
D398.contig431	5520	23	0
D398.contig432	5489	0	0
D398.contig433	5479	15	3
D398.contig434	5475	0	0
D398.contig435	5462	968	17
D398.contig436	5459	0	0
D398.contig437	5420	0	0
D398.contig438	5417	0	0
D398.contig439	5416	25	1
D398.contig440	5415	0	0
D398.contig441	5390	0	0
D398.contig442	5368	167	9
D398.contig443	5346	44	0
D398.contig444	5340	101	2
D398.contig445	5305	22	0
D398.contig446	5299	0	0
D398.contig447	5282	0	0
D398.contig448	5257	0	0
D398.contig449	5253	0	0
D398.contig450	5245	0	0
D398.contig451	5240	0	0
D398.contig452	5204	0	0
D398.contig453	5189	264	7
D398.contig454	5173	0	0
D398.contig455	5172	0	0
D398.contig456	5167	0	0
D398.contig457	5123	0	0
D398.contig458	5120	0	0
D398.contig459	5102	0	0
D398.contig460	5077	0	0
D398.contig461	5049	0	0
D398.contig462	5038	3869180	195083
D398.contig463	5020	0	0
D398.contig464	4997	0	0
D398.contig465	4997	0	0
D398.contig466	4994	0	0
D398.contig467	4976	24	0
D398.contig468	4972	0	0
D398.contig469	4967	0	0
D398.contig470	4949	0	0
D398.contig471	4933	0	0
D398.contig472	4930	0	0
D398.contig473	4928	0	0
D398.contig474	4926	0	0
D398.contig475	4917	48	2
D398.contig476	4900	10	0
D398.contig477	4895	0	0
D398.contig478	4865	0	0
D398.contig479	4863	0	0
D398.contig480	4861	0	0
D398.contig481	4859	0	0
D398.contig482	4826	72	2
D398.contig483	4805	0	0
D398.contig484	4804	1710	90
D398.contig485	4788	1212	70
D398.contig486	4768	2	0
D398.contig487	4765	0	0
D398.contig488	4757	0	0
D398.contig489	4755	0	0
D398.contig490	4750	1135	96
D398.contig491	4750	15	5
D398.contig492	4741	14	0
D398.contig493	4736	0	0
D398.contig494	4736	1201	74
D398.contig495	4699	549	22
D398.contig496	4698	0	0
D398.contig497	4696	2	0
D398.contig498	4694	0	0
D398.contig499	4688	0	0
D398.contig500	4656	0	0
D398.contig501	4647	0	0
D398.contig502	4645	0	0
D398.contig503	4640	8	0
D398.contig504	4637	129	5
D398.contig505	4634	0	0
D398.contig506	4630	0	0
D398.contig507	4619	0	0
D398.contig508	4616	57	2
D398.contig509	4615	0	0
D398.contig510	4606	893	81
D398.contig511	4604	0	0
D398.contig512	4585	3	1
D398.contig513	4558	0	0
D398.contig514	4522	0	0
D398.contig515	4520	30	0
D398.contig516	4519	0	0
D398.contig517	4512	0	0
D398.contig518	4511	0	0
D398.contig519	4474	24	0
D398.contig520	4466	0	0
D398.contig521	4454	0	0
D398.contig522	4446	7	1
D398.contig523	4422	0	0
D398.contig524	4420	1	1
D398.contig525	4415	13	1
D398.contig526	4414	0	0
D398.contig527	4404	0	0
D398.contig528	4399	0	0
D398.contig529	4396	34	2
D398.contig530	4390	0	0
D398.contig531	4380	0	0
D398.contig532	4376	0	0
D398.contig533	4371	540	60
D398.contig534	4370	0	0
D398.contig535	4365	0	0
D398.contig536	4349	0	0
D398.contig537	4343	0	0
D398.contig538	4343	0	0
D398.contig539	4338	17	1
D398.contig540	4332	0	0
D398.contig541	4298	0	0
D398.contig542	4285	0	0
D398.contig543	4280	0	0
D398.contig544	4264	0	0
D398.contig545	4261	0	0
D398.contig546	4260	0	0
D398.contig547	4258	2	0
D398.contig548	4250	0	0
D398.contig549	4249	1019	78
D398.contig550	4246	0	0
D398.contig551	4244	25	0
D398.contig552	4209	57	7
D398.contig553	4200	0	0
D398.contig554	4179	0	0
D398.contig555	4175	0	0
D398.contig556	4166	0	0
D398.contig557	4151	2	2
D398.contig558	4150	0	0
D398.contig559	4143	0	0
D398.contig560	4138	14	0
D398.contig561	4130	25	15
D398.contig562	4130	0	0
D398.contig563	4109	0	0
D398.contig564	4089	0	0
D398.contig565	4075	0	0
D398.contig566	4073	189	6
D398.contig567	4071	29	1
D398.contig568	4047	7	0
D398.contig569	4032	22	2
D398.contig570	4031	10	9
D398.contig571	4022	4	0
D398.contig572	4016	0	0
D398.contig573	4012	0	0
D398.contig574	4008	0	0
D398.contig575	4002	16	2
D398.contig576	3992	0	0
D398.contig577	3986	0	0
D398.contig578	3985	8	0
D398.contig579	3968	0	0
D398.contig580	3964	564	10
D398.contig581	3962	0	0
D398.contig582	3945	0	0
D398.contig583	3936	0	0
D398.contig584	3932	0	0
D398.contig585	3919	2	0
D398.contig586	3908	0	0
D398.contig587	3899	11	1
D398.contig588	3891	0	0
D398.contig589	3882	0	0
D398.contig590	3872	5	1
D398.contig591	3865	0	0
D398.contig592	3849	0	0
D398.contig593	3846	870	36
D398.contig594	3845	64	0
D398.contig595	3841	0	0
D398.contig596	3840	0	0
D398.contig597	3831	0	0
D398.contig598	3829	0	0
D398.contig599	3820	0	0
D398.contig600	3796	0	0
D398.contig601	3789	0	0
D398.contig602	3771	0	0
D398.contig603	3767	64	23
D398.contig604	3747	84	18
D398.contig605	3745	0	0
D398.contig606	3745	0	0
D398.contig607	3744	78	2
D398.contig608	3739	0	0
D398.contig609	3735	0	0
D398.contig610	3732	0	0
D398.contig611	3729	0	0
D398.contig612	3729	0	0
D398.contig613	3718	0	0
D398.contig614	3712	0	0
D398.contig615	3710	0	0
D398.contig616	3705	1273	80
D398.contig617	3704	0	0
D398.contig618	3691	0	0
D398.contig619	3687	14	0
D398.contig620	3684	131	27
D398.contig621	3680	0	0
D398.contig622	3675	8	0
D398.contig623	3662	0	0
D398.contig624	3659	0	0
D398.contig625	3646	0	0
D398.contig626	3636	233	92
D398.contig627	3629	0	0
D398.contig628	3628	0	0
D398.contig629	3628	175	8
D398.contig630	3613	0	0
D398.contig631	3610	3	1
D398.contig632	3601	4	0
D398.contig633	3597	0	0
D398.contig634	3589	0	0
D398.contig635	3588	0	0
D398.contig636	3586	0	0
D398.contig637	3569	0	0
D398.contig638	3568	304	1
D398.contig639	3558	0	0
D398.contig640	3557	0	0
D398.contig641	3540	0	0
D398.contig642	3537	0	0
D398.contig643	3518	2276	213
D398.contig644	3512	1040	27
D398.contig645	3482	2	0
D398.contig646	3478	10	0
D398.contig647	3474	0	0
D398.contig648	3471	0	0
D398.contig649	3460	0	0
D398.contig650	3455	25	1
D398.contig651	3441	0	0
D398.contig652	3437	0	0
D398.contig653	3433	0	0
D398.contig654	3422	0	0
D398.contig655	3421	40	0
D398.contig656	3411	9	1
D398.contig657	3405	258	14
D398.contig658	3399	0	0
D398.contig659	3395	0	0
D398.contig660	3394	0	0
D398.contig661	3382	0	0
D398.contig662	3382	0	0
D398.contig663	3370	20	1
D398.contig664	3369	2	0
D398.contig665	3359	3	1
D398.contig666	3355	0	0
D398.contig667	3347	0	0
D398.contig668	3346	0	0
D398.contig669	3342	25	0
D398.contig670	3336	0	0
D398.contig671	3319	0	0
D398.contig672	3317	0	0
D398.contig673	3312	0	0
D398.contig674	3306	43	3
D398.contig675	3281	0	0
D398.contig676	3278	25	1
D398.contig677	3275	0	0
D398.contig678	3271	0	0
D398.contig679	3271	176	10
D398.contig680	3266	8	0
D398.contig681	3264	0	0
D398.contig682	3256	0	0
D398.contig683	3255	0	0
D398.contig684	3253	0	0
D398.contig685	3245	0	0
D398.contig686	3240	0	0
D398.contig687	3238	0	0
D398.contig688	3236	18	1
D398.contig689	3231	0	0
D398.contig690	3221	0	0
D398.contig691	3219	0	0
D398.contig692	3217	0	0
D398.contig693	3214	142	56
D398.contig694	3211	0	0
D398.contig695	3196	0	0
D398.contig696	3187	0	0
D398.contig697	3183	887	18
D398.contig698	3172	0	0
D398.contig699	3171	28	4
D398.contig700	3166	0	0
D398.contig701	3158	0	0
D398.contig702	3158	0	0
D398.contig703	3157	421	8
D398.contig704	3155	0	0
D398.contig705	3153	48	3
D398.contig706	3148	0	0
D398.contig707	3145	0	0
D398.contig708	3142	6	0
D398.contig709	3131	0	0
D398.contig710	3131	0	0
D398.contig711	3127	0	0
D398.contig712	3126	0	0
D398.contig713	3117	0	0
D398.contig714	3113	0	0
D398.contig715	3109	0	0
D398.contig716	3101	0	0
D398.contig717	3097	207	17
D398.contig718	3080	0	0
D398.contig719	3079	0	0
D398.contig720	3077	0	0
D398.contig721	3064	0	0
D398.contig722	3063	0	0
D398.contig723	3062	2	0
D398.contig724	3061	0	0
D398.contig725	3058	0	0
D398.contig726	3051	0	0
D398.contig727	3043	0	0
D398.contig728	3042	0	0
D398.contig729	3039	0	0
D398.contig730	3033	0	0
D398.contig731	3033	6	2
D398.contig732	3023	36	1
D398.contig733	3017	24	4
D398.contig734	3014	5	1
D398.contig735	3008	0	0
D398.contig736	3005	5	3
D398.contig737	3005	2	0
D398.contig738	3003	0	0
D398.contig739	3002	2	0
D398.contig740	3002	0	0
*	0	0	207882
