D398.contig1	107845	9390	170
D398.contig2	95754	6380	722
D398.contig3	82999	10252	183
D398.contig4	76978	6981	117
D398.contig5	73971	7679	132
D398.contig6	64077	56368	1367
D398.contig7	59425	2694	50
D398.contig8	57635	6356	102
D398.contig9	56881	11604	178
D398.contig10	56383	6358	118
D398.contig11	53869	3049	51
D398.contig12	53116	2320	34
D398.contig13	51176	13992	320
D398.contig14	48222	6512	146
D398.contig15	44706	2089	39
D398.contig16	43285	3860	43
D398.contig17	42790	6917	130
D398.contig18	42769	4075	81
D398.contig19	40872	1367	31
D398.contig20	40559	161798	3085
D398.contig21	39937	6020	163
D398.contig22	39920	1838	20
D398.contig23	39111	7824	156
D398.contig24	38393	3043	63
D398.contig25	38188	4255	66
D398.contig26	37943	3515	77
D398.contig27	37419	21	7
D398.contig28	37030	1299	23
D398.contig29	36361	18290	388
D398.contig30	35846	1988	55
D398.contig31	35788	1765	53
D398.contig32	34741	0	0
D398.contig33	34490	4883	244
D398.contig34	34489	24755	608
D398.contig35	34161	9651	235
D398.contig36	34018	29361	575
D398.contig37	33992	6498	125
D398.contig38	33932	0	0
D398.contig39	33331	0	0
D398.contig40	33243	2	0
D398.contig41	32913	612	58
D398.contig42	32550	1955	27
D398.contig43	32315	3189	56
D398.contig44	32261	7619	176
D398.contig45	31937	173	18
D398.contig46	31885	1038	22
D398.contig47	31821	5	0
D398.contig48	31722	8783	247
D398.contig49	30897	1197	27
D398.contig50	30675	26782	690
D398.contig51	30509	1155	17
D398.contig52	30466	5984	76
D398.contig53	30169	1629	29
D398.contig54	29498	959	16
D398.contig55	28995	5429	97
D398.contig56	28979	901	17
D398.contig57	28521	9667	161
D398.contig58	28326	5198	90
D398.contig59	28321	755	19
D398.contig60	28079	1720	42
D398.contig61	28076	9769	287
D398.contig62	27969	2576	29
D398.contig63	27745	804	15
D398.contig64	27424	1279	23
D398.contig65	27297	3865	146
D398.contig66	27239	4049	75
D398.contig67	26850	1823	70
D398.contig68	26671	39129	564
D398.contig69	26382	7363	154
D398.contig70	26365	71	11
D398.contig71	26261	1735	64
D398.contig72	26009	1206	25
D398.contig73	25978	1807	36
D398.contig74	25715	2202	30
D398.contig75	25703	1959	40
D398.contig76	25681	421	11
D398.contig77	25604	1414	26
D398.contig78	25579	1294	19
D398.contig79	25485	4081	302
D398.contig80	25467	4356	41
D398.contig81	25402	1485	35
D398.contig82	25262	7308	150
D398.contig83	24852	1672	23
D398.contig84	24846	1601	44
D398.contig85	24808	3109	70
D398.contig86	24355	4204	90
D398.contig87	23586	1043	107
D398.contig88	23393	309	5
D398.contig89	23118	31959	853
D398.contig90	22802	981	20
D398.contig91	22769	1176	24
D398.contig92	22604	0	0
D398.contig93	22570	788	8
D398.contig94	21941	0	0
D398.contig95	21922	171	65
D398.contig96	21711	816	17
D398.contig97	21583	1592	26
D398.contig98	21453	0	0
D398.contig99	21353	332	9
D398.contig100	21085	1500	38
D398.contig101	20862	12938	407
D398.contig102	20826	9040	201
D398.contig103	20714	0	0
D398.contig104	20623	16	5
D398.contig105	20568	18655	480
D398.contig106	20295	560	12
D398.contig107	20158	5569	573
D398.contig108	19794	0	0
D398.contig109	19644	283013	8633
D398.contig110	19503	754	14
D398.contig111	19402	674	13
D398.contig112	19321	44807	1020
D398.contig113	19127	1174	23
D398.contig114	18884	89696	1934
D398.contig115	18854	1049	14
D398.contig116	18793	1671	51
D398.contig117	18721	1653	35
D398.contig118	18686	2151	66
D398.contig119	18653	0	0
D398.contig120	18513	1285	22
D398.contig121	18486	600	16
D398.contig122	18402	2150	48
D398.contig123	18388	546	8
D398.contig124	18024	2706	64
D398.contig125	18000	12738	284
D398.contig126	17867	1623	32
D398.contig127	17502	0	0
D398.contig128	17490	625	8
D398.contig129	17355	0	0
D398.contig130	17352	516	10
D398.contig131	17317	10470	337
D398.contig132	17111	896	30
D398.contig133	17104	32	2
D398.contig134	17001	397	21
D398.contig135	16843	3308	77
D398.contig136	16807	1135	41
D398.contig137	16724	800	17
D398.contig138	16717	887	14
D398.contig139	16710	646	7
D398.contig140	16553	2098	72
D398.contig141	16498	442	1
D398.contig142	16312	26734	416
D398.contig143	16266	724	20
D398.contig144	16180	0	0
D398.contig145	16110	2159	69
D398.contig146	16086	2488	45
D398.contig147	16035	3096	63
D398.contig148	15767	226	4
D398.contig149	15631	903	14
D398.contig150	15548	2278	76
D398.contig151	15507	502	8
D398.contig152	15494	70781	1726
D398.contig153	15389	1576	54
D398.contig154	15297	2311	635
D398.contig155	15273	361	10
D398.contig156	15199	1073	18
D398.contig157	15017	316	8
D398.contig158	14953	2	0
D398.contig159	14934	0	0
D398.contig160	14929	353	9
D398.contig161	14872	519	9
D398.contig162	14793	0	0
D398.contig163	14739	1414	44
D398.contig164	14679	0	0
D398.contig165	14648	6687	220
D398.contig166	14603	3263	67
D398.contig167	14589	13599	445
D398.contig168	14498	17	0
D398.contig169	14336	4996	200
D398.contig170	14289	986	24
D398.contig171	14247	4	0
D398.contig172	14131	1319	35
D398.contig173	14033	678	15
D398.contig174	13956	3060	253
D398.contig175	13948	0	0
D398.contig176	13920	11	2
D398.contig177	13810	5835	117
D398.contig178	13803	214	4
D398.contig179	13802	4946	190
D398.contig180	13762	0	0
D398.contig181	13657	2624	149
D398.contig182	13645	456	8
D398.contig183	13560	636	26
D398.contig184	13543	0	0
D398.contig185	13518	531	7
D398.contig186	13444	8988	624
D398.contig187	13428	1782	57
D398.contig188	13358	2	0
D398.contig189	13349	344	5
D398.contig190	13293	445	10
D398.contig191	13237	0	0
D398.contig192	13038	424	8
D398.contig193	13022	964	24
D398.contig194	12973	267	7
D398.contig195	12889	709	17
D398.contig196	12845	0	0
D398.contig197	12754	544	16
D398.contig198	12692	1241	43
D398.contig199	12683	189620	8767
D398.contig200	12649	10617	313
D398.contig201	12569	3569	105
D398.contig202	12506	203264	6154
D398.contig203	12407	3424	124
D398.contig204	12344	336	6
D398.contig205	12319	544	16
D398.contig206	12275	540	10
D398.contig207	12233	316	5
D398.contig208	12119	0	0
D398.contig209	12002	0	0
D398.contig210	11957	1744	52
D398.contig211	11864	616	13
D398.contig212	11825	3142	86
D398.contig213	11806	0	0
D398.contig214	11650	1067	29
D398.contig215	11637	1123	20
D398.contig216	11567	214	2
D398.contig217	11464	0	0
D398.contig218	11453	27	11
D398.contig219	11404	459	10
D398.contig220	11242	1556	42
D398.contig221	11200	734	20
D398.contig222	11186	4427	145
D398.contig223	11168	37	3
D398.contig224	11152	0	0
D398.contig225	11136	0	0
D398.contig226	11102	497	35
D398.contig227	11090	127	3
D398.contig228	11055	339	8
D398.contig229	11033	0	0
D398.contig230	11027	0	0
D398.contig231	11019	0	0
D398.contig232	11012	606	84
D398.contig233	10926	0	0
D398.contig234	10887	2414	59
D398.contig235	10871	1485	60
D398.contig236	10803	621	19
D398.contig237	10775	146	43
D398.contig238	10704	239	1
D398.contig239	10670	145	9
D398.contig240	10586	115	6
D398.contig241	10525	1493	46
D398.contig242	10512	943	19
D398.contig243	10510	590	12
D398.contig244	10482	189	5
D398.contig245	10472	1736	144
D398.contig246	10450	0	0
D398.contig247	10384	201	9
D398.contig248	10325	14	0
D398.contig249	10146	100	2
D398.contig250	10096	625	25
D398.contig251	10011	397	4
D398.contig252	9980	861	19
D398.contig253	9974	789	10
D398.contig254	9971	3965	77
D398.contig255	9929	2	2
D398.contig256	9818	259	4
D398.contig257	9813	0	0
D398.contig258	9771	989	19
D398.contig259	9764	0	0
D398.contig260	9748	582	9
D398.contig261	9718	7169	160
D398.contig262	9608	404	18
D398.contig263	9602	235	10
D398.contig264	9536	0	0
D398.contig265	9519	1	0
D398.contig266	9518	480	13
D398.contig267	9516	244	5
D398.contig268	9402	235	5
D398.contig269	9370	395	15
D398.contig270	9339	1712	71
D398.contig271	9329	6062	171
D398.contig272	9304	9	0
D398.contig273	9267	520	11
D398.contig274	9254	837	31
D398.contig275	9138	278	6
D398.contig276	9135	460	26
D398.contig277	9129	1431	21
D398.contig278	9046	0	0
D398.contig279	9018	84	2
D398.contig280	8983	433	16
D398.contig281	8949	52	0
D398.contig282	8945	751	18
D398.contig283	8929	72602	1938
D398.contig284	8902	290	9
D398.contig285	8832	14	1
D398.contig286	8830	354	12
D398.contig287	8725	166	10
D398.contig288	8687	0	0
D398.contig289	8671	4	0
D398.contig290	8642	0	0
D398.contig291	8627	380	8
D398.contig292	8606	0	0
D398.contig293	8586	482	20
D398.contig294	8579	14	0
D398.contig295	8555	452	18
D398.contig296	8547	11959	361
D398.contig297	8523	0	0
D398.contig298	8517	1585	58
D398.contig299	8492	0	0
D398.contig300	8472	350	3
D398.contig301	8433	0	0
D398.contig302	8425	835	24
D398.contig303	8321	128	3
D398.contig304	8256	713	37
D398.contig305	8194	2648	98
D398.contig306	8185	0	0
D398.contig307	8156	90	8
D398.contig308	8128	0	0
D398.contig309	8116	286	13
D398.contig310	8109	113	5
D398.contig311	8105	191	9
D398.contig312	8029	6763	189
D398.contig313	7997	96	4
D398.contig314	7941	605	13
D398.contig315	7937	2	0
D398.contig316	7888	848	34
D398.contig317	7850	228	8
D398.contig318	7842	222	8
D398.contig319	7835	0	0
D398.contig320	7823	358	24
D398.contig321	7815	145	1
D398.contig322	7796	729	13
D398.contig323	7791	61	3
D398.contig324	7769	1596	55
D398.contig325	7750	2	0
D398.contig326	7710	386	7
D398.contig327	7697	450581	6245
D398.contig328	7645	197	4
D398.contig329	7612	350	16
D398.contig330	7595	2	0
D398.contig331	7572	187	7
D398.contig332	7557	160705	2182
D398.contig333	7534	228	2
D398.contig334	7516	0	0
D398.contig335	7514	880	96
D398.contig336	7503	0	0
D398.contig337	7480	30	2
D398.contig338	7445	358	2
D398.contig339	7444	0	0
D398.contig340	7411	150	1
D398.contig341	7391	5768	219
D398.contig342	7390	136	3
D398.contig343	7356	281	5
D398.contig344	7347	0	0
D398.contig345	7309	3090	143
D398.contig346	7193	0	0
D398.contig347	7184	0	0
D398.contig348	7184	0	0
D398.contig349	7134	461	12
D398.contig350	7026	160	10
D398.contig351	6996	0	0
D398.contig352	6971	0	0
D398.contig353	6969	38	0
D398.contig354	6919	196	10
D398.contig355	6877	96	2
D398.contig356	6856	0	0
D398.contig357	6799	49	19
D398.contig358	6785	480	16
D398.contig359	6687	51	3
D398.contig360	6668	137	2
D398.contig361	6634	0	0
D398.contig362	6633	1205	34
D398.contig363	6627	599	20
D398.contig364	6607	0	0
D398.contig365	6604	0	0
D398.contig366	6599	1517415	33900
D398.contig367	6590	147	3
D398.contig368	6587	2467	31
D398.contig369	6549	17	1
D398.contig370	6492	433	15
D398.contig371	6459	0	0
D398.contig372	6456	329	13
D398.contig373	6443	0	0
D398.contig374	6428	0	0
D398.contig375	6412	0	0
D398.contig376	6404	754	17
D398.contig377	6391	358	25
D398.contig378	6389	4	0
D398.contig379	6376	137	5
D398.contig380	6364	895	24
D398.contig381	6326	548	10
D398.contig382	6284	131	5
D398.contig383	6279	154	4
D398.contig384	6242	94	3
D398.contig385	6224	0	0
D398.contig386	6221	1024	33
D398.contig387	6215	26	4
D398.contig388	6212	272	13
D398.contig389	6204	464	21
D398.contig390	6193	106	1
D398.contig391	6185	0	0
D398.contig392	6115	551	21
D398.contig393	6088	2117	105
D398.contig394	6081	348	10
D398.contig395	6031	116	2
D398.contig396	5994	355	17
D398.contig397	5991	0	0
D398.contig398	5986	191	3
D398.contig399	5983	632	15
D398.contig400	5970	155	7
D398.contig401	5946	41836	1001
D398.contig402	5945	101	2
D398.contig403	5935	28496	842
D398.contig404	5889	0	0
D398.contig405	5889	1447	62
D398.contig406	5886	537	5
D398.contig407	5884	39	1
D398.contig408	5882	2609	49
D398.contig409	5849	226	13
D398.contig410	5847	182	6
D398.contig411	5827	8	1
D398.contig412	5823	2074	89
D398.contig413	5792	183	15
D398.contig414	5791	90	1
D398.contig415	5770	0	0
D398.contig416	5752	247	13
D398.contig417	5743	79	3
D398.contig418	5724	262	14
D398.contig419	5699	557	24
D398.contig420	5677	451	13
D398.contig421	5662	738	259
D398.contig422	5650	78	3
D398.contig423	5627	180	5
D398.contig424	5625	417	8
D398.contig425	5616	302	5
D398.contig426	5616	154	2
D398.contig427	5556	889	55
D398.contig428	5554	420	14
D398.contig429	5529	45	1
D398.contig430	5527	757	16
D398.contig431	5520	304	4
D398.contig432	5489	0	0
D398.contig433	5479	122	5
D398.contig434	5475	410	10
D398.contig435	5462	706	10
D398.contig436	5459	348	42
D398.contig437	5420	2	0
D398.contig438	5417	4854	315
D398.contig439	5416	78	3
D398.contig440	5415	0	0
D398.contig441	5390	4	0
D398.contig442	5368	1521	59
D398.contig443	5346	213	6
D398.contig444	5340	1204	56
D398.contig445	5305	217	2
D398.contig446	5299	375	13
D398.contig447	5282	206	3
D398.contig448	5257	421	5
D398.contig449	5253	287	7
D398.contig450	5245	0	0
D398.contig451	5240	0	0
D398.contig452	5204	22	2
D398.contig453	5189	391	4
D398.contig454	5173	600	19
D398.contig455	5172	330	27
D398.contig456	5167	0	0
D398.contig457	5123	32	2
D398.contig458	5120	252764	3554
D398.contig459	5102	0	0
D398.contig460	5077	20	9
D398.contig461	5049	473	17
D398.contig462	5038	1719284	58445
D398.contig463	5020	0	0
D398.contig464	4997	239	13
D398.contig465	4997	0	0
D398.contig466	4994	0	0
D398.contig467	4976	180	3
D398.contig468	4972	0	0
D398.contig469	4967	934	24
D398.contig470	4949	0	0
D398.contig471	4933	4	0
D398.contig472	4930	0	0
D398.contig473	4928	4581	182
D398.contig474	4926	411578	8980
D398.contig475	4917	261	5
D398.contig476	4900	168	5
D398.contig477	4895	22	0
D398.contig478	4865	0	0
D398.contig479	4863	0	0
D398.contig480	4861	207752	16413
D398.contig481	4859	83854	6718
D398.contig482	4826	133	10
D398.contig483	4805	24	2
D398.contig484	4804	1977	138
D398.contig485	4788	12154	1706
D398.contig486	4768	0	0
D398.contig487	4765	0	0
D398.contig488	4757	0	0
D398.contig489	4755	257	4
D398.contig490	4750	3988	273
D398.contig491	4750	155	11
D398.contig492	4741	72	4
D398.contig493	4736	513	7
D398.contig494	4736	4748	209
D398.contig495	4699	1609	53
D398.contig496	4698	24	10
D398.contig497	4696	161	5
D398.contig498	4694	80	4
D398.contig499	4688	0	0
D398.contig500	4656	0	0
D398.contig501	4647	306	10
D398.contig502	4645	0	0
D398.contig503	4640	199	9
D398.contig504	4637	112	6
D398.contig505	4634	244	12
D398.contig506	4630	393	5
D398.contig507	4619	464	6
D398.contig508	4616	767	5
D398.contig509	4615	15	0
D398.contig510	4606	939	105
D398.contig511	4604	4370	322
D398.contig512	4585	37	0
D398.contig513	4558	665	17
D398.contig514	4522	49	2
D398.contig515	4520	275	6
D398.contig516	4519	243	15
D398.contig517	4512	0	0
D398.contig518	4511	426	17
D398.contig519	4474	161	1
D398.contig520	4466	0	0
D398.contig521	4454	0	0
D398.contig522	4446	85	3
D398.contig523	4422	733	96
D398.contig524	4420	0	0
D398.contig525	4415	104	3
D398.contig526	4414	0	0
D398.contig527	4404	276	10
D398.contig528	4399	430	18
D398.contig529	4396	115	5
D398.contig530	4390	0	0
D398.contig531	4380	0	0
D398.contig532	4376	304	9
D398.contig533	4371	1215	55
D398.contig534	4370	242	11
D398.contig535	4365	270	6
D398.contig536	4349	227	10
D398.contig537	4343	0	0
D398.contig538	4343	46	5
D398.contig539	4338	57	5
D398.contig540	4332	0	0
D398.contig541	4298	190	2
D398.contig542	4285	271	11
D398.contig543	4280	183	11
D398.contig544	4264	134	3
D398.contig545	4261	0	0
D398.contig546	4260	716	10
D398.contig547	4258	86	3
D398.contig548	4250	1	1
D398.contig549	4249	2978	211
D398.contig550	4246	0	0
D398.contig551	4244	77	0
D398.contig552	4209	94	4
D398.contig553	4200	249	9
D398.contig554	4179	196	6
D398.contig555	4175	11	1
D398.contig556	4166	0	0
D398.contig557	4151	2	1
D398.contig558	4150	3075	232
D398.contig559	4143	0	0
D398.contig560	4138	138	3
D398.contig561	4130	9	4
D398.contig562	4130	0	0
D398.contig563	4109	831956	29817
D398.contig564	4089	187	5
D398.contig565	4075	1	1
D398.contig566	4073	72	2
D398.contig567	4071	105	5
D398.contig568	4047	304	5
D398.contig569	4032	52	2
D398.contig570	4031	196	28
D398.contig571	4022	136	4
D398.contig572	4016	143	5
D398.contig573	4012	0	0
D398.contig574	4008	230	8
D398.contig575	4002	280	15
D398.contig576	3992	366	8
D398.contig577	3986	0	0
D398.contig578	3985	177	3
D398.contig579	3968	4	0
D398.contig580	3964	1623	24
D398.contig581	3962	5564	34
D398.contig582	3945	4	0
D398.contig583	3936	413	12
D398.contig584	3932	0	0
D398.contig585	3919	0	0
D398.contig586	3908	14	0
D398.contig587	3899	23	1
D398.contig588	3891	0	0
D398.contig589	3882	273	8
D398.contig590	3872	83	1
D398.contig591	3865	6	2
D398.contig592	3849	2	0
D398.contig593	3846	3135	143
D398.contig594	3845	60	4
D398.contig595	3841	0	0
D398.contig596	3840	0	0
D398.contig597	3831	0	0
D398.contig598	3829	1	1
D398.contig599	3820	1361	47
D398.contig600	3796	6125	70
D398.contig601	3789	1	0
D398.contig602	3771	166	16
D398.contig603	3767	155	30
D398.contig604	3747	98	13
D398.contig605	3745	0	0
D398.contig606	3745	254	11
D398.contig607	3744	70	0
D398.contig608	3739	0	0
D398.contig609	3735	0	0
D398.contig610	3732	0	0
D398.contig611	3729	0	0
D398.contig612	3729	133	5
D398.contig613	3718	318	11
D398.contig614	3712	229	7
D398.contig615	3710	17	1
D398.contig616	3705	887	74
D398.contig617	3704	0	0
D398.contig618	3691	0	0
D398.contig619	3687	31	3
D398.contig620	3684	237	58
D398.contig621	3680	256	14
D398.contig622	3675	54	2
D398.contig623	3662	452	17
D398.contig624	3659	7967	431
D398.contig625	3646	176070	14700
D398.contig626	3636	158	69
D398.contig627	3629	208	13
D398.contig628	3628	68	1
D398.contig629	3628	401	22
D398.contig630	3613	0	0
D398.contig631	3610	73	1
D398.contig632	3601	26	2
D398.contig633	3597	3	0
D398.contig634	3589	0	0
D398.contig635	3588	295	17
D398.contig636	3586	76	6
D398.contig637	3569	119	2
D398.contig638	3568	2261	31
D398.contig639	3558	0	0
D398.contig640	3557	0	0
D398.contig641	3540	121	11
D398.contig642	3537	0	0
D398.contig643	3518	3721	268
D398.contig644	3512	1359	59
D398.contig645	3482	32	2
D398.contig646	3478	120	0
D398.contig647	3474	89	1
D398.contig648	3471	0	0
D398.contig649	3460	1	0
D398.contig650	3455	220	12
D398.contig651	3441	143	61
D398.contig652	3437	188	4
D398.contig653	3433	1427	496
D398.contig654	3422	151	5
D398.contig655	3421	136	1
D398.contig656	3411	218	2
D398.contig657	3405	71	5
D398.contig658	3399	199	6
D398.contig659	3395	0	0
D398.contig660	3394	172	14
D398.contig661	3382	250	8
D398.contig662	3382	0	0
D398.contig663	3370	198	10
D398.contig664	3369	0	0
D398.contig665	3359	48	2
D398.contig666	3355	51	4
D398.contig667	3347	5	1
D398.contig668	3346	0	0
D398.contig669	3342	94	1
D398.contig670	3336	0	0
D398.contig671	3319	272	7
D398.contig672	3317	4	2
D398.contig673	3312	261	11
D398.contig674	3306	73	3
D398.contig675	3281	188	5
D398.contig676	3278	162	4
D398.contig677	3275	177	7
D398.contig678	3271	432	10
D398.contig679	3271	26	4
D398.contig680	3266	189	10
D398.contig681	3264	124	4
D398.contig682	3256	9	1
D398.contig683	3255	0	0
D398.contig684	3253	0	0
D398.contig685	3245	92	6
D398.contig686	3240	0	0
D398.contig687	3238	1627	89
D398.contig688	3236	50	1
D398.contig689	3231	0	0
D398.contig690	3221	178	10
D398.contig691	3219	857	17
D398.contig692	3217	0	0
D398.contig693	3214	1404	104
D398.contig694	3211	86	6
D398.contig695	3196	64	2
D398.contig696	3187	92	4
D398.contig697	3183	1061	10
D398.contig698	3172	163	7
D398.contig699	3171	67	9
D398.contig700	3166	7	1
D398.contig701	3158	155	5
D398.contig702	3158	0	0
D398.contig703	3157	95	2
D398.contig704	3155	158	6
D398.contig705	3153	35	0
D398.contig706	3148	1426	160
D398.contig707	3145	4	0
D398.contig708	3142	28	2
D398.contig709	3131	1291	92
D398.contig710	3131	2541	156
D398.contig711	3127	381	75
D398.contig712	3126	0	0
D398.contig713	3117	1178	91
D398.contig714	3113	3684	196
D398.contig715	3109	177	3
D398.contig716	3101	153	5
D398.contig717	3097	133	4
D398.contig718	3080	0	0
D398.contig719	3079	171	9
D398.contig720	3077	0	0
D398.contig721	3064	2	0
D398.contig722	3063	1	0
D398.contig723	3062	77	5
D398.contig724	3061	67	9
D398.contig725	3058	140	18
D398.contig726	3051	0	0
D398.contig727	3043	0	0
D398.contig728	3042	0	0
D398.contig729	3039	0	0
D398.contig730	3033	192	8
D398.contig731	3033	69	4
D398.contig732	3023	2972	101
D398.contig733	3017	404	33
D398.contig734	3014	51	1
D398.contig735	3008	0	0
D398.contig736	3005	31	18
D398.contig737	3005	76	1
D398.contig738	3003	0	0
D398.contig739	3002	0	0
D398.contig740	3002	0	0
*	0	0	1435416
