D398.contig1	107845	40274	720
D398.contig2	95754	26445	1019
D398.contig3	82999	44920	951
D398.contig4	76978	32699	578
D398.contig5	73971	27475	497
D398.contig6	64077	221	49
D398.contig7	59425	15202	303
D398.contig8	57635	27617	457
D398.contig9	56881	45393	791
D398.contig10	56383	26191	531
D398.contig11	53869	14236	270
D398.contig12	53116	12008	224
D398.contig13	51176	28191	795
D398.contig14	48222	28111	664
D398.contig15	44706	12629	223
D398.contig16	43285	26127	481
D398.contig17	42790	25440	500
D398.contig18	42769	15867	377
D398.contig19	40872	0	0
D398.contig20	40559	369	185
D398.contig21	39937	0	0
D398.contig22	39920	7876	168
D398.contig23	39111	496	222
D398.contig24	38393	11506	241
D398.contig25	38188	16455	329
D398.contig26	37943	16417	365
D398.contig27	37419	37	15
D398.contig28	37030	7533	164
D398.contig29	36361	0	0
D398.contig30	35846	10073	239
D398.contig31	35788	11798	311
D398.contig32	34741	0	0
D398.contig33	34490	17436	391
D398.contig34	34489	5	1
D398.contig35	34161	0	0
D398.contig36	34018	77427	1886
D398.contig37	33992	22041	616
D398.contig38	33932	29900	3796
D398.contig39	33331	6	1
D398.contig40	33243	0	0
D398.contig41	32913	1163	118
D398.contig42	32550	18409	517
D398.contig43	32315	11911	224
D398.contig44	32261	0	0
D398.contig45	31937	0	0
D398.contig46	31885	3819	71
D398.contig47	31821	11	0
D398.contig48	31722	38270	1199
D398.contig49	30897	8057	195
D398.contig50	30675	8	6
D398.contig51	30509	8287	134
D398.contig52	30466	0	0
D398.contig53	30169	7984	160
D398.contig54	29498	5130	96
D398.contig55	28995	0	0
D398.contig56	28979	7634	150
D398.contig57	28521	38872	746
D398.contig58	28326	20220	402
D398.contig59	28321	3237	63
D398.contig60	28079	7176	192
D398.contig61	28076	5683	205
D398.contig62	27969	12399	234
D398.contig63	27745	5443	103
D398.contig64	27424	4439	95
D398.contig65	27297	18035	499
D398.contig66	27239	15608	315
D398.contig67	26850	9271	185
D398.contig68	26671	10547	163
D398.contig69	26382	16534	427
D398.contig70	26365	973	101
D398.contig71	26261	9372	259
D398.contig72	26009	6299	98
D398.contig73	25978	10513	173
D398.contig74	25715	6495	108
D398.contig75	25703	11368	209
D398.contig76	25681	3880	79
D398.contig77	25604	7614	193
D398.contig78	25579	4446	92
D398.contig79	25485	13132	1268
D398.contig80	25467	10321	189
D398.contig81	25402	1302	40
D398.contig82	25262	0	0
D398.contig83	24852	4596	77
D398.contig84	24846	8868	253
D398.contig85	24808	12078	279
D398.contig86	24355	15603	362
D398.contig87	23586	8107	197
D398.contig88	23393	1732	44
D398.contig89	23118	0	0
D398.contig90	22802	7021	141
D398.contig91	22769	8635	177
D398.contig92	22604	0	0
D398.contig93	22570	3871	76
D398.contig94	21941	0	0
D398.contig95	21922	155	45
D398.contig96	21711	4289	109
D398.contig97	21583	7580	128
D398.contig98	21453	0	0
D398.contig99	21353	2617	53
D398.contig100	21085	7908	158
D398.contig101	20862	43765	1454
D398.contig102	20826	28764	848
D398.contig103	20714	0	0
D398.contig104	20623	0	0
D398.contig105	20568	0	0
D398.contig106	20295	5128	118
D398.contig107	20158	27232	723
D398.contig108	19794	31898	17784
D398.contig109	19644	0	0
D398.contig110	19503	5207	105
D398.contig111	19402	3872	68
D398.contig112	19321	0	0
D398.contig113	19127	6900	135
D398.contig114	18884	15	5
D398.contig115	18854	2949	74
D398.contig116	18793	5740	119
D398.contig117	18721	4245	82
D398.contig118	18686	9365	215
D398.contig119	18653	0	0
D398.contig120	18513	7513	127
D398.contig121	18486	4870	104
D398.contig122	18402	0	0
D398.contig123	18388	2616	52
D398.contig124	18024	0	0
D398.contig125	18000	41019	1137
D398.contig126	17867	7213	195
D398.contig127	17502	0	0
D398.contig128	17490	2220	37
D398.contig129	17355	0	0
D398.contig130	17352	2327	36
D398.contig131	17317	28186	1320
D398.contig132	17111	3782	117
D398.contig133	17104	1	1
D398.contig134	17001	1109	50
D398.contig135	16843	0	0
D398.contig136	16807	5031	145
D398.contig137	16724	3982	93
D398.contig138	16717	5253	98
D398.contig139	16710	3482	61
D398.contig140	16553	1315	43
D398.contig141	16498	3146	58
D398.contig142	16312	7	1
D398.contig143	16266	3172	105
D398.contig144	16180	0	0
D398.contig145	16110	15782	414
D398.contig146	16086	0	0
D398.contig147	16035	0	0
D398.contig148	15767	1620	50
D398.contig149	15631	3381	70
D398.contig150	15548	11875	489
D398.contig151	15507	3890	95
D398.contig152	15494	24	6
D398.contig153	15389	4389	171
D398.contig154	15297	9546	450
D398.contig155	15273	23	13
D398.contig156	15199	6084	193
D398.contig157	15017	2265	63
D398.contig158	14953	0	0
D398.contig159	14934	0	0
D398.contig160	14929	994	33
D398.contig161	14872	1595	40
D398.contig162	14793	25	13
D398.contig163	14739	6664	187
D398.contig164	14679	0	0
D398.contig165	14648	75	11
D398.contig166	14603	6880	154
D398.contig167	14589	31650	951
D398.contig168	14498	153	1
D398.contig169	14336	17103	785
D398.contig170	14289	4828	102
D398.contig171	14247	230	72
D398.contig172	14131	4682	148
D398.contig173	14033	1207	23
D398.contig174	13956	16800	1123
D398.contig175	13948	0	0
D398.contig176	13920	12	4
D398.contig177	13810	22965	536
D398.contig178	13803	937	30
D398.contig179	13802	19921	781
D398.contig180	13762	0	0
D398.contig181	13657	8261	405
D398.contig182	13645	2306	41
D398.contig183	13560	2354	101
D398.contig184	13543	0	0
D398.contig185	13518	4220	109
D398.contig186	13444	35954	2414
D398.contig187	13428	0	0
D398.contig188	13358	22	0
D398.contig189	13349	1846	48
D398.contig190	13293	1151	22
D398.contig191	13237	0	0
D398.contig192	13038	1972	28
D398.contig193	13022	3913	111
D398.contig194	12973	1202	34
D398.contig195	12889	4626	129
D398.contig196	12845	0	0
D398.contig197	12754	3222	90
D398.contig198	12692	0	0
D398.contig199	12683	0	0
D398.contig200	12649	114	12
D398.contig201	12569	0	0
D398.contig202	12506	0	0
D398.contig203	12407	10541	418
D398.contig204	12344	2650	77
D398.contig205	12319	9	8
D398.contig206	12275	3690	58
D398.contig207	12233	2901	58
D398.contig208	12119	0	0
D398.contig209	12002	0	0
D398.contig210	11957	0	0
D398.contig211	11864	987	23
D398.contig212	11825	10582	259
D398.contig213	11806	0	0
D398.contig214	11650	4017	95
D398.contig215	11637	1222	35
D398.contig216	11567	1259	59
D398.contig217	11464	0	0
D398.contig218	11453	153	107
D398.contig219	11404	2703	56
D398.contig220	11242	0	0
D398.contig221	11200	1267	55
D398.contig222	11186	14588	587
D398.contig223	11168	0	0
D398.contig224	11152	0	0
D398.contig225	11136	0	0
D398.contig226	11102	0	0
D398.contig227	11090	493	13
D398.contig228	11055	2794	125
D398.contig229	11033	0	0
D398.contig230	11027	4	4
D398.contig231	11019	19	0
D398.contig232	11012	980	53
D398.contig233	10926	0	0
D398.contig234	10887	73	8
D398.contig235	10871	3540	138
D398.contig236	10803	1966	52
D398.contig237	10775	329	63
D398.contig238	10704	1539	22
D398.contig239	10670	1410	85
D398.contig240	10586	0	0
D398.contig241	10525	3880	121
D398.contig242	10512	2687	52
D398.contig243	10510	0	0
D398.contig244	10482	2467	52
D398.contig245	10472	15308	2154
D398.contig246	10450	0	0
D398.contig247	10384	1874	48
D398.contig248	10325	14	0
D398.contig249	10146	449	15
D398.contig250	10096	0	0
D398.contig251	10011	1823	45
D398.contig252	9980	730	136
D398.contig253	9974	4511	96
D398.contig254	9971	6775	163
D398.contig255	9929	46	34
D398.contig256	9818	1079	36
D398.contig257	9813	0	0
D398.contig258	9771	0	0
D398.contig259	9764	3	0
D398.contig260	9748	3706	62
D398.contig261	9718	20384	452
D398.contig262	9608	2534	82
D398.contig263	9602	1560	47
D398.contig264	9536	0	0
D398.contig265	9519	18	9
D398.contig266	9518	40	2
D398.contig267	9516	1726	51
D398.contig268	9402	1242	41
D398.contig269	9370	1713	62
D398.contig270	9339	8329	337
D398.contig271	9329	12984	456
D398.contig272	9304	34	2
D398.contig273	9267	3149	112
D398.contig274	9254	3268	97
D398.contig275	9138	177	11
D398.contig276	9135	0	0
D398.contig277	9129	0	0
D398.contig278	9046	0	0
D398.contig279	9018	1060	35
D398.contig280	8983	996	47
D398.contig281	8949	0	0
D398.contig282	8945	89	7
D398.contig283	8929	0	0
D398.contig284	8902	0	0
D398.contig285	8832	79	3
D398.contig286	8830	1401	54
D398.contig287	8725	760	44
D398.contig288	8687	0	0
D398.contig289	8671	4	0
D398.contig290	8642	2	0
D398.contig291	8627	661	27
D398.contig292	8606	0	0
D398.contig293	8586	2239	84
D398.contig294	8579	0	0
D398.contig295	8555	3612	97
D398.contig296	8547	0	0
D398.contig297	8523	0	0
D398.contig298	8517	463	7
D398.contig299	8492	0	0
D398.contig300	8472	1480	41
D398.contig301	8433	0	0
D398.contig302	8425	5750	147
D398.contig303	8321	1247	52
D398.contig304	8256	0	0
D398.contig305	8194	174	4
D398.contig306	8185	7276	2256
D398.contig307	8156	0	0
D398.contig308	8128	0	0
D398.contig309	8116	1173	44
D398.contig310	8109	912	36
D398.contig311	8105	1549	85
D398.contig312	8029	0	0
D398.contig313	7997	554	27
D398.contig314	7941	162	4
D398.contig315	7937	0	0
D398.contig316	7888	25	7
D398.contig317	7850	1399	41
D398.contig318	7842	1080	30
D398.contig319	7835	0	0
D398.contig320	7823	3	1
D398.contig321	7815	1000	30
D398.contig322	7796	0	0
D398.contig323	7791	29	3
D398.contig324	7769	1	1
D398.contig325	7750	284	22
D398.contig326	7710	1220	33
D398.contig327	7697	6796	559
D398.contig328	7645	2000	81
D398.contig329	7612	1623	80
D398.contig330	7595	0	0
D398.contig331	7572	1555	34
D398.contig332	7557	0	0
D398.contig333	7534	710	29
D398.contig334	7516	0	0
D398.contig335	7514	5411	414
D398.contig336	7503	0	0
D398.contig337	7480	4	0
D398.contig338	7445	912	11
D398.contig339	7444	0	0
D398.contig340	7411	1536	27
D398.contig341	7391	17756	746
D398.contig342	7390	627	20
D398.contig343	7356	1711	46
D398.contig344	7347	0	0
D398.contig345	7309	7420	184
D398.contig346	7193	0	0
D398.contig347	7184	0	0
D398.contig348	7184	0	0
D398.contig349	7134	0	0
D398.contig350	7026	862	31
D398.contig351	6996	0	0
D398.contig352	6971	0	0
D398.contig353	6969	0	0
D398.contig354	6919	92	2
D398.contig355	6877	36	4
D398.contig356	6856	0	0
D398.contig357	6799	58	37
D398.contig358	6785	0	0
D398.contig359	6687	280	6
D398.contig360	6668	1211	36
D398.contig361	6634	0	0
D398.contig362	6633	0	0
D398.contig363	6627	0	0
D398.contig364	6607	4	2
D398.contig365	6604	0	0
D398.contig366	6599	0	0
D398.contig367	6590	468	30
D398.contig368	6587	3224	64
D398.contig369	6549	2	2
D398.contig370	6492	842	64
D398.contig371	6459	0	0
D398.contig372	6456	304	13
D398.contig373	6443	0	0
D398.contig374	6428	0	0
D398.contig375	6412	0	0
D398.contig376	6404	0	0
D398.contig377	6391	597	33
D398.contig378	6389	0	0
D398.contig379	6376	685	41
D398.contig380	6364	33	1
D398.contig381	6326	0	0
D398.contig382	6284	1294	60
D398.contig383	6279	1043	36
D398.contig384	6242	427	15
D398.contig385	6224	0	0
D398.contig386	6221	10	2
D398.contig387	6215	274	44
D398.contig388	6212	2445	66
D398.contig389	6204	0	0
D398.contig390	6193	979	41
D398.contig391	6185	0	0
D398.contig392	6115	69	1
D398.contig393	6088	5958	385
D398.contig394	6081	1571	46
D398.contig395	6031	617	23
D398.contig396	5994	0	0
D398.contig397	5991	0	0
D398.contig398	5986	693	14
D398.contig399	5983	0	0
D398.contig400	5970	867	34
D398.contig401	5946	0	0
D398.contig402	5945	54	6
D398.contig403	5935	0	0
D398.contig404	5889	0	0
D398.contig405	5889	21989	739
D398.contig406	5886	0	0
D398.contig407	5884	392	27
D398.contig408	5882	7934	152
D398.contig409	5849	849	46
D398.contig410	5847	194	6
D398.contig411	5827	6	2
D398.contig412	5823	1477	76
D398.contig413	5792	693	60
D398.contig414	5791	920	16
D398.contig415	5770	0	0
D398.contig416	5752	547	21
D398.contig417	5743	1110	48
D398.contig418	5724	0	0
D398.contig419	5699	2879	116
D398.contig420	5677	0	0
D398.contig421	5662	32	13
D398.contig422	5650	365	11
D398.contig423	5627	664	18
D398.contig424	5625	0	0
D398.contig425	5616	932	20
D398.contig426	5616	1349	28
D398.contig427	5556	4900	304
D398.contig428	5554	0	0
D398.contig429	5529	341	16
D398.contig430	5527	12	2
D398.contig431	5520	1321	22
D398.contig432	5489	0	0
D398.contig433	5479	991	128
D398.contig434	5475	0	0
D398.contig435	5462	2999	50
D398.contig436	5459	25682	2926
D398.contig437	5420	0	0
D398.contig438	5417	0	0
D398.contig439	5416	145	51
D398.contig440	5415	0	0
D398.contig441	5390	0	0
D398.contig442	5368	6920	264
D398.contig443	5346	932	28
D398.contig444	5340	4766	165
D398.contig445	5305	684	29
D398.contig446	5299	4	0
D398.contig447	5282	30	10
D398.contig448	5257	0	0
D398.contig449	5253	0	0
D398.contig450	5245	0	0
D398.contig451	5240	0	0
D398.contig452	5204	26	4
D398.contig453	5189	1537	19
D398.contig454	5173	1938	121
D398.contig455	5172	7	2
D398.contig456	5167	0	0
D398.contig457	5123	0	0
D398.contig458	5120	3	1
D398.contig459	5102	0	0
D398.contig460	5077	5	1
D398.contig461	5049	0	0
D398.contig462	5038	769173	27799
D398.contig463	5020	0	0
D398.contig464	4997	0	0
D398.contig465	4997	0	0
D398.contig466	4994	0	0
D398.contig467	4976	1230	47
D398.contig468	4972	2407	351
D398.contig469	4967	35	3
D398.contig470	4949	0	0
D398.contig471	4933	12	0
D398.contig472	4930	0	0
D398.contig473	4928	0	0
D398.contig474	4926	724	55
D398.contig475	4917	804	15
D398.contig476	4900	1058	32
D398.contig477	4895	0	0
D398.contig478	4865	0	0
D398.contig479	4863	0	0
D398.contig480	4861	0	0
D398.contig481	4859	0	0
D398.contig482	4826	515	34
D398.contig483	4805	0	0
D398.contig484	4804	6365	497
D398.contig485	4788	16929	1636
D398.contig486	4768	2	0
D398.contig487	4765	0	0
D398.contig488	4757	1	1
D398.contig489	4755	1218	32
D398.contig490	4750	15513	1163
D398.contig491	4750	241	17
D398.contig492	4741	607	29
D398.contig493	4736	19	1
D398.contig494	4736	14740	832
D398.contig495	4699	7476	211
D398.contig496	4698	42	4
D398.contig497	4696	436	17
D398.contig498	4694	46	2
D398.contig499	4688	0	0
D398.contig500	4656	3	0
D398.contig501	4647	0	0
D398.contig502	4645	834	210
D398.contig503	4640	1508	58
D398.contig504	4637	622	16
D398.contig505	4634	0	0
D398.contig506	4630	0	0
D398.contig507	4619	0	0
D398.contig508	4616	3482	57
D398.contig509	4615	11	1
D398.contig510	4606	6327	579
D398.contig511	4604	153	11
D398.contig512	4585	538	28
D398.contig513	4558	0	0
D398.contig514	4522	7	1
D398.contig515	4520	2417	51
D398.contig516	4519	727	89
D398.contig517	4512	28	4
D398.contig518	4511	0	0
D398.contig519	4474	1435	33
D398.contig520	4466	0	0
D398.contig521	4454	0	0
D398.contig522	4446	587	31
D398.contig523	4422	0	0
D398.contig524	4420	0	0
D398.contig525	4415	953	49
D398.contig526	4414	0	0
D398.contig527	4404	0	0
D398.contig528	4399	0	0
D398.contig529	4396	431	20
D398.contig530	4390	4	4
D398.contig531	4380	0	0
D398.contig532	4376	50	6
D398.contig533	4371	6573	349
D398.contig534	4370	0	0
D398.contig535	4365	178	6
D398.contig536	4349	291	10
D398.contig537	4343	0	0
D398.contig538	4343	5	1
D398.contig539	4338	279	37
D398.contig540	4332	0	0
D398.contig541	4298	0	0
D398.contig542	4285	0	0
D398.contig543	4280	0	0
D398.contig544	4264	0	0
D398.contig545	4261	0	0
D398.contig546	4260	0	0
D398.contig547	4258	547	21
D398.contig548	4250	1	1
D398.contig549	4249	13532	966
D398.contig550	4246	2	2
D398.contig551	4244	610	7
D398.contig552	4209	591	35
D398.contig553	4200	0	0
D398.contig554	4179	4	0
D398.contig555	4175	6	0
D398.contig556	4166	19	17
D398.contig557	4151	11	7
D398.contig558	4150	0	0
D398.contig559	4143	1	0
D398.contig560	4138	1053	14
D398.contig561	4130	23	11
D398.contig562	4130	2	0
D398.contig563	4109	42831	1616
D398.contig564	4089	52	2
D398.contig565	4075	102	16
D398.contig566	4073	775	51
D398.contig567	4071	465	30
D398.contig568	4047	381	10
D398.contig569	4032	499	14
D398.contig570	4031	238	49
D398.contig571	4022	330	19
D398.contig572	4016	57	5
D398.contig573	4012	0	0
D398.contig574	4008	0	0
D398.contig575	4002	701	46
D398.contig576	3992	3	1
D398.contig577	3986	0	0
D398.contig578	3985	721	21
D398.contig579	3968	0	0
D398.contig580	3964	2379	83
D398.contig581	3962	0	0
D398.contig582	3945	176	2
D398.contig583	3936	0	0
D398.contig584	3932	0	0
D398.contig585	3919	0	0
D398.contig586	3908	0	0
D398.contig587	3899	123	7
D398.contig588	3891	0	0
D398.contig589	3882	0	0
D398.contig590	3872	255	12
D398.contig591	3865	0	0
D398.contig592	3849	18	0
D398.contig593	3846	14365	674
D398.contig594	3845	446	16
D398.contig595	3841	0	0
D398.contig596	3840	0	0
D398.contig597	3831	0	0
D398.contig598	3829	0	0
D398.contig599	3820	0	0
D398.contig600	3796	2	0
D398.contig601	3789	2	0
D398.contig602	3771	357	47
D398.contig603	3767	1049	155
D398.contig604	3747	269	57
D398.contig605	3745	0	0
D398.contig606	3745	0	0
D398.contig607	3744	349	24
D398.contig608	3739	0	0
D398.contig609	3735	0	0
D398.contig610	3732	0	0
D398.contig611	3729	104	36
D398.contig612	3729	8	2
D398.contig613	3718	0	0
D398.contig614	3712	26	2
D398.contig615	3710	0	0
D398.contig616	3705	4881	386
D398.contig617	3704	26	14
D398.contig618	3691	0	0
D398.contig619	3687	185	11
D398.contig620	3684	1097	352
D398.contig621	3680	0	0
D398.contig622	3675	230	12
D398.contig623	3662	0	0
D398.contig624	3659	0	0
D398.contig625	3646	5	1
D398.contig626	3636	463	217
D398.contig627	3629	0	0
D398.contig628	3628	0	0
D398.contig629	3628	1420	74
D398.contig630	3613	0	0
D398.contig631	3610	613	20
D398.contig632	3601	391	41
D398.contig633	3597	4	0
D398.contig634	3589	0	0
D398.contig635	3588	0	0
D398.contig636	3586	0	0
D398.contig637	3569	0	0
D398.contig638	3568	6330	100
D398.contig639	3558	0	0
D398.contig640	3557	0	0
D398.contig641	3540	0	0
D398.contig642	3537	1	1
D398.contig643	3518	14314	1225
D398.contig644	3512	3109	224
D398.contig645	3482	111	7
D398.contig646	3478	1015	23
D398.contig647	3474	432	7
D398.contig648	3471	0	0
D398.contig649	3460	0	0
D398.contig650	3455	1365	70
D398.contig651	3441	251	20
D398.contig652	3437	25	3
D398.contig653	3433	0	0
D398.contig654	3422	0	0
D398.contig655	3421	1073	23
D398.contig656	3411	1466	20
D398.contig657	3405	529	43
D398.contig658	3399	0	0
D398.contig659	3395	0	0
D398.contig660	3394	0	0
D398.contig661	3382	0	0
D398.contig662	3382	0	0
D398.contig663	3370	756	35
D398.contig664	3369	0	0
D398.contig665	3359	216	14
D398.contig666	3355	358	8
D398.contig667	3347	0	0
D398.contig668	3346	0	0
D398.contig669	3342	428	7
D398.contig670	3336	5	0
D398.contig671	3319	0	0
D398.contig672	3317	0	0
D398.contig673	3312	0	0
D398.contig674	3306	510	16
D398.contig675	3281	2	0
D398.contig676	3278	1228	23
D398.contig677	3275	0	0
D398.contig678	3271	0	0
D398.contig679	3271	262	8
D398.contig680	3266	1124	31
D398.contig681	3264	0	0
D398.contig682	3256	10	4
D398.contig683	3255	0	0
D398.contig684	3253	0	0
D398.contig685	3245	0	0
D398.contig686	3240	0	0
D398.contig687	3238	761	89
D398.contig688	3236	402	14
D398.contig689	3231	2	0
D398.contig690	3221	518	42
D398.contig691	3219	0	0
D398.contig692	3217	0	0
D398.contig693	3214	7034	514
D398.contig694	3211	0	0
D398.contig695	3196	673	48
D398.contig696	3187	339	25
D398.contig697	3183	2891	63
D398.contig698	3172	0	0
D398.contig699	3171	630	44
D398.contig700	3166	30	4
D398.contig701	3158	0	0
D398.contig702	3158	0	0
D398.contig703	3157	1476	17
D398.contig704	3155	4	0
D398.contig705	3153	295	17
D398.contig706	3148	72	8
D398.contig707	3145	0	0
D398.contig708	3142	217	19
D398.contig709	3131	0	0
D398.contig710	3131	3089	310
D398.contig711	3127	0	0
D398.contig712	3126	0	0
D398.contig713	3117	0	0
D398.contig714	3113	0	0
D398.contig715	3109	0	0
D398.contig716	3101	0	0
D398.contig717	3097	657	51
D398.contig718	3080	0	0
D398.contig719	3079	118	10
D398.contig720	3077	0	0
D398.contig721	3064	0	0
D398.contig722	3063	8	0
D398.contig723	3062	321	26
D398.contig724	3061	0	0
D398.contig725	3058	235	11
D398.contig726	3051	0	0
D398.contig727	3043	0	0
D398.contig728	3042	2	2
D398.contig729	3039	0	0
D398.contig730	3033	9	1
D398.contig731	3033	233	7
D398.contig732	3023	972	58
D398.contig733	3017	2695	200
D398.contig734	3014	316	32
D398.contig735	3008	0	0
D398.contig736	3005	81	35
D398.contig737	3005	230	12
D398.contig738	3003	0	0
D398.contig739	3002	0	0
D398.contig740	3002	0	0
*	0	0	8177240
