R3941.contig1	2228	72913	2644
R3941.contig2	1618	14330	60
R3941.contig3	1407	620	2
R3941.contig4	1384	20078	237
R3941.contig5	1346	227248	27151
R3941.contig6	1281	2098	4
R3941.contig7	1183	20053	1413
R3941.contig8	1165	1457	16
R3941.contig9	1155	69387	750
R3941.contig10	1101	14120	2081
R3941.contig11	1094	1920	5
R3941.contig12	1086	37349	2287
R3941.contig13	1076	37305	959
R3941.contig14	1058	2074	59
R3941.contig15	1045	2002	6
R3941.contig16	1019	1984	25
R3941.contig17	967	3219	6
R3941.contig18	899	422046	9977
R3941.contig19	890	646	2
R3941.contig20	886	2332	0
R3941.contig21	883	170595	2464
R3941.contig22	869	111159	1331
R3941.contig23	861	5729	260
R3941.contig24	850	5048	69
R3941.contig25	836	3671	17
R3941.contig26	819	13363	511
R3941.contig27	806	2190	10
R3941.contig28	802	7980	201
R3941.contig29	789	73618	2631
R3941.contig30	787	19539	3982
R3941.contig31	784	45420	9181
R3941.contig32	781	103458	1737
R3941.contig33	773	75023	4013
R3941.contig34	772	497	14
R3941.contig35	768	166449	1902
R3941.contig36	754	23670	301
R3941.contig37	753	38505	999
R3941.contig38	749	61931	1225
R3941.contig39	744	14585	604
R3941.contig40	741	45327	5900
R3941.contig41	739	12224	663
R3941.contig42	733	71277	17427
R3941.contig43	716	362	0
R3941.contig44	712	6782	1168
R3941.contig45	704	21347	1987
R3941.contig46	700	51	1
R3941.contig47	685	58568	3737
R3941.contig48	676	5400	120
R3941.contig49	675	162063	15362
R3941.contig50	670	261	1
R3941.contig51	659	153567	28389
R3941.contig52	656	228	0
R3941.contig53	655	222	0
R3941.contig54	653	332	0
R3941.contig55	643	127338	7521
R3941.contig56	616	6364	1626
R3941.contig57	614	24	2
R3941.contig58	608	4633	1011
R3941.contig59	604	59895	5953
R3941.contig60	602	31791	8079
R3941.contig61	596	53	1
R3941.contig62	587	22943	969
R3941.contig63	583	16651	1433
R3941.contig64	576	161	1
R3941.contig65	573	78824	7949
R3941.contig66	563	42	0
R3941.contig67	563	316	0
R3941.contig68	556	739	30
R3941.contig69	547	340	15
R3941.contig70	544	41	3
R3941.contig71	543	8363	952
R3941.contig72	542	22652	370
R3941.contig73	542	95876	10341
R3941.contig74	538	23150	414
R3941.contig75	538	2351	359
R3941.contig76	535	25317	664
R3941.contig77	535	122680	4323
R3941.contig78	531	4375	135
R3941.contig79	529	10975	1133
R3941.contig80	527	5794	96
R3941.contig81	527	19932	3877
R3941.contig82	517	52855	1688
R3941.contig83	516	8134	140
R3941.contig84	513	85	0
R3941.contig85	509	24	0
R3941.contig86	506	240	16
R3941.contig87	499	12156	1530
R3941.contig88	499	543	12
R3941.contig89	497	3068	487
R3941.contig90	496	13886	245
R3941.contig91	496	6384	1313
R3941.contig92	491	18	0
R3941.contig93	484	31725	1181
R3941.contig94	481	210	3
R3941.contig95	468	20121	1398
R3941.contig96	466	651	61
R3941.contig97	465	380	25
R3941.contig98	459	7731	1715
R3941.contig99	459	2537	265
R3941.contig100	457	1951	320
R3941.contig101	456	474	2
R3941.contig102	456	7204	474
R3941.contig103	454	70	1
R3941.contig104	452	921	10
R3941.contig105	450	3591	572
R3941.contig106	445	21802	3507
R3941.contig107	439	1839	445
R3941.contig108	437	38124	1507
R3941.contig109	437	23335	1161
R3941.contig110	435	473	37
R3941.contig111	428	147	1
R3941.contig112	428	303	1
R3941.contig113	425	4327	869
R3941.contig114	425	34604	10070
R3941.contig115	424	3263	111
R3941.contig116	423	165	16
R3941.contig117	423	122	0
R3941.contig118	416	13119	1907
R3941.contig119	415	144	0
R3941.contig120	412	12105	837
R3941.contig121	412	5082	83
R3941.contig122	411	9680	251
R3941.contig123	408	3353	354
R3941.contig124	405	6495	729
R3941.contig125	404	100	0
R3941.contig126	402	25140	745
R3941.contig127	402	55917	3403
R3941.contig128	401	3993	126
R3941.contig129	401	12633	489
R3941.contig130	400	27259	8803
R3941.contig131	400	24	0
R3941.contig132	397	26	0
R3941.contig133	397	637	15
R3941.contig134	396	20468	4608
R3941.contig135	396	5921	1323
R3941.contig136	396	26396	622
R3941.contig137	396	44	0
R3941.contig138	395	48444	5609
R3941.contig139	394	4224	1588
R3941.contig140	392	15611	588
R3941.contig141	391	57	1
R3941.contig142	388	46428	943
R3941.contig143	386	1828	393
R3941.contig144	386	29187	3084
R3941.contig145	379	486	61
R3941.contig146	377	411	31
R3941.contig147	376	841	185
R3941.contig148	376	1812	395
R3941.contig149	375	273	35
R3941.contig150	373	14897	1975
R3941.contig151	371	1736	64
R3941.contig152	371	1425	53
R3941.contig153	370	8632	687
R3941.contig154	368	405002	33100
R3941.contig155	366	29	1
R3941.contig156	364	120	7
R3941.contig157	363	30883	3646
R3941.contig158	363	52	0
R3941.contig159	355	11362	168
R3941.contig160	355	571	32
R3941.contig161	355	4632	763
R3941.contig162	354	2564	799
R3941.contig163	352	38	1
R3941.contig164	350	3556	80
R3941.contig165	346	3725	69
R3941.contig166	345	4987	253
R3941.contig167	345	12901	2422
R3941.contig168	345	10582	149
R3941.contig169	344	45310	1505
R3941.contig170	343	232	0
R3941.contig171	339	41	4
R3941.contig172	337	22	0
R3941.contig173	336	6795	1994
R3941.contig174	336	7269	180
R3941.contig175	335	1561	8
R3941.contig176	333	17061	869
R3941.contig177	330	4760	115
R3941.contig178	329	30	0
R3941.contig179	329	6935	182
R3941.contig180	328	11726	1283
R3941.contig181	328	3579	156
R3941.contig182	328	1219	65
R3941.contig183	327	11449	1500
R3941.contig184	327	17227	3868
R3941.contig185	326	4714	347
R3941.contig186	324	4793	157
R3941.contig187	323	146263	4420
R3941.contig188	320	5565	207
R3941.contig189	320	30865	1155
R3941.contig190	317	17028	5116
R3941.contig191	317	13	1
R3941.contig192	315	21	1
R3941.contig193	314	368	8
R3941.contig194	310	42	0
R3941.contig195	308	20669	887
R3941.contig196	308	7119	253
R3941.contig197	305	2051	44
R3941.contig198	303	2492	189
R3941.contig199	302	401376	22572
*	0	0	412174
