R3760.contig1	1526	14102	534
R3760.contig2	1203	535	7
R3760.contig3	1196	29824	273
R3760.contig4	1135	407	3
R3760.contig5	1073	87	13
R3760.contig6	968	506	3
R3760.contig7	965	76	6
R3760.contig8	957	20206	269
R3760.contig9	944	97	2
R3760.contig10	929	52	6
R3760.contig11	919	205	17
R3760.contig12	883	54	2
R3760.contig13	881	100	2
R3760.contig14	860	104	4
R3760.contig15	856	435	23
R3760.contig16	839	516	5
R3760.contig17	834	56	6
R3760.contig18	830	68	4
R3760.contig19	828	220	4
R3760.contig20	818	91	5
R3760.contig21	814	90	2
R3760.contig22	803	49	7
R3760.contig23	801	50	6
R3760.contig24	796	552	249
R3760.contig25	792	326	5
R3760.contig26	791	3685	23
R3760.contig27	780	149	1
R3760.contig28	765	143	10
R3760.contig29	753	97	3
R3760.contig30	742	96	2
R3760.contig31	737	71	3
R3760.contig32	735	57	7
R3760.contig33	726	345	1
R3760.contig34	721	24	1
R3760.contig35	719	596	75
R3760.contig36	709	89	3
R3760.contig37	702	60	3
R3760.contig38	697	5036	84
R3760.contig39	692	69	1
R3760.contig40	679	463	11
R3760.contig41	665	251	13
R3760.contig42	659	51	3
R3760.contig43	658	171	5
R3760.contig44	658	77	7
R3760.contig45	645	187	1
R3760.contig46	626	104	8
R3760.contig47	621	334	8
R3760.contig48	621	55	3
R3760.contig49	618	67	1
R3760.contig50	618	1294	80
R3760.contig51	618	563	15
R3760.contig52	610	134	4
R3760.contig53	601	1580	751
R3760.contig54	596	75	3
R3760.contig55	589	153	1
R3760.contig56	586	25	0
R3760.contig57	584	38	8
R3760.contig58	577	859	7
R3760.contig59	571	42	2
R3760.contig60	570	52	6
R3760.contig61	568	19	2
R3760.contig62	548	43	3
R3760.contig63	544	49	3
R3760.contig64	543	98	10
R3760.contig65	539	36	0
R3760.contig66	537	135	13
R3760.contig67	534	73	1
R3760.contig68	529	63	3
R3760.contig69	527	785	7
R3760.contig70	517	69	3
R3760.contig71	494	26	7
R3760.contig72	487	24	4
R3760.contig73	480	17	0
R3760.contig74	472	377	7
R3760.contig75	471	58	0
R3760.contig76	471	194	22
R3760.contig77	470	62	2
R3760.contig78	469	46	2
R3760.contig79	464	53	9
R3760.contig80	458	30	5
R3760.contig81	454	33	3
R3760.contig82	444	23	11
R3760.contig83	442	162	6
R3760.contig84	434	69	1
R3760.contig85	434	21	7
R3760.contig86	433	37	5
R3760.contig87	433	30	2
R3760.contig88	432	47	10
R3760.contig89	417	1133	601
R3760.contig90	416	238	1
R3760.contig91	411	1579	322
R3760.contig92	410	409	186
R3760.contig93	402	9	3
R3760.contig94	401	36	4
R3760.contig95	397	631	11
R3760.contig96	396	250	5
R3760.contig97	396	143	49
R3760.contig98	391	79	24
R3760.contig99	390	7057	3262
R3760.contig100	382	17	1
R3760.contig101	382	13	1
R3760.contig102	376	52	0
R3760.contig103	375	20	2
R3760.contig104	368	12	2
R3760.contig105	366	9	3
R3760.contig106	365	28	8
R3760.contig107	363	126	4
R3760.contig108	362	31	7
R3760.contig109	359	12	4
R3760.contig110	358	75	7
R3760.contig111	358	18	7
R3760.contig112	357	567	251
R3760.contig113	356	22	8
R3760.contig114	356	27	1
R3760.contig115	353	96	4
R3760.contig116	352	72	15
R3760.contig117	351	58	12
R3760.contig118	350	9	3
R3760.contig119	347	114	16
R3760.contig120	346	96	26
R3760.contig121	346	17	1
R3760.contig122	345	8	2
R3760.contig123	341	108	29
R3760.contig124	341	201	7
R3760.contig125	339	7	3
R3760.contig126	338	100	21
R3760.contig127	336	653	311
R3760.contig128	336	13	3
R3760.contig129	335	7	5
R3760.contig130	334	33	1
R3760.contig131	333	13	4
R3760.contig132	333	19	4
R3760.contig133	331	22	5
R3760.contig134	328	17	5
R3760.contig135	327	15	7
R3760.contig136	324	751	174
R3760.contig137	323	6	4
R3760.contig138	323	150	4
R3760.contig139	317	33	9
R3760.contig140	317	15	3
R3760.contig141	310	10	0
R3760.contig142	303	7	5
*	0	0	165864
