D4011.contig1	37963	42	4
D4011.contig2	37655	6	0
D4011.contig3	32408	130	96
D4011.contig4	28126	4464	1294
D4011.contig5	27412	141	57
D4011.contig6	23510	2	0
D4011.contig7	21559	12859	1965
D4011.contig8	21176	8	4
D4011.contig9	20938	6450	5303
D4011.contig10	20666	112382	56892
D4011.contig11	20032	32	1
D4011.contig12	19418	221	15
D4011.contig13	19391	242	195
D4011.contig14	18113	6	6
D4011.contig15	17087	36304	1095
D4011.contig16	17074	499	428
D4011.contig17	16620	471	440
D4011.contig18	16151	72	2
D4011.contig19	16107	251	229
D4011.contig20	16007	0	0
D4011.contig21	16004	0	0
D4011.contig22	15630	790	500
D4011.contig23	15111	40	40
D4011.contig24	14314	0	0
D4011.contig25	14008	1	1
D4011.contig26	13893	0	0
D4011.contig27	13309	58	56
D4011.contig28	13223	53	49
D4011.contig29	13108	44	34
D4011.contig30	13095	191	171
D4011.contig31	12756	19	19
D4011.contig32	12637	0	0
D4011.contig33	12173	63	59
D4011.contig34	11471	0	0
D4011.contig35	11172	1	1
D4011.contig36	11143	8	8
D4011.contig37	10983	320	42
D4011.contig38	10955	0	0
D4011.contig39	10939	0	0
D4011.contig40	10903	6100	4636
D4011.contig41	10308	19	19
D4011.contig42	10245	180	171
D4011.contig43	10143	64	54
D4011.contig44	10114	9	9
D4011.contig45	10088	36	33
D4011.contig46	10061	0	0
D4011.contig47	10057	0	0
D4011.contig48	9982	148	127
D4011.contig49	9968	30	25
D4011.contig50	9819	0	0
D4011.contig51	9752	12	10
D4011.contig52	9601	94	76
D4011.contig53	9539	0	0
D4011.contig54	9270	0	0
D4011.contig55	9253	0	0
D4011.contig56	8855	12	6
D4011.contig57	8747	0	0
D4011.contig58	8696	259	177
D4011.contig59	8662	3	3
D4011.contig60	8617	15	15
D4011.contig61	8402	20	10
D4011.contig62	8384	0	0
D4011.contig63	8227	41	41
D4011.contig64	8135	848	464
D4011.contig65	8033	0	0
D4011.contig66	7916	3855	142
D4011.contig67	7861	13	5
D4011.contig68	7845	7	1
D4011.contig69	7836	1	1
D4011.contig70	7679	38	36
D4011.contig71	7606	0	0
D4011.contig72	7337	61	57
D4011.contig73	7165	13	11
D4011.contig74	7076	6	6
D4011.contig75	7075	0	0
D4011.contig76	7026	0	0
D4011.contig77	6915	1	1
D4011.contig78	6802	1	1
D4011.contig79	6780	1	0
D4011.contig80	6667	0	0
D4011.contig81	6633	21	3
D4011.contig82	6576	4	2
D4011.contig83	6562	0	0
D4011.contig84	6561	0	0
D4011.contig85	6416	0	0
D4011.contig86	6316	27	11
D4011.contig87	6285	0	0
D4011.contig88	6268	0	0
D4011.contig89	6193	4133	3289
D4011.contig90	6169	791	22
D4011.contig91	6121	403	340
D4011.contig92	6030	1	1
D4011.contig93	5984	21	19
D4011.contig94	5972	10	8
D4011.contig95	5955	0	0
D4011.contig96	5903	1	1
D4011.contig97	5861	0	0
D4011.contig98	5829	0	0
D4011.contig99	5795	20	18
D4011.contig100	5738	0	0
D4011.contig101	5652	0	0
D4011.contig102	5596	22	22
D4011.contig103	5572	0	0
D4011.contig104	5481	0	0
D4011.contig105	5346	4574	3426
D4011.contig106	5344	219	156
D4011.contig107	5331	14	12
D4011.contig108	5317	1	1
D4011.contig109	5309	0	0
D4011.contig110	5308	2	0
D4011.contig111	5247	21	19
D4011.contig112	5235	0	0
D4011.contig113	5212	16	16
D4011.contig114	5142	37	36
D4011.contig115	5073	14	14
D4011.contig116	5025	68	55
D4011.contig117	4921	0	0
D4011.contig118	4890	0	0
D4011.contig119	4804	0	0
D4011.contig120	4800	0	0
D4011.contig121	4800	0	0
D4011.contig122	4772	5	5
D4011.contig123	4763	0	0
D4011.contig124	4756	0	0
D4011.contig125	4686	2	0
D4011.contig126	4670	1809	1166
D4011.contig127	4668	0	0
D4011.contig128	4639	86	82
D4011.contig129	4632	0	0
D4011.contig130	4595	0	0
D4011.contig131	4579	0	0
D4011.contig132	4566	136	26
D4011.contig133	4535	0	0
D4011.contig134	4421	129	95
D4011.contig135	4385	0	0
D4011.contig136	4384	0	0
D4011.contig137	4383	0	0
D4011.contig138	4254	60	55
D4011.contig139	4229	1	1
D4011.contig140	4198	11	5
D4011.contig141	4175	0	0
D4011.contig142	4078	23	18
D4011.contig143	4065	0	0
D4011.contig144	4060	0	0
D4011.contig145	4059	0	0
D4011.contig146	4031	0	0
D4011.contig147	3955	24	24
D4011.contig148	3931	3	3
D4011.contig149	3929	16	15
D4011.contig150	3916	0	0
D4011.contig151	3913	538	451
D4011.contig152	3885	0	0
D4011.contig153	3851	2	0
D4011.contig154	3825	0	0
D4011.contig155	3824	54	48
D4011.contig156	3817	0	0
D4011.contig157	3753	0	0
D4011.contig158	3752	0	0
D4011.contig159	3740	0	0
D4011.contig160	3709	1334	82
D4011.contig161	3708	0	0
D4011.contig162	3697	36	33
D4011.contig163	3686	0	0
D4011.contig164	3641	328	302
D4011.contig165	3619	4	0
D4011.contig166	3619	46	3
D4011.contig167	3561	6915	5957
D4011.contig168	3536	0	0
D4011.contig169	3522	1	1
D4011.contig170	3520	0	0
D4011.contig171	3514	2	0
D4011.contig172	3508	0	0
D4011.contig173	3435	0	0
D4011.contig174	3411	0	0
D4011.contig175	3382	0	0
D4011.contig176	3305	0	0
D4011.contig177	3292	0	0
D4011.contig178	3273	1	1
D4011.contig179	3266	0	0
D4011.contig180	3220	5	1
D4011.contig181	3178	0	0
D4011.contig182	3175	0	0
D4011.contig183	3165	0	0
D4011.contig184	3164	273	26
D4011.contig185	3153	0	0
D4011.contig186	3114	22	22
D4011.contig187	3110	0	0
D4011.contig188	3106	128	118
D4011.contig189	3095	514	32
D4011.contig190	3090	0	0
D4011.contig191	3084	331	282
D4011.contig192	3078	0	0
D4011.contig193	3073	0	0
D4011.contig194	3063	2	0
D4011.contig195	3052	0	0
D4011.contig196	3045	0	0
D4011.contig197	3042	0	0
D4011.contig198	3017	0	0
D4011.contig199	3016	2	0
D4011.contig200	3013	0	0
D4011.contig201	3002	0	0
D4011.contig202	3000	0	0
D4011.contig203	2994	81	71
D4011.contig204	2952	0	0
D4011.contig205	2941	3	1
D4011.contig206	2936	18	14
D4011.contig207	2934	2	2
D4011.contig208	2903	136	121
D4011.contig209	2891	0	0
D4011.contig210	2889	3	3
D4011.contig211	2880	1	1
D4011.contig212	2879	0	0
D4011.contig213	2831	0	0
D4011.contig214	2824	147	143
D4011.contig215	2822	111	97
D4011.contig216	2793	552	335
D4011.contig217	2792	945	222
D4011.contig218	2761	0	0
D4011.contig219	2750	2945	2191
D4011.contig220	2748	0	0
D4011.contig221	2747	0	0
D4011.contig222	2736	1	1
D4011.contig223	2726	0	0
D4011.contig224	2726	257	212
D4011.contig225	2717	0	0
D4011.contig226	2699	0	0
D4011.contig227	2691	0	0
D4011.contig228	2685	49	47
D4011.contig229	2677	0	0
D4011.contig230	2666	0	0
D4011.contig231	2666	0	0
D4011.contig232	2660	0	0
D4011.contig233	2641	56	51
D4011.contig234	2609	222	196
D4011.contig235	2590	0	0
D4011.contig236	2589	0	0
D4011.contig237	2589	0	0
D4011.contig238	2573	0	0
D4011.contig239	2568	2	2
D4011.contig240	2566	0	0
D4011.contig241	2561	0	0
D4011.contig242	2559	20	20
D4011.contig243	2559	2	0
D4011.contig244	2542	0	0
D4011.contig245	2535	0	0
D4011.contig246	2534	0	0
D4011.contig247	2533	0	0
D4011.contig248	2530	0	0
D4011.contig249	2530	0	0
D4011.contig250	2514	0	0
D4011.contig251	2511	0	0
D4011.contig252	2508	0	0
D4011.contig253	2502	0	0
D4011.contig254	2497	55	7
D4011.contig255	2473	60	60
D4011.contig256	2460	0	0
D4011.contig257	2453	4	4
D4011.contig258	2421	0	0
D4011.contig259	2419	1	1
D4011.contig260	2408	0	0
D4011.contig261	2394	0	0
D4011.contig262	2386	0	0
D4011.contig263	2369	283	265
D4011.contig264	2364	50	31
D4011.contig265	2364	0	0
D4011.contig266	2357	0	0
D4011.contig267	2354	99	99
D4011.contig268	2350	3	1
D4011.contig269	2339	0	0
D4011.contig270	2326	0	0
D4011.contig271	2266	19	17
D4011.contig272	2266	24	24
D4011.contig273	2256	0	0
D4011.contig274	2230	0	0
D4011.contig275	2228	0	0
D4011.contig276	2227	0	0
D4011.contig277	2225	0	0
D4011.contig278	2213	0	0
D4011.contig279	2213	0	0
D4011.contig280	2213	0	0
D4011.contig281	2210	17	17
D4011.contig282	2205	0	0
D4011.contig283	2203	0	0
D4011.contig284	2188	0	0
D4011.contig285	2186	0	0
D4011.contig286	2185	0	0
D4011.contig287	2159	0	0
D4011.contig288	2157	0	0
D4011.contig289	2148	0	0
D4011.contig290	2138	0	0
D4011.contig291	2134	0	0
D4011.contig292	2127	0	0
D4011.contig293	2119	0	0
D4011.contig294	2098	0	0
D4011.contig295	2086	0	0
D4011.contig296	2083	0	0
D4011.contig297	2072	0	0
D4011.contig298	2069	186	22
D4011.contig299	2067	169501	40698
D4011.contig300	2059	0	0
D4011.contig301	2057	0	0
D4011.contig302	2057	39	33
D4011.contig303	2055	0	0
D4011.contig304	2054	5	5
D4011.contig305	2051	0	0
D4011.contig306	2046	0	0
D4011.contig307	2026	0	0
D4011.contig308	2021	0	0
D4011.contig309	2019	1193	1084
D4011.contig310	2018	0	0
D4011.contig311	2013	0	0
D4011.contig312	2003	0	0
D4011.contig313	1999	34	32
D4011.contig314	1992	0	0
D4011.contig315	1989	0	0
D4011.contig316	1989	0	0
D4011.contig317	1988	0	0
D4011.contig318	1987	2	2
D4011.contig319	1983	93	67
D4011.contig320	1980	0	0
D4011.contig321	1979	0	0
D4011.contig322	1974	25	25
D4011.contig323	1973	0	0
D4011.contig324	1970	620	106
D4011.contig325	1970	0	0
D4011.contig326	1968	5	5
D4011.contig327	1959	0	0
D4011.contig328	1959	0	0
D4011.contig329	1955	52	44
D4011.contig330	1954	1	1
D4011.contig331	1943	0	0
D4011.contig332	1914	33	33
D4011.contig333	1898	0	0
D4011.contig334	1896	1	0
D4011.contig335	1894	0	0
D4011.contig336	1891	45	45
D4011.contig337	1889	8	8
D4011.contig338	1881	0	0
D4011.contig339	1871	0	0
D4011.contig340	1869	548	72
D4011.contig341	1844	0	0
D4011.contig342	1841	0	0
D4011.contig343	1840	0	0
D4011.contig344	1826	34	31
D4011.contig345	1823	41	36
D4011.contig346	1820	0	0
D4011.contig347	1810	1	1
D4011.contig348	1808	0	0
D4011.contig349	1805	0	0
D4011.contig350	1802	0	0
D4011.contig351	1801	0	0
D4011.contig352	1799	7	0
D4011.contig353	1797	0	0
D4011.contig354	1796	0	0
D4011.contig355	1795	13	13
D4011.contig356	1786	3	3
D4011.contig357	1780	0	0
D4011.contig358	1775	22	21
D4011.contig359	1766	3	3
D4011.contig360	1765	0	0
D4011.contig361	1758	0	0
D4011.contig362	1757	0	0
D4011.contig363	1754	0	0
D4011.contig364	1739	0	0
D4011.contig365	1736	15	15
D4011.contig366	1731	0	0
D4011.contig367	1729	0	0
D4011.contig368	1726	0	0
D4011.contig369	1726	0	0
D4011.contig370	1722	0	0
D4011.contig371	1716	0	0
D4011.contig372	1716	0	0
D4011.contig373	1714	0	0
D4011.contig374	1713	0	0
D4011.contig375	1710	1	1
D4011.contig376	1707	0	0
D4011.contig377	1706	2000	526
D4011.contig378	1705	0	0
D4011.contig379	1699	0	0
D4011.contig380	1682	0	0
D4011.contig381	1681	0	0
D4011.contig382	1677	0	0
D4011.contig383	1671	285	40
D4011.contig384	1670	1	1
D4011.contig385	1664	0	0
D4011.contig386	1663	0	0
D4011.contig387	1655	0	0
D4011.contig388	1646	0	0
D4011.contig389	1640	35	26
D4011.contig390	1633	0	0
D4011.contig391	1632	2	0
D4011.contig392	1629	0	0
D4011.contig393	1627	115	13
D4011.contig394	1610	0	0
D4011.contig395	1602	13	13
D4011.contig396	1596	0	0
D4011.contig397	1593	0	0
D4011.contig398	1592	0	0
D4011.contig399	1585	0	0
D4011.contig400	1584	1	0
D4011.contig401	1570	57	14
D4011.contig402	1569	12	12
D4011.contig403	1563	0	0
D4011.contig404	1561	0	0
D4011.contig405	1555	307	39
D4011.contig406	1555	0	0
D4011.contig407	1546	20	20
D4011.contig408	1542	0	0
D4011.contig409	1530	0	0
D4011.contig410	1530	59	59
D4011.contig411	1529	0	0
D4011.contig412	1524	0	0
D4011.contig413	1523	0	0
D4011.contig414	1522	0	0
D4011.contig415	1517	0	0
D4011.contig416	1517	0	0
D4011.contig417	1510	477	390
D4011.contig418	1500	0	0
D4011.contig419	1500	0	0
D4011.contig420	1495	0	0
D4011.contig421	1489	5	5
D4011.contig422	1488	0	0
D4011.contig423	1486	25	25
D4011.contig424	1483	0	0
D4011.contig425	1482	0	0
D4011.contig426	1479	0	0
D4011.contig427	1473	7	7
D4011.contig428	1473	0	0
D4011.contig429	1471	0	0
D4011.contig430	1470	0	0
D4011.contig431	1469	0	0
D4011.contig432	1469	0	0
D4011.contig433	1468	0	0
D4011.contig434	1468	0	0
D4011.contig435	1464	0	0
D4011.contig436	1464	0	0
D4011.contig437	1462	0	0
D4011.contig438	1461	0	0
D4011.contig439	1459	0	0
D4011.contig440	1455	9	9
D4011.contig441	1453	0	0
D4011.contig442	1444	33	23
D4011.contig443	1442	20	20
D4011.contig444	1430	0	0
D4011.contig445	1430	0	0
D4011.contig446	1424	253	210
D4011.contig447	1421	357	311
D4011.contig448	1421	736	69
D4011.contig449	1413	0	0
D4011.contig450	1409	2	2
D4011.contig451	1408	0	0
D4011.contig452	1407	1	1
D4011.contig453	1407	0	0
D4011.contig454	1405	0	0
D4011.contig455	1402	0	0
D4011.contig456	1402	0	0
D4011.contig457	1402	10	10
D4011.contig458	1401	0	0
D4011.contig459	1396	0	0
D4011.contig460	1390	0	0
D4011.contig461	1389	0	0
D4011.contig462	1388	0	0
D4011.contig463	1386	0	0
D4011.contig464	1383	0	0
D4011.contig465	1381	0	0
D4011.contig466	1381	0	0
D4011.contig467	1378	3	3
D4011.contig468	1378	29	25
D4011.contig469	1376	2	1
D4011.contig470	1375	0	0
D4011.contig471	1368	0	0
D4011.contig472	1367	0	0
D4011.contig473	1363	0	0
D4011.contig474	1359	0	0
D4011.contig475	1355	74	64
D4011.contig476	1352	0	0
D4011.contig477	1350	0	0
D4011.contig478	1350	0	0
D4011.contig479	1348	0	0
D4011.contig480	1344	0	0
D4011.contig481	1339	32	32
D4011.contig482	1337	0	0
D4011.contig483	1335	9	7
D4011.contig484	1334	0	0
D4011.contig485	1320	0	0
D4011.contig486	1317	0	0
D4011.contig487	1317	2	1
D4011.contig488	1316	113	98
D4011.contig489	1315	0	0
D4011.contig490	1310	0	0
D4011.contig491	1309	0	0
D4011.contig492	1298	0	0
D4011.contig493	1297	0	0
D4011.contig494	1297	0	0
D4011.contig495	1295	0	0
D4011.contig496	1293	0	0
D4011.contig497	1283	0	0
D4011.contig498	1281	0	0
D4011.contig499	1280	0	0
D4011.contig500	1279	0	0
D4011.contig501	1272	0	0
D4011.contig502	1269	0	0
D4011.contig503	1268	0	0
D4011.contig504	1266	0	0
D4011.contig505	1262	0	0
D4011.contig506	1261	0	0
D4011.contig507	1257	4	4
D4011.contig508	1254	0	0
D4011.contig509	1254	0	0
D4011.contig510	1251	0	0
D4011.contig511	1249	0	0
D4011.contig512	1244	0	0
D4011.contig513	1233	0	0
D4011.contig514	1233	0	0
D4011.contig515	1231	0	0
D4011.contig516	1230	0	0
D4011.contig517	1228	0	0
D4011.contig518	1228	0	0
D4011.contig519	1223	0	0
D4011.contig520	1223	0	0
D4011.contig521	1221	41	39
D4011.contig522	1218	0	0
D4011.contig523	1216	4	4
D4011.contig524	1212	0	0
D4011.contig525	1207	0	0
D4011.contig526	1203	0	0
D4011.contig527	1200	0	0
D4011.contig528	1199	0	0
D4011.contig529	1199	3	3
D4011.contig530	1188	242736	21855
D4011.contig531	1184	0	0
D4011.contig532	1180	0	0
D4011.contig533	1180	0	0
D4011.contig534	1180	0	0
D4011.contig535	1178	0	0
D4011.contig536	1177	0	0
D4011.contig537	1175	0	0
D4011.contig538	1171	506	105
D4011.contig539	1171	0	0
D4011.contig540	1165	0	0
D4011.contig541	1165	91	55
D4011.contig542	1164	0	0
D4011.contig543	1164	0	0
D4011.contig544	1164	10	2
D4011.contig545	1163	0	0
D4011.contig546	1160	4	4
D4011.contig547	1160	0	0
D4011.contig548	1159	3	3
D4011.contig549	1153	1	0
D4011.contig550	1149	0	0
D4011.contig551	1148	0	0
D4011.contig552	1147	0	0
D4011.contig553	1146	0	0
D4011.contig554	1145	0	0
D4011.contig555	1144	0	0
D4011.contig556	1139	9	9
D4011.contig557	1136	0	0
D4011.contig558	1133	0	0
D4011.contig559	1131	0	0
D4011.contig560	1130	0	0
D4011.contig561	1129	11	11
D4011.contig562	1127	0	0
D4011.contig563	1126	6	5
D4011.contig564	1126	29	27
D4011.contig565	1123	0	0
D4011.contig566	1117	0	0
D4011.contig567	1114	0	0
D4011.contig568	1112	0	0
D4011.contig569	1110	0	0
D4011.contig570	1110	12	12
D4011.contig571	1110	0	0
D4011.contig572	1107	0	0
D4011.contig573	1107	0	0
D4011.contig574	1106	0	0
D4011.contig575	1105	0	0
D4011.contig576	1104	0	0
D4011.contig577	1104	1	1
D4011.contig578	1102	0	0
D4011.contig579	1101	0	0
D4011.contig580	1098	0	0
D4011.contig581	1091	0	0
D4011.contig582	1085	0	0
D4011.contig583	1083	0	0
D4011.contig584	1083	0	0
D4011.contig585	1083	0	0
D4011.contig586	1082	0	0
D4011.contig587	1081	0	0
D4011.contig588	1080	0	0
D4011.contig589	1077	9	9
D4011.contig590	1076	0	0
D4011.contig591	1076	0	0
D4011.contig592	1070	0	0
D4011.contig593	1069	0	0
D4011.contig594	1067	0	0
D4011.contig595	1064	0	0
D4011.contig596	1062	67	60
D4011.contig597	1062	0	0
D4011.contig598	1061	0	0
D4011.contig599	1060	6	6
D4011.contig600	1059	1	0
D4011.contig601	1059	0	0
D4011.contig602	1056	0	0
D4011.contig603	1056	0	0
D4011.contig604	1052	0	0
D4011.contig605	1051	32	32
D4011.contig606	1050	0	0
D4011.contig607	1049	4	4
D4011.contig608	1048	0	0
D4011.contig609	1048	0	0
D4011.contig610	1046	1	1
D4011.contig611	1046	56	56
D4011.contig612	1042	0	0
D4011.contig613	1041	0	0
D4011.contig614	1039	0	0
D4011.contig615	1038	2	2
D4011.contig616	1038	0	0
D4011.contig617	1032	0	0
D4011.contig618	1030	0	0
D4011.contig619	1029	1	1
D4011.contig620	1026	0	0
D4011.contig621	1026	0	0
D4011.contig622	1025	0	0
D4011.contig623	1022	0	0
D4011.contig624	1021	0	0
D4011.contig625	1021	0	0
D4011.contig626	1019	0	0
D4011.contig627	1018	0	0
D4011.contig628	1018	26	26
D4011.contig629	1018	0	0
D4011.contig630	1013	12	12
D4011.contig631	1012	0	0
D4011.contig632	1011	1	1
D4011.contig633	1011	0	0
D4011.contig634	1008	0	0
D4011.contig635	1006	0	0
D4011.contig636	1005	0	0
D4011.contig637	1005	0	0
D4011.contig638	1004	0	0
D4011.contig639	1004	0	0
D4011.contig640	1003	0	0
D4011.contig641	998	145726	18013
D4011.contig642	995	0	0
D4011.contig643	995	0	0
D4011.contig644	994	0	0
D4011.contig645	993	2	2
D4011.contig646	992	0	0
D4011.contig647	991	0	0
D4011.contig648	987	0	0
D4011.contig649	987	0	0
D4011.contig650	986	0	0
D4011.contig651	983	0	0
D4011.contig652	982	0	0
D4011.contig653	980	0	0
D4011.contig654	980	0	0
D4011.contig655	979	0	0
D4011.contig656	978	52	50
D4011.contig657	975	0	0
D4011.contig658	974	0	0
D4011.contig659	972	0	0
D4011.contig660	969	2	2
D4011.contig661	962	0	0
D4011.contig662	962	0	0
D4011.contig663	960	0	0
D4011.contig664	959	0	0
D4011.contig665	958	0	0
D4011.contig666	955	109	102
D4011.contig667	951	62	52
D4011.contig668	950	0	0
D4011.contig669	950	0	0
D4011.contig670	949	168	36
D4011.contig671	941	0	0
D4011.contig672	940	56	47
D4011.contig673	939	24	18
D4011.contig674	938	5	5
D4011.contig675	933	0	0
D4011.contig676	930	0	0
D4011.contig677	930	10410	8041
D4011.contig678	930	0	0
D4011.contig679	930	0	0
D4011.contig680	928	0	0
D4011.contig681	928	0	0
D4011.contig682	926	0	0
D4011.contig683	926	0	0
D4011.contig684	925	0	0
D4011.contig685	925	0	0
D4011.contig686	925	0	0
D4011.contig687	924	0	0
D4011.contig688	924	165	140
D4011.contig689	918	0	0
D4011.contig690	917	295304	74711
D4011.contig691	917	0	0
D4011.contig692	917	1	1
D4011.contig693	916	0	0
D4011.contig694	916	0	0
D4011.contig695	916	196	178
D4011.contig696	915	11	11
D4011.contig697	915	0	0
D4011.contig698	914	0	0
D4011.contig699	914	4	4
D4011.contig700	913	1	1
D4011.contig701	911	0	0
D4011.contig702	908	0	0
D4011.contig703	908	0	0
D4011.contig704	907	0	0
D4011.contig705	905	0	0
D4011.contig706	904	0	0
D4011.contig707	899	0	0
D4011.contig708	897	0	0
D4011.contig709	895	0	0
D4011.contig710	893	0	0
D4011.contig711	892	0	0
D4011.contig712	892	18	18
D4011.contig713	892	0	0
D4011.contig714	891	0	0
D4011.contig715	891	230272	70395
D4011.contig716	889	0	0
D4011.contig717	889	0	0
D4011.contig718	888	0	0
D4011.contig719	887	0	0
D4011.contig720	886	5	5
D4011.contig721	881	15	15
D4011.contig722	879	0	0
D4011.contig723	878	0	0
D4011.contig724	876	0	0
D4011.contig725	876	14	0
D4011.contig726	875	0	0
D4011.contig727	875	0	0
D4011.contig728	872	0	0
D4011.contig729	872	0	0
D4011.contig730	871	93	26
D4011.contig731	871	0	0
D4011.contig732	871	1	1
D4011.contig733	870	0	0
D4011.contig734	869	0	0
D4011.contig735	868	0	0
D4011.contig736	868	1	1
D4011.contig737	867	0	0
D4011.contig738	866	0	0
D4011.contig739	865	0	0
D4011.contig740	863	0	0
D4011.contig741	863	0	0
D4011.contig742	863	0	0
D4011.contig743	863	121	89
D4011.contig744	862	104	93
D4011.contig745	861	0	0
D4011.contig746	861	0	0
D4011.contig747	859	0	0
D4011.contig748	857	0	0
D4011.contig749	856	0	0
D4011.contig750	855	45	39
D4011.contig751	854	0	0
D4011.contig752	853	2	0
D4011.contig753	853	0	0
D4011.contig754	853	0	0
D4011.contig755	851	0	0
D4011.contig756	851	0	0
D4011.contig757	851	0	0
D4011.contig758	850	89	15
D4011.contig759	849	0	0
D4011.contig760	849	0	0
D4011.contig761	849	0	0
D4011.contig762	847	0	0
D4011.contig763	845	0	0
D4011.contig764	843	0	0
D4011.contig765	843	0	0
D4011.contig766	842	70	22
D4011.contig767	842	0	0
D4011.contig768	842	0	0
D4011.contig769	841	0	0
D4011.contig770	841	0	0
D4011.contig771	841	14465	3881
D4011.contig772	839	0	0
D4011.contig773	839	0	0
D4011.contig774	837	0	0
D4011.contig775	836	0	0
D4011.contig776	833	0	0
D4011.contig777	831	0	0
D4011.contig778	831	0	0
D4011.contig779	830	0	0
D4011.contig780	828	3	3
D4011.contig781	828	0	0
D4011.contig782	827	1	1
D4011.contig783	827	30	30
D4011.contig784	826	0	0
D4011.contig785	826	3	1
D4011.contig786	825	0	0
D4011.contig787	824	0	0
D4011.contig788	822	0	0
D4011.contig789	821	0	0
D4011.contig790	821	0	0
D4011.contig791	820	43	25
D4011.contig792	820	0	0
D4011.contig793	820	0	0
D4011.contig794	818	5	5
D4011.contig795	818	0	0
D4011.contig796	816	0	0
D4011.contig797	815	0	0
D4011.contig798	815	0	0
D4011.contig799	814	0	0
D4011.contig800	814	1	1
D4011.contig801	814	10	10
D4011.contig802	814	0	0
D4011.contig803	813	0	0
D4011.contig804	812	0	0
D4011.contig805	810	0	0
D4011.contig806	809	0	0
D4011.contig807	808	0	0
D4011.contig808	808	0	0
D4011.contig809	807	0	0
D4011.contig810	806	0	0
D4011.contig811	805	0	0
D4011.contig812	805	45	43
D4011.contig813	804	0	0
D4011.contig814	804	0	0
D4011.contig815	803	0	0
D4011.contig816	803	0	0
D4011.contig817	802	0	0
D4011.contig818	802	0	0
D4011.contig819	801	0	0
D4011.contig820	798	1	1
D4011.contig821	797	0	0
D4011.contig822	797	0	0
D4011.contig823	794	0	0
D4011.contig824	792	0	0
D4011.contig825	790	1	1
D4011.contig826	789	0	0
D4011.contig827	789	0	0
D4011.contig828	787	129020	7421
D4011.contig829	786	16	16
D4011.contig830	786	0	0
D4011.contig831	785	0	0
D4011.contig832	784	167	43
D4011.contig833	783	9	7
D4011.contig834	783	0	0
D4011.contig835	781	0	0
D4011.contig836	781	0	0
D4011.contig837	781	0	0
D4011.contig838	781	192	34
D4011.contig839	780	0	0
D4011.contig840	780	47	22
D4011.contig841	777	0	0
D4011.contig842	776	2	2
D4011.contig843	775	0	0
D4011.contig844	769	0	0
D4011.contig845	768	0	0
D4011.contig846	768	0	0
D4011.contig847	767	0	0
D4011.contig848	767	0	0
D4011.contig849	765	0	0
D4011.contig850	765	0	0
D4011.contig851	765	0	0
D4011.contig852	763	0	0
D4011.contig853	760	0	0
D4011.contig854	757	0	0
D4011.contig855	756	0	0
D4011.contig856	756	0	0
D4011.contig857	755	0	0
D4011.contig858	754	0	0
D4011.contig859	753	5	5
D4011.contig860	746	6	6
D4011.contig861	746	0	0
D4011.contig862	745	0	0
D4011.contig863	743	0	0
D4011.contig864	743	0	0
D4011.contig865	743	20	6
D4011.contig866	742	0	0
D4011.contig867	741	0	0
D4011.contig868	741	0	0
D4011.contig869	741	1	1
D4011.contig870	740	0	0
D4011.contig871	740	1	1
D4011.contig872	739	0	0
D4011.contig873	739	0	0
D4011.contig874	739	17	15
D4011.contig875	738	1	1
D4011.contig876	738	0	0
D4011.contig877	736	0	0
D4011.contig878	736	0	0
D4011.contig879	736	0	0
D4011.contig880	736	0	0
D4011.contig881	736	0	0
D4011.contig882	734	1	1
D4011.contig883	733	0	0
D4011.contig884	732	0	0
D4011.contig885	731	0	0
D4011.contig886	731	0	0
D4011.contig887	731	0	0
D4011.contig888	731	0	0
D4011.contig889	731	0	0
D4011.contig890	728	0	0
D4011.contig891	728	0	0
D4011.contig892	727	0	0
D4011.contig893	726	51	51
D4011.contig894	726	4	0
D4011.contig895	724	0	0
D4011.contig896	723	55	20
D4011.contig897	722	0	0
D4011.contig898	722	0	0
D4011.contig899	721	4221	2236
D4011.contig900	719	1	1
D4011.contig901	718	0	0
D4011.contig902	717	0	0
D4011.contig903	715	0	0
D4011.contig904	715	1	0
D4011.contig905	715	0	0
D4011.contig906	713	949	323
D4011.contig907	713	0	0
D4011.contig908	712	0	0
D4011.contig909	712	94	88
D4011.contig910	711	0	0
D4011.contig911	710	2	2
D4011.contig912	710	0	0
D4011.contig913	709	0	0
D4011.contig914	708	36	16
D4011.contig915	708	0	0
D4011.contig916	708	0	0
D4011.contig917	707	0	0
D4011.contig918	706	0	0
D4011.contig919	706	0	0
D4011.contig920	704	0	0
D4011.contig921	703	0	0
D4011.contig922	702	3	0
D4011.contig923	702	0	0
D4011.contig924	702	0	0
D4011.contig925	702	0	0
D4011.contig926	701	0	0
D4011.contig927	701	1	1
D4011.contig928	701	0	0
D4011.contig929	700	0	0
D4011.contig930	700	6	4
D4011.contig931	699	0	0
D4011.contig932	697	0	0
D4011.contig933	697	6	6
D4011.contig934	693	0	0
D4011.contig935	693	66	56
D4011.contig936	692	0	0
D4011.contig937	692	0	0
D4011.contig938	692	0	0
D4011.contig939	692	0	0
D4011.contig940	691	0	0
D4011.contig941	691	2	2
D4011.contig942	691	0	0
D4011.contig943	690	0	0
D4011.contig944	690	0	0
D4011.contig945	689	0	0
D4011.contig946	689	0	0
D4011.contig947	688	0	0
D4011.contig948	687	13	10
D4011.contig949	685	0	0
D4011.contig950	685	0	0
D4011.contig951	683	0	0
D4011.contig952	683	0	0
D4011.contig953	683	5	5
D4011.contig954	683	3	3
D4011.contig955	682	0	0
D4011.contig956	681	4	3
D4011.contig957	678	0	0
D4011.contig958	678	0	0
D4011.contig959	677	38315	14640
D4011.contig960	676	1	1
D4011.contig961	674	0	0
D4011.contig962	674	0	0
D4011.contig963	673	0	0
D4011.contig964	672	0	0
D4011.contig965	672	19	17
D4011.contig966	671	0	0
D4011.contig967	670	0	0
D4011.contig968	669	0	0
D4011.contig969	667	0	0
D4011.contig970	666	3	3
D4011.contig971	666	0	0
D4011.contig972	666	0	0
D4011.contig973	666	0	0
D4011.contig974	665	0	0
D4011.contig975	664	149	30
D4011.contig976	663	0	0
D4011.contig977	663	0	0
D4011.contig978	663	0	0
D4011.contig979	663	1	1
D4011.contig980	662	0	0
D4011.contig981	660	0	0
D4011.contig982	660	0	0
D4011.contig983	659	0	0
D4011.contig984	658	0	0
D4011.contig985	657	0	0
D4011.contig986	657	11	11
D4011.contig987	655	0	0
D4011.contig988	655	0	0
D4011.contig989	652	0	0
D4011.contig990	651	0	0
D4011.contig991	649	0	0
D4011.contig992	647	0	0
D4011.contig993	646	0	0
D4011.contig994	645	0	0
D4011.contig995	644	14	14
D4011.contig996	643	0	0
D4011.contig997	643	0	0
D4011.contig998	643	0	0
D4011.contig999	642	0	0
D4011.contig1000	640	165	41
D4011.contig1001	639	0	0
D4011.contig1002	638	0	0
D4011.contig1003	637	1	1
D4011.contig1004	637	0	0
D4011.contig1005	636	0	0
D4011.contig1006	635	0	0
D4011.contig1007	632	0	0
D4011.contig1008	630	0	0
D4011.contig1009	630	1	1
D4011.contig1010	630	0	0
D4011.contig1011	629	0	0
D4011.contig1012	629	0	0
D4011.contig1013	629	60	60
D4011.contig1014	627	0	0
D4011.contig1015	627	22	5
D4011.contig1016	626	0	0
D4011.contig1017	625	0	0
D4011.contig1018	625	0	0
D4011.contig1019	625	19	15
D4011.contig1020	624	18	8
D4011.contig1021	624	0	0
D4011.contig1022	624	0	0
D4011.contig1023	624	0	0
D4011.contig1024	624	0	0
D4011.contig1025	623	0	0
D4011.contig1026	622	0	0
D4011.contig1027	620	0	0
D4011.contig1028	617	11	11
D4011.contig1029	617	0	0
D4011.contig1030	616	0	0
D4011.contig1031	616	2	2
D4011.contig1032	615	0	0
D4011.contig1033	614	0	0
D4011.contig1034	614	0	0
D4011.contig1035	613	577	161
D4011.contig1036	613	0	0
D4011.contig1037	613	96	42
D4011.contig1038	613	0	0
D4011.contig1039	612	0	0
D4011.contig1040	612	0	0
D4011.contig1041	612	0	0
D4011.contig1042	611	0	0
D4011.contig1043	611	0	0
D4011.contig1044	610	0	0
D4011.contig1045	609	0	0
D4011.contig1046	609	0	0
D4011.contig1047	606	13	10
D4011.contig1048	606	8	8
D4011.contig1049	606	0	0
D4011.contig1050	606	0	0
D4011.contig1051	606	0	0
D4011.contig1052	606	0	0
D4011.contig1053	605	0	0
D4011.contig1054	605	10695	5994
D4011.contig1055	605	58	53
D4011.contig1056	603	0	0
D4011.contig1057	602	0	0
D4011.contig1058	601	0	0
D4011.contig1059	600	0	0
D4011.contig1060	599	0	0
D4011.contig1061	599	0	0
D4011.contig1062	597	0	0
D4011.contig1063	597	1	1
D4011.contig1064	596	0	0
D4011.contig1065	596	0	0
D4011.contig1066	596	0	0
D4011.contig1067	596	0	0
D4011.contig1068	595	0	0
D4011.contig1069	594	0	0
D4011.contig1070	593	11	3
D4011.contig1071	593	0	0
D4011.contig1072	593	0	0
D4011.contig1073	592	0	0
D4011.contig1074	591	0	0
D4011.contig1075	591	0	0
D4011.contig1076	590	0	0
D4011.contig1077	589	0	0
D4011.contig1078	589	0	0
D4011.contig1079	589	0	0
D4011.contig1080	588	0	0
D4011.contig1081	588	0	0
D4011.contig1082	587	0	0
D4011.contig1083	587	0	0
D4011.contig1084	586	0	0
D4011.contig1085	586	27	27
D4011.contig1086	586	0	0
D4011.contig1087	585	0	0
D4011.contig1088	585	0	0
D4011.contig1089	585	0	0
D4011.contig1090	582	0	0
D4011.contig1091	582	0	0
D4011.contig1092	580	0	0
D4011.contig1093	580	0	0
D4011.contig1094	579	373	289
D4011.contig1095	579	0	0
D4011.contig1096	578	0	0
D4011.contig1097	578	1	1
D4011.contig1098	578	0	0
D4011.contig1099	577	0	0
D4011.contig1100	577	0	0
D4011.contig1101	576	0	0
D4011.contig1102	576	0	0
D4011.contig1103	576	0	0
D4011.contig1104	575	3	0
D4011.contig1105	575	0	0
D4011.contig1106	575	2	0
D4011.contig1107	574	0	0
D4011.contig1108	573	0	0
D4011.contig1109	573	0	0
D4011.contig1110	572	0	0
D4011.contig1111	572	0	0
D4011.contig1112	571	0	0
D4011.contig1113	571	0	0
D4011.contig1114	571	1	1
D4011.contig1115	570	0	0
D4011.contig1116	569	0	0
D4011.contig1117	569	0	0
D4011.contig1118	569	0	0
D4011.contig1119	569	0	0
D4011.contig1120	567	0	0
D4011.contig1121	567	0	0
D4011.contig1122	567	0	0
D4011.contig1123	567	8	6
D4011.contig1124	566	0	0
D4011.contig1125	566	2	0
D4011.contig1126	566	0	0
D4011.contig1127	565	52	28
D4011.contig1128	565	0	0
D4011.contig1129	564	0	0
D4011.contig1130	563	14	14
D4011.contig1131	562	0	0
D4011.contig1132	562	1188	525
D4011.contig1133	561	0	0
D4011.contig1134	561	0	0
D4011.contig1135	561	0	0
D4011.contig1136	560	631	469
D4011.contig1137	560	0	0
D4011.contig1138	560	0	0
D4011.contig1139	560	0	0
D4011.contig1140	560	0	0
D4011.contig1141	559	0	0
D4011.contig1142	557	0	0
D4011.contig1143	556	0	0
D4011.contig1144	556	0	0
D4011.contig1145	556	0	0
D4011.contig1146	555	0	0
D4011.contig1147	555	48	43
D4011.contig1148	555	0	0
D4011.contig1149	552	0	0
D4011.contig1150	552	132	52
D4011.contig1151	551	0	0
D4011.contig1152	551	0	0
D4011.contig1153	550	0	0
D4011.contig1154	550	0	0
D4011.contig1155	549	0	0
D4011.contig1156	549	0	0
D4011.contig1157	549	0	0
D4011.contig1158	549	0	0
D4011.contig1159	549	0	0
D4011.contig1160	549	0	0
D4011.contig1161	548	38	38
D4011.contig1162	548	0	0
D4011.contig1163	548	0	0
D4011.contig1164	547	223	215
D4011.contig1165	547	0	0
D4011.contig1166	546	0	0
D4011.contig1167	546	22	18
D4011.contig1168	546	0	0
D4011.contig1169	545	0	0
D4011.contig1170	545	0	0
D4011.contig1171	544	0	0
D4011.contig1172	543	4	2
D4011.contig1173	543	0	0
D4011.contig1174	543	0	0
D4011.contig1175	542	0	0
D4011.contig1176	542	0	0
D4011.contig1177	542	2	2
D4011.contig1178	542	0	0
D4011.contig1179	541	44	44
D4011.contig1180	541	0	0
D4011.contig1181	541	0	0
D4011.contig1182	541	18	5
D4011.contig1183	540	0	0
D4011.contig1184	540	0	0
D4011.contig1185	539	0	0
D4011.contig1186	539	0	0
D4011.contig1187	539	0	0
D4011.contig1188	538	0	0
D4011.contig1189	538	0	0
D4011.contig1190	538	599	335
D4011.contig1191	537	0	0
D4011.contig1192	536	0	0
D4011.contig1193	535	0	0
D4011.contig1194	534	0	0
D4011.contig1195	534	0	0
D4011.contig1196	534	0	0
D4011.contig1197	533	0	0
D4011.contig1198	533	0	0
D4011.contig1199	532	0	0
D4011.contig1200	532	0	0
D4011.contig1201	532	1304	889
D4011.contig1202	532	0	0
D4011.contig1203	531	126	57
D4011.contig1204	531	0	0
D4011.contig1205	531	0	0
D4011.contig1206	530	0	0
D4011.contig1207	530	0	0
D4011.contig1208	529	0	0
D4011.contig1209	529	40	40
D4011.contig1210	528	0	0
D4011.contig1211	528	0	0
D4011.contig1212	528	0	0
D4011.contig1213	527	0	0
D4011.contig1214	527	0	0
D4011.contig1215	526	0	0
D4011.contig1216	526	0	0
D4011.contig1217	526	39	39
D4011.contig1218	525	2	2
D4011.contig1219	525	5395	2855
D4011.contig1220	525	0	0
D4011.contig1221	525	0	0
D4011.contig1222	524	0	0
D4011.contig1223	523	0	0
D4011.contig1224	523	1	1
D4011.contig1225	523	0	0
D4011.contig1226	523	0	0
D4011.contig1227	523	0	0
D4011.contig1228	523	0	0
D4011.contig1229	522	0	0
D4011.contig1230	521	0	0
D4011.contig1231	521	0	0
D4011.contig1232	521	0	0
D4011.contig1233	520	5	5
D4011.contig1234	519	0	0
D4011.contig1235	519	0	0
D4011.contig1236	518	0	0
D4011.contig1237	517	0	0
D4011.contig1238	517	15	9
D4011.contig1239	516	0	0
D4011.contig1240	516	0	0
D4011.contig1241	516	0	0
D4011.contig1242	516	0	0
D4011.contig1243	514	0	0
D4011.contig1244	514	0	0
D4011.contig1245	513	0	0
D4011.contig1246	513	0	0
D4011.contig1247	513	0	0
D4011.contig1248	512	0	0
D4011.contig1249	511	0	0
D4011.contig1250	511	0	0
D4011.contig1251	511	0	0
D4011.contig1252	511	0	0
D4011.contig1253	510	0	0
D4011.contig1254	508	2	2
D4011.contig1255	508	3	3
D4011.contig1256	508	0	0
D4011.contig1257	508	0	0
D4011.contig1258	507	0	0
D4011.contig1259	507	0	0
D4011.contig1260	507	3	1
D4011.contig1261	507	0	0
D4011.contig1262	507	0	0
D4011.contig1263	506	0	0
D4011.contig1264	506	186	180
D4011.contig1265	506	0	0
D4011.contig1266	505	0	0
D4011.contig1267	505	162	132
D4011.contig1268	504	0	0
D4011.contig1269	504	0	0
D4011.contig1270	504	0	0
D4011.contig1271	504	0	0
D4011.contig1272	503	265	202
D4011.contig1273	503	0	0
D4011.contig1274	502	0	0
D4011.contig1275	502	0	0
D4011.contig1276	501	0	0
D4011.contig1277	501	0	0
D4011.contig1278	501	0	0
D4011.contig1279	500	0	0
D4011.contig1280	500	0	0
D4011.contig1281	500	0	0
D4011.contig1282	499	0	0
D4011.contig1283	499	0	0
D4011.contig1284	498	0	0
D4011.contig1285	497	0	0
D4011.contig1286	497	0	0
D4011.contig1287	496	0	0
D4011.contig1288	496	0	0
D4011.contig1289	496	0	0
D4011.contig1290	496	0	0
D4011.contig1291	494	0	0
D4011.contig1292	493	0	0
D4011.contig1293	492	0	0
D4011.contig1294	492	7	7
D4011.contig1295	492	0	0
D4011.contig1296	492	0	0
D4011.contig1297	491	0	0
D4011.contig1298	491	0	0
D4011.contig1299	490	100	27
D4011.contig1300	489	86	37
D4011.contig1301	489	0	0
D4011.contig1302	489	0	0
D4011.contig1303	487	0	0
D4011.contig1304	487	301	163
D4011.contig1305	487	0	0
D4011.contig1306	486	0	0
D4011.contig1307	486	0	0
D4011.contig1308	486	4	4
D4011.contig1309	484	0	0
D4011.contig1310	484	0	0
D4011.contig1311	484	0	0
D4011.contig1312	483	6	6
D4011.contig1313	483	0	0
D4011.contig1314	483	0	0
D4011.contig1315	482	0	0
D4011.contig1316	482	9646	4380
D4011.contig1317	482	0	0
D4011.contig1318	482	0	0
D4011.contig1319	481	0	0
D4011.contig1320	480	0	0
D4011.contig1321	480	21	19
D4011.contig1322	479	0	0
D4011.contig1323	479	0	0
D4011.contig1324	479	0	0
D4011.contig1325	479	0	0
D4011.contig1326	479	30	29
D4011.contig1327	479	0	0
D4011.contig1328	478	0	0
D4011.contig1329	477	3	3
D4011.contig1330	477	1	1
D4011.contig1331	477	0	0
D4011.contig1332	476	64	60
D4011.contig1333	476	0	0
D4011.contig1334	476	0	0
D4011.contig1335	475	0	0
D4011.contig1336	475	0	0
D4011.contig1337	475	0	0
D4011.contig1338	475	0	0
D4011.contig1339	474	0	0
D4011.contig1340	473	1	1
D4011.contig1341	473	0	0
D4011.contig1342	473	0	0
D4011.contig1343	473	810	609
D4011.contig1344	473	0	0
D4011.contig1345	473	0	0
D4011.contig1346	473	0	0
D4011.contig1347	472	0	0
D4011.contig1348	472	0	0
D4011.contig1349	472	0	0
D4011.contig1350	472	16	16
D4011.contig1351	471	0	0
D4011.contig1352	471	0	0
D4011.contig1353	471	16	16
D4011.contig1354	471	0	0
D4011.contig1355	470	0	0
D4011.contig1356	470	1	1
D4011.contig1357	469	0	0
D4011.contig1358	469	0	0
D4011.contig1359	468	0	0
D4011.contig1360	468	0	0
D4011.contig1361	467	17	5
D4011.contig1362	467	0	0
D4011.contig1363	467	2	2
D4011.contig1364	466	0	0
D4011.contig1365	466	0	0
D4011.contig1366	466	0	0
D4011.contig1367	465	0	0
D4011.contig1368	464	0	0
D4011.contig1369	464	0	0
D4011.contig1370	463	0	0
D4011.contig1371	463	0	0
D4011.contig1372	463	0	0
D4011.contig1373	463	0	0
D4011.contig1374	463	0	0
D4011.contig1375	462	0	0
D4011.contig1376	462	57	49
D4011.contig1377	462	0	0
D4011.contig1378	461	0	0
D4011.contig1379	461	0	0
D4011.contig1380	461	0	0
D4011.contig1381	460	0	0
D4011.contig1382	460	0	0
D4011.contig1383	460	0	0
D4011.contig1384	459	0	0
D4011.contig1385	459	0	0
D4011.contig1386	459	1999	905
D4011.contig1387	459	0	0
D4011.contig1388	458	0	0
D4011.contig1389	458	2	2
D4011.contig1390	458	5	0
D4011.contig1391	457	0	0
D4011.contig1392	457	0	0
D4011.contig1393	457	0	0
D4011.contig1394	457	0	0
D4011.contig1395	457	0	0
D4011.contig1396	456	34	34
D4011.contig1397	456	0	0
D4011.contig1398	456	2	2
D4011.contig1399	456	0	0
D4011.contig1400	456	2	0
D4011.contig1401	456	0	0
D4011.contig1402	456	1	1
D4011.contig1403	456	0	0
D4011.contig1404	455	0	0
D4011.contig1405	455	1	1
D4011.contig1406	454	0	0
D4011.contig1407	453	0	0
D4011.contig1408	453	0	0
D4011.contig1409	452	39	25
D4011.contig1410	452	0	0
D4011.contig1411	452	79	33
D4011.contig1412	451	0	0
D4011.contig1413	451	0	0
D4011.contig1414	451	0	0
D4011.contig1415	450	0	0
D4011.contig1416	449	0	0
D4011.contig1417	449	0	0
D4011.contig1418	449	0	0
D4011.contig1419	449	0	0
D4011.contig1420	448	0	0
D4011.contig1421	448	5	5
D4011.contig1422	447	1	1
D4011.contig1423	447	0	0
D4011.contig1424	447	0	0
D4011.contig1425	447	0	0
D4011.contig1426	447	0	0
D4011.contig1427	447	0	0
D4011.contig1428	446	0	0
D4011.contig1429	446	0	0
D4011.contig1430	446	0	0
D4011.contig1431	445	0	0
D4011.contig1432	445	0	0
D4011.contig1433	445	48	26
D4011.contig1434	445	92	34
D4011.contig1435	445	0	0
D4011.contig1436	444	0	0
D4011.contig1437	444	0	0
D4011.contig1438	444	0	0
D4011.contig1439	443	0	0
D4011.contig1440	442	0	0
D4011.contig1441	442	0	0
D4011.contig1442	442	0	0
D4011.contig1443	442	0	0
D4011.contig1444	442	0	0
D4011.contig1445	441	0	0
D4011.contig1446	441	0	0
D4011.contig1447	441	0	0
D4011.contig1448	441	0	0
D4011.contig1449	439	0	0
D4011.contig1450	438	0	0
D4011.contig1451	438	0	0
D4011.contig1452	438	2	2
D4011.contig1453	438	0	0
D4011.contig1454	438	0	0
D4011.contig1455	437	0	0
D4011.contig1456	437	0	0
D4011.contig1457	437	0	0
D4011.contig1458	435	0	0
D4011.contig1459	435	0	0
D4011.contig1460	435	0	0
D4011.contig1461	434	0	0
D4011.contig1462	434	52	50
D4011.contig1463	433	0	0
D4011.contig1464	433	0	0
D4011.contig1465	433	0	0
D4011.contig1466	433	0	0
D4011.contig1467	433	0	0
D4011.contig1468	432	0	0
D4011.contig1469	432	0	0
D4011.contig1470	432	0	0
D4011.contig1471	432	0	0
D4011.contig1472	431	0	0
D4011.contig1473	431	0	0
D4011.contig1474	431	0	0
D4011.contig1475	430	1	1
D4011.contig1476	429	0	0
D4011.contig1477	429	0	0
D4011.contig1478	429	0	0
D4011.contig1479	429	0	0
D4011.contig1480	428	0	0
D4011.contig1481	428	0	0
D4011.contig1482	427	0	0
D4011.contig1483	427	0	0
D4011.contig1484	427	0	0
D4011.contig1485	426	28	28
D4011.contig1486	426	0	0
D4011.contig1487	426	0	0
D4011.contig1488	426	1469	625
D4011.contig1489	426	0	0
D4011.contig1490	425	0	0
D4011.contig1491	425	1	1
D4011.contig1492	425	0	0
D4011.contig1493	424	0	0
D4011.contig1494	423	0	0
D4011.contig1495	423	38	38
D4011.contig1496	423	0	0
D4011.contig1497	422	0	0
D4011.contig1498	422	13	9
D4011.contig1499	422	0	0
D4011.contig1500	422	0	0
D4011.contig1501	422	0	0
D4011.contig1502	422	0	0
D4011.contig1503	421	0	0
D4011.contig1504	421	0	0
D4011.contig1505	421	0	0
D4011.contig1506	421	1	1
D4011.contig1507	421	0	0
D4011.contig1508	420	0	0
D4011.contig1509	420	0	0
D4011.contig1510	420	0	0
D4011.contig1511	419	0	0
D4011.contig1512	419	0	0
D4011.contig1513	419	0	0
D4011.contig1514	418	0	0
D4011.contig1515	418	0	0
D4011.contig1516	418	0	0
D4011.contig1517	417	0	0
D4011.contig1518	417	5635	4249
D4011.contig1519	417	0	0
D4011.contig1520	417	0	0
D4011.contig1521	417	0	0
D4011.contig1522	417	0	0
D4011.contig1523	417	0	0
D4011.contig1524	417	0	0
D4011.contig1525	416	0	0
D4011.contig1526	416	0	0
D4011.contig1527	415	0	0
D4011.contig1528	415	0	0
D4011.contig1529	415	0	0
D4011.contig1530	414	0	0
D4011.contig1531	414	0	0
D4011.contig1532	414	0	0
D4011.contig1533	413	0	0
D4011.contig1534	413	0	0
D4011.contig1535	412	0	0
D4011.contig1536	412	0	0
D4011.contig1537	412	0	0
D4011.contig1538	411	930	758
D4011.contig1539	410	0	0
D4011.contig1540	410	0	0
D4011.contig1541	410	0	0
D4011.contig1542	410	0	0
D4011.contig1543	410	0	0
D4011.contig1544	410	0	0
D4011.contig1545	410	0	0
D4011.contig1546	410	0	0
D4011.contig1547	410	0	0
D4011.contig1548	409	2	2
D4011.contig1549	409	0	0
D4011.contig1550	409	0	0
D4011.contig1551	409	0	0
D4011.contig1552	408	0	0
D4011.contig1553	408	0	0
D4011.contig1554	407	0	0
D4011.contig1555	407	0	0
D4011.contig1556	407	0	0
D4011.contig1557	406	0	0
D4011.contig1558	406	0	0
D4011.contig1559	406	0	0
D4011.contig1560	405	0	0
D4011.contig1561	405	0	0
D4011.contig1562	405	0	0
D4011.contig1563	405	0	0
D4011.contig1564	405	0	0
D4011.contig1565	404	0	0
D4011.contig1566	404	0	0
D4011.contig1567	404	9	9
D4011.contig1568	404	0	0
D4011.contig1569	404	40	21
D4011.contig1570	404	0	0
D4011.contig1571	403	0	0
D4011.contig1572	403	0	0
D4011.contig1573	403	0	0
D4011.contig1574	403	0	0
D4011.contig1575	402	0	0
D4011.contig1576	402	0	0
D4011.contig1577	402	0	0
D4011.contig1578	402	0	0
D4011.contig1579	401	0	0
D4011.contig1580	401	0	0
D4011.contig1581	401	0	0
D4011.contig1582	401	0	0
D4011.contig1583	401	1	1
D4011.contig1584	400	0	0
D4011.contig1585	400	0	0
D4011.contig1586	400	0	0
D4011.contig1587	399	0	0
D4011.contig1588	399	24	24
D4011.contig1589	399	0	0
D4011.contig1590	399	1	1
D4011.contig1591	398	457	420
D4011.contig1592	398	0	0
D4011.contig1593	398	0	0
D4011.contig1594	398	0	0
D4011.contig1595	397	0	0
D4011.contig1596	397	0	0
D4011.contig1597	396	0	0
D4011.contig1598	396	0	0
D4011.contig1599	396	1	1
D4011.contig1600	396	0	0
D4011.contig1601	396	0	0
D4011.contig1602	395	0	0
D4011.contig1603	395	6	6
D4011.contig1604	395	3089	1852
D4011.contig1605	395	0	0
D4011.contig1606	395	53	53
D4011.contig1607	395	0	0
D4011.contig1608	394	0	0
D4011.contig1609	394	0	0
D4011.contig1610	394	0	0
D4011.contig1611	394	0	0
D4011.contig1612	394	0	0
D4011.contig1613	394	0	0
D4011.contig1614	394	2	2
D4011.contig1615	394	0	0
D4011.contig1616	394	0	0
D4011.contig1617	393	0	0
D4011.contig1618	393	0	0
D4011.contig1619	393	6	4
D4011.contig1620	393	0	0
D4011.contig1621	393	50	22
D4011.contig1622	393	0	0
D4011.contig1623	393	0	0
D4011.contig1624	393	0	0
D4011.contig1625	392	0	0
D4011.contig1626	392	0	0
D4011.contig1627	392	159	55
D4011.contig1628	392	0	0
D4011.contig1629	391	0	0
D4011.contig1630	391	5	1
D4011.contig1631	391	0	0
D4011.contig1632	391	0	0
D4011.contig1633	390	0	0
D4011.contig1634	390	0	0
D4011.contig1635	390	0	0
D4011.contig1636	389	0	0
D4011.contig1637	389	0	0
D4011.contig1638	388	0	0
D4011.contig1639	388	0	0
D4011.contig1640	388	0	0
D4011.contig1641	388	1	1
D4011.contig1642	387	66	16
D4011.contig1643	387	0	0
D4011.contig1644	387	0	0
D4011.contig1645	386	0	0
D4011.contig1646	386	0	0
D4011.contig1647	386	0	0
D4011.contig1648	386	59	55
D4011.contig1649	386	0	0
D4011.contig1650	386	0	0
D4011.contig1651	386	0	0
D4011.contig1652	385	0	0
D4011.contig1653	385	0	0
D4011.contig1654	385	0	0
D4011.contig1655	385	16	4
D4011.contig1656	384	0	0
D4011.contig1657	384	0	0
D4011.contig1658	384	0	0
D4011.contig1659	384	0	0
D4011.contig1660	384	0	0
D4011.contig1661	384	0	0
D4011.contig1662	384	0	0
D4011.contig1663	383	0	0
D4011.contig1664	383	0	0
D4011.contig1665	383	0	0
D4011.contig1666	382	0	0
D4011.contig1667	382	0	0
D4011.contig1668	382	0	0
D4011.contig1669	382	0	0
D4011.contig1670	381	0	0
D4011.contig1671	381	0	0
D4011.contig1672	381	5	5
D4011.contig1673	381	0	0
D4011.contig1674	380	0	0
D4011.contig1675	380	22	22
D4011.contig1676	380	0	0
D4011.contig1677	380	0	0
D4011.contig1678	380	0	0
D4011.contig1679	379	0	0
D4011.contig1680	379	0	0
D4011.contig1681	379	0	0
D4011.contig1682	379	0	0
D4011.contig1683	379	0	0
D4011.contig1684	379	0	0
D4011.contig1685	379	0	0
D4011.contig1686	379	31	25
D4011.contig1687	379	0	0
D4011.contig1688	379	0	0
D4011.contig1689	378	0	0
D4011.contig1690	378	0	0
D4011.contig1691	378	0	0
D4011.contig1692	378	0	0
D4011.contig1693	378	0	0
D4011.contig1694	378	0	0
D4011.contig1695	378	0	0
D4011.contig1696	378	0	0
D4011.contig1697	377	0	0
D4011.contig1698	377	0	0
D4011.contig1699	376	0	0
D4011.contig1700	376	0	0
D4011.contig1701	375	0	0
D4011.contig1702	375	0	0
D4011.contig1703	375	50	48
D4011.contig1704	374	0	0
D4011.contig1705	374	0	0
D4011.contig1706	374	0	0
D4011.contig1707	374	0	0
D4011.contig1708	373	0	0
D4011.contig1709	373	0	0
D4011.contig1710	373	0	0
D4011.contig1711	373	0	0
D4011.contig1712	373	0	0
D4011.contig1713	373	2	0
D4011.contig1714	373	1	1
D4011.contig1715	372	0	0
D4011.contig1716	372	0	0
D4011.contig1717	372	0	0
D4011.contig1718	372	0	0
D4011.contig1719	371	0	0
D4011.contig1720	371	0	0
D4011.contig1721	371	0	0
D4011.contig1722	371	0	0
D4011.contig1723	371	0	0
D4011.contig1724	371	0	0
D4011.contig1725	370	18	18
D4011.contig1726	370	0	0
D4011.contig1727	370	0	0
D4011.contig1728	370	4	4
D4011.contig1729	370	0	0
D4011.contig1730	370	0	0
D4011.contig1731	370	0	0
D4011.contig1732	369	0	0
D4011.contig1733	369	27	25
D4011.contig1734	369	0	0
D4011.contig1735	368	0	0
D4011.contig1736	368	0	0
D4011.contig1737	368	0	0
D4011.contig1738	368	10	8
D4011.contig1739	368	0	0
D4011.contig1740	368	0	0
D4011.contig1741	368	0	0
D4011.contig1742	368	0	0
D4011.contig1743	368	0	0
D4011.contig1744	367	0	0
D4011.contig1745	367	0	0
D4011.contig1746	367	0	0
D4011.contig1747	367	0	0
D4011.contig1748	367	0	0
D4011.contig1749	366	0	0
D4011.contig1750	365	0	0
D4011.contig1751	365	4	2
D4011.contig1752	365	0	0
D4011.contig1753	365	0	0
D4011.contig1754	365	0	0
D4011.contig1755	364	0	0
D4011.contig1756	364	1	1
D4011.contig1757	364	0	0
D4011.contig1758	364	0	0
D4011.contig1759	364	0	0
D4011.contig1760	364	0	0
D4011.contig1761	364	0	0
D4011.contig1762	364	0	0
D4011.contig1763	363	31	17
D4011.contig1764	363	0	0
D4011.contig1765	363	303	199
D4011.contig1766	363	0	0
D4011.contig1767	363	18	18
D4011.contig1768	363	0	0
D4011.contig1769	363	0	0
D4011.contig1770	362	0	0
D4011.contig1771	362	0	0
D4011.contig1772	362	0	0
D4011.contig1773	362	12252	7815
D4011.contig1774	362	0	0
D4011.contig1775	362	0	0
D4011.contig1776	362	0	0
D4011.contig1777	361	0	0
D4011.contig1778	361	0	0
D4011.contig1779	361	0	0
D4011.contig1780	361	0	0
D4011.contig1781	360	0	0
D4011.contig1782	360	0	0
D4011.contig1783	360	0	0
D4011.contig1784	360	8498	4345
D4011.contig1785	360	0	0
D4011.contig1786	359	0	0
D4011.contig1787	359	0	0
D4011.contig1788	359	0	0
D4011.contig1789	359	0	0
D4011.contig1790	359	0	0
D4011.contig1791	359	0	0
D4011.contig1792	359	0	0
D4011.contig1793	358	0	0
D4011.contig1794	358	0	0
D4011.contig1795	358	0	0
D4011.contig1796	358	0	0
D4011.contig1797	358	0	0
D4011.contig1798	358	12	7
D4011.contig1799	357	0	0
D4011.contig1800	357	1	1
D4011.contig1801	357	0	0
D4011.contig1802	357	14	14
D4011.contig1803	357	0	0
D4011.contig1804	357	171	66
D4011.contig1805	356	11	9
D4011.contig1806	355	0	0
D4011.contig1807	355	4	4
D4011.contig1808	355	0	0
D4011.contig1809	354	0	0
D4011.contig1810	354	0	0
D4011.contig1811	354	0	0
D4011.contig1812	354	14	14
D4011.contig1813	354	0	0
D4011.contig1814	354	0	0
D4011.contig1815	353	0	0
D4011.contig1816	353	0	0
D4011.contig1817	353	0	0
D4011.contig1818	353	1472	739
D4011.contig1819	353	0	0
D4011.contig1820	353	0	0
D4011.contig1821	353	0	0
D4011.contig1822	353	0	0
D4011.contig1823	353	0	0
D4011.contig1824	352	0	0
D4011.contig1825	352	0	0
D4011.contig1826	352	0	0
D4011.contig1827	352	0	0
D4011.contig1828	352	0	0
D4011.contig1829	352	0	0
D4011.contig1830	351	0	0
D4011.contig1831	351	0	0
D4011.contig1832	351	1	1
D4011.contig1833	351	0	0
D4011.contig1834	351	0	0
D4011.contig1835	351	0	0
D4011.contig1836	350	0	0
D4011.contig1837	350	205	186
D4011.contig1838	350	0	0
D4011.contig1839	350	0	0
D4011.contig1840	350	0	0
D4011.contig1841	350	0	0
D4011.contig1842	349	0	0
D4011.contig1843	349	0	0
D4011.contig1844	348	0	0
D4011.contig1845	348	0	0
D4011.contig1846	348	28	26
D4011.contig1847	347	10	3
D4011.contig1848	347	0	0
D4011.contig1849	346	0	0
D4011.contig1850	346	0	0
D4011.contig1851	346	23	22
D4011.contig1852	346	5	5
D4011.contig1853	345	0	0
D4011.contig1854	345	0	0
D4011.contig1855	345	0	0
D4011.contig1856	345	0	0
D4011.contig1857	345	0	0
D4011.contig1858	345	635	365
D4011.contig1859	345	0	0
D4011.contig1860	344	0	0
D4011.contig1861	344	0	0
D4011.contig1862	344	0	0
D4011.contig1863	344	0	0
D4011.contig1864	344	0	0
D4011.contig1865	344	0	0
D4011.contig1866	343	0	0
D4011.contig1867	342	1	1
D4011.contig1868	342	0	0
D4011.contig1869	341	0	0
D4011.contig1870	341	0	0
D4011.contig1871	341	0	0
D4011.contig1872	341	0	0
D4011.contig1873	341	0	0
D4011.contig1874	341	0	0
D4011.contig1875	341	0	0
D4011.contig1876	341	0	0
D4011.contig1877	340	0	0
D4011.contig1878	340	0	0
D4011.contig1879	339	0	0
D4011.contig1880	339	0	0
D4011.contig1881	339	0	0
D4011.contig1882	339	0	0
D4011.contig1883	339	0	0
D4011.contig1884	339	0	0
D4011.contig1885	339	0	0
D4011.contig1886	338	0	0
D4011.contig1887	338	0	0
D4011.contig1888	338	0	0
D4011.contig1889	338	0	0
D4011.contig1890	338	0	0
D4011.contig1891	338	0	0
D4011.contig1892	338	0	0
D4011.contig1893	337	58	31
D4011.contig1894	337	0	0
D4011.contig1895	337	0	0
D4011.contig1896	337	0	0
D4011.contig1897	337	0	0
D4011.contig1898	336	0	0
D4011.contig1899	336	0	0
D4011.contig1900	336	0	0
D4011.contig1901	335	0	0
D4011.contig1902	335	0	0
D4011.contig1903	335	0	0
D4011.contig1904	335	0	0
D4011.contig1905	335	0	0
D4011.contig1906	335	0	0
D4011.contig1907	335	0	0
D4011.contig1908	335	0	0
D4011.contig1909	334	0	0
D4011.contig1910	334	0	0
D4011.contig1911	334	0	0
D4011.contig1912	334	0	0
D4011.contig1913	334	0	0
D4011.contig1914	334	0	0
D4011.contig1915	333	0	0
D4011.contig1916	333	0	0
D4011.contig1917	333	0	0
D4011.contig1918	333	0	0
D4011.contig1919	333	0	0
D4011.contig1920	333	0	0
D4011.contig1921	333	0	0
D4011.contig1922	333	0	0
D4011.contig1923	332	0	0
D4011.contig1924	332	1	1
D4011.contig1925	332	21	18
D4011.contig1926	332	0	0
D4011.contig1927	332	0	0
D4011.contig1928	331	0	0
D4011.contig1929	331	0	0
D4011.contig1930	330	0	0
D4011.contig1931	330	0	0
D4011.contig1932	330	0	0
D4011.contig1933	330	0	0
D4011.contig1934	330	0	0
D4011.contig1935	329	0	0
D4011.contig1936	329	0	0
D4011.contig1937	329	0	0
D4011.contig1938	329	0	0
D4011.contig1939	329	0	0
D4011.contig1940	329	0	0
D4011.contig1941	328	0	0
D4011.contig1942	328	0	0
D4011.contig1943	328	0	0
D4011.contig1944	328	34	16
D4011.contig1945	328	0	0
D4011.contig1946	328	0	0
D4011.contig1947	328	0	0
D4011.contig1948	328	0	0
D4011.contig1949	328	0	0
D4011.contig1950	327	0	0
D4011.contig1951	327	0	0
D4011.contig1952	327	0	0
D4011.contig1953	327	0	0
D4011.contig1954	326	0	0
D4011.contig1955	326	0	0
D4011.contig1956	326	0	0
D4011.contig1957	326	0	0
D4011.contig1958	326	0	0
D4011.contig1959	326	0	0
D4011.contig1960	326	0	0
D4011.contig1961	326	0	0
D4011.contig1962	326	3	1
D4011.contig1963	325	0	0
D4011.contig1964	325	0	0
D4011.contig1965	325	0	0
D4011.contig1966	325	3	3
D4011.contig1967	325	0	0
D4011.contig1968	325	0	0
D4011.contig1969	325	0	0
D4011.contig1970	325	0	0
D4011.contig1971	325	0	0
D4011.contig1972	324	0	0
D4011.contig1973	324	0	0
D4011.contig1974	324	0	0
D4011.contig1975	324	0	0
D4011.contig1976	324	0	0
D4011.contig1977	324	0	0
D4011.contig1978	324	0	0
D4011.contig1979	324	0	0
D4011.contig1980	324	0	0
D4011.contig1981	324	0	0
D4011.contig1982	324	0	0
D4011.contig1983	324	0	0
D4011.contig1984	323	0	0
D4011.contig1985	323	0	0
D4011.contig1986	323	0	0
D4011.contig1987	323	0	0
D4011.contig1988	323	0	0
D4011.contig1989	323	0	0
D4011.contig1990	322	0	0
D4011.contig1991	322	0	0
D4011.contig1992	322	0	0
D4011.contig1993	322	0	0
D4011.contig1994	322	0	0
D4011.contig1995	322	0	0
D4011.contig1996	322	0	0
D4011.contig1997	322	0	0
D4011.contig1998	322	0	0
D4011.contig1999	321	0	0
D4011.contig2000	321	9	9
D4011.contig2001	321	0	0
D4011.contig2002	321	0	0
D4011.contig2003	321	0	0
D4011.contig2004	321	0	0
D4011.contig2005	321	0	0
D4011.contig2006	321	0	0
D4011.contig2007	320	3	3
D4011.contig2008	320	0	0
D4011.contig2009	320	0	0
D4011.contig2010	320	0	0
D4011.contig2011	320	0	0
D4011.contig2012	319	0	0
D4011.contig2013	319	0	0
D4011.contig2014	319	0	0
D4011.contig2015	319	0	0
D4011.contig2016	319	0	0
D4011.contig2017	319	0	0
D4011.contig2018	319	0	0
D4011.contig2019	318	0	0
D4011.contig2020	318	0	0
D4011.contig2021	318	0	0
D4011.contig2022	318	0	0
D4011.contig2023	317	0	0
D4011.contig2024	317	0	0
D4011.contig2025	317	0	0
D4011.contig2026	317	0	0
D4011.contig2027	317	0	0
D4011.contig2028	317	0	0
D4011.contig2029	317	0	0
D4011.contig2030	317	0	0
D4011.contig2031	317	0	0
D4011.contig2032	317	58	43
D4011.contig2033	316	0	0
D4011.contig2034	316	0	0
D4011.contig2035	316	1	1
D4011.contig2036	316	4	1
D4011.contig2037	316	0	0
D4011.contig2038	316	0	0
D4011.contig2039	315	0	0
D4011.contig2040	315	4	4
D4011.contig2041	315	0	0
D4011.contig2042	315	0	0
D4011.contig2043	315	0	0
D4011.contig2044	315	0	0
D4011.contig2045	314	0	0
D4011.contig2046	314	0	0
D4011.contig2047	314	0	0
D4011.contig2048	314	0	0
D4011.contig2049	314	0	0
D4011.contig2050	314	0	0
D4011.contig2051	314	0	0
D4011.contig2052	314	0	0
D4011.contig2053	314	2	2
D4011.contig2054	313	0	0
D4011.contig2055	313	0	0
D4011.contig2056	313	0	0
D4011.contig2057	313	2	2
D4011.contig2058	313	0	0
D4011.contig2059	313	0	0
D4011.contig2060	312	11	3
D4011.contig2061	312	0	0
D4011.contig2062	312	0	0
D4011.contig2063	312	0	0
D4011.contig2064	312	0	0
D4011.contig2065	312	0	0
D4011.contig2066	312	0	0
D4011.contig2067	311	5	5
D4011.contig2068	311	0	0
D4011.contig2069	311	0	0
D4011.contig2070	311	0	0
D4011.contig2071	311	0	0
D4011.contig2072	311	0	0
D4011.contig2073	311	0	0
D4011.contig2074	311	0	0
D4011.contig2075	310	0	0
D4011.contig2076	310	0	0
D4011.contig2077	310	0	0
D4011.contig2078	310	0	0
D4011.contig2079	310	0	0
D4011.contig2080	309	0	0
D4011.contig2081	309	0	0
D4011.contig2082	309	0	0
D4011.contig2083	309	0	0
D4011.contig2084	308	0	0
D4011.contig2085	308	0	0
D4011.contig2086	308	0	0
D4011.contig2087	308	0	0
D4011.contig2088	308	0	0
D4011.contig2089	308	0	0
D4011.contig2090	307	0	0
D4011.contig2091	307	0	0
D4011.contig2092	307	2	2
D4011.contig2093	307	90	68
D4011.contig2094	307	100	87
D4011.contig2095	307	0	0
D4011.contig2096	307	0	0
D4011.contig2097	307	0	0
D4011.contig2098	307	241	216
D4011.contig2099	306	0	0
D4011.contig2100	306	0	0
D4011.contig2101	306	0	0
D4011.contig2102	306	0	0
D4011.contig2103	306	0	0
D4011.contig2104	306	0	0
D4011.contig2105	306	0	0
D4011.contig2106	305	0	0
D4011.contig2107	305	5	5
D4011.contig2108	305	0	0
D4011.contig2109	305	0	0
D4011.contig2110	305	7	6
D4011.contig2111	305	0	0
D4011.contig2112	305	0	0
D4011.contig2113	305	0	0
D4011.contig2114	304	0	0
D4011.contig2115	304	0	0
D4011.contig2116	304	0	0
D4011.contig2117	304	0	0
D4011.contig2118	303	0	0
D4011.contig2119	303	0	0
D4011.contig2120	303	0	0
D4011.contig2121	303	139	119
D4011.contig2122	303	0	0
D4011.contig2123	302	0	0
D4011.contig2124	302	0	0
D4011.contig2125	302	0	0
D4011.contig2126	302	245	141
D4011.contig2127	302	61	23
D4011.contig2128	302	0	0
D4011.contig2129	302	0	0
D4011.contig2130	302	0	0
D4011.contig2131	302	0	0
D4011.contig2132	302	0	0
D4011.contig2133	302	0	0
D4011.contig2134	302	0	0
D4011.contig2135	302	0	0
D4011.contig2136	301	0	0
D4011.contig2137	301	0	0
D4011.contig2138	301	0	0
D4011.contig2139	301	0	0
D4011.contig2140	301	0	0
D4011.contig2141	301	0	0
D4011.contig2142	301	0	0
D4011.contig2143	300	0	0
D4011.contig2144	300	0	0
D4011.contig2145	300	0	0
D4011.contig2146	300	0	0
D4011.contig2147	300	0	0
D4011.contig2148	300	7	7
D4011.contig2149	300	0	0
D4011.contig2150	300	0	0
*	0	0	98363404
