DT4.contig1	32712	93391	1201
DT4.contig2	25942	1470143	30284
DT4.contig3	23020	35475	358
DT4.contig4	13003	289072	7362
DT4.contig5	12731	8653	129
DT4.contig6	12092	8564	87
DT4.contig7	10816	2327	36
DT4.contig8	9581	11425	261
DT4.contig9	8314	58663	937
DT4.contig10	7546	1610	49
DT4.contig11	7445	5480	147
DT4.contig12	6887	1530	32
DT4.contig13	6874	2172	70
DT4.contig14	6419	135919	3178
DT4.contig15	5707	1737778	67471
DT4.contig16	5279	1552	26
DT4.contig17	5210	7061	130
DT4.contig18	5159	2502	58
DT4.contig19	5147	720	19
DT4.contig20	5021	616	14
DT4.contig21	4535	438	13
DT4.contig22	4486	456	13
DT4.contig23	4365	88642	1581
DT4.contig24	4264	93235	2124
DT4.contig25	4093	539	16
DT4.contig26	4085	994	36
DT4.contig27	4076	114311	2532
DT4.contig28	3832	485	11
DT4.contig29	3774	474	29
DT4.contig30	3772	375	12
DT4.contig31	3658	320	16
DT4.contig32	3480	29607	280
DT4.contig33	3219	69657	1807
DT4.contig34	3043	369	27
DT4.contig35	2811	3182	88
DT4.contig36	2767	253	10
DT4.contig37	2632	8254	182
DT4.contig38	2586	544	18
DT4.contig39	2436	238	18
DT4.contig40	2358	288	21
DT4.contig41	2333	2088	46
DT4.contig42	2269	828	15
DT4.contig43	2228	213	5
DT4.contig44	2093	2680	112
DT4.contig45	2067	251049	7656
DT4.contig46	2007	158	9
DT4.contig47	2005	1566	65
DT4.contig48	1914	216518	9679
DT4.contig49	1897	155	8
DT4.contig50	1880	166	9
DT4.contig51	1879	2118	54
DT4.contig52	1872	417	7
DT4.contig53	1755	94	4
DT4.contig54	1727	7335	196
DT4.contig55	1698	119	10
DT4.contig56	1679	98	8
DT4.contig57	1640	393	17
DT4.contig58	1627	105	8
DT4.contig59	1602	207	9
DT4.contig60	1540	95	16
DT4.contig61	1487	94	7
DT4.contig62	1439	64	5
DT4.contig63	1430	72	13
DT4.contig64	1428	1598	66
DT4.contig65	1408	1137477	59775
DT4.contig66	1354	232	8
DT4.contig67	1338	3115	126
DT4.contig68	1260	64	10
DT4.contig69	1245	98	7
DT4.contig70	1237	4022	175
DT4.contig71	1219	132	15
DT4.contig72	1186	128	16
DT4.contig73	1174	64	3
DT4.contig74	1146	57	5
DT4.contig75	1075	55	5
DT4.contig76	1045	175	6
DT4.contig77	1031	100	11
DT4.contig78	1011	48	9
DT4.contig79	977	90	6
DT4.contig80	975	42	4
DT4.contig81	958	62	4
DT4.contig82	923	1735	25
DT4.contig83	922	52	5
DT4.contig84	921	821	23
DT4.contig85	919	59	20
DT4.contig86	888	26	3
DT4.contig87	863	50	11
DT4.contig88	845	39	11
DT4.contig89	841	53	6
DT4.contig90	839	47	10
DT4.contig91	838	51	4
DT4.contig92	831	76	1
DT4.contig93	804	23	7
DT4.contig94	801	3541	99
DT4.contig95	796	111	9
DT4.contig96	795	51	7
DT4.contig97	769	127	7
DT4.contig98	760	74	10
DT4.contig99	733	36836	1401
DT4.contig100	733	69	8
DT4.contig101	699	2756	145
DT4.contig102	693	38	10
DT4.contig103	682	73	12
DT4.contig104	673	26	6
DT4.contig105	659	17	2
DT4.contig106	650	37	11
DT4.contig107	650	37	11
DT4.contig108	648	29	9
DT4.contig109	636	26	8
DT4.contig110	634	21	3
DT4.contig111	621	25	5
DT4.contig112	618	20	6
DT4.contig113	612	155	1
DT4.contig114	607	23	9
DT4.contig115	606	18	8
DT4.contig116	602	27	4
DT4.contig117	595	40	11
DT4.contig118	591	120	6
DT4.contig119	584	21	8
DT4.contig120	558	27	4
DT4.contig121	549	13	9
DT4.contig122	541	21	4
DT4.contig123	539	16	8
DT4.contig124	534	32	3
DT4.contig125	528	13	6
DT4.contig126	526	823	17
DT4.contig127	526	22	8
DT4.contig128	513	20	6
DT4.contig129	512	23	9
DT4.contig130	511	22	4
DT4.contig131	507	15	5
DT4.contig132	507	18	5
DT4.contig133	507	12	4
DT4.contig134	505	254	3
DT4.contig135	493	23	7
DT4.contig136	491	12	3
DT4.contig137	489	13	3
DT4.contig138	489	20	6
DT4.contig139	489	16	9
DT4.contig140	484	26	6
DT4.contig141	482	18	3
DT4.contig142	482	14	4
DT4.contig143	475	18	14
DT4.contig144	473	20	12
DT4.contig145	470	19	6
DT4.contig146	469	32	2
DT4.contig147	467	25	4
DT4.contig148	465	15	6
DT4.contig149	462	12	8
DT4.contig150	460	17	1
DT4.contig151	459	15	6
DT4.contig152	457	21	7
DT4.contig153	457	18	6
DT4.contig154	455	12	6
DT4.contig155	453	87	5
DT4.contig156	453	23	10
DT4.contig157	452	19	4
DT4.contig158	447	18	6
DT4.contig159	446	31	3
DT4.contig160	440	17	9
DT4.contig161	438	18	9
DT4.contig162	427	16	8
DT4.contig163	419	11	6
DT4.contig164	419	9	4
DT4.contig165	419	4089	68
DT4.contig166	412	20	6
DT4.contig167	411	16	6
DT4.contig168	409	16	5
DT4.contig169	408	10	3
DT4.contig170	407	13	3
DT4.contig171	402	23	4
DT4.contig172	402	10	3
DT4.contig173	399	19	6
DT4.contig174	388	23	5
DT4.contig175	383	30	3
DT4.contig176	383	14	10
DT4.contig177	382	7	5
DT4.contig178	381	17	9
DT4.contig179	381	16	2
DT4.contig180	380	27	4
DT4.contig181	379	26	8
DT4.contig182	377	11	11
DT4.contig183	373	13	9
DT4.contig184	373	8	8
DT4.contig185	372	14	7
DT4.contig186	371	11	5
DT4.contig187	366	15	11
DT4.contig188	366	15	5
DT4.contig189	362	18	8
DT4.contig190	361	9	5
DT4.contig191	361	11	4
DT4.contig192	359	8	6
DT4.contig193	356	48862	1769
DT4.contig194	356	16	6
DT4.contig195	355	14	5
DT4.contig196	355	15	3
DT4.contig197	354	7	3
DT4.contig198	353	6	3
DT4.contig199	352	65	5
DT4.contig200	351	9	7
DT4.contig201	350	8	4
DT4.contig202	348	9	5
DT4.contig203	347	11	7
DT4.contig204	347	10	5
DT4.contig205	344	23	5
DT4.contig206	342	12	6
DT4.contig207	341	16	10
DT4.contig208	341	8	2
DT4.contig209	337	8	5
DT4.contig210	335	7	5
DT4.contig211	334	14	10
DT4.contig212	333	14	13
DT4.contig213	333	12	1
DT4.contig214	330	11	7
DT4.contig215	330	16	10
DT4.contig216	325	47	3
DT4.contig217	325	10	4
DT4.contig218	325	9	5
DT4.contig219	324	8	6
DT4.contig220	324	13	3
DT4.contig221	320	93548	6683
DT4.contig222	320	10	8
DT4.contig223	318	1135	17
DT4.contig224	317	6	3
DT4.contig225	316	20	9
DT4.contig226	315	12	6
DT4.contig227	315	8	4
DT4.contig228	313	13	2
DT4.contig229	308	6	3
DT4.contig230	303	6	4
DT4.contig231	303	6	3
DT4.contig232	303	6	6
DT4.contig233	300	15	5
*	0	0	31038
