R3574.contig1	7423	1270883	12695
R3574.contig2	2437	684	13
R3574.contig3	1898	31960	435
R3574.contig4	1852	17600	130
R3574.contig5	1655	42610	852
R3574.contig6	1490	9789	65
R3574.contig7	1459	1206	4
R3574.contig8	1391	6759	51
R3574.contig9	1357	10973	734
R3574.contig10	1315	56067	844
R3574.contig11	1209	74906	5536
R3574.contig12	1179	19817	312
R3574.contig13	1102	19604	300
R3574.contig14	1087	8406	305
R3574.contig15	1037	1836	121
R3574.contig16	992	15007	2275
R3574.contig17	960	29825	3781
R3574.contig18	956	27734	1092
R3574.contig19	936	216206	9228
R3574.contig20	899	13578	456
R3574.contig21	898	35378	1116
R3574.contig22	880	93287	9032
R3574.contig23	863	16846	666
R3574.contig24	854	65166	3853
R3574.contig25	801	33467	847
R3574.contig26	785	4514	133
R3574.contig27	779	60	2
R3574.contig28	773	9701	1269
R3574.contig29	764	97	1
R3574.contig30	759	8401	92
R3574.contig31	743	3541	55
R3574.contig32	741	11059	497
R3574.contig33	741	46027	1786
R3574.contig34	731	2129	13
R3574.contig35	729	1080	73
R3574.contig36	715	12529	635
R3574.contig37	707	42417	5120
R3574.contig38	699	7312	561
R3574.contig39	674	6413	1086
R3574.contig40	674	2524	106
R3574.contig41	672	4618	110
R3574.contig42	670	363	14
R3574.contig43	664	12168	395
R3574.contig44	644	867	27
R3574.contig45	638	507	24
R3574.contig46	630	3228	525
R3574.contig47	626	555	3
R3574.contig48	621	48	2
R3574.contig49	620	13925	352
R3574.contig50	617	1825	101
R3574.contig51	598	11926	1343
R3574.contig52	597	3369	60
R3574.contig53	594	48	4
R3574.contig54	592	19015	1088
R3574.contig55	591	4173	102
R3574.contig56	590	880	27
R3574.contig57	590	7381	209
R3574.contig58	579	18990	873
R3574.contig59	577	12087	410
R3574.contig60	576	14017	1314
R3574.contig61	572	2927	146
R3574.contig62	568	14895	539
R3574.contig63	565	13377	318
R3574.contig64	563	2865	75
R3574.contig65	561	337	5
R3574.contig66	558	81565	9974
R3574.contig67	549	10152	696
R3574.contig68	547	768	21
R3574.contig69	545	48	3
R3574.contig70	542	2467	161
R3574.contig71	539	13689	285
R3574.contig72	538	202	16
R3574.contig73	534	13202	1007
R3574.contig74	528	27	3
R3574.contig75	527	39	2
R3574.contig76	524	65289	10434
R3574.contig77	524	39	3
R3574.contig78	516	3443	418
R3574.contig79	515	32257	1167
R3574.contig80	499	591	14
R3574.contig81	497	7282	350
R3574.contig82	491	2030	33
R3574.contig83	489	27479	2938
R3574.contig84	488	4814	115
R3574.contig85	488	2256	73
R3574.contig86	488	61642	2996
R3574.contig87	486	576	16
R3574.contig88	485	8046	1464
R3574.contig89	480	6678	123
R3574.contig90	480	17211	1039
R3574.contig91	477	69	5
R3574.contig92	474	2594	505
R3574.contig93	472	45930	6121
R3574.contig94	469	741	78
R3574.contig95	469	14423	729
R3574.contig96	469	13466	876
R3574.contig97	467	32685	1204
R3574.contig98	466	6816	143
R3574.contig99	464	1276	87
R3574.contig100	457	6298	340
R3574.contig101	446	1671	105
R3574.contig102	440	6364	656
R3574.contig103	440	29233	3375
R3574.contig104	436	56975	3192
R3574.contig105	435	890	178
R3574.contig106	435	24515	1748
R3574.contig107	427	7710	517
R3574.contig108	426	88	0
R3574.contig109	421	6015	278
R3574.contig110	420	4615	386
R3574.contig111	419	13536	615
R3574.contig112	418	658	129
R3574.contig113	418	8002	1906
R3574.contig114	417	4131	806
R3574.contig115	413	3941	65
R3574.contig116	412	118	14
R3574.contig117	410	1709	67
R3574.contig118	409	7192	138
R3574.contig119	409	6260	579
R3574.contig120	405	1956	170
R3574.contig121	404	225	4
R3574.contig122	404	11587	1354
R3574.contig123	402	4256	208
R3574.contig124	401	1423	129
R3574.contig125	400	3967	166
R3574.contig126	399	23710	5022
R3574.contig127	399	40	0
R3574.contig128	398	16546	2012
R3574.contig129	398	3480	248
R3574.contig130	394	11	5
R3574.contig131	394	7727	309
R3574.contig132	393	1801	252
R3574.contig133	393	4262	175
R3574.contig134	392	1783	61
R3574.contig135	391	46811	8695
R3574.contig136	389	2130	323
R3574.contig137	388	24746	2002
R3574.contig138	386	1622	63
R3574.contig139	383	11258	296
R3574.contig140	383	86	0
R3574.contig141	382	2984	145
R3574.contig142	381	2661	70
R3574.contig143	380	6497	83
R3574.contig144	378	29	5
R3574.contig145	376	1032	21
R3574.contig146	375	21605	1445
R3574.contig147	375	56013	6277
R3574.contig148	374	3769	193
R3574.contig149	371	3301	185
R3574.contig150	371	854	143
R3574.contig151	369	3421	716
R3574.contig152	366	30008	3111
R3574.contig153	362	45	3
R3574.contig154	361	3069	84
R3574.contig155	360	1219	14
R3574.contig156	355	33399	1525
R3574.contig157	353	2497	100
R3574.contig158	350	17	3
R3574.contig159	349	1884	65
R3574.contig160	348	5751	983
R3574.contig161	347	63624	4145
R3574.contig162	344	60139	1694
R3574.contig163	344	3657	169
R3574.contig164	343	26373	5076
R3574.contig165	343	46574	3276
R3574.contig166	343	875	29
R3574.contig167	343	7130	1349
R3574.contig168	343	970	135
R3574.contig169	342	1021	55
R3574.contig170	339	1271	26
R3574.contig171	337	37535	4922
R3574.contig172	336	3680	360
R3574.contig173	335	4098	50
R3574.contig174	335	1663	21
R3574.contig175	335	2732	112
R3574.contig176	334	7845	515
R3574.contig177	331	862	106
R3574.contig178	330	8106	1623
R3574.contig179	330	738	27
R3574.contig180	329	1540	46
R3574.contig181	324	4123	981
R3574.contig182	324	13570	981
R3574.contig183	322	17	1
R3574.contig184	321	1427	30
R3574.contig185	320	3240	113
R3574.contig186	318	2824	75
R3574.contig187	318	2865	45
R3574.contig188	317	261	16
R3574.contig189	315	20	0
R3574.contig190	315	13	3
R3574.contig191	314	28	6
R3574.contig192	310	1258	86
R3574.contig193	310	3	1
R3574.contig194	307	871	99
R3574.contig195	305	10605	386
R3574.contig196	305	4909	220
R3574.contig197	304	34216	8238
R3574.contig198	304	7689	926
R3574.contig199	301	21	3
R3574.contig200	301	18706	2037
R3574.contig201	301	16105	3279
*	0	0	318292
