D400.contig1	209248	54105	963
D400.contig2	147782	43502	969
D400.contig3	132948	52223	1096
D400.contig4	123723	20460	400
D400.contig5	116922	16298	277
D400.contig6	114224	29680	553
D400.contig7	106451	29214	484
D400.contig8	96575	0	0
D400.contig9	93689	39184	710
D400.contig10	92820	35528	561
D400.contig11	89105	13211	245
D400.contig12	88172	0	0
D400.contig13	86807	34684	582
D400.contig14	80566	1008	330
D400.contig15	79674	20013	336
D400.contig16	74340	0	0
D400.contig17	72072	15483	287
D400.contig18	68113	11838	227
D400.contig19	63910	16884	304
D400.contig20	62331	43349	757
D400.contig21	62250	39902	763
D400.contig22	61718	14640	264
D400.contig23	61100	44	8
D400.contig24	60003	14263	335
D400.contig25	59451	13638	229
D400.contig26	59373	24457	502
D400.contig27	59117	15758	240
D400.contig28	58894	21664	403
D400.contig29	57427	200	16
D400.contig30	55433	0	0
D400.contig31	55080	12354	254
D400.contig32	54946	46573	1110
D400.contig33	54813	10479	234
D400.contig34	53377	5	1
D400.contig35	51176	28185	781
D400.contig36	51028	16719	413
D400.contig37	49144	11136	228
D400.contig38	48607	11497	224
D400.contig39	48298	6278	113
D400.contig40	47965	14526	301
D400.contig41	47745	45249	932
D400.contig42	46248	9263	165
D400.contig43	45691	0	0
D400.contig44	43691	1	1
D400.contig45	43605	0	0
D400.contig46	43591	8684	173
D400.contig47	43417	11091	261
D400.contig48	42759	9891	225
D400.contig49	42358	4682	83
D400.contig50	41788	6590	106
D400.contig51	41662	1	1
D400.contig52	41366	10124	198
D400.contig53	41356	5268	1346
D400.contig54	41272	540	210
D400.contig55	41153	10209	195
D400.contig56	40632	26	2
D400.contig57	39959	8	0
D400.contig58	39944	4938	124
D400.contig59	39825	4824	107
D400.contig60	39529	1956506	189306
D400.contig61	38516	10695	187
D400.contig62	38431	0	0
D400.contig63	38320	4522	131
D400.contig64	37227	0	0
D400.contig65	37209	2	0
D400.contig66	37165	7	1
D400.contig67	36903	2451	51
D400.contig68	36433	79322	2158
D400.contig69	36219	7023	138
D400.contig70	35260	6802	427
D400.contig71	35180	5	1
D400.contig72	34909	20546	375
D400.contig73	34689	12754	226
D400.contig74	33810	3	1
D400.contig75	33701	30549	4067
D400.contig76	33545	425	102
D400.contig77	33274	12434	337
D400.contig78	32887	13872	377
D400.contig79	32652	2847	52
D400.contig80	32545	0	0
D400.contig81	32396	16526	362
D400.contig82	32212	1	0
D400.contig83	32156	0	0
D400.contig84	32118	2358	73
D400.contig85	31892	19671	512
D400.contig86	31208	7464	106
D400.contig87	30749	7275	224
D400.contig88	30644	3375	49
D400.contig89	30370	6093	106
D400.contig90	29834	36	8
D400.contig91	29669	9384	178
D400.contig92	29398	16655	381
D400.contig93	29122	0	0
D400.contig94	28779	2166	65
D400.contig95	28659	7573	169
D400.contig96	28597	18028	450
D400.contig97	28478	20642	454
D400.contig98	27914	5525	142
D400.contig99	27805	0	0
D400.contig100	27229	6273	140
D400.contig101	27229	10679	192
D400.contig102	26887	66	4
D400.contig103	26740	20750	613
D400.contig104	26587	2	0
D400.contig105	26397	0	0
D400.contig106	26013	3069	89
D400.contig107	25434	12899	1155
D400.contig108	25260	9	4
D400.contig109	25234	10871	233
D400.contig110	24280	56221	1612
D400.contig111	24175	3104	66
D400.contig112	24115	19457	652
D400.contig113	23803	57143	1585
D400.contig114	23704	3	0
D400.contig115	23293	9989	188
D400.contig116	23248	0	0
D400.contig117	23236	10463	243
D400.contig118	22723	11760	197
D400.contig119	22704	20	0
D400.contig120	22393	0	0
D400.contig121	22358	6089	112
D400.contig122	22254	994	17
D400.contig123	21934	3831	76
D400.contig124	21883	3797	121
D400.contig125	21608	3402	70
D400.contig126	21583	2825	54
D400.contig127	21520	13651	457
D400.contig128	21462	0	0
D400.contig129	21358	4	4
D400.contig130	21343	33577	1663
D400.contig131	21008	0	0
D400.contig132	20861	3018	102
D400.contig133	20561	11986	385
D400.contig134	19330	0	0
D400.contig135	18822	0	0
D400.contig136	18545	5	1
D400.contig137	18387	3789	67
D400.contig138	18264	240	36
D400.contig139	18220	354	16
D400.contig140	17965	3482	113
D400.contig141	17927	8326	250
D400.contig142	17811	0	0
D400.contig143	17663	0	0
D400.contig144	17560	2436	74
D400.contig145	17534	34688	989
D400.contig146	17267	7079	168
D400.contig147	17240	183	29
D400.contig148	17038	0	0
D400.contig149	17035	472	92
D400.contig150	16967	16689	355
D400.contig151	16700	0	0
D400.contig152	16610	0	0
D400.contig153	16544	96	37
D400.contig154	16413	0	0
D400.contig155	16320	4	1
D400.contig156	16247	0	0
D400.contig157	16205	44	2
D400.contig158	16201	0	0
D400.contig159	16164	0	0
D400.contig160	15782	2233	72
D400.contig161	15690	36	5
D400.contig162	15544	9326	284
D400.contig163	15542	0	0
D400.contig164	15412	0	0
D400.contig165	15347	4570	179
D400.contig166	15326	0	0
D400.contig167	15323	2	1
D400.contig168	15244	2255	55
D400.contig169	15167	2	0
D400.contig170	15014	0	0
D400.contig171	14840	20591	628
D400.contig172	14663	0	0
D400.contig173	14606	0	0
D400.contig174	14408	0	0
D400.contig175	14361	0	0
D400.contig176	14204	313	17
D400.contig177	14196	6	2
D400.contig178	13913	9	0
D400.contig179	13780	1417	23
D400.contig180	13699	11348	426
D400.contig181	13635	0	0
D400.contig182	13592	19531	388
D400.contig183	13424	22785	679
D400.contig184	13376	2223	130
D400.contig185	13360	10622	396
D400.contig186	13057	0	0
D400.contig187	12894	1682	40
D400.contig188	12799	8405	469
D400.contig189	12279	0	0
D400.contig190	12203	9760	1386
D400.contig191	12188	0	0
D400.contig192	12081	237	29
D400.contig193	12045	10648	275
D400.contig194	11955	964	31
D400.contig195	11953	92	16
D400.contig196	11900	0	0
D400.contig197	11840	944	19
D400.contig198	11760	0	0
D400.contig199	11627	1	1
D400.contig200	11605	0	0
D400.contig201	11468	0	0
D400.contig202	11431	0	0
D400.contig203	11375	0	0
D400.contig204	11331	2	0
D400.contig205	11218	0	0
D400.contig206	11190	14658	643
D400.contig207	11043	0	0
D400.contig208	11032	0	0
D400.contig209	11012	1491	60
D400.contig210	10962	946	32
D400.contig211	10877	984	45
D400.contig212	10841	4833	83
D400.contig213	10803	0	0
D400.contig214	10696	0	0
D400.contig215	10525	0	0
D400.contig216	10499	0	0
D400.contig217	10491	0	0
D400.contig218	10368	5903	215
D400.contig219	10190	0	0
D400.contig220	10186	0	0
D400.contig221	10168	0	0
D400.contig222	10139	0	0
D400.contig223	10138	860	26
D400.contig224	10109	1	1
D400.contig225	10095	24	12
D400.contig226	10088	0	0
D400.contig227	10088	0	0
D400.contig228	9898	0	0
D400.contig229	9848	0	0
D400.contig230	9840	11745	502
D400.contig231	9801	0	0
D400.contig232	9746	0	0
D400.contig233	9718	20384	452
D400.contig234	9712	0	0
D400.contig235	9692	2869	82
D400.contig236	9687	1	0
D400.contig237	9637	13	1
D400.contig238	9548	161	130
D400.contig239	9543	0	0
D400.contig240	9459	8557	411
D400.contig241	9440	0	0
D400.contig242	9377	0	0
D400.contig243	9361	5	1
D400.contig244	9329	12945	419
D400.contig245	9303	0	0
D400.contig246	9297	0	0
D400.contig247	9219	0	0
D400.contig248	9211	0	0
D400.contig249	9202	3134	85
D400.contig250	9184	0	0
D400.contig251	9174	0	0
D400.contig252	9110	27224	2170
D400.contig253	9109	652	21
D400.contig254	9104	0	0
D400.contig255	9103	0	0
D400.contig256	9096	8	0
D400.contig257	9087	0	0
D400.contig258	8979	6	0
D400.contig259	8920	0	0
D400.contig260	8888	0	0
D400.contig261	8858	0	0
D400.contig262	8818	0	0
D400.contig263	8744	4695	142
D400.contig264	8740	0	0
D400.contig265	8688	15	12
D400.contig266	8629	248	10
D400.contig267	8624	0	0
D400.contig268	8622	0	0
D400.contig269	8576	0	0
D400.contig270	8544	0	0
D400.contig271	8500	484	22
D400.contig272	8480	149	31
D400.contig273	8435	4710	141
D400.contig274	8417	2312	31
D400.contig275	8407	0	0
D400.contig276	8344	5	2
D400.contig277	8312	1408	39
D400.contig278	8256	4208	84
D400.contig279	8220	3	1
D400.contig280	8216	0	0
D400.contig281	8212	0	0
D400.contig282	8181	0	0
D400.contig283	8171	6	0
D400.contig284	8119	0	0
D400.contig285	8112	0	0
D400.contig286	8097	8668	134
D400.contig287	8064	0	0
D400.contig288	8063	2918	111
D400.contig289	7997	0	0
D400.contig290	7852	0	0
D400.contig291	7823	0	0
D400.contig292	7765	170	20
D400.contig293	7765	0	0
D400.contig294	7733	352	13
D400.contig295	7646	6477	95
D400.contig296	7639	0	0
D400.contig297	7634	95	19
D400.contig298	7624	2024	99
D400.contig299	7616	1	1
D400.contig300	7599	1	1
D400.contig301	7541	0	0
D400.contig302	7530	0	0
D400.contig303	7521	0	0
D400.contig304	7496	2974	147
D400.contig305	7482	0	0
D400.contig306	7418	0	0
D400.contig307	7394	0	0
D400.contig308	7341	17759	700
D400.contig309	7316	0	0
D400.contig310	7300	1660	39
D400.contig311	7284	4	0
D400.contig312	7171	0	0
D400.contig313	7149	0	0
D400.contig314	7102	0	0
D400.contig315	7079	642	182
D400.contig316	7075	435	10
D400.contig317	7050	0	0
D400.contig318	7038	532	11
D400.contig319	6957	0	0
D400.contig320	6904	0	0
D400.contig321	6878	0	0
D400.contig322	6871	0	0
D400.contig323	6869	0	0
D400.contig324	6860	10	4
D400.contig325	6855	0	0
D400.contig326	6827	0	0
D400.contig327	6815	4	0
D400.contig328	6808	0	0
D400.contig329	6804	46	4
D400.contig330	6791	181	6
D400.contig331	6774	1957	75
D400.contig332	6771	0	0
D400.contig333	6756	0	0
D400.contig334	6740	0	0
D400.contig335	6737	0	0
D400.contig336	6728	22546	920
D400.contig337	6724	321	11
D400.contig338	6709	0	0
D400.contig339	6650	2250	48
D400.contig340	6600	0	0
D400.contig341	6575	4207	187
D400.contig342	6566	0	0
D400.contig343	6565	4601	153
D400.contig344	6512	0	0
D400.contig345	6505	0	0
D400.contig346	6476	639	14
D400.contig347	6463	10	2
D400.contig348	6461	628	29
D400.contig349	6432	0	0
D400.contig350	6409	0	0
D400.contig351	6400	0	0
D400.contig352	6378	128	6
D400.contig353	6371	0	0
D400.contig354	6364	0	0
D400.contig355	6342	0	0
D400.contig356	6292	0	0
D400.contig357	6281	1464	22
D400.contig358	6255	0	0
D400.contig359	6230	5597	94
D400.contig360	6189	3503	34
D400.contig361	6186	0	0
D400.contig362	6186	161	79
D400.contig363	6165	0	0
D400.contig364	6072	0	0
D400.contig365	6067	0	0
D400.contig366	6064	0	0
D400.contig367	6012	1836	33
D400.contig368	6008	0	0
D400.contig369	5999	11	6
D400.contig370	5995	6117	377
D400.contig371	5955	0	0
D400.contig372	5913	0	0
D400.contig373	5901	8010	337
D400.contig374	5893	3036	58
D400.contig375	5889	21883	771
D400.contig376	5872	0	0
D400.contig377	5860	2	0
D400.contig378	5802	0	0
D400.contig379	5772	0	0
D400.contig380	5753	379	7
D400.contig381	5741	0	0
D400.contig382	5723	381	14
D400.contig383	5694	545	60
D400.contig384	5639	0	0
D400.contig385	5568	0	0
D400.contig386	5567	0	0
D400.contig387	5514	23	3
D400.contig388	5477	796	20
D400.contig389	5473	561	14
D400.contig390	5442	0	0
D400.contig391	5436	0	0
D400.contig392	5412	89	3
D400.contig393	5408	0	0
D400.contig394	5385	0	0
D400.contig395	5368	6934	271
D400.contig396	5365	0	0
D400.contig397	5330	5306	284
D400.contig398	5303	269	29
D400.contig399	5278	0	0
D400.contig400	5277	0	0
D400.contig401	5252	35	1
D400.contig402	5242	0	0
D400.contig403	5222	157	6
D400.contig404	5185	0	0
D400.contig405	5157	0	0
D400.contig406	5151	821	16
D400.contig407	5146	2371	102
D400.contig408	5141	0	0
D400.contig409	5133	10229	401
D400.contig410	5093	226	21
D400.contig411	5058	0	0
D400.contig412	5054	0	0
D400.contig413	5045	1	0
D400.contig414	5038	0	0
D400.contig415	5037	4	2
D400.contig416	5019	1168	28
D400.contig417	4991	0	0
D400.contig418	4987	0	0
D400.contig419	4977	872	35
D400.contig420	4972	0	0
D400.contig421	4967	0	0
D400.contig422	4965	0	0
D400.contig423	4948	0	0
D400.contig424	4936	0	0
D400.contig425	4924	0	0
D400.contig426	4903	758783	35113
D400.contig427	4902	36	2
D400.contig428	4896	0	0
D400.contig429	4873	0	0
D400.contig430	4862	0	0
D400.contig431	4860	0	0
D400.contig432	4851	0	0
D400.contig433	4848	0	0
D400.contig434	4838	0	0
D400.contig435	4826	0	0
D400.contig436	4810	0	0
D400.contig437	4798	0	0
D400.contig438	4798	0	0
D400.contig439	4773	0	0
D400.contig440	4770	19	3
D400.contig441	4757	0	0
D400.contig442	4750	15536	1194
D400.contig443	4741	0	0
D400.contig444	4736	14740	840
D400.contig445	4682	0	0
D400.contig446	4682	0	0
D400.contig447	4676	0	0
D400.contig448	4666	0	0
D400.contig449	4663	0	0
D400.contig450	4630	429	22
D400.contig451	4614	0	0
D400.contig452	4613	0	0
D400.contig453	4606	6326	587
D400.contig454	4595	0	0
D400.contig455	4558	0	0
D400.contig456	4557	5838	477
D400.contig457	4553	0	0
D400.contig458	4547	102	2
D400.contig459	4547	0	0
D400.contig460	4524	0	0
D400.contig461	4514	0	0
D400.contig462	4497	0	0
D400.contig463	4480	8	2
D400.contig464	4474	302	12
D400.contig465	4470	0	0
D400.contig466	4463	6	2
D400.contig467	4439	0	0
D400.contig468	4432	4	1
D400.contig469	4418	0	0
D400.contig470	4408	0	0
D400.contig471	4407	0	0
D400.contig472	4398	0	0
D400.contig473	4386	0	0
D400.contig474	4378	3618	156
D400.contig475	4353	0	0
D400.contig476	4332	0	0
D400.contig477	4305	0	0
D400.contig478	4289	44478	901
D400.contig479	4284	0	0
D400.contig480	4268	283	12
D400.contig481	4254	109	27
D400.contig482	4249	13525	936
D400.contig483	4240	0	0
D400.contig484	4202	2	0
D400.contig485	4199	0	0
D400.contig486	4180	0	0
D400.contig487	4140	0	0
D400.contig488	4138	0	0
D400.contig489	4090	17	1
D400.contig490	4068	0	0
D400.contig491	4066	0	0
D400.contig492	4061	0	0
D400.contig493	4055	59	5
D400.contig494	4032	0	0
D400.contig495	4029	0	0
D400.contig496	4006	0	0
D400.contig497	3992	0	0
D400.contig498	3988	0	0
D400.contig499	3980	0	0
D400.contig500	3963	3647	78
D400.contig501	3956	1	1
D400.contig502	3953	1855	33
D400.contig503	3922	7357	967
D400.contig504	3922	2375	112
D400.contig505	3915	0	0
D400.contig506	3910	3690	215
D400.contig507	3905	0	0
D400.contig508	3898	0	0
D400.contig509	3893	0	0
D400.contig510	3890	0	0
D400.contig511	3884	0	0
D400.contig512	3879	0	0
D400.contig513	3875	0	0
D400.contig514	3872	0	0
D400.contig515	3858	2334	49
D400.contig516	3852	193	167
D400.contig517	3844	11089	582
D400.contig518	3834	234	17
D400.contig519	3817	0	0
D400.contig520	3806	0	0
D400.contig521	3806	0	0
D400.contig522	3796	813	34
D400.contig523	3794	2	0
D400.contig524	3730	0	0
D400.contig525	3728	3	1
D400.contig526	3727	0	0
D400.contig527	3727	0	0
D400.contig528	3725	0	0
D400.contig529	3724	0	0
D400.contig530	3705	4867	399
D400.contig531	3703	140	91
D400.contig532	3698	81	5
D400.contig533	3693	0	0
D400.contig534	3690	0	0
D400.contig535	3685	1500	36
D400.contig536	3680	0	0
D400.contig537	3679	878	17
D400.contig538	3677	0	0
D400.contig539	3669	0	0
D400.contig540	3661	0	0
D400.contig541	3645	39	1
D400.contig542	3634	2	0
D400.contig543	3626	0	0
D400.contig544	3617	25	0
D400.contig545	3615	0	0
D400.contig546	3614	998	13
D400.contig547	3611	0	0
D400.contig548	3586	0	0
D400.contig549	3577	3904	171
D400.contig550	3572	0	0
D400.contig551	3572	5	1
D400.contig552	3569	0	0
D400.contig553	3568	0	0
D400.contig554	3563	0	0
D400.contig555	3558	10	0
D400.contig556	3515	0	0
D400.contig557	3509	0	0
D400.contig558	3505	26	2
D400.contig559	3497	0	0
D400.contig560	3484	0	0
D400.contig561	3484	0	0
D400.contig562	3479	2108	80
D400.contig563	3470	1883	37
D400.contig564	3459	527	13
D400.contig565	3451	0	0
D400.contig566	3431	3	1
D400.contig567	3427	0	0
D400.contig568	3425	14525	1365
D400.contig569	3425	0	0
D400.contig570	3421	0	0
D400.contig571	3411	9	3
D400.contig572	3380	156	1
D400.contig573	3376	0	0
D400.contig574	3375	0	0
D400.contig575	3369	0	0
D400.contig576	3358	0	0
D400.contig577	3356	0	0
D400.contig578	3349	0	0
D400.contig579	3345	0	0
D400.contig580	3332	0	0
D400.contig581	3331	0	0
D400.contig582	3319	768	35
D400.contig583	3296	184	25
D400.contig584	3296	2	2
D400.contig585	3272	87	8
D400.contig586	3271	11	0
D400.contig587	3257	0	0
D400.contig588	3232	0	0
D400.contig589	3221	0	0
D400.contig590	3220	0	0
D400.contig591	3216	0	0
D400.contig592	3215	0	0
D400.contig593	3214	7062	507
D400.contig594	3206	891	14
D400.contig595	3200	889	12
D400.contig596	3194	7	0
D400.contig597	3191	0	0
D400.contig598	3187	0	0
D400.contig599	3182	0	0
D400.contig600	3177	0	0
D400.contig601	3174	0	0
D400.contig602	3172	15	4
D400.contig603	3161	0	0
D400.contig604	3158	0	0
D400.contig605	3151	4	2
D400.contig606	3148	0	0
D400.contig607	3145	62	1
D400.contig608	3142	0	0
D400.contig609	3140	0	0
D400.contig610	3140	950	18
D400.contig611	3140	3038	192
D400.contig612	3123	0	0
D400.contig613	3117	98	1
D400.contig614	3109	0	0
D400.contig615	3104	0	0
D400.contig616	3103	896	17
D400.contig617	3097	0	0
D400.contig618	3094	0	0
D400.contig619	3084	0	0
D400.contig620	3065	0	0
D400.contig621	3064	0	0
D400.contig622	3057	0	0
D400.contig623	3048	0	0
D400.contig624	3048	92	3
D400.contig625	3047	0	0
D400.contig626	3041	0	0
D400.contig627	3034	524	32
D400.contig628	3022	0	0
D400.contig629	3012	511	21
D400.contig630	3011	1002	15
*	0	0	6114282
