D400.contig1	209248	12837	288
D400.contig2	147782	9358	212
D400.contig3	132948	9144	158
D400.contig4	123723	4471	89
D400.contig5	116922	2861	51
D400.contig6	114224	5245	91
D400.contig7	106451	4766	93
D400.contig8	96575	6	0
D400.contig9	93689	5919	83
D400.contig10	92820	8159	134
D400.contig11	89105	2934	47
D400.contig12	88172	0	0
D400.contig13	86807	8122	130
D400.contig14	80566	218	57
D400.contig15	79674	3536	70
D400.contig16	74340	0	0
D400.contig17	72072	2992	47
D400.contig18	68113	2100	33
D400.contig19	63910	3426	82
D400.contig20	62331	10796	175
D400.contig21	62250	9371	157
D400.contig22	61718	3043	52
D400.contig23	61100	1	1
D400.contig24	60003	2262	43
D400.contig25	59451	2515	35
D400.contig26	59373	4895	89
D400.contig27	59117	2718	46
D400.contig28	58894	4748	69
D400.contig29	57427	0	0
D400.contig30	55433	0	0
D400.contig31	55080	3269	51
D400.contig32	54946	10351	237
D400.contig33	54813	2373	50
D400.contig34	53377	2	2
D400.contig35	51176	13992	319
D400.contig36	51028	3124	66
D400.contig37	49144	2489	62
D400.contig38	48607	2139	44
D400.contig39	48298	848	11
D400.contig40	47965	2212	53
D400.contig41	47745	11110	210
D400.contig42	46248	1407	41
D400.contig43	45691	597478	28165
D400.contig44	43691	0	0
D400.contig45	43605	0	0
D400.contig46	43591	1878	22
D400.contig47	43417	2511	49
D400.contig48	42759	2407	54
D400.contig49	42358	800	11
D400.contig50	41788	910	8
D400.contig51	41662	233	13
D400.contig52	41366	3692	65
D400.contig53	41356	60	18
D400.contig54	41272	64	12
D400.contig55	41153	1689	33
D400.contig56	40632	95	21
D400.contig57	39959	1	0
D400.contig58	39944	839	20
D400.contig59	39825	965	20
D400.contig60	39529	1	0
D400.contig61	38516	2520	55
D400.contig62	38431	0	0
D400.contig63	38320	1124	44
D400.contig64	37227	2	0
D400.contig65	37209	0	0
D400.contig66	37165	52	27
D400.contig67	36903	522	20
D400.contig68	36433	30323	656
D400.contig69	36219	1166	28
D400.contig70	35260	1442	82
D400.contig71	35180	0	0
D400.contig72	34909	4087	70
D400.contig73	34689	2565	48
D400.contig74	33810	0	0
D400.contig75	33701	0	0
D400.contig76	33545	0	0
D400.contig77	33274	3208	78
D400.contig78	32887	3714	85
D400.contig79	32652	1163	25
D400.contig80	32545	0	0
D400.contig81	32396	4017	85
D400.contig82	32212	745	94
D400.contig83	32156	0	0
D400.contig84	32118	346	11
D400.contig85	31892	6910	213
D400.contig86	31208	987	15
D400.contig87	30749	1768	61
D400.contig88	30644	637	13
D400.contig89	30370	1745	19
D400.contig90	29834	0	0
D400.contig91	29669	1219	30
D400.contig92	29398	4673	238
D400.contig93	29122	0	0
D400.contig94	28779	406	5
D400.contig95	28659	2101	36
D400.contig96	28597	7633	161
D400.contig97	28478	4760	101
D400.contig98	27914	1075	38
D400.contig99	27805	0	0
D400.contig100	27229	838	15
D400.contig101	27229	4432	42
D400.contig102	26887	0	0
D400.contig103	26740	6216	132
D400.contig104	26587	22	0
D400.contig105	26397	0	0
D400.contig106	26013	837	23
D400.contig107	25434	4012	276
D400.contig108	25260	13312	639
D400.contig109	25234	2108	53
D400.contig110	24280	17029	466
D400.contig111	24175	313	9
D400.contig112	24115	7529	204
D400.contig113	23803	15970	436
D400.contig114	23704	0	0
D400.contig115	23293	3475	43
D400.contig116	23248	0	0
D400.contig117	23236	3665	158
D400.contig118	22723	2372	40
D400.contig119	22704	1194036	60507
D400.contig120	22393	0	0
D400.contig121	22358	1559	55
D400.contig122	22254	257	5
D400.contig123	21934	578	8
D400.contig124	21883	477	7
D400.contig125	21608	819	28
D400.contig126	21583	484	5
D400.contig127	21520	2580	66
D400.contig128	21462	0	0
D400.contig129	21358	0	0
D400.contig130	21343	10135	376
D400.contig131	21008	0	0
D400.contig132	20861	695	17
D400.contig133	20561	3630	142
D400.contig134	19330	0	0
D400.contig135	18822	0	0
D400.contig136	18545	0	0
D400.contig137	18387	781	15
D400.contig138	18264	1207	205
D400.contig139	18220	98	12
D400.contig140	17965	472	12
D400.contig141	17927	2327	69
D400.contig142	17811	0	0
D400.contig143	17663	0	0
D400.contig144	17560	497	14
D400.contig145	17534	14974	614
D400.contig146	17267	2102	65
D400.contig147	17240	0	0
D400.contig148	17038	0	0
D400.contig149	17035	1971	310
D400.contig150	16967	2283	63
D400.contig151	16700	0	0
D400.contig152	16610	3	1
D400.contig153	16544	20	9
D400.contig154	16413	0	0
D400.contig155	16320	2	1
D400.contig156	16247	0	0
D400.contig157	16205	12	0
D400.contig158	16201	0	0
D400.contig159	16164	0	0
D400.contig160	15782	436	16
D400.contig161	15690	133	23
D400.contig162	15544	2368	65
D400.contig163	15542	0	0
D400.contig164	15412	0	0
D400.contig165	15347	781	33
D400.contig166	15326	0	0
D400.contig167	15323	0	0
D400.contig168	15244	463	10
D400.contig169	15167	1	0
D400.contig170	15014	1	1
D400.contig171	14840	4701	555
D400.contig172	14663	0	0
D400.contig173	14606	0	0
D400.contig174	14408	0	0
D400.contig175	14361	0	0
D400.contig176	14204	3708	343
D400.contig177	14196	28	0
D400.contig178	13913	4	0
D400.contig179	13780	217	8
D400.contig180	13699	3734	137
D400.contig181	13635	0	0
D400.contig182	13592	4854	94
D400.contig183	13424	5777	132
D400.contig184	13376	444	23
D400.contig185	13360	2815	97
D400.contig186	13057	0	0
D400.contig187	12894	389	10
D400.contig188	12799	2137	641
D400.contig189	12279	0	0
D400.contig190	12203	2265	775
D400.contig191	12188	0	0
D400.contig192	12081	0	0
D400.contig193	12045	3155	89
D400.contig194	11955	301	5
D400.contig195	11953	90	2
D400.contig196	11900	0	0
D400.contig197	11840	175	1
D400.contig198	11760	0	0
D400.contig199	11627	0	0
D400.contig200	11605	2	0
D400.contig201	11468	0	0
D400.contig202	11431	0	0
D400.contig203	11375	0	0
D400.contig204	11331	0	0
D400.contig205	11218	0	0
D400.contig206	11190	4429	150
D400.contig207	11043	1	1
D400.contig208	11032	0	0
D400.contig209	11012	230	6
D400.contig210	10962	403	5
D400.contig211	10877	260	12
D400.contig212	10841	130	5
D400.contig213	10803	0	0
D400.contig214	10696	0	0
D400.contig215	10525	0	0
D400.contig216	10499	0	0
D400.contig217	10491	0	0
D400.contig218	10368	1632	62
D400.contig219	10190	0	0
D400.contig220	10186	0	0
D400.contig221	10168	0	0
D400.contig222	10139	0	0
D400.contig223	10138	115	12
D400.contig224	10109	1	0
D400.contig225	10095	8	4
D400.contig226	10088	0	0
D400.contig227	10088	0	0
D400.contig228	9898	0	0
D400.contig229	9848	0	0
D400.contig230	9840	0	0
D400.contig231	9801	0	0
D400.contig232	9746	0	0
D400.contig233	9718	7169	162
D400.contig234	9712	0	0
D400.contig235	9692	292	8
D400.contig236	9687	4	0
D400.contig237	9637	1	1
D400.contig238	9548	52	28
D400.contig239	9543	0	0
D400.contig240	9459	1768	82
D400.contig241	9440	2	2
D400.contig242	9377	0	0
D400.contig243	9361	2	2
D400.contig244	9329	6060	164
D400.contig245	9303	0	0
D400.contig246	9297	0	0
D400.contig247	9219	0	0
D400.contig248	9211	0	0
D400.contig249	9202	762	13
D400.contig250	9184	0	0
D400.contig251	9174	0	0
D400.contig252	9110	7164	580
D400.contig253	9109	343	13
D400.contig254	9104	0	0
D400.contig255	9103	0	0
D400.contig256	9096	0	0
D400.contig257	9087	0	0
D400.contig258	8979	149	36
D400.contig259	8920	0	0
D400.contig260	8888	0	0
D400.contig261	8858	0	0
D400.contig262	8818	0	0
D400.contig263	8744	1188	30
D400.contig264	8740	0	0
D400.contig265	8688	1	1
D400.contig266	8629	205	11
D400.contig267	8624	0	0
D400.contig268	8622	0	0
D400.contig269	8576	0	0
D400.contig270	8544	0	0
D400.contig271	8500	113	3
D400.contig272	8480	0	0
D400.contig273	8435	1107	35
D400.contig274	8417	569	20
D400.contig275	8407	0	0
D400.contig276	8344	111	5
D400.contig277	8312	182	5
D400.contig278	8256	3288	46
D400.contig279	8220	1	1
D400.contig280	8216	0	0
D400.contig281	8212	0	0
D400.contig282	8181	0	0
D400.contig283	8171	0	0
D400.contig284	8119	55	1
D400.contig285	8112	0	0
D400.contig286	8097	1297	21
D400.contig287	8064	0	0
D400.contig288	8063	609	24
D400.contig289	7997	0	0
D400.contig290	7852	0	0
D400.contig291	7823	0	0
D400.contig292	7765	0	0
D400.contig293	7765	0	0
D400.contig294	7733	159	7
D400.contig295	7646	914	7
D400.contig296	7639	0	0
D400.contig297	7634	0	0
D400.contig298	7624	269	11
D400.contig299	7616	0	0
D400.contig300	7599	0	0
D400.contig301	7541	759	64
D400.contig302	7530	7	1
D400.contig303	7521	0	0
D400.contig304	7496	549	23
D400.contig305	7482	0	0
D400.contig306	7418	0	0
D400.contig307	7394	0	0
D400.contig308	7341	5770	213
D400.contig309	7316	0	0
D400.contig310	7300	426	17
D400.contig311	7284	60	6
D400.contig312	7171	0	0
D400.contig313	7149	0	0
D400.contig314	7102	0	0
D400.contig315	7079	0	0
D400.contig316	7075	58	2
D400.contig317	7050	0	0
D400.contig318	7038	82	1
D400.contig319	6957	0	0
D400.contig320	6904	0	0
D400.contig321	6878	1	1
D400.contig322	6871	0	0
D400.contig323	6869	0	0
D400.contig324	6860	0	0
D400.contig325	6855	0	0
D400.contig326	6827	0	0
D400.contig327	6815	0	0
D400.contig328	6808	0	0
D400.contig329	6804	7	1
D400.contig330	6791	65	3
D400.contig331	6774	621	23
D400.contig332	6771	0	0
D400.contig333	6756	50	0
D400.contig334	6740	0	0
D400.contig335	6737	0	0
D400.contig336	6728	4673	197
D400.contig337	6724	68	4
D400.contig338	6709	0	0
D400.contig339	6650	413	6
D400.contig340	6600	0	0
D400.contig341	6575	2304	78
D400.contig342	6566	0	0
D400.contig343	6565	2951	67
D400.contig344	6512	0	0
D400.contig345	6505	0	0
D400.contig346	6476	98	3
D400.contig347	6463	1	1
D400.contig348	6461	1	1
D400.contig349	6432	0	0
D400.contig350	6409	0	0
D400.contig351	6400	0	0
D400.contig352	6378	51	3
D400.contig353	6371	0	0
D400.contig354	6364	0	0
D400.contig355	6342	886	159
D400.contig356	6292	0	0
D400.contig357	6281	120	4
D400.contig358	6255	0	0
D400.contig359	6230	1098	23
D400.contig360	6189	744	8
D400.contig361	6186	0	0
D400.contig362	6186	0	0
D400.contig363	6165	0	0
D400.contig364	6072	0	0
D400.contig365	6067	0	0
D400.contig366	6064	0	0
D400.contig367	6012	463	9
D400.contig368	6008	0	0
D400.contig369	5999	2657	276
D400.contig370	5995	2162	129
D400.contig371	5955	0	0
D400.contig372	5913	0	0
D400.contig373	5901	2635	119
D400.contig374	5893	768	7
D400.contig375	5889	1436	69
D400.contig376	5872	0	0
D400.contig377	5860	0	0
D400.contig378	5802	0	0
D400.contig379	5772	0	0
D400.contig380	5753	41	0
D400.contig381	5741	87	1
D400.contig382	5723	137	6
D400.contig383	5694	0	0
D400.contig384	5639	0	0
D400.contig385	5568	0	0
D400.contig386	5567	0	0
D400.contig387	5514	0	0
D400.contig388	5477	255	6
D400.contig389	5473	194	10
D400.contig390	5442	0	0
D400.contig391	5436	0	0
D400.contig392	5412	0	0
D400.contig393	5408	0	0
D400.contig394	5385	0	0
D400.contig395	5368	1523	62
D400.contig396	5365	0	0
D400.contig397	5330	1111	63
D400.contig398	5303	61	9
D400.contig399	5278	0	0
D400.contig400	5277	0	0
D400.contig401	5252	6	0
D400.contig402	5242	0	0
D400.contig403	5222	51	1
D400.contig404	5185	0	0
D400.contig405	5157	0	0
D400.contig406	5151	338	1
D400.contig407	5146	537	20
D400.contig408	5141	0	0
D400.contig409	5133	2173	84
D400.contig410	5093	101	7
D400.contig411	5058	0	0
D400.contig412	5054	0	0
D400.contig413	5045	24	14
D400.contig414	5038	0	0
D400.contig415	5037	0	0
D400.contig416	5019	259	2
D400.contig417	4991	0	0
D400.contig418	4987	0	0
D400.contig419	4977	223	5
D400.contig420	4972	0	0
D400.contig421	4967	0	0
D400.contig422	4965	0	0
D400.contig423	4948	0	0
D400.contig424	4936	0	0
D400.contig425	4924	0	0
D400.contig426	4903	1695444	74196
D400.contig427	4902	32	3
D400.contig428	4896	0	0
D400.contig429	4873	0	0
D400.contig430	4862	0	0
D400.contig431	4860	0	0
D400.contig432	4851	0	0
D400.contig433	4848	0	0
D400.contig434	4838	0	0
D400.contig435	4826	0	0
D400.contig436	4810	0	0
D400.contig437	4798	0	0
D400.contig438	4798	0	0
D400.contig439	4773	0	0
D400.contig440	4770	0	0
D400.contig441	4757	0	0
D400.contig442	4750	4015	291
D400.contig443	4741	0	0
D400.contig444	4736	4743	211
D400.contig445	4682	0	0
D400.contig446	4682	0	0
D400.contig447	4676	0	0
D400.contig448	4666	2	0
D400.contig449	4663	526	48
D400.contig450	4630	77	8
D400.contig451	4614	0	0
D400.contig452	4613	0	0
D400.contig453	4606	939	108
D400.contig454	4595	0	0
D400.contig455	4558	0	0
D400.contig456	4557	1811	128
D400.contig457	4553	0	0
D400.contig458	4547	9	1
D400.contig459	4547	0	0
D400.contig460	4524	0	0
D400.contig461	4514	0	0
D400.contig462	4497	0	0
D400.contig463	4480	29	3
D400.contig464	4474	20	0
D400.contig465	4470	0	0
D400.contig466	4463	1	1
D400.contig467	4439	0	0
D400.contig468	4432	3	0
D400.contig469	4418	0	0
D400.contig470	4408	0	0
D400.contig471	4407	0	0
D400.contig472	4398	0	0
D400.contig473	4386	0	0
D400.contig474	4378	516	24
D400.contig475	4353	0	0
D400.contig476	4332	0	0
D400.contig477	4305	0	0
D400.contig478	4289	922420	39395
D400.contig479	4284	7	5
D400.contig480	4268	0	0
D400.contig481	4254	0	0
D400.contig482	4249	2982	203
D400.contig483	4240	0	0
D400.contig484	4202	0	0
D400.contig485	4199	0	0
D400.contig486	4180	0	0
D400.contig487	4140	0	0
D400.contig488	4138	0	0
D400.contig489	4090	481	335
D400.contig490	4068	2	0
D400.contig491	4066	94548	48391
D400.contig492	4061	0	0
D400.contig493	4055	15	1
D400.contig494	4032	0	0
D400.contig495	4029	0	0
D400.contig496	4006	0	0
D400.contig497	3992	0	0
D400.contig498	3988	0	0
D400.contig499	3980	0	0
D400.contig500	3963	1171	15
D400.contig501	3956	0	0
D400.contig502	3953	449	5
D400.contig503	3922	2024	681
D400.contig504	3922	203	9
D400.contig505	3915	0	0
D400.contig506	3910	763	42
D400.contig507	3905	0	0
D400.contig508	3898	0	0
D400.contig509	3893	2	0
D400.contig510	3890	0	0
D400.contig511	3884	0	0
D400.contig512	3879	0	0
D400.contig513	3875	0	0
D400.contig514	3872	0	0
D400.contig515	3858	611	15
D400.contig516	3852	47	37
D400.contig517	3844	3250	144
D400.contig518	3834	61	4
D400.contig519	3817	0	0
D400.contig520	3806	0	0
D400.contig521	3806	0	0
D400.contig522	3796	290	11
D400.contig523	3794	0	0
D400.contig524	3730	0	0
D400.contig525	3728	11	2
D400.contig526	3727	0	0
D400.contig527	3727	0	0
D400.contig528	3725	0	0
D400.contig529	3724	0	0
D400.contig530	3705	885	77
D400.contig531	3703	58	37
D400.contig532	3698	16	0
D400.contig533	3693	0	0
D400.contig534	3690	0	0
D400.contig535	3685	251	5
D400.contig536	3680	0	0
D400.contig537	3679	173	4
D400.contig538	3677	2	0
D400.contig539	3669	21	3
D400.contig540	3661	0	0
D400.contig541	3645	25	2
D400.contig542	3634	0	0
D400.contig543	3626	0	0
D400.contig544	3617	0	0
D400.contig545	3615	0	0
D400.contig546	3614	269	6
D400.contig547	3611	0	0
D400.contig548	3586	0	0
D400.contig549	3577	612	23
D400.contig550	3572	0	0
D400.contig551	3572	0	0
D400.contig552	3569	2	0
D400.contig553	3568	0	0
D400.contig554	3563	0	0
D400.contig555	3558	11	3
D400.contig556	3515	0	0
D400.contig557	3509	0	0
D400.contig558	3505	7	1
D400.contig559	3497	0	0
D400.contig560	3484	0	0
D400.contig561	3484	0	0
D400.contig562	3479	1200	16
D400.contig563	3470	288	4
D400.contig564	3459	142	3
D400.contig565	3451	0	0
D400.contig566	3431	32	18
D400.contig567	3427	0	0
D400.contig568	3425	3765	294
D400.contig569	3425	0	0
D400.contig570	3421	0	0
D400.contig571	3411	1	1
D400.contig572	3380	20	0
D400.contig573	3376	2	0
D400.contig574	3375	0	0
D400.contig575	3369	4	4
D400.contig576	3358	0	0
D400.contig577	3356	0	0
D400.contig578	3349	0	0
D400.contig579	3345	0	0
D400.contig580	3332	0	0
D400.contig581	3331	0	0
D400.contig582	3319	168	14
D400.contig583	3296	0	0
D400.contig584	3296	2	0
D400.contig585	3272	0	0
D400.contig586	3271	0	0
D400.contig587	3257	0	0
D400.contig588	3232	0	0
D400.contig589	3221	13	1
D400.contig590	3220	0	0
D400.contig591	3216	0	0
D400.contig592	3215	0	0
D400.contig593	3214	1422	111
D400.contig594	3206	66	2
D400.contig595	3200	151	3
D400.contig596	3194	0	0
D400.contig597	3191	0	0
D400.contig598	3187	0	0
D400.contig599	3182	0	0
D400.contig600	3177	11	1
D400.contig601	3174	0	0
D400.contig602	3172	1	1
D400.contig603	3161	0	0
D400.contig604	3158	0	0
D400.contig605	3151	72	18
D400.contig606	3148	0	0
D400.contig607	3145	11	1
D400.contig608	3142	0	0
D400.contig609	3140	0	0
D400.contig610	3140	177	3
D400.contig611	3140	871	51
D400.contig612	3123	0	0
D400.contig613	3117	17	0
D400.contig614	3109	25	1
D400.contig615	3104	0	0
D400.contig616	3103	102	1
D400.contig617	3097	0	0
D400.contig618	3094	0	0
D400.contig619	3084	0	0
D400.contig620	3065	0	0
D400.contig621	3064	0	0
D400.contig622	3057	0	0
D400.contig623	3048	0	0
D400.contig624	3048	30	2
D400.contig625	3047	0	0
D400.contig626	3041	0	0
D400.contig627	3034	0	0
D400.contig628	3022	0	0
D400.contig629	3012	89	2
D400.contig630	3011	188	2
*	0	0	4363286
