D400.contig1	209248	9441	200
D400.contig2	147782	5670	130
D400.contig3	132948	6550	94
D400.contig4	123723	4547	137
D400.contig5	116922	1930	38
D400.contig6	114224	3706	58
D400.contig7	106451	3452	48
D400.contig8	96575	32	2
D400.contig9	93689	4216	56
D400.contig10	92820	5296	78
D400.contig11	89105	2185	31
D400.contig12	88172	2	0
D400.contig13	86807	5621	82
D400.contig14	80566	174	57
D400.contig15	79674	1993	30
D400.contig16	74340	0	0
D400.contig17	72072	1997	33
D400.contig18	68113	1472	32
D400.contig19	63910	2023	38
D400.contig20	62331	7720	118
D400.contig21	62250	6625	167
D400.contig22	61718	1932	32
D400.contig23	61100	431	121
D400.contig24	60003	2270	47
D400.contig25	59451	2090	36
D400.contig26	59373	4055	70
D400.contig27	59117	2565	34
D400.contig28	58894	3348	64
D400.contig29	57427	9	1
D400.contig30	55433	6	0
D400.contig31	55080	1744	34
D400.contig32	54946	9106	170
D400.contig33	54813	1849	34
D400.contig34	53377	0	0
D400.contig35	51176	9921	172
D400.contig36	51028	2415	71
D400.contig37	49144	1955	39
D400.contig38	48607	1607	25
D400.contig39	48298	693	18
D400.contig40	47965	5383	107
D400.contig41	47745	7607	133
D400.contig42	46248	1330	24
D400.contig43	45691	2	0
D400.contig44	43691	0	0
D400.contig45	43605	0	0
D400.contig46	43591	1250	27
D400.contig47	43417	2631	63
D400.contig48	42759	1369	26
D400.contig49	42358	797	14
D400.contig50	41788	692	6
D400.contig51	41662	5	3
D400.contig52	41366	2484	52
D400.contig53	41356	2	0
D400.contig54	41272	0	0
D400.contig55	41153	1353	19
D400.contig56	40632	136	52
D400.contig57	39959	0	0
D400.contig58	39944	746	18
D400.contig59	39825	862	17
D400.contig60	39529	51	45
D400.contig61	38516	1512	13
D400.contig62	38431	0	0
D400.contig63	38320	478	20
D400.contig64	37227	4	1
D400.contig65	37209	0	0
D400.contig66	37165	0	0
D400.contig67	36903	421	11
D400.contig68	36433	23428	476
D400.contig69	36219	1217	17
D400.contig70	35260	1288	81
D400.contig71	35180	0	0
D400.contig72	34909	2924	35
D400.contig73	34689	2069	26
D400.contig74	33810	0	0
D400.contig75	33701	0	0
D400.contig76	33545	0	0
D400.contig77	33274	1716	39
D400.contig78	32887	2173	43
D400.contig79	32652	455	10
D400.contig80	32545	0	0
D400.contig81	32396	3807	58
D400.contig82	32212	1	0
D400.contig83	32156	0	0
D400.contig84	32118	678	23
D400.contig85	31892	3068	95
D400.contig86	31208	680	7
D400.contig87	30749	1713	41
D400.contig88	30644	415	5
D400.contig89	30370	866	12
D400.contig90	29834	0	0
D400.contig91	29669	1206	33
D400.contig92	29398	2842	39
D400.contig93	29122	0	0
D400.contig94	28779	482	8
D400.contig95	28659	1556	28
D400.contig96	28597	5092	86
D400.contig97	28478	2930	50
D400.contig98	27914	1173	20
D400.contig99	27805	0	0
D400.contig100	27229	678	9
D400.contig101	27229	1455	21
D400.contig102	26887	2	0
D400.contig103	26740	3721	74
D400.contig104	26587	0	0
D400.contig105	26397	0	0
D400.contig106	26013	569	19
D400.contig107	25434	2497	186
D400.contig108	25260	1	1
D400.contig109	25234	1501	28
D400.contig110	24280	10656	275
D400.contig111	24175	329	11
D400.contig112	24115	5465	179
D400.contig113	23803	7094	214
D400.contig114	23704	0	0
D400.contig115	23293	2087	35
D400.contig116	23248	0	0
D400.contig117	23236	1902	25
D400.contig118	22723	1974	28
D400.contig119	22704	4	0
D400.contig120	22393	0	0
D400.contig121	22358	892	12
D400.contig122	22254	253	3
D400.contig123	21934	459	5
D400.contig124	21883	316	7
D400.contig125	21608	557	21
D400.contig126	21583	391	6
D400.contig127	21520	3082	93
D400.contig128	21462	2	0
D400.contig129	21358	1	1
D400.contig130	21343	5600	293
D400.contig131	21008	0	0
D400.contig132	20861	427	17
D400.contig133	20561	2242	67
D400.contig134	19330	0	0
D400.contig135	18822	0	0
D400.contig136	18545	3	1
D400.contig137	18387	593	13
D400.contig138	18264	17	3
D400.contig139	18220	368	24
D400.contig140	17965	297	7
D400.contig141	17927	1732	42
D400.contig142	17811	0	0
D400.contig143	17663	0	0
D400.contig144	17560	283	7
D400.contig145	17534	6847	164
D400.contig146	17267	1356	22
D400.contig147	17240	2	0
D400.contig148	17038	0	0
D400.contig149	17035	217	43
D400.contig150	16967	1616	44
D400.contig151	16700	0	0
D400.contig152	16610	0	0
D400.contig153	16544	43	17
D400.contig154	16413	0	0
D400.contig155	16320	430	101
D400.contig156	16247	0	0
D400.contig157	16205	0	0
D400.contig158	16201	0	0
D400.contig159	16164	0	0
D400.contig160	15782	291	11
D400.contig161	15690	0	0
D400.contig162	15544	1820	53
D400.contig163	15542	0	0
D400.contig164	15412	5462	301
D400.contig165	15347	749	21
D400.contig166	15326	0	0
D400.contig167	15323	0	0
D400.contig168	15244	368	8
D400.contig169	15167	0	0
D400.contig170	15014	0	0
D400.contig171	14840	3848	120
D400.contig172	14663	0	0
D400.contig173	14606	0	0
D400.contig174	14408	0	0
D400.contig175	14361	0	0
D400.contig176	14204	31	1
D400.contig177	14196	0	0
D400.contig178	13913	0	0
D400.contig179	13780	303	5
D400.contig180	13699	2277	100
D400.contig181	13635	0	0
D400.contig182	13592	2394	51
D400.contig183	13424	5407	96
D400.contig184	13376	414	26
D400.contig185	13360	2099	71
D400.contig186	13057	0	0
D400.contig187	12894	481	15
D400.contig188	12799	1484	109
D400.contig189	12279	0	0
D400.contig190	12203	1651	280
D400.contig191	12188	0	0
D400.contig192	12081	0	0
D400.contig193	12045	3014	62
D400.contig194	11955	107	2
D400.contig195	11953	75	13
D400.contig196	11900	0	0
D400.contig197	11840	160	2
D400.contig198	11760	2949	173
D400.contig199	11627	0	0
D400.contig200	11605	0	0
D400.contig201	11468	0	0
D400.contig202	11431	0	0
D400.contig203	11375	0	0
D400.contig204	11331	0	0
D400.contig205	11218	0	0
D400.contig206	11190	2881	126
D400.contig207	11043	0	0
D400.contig208	11032	0	0
D400.contig209	11012	229	19
D400.contig210	10962	142	2
D400.contig211	10877	166	6
D400.contig212	10841	136	5
D400.contig213	10803	0	0
D400.contig214	10696	0	0
D400.contig215	10525	0	0
D400.contig216	10499	0	0
D400.contig217	10491	0	0
D400.contig218	10368	1362	40
D400.contig219	10190	0	0
D400.contig220	10186	0	0
D400.contig221	10168	0	0
D400.contig222	10139	0	0
D400.contig223	10138	191	5
D400.contig224	10109	0	0
D400.contig225	10095	4	3
D400.contig226	10088	0	0
D400.contig227	10088	0	0
D400.contig228	9898	0	0
D400.contig229	9848	0	0
D400.contig230	9840	17666	654
D400.contig231	9801	0	0
D400.contig232	9746	0	0
D400.contig233	9718	4347	85
D400.contig234	9712	0	0
D400.contig235	9692	371	13
D400.contig236	9687	1	0
D400.contig237	9637	0	0
D400.contig238	9548	30	20
D400.contig239	9543	0	0
D400.contig240	9459	2030	104
D400.contig241	9440	3176	480
D400.contig242	9377	0	0
D400.contig243	9361	0	0
D400.contig244	9329	4358	111
D400.contig245	9303	0	0
D400.contig246	9297	0	0
D400.contig247	9219	1	0
D400.contig248	9211	0	0
D400.contig249	9202	601	9
D400.contig250	9184	0	0
D400.contig251	9174	0	0
D400.contig252	9110	4272	401
D400.contig253	9109	169	7
D400.contig254	9104	6463	1589
D400.contig255	9103	0	0
D400.contig256	9096	0	0
D400.contig257	9087	0	0
D400.contig258	8979	0	0
D400.contig259	8920	0	0
D400.contig260	8888	0	0
D400.contig261	8858	0	0
D400.contig262	8818	0	0
D400.contig263	8744	737	25
D400.contig264	8740	0	0
D400.contig265	8688	2	2
D400.contig266	8629	72	2
D400.contig267	8624	0	0
D400.contig268	8622	0	0
D400.contig269	8576	0	0
D400.contig270	8544	0	0
D400.contig271	8500	101	3
D400.contig272	8480	179	55
D400.contig273	8435	858	44
D400.contig274	8417	456	6
D400.contig275	8407	0	0
D400.contig276	8344	1	0
D400.contig277	8312	159	7
D400.contig278	8256	847	16
D400.contig279	8220	2	0
D400.contig280	8216	0	0
D400.contig281	8212	0	0
D400.contig282	8181	0	0
D400.contig283	8171	1627	56
D400.contig284	8119	0	0
D400.contig285	8112	0	0
D400.contig286	8097	1635	23
D400.contig287	8064	0	0
D400.contig288	8063	587	28
D400.contig289	7997	0	0
D400.contig290	7852	0	0
D400.contig291	7823	0	0
D400.contig292	7765	0	0
D400.contig293	7765	0	0
D400.contig294	7733	56	2
D400.contig295	7646	580	2
D400.contig296	7639	2	0
D400.contig297	7634	13	3
D400.contig298	7624	257	9
D400.contig299	7616	0	0
D400.contig300	7599	0	0
D400.contig301	7541	0	0
D400.contig302	7530	0	0
D400.contig303	7521	0	0
D400.contig304	7496	276	17
D400.contig305	7482	0	0
D400.contig306	7418	0	0
D400.contig307	7394	0	0
D400.contig308	7341	3658	141
D400.contig309	7316	0	0
D400.contig310	7300	240	3
D400.contig311	7284	7	1
D400.contig312	7171	0	0
D400.contig313	7149	0	0
D400.contig314	7102	0	0
D400.contig315	7079	64	22
D400.contig316	7075	55	1
D400.contig317	7050	0	0
D400.contig318	7038	58	3
D400.contig319	6957	0	0
D400.contig320	6904	0	0
D400.contig321	6878	0	0
D400.contig322	6871	0	0
D400.contig323	6869	0	0
D400.contig324	6860	2	0
D400.contig325	6855	0	0
D400.contig326	6827	0	0
D400.contig327	6815	0	0
D400.contig328	6808	0	0
D400.contig329	6804	0	0
D400.contig330	6791	42	0
D400.contig331	6774	466	18
D400.contig332	6771	0	0
D400.contig333	6756	1	1
D400.contig334	6740	0	0
D400.contig335	6737	0	0
D400.contig336	6728	3753	163
D400.contig337	6724	122	3
D400.contig338	6709	0	0
D400.contig339	6650	431	10
D400.contig340	6600	0	0
D400.contig341	6575	1776	87
D400.contig342	6566	0	0
D400.contig343	6565	1461	43
D400.contig344	6512	0	0
D400.contig345	6505	0	0
D400.contig346	6476	60	0
D400.contig347	6463	0	0
D400.contig348	6461	184	10
D400.contig349	6432	0	0
D400.contig350	6409	0	0
D400.contig351	6400	0	0
D400.contig352	6378	0	0
D400.contig353	6371	7	0
D400.contig354	6364	0	0
D400.contig355	6342	0	0
D400.contig356	6292	0	0
D400.contig357	6281	195	4
D400.contig358	6255	0	0
D400.contig359	6230	773	9
D400.contig360	6189	456	10
D400.contig361	6186	0	0
D400.contig362	6186	18	8
D400.contig363	6165	0	0
D400.contig364	6072	0	0
D400.contig365	6067	0	0
D400.contig366	6064	0	0
D400.contig367	6012	320	3
D400.contig368	6008	0	0
D400.contig369	5999	2	0
D400.contig370	5995	1824	133
D400.contig371	5955	0	0
D400.contig372	5913	0	0
D400.contig373	5901	1503	47
D400.contig374	5893	273	0
D400.contig375	5889	951	57
D400.contig376	5872	0	0
D400.contig377	5860	0	0
D400.contig378	5802	0	0
D400.contig379	5772	0	0
D400.contig380	5753	58	1
D400.contig381	5741	0	0
D400.contig382	5723	93	4
D400.contig383	5694	92	9
D400.contig384	5639	0	0
D400.contig385	5568	0	0
D400.contig386	5567	0	0
D400.contig387	5514	957	48
D400.contig388	5477	173	4
D400.contig389	5473	122	0
D400.contig390	5442	0	0
D400.contig391	5436	0	0
D400.contig392	5412	390	24
D400.contig393	5408	0	0
D400.contig394	5385	0	0
D400.contig395	5368	1359	61
D400.contig396	5365	0	0
D400.contig397	5330	1000	71
D400.contig398	5303	93	3
D400.contig399	5278	0	0
D400.contig400	5277	0	0
D400.contig401	5252	4	0
D400.contig402	5242	0	0
D400.contig403	5222	47	3
D400.contig404	5185	0	0
D400.contig405	5157	21	15
D400.contig406	5151	89	2
D400.contig407	5146	352	18
D400.contig408	5141	0	0
D400.contig409	5133	1577	75
D400.contig410	5093	147	13
D400.contig411	5058	0	0
D400.contig412	5054	0	0
D400.contig413	5045	0	0
D400.contig414	5038	0	0
D400.contig415	5037	2	2
D400.contig416	5019	178	3
D400.contig417	4991	0	0
D400.contig418	4987	0	0
D400.contig419	4977	217	2
D400.contig420	4972	0	0
D400.contig421	4967	0	0
D400.contig422	4965	0	0
D400.contig423	4948	0	0
D400.contig424	4936	0	0
D400.contig425	4924	0	0
D400.contig426	4903	970393	30453
D400.contig427	4902	0	0
D400.contig428	4896	0	0
D400.contig429	4873	0	0
D400.contig430	4862	0	0
D400.contig431	4860	0	0
D400.contig432	4851	0	0
D400.contig433	4848	0	0
D400.contig434	4838	0	0
D400.contig435	4826	0	0
D400.contig436	4810	0	0
D400.contig437	4798	0	0
D400.contig438	4798	0	0
D400.contig439	4773	0	0
D400.contig440	4770	3	1
D400.contig441	4757	0	0
D400.contig442	4750	2465	199
D400.contig443	4741	0	0
D400.contig444	4736	3121	159
D400.contig445	4682	0	0
D400.contig446	4682	0	0
D400.contig447	4676	0	0
D400.contig448	4666	0	0
D400.contig449	4663	0	0
D400.contig450	4630	50	3
D400.contig451	4614	0	0
D400.contig452	4613	0	0
D400.contig453	4606	1035	119
D400.contig454	4595	0	0
D400.contig455	4558	0	0
D400.contig456	4557	1737	130
D400.contig457	4553	0	0
D400.contig458	4547	23	1
D400.contig459	4547	0	0
D400.contig460	4524	0	0
D400.contig461	4514	0	0
D400.contig462	4497	0	0
D400.contig463	4480	6	1
D400.contig464	4474	60	2
D400.contig465	4470	0	0
D400.contig466	4463	6	5
D400.contig467	4439	0	0
D400.contig468	4432	1	1
D400.contig469	4418	0	0
D400.contig470	4408	0	0
D400.contig471	4407	0	0
D400.contig472	4398	0	0
D400.contig473	4386	0	0
D400.contig474	4378	438	17
D400.contig475	4353	0	0
D400.contig476	4332	0	0
D400.contig477	4305	0	0
D400.contig478	4289	65584	657
D400.contig479	4284	9	1
D400.contig480	4268	161	7
D400.contig481	4254	10	4
D400.contig482	4249	2144	172
D400.contig483	4240	0	0
D400.contig484	4202	0	0
D400.contig485	4199	0	0
D400.contig486	4180	0	0
D400.contig487	4140	0	0
D400.contig488	4138	0	0
D400.contig489	4090	0	0
D400.contig490	4068	0	0
D400.contig491	4066	6	2
D400.contig492	4061	0	0
D400.contig493	4055	24	2
D400.contig494	4032	0	0
D400.contig495	4029	0	0
D400.contig496	4006	0	0
D400.contig497	3992	0	0
D400.contig498	3988	0	0
D400.contig499	3980	0	0
D400.contig500	3963	672	13
D400.contig501	3956	0	0
D400.contig502	3953	392	7
D400.contig503	3922	1153	195
D400.contig504	3922	223	7
D400.contig505	3915	0	0
D400.contig506	3910	635	48
D400.contig507	3905	0	0
D400.contig508	3898	0	0
D400.contig509	3893	0	0
D400.contig510	3890	0	0
D400.contig511	3884	0	0
D400.contig512	3879	0	0
D400.contig513	3875	0	0
D400.contig514	3872	0	0
D400.contig515	3858	691	13
D400.contig516	3852	25	15
D400.contig517	3844	2446	107
D400.contig518	3834	72	6
D400.contig519	3817	0	0
D400.contig520	3806	0	0
D400.contig521	3806	0	0
D400.contig522	3796	136	7
D400.contig523	3794	0	0
D400.contig524	3730	0	0
D400.contig525	3728	4	0
D400.contig526	3727	0	0
D400.contig527	3727	0	0
D400.contig528	3725	0	0
D400.contig529	3724	0	0
D400.contig530	3705	868	76
D400.contig531	3703	39	30
D400.contig532	3698	11	0
D400.contig533	3693	0	0
D400.contig534	3690	0	0
D400.contig535	3685	154	1
D400.contig536	3680	0	0
D400.contig537	3679	123	2
D400.contig538	3677	0	0
D400.contig539	3669	1	1
D400.contig540	3661	0	0
D400.contig541	3645	0	0
D400.contig542	3634	2	0
D400.contig543	3626	0	0
D400.contig544	3617	0	0
D400.contig545	3615	0	0
D400.contig546	3614	204	2
D400.contig547	3611	0	0
D400.contig548	3586	0	0
D400.contig549	3577	423	17
D400.contig550	3572	0	0
D400.contig551	3572	0	0
D400.contig552	3569	2	0
D400.contig553	3568	0	0
D400.contig554	3563	0	0
D400.contig555	3558	0	0
D400.contig556	3515	0	0
D400.contig557	3509	0	0
D400.contig558	3505	0	0
D400.contig559	3497	0	0
D400.contig560	3484	0	0
D400.contig561	3484	0	0
D400.contig562	3479	628	47
D400.contig563	3470	286	1
D400.contig564	3459	94	3
D400.contig565	3451	0	0
D400.contig566	3431	0	0
D400.contig567	3427	0	0
D400.contig568	3425	2890	270
D400.contig569	3425	0	0
D400.contig570	3421	0	0
D400.contig571	3411	8	0
D400.contig572	3380	37	1
D400.contig573	3376	0	0
D400.contig574	3375	0	0
D400.contig575	3369	5	3
D400.contig576	3358	0	0
D400.contig577	3356	0	0
D400.contig578	3349	0	0
D400.contig579	3345	0	0
D400.contig580	3332	0	0
D400.contig581	3331	1	1
D400.contig582	3319	119	7
D400.contig583	3296	8	2
D400.contig584	3296	0	0
D400.contig585	3272	27	2
D400.contig586	3271	0	0
D400.contig587	3257	0	0
D400.contig588	3232	0	0
D400.contig589	3221	0	0
D400.contig590	3220	0	0
D400.contig591	3216	0	0
D400.contig592	3215	0	0
D400.contig593	3214	1037	100
D400.contig594	3206	77	2
D400.contig595	3200	139	2
D400.contig596	3194	2	0
D400.contig597	3191	0	0
D400.contig598	3187	0	0
D400.contig599	3182	0	0
D400.contig600	3177	0	0
D400.contig601	3174	0	0
D400.contig602	3172	1	1
D400.contig603	3161	0	0
D400.contig604	3158	0	0
D400.contig605	3151	3	1
D400.contig606	3148	0	0
D400.contig607	3145	16	0
D400.contig608	3142	0	0
D400.contig609	3140	0	0
D400.contig610	3140	170	2
D400.contig611	3140	734	45
D400.contig612	3123	19	3
D400.contig613	3117	34	0
D400.contig614	3109	2	0
D400.contig615	3104	0	0
D400.contig616	3103	89	1
D400.contig617	3097	0	0
D400.contig618	3094	0	0
D400.contig619	3084	0	0
D400.contig620	3065	0	0
D400.contig621	3064	0	0
D400.contig622	3057	0	0
D400.contig623	3048	0	0
D400.contig624	3048	8	0
D400.contig625	3047	0	0
D400.contig626	3041	0	0
D400.contig627	3034	1656	108
D400.contig628	3022	0	0
D400.contig629	3012	99	3
D400.contig630	3011	119	1
*	0	0	6955506
