D400.contig1	209248	68857	1283
D400.contig2	147782	52321	1127
D400.contig3	132948	53331	899
D400.contig4	123723	18808	318
D400.contig5	116922	17659	249
D400.contig6	114224	27243	480
D400.contig7	106451	37499	606
D400.contig8	96575	0	0
D400.contig9	93689	23422	522
D400.contig10	92820	33741	572
D400.contig11	89105	14544	227
D400.contig12	88172	0	0
D400.contig13	86807	45124	771
D400.contig14	80566	1271	383
D400.contig15	79674	18274	270
D400.contig16	74340	1	0
D400.contig17	72072	12456	206
D400.contig18	68113	9180	148
D400.contig19	63910	21073	356
D400.contig20	62331	48271	842
D400.contig21	62250	41852	692
D400.contig22	61718	27600	438
D400.contig23	61100	0	0
D400.contig24	60003	10457	248
D400.contig25	59451	10564	197
D400.contig26	59373	28685	592
D400.contig27	59117	13823	254
D400.contig28	58894	21845	353
D400.contig29	57427	0	0
D400.contig30	55433	0	0
D400.contig31	55080	15656	283
D400.contig32	54946	77891	1653
D400.contig33	54813	17416	339
D400.contig34	53377	4	0
D400.contig35	51176	56360	1319
D400.contig36	51028	25868	600
D400.contig37	49144	13875	235
D400.contig38	48607	10535	176
D400.contig39	48298	4910	81
D400.contig40	47965	10775	203
D400.contig41	47745	66182	1276
D400.contig42	46248	13159	230
D400.contig43	45691	0	0
D400.contig44	43691	0	0
D400.contig45	43605	0	0
D400.contig46	43591	6256	113
D400.contig47	43417	35270	658
D400.contig48	42759	9823	256
D400.contig49	42358	5106	102
D400.contig50	41788	5493	91
D400.contig51	41662	0	0
D400.contig52	41366	18834	391
D400.contig53	41356	3	1
D400.contig54	41272	0	0
D400.contig55	41153	8823	160
D400.contig56	40632	2	0
D400.contig57	39959	5	1
D400.contig58	39944	8668	162
D400.contig59	39825	4662	103
D400.contig60	39529	8	1
D400.contig61	38516	10026	161
D400.contig62	38431	0	0
D400.contig63	38320	4064	119
D400.contig64	37227	0	0
D400.contig65	37209	0	0
D400.contig66	37165	2	0
D400.contig67	36903	2612	71
D400.contig68	36433	98565	2487
D400.contig69	36219	7825	140
D400.contig70	35260	7004	496
D400.contig71	35180	0	0
D400.contig72	34909	27985	482
D400.contig73	34689	10378	196
D400.contig74	33810	0	0
D400.contig75	33701	1	1
D400.contig76	33545	2	2
D400.contig77	33274	20699	579
D400.contig78	32887	24200	582
D400.contig79	32652	3975	73
D400.contig80	32545	0	0
D400.contig81	32396	23271	440
D400.contig82	32212	0	0
D400.contig83	32156	0	0
D400.contig84	32118	3332	69
D400.contig85	31892	48874	1113
D400.contig86	31208	4014	66
D400.contig87	30749	11202	305
D400.contig88	30644	1954	36
D400.contig89	30370	4367	74
D400.contig90	29834	0	0
D400.contig91	29669	6701	132
D400.contig92	29398	20165	488
D400.contig93	29122	0	0
D400.contig94	28779	3720	90
D400.contig95	28659	7343	165
D400.contig96	28597	30736	708
D400.contig97	28478	24550	512
D400.contig98	27914	4011	103
D400.contig99	27805	0	0
D400.contig100	27229	4631	98
D400.contig101	27229	18583	265
D400.contig102	26887	0	0
D400.contig103	26740	12784	350
D400.contig104	26587	0	0
D400.contig105	26397	0	0
D400.contig106	26013	2952	66
D400.contig107	25434	20492	1619
D400.contig108	25260	0	0
D400.contig109	25234	6217	167
D400.contig110	24280	80140	2136
D400.contig111	24175	2788	59
D400.contig112	24115	33056	954
D400.contig113	23803	66127	1914
D400.contig114	23704	0	0
D400.contig115	23293	13689	261
D400.contig116	23248	0	0
D400.contig117	23236	16315	358
D400.contig118	22723	14335	239
D400.contig119	22704	0	0
D400.contig120	22393	0	0
D400.contig121	22358	12111	220
D400.contig122	22254	2553	28
D400.contig123	21934	2240	38
D400.contig124	21883	1890	26
D400.contig125	21608	3690	102
D400.contig126	21583	3514	49
D400.contig127	21520	10438	396
D400.contig128	21462	0	0
D400.contig129	21358	5	3
D400.contig130	21343	41924	1941
D400.contig131	21008	0	0
D400.contig132	20861	4861	118
D400.contig133	20561	13638	431
D400.contig134	19330	0	0
D400.contig135	18822	0	0
D400.contig136	18545	0	0
D400.contig137	18387	2750	46
D400.contig138	18264	0	0
D400.contig139	18220	0	0
D400.contig140	17965	1210	31
D400.contig141	17927	23181	647
D400.contig142	17811	0	0
D400.contig143	17663	0	0
D400.contig144	17560	6012	99
D400.contig145	17534	50566	1201
D400.contig146	17267	11698	236
D400.contig147	17240	7	1
D400.contig148	17038	0	0
D400.contig149	17035	0	0
D400.contig150	16967	8753	254
D400.contig151	16700	0	0
D400.contig152	16610	0	0
D400.contig153	16544	175	88
D400.contig154	16413	4	0
D400.contig155	16320	2	0
D400.contig156	16247	0	0
D400.contig157	16205	0	0
D400.contig158	16201	0	0
D400.contig159	16164	0	0
D400.contig160	15782	1511	69
D400.contig161	15690	0	0
D400.contig162	15544	15998	363
D400.contig163	15542	0	0
D400.contig164	15412	0	0
D400.contig165	15347	5088	202
D400.contig166	15326	0	0
D400.contig167	15323	0	0
D400.contig168	15244	2656	53
D400.contig169	15167	0	0
D400.contig170	15014	0	0
D400.contig171	14840	20098	778
D400.contig172	14663	0	0
D400.contig173	14606	0	0
D400.contig174	14408	0	0
D400.contig175	14361	0	0
D400.contig176	14204	0	0
D400.contig177	14196	17	1
D400.contig178	13913	6	0
D400.contig179	13780	1175	22
D400.contig180	13699	20288	665
D400.contig181	13635	0	0
D400.contig182	13592	16589	316
D400.contig183	13424	24503	554
D400.contig184	13376	1633	134
D400.contig185	13360	13040	423
D400.contig186	13057	0	0
D400.contig187	12894	1370	42
D400.contig188	12799	8070	676
D400.contig189	12279	0	0
D400.contig190	12203	19705	2195
D400.contig191	12188	0	0
D400.contig192	12081	0	0
D400.contig193	12045	15396	494
D400.contig194	11955	992	27
D400.contig195	11953	0	0
D400.contig196	11900	0	0
D400.contig197	11840	609	12
D400.contig198	11760	0	0
D400.contig199	11627	0	0
D400.contig200	11605	0	0
D400.contig201	11468	0	0
D400.contig202	11431	0	0
D400.contig203	11375	0	0
D400.contig204	11331	0	0
D400.contig205	11218	0	0
D400.contig206	11190	17185	702
D400.contig207	11043	0	0
D400.contig208	11032	0	0
D400.contig209	11012	2563	116
D400.contig210	10962	960	30
D400.contig211	10877	1101	41
D400.contig212	10841	652	23
D400.contig213	10803	0	0
D400.contig214	10696	0	0
D400.contig215	10525	0	0
D400.contig216	10499	0	0
D400.contig217	10491	0	0
D400.contig218	10368	7717	298
D400.contig219	10190	0	0
D400.contig220	10186	0	0
D400.contig221	10168	0	0
D400.contig222	10139	0	0
D400.contig223	10138	715	36
D400.contig224	10109	0	0
D400.contig225	10095	5	2
D400.contig226	10088	0	0
D400.contig227	10088	0	0
D400.contig228	9898	0	0
D400.contig229	9848	0	0
D400.contig230	9840	0	0
D400.contig231	9801	2	0
D400.contig232	9746	0	0
D400.contig233	9718	32004	608
D400.contig234	9712	0	0
D400.contig235	9692	1306	44
D400.contig236	9687	2	0
D400.contig237	9637	0	0
D400.contig238	9548	195	150
D400.contig239	9543	0	0
D400.contig240	9459	9850	761
D400.contig241	9440	0	0
D400.contig242	9377	0	0
D400.contig243	9361	0	0
D400.contig244	9329	23393	657
D400.contig245	9303	0	0
D400.contig246	9297	2	0
D400.contig247	9219	0	0
D400.contig248	9211	0	0
D400.contig249	9202	7057	121
D400.contig250	9184	0	0
D400.contig251	9174	0	0
D400.contig252	9110	64729	3265
D400.contig253	9109	942	34
D400.contig254	9104	0	0
D400.contig255	9103	0	0
D400.contig256	9096	0	0
D400.contig257	9087	0	0
D400.contig258	8979	0	0
D400.contig259	8920	0	0
D400.contig260	8888	0	0
D400.contig261	8858	0	0
D400.contig262	8818	0	0
D400.contig263	8744	5120	166
D400.contig264	8740	0	0
D400.contig265	8688	14	12
D400.contig266	8629	165	9
D400.contig267	8624	0	0
D400.contig268	8622	0	0
D400.contig269	8576	0	0
D400.contig270	8544	2	0
D400.contig271	8500	292	17
D400.contig272	8480	0	0
D400.contig273	8435	5865	219
D400.contig274	8417	1272	20
D400.contig275	8407	0	0
D400.contig276	8344	0	0
D400.contig277	8312	1402	35
D400.contig278	8256	9434	171
D400.contig279	8220	2	1
D400.contig280	8216	0	0
D400.contig281	8212	0	0
D400.contig282	8181	0	0
D400.contig283	8171	0	0
D400.contig284	8119	0	0
D400.contig285	8112	0	0
D400.contig286	8097	7517	137
D400.contig287	8064	0	0
D400.contig288	8063	3188	172
D400.contig289	7997	0	0
D400.contig290	7852	0	0
D400.contig291	7823	0	0
D400.contig292	7765	0	0
D400.contig293	7765	0	0
D400.contig294	7733	314	12
D400.contig295	7646	3445	68
D400.contig296	7639	0	0
D400.contig297	7634	0	0
D400.contig298	7624	4037	178
D400.contig299	7616	0	0
D400.contig300	7599	0	0
D400.contig301	7541	0	0
D400.contig302	7530	0	0
D400.contig303	7521	0	0
D400.contig304	7496	854	47
D400.contig305	7482	0	0
D400.contig306	7418	0	0
D400.contig307	7394	0	0
D400.contig308	7341	38493	1337
D400.contig309	7316	0	0
D400.contig310	7300	1253	40
D400.contig311	7284	0	0
D400.contig312	7171	0	0
D400.contig313	7149	0	0
D400.contig314	7102	0	0
D400.contig315	7079	0	0
D400.contig316	7075	341	8
D400.contig317	7050	0	0
D400.contig318	7038	204	3
D400.contig319	6957	0	0
D400.contig320	6904	0	0
D400.contig321	6878	0	0
D400.contig322	6871	0	0
D400.contig323	6869	1	0
D400.contig324	6860	0	0
D400.contig325	6855	0	0
D400.contig326	6827	0	0
D400.contig327	6815	0	0
D400.contig328	6808	0	0
D400.contig329	6804	0	0
D400.contig330	6791	886	17
D400.contig331	6774	1714	78
D400.contig332	6771	0	0
D400.contig333	6756	0	0
D400.contig334	6740	0	0
D400.contig335	6737	0	0
D400.contig336	6728	36324	1347
D400.contig337	6724	435	21
D400.contig338	6709	0	0
D400.contig339	6650	3149	67
D400.contig340	6600	0	0
D400.contig341	6575	6733	221
D400.contig342	6566	0	0
D400.contig343	6565	6770	188
D400.contig344	6512	0	0
D400.contig345	6505	0	0
D400.contig346	6476	147	3
D400.contig347	6463	0	0
D400.contig348	6461	0	0
D400.contig349	6432	0	0
D400.contig350	6409	0	0
D400.contig351	6400	0	0
D400.contig352	6378	0	0
D400.contig353	6371	0	0
D400.contig354	6364	0	0
D400.contig355	6342	0	0
D400.contig356	6292	0	0
D400.contig357	6281	1103	26
D400.contig358	6255	0	0
D400.contig359	6230	3581	67
D400.contig360	6189	3997	41
D400.contig361	6186	0	0
D400.contig362	6186	0	0
D400.contig363	6165	0	0
D400.contig364	6072	0	0
D400.contig365	6067	0	0
D400.contig366	6064	0	0
D400.contig367	6012	2166	39
D400.contig368	6008	0	0
D400.contig369	5999	0	0
D400.contig370	5995	7630	535
D400.contig371	5955	0	0
D400.contig372	5913	0	0
D400.contig373	5901	13695	568
D400.contig374	5893	971	18
D400.contig375	5889	7701	441
D400.contig376	5872	0	0
D400.contig377	5860	1	1
D400.contig378	5802	0	0
D400.contig379	5772	0	0
D400.contig380	5753	237	5
D400.contig381	5741	0	0
D400.contig382	5723	463	10
D400.contig383	5694	0	0
D400.contig384	5639	0	0
D400.contig385	5568	0	0
D400.contig386	5567	0	0
D400.contig387	5514	0	0
D400.contig388	5477	888	17
D400.contig389	5473	359	9
D400.contig390	5442	0	0
D400.contig391	5436	0	0
D400.contig392	5412	0	0
D400.contig393	5408	0	0
D400.contig394	5385	0	0
D400.contig395	5368	7313	297
D400.contig396	5365	0	0
D400.contig397	5330	6280	365
D400.contig398	5303	299	54
D400.contig399	5278	0	0
D400.contig400	5277	0	0
D400.contig401	5252	0	0
D400.contig402	5242	0	0
D400.contig403	5222	110	3
D400.contig404	5185	0	0
D400.contig405	5157	0	0
D400.contig406	5151	868	27
D400.contig407	5146	3396	107
D400.contig408	5141	0	0
D400.contig409	5133	25969	879
D400.contig410	5093	991	65
D400.contig411	5058	0	0
D400.contig412	5054	0	0
D400.contig413	5045	0	0
D400.contig414	5038	0	0
D400.contig415	5037	0	0
D400.contig416	5019	910	11
D400.contig417	4991	0	0
D400.contig418	4987	0	0
D400.contig419	4977	715	32
D400.contig420	4972	2	0
D400.contig421	4967	0	0
D400.contig422	4965	0	0
D400.contig423	4948	0	0
D400.contig424	4936	0	0
D400.contig425	4924	0	0
D400.contig426	4903	2803767	131941
D400.contig427	4902	0	0
D400.contig428	4896	0	0
D400.contig429	4873	0	0
D400.contig430	4862	0	0
D400.contig431	4860	0	0
D400.contig432	4851	0	0
D400.contig433	4848	0	0
D400.contig434	4838	0	0
D400.contig435	4826	0	0
D400.contig436	4810	0	0
D400.contig437	4798	0	0
D400.contig438	4798	0	0
D400.contig439	4773	0	0
D400.contig440	4770	0	0
D400.contig441	4757	0	0
D400.contig442	4750	16035	1315
D400.contig443	4741	0	0
D400.contig444	4736	19406	1090
D400.contig445	4682	0	0
D400.contig446	4682	0	0
D400.contig447	4676	1	0
D400.contig448	4666	0	0
D400.contig449	4663	0	0
D400.contig450	4630	219	11
D400.contig451	4614	0	0
D400.contig452	4613	0	0
D400.contig453	4606	4466	449
D400.contig454	4595	0	0
D400.contig455	4558	0	0
D400.contig456	4557	8804	671
D400.contig457	4553	0	0
D400.contig458	4547	144	3
D400.contig459	4547	0	0
D400.contig460	4524	0	0
D400.contig461	4514	0	0
D400.contig462	4497	0	0
D400.contig463	4480	0	0
D400.contig464	4474	78	6
D400.contig465	4470	0	0
D400.contig466	4463	0	0
D400.contig467	4439	0	0
D400.contig468	4432	2	1
D400.contig469	4418	0	0
D400.contig470	4408	0	0
D400.contig471	4407	0	0
D400.contig472	4398	0	0
D400.contig473	4386	0	0
D400.contig474	4378	2072	80
D400.contig475	4353	0	0
D400.contig476	4332	0	0
D400.contig477	4305	0	0
D400.contig478	4289	0	0
D400.contig479	4284	0	0
D400.contig480	4268	0	0
D400.contig481	4254	0	0
D400.contig482	4249	16542	1277
D400.contig483	4240	0	0
D400.contig484	4202	0	0
D400.contig485	4199	0	0
D400.contig486	4180	0	0
D400.contig487	4140	0	0
D400.contig488	4138	0	0
D400.contig489	4090	0	0
D400.contig490	4068	0	0
D400.contig491	4066	0	0
D400.contig492	4061	0	0
D400.contig493	4055	62	2
D400.contig494	4032	2	0
D400.contig495	4029	0	0
D400.contig496	4006	0	0
D400.contig497	3992	0	0
D400.contig498	3988	0	0
D400.contig499	3980	0	0
D400.contig500	3963	4548	78
D400.contig501	3956	0	0
D400.contig502	3953	2982	43
D400.contig503	3922	6446	1109
D400.contig504	3922	1297	58
D400.contig505	3915	0	0
D400.contig506	3910	3208	250
D400.contig507	3905	0	0
D400.contig508	3898	0	0
D400.contig509	3893	0	0
D400.contig510	3890	0	0
D400.contig511	3884	0	0
D400.contig512	3879	0	0
D400.contig513	3875	0	0
D400.contig514	3872	0	0
D400.contig515	3858	3627	88
D400.contig516	3852	207	176
D400.contig517	3844	19541	993
D400.contig518	3834	631	25
D400.contig519	3817	0	0
D400.contig520	3806	0	0
D400.contig521	3806	0	0
D400.contig522	3796	1360	55
D400.contig523	3794	0	0
D400.contig524	3730	0	0
D400.contig525	3728	0	0
D400.contig526	3727	0	0
D400.contig527	3727	0	0
D400.contig528	3725	0	0
D400.contig529	3724	0	0
D400.contig530	3705	3472	281
D400.contig531	3703	282	179
D400.contig532	3698	128	4
D400.contig533	3693	0	0
D400.contig534	3690	0	0
D400.contig535	3685	1265	23
D400.contig536	3680	0	0
D400.contig537	3679	519	6
D400.contig538	3677	0	0
D400.contig539	3669	0	0
D400.contig540	3661	0	0
D400.contig541	3645	0	0
D400.contig542	3634	1	0
D400.contig543	3626	0	0
D400.contig544	3617	0	0
D400.contig545	3615	0	0
D400.contig546	3614	2114	28
D400.contig547	3611	0	0
D400.contig548	3586	0	0
D400.contig549	3577	2754	123
D400.contig550	3572	0	0
D400.contig551	3572	0	0
D400.contig552	3569	0	0
D400.contig553	3568	0	0
D400.contig554	3563	0	0
D400.contig555	3558	0	0
D400.contig556	3515	0	0
D400.contig557	3509	0	0
D400.contig558	3505	16	0
D400.contig559	3497	0	0
D400.contig560	3484	0	0
D400.contig561	3484	0	0
D400.contig562	3479	3468	71
D400.contig563	3470	3505	59
D400.contig564	3459	540	8
D400.contig565	3451	0	0
D400.contig566	3431	0	0
D400.contig567	3427	0	0
D400.contig568	3425	19429	1910
D400.contig569	3425	0	0
D400.contig570	3421	0	0
D400.contig571	3411	0	0
D400.contig572	3380	158	0
D400.contig573	3376	0	0
D400.contig574	3375	0	0
D400.contig575	3369	0	0
D400.contig576	3358	0	0
D400.contig577	3356	0	0
D400.contig578	3349	0	0
D400.contig579	3345	0	0
D400.contig580	3332	0	0
D400.contig581	3331	0	0
D400.contig582	3319	959	56
D400.contig583	3296	0	0
D400.contig584	3296	0	0
D400.contig585	3272	0	0
D400.contig586	3271	0	0
D400.contig587	3257	0	0
D400.contig588	3232	0	0
D400.contig589	3221	0	0
D400.contig590	3220	0	0
D400.contig591	3216	0	0
D400.contig592	3215	0	0
D400.contig593	3214	7523	512
D400.contig594	3206	773	11
D400.contig595	3200	1385	24
D400.contig596	3194	0	0
D400.contig597	3191	0	0
D400.contig598	3187	0	0
D400.contig599	3182	0	0
D400.contig600	3177	0	0
D400.contig601	3174	0	0
D400.contig602	3172	5	4
D400.contig603	3161	0	0
D400.contig604	3158	0	0
D400.contig605	3151	0	0
D400.contig606	3148	0	0
D400.contig607	3145	147	4
D400.contig608	3142	0	0
D400.contig609	3140	0	0
D400.contig610	3140	852	17
D400.contig611	3140	4015	245
D400.contig612	3123	0	0
D400.contig613	3117	325	9
D400.contig614	3109	0	0
D400.contig615	3104	0	0
D400.contig616	3103	197	8
D400.contig617	3097	0	0
D400.contig618	3094	0	0
D400.contig619	3084	0	0
D400.contig620	3065	0	0
D400.contig621	3064	0	0
D400.contig622	3057	0	0
D400.contig623	3048	0	0
D400.contig624	3048	30	0
D400.contig625	3047	0	0
D400.contig626	3041	0	0
D400.contig627	3034	0	0
D400.contig628	3022	0	0
D400.contig629	3012	610	27
D400.contig630	3011	997	11
*	0	0	308918
