D400.contig1	209248	581	161
D400.contig2	147782	69	15
D400.contig3	132948	636	16
D400.contig4	123723	33	7
D400.contig5	116922	57	13
D400.contig6	114224	97	17
D400.contig7	106451	411	37
D400.contig8	96575	2454	118
D400.contig9	93689	112	8
D400.contig10	92820	680	30
D400.contig11	89105	3	1
D400.contig12	88172	456	26
D400.contig13	86807	13	1
D400.contig14	80566	1	1
D400.contig15	79674	112	18
D400.contig16	74340	637	23
D400.contig17	72072	2	2
D400.contig18	68113	4	4
D400.contig19	63910	59	3
D400.contig20	62331	14	2
D400.contig21	62250	93512	14826
D400.contig22	61718	89	28
D400.contig23	61100	177	4
D400.contig24	60003	57	3
D400.contig25	59451	23	7
D400.contig26	59373	18	2
D400.contig27	59117	7	1
D400.contig28	58894	15072	1538
D400.contig29	57427	36	4
D400.contig30	55433	842	24
D400.contig31	55080	3	1
D400.contig32	54946	71	11
D400.contig33	54813	26	8
D400.contig34	53377	353	9
D400.contig35	51176	4	0
D400.contig36	51028	7	6
D400.contig37	49144	10	2
D400.contig38	48607	40	6
D400.contig39	48298	9	7
D400.contig40	47965	30	4
D400.contig41	47745	15	4
D400.contig42	46248	118	14
D400.contig43	45691	7	3
D400.contig44	43691	8	0
D400.contig45	43605	0	0
D400.contig46	43591	1	1
D400.contig47	43417	63	9
D400.contig48	42759	29	7
D400.contig49	42358	10	2
D400.contig50	41788	3	1
D400.contig51	41662	0	0
D400.contig52	41366	84	12
D400.contig53	41356	3131750	518750
D400.contig54	41272	66805	23193
D400.contig55	41153	15	3
D400.contig56	40632	279	106
D400.contig57	39959	0	0
D400.contig58	39944	365	52
D400.contig59	39825	10	0
D400.contig60	39529	5	1
D400.contig61	38516	79	9
D400.contig62	38431	0	0
D400.contig63	38320	41	1
D400.contig64	37227	712	27
D400.contig65	37209	0	0
D400.contig66	37165	231	17
D400.contig67	36903	4	0
D400.contig68	36433	4	0
D400.contig69	36219	101	23
D400.contig70	35260	1123	796
D400.contig71	35180	0	0
D400.contig72	34909	36	3
D400.contig73	34689	236	32
D400.contig74	33810	0	0
D400.contig75	33701	1594	143
D400.contig76	33545	11	3
D400.contig77	33274	19	15
D400.contig78	32887	9	9
D400.contig79	32652	31	8
D400.contig80	32545	0	0
D400.contig81	32396	30	4
D400.contig82	32212	0	0
D400.contig83	32156	893	93
D400.contig84	32118	6	2
D400.contig85	31892	56	36
D400.contig86	31208	0	0
D400.contig87	30749	5	3
D400.contig88	30644	4	0
D400.contig89	30370	3	1
D400.contig90	29834	0	0
D400.contig91	29669	54	6
D400.contig92	29398	11	1
D400.contig93	29122	2243	103
D400.contig94	28779	3	3
D400.contig95	28659	3	3
D400.contig96	28597	0	0
D400.contig97	28478	67	5
D400.contig98	27914	5	5
D400.contig99	27805	36	0
D400.contig100	27229	8	0
D400.contig101	27229	36	11
D400.contig102	26887	538	196
D400.contig103	26740	0	0
D400.contig104	26587	0	0
D400.contig105	26397	15	3
D400.contig106	26013	7	1
D400.contig107	25434	12	4
D400.contig108	25260	0	0
D400.contig109	25234	25	5
D400.contig110	24280	22	11
D400.contig111	24175	2	2
D400.contig112	24115	80	56
D400.contig113	23803	54	18
D400.contig114	23704	269	143
D400.contig115	23293	13201	1473
D400.contig116	23248	0	0
D400.contig117	23236	6	0
D400.contig118	22723	13	1
D400.contig119	22704	22	1
D400.contig120	22393	0	0
D400.contig121	22358	1	1
D400.contig122	22254	31	1
D400.contig123	21934	1	1
D400.contig124	21883	2	0
D400.contig125	21608	4	2
D400.contig126	21583	1	1
D400.contig127	21520	4	0
D400.contig128	21462	141	11
D400.contig129	21358	0	0
D400.contig130	21343	160	52
D400.contig131	21008	0	0
D400.contig132	20861	1	1
D400.contig133	20561	60	12
D400.contig134	19330	0	0
D400.contig135	18822	0	0
D400.contig136	18545	1	0
D400.contig137	18387	0	0
D400.contig138	18264	0	0
D400.contig139	18220	0	0
D400.contig140	17965	10	6
D400.contig141	17927	99	13
D400.contig142	17811	0	0
D400.contig143	17663	0	0
D400.contig144	17560	0	0
D400.contig145	17534	1403	669
D400.contig146	17267	0	0
D400.contig147	17240	713	199
D400.contig148	17038	1	1
D400.contig149	17035	0	0
D400.contig150	16967	84	11
D400.contig151	16700	0	0
D400.contig152	16610	3398	554
D400.contig153	16544	8	7
D400.contig154	16413	0	0
D400.contig155	16320	910	382
D400.contig156	16247	0	0
D400.contig157	16205	0	0
D400.contig158	16201	90	8
D400.contig159	16164	0	0
D400.contig160	15782	0	0
D400.contig161	15690	0	0
D400.contig162	15544	12	2
D400.contig163	15542	0	0
D400.contig164	15412	984	56
D400.contig165	15347	1	1
D400.contig166	15326	3	1
D400.contig167	15323	84	40
D400.contig168	15244	0	0
D400.contig169	15167	1520	201
D400.contig170	15014	97	52
D400.contig171	14840	4	2
D400.contig172	14663	0	0
D400.contig173	14606	0	0
D400.contig174	14408	0	0
D400.contig175	14361	1	1
D400.contig176	14204	0	0
D400.contig177	14196	32	2
D400.contig178	13913	0	0
D400.contig179	13780	0	0
D400.contig180	13699	11213	1839
D400.contig181	13635	0	0
D400.contig182	13592	11	5
D400.contig183	13424	16	0
D400.contig184	13376	2	0
D400.contig185	13360	27224	1375
D400.contig186	13057	0	0
D400.contig187	12894	39	17
D400.contig188	12799	0	0
D400.contig189	12279	0	0
D400.contig190	12203	103	47
D400.contig191	12188	1	1
D400.contig192	12081	0	0
D400.contig193	12045	0	0
D400.contig194	11955	0	0
D400.contig195	11953	0	0
D400.contig196	11900	0	0
D400.contig197	11840	4	2
D400.contig198	11760	1456	75
D400.contig199	11627	53	36
D400.contig200	11605	0	0
D400.contig201	11468	0	0
D400.contig202	11431	0	0
D400.contig203	11375	98	5
D400.contig204	11331	0	0
D400.contig205	11218	0	0
D400.contig206	11190	495	323
D400.contig207	11043	0	0
D400.contig208	11032	393	87
D400.contig209	11012	0	0
D400.contig210	10962	2	0
D400.contig211	10877	0	0
D400.contig212	10841	4	0
D400.contig213	10803	0	0
D400.contig214	10696	0	0
D400.contig215	10525	0	0
D400.contig216	10499	0	0
D400.contig217	10491	0	0
D400.contig218	10368	0	0
D400.contig219	10190	0	0
D400.contig220	10186	0	0
D400.contig221	10168	0	0
D400.contig222	10139	0	0
D400.contig223	10138	0	0
D400.contig224	10109	0	0
D400.contig225	10095	0	0
D400.contig226	10088	0	0
D400.contig227	10088	0	0
D400.contig228	9898	0	0
D400.contig229	9848	0	0
D400.contig230	9840	0	0
D400.contig231	9801	46	30
D400.contig232	9746	0	0
D400.contig233	9718	218	104
D400.contig234	9712	11045	4979
D400.contig235	9692	34	4
D400.contig236	9687	2	0
D400.contig237	9637	173	114
D400.contig238	9548	0	0
D400.contig239	9543	0	0
D400.contig240	9459	722	474
D400.contig241	9440	33	6
D400.contig242	9377	0	0
D400.contig243	9361	0	0
D400.contig244	9329	2	2
D400.contig245	9303	74	5
D400.contig246	9297	0	0
D400.contig247	9219	0	0
D400.contig248	9211	649	439
D400.contig249	9202	1	1
D400.contig250	9184	0	0
D400.contig251	9174	0	0
D400.contig252	9110	73	31
D400.contig253	9109	10	9
D400.contig254	9104	71	10
D400.contig255	9103	0	0
D400.contig256	9096	0	0
D400.contig257	9087	0	0
D400.contig258	8979	0	0
D400.contig259	8920	0	0
D400.contig260	8888	0	0
D400.contig261	8858	0	0
D400.contig262	8818	0	0
D400.contig263	8744	0	0
D400.contig264	8740	0	0
D400.contig265	8688	53	41
D400.contig266	8629	9	7
D400.contig267	8624	0	0
D400.contig268	8622	0	0
D400.contig269	8576	0	0
D400.contig270	8544	2	0
D400.contig271	8500	6	4
D400.contig272	8480	0	0
D400.contig273	8435	8	2
D400.contig274	8417	0	0
D400.contig275	8407	0	0
D400.contig276	8344	0	0
D400.contig277	8312	28	0
D400.contig278	8256	0	0
D400.contig279	8220	0	0
D400.contig280	8216	0	0
D400.contig281	8212	0	0
D400.contig282	8181	0	0
D400.contig283	8171	4	0
D400.contig284	8119	0	0
D400.contig285	8112	0	0
D400.contig286	8097	23	1
D400.contig287	8064	0	0
D400.contig288	8063	2	0
D400.contig289	7997	4	4
D400.contig290	7852	43	33
D400.contig291	7823	0	0
D400.contig292	7765	0	0
D400.contig293	7765	2	0
D400.contig294	7733	0	0
D400.contig295	7646	0	0
D400.contig296	7639	180	9
D400.contig297	7634	0	0
D400.contig298	7624	0	0
D400.contig299	7616	0	0
D400.contig300	7599	0	0
D400.contig301	7541	0	0
D400.contig302	7530	0	0
D400.contig303	7521	0	0
D400.contig304	7496	0	0
D400.contig305	7482	0	0
D400.contig306	7418	0	0
D400.contig307	7394	0	0
D400.contig308	7341	2	2
D400.contig309	7316	0	0
D400.contig310	7300	28	4
D400.contig311	7284	25	2
D400.contig312	7171	0	0
D400.contig313	7149	0	0
D400.contig314	7102	0	0
D400.contig315	7079	0	0
D400.contig316	7075	0	0
D400.contig317	7050	81	6
D400.contig318	7038	0	0
D400.contig319	6957	0	0
D400.contig320	6904	0	0
D400.contig321	6878	0	0
D400.contig322	6871	0	0
D400.contig323	6869	0	0
D400.contig324	6860	0	0
D400.contig325	6855	0	0
D400.contig326	6827	0	0
D400.contig327	6815	4	0
D400.contig328	6808	16	4
D400.contig329	6804	0	0
D400.contig330	6791	6	0
D400.contig331	6774	0	0
D400.contig332	6771	0	0
D400.contig333	6756	0	0
D400.contig334	6740	0	0
D400.contig335	6737	0	0
D400.contig336	6728	0	0
D400.contig337	6724	22	0
D400.contig338	6709	0	0
D400.contig339	6650	0	0
D400.contig340	6600	0	0
D400.contig341	6575	0	0
D400.contig342	6566	0	0
D400.contig343	6565	2	2
D400.contig344	6512	0	0
D400.contig345	6505	0	0
D400.contig346	6476	13	1
D400.contig347	6463	116	36
D400.contig348	6461	0	0
D400.contig349	6432	0	0
D400.contig350	6409	0	0
D400.contig351	6400	0	0
D400.contig352	6378	9	1
D400.contig353	6371	0	0
D400.contig354	6364	0	0
D400.contig355	6342	0	0
D400.contig356	6292	0	0
D400.contig357	6281	0	0
D400.contig358	6255	0	0
D400.contig359	6230	0	0
D400.contig360	6189	13	3
D400.contig361	6186	0	0
D400.contig362	6186	0	0
D400.contig363	6165	0	0
D400.contig364	6072	0	0
D400.contig365	6067	0	0
D400.contig366	6064	59	12
D400.contig367	6012	26	1
D400.contig368	6008	0	0
D400.contig369	5999	0	0
D400.contig370	5995	121	19
D400.contig371	5955	0	0
D400.contig372	5913	33	3
D400.contig373	5901	0	0
D400.contig374	5893	0	0
D400.contig375	5889	0	0
D400.contig376	5872	0	0
D400.contig377	5860	163	88
D400.contig378	5802	66	28
D400.contig379	5772	97	23
D400.contig380	5753	0	0
D400.contig381	5741	0	0
D400.contig382	5723	0	0
D400.contig383	5694	5164	225
D400.contig384	5639	0	0
D400.contig385	5568	0	0
D400.contig386	5567	0	0
D400.contig387	5514	0	0
D400.contig388	5477	0	0
D400.contig389	5473	0	0
D400.contig390	5442	0	0
D400.contig391	5436	0	0
D400.contig392	5412	0	0
D400.contig393	5408	0	0
D400.contig394	5385	0	0
D400.contig395	5368	14	3
D400.contig396	5365	0	0
D400.contig397	5330	0	0
D400.contig398	5303	0	0
D400.contig399	5278	0	0
D400.contig400	5277	0	0
D400.contig401	5252	0	0
D400.contig402	5242	0	0
D400.contig403	5222	4	0
D400.contig404	5185	0	0
D400.contig405	5157	0	0
D400.contig406	5151	1	1
D400.contig407	5146	0	0
D400.contig408	5141	0	0
D400.contig409	5133	2	0
D400.contig410	5093	0	0
D400.contig411	5058	0	0
D400.contig412	5054	141	81
D400.contig413	5045	0	0
D400.contig414	5038	878	104
D400.contig415	5037	0	0
D400.contig416	5019	0	0
D400.contig417	4991	326	200
D400.contig418	4987	0	0
D400.contig419	4977	2	0
D400.contig420	4972	0	0
D400.contig421	4967	0	0
D400.contig422	4965	0	0
D400.contig423	4948	0	0
D400.contig424	4936	0	0
D400.contig425	4924	0	0
D400.contig426	4903	90	7
D400.contig427	4902	0	0
D400.contig428	4896	0	0
D400.contig429	4873	0	0
D400.contig430	4862	0	0
D400.contig431	4860	1	0
D400.contig432	4851	0	0
D400.contig433	4848	0	0
D400.contig434	4838	0	0
D400.contig435	4826	0	0
D400.contig436	4810	1	1
D400.contig437	4798	0	0
D400.contig438	4798	0	0
D400.contig439	4773	0	0
D400.contig440	4770	0	0
D400.contig441	4757	0	0
D400.contig442	4750	19	6
D400.contig443	4741	0	0
D400.contig444	4736	5	2
D400.contig445	4682	0	0
D400.contig446	4682	0	0
D400.contig447	4676	2	2
D400.contig448	4666	0	0
D400.contig449	4663	0	0
D400.contig450	4630	0	0
D400.contig451	4614	0	0
D400.contig452	4613	0	0
D400.contig453	4606	55	9
D400.contig454	4595	109	9
D400.contig455	4558	0	0
D400.contig456	4557	2	0
D400.contig457	4553	0	0
D400.contig458	4547	2	2
D400.contig459	4547	0	0
D400.contig460	4524	231	42
D400.contig461	4514	0	0
D400.contig462	4497	0	0
D400.contig463	4480	0	0
D400.contig464	4474	0	0
D400.contig465	4470	0	0
D400.contig466	4463	65	28
D400.contig467	4439	0	0
D400.contig468	4432	0	0
D400.contig469	4418	0	0
D400.contig470	4408	0	0
D400.contig471	4407	0	0
D400.contig472	4398	0	0
D400.contig473	4386	0	0
D400.contig474	4378	0	0
D400.contig475	4353	0	0
D400.contig476	4332	0	0
D400.contig477	4305	0	0
D400.contig478	4289	28	4
D400.contig479	4284	14	10
D400.contig480	4268	0	0
D400.contig481	4254	0	0
D400.contig482	4249	6	2
D400.contig483	4240	6	6
D400.contig484	4202	0	0
D400.contig485	4199	0	0
D400.contig486	4180	0	0
D400.contig487	4140	34	2
D400.contig488	4138	2	0
D400.contig489	4090	0	0
D400.contig490	4068	0	0
D400.contig491	4066	7	4
D400.contig492	4061	0	0
D400.contig493	4055	0	0
D400.contig494	4032	0	0
D400.contig495	4029	0	0
D400.contig496	4006	0	0
D400.contig497	3992	147	52
D400.contig498	3988	0	0
D400.contig499	3980	0	0
D400.contig500	3963	7908	1559
D400.contig501	3956	0	0
D400.contig502	3953	0	0
D400.contig503	3922	253	31
D400.contig504	3922	0	0
D400.contig505	3915	0	0
D400.contig506	3910	5964	624
D400.contig507	3905	2	0
D400.contig508	3898	0	0
D400.contig509	3893	0	0
D400.contig510	3890	0	0
D400.contig511	3884	0	0
D400.contig512	3879	0	0
D400.contig513	3875	0	0
D400.contig514	3872	5	5
D400.contig515	3858	0	0
D400.contig516	3852	0	0
D400.contig517	3844	0	0
D400.contig518	3834	0	0
D400.contig519	3817	0	0
D400.contig520	3806	0	0
D400.contig521	3806	0	0
D400.contig522	3796	74	7
D400.contig523	3794	165	11
D400.contig524	3730	0	0
D400.contig525	3728	0	0
D400.contig526	3727	31	3
D400.contig527	3727	0	0
D400.contig528	3725	0	0
D400.contig529	3724	221	64
D400.contig530	3705	4	0
D400.contig531	3703	1	1
D400.contig532	3698	0	0
D400.contig533	3693	0	0
D400.contig534	3690	0	0
D400.contig535	3685	0	0
D400.contig536	3680	0	0
D400.contig537	3679	1	1
D400.contig538	3677	0	0
D400.contig539	3669	0	0
D400.contig540	3661	0	0
D400.contig541	3645	0	0
D400.contig542	3634	42	2
D400.contig543	3626	0	0
D400.contig544	3617	0	0
D400.contig545	3615	0	0
D400.contig546	3614	0	0
D400.contig547	3611	0	0
D400.contig548	3586	0	0
D400.contig549	3577	2	0
D400.contig550	3572	0	0
D400.contig551	3572	0	0
D400.contig552	3569	0	0
D400.contig553	3568	0	0
D400.contig554	3563	0	0
D400.contig555	3558	0	0
D400.contig556	3515	75	47
D400.contig557	3509	0	0
D400.contig558	3505	4	0
D400.contig559	3497	0	0
D400.contig560	3484	0	0
D400.contig561	3484	0	0
D400.contig562	3479	9	6
D400.contig563	3470	0	0
D400.contig564	3459	0	0
D400.contig565	3451	0	0
D400.contig566	3431	0	0
D400.contig567	3427	0	0
D400.contig568	3425	51	14
D400.contig569	3425	0	0
D400.contig570	3421	0	0
D400.contig571	3411	3466	293
D400.contig572	3380	1	1
D400.contig573	3376	0	0
D400.contig574	3375	0	0
D400.contig575	3369	1317	557
D400.contig576	3358	32	1
D400.contig577	3356	0	0
D400.contig578	3349	0	0
D400.contig579	3345	0	0
D400.contig580	3332	0	0
D400.contig581	3331	0	0
D400.contig582	3319	0	0
D400.contig583	3296	0	0
D400.contig584	3296	0	0
D400.contig585	3272	2947	188
D400.contig586	3271	3	1
D400.contig587	3257	7	1
D400.contig588	3232	0	0
D400.contig589	3221	0	0
D400.contig590	3220	0	0
D400.contig591	3216	0	0
D400.contig592	3215	120	8
D400.contig593	3214	2	2
D400.contig594	3206	0	0
D400.contig595	3200	0	0
D400.contig596	3194	5	1
D400.contig597	3191	0	0
D400.contig598	3187	0	0
D400.contig599	3182	0	0
D400.contig600	3177	2	0
D400.contig601	3174	0	0
D400.contig602	3172	0	0
D400.contig603	3161	2	2
D400.contig604	3158	0	0
D400.contig605	3151	0	0
D400.contig606	3148	0	0
D400.contig607	3145	0	0
D400.contig608	3142	0	0
D400.contig609	3140	0	0
D400.contig610	3140	0	0
D400.contig611	3140	0	0
D400.contig612	3123	0	0
D400.contig613	3117	0	0
D400.contig614	3109	0	0
D400.contig615	3104	0	0
D400.contig616	3103	7	1
D400.contig617	3097	0	0
D400.contig618	3094	0	0
D400.contig619	3084	0	0
D400.contig620	3065	0	0
D400.contig621	3064	0	0
D400.contig622	3057	0	0
D400.contig623	3048	0	0
D400.contig624	3048	0	0
D400.contig625	3047	0	0
D400.contig626	3041	0	0
D400.contig627	3034	0	0
D400.contig628	3022	0	0
D400.contig629	3012	0	0
D400.contig630	3011	0	0
*	0	0	6735802
