D400.contig1	209248	29453	673
D400.contig2	147782	21224	591
D400.contig3	132948	25138	584
D400.contig4	123723	7949	195
D400.contig5	116922	13660	216
D400.contig6	114224	7104	184
D400.contig7	106451	12853	273
D400.contig8	96575	3	1
D400.contig9	93689	11990	273
D400.contig10	92820	22736	426
D400.contig11	89105	7319	163
D400.contig12	88172	0	0
D400.contig13	86807	23579	510
D400.contig14	80566	636	190
D400.contig15	79674	6192	174
D400.contig16	74340	0	0
D400.contig17	72072	5883	137
D400.contig18	68113	5951	169
D400.contig19	63910	14474	359
D400.contig20	62331	16910	402
D400.contig21	62250	25420	560
D400.contig22	61718	6956	170
D400.contig23	61100	0	0
D400.contig24	60003	7853	203
D400.contig25	59451	9502	210
D400.contig26	59373	16221	500
D400.contig27	59117	8097	184
D400.contig28	58894	13262	272
D400.contig29	57427	0	0
D400.contig30	55433	0	0
D400.contig31	55080	16235	471
D400.contig32	54946	29309	761
D400.contig33	54813	4616	131
D400.contig34	53377	1	0
D400.contig35	51176	21768	793
D400.contig36	51028	7798	283
D400.contig37	49144	4344	95
D400.contig38	48607	5551	128
D400.contig39	48298	3242	70
D400.contig40	47965	6085	125
D400.contig41	47745	17840	498
D400.contig42	46248	13566	314
D400.contig43	45691	0	0
D400.contig44	43691	1	1
D400.contig45	43605	0	0
D400.contig46	43591	2497	74
D400.contig47	43417	4853	187
D400.contig48	42759	6323	179
D400.contig49	42358	3214	68
D400.contig50	41788	3086	61
D400.contig51	41662	0	0
D400.contig52	41366	9077	217
D400.contig53	41356	0	0
D400.contig54	41272	2	0
D400.contig55	41153	8014	184
D400.contig56	40632	0	0
D400.contig57	39959	0	0
D400.contig58	39944	2831	63
D400.contig59	39825	1810	52
D400.contig60	39529	0	0
D400.contig61	38516	6659	133
D400.contig62	38431	0	0
D400.contig63	38320	2323	80
D400.contig64	37227	1	0
D400.contig65	37209	0	0
D400.contig66	37165	2	0
D400.contig67	36903	1114	58
D400.contig68	36433	44307	1577
D400.contig69	36219	8430	177
D400.contig70	35260	3689	182
D400.contig71	35180	0	0
D400.contig72	34909	10799	311
D400.contig73	34689	6767	133
D400.contig74	33810	0	0
D400.contig75	33701	0	0
D400.contig76	33545	0	0
D400.contig77	33274	12127	295
D400.contig78	32887	14610	455
D400.contig79	32652	1980	37
D400.contig80	32545	44	0
D400.contig81	32396	7366	213
D400.contig82	32212	0	0
D400.contig83	32156	0	0
D400.contig84	32118	2403	48
D400.contig85	31892	7632	290
D400.contig86	31208	1918	43
D400.contig87	30749	3746	220
D400.contig88	30644	1322	34
D400.contig89	30370	2810	73
D400.contig90	29834	0	0
D400.contig91	29669	5210	133
D400.contig92	29398	13699	439
D400.contig93	29122	0	0
D400.contig94	28779	1228	52
D400.contig95	28659	3955	113
D400.contig96	28597	16403	467
D400.contig97	28478	5161	151
D400.contig98	27914	2064	69
D400.contig99	27805	0	0
D400.contig100	27229	1665	43
D400.contig101	27229	4292	98
D400.contig102	26887	2	0
D400.contig103	26740	9046	351
D400.contig104	26587	1	0
D400.contig105	26397	0	0
D400.contig106	26013	2507	83
D400.contig107	25434	16111	900
D400.contig108	25260	0	0
D400.contig109	25234	7656	192
D400.contig110	24280	47914	1486
D400.contig111	24175	1905	33
D400.contig112	24115	8831	382
D400.contig113	23803	51924	1644
D400.contig114	23704	46	23
D400.contig115	23293	4167	126
D400.contig116	23248	0	0
D400.contig117	23236	6949	238
D400.contig118	22723	15976	402
D400.contig119	22704	0	0
D400.contig120	22393	0	0
D400.contig121	22358	8899	216
D400.contig122	22254	360	7
D400.contig123	21934	1726	38
D400.contig124	21883	1319	17
D400.contig125	21608	1785	51
D400.contig126	21583	927	29
D400.contig127	21520	4556	261
D400.contig128	21462	0	0
D400.contig129	21358	4	0
D400.contig130	21343	13394	699
D400.contig131	21008	0	0
D400.contig132	20861	1656	60
D400.contig133	20561	5432	209
D400.contig134	19330	0	0
D400.contig135	18822	0	0
D400.contig136	18545	0	0
D400.contig137	18387	1325	22
D400.contig138	18264	0	0
D400.contig139	18220	0	0
D400.contig140	17965	420	18
D400.contig141	17927	5028	167
D400.contig142	17811	0	0
D400.contig143	17663	0	0
D400.contig144	17560	495	16
D400.contig145	17534	22632	651
D400.contig146	17267	3194	73
D400.contig147	17240	2884	106
D400.contig148	17038	0	0
D400.contig149	17035	1	0
D400.contig150	16967	7544	229
D400.contig151	16700	0	0
D400.contig152	16610	0	0
D400.contig153	16544	63	35
D400.contig154	16413	0	0
D400.contig155	16320	0	0
D400.contig156	16247	0	0
D400.contig157	16205	0	0
D400.contig158	16201	0	0
D400.contig159	16164	0	0
D400.contig160	15782	2206	106
D400.contig161	15690	0	0
D400.contig162	15544	5312	207
D400.contig163	15542	0	0
D400.contig164	15412	0	0
D400.contig165	15347	3383	103
D400.contig166	15326	0	0
D400.contig167	15323	7	7
D400.contig168	15244	2709	71
D400.contig169	15167	0	0
D400.contig170	15014	14	10
D400.contig171	14840	6599	302
D400.contig172	14663	0	0
D400.contig173	14606	0	0
D400.contig174	14408	0	0
D400.contig175	14361	0	0
D400.contig176	14204	0	0
D400.contig177	14196	62	18
D400.contig178	13913	12	0
D400.contig179	13780	442	6
D400.contig180	13699	8777	352
D400.contig181	13635	0	0
D400.contig182	13592	6491	216
D400.contig183	13424	8722	312
D400.contig184	13376	983	68
D400.contig185	13360	3677	172
D400.contig186	13057	0	0
D400.contig187	12894	490	16
D400.contig188	12799	8305	418
D400.contig189	12279	0	0
D400.contig190	12203	4872	885
D400.contig191	12188	0	0
D400.contig192	12081	0	0
D400.contig193	12045	5085	206
D400.contig194	11955	524	14
D400.contig195	11953	0	0
D400.contig196	11900	0	0
D400.contig197	11840	359	13
D400.contig198	11760	0	0
D400.contig199	11627	6	3
D400.contig200	11605	0	0
D400.contig201	11468	0	0
D400.contig202	11431	0	0
D400.contig203	11375	0	0
D400.contig204	11331	0	0
D400.contig205	11218	0	0
D400.contig206	11190	10560	425
D400.contig207	11043	0	0
D400.contig208	11032	1	1
D400.contig209	11012	298	31
D400.contig210	10962	415	10
D400.contig211	10877	2059	52
D400.contig212	10841	266	8
D400.contig213	10803	0	0
D400.contig214	10696	0	0
D400.contig215	10525	0	0
D400.contig216	10499	0	0
D400.contig217	10491	0	0
D400.contig218	10368	2860	137
D400.contig219	10190	0	0
D400.contig220	10186	0	0
D400.contig221	10168	0	0
D400.contig222	10139	0	0
D400.contig223	10138	509	24
D400.contig224	10109	0	0
D400.contig225	10095	18	10
D400.contig226	10088	0	0
D400.contig227	10088	0	0
D400.contig228	9898	0	0
D400.contig229	9848	0	0
D400.contig230	9840	0	0
D400.contig231	9801	0	0
D400.contig232	9746	0	0
D400.contig233	9718	20261	538
D400.contig234	9712	0	0
D400.contig235	9692	926	43
D400.contig236	9687	2	0
D400.contig237	9637	33	20
D400.contig238	9548	114	68
D400.contig239	9543	0	0
D400.contig240	9459	6235	288
D400.contig241	9440	0	0
D400.contig242	9377	0	0
D400.contig243	9361	1	1
D400.contig244	9329	9832	414
D400.contig245	9303	0	0
D400.contig246	9297	0	0
D400.contig247	9219	0	0
D400.contig248	9211	0	0
D400.contig249	9202	3449	106
D400.contig250	9184	0	0
D400.contig251	9174	0	0
D400.contig252	9110	37560	2142
D400.contig253	9109	421	27
D400.contig254	9104	0	0
D400.contig255	9103	0	0
D400.contig256	9096	0	0
D400.contig257	9087	0	0
D400.contig258	8979	2	0
D400.contig259	8920	0	0
D400.contig260	8888	0	0
D400.contig261	8858	0	0
D400.contig262	8818	0	0
D400.contig263	8744	1173	48
D400.contig264	8740	0	0
D400.contig265	8688	8	6
D400.contig266	8629	71	2
D400.contig267	8624	0	0
D400.contig268	8622	0	0
D400.contig269	8576	0	0
D400.contig270	8544	2	0
D400.contig271	8500	110	2
D400.contig272	8480	0	0
D400.contig273	8435	1538	113
D400.contig274	8417	381	9
D400.contig275	8407	0	0
D400.contig276	8344	0	0
D400.contig277	8312	359	27
D400.contig278	8256	2917	86
D400.contig279	8220	4	4
D400.contig280	8216	0	0
D400.contig281	8212	0	0
D400.contig282	8181	0	0
D400.contig283	8171	0	0
D400.contig284	8119	0	0
D400.contig285	8112	0	0
D400.contig286	8097	2224	56
D400.contig287	8064	0	0
D400.contig288	8063	669	50
D400.contig289	7997	0	0
D400.contig290	7852	0	0
D400.contig291	7823	0	0
D400.contig292	7765	0	0
D400.contig293	7765	0	0
D400.contig294	7733	405	21
D400.contig295	7646	1898	50
D400.contig296	7639	0	0
D400.contig297	7634	0	0
D400.contig298	7624	639	33
D400.contig299	7616	0	0
D400.contig300	7599	0	0
D400.contig301	7541	1	1
D400.contig302	7530	0	0
D400.contig303	7521	0	0
D400.contig304	7496	805	60
D400.contig305	7482	0	0
D400.contig306	7418	0	0
D400.contig307	7394	0	0
D400.contig308	7341	17980	766
D400.contig309	7316	0	0
D400.contig310	7300	1104	37
D400.contig311	7284	1	1
D400.contig312	7171	0	0
D400.contig313	7149	0	0
D400.contig314	7102	0	0
D400.contig315	7079	0	0
D400.contig316	7075	167	7
D400.contig317	7050	1	1
D400.contig318	7038	92	3
D400.contig319	6957	0	0
D400.contig320	6904	0	0
D400.contig321	6878	0	0
D400.contig322	6871	0	0
D400.contig323	6869	0	0
D400.contig324	6860	0	0
D400.contig325	6855	0	0
D400.contig326	6827	0	0
D400.contig327	6815	0	0
D400.contig328	6808	0	0
D400.contig329	6804	26	0
D400.contig330	6791	41	3
D400.contig331	6774	454	30
D400.contig332	6771	0	0
D400.contig333	6756	0	0
D400.contig334	6740	0	0
D400.contig335	6737	0	0
D400.contig336	6728	18784	1017
D400.contig337	6724	233	13
D400.contig338	6709	0	0
D400.contig339	6650	815	21
D400.contig340	6600	0	0
D400.contig341	6575	1630	68
D400.contig342	6566	0	0
D400.contig343	6565	2084	78
D400.contig344	6512	0	0
D400.contig345	6505	0	0
D400.contig346	6476	503	4
D400.contig347	6463	0	0
D400.contig348	6461	2	0
D400.contig349	6432	0	0
D400.contig350	6409	0	0
D400.contig351	6400	0	0
D400.contig352	6378	0	0
D400.contig353	6371	1	0
D400.contig354	6364	0	0
D400.contig355	6342	0	0
D400.contig356	6292	0	0
D400.contig357	6281	611	11
D400.contig358	6255	0	0
D400.contig359	6230	2319	52
D400.contig360	6189	1423	30
D400.contig361	6186	0	0
D400.contig362	6186	0	0
D400.contig363	6165	0	0
D400.contig364	6072	0	0
D400.contig365	6067	0	0
D400.contig366	6064	0	0
D400.contig367	6012	1810	32
D400.contig368	6008	0	0
D400.contig369	5999	0	0
D400.contig370	5995	2123	208
D400.contig371	5955	0	0
D400.contig372	5913	0	0
D400.contig373	5901	6834	327
D400.contig374	5893	318	5
D400.contig375	5889	3785	276
D400.contig376	5872	0	0
D400.contig377	5860	31	12
D400.contig378	5802	0	0
D400.contig379	5772	0	0
D400.contig380	5753	84	6
D400.contig381	5741	0	0
D400.contig382	5723	65	5
D400.contig383	5694	0	0
D400.contig384	5639	0	0
D400.contig385	5568	0	0
D400.contig386	5567	0	0
D400.contig387	5514	0	0
D400.contig388	5477	282	6
D400.contig389	5473	217	6
D400.contig390	5442	0	0
D400.contig391	5436	1	0
D400.contig392	5412	0	0
D400.contig393	5408	0	0
D400.contig394	5385	0	0
D400.contig395	5368	2391	147
D400.contig396	5365	0	0
D400.contig397	5330	2653	242
D400.contig398	5303	307	31
D400.contig399	5278	0	0
D400.contig400	5277	0	0
D400.contig401	5252	0	0
D400.contig402	5242	0	0
D400.contig403	5222	46	4
D400.contig404	5185	0	0
D400.contig405	5157	0	0
D400.contig406	5151	321	5
D400.contig407	5146	1692	68
D400.contig408	5141	0	0
D400.contig409	5133	7126	418
D400.contig410	5093	270	23
D400.contig411	5058	0	0
D400.contig412	5054	17	13
D400.contig413	5045	0	0
D400.contig414	5038	0	0
D400.contig415	5037	0	0
D400.contig416	5019	635	12
D400.contig417	4991	0	0
D400.contig418	4987	0	0
D400.contig419	4977	394	17
D400.contig420	4972	0	0
D400.contig421	4967	0	0
D400.contig422	4965	0	0
D400.contig423	4948	0	0
D400.contig424	4936	0	0
D400.contig425	4924	0	0
D400.contig426	4903	495238	25189
D400.contig427	4902	0	0
D400.contig428	4896	0	0
D400.contig429	4873	0	0
D400.contig430	4862	0	0
D400.contig431	4860	0	0
D400.contig432	4851	0	0
D400.contig433	4848	0	0
D400.contig434	4838	0	0
D400.contig435	4826	0	0
D400.contig436	4810	0	0
D400.contig437	4798	0	0
D400.contig438	4798	0	0
D400.contig439	4773	0	0
D400.contig440	4770	0	0
D400.contig441	4757	0	0
D400.contig442	4750	10428	757
D400.contig443	4741	0	0
D400.contig444	4736	9049	652
D400.contig445	4682	0	0
D400.contig446	4682	0	0
D400.contig447	4676	0	0
D400.contig448	4666	0	0
D400.contig449	4663	0	0
D400.contig450	4630	131	9
D400.contig451	4614	1	0
D400.contig452	4613	0	0
D400.contig453	4606	2542	295
D400.contig454	4595	125	5
D400.contig455	4558	0	0
D400.contig456	4557	3618	351
D400.contig457	4553	0	0
D400.contig458	4547	39	2
D400.contig459	4547	0	0
D400.contig460	4524	0	0
D400.contig461	4514	0	0
D400.contig462	4497	0	0
D400.contig463	4480	0	0
D400.contig464	4474	173	3
D400.contig465	4470	11	1
D400.contig466	4463	0	0
D400.contig467	4439	0	0
D400.contig468	4432	2	0
D400.contig469	4418	0	0
D400.contig470	4408	0	0
D400.contig471	4407	0	0
D400.contig472	4398	0	0
D400.contig473	4386	0	0
D400.contig474	4378	887	41
D400.contig475	4353	0	0
D400.contig476	4332	0	0
D400.contig477	4305	0	0
D400.contig478	4289	4	0
D400.contig479	4284	0	0
D400.contig480	4268	0	0
D400.contig481	4254	0	0
D400.contig482	4249	10537	859
D400.contig483	4240	0	0
D400.contig484	4202	0	0
D400.contig485	4199	67	13
D400.contig486	4180	0	0
D400.contig487	4140	0	0
D400.contig488	4138	0	0
D400.contig489	4090	0	0
D400.contig490	4068	0	0
D400.contig491	4066	1	0
D400.contig492	4061	0	0
D400.contig493	4055	284	15
D400.contig494	4032	0	0
D400.contig495	4029	0	0
D400.contig496	4006	0	0
D400.contig497	3992	0	0
D400.contig498	3988	0	0
D400.contig499	3980	0	0
D400.contig500	3963	1874	48
D400.contig501	3956	0	0
D400.contig502	3953	721	12
D400.contig503	3922	4387	650
D400.contig504	3922	1485	75
D400.contig505	3915	0	0
D400.contig506	3910	1648	121
D400.contig507	3905	0	0
D400.contig508	3898	0	0
D400.contig509	3893	0	0
D400.contig510	3890	0	0
D400.contig511	3884	0	0
D400.contig512	3879	0	0
D400.contig513	3875	0	0
D400.contig514	3872	0	0
D400.contig515	3858	1483	45
D400.contig516	3852	73	53
D400.contig517	3844	13545	762
D400.contig518	3834	57	6
D400.contig519	3817	0	0
D400.contig520	3806	0	0
D400.contig521	3806	0	0
D400.contig522	3796	312	14
D400.contig523	3794	0	0
D400.contig524	3730	0	0
D400.contig525	3728	0	0
D400.contig526	3727	0	0
D400.contig527	3727	0	0
D400.contig528	3725	0	0
D400.contig529	3724	0	0
D400.contig530	3705	4314	377
D400.contig531	3703	88	56
D400.contig532	3698	124	3
D400.contig533	3693	0	0
D400.contig534	3690	0	0
D400.contig535	3685	1042	29
D400.contig536	3680	0	0
D400.contig537	3679	170	1
D400.contig538	3677	0	0
D400.contig539	3669	0	0
D400.contig540	3661	0	0
D400.contig541	3645	0	0
D400.contig542	3634	2	0
D400.contig543	3626	0	0
D400.contig544	3617	0	0
D400.contig545	3615	0	0
D400.contig546	3614	612	10
D400.contig547	3611	0	0
D400.contig548	3586	0	0
D400.contig549	3577	609	44
D400.contig550	3572	0	0
D400.contig551	3572	0	0
D400.contig552	3569	0	0
D400.contig553	3568	0	0
D400.contig554	3563	0	0
D400.contig555	3558	0	0
D400.contig556	3515	0	0
D400.contig557	3509	0	0
D400.contig558	3505	58	6
D400.contig559	3497	0	0
D400.contig560	3484	0	0
D400.contig561	3484	0	0
D400.contig562	3479	1583	36
D400.contig563	3470	2329	47
D400.contig564	3459	237	7
D400.contig565	3451	0	0
D400.contig566	3431	0	0
D400.contig567	3427	0	0
D400.contig568	3425	10414	1037
D400.contig569	3425	0	0
D400.contig570	3421	0	0
D400.contig571	3411	163	11
D400.contig572	3380	121	5
D400.contig573	3376	0	0
D400.contig574	3375	0	0
D400.contig575	3369	0	0
D400.contig576	3358	0	0
D400.contig577	3356	0	0
D400.contig578	3349	0	0
D400.contig579	3345	0	0
D400.contig580	3332	0	0
D400.contig581	3331	0	0
D400.contig582	3319	198	16
D400.contig583	3296	0	0
D400.contig584	3296	0	0
D400.contig585	3272	0	0
D400.contig586	3271	3622	330
D400.contig587	3257	0	0
D400.contig588	3232	0	0
D400.contig589	3221	0	0
D400.contig590	3220	0	0
D400.contig591	3216	0	0
D400.contig592	3215	0	0
D400.contig593	3214	3657	366
D400.contig594	3206	298	8
D400.contig595	3200	227	4
D400.contig596	3194	3345	328
D400.contig597	3191	0	0
D400.contig598	3187	0	0
D400.contig599	3182	0	0
D400.contig600	3177	0	0
D400.contig601	3174	0	0
D400.contig602	3172	9	3
D400.contig603	3161	0	0
D400.contig604	3158	0	0
D400.contig605	3151	0	0
D400.contig606	3148	0	0
D400.contig607	3145	94	10
D400.contig608	3142	0	0
D400.contig609	3140	0	0
D400.contig610	3140	206	5
D400.contig611	3140	2045	147
D400.contig612	3123	0	0
D400.contig613	3117	47	2
D400.contig614	3109	0	0
D400.contig615	3104	0	0
D400.contig616	3103	366	9
D400.contig617	3097	0	0
D400.contig618	3094	0	0
D400.contig619	3084	0	0
D400.contig620	3065	0	0
D400.contig621	3064	0	0
D400.contig622	3057	0	0
D400.contig623	3048	1	0
D400.contig624	3048	14	2
D400.contig625	3047	0	0
D400.contig626	3041	0	0
D400.contig627	3034	0	0
D400.contig628	3022	0	0
D400.contig629	3012	189	5
D400.contig630	3011	197	9
*	0	0	513842
