DB.contig1	14208	60823	14837
DB.contig2	12501	59476	14768
DB.contig3	10448	39943	6630
DB.contig4	10138	16847	4286
DB.contig5	9154	40801	7468
DB.contig6	8234	19280	4072
DB.contig7	8206	59768	13981
DB.contig8	7978	2993	693
DB.contig9	7452	58981	10483
DB.contig10	6564	34453	8337
DB.contig11	6401	47305	9781
DB.contig12	6155	35302	7142
DB.contig13	5986	53603	12284
DB.contig14	5038	19089844	3119897
DB.contig15	4828	20463	4110
DB.contig16	4708	9567	2551
DB.contig17	4367	28473	5973
DB.contig18	4236	24201	3837
DB.contig19	4150	8498	1775
DB.contig20	3848	46456	11222
DB.contig21	3496	22874	4381
DB.contig22	3457	15443	2667
DB.contig23	3427	20594	4742
DB.contig24	3290	19217	4988
DB.contig25	3211	31751	6715
DB.contig26	3199	25934	5449
DB.contig27	3115	1367	454
DB.contig28	3078	11858	2743
DB.contig29	2896	252718	125846
DB.contig30	2821	6090	1114
DB.contig31	2788	15936	3688
DB.contig32	2762	7388	1438
DB.contig33	2694	4470	1364
DB.contig34	2638	296476	37172
DB.contig35	2498	11187	2846
DB.contig36	2477	13731	3317
DB.contig37	2476	6959	1293
DB.contig38	2381	4230	954
DB.contig39	2333	252	126
DB.contig40	2324	1017	322
DB.contig41	2261	277	72
DB.contig42	2123	8906	1633
DB.contig43	2116	2402	766
DB.contig44	2105	9434	1659
DB.contig45	2097	6625	1493
DB.contig46	2085	4167	330
DB.contig47	2060	16022	3746
DB.contig48	2040	5081	1246
DB.contig49	2038	25028	6619
DB.contig50	2025	400	138
DB.contig51	1996	5455	1583
DB.contig52	1910	168	64
DB.contig53	1895	936	243
DB.contig54	1851	10252	2221
DB.contig55	1813	8847	1457
DB.contig56	1806	614	152
DB.contig57	1762	5074	1264
DB.contig58	1752	56034	13174
DB.contig59	1739	3082	962
DB.contig60	1731	10914	2038
DB.contig61	1731	513	102
DB.contig62	1706	793	221
DB.contig63	1689	2636	736
DB.contig64	1646	2833	778
DB.contig65	1643	4374	982
DB.contig66	1598	3128	825
DB.contig67	1593	4679	1017
DB.contig68	1578	1632	336
DB.contig69	1578	2711	481
DB.contig70	1562	9834	2930
DB.contig71	1553	6209	1208
DB.contig72	1531	368	104
DB.contig73	1528	2795	566
DB.contig74	1522	1066	279
DB.contig75	1513	10298	2300
DB.contig76	1476	367	102
DB.contig77	1436	3956	1098
DB.contig78	1421	4567	1274
DB.contig79	1413	100	53
DB.contig80	1353	5422	1050
DB.contig81	1346	2660	393
DB.contig82	1302	1428	150
DB.contig83	1261	525	144
DB.contig84	1245	2027	411
DB.contig85	1241	2875	468
DB.contig86	1238	40522	6707
DB.contig87	1188	4536	1368
DB.contig88	1183	1706	247
DB.contig89	1170	2627	584
DB.contig90	1157	277	62
DB.contig91	1135	2439	614
DB.contig92	1113	5094	1057
DB.contig93	1109	3297	734
DB.contig94	1108	6924	2022
DB.contig95	1103	7873	1832
DB.contig96	1103	3980	727
DB.contig97	1100	53	31
DB.contig98	1094	1529	367
DB.contig99	1082	2406	675
DB.contig100	1075	34699	6349
DB.contig101	1068	2283	366
DB.contig102	1056	11845	3247
DB.contig103	1055	4459	1142
DB.contig104	1052	2441	763
DB.contig105	1046	10824	2970
DB.contig106	1035	2127	525
DB.contig107	1032	1507	450
DB.contig108	1024	109389	44392
DB.contig109	1021	12949	3272
DB.contig110	1013	230	59
DB.contig111	1010	3031	461
DB.contig112	1005	6541	1735
DB.contig113	1005	3640	853
DB.contig114	997	4284	854
DB.contig115	973	3306	598
DB.contig116	958	2829	625
DB.contig117	958	5702	1105
DB.contig118	946	65	30
DB.contig119	934	12082	2839
DB.contig120	926	4556	1120
DB.contig121	924	2984	937
DB.contig122	920	4579	783
DB.contig123	913	2456	619
DB.contig124	907	992	215
DB.contig125	905	4793	1577
DB.contig126	904	2230	405
DB.contig127	898	4192	986
DB.contig128	898	1417	329
DB.contig129	894	544	127
DB.contig130	889	2202	628
DB.contig131	888	2256	468
DB.contig132	886	1693	703
DB.contig133	885	385	111
DB.contig134	885	2166	436
DB.contig135	883	832	170
DB.contig136	873	4695	1105
DB.contig137	864	1977	410
DB.contig138	856	250	60
DB.contig139	842	172	57
DB.contig140	841	928	200
DB.contig141	837	2299	594
DB.contig142	835	541	158
DB.contig143	834	1264	441
DB.contig144	821	2566	708
DB.contig145	819	1240	289
DB.contig146	815	2920	343
DB.contig147	812	2396	585
DB.contig148	804	15602	9293
DB.contig149	800	3325	655
DB.contig150	794	1340	381
DB.contig151	794	65	22
DB.contig152	781	1390	302
DB.contig153	780	2345	454
DB.contig154	778	1345	321
DB.contig155	777	598	175
DB.contig156	777	1169	252
DB.contig157	774	146	42
DB.contig158	770	1415	466
DB.contig159	765	650	213
DB.contig160	761	981	229
DB.contig161	758	3519	790
DB.contig162	758	3340	674
DB.contig163	742	13039	9391
DB.contig164	741	4281	1103
DB.contig165	738	351	118
DB.contig166	735	713	154
DB.contig167	730	4999	1516
DB.contig168	727	5199	1363
DB.contig169	726	1517	379
DB.contig170	721	1985	525
DB.contig171	721	1510	361
DB.contig172	720	868	207
DB.contig173	719	1733	325
DB.contig174	719	1427	511
DB.contig175	718	5111	1408
DB.contig176	717	3933	734
DB.contig177	716	1193	278
DB.contig178	712	34	18
DB.contig179	705	41	12
DB.contig180	704	1083	277
DB.contig181	702	6075	1622
DB.contig182	700	255	184
DB.contig183	698	153	40
DB.contig184	696	1458	541
DB.contig185	695	655	237
DB.contig186	695	1863	532
DB.contig187	695	911	293
DB.contig188	694	583	158
DB.contig189	692	4846	1000
DB.contig190	690	1239	280
DB.contig191	681	60	28
DB.contig192	680	34	10
DB.contig193	677	1016	223
DB.contig194	676	2023	342
DB.contig195	673	2379	814
DB.contig196	673	3040	681
DB.contig197	671	1706	406
DB.contig198	670	536	174
DB.contig199	668	434	142
DB.contig200	664	2007	342
DB.contig201	656	9331	1612
DB.contig202	656	2960	792
DB.contig203	655	1054	267
DB.contig204	653	541	153
DB.contig205	644	1110	247
DB.contig206	640	1031	288
DB.contig207	640	140	37
DB.contig208	637	1043	291
DB.contig209	632	4072	1052
DB.contig210	628	334	99
DB.contig211	628	721	84
DB.contig212	625	1476	396
DB.contig213	619	1792	419
DB.contig214	617	126	22
DB.contig215	616	742	265
DB.contig216	615	90	27
DB.contig217	613	536	171
DB.contig218	612	64	13
DB.contig219	612	130	45
DB.contig220	611	28	11
DB.contig221	610	1964	634
DB.contig222	608	49	24
DB.contig223	607	912	225
DB.contig224	597	356	102
DB.contig225	595	190	68
DB.contig226	594	2647	726
DB.contig227	592	482	132
DB.contig228	588	1357	398
DB.contig229	588	959	206
DB.contig230	588	760	218
DB.contig231	586	33	18
DB.contig232	584	1188	387
DB.contig233	583	1111	309
DB.contig234	582	20	10
DB.contig235	581	1032	325
DB.contig236	580	801	324
DB.contig237	578	216	68
DB.contig238	572	920	175
DB.contig239	570	156	68
DB.contig240	562	5937	1787
DB.contig241	562	557	164
DB.contig242	560	787	259
DB.contig243	554	935	286
DB.contig244	550	367	88
DB.contig245	548	1979	579
DB.contig246	547	1022	306
DB.contig247	546	2146	760
DB.contig248	542	1511	364
DB.contig249	540	2244	765
DB.contig250	540	1915	596
DB.contig251	540	1362	466
DB.contig252	537	1232	484
DB.contig253	533	752	226
DB.contig254	525	1496	519
DB.contig255	524	1117	423
DB.contig256	521	237	80
DB.contig257	520	1392	431
DB.contig258	519	1291	394
DB.contig259	519	636	160
DB.contig260	516	1079	350
DB.contig261	516	1041	488
DB.contig262	515	2670	1072
DB.contig263	515	156	52
DB.contig264	511	8262	1197
DB.contig265	509	221	69
DB.contig266	503	436	78
DB.contig267	502	636	199
DB.contig268	493	398	69
DB.contig269	493	420	90
DB.contig270	492	379	104
DB.contig271	492	299	48
DB.contig272	492	368	86
DB.contig273	492	1431	535
DB.contig274	491	1101	388
DB.contig275	490	1086	489
DB.contig276	489	297	65
DB.contig277	488	187	56
DB.contig278	485	20	11
DB.contig279	485	255	106
DB.contig280	484	1248	369
DB.contig281	484	1033	333
DB.contig282	482	1071	387
DB.contig283	480	935	197
DB.contig284	480	1892	729
DB.contig285	479	1202	359
DB.contig286	479	403	129
DB.contig287	479	39	22
DB.contig288	475	591	236
DB.contig289	475	955	275
DB.contig290	474	2177	438
DB.contig291	474	1023	289
DB.contig292	474	1751	568
DB.contig293	472	1410	313
DB.contig294	471	2594	484
DB.contig295	470	611	264
DB.contig296	469	1684	443
DB.contig297	469	791	237
DB.contig298	466	875	218
DB.contig299	466	154	40
DB.contig300	465	1381	380
DB.contig301	465	220	38
DB.contig302	464	1385	437
DB.contig303	464	2009	528
DB.contig304	463	1165	426
DB.contig305	462	1120	234
DB.contig306	460	957	288
DB.contig307	459	1779	547
DB.contig308	458	21	18
DB.contig309	456	900	411
DB.contig310	455	517	173
DB.contig311	454	1025	341
DB.contig312	453	126	43
DB.contig313	453	1176	419
DB.contig314	453	640	161
DB.contig315	452	275	139
DB.contig316	452	235	51
DB.contig317	451	3133	2070
DB.contig318	451	341	81
DB.contig319	451	469	105
DB.contig320	450	443	125
DB.contig321	449	1044	307
DB.contig322	449	813	327
DB.contig323	448	882	208
DB.contig324	446	527	154
DB.contig325	445	2132	771
DB.contig326	445	560	213
DB.contig327	445	3013	962
DB.contig328	443	2364	247
DB.contig329	443	506	143
DB.contig330	442	222	61
DB.contig331	442	1251	367
DB.contig332	441	339	58
DB.contig333	440	608	175
DB.contig334	439	1458	315
DB.contig335	439	828	155
DB.contig336	438	505	208
DB.contig337	437	232	96
DB.contig338	437	1255	203
DB.contig339	435	597	163
DB.contig340	435	1226	305
DB.contig341	434	1186	229
DB.contig342	434	1429	517
DB.contig343	432	18	10
DB.contig344	430	1003	309
DB.contig345	429	1475	324
DB.contig346	429	1079	333
DB.contig347	427	139	57
DB.contig348	425	14	5
DB.contig349	424	555	156
DB.contig350	422	769	237
DB.contig351	422	726	248
DB.contig352	422	179	46
DB.contig353	421	277	115
DB.contig354	419	73	21
DB.contig355	419	123	36
DB.contig356	418	795	186
DB.contig357	417	621	182
DB.contig358	416	441	99
DB.contig359	416	819	253
DB.contig360	416	589	154
DB.contig361	415	501	183
DB.contig362	414	179	66
DB.contig363	412	15	4
DB.contig364	412	2691	777
DB.contig365	412	109	40
DB.contig366	411	183	50
DB.contig367	409	130	40
DB.contig368	408	1046	281
DB.contig369	407	9	5
DB.contig370	406	3415	887
DB.contig371	405	1821	294
DB.contig372	404	11	3
DB.contig373	404	1012	442
DB.contig374	404	1114	238
DB.contig375	404	79	27
DB.contig376	404	3971	1174
DB.contig377	403	18	7
DB.contig378	401	458	177
DB.contig379	401	244	59
DB.contig380	399	633	200
DB.contig381	399	1259	336
DB.contig382	398	973	444
DB.contig383	398	6457	1520
DB.contig384	395	618	306
DB.contig385	394	370	110
DB.contig386	394	784	215
DB.contig387	394	241	58
DB.contig388	394	1050	463
DB.contig389	394	89	27
DB.contig390	393	2005	666
DB.contig391	393	33551	23555
DB.contig392	393	800	194
DB.contig393	393	594	140
DB.contig394	393	1013	330
DB.contig395	392	184	56
DB.contig396	391	823	199
DB.contig397	390	176	36
DB.contig398	390	331	105
DB.contig399	389	733	283
DB.contig400	389	22	10
DB.contig401	388	393	122
DB.contig402	387	450	97
DB.contig403	387	626	173
DB.contig404	386	309	117
DB.contig405	386	900	249
DB.contig406	386	1781	334
DB.contig407	386	614	229
DB.contig408	385	26	6
DB.contig409	385	342	93
DB.contig410	385	193	58
DB.contig411	384	229	85
DB.contig412	384	392	153
DB.contig413	383	589	185
DB.contig414	383	1367	459
DB.contig415	383	286	96
DB.contig416	383	84	24
DB.contig417	382	630	199
DB.contig418	382	380	115
DB.contig419	381	1395	344
DB.contig420	380	901	418
DB.contig421	380	1496	561
DB.contig422	380	1617	470
DB.contig423	379	58	17
DB.contig424	378	529	129
DB.contig425	378	475	137
DB.contig426	378	262	120
DB.contig427	377	910	166
DB.contig428	377	3270	1082
DB.contig429	377	284	58
DB.contig430	377	99	35
DB.contig431	377	434	99
DB.contig432	376	1419	526
DB.contig433	376	1835	508
DB.contig434	376	364	108
DB.contig435	376	104	38
DB.contig436	375	428	73
DB.contig437	375	202	49
DB.contig438	375	2017	563
DB.contig439	375	556	172
DB.contig440	373	578	212
DB.contig441	372	681	180
DB.contig442	371	3503	1002
DB.contig443	368	1354	388
DB.contig444	368	346	89
DB.contig445	368	76	33
DB.contig446	368	946	244
DB.contig447	367	220	82
DB.contig448	367	938	434
DB.contig449	366	569	125
DB.contig450	366	851	243
DB.contig451	366	2276	1406
DB.contig452	365	104	34
DB.contig453	365	117	30
DB.contig454	365	195	41
DB.contig455	364	823	218
DB.contig456	364	1064	211
DB.contig457	364	1199	374
DB.contig458	363	125	25
DB.contig459	363	333	83
DB.contig460	363	1442	741
DB.contig461	362	673	333
DB.contig462	362	3456	983
DB.contig463	362	213	74
DB.contig464	362	363	113
DB.contig465	361	217	83
DB.contig466	361	135	49
DB.contig467	361	116	43
DB.contig468	359	159	80
DB.contig469	358	69	19
DB.contig470	358	714	153
DB.contig471	358	430	162
DB.contig472	354	664	115
DB.contig473	354	956	452
DB.contig474	354	1838	589
DB.contig475	353	1597	520
DB.contig476	353	1442	399
DB.contig477	352	363	115
DB.contig478	352	177	71
DB.contig479	351	152	74
DB.contig480	350	28	10
DB.contig481	350	392	95
DB.contig482	350	1926	462
DB.contig483	349	1004	209
DB.contig484	349	211	72
DB.contig485	349	217	99
DB.contig486	349	51	15
DB.contig487	348	432	194
DB.contig488	347	849	191
DB.contig489	345	857	176
DB.contig490	345	226	81
DB.contig491	344	480	119
DB.contig492	344	120	71
DB.contig493	344	366	102
DB.contig494	344	260	97
DB.contig495	343	150	37
DB.contig496	342	1408	537
DB.contig497	342	1759	520
DB.contig498	341	436	134
DB.contig499	341	592	194
DB.contig500	340	605	190
DB.contig501	338	85	26
DB.contig502	337	1027	198
DB.contig503	337	833	259
DB.contig504	337	341	120
DB.contig505	337	1127	458
DB.contig506	337	648	173
DB.contig507	337	11	8
DB.contig508	337	520	198
DB.contig509	336	1228	193
DB.contig510	336	646	177
DB.contig511	335	21	9
DB.contig512	335	159	57
DB.contig513	335	760	222
DB.contig514	334	93	31
DB.contig515	334	355	86
DB.contig516	334	379	129
DB.contig517	334	250	106
DB.contig518	334	601	285
DB.contig519	333	117	16
DB.contig520	333	1118	536
DB.contig521	333	706	329
DB.contig522	333	1110	284
DB.contig523	333	730	268
DB.contig524	333	495	233
DB.contig525	333	144	51
DB.contig526	332	842	389
DB.contig527	331	164	39
DB.contig528	329	415	121
DB.contig529	329	222	55
DB.contig530	328	225	76
DB.contig531	328	278	122
DB.contig532	328	315	79
DB.contig533	327	197	31
DB.contig534	326	298	89
DB.contig535	326	321	108
DB.contig536	326	750	320
DB.contig537	325	470	97
DB.contig538	325	192	20
DB.contig539	324	681	301
DB.contig540	324	593	163
DB.contig541	323	267	87
DB.contig542	323	386	155
DB.contig543	322	568	145
DB.contig544	322	5473	1139
DB.contig545	321	101	41
DB.contig546	321	755	292
DB.contig547	321	185	78
DB.contig548	320	770	323
DB.contig549	320	295	120
DB.contig550	320	412	124
DB.contig551	319	88	22
DB.contig552	319	606	194
DB.contig553	319	464	322
DB.contig554	318	95	46
DB.contig555	318	612	131
DB.contig556	318	707	145
DB.contig557	318	934	193
DB.contig558	318	1097	328
DB.contig559	318	68	33
DB.contig560	317	354	75
DB.contig561	316	524	166
DB.contig562	316	163	41
DB.contig563	316	1339	408
DB.contig564	315	1387	586
DB.contig565	315	1843	503
DB.contig566	315	76	32
DB.contig567	315	71	19
DB.contig568	314	506	90
DB.contig569	314	281	75
DB.contig570	313	459	156
DB.contig571	313	306	137
DB.contig572	312	308	111
DB.contig573	311	97	32
DB.contig574	311	150	34
DB.contig575	310	1484	339
DB.contig576	309	806	173
DB.contig577	309	291	152
DB.contig578	309	1175	300
DB.contig579	308	529	232
DB.contig580	308	378	78
DB.contig581	307	797	330
DB.contig582	307	181	103
DB.contig583	307	1034	221
DB.contig584	307	339	136
DB.contig585	307	653	324
DB.contig586	307	248	133
DB.contig587	306	98	29
DB.contig588	306	95	29
DB.contig589	306	292	103
DB.contig590	305	1662	500
DB.contig591	305	257	68
DB.contig592	305	183	52
DB.contig593	303	416	196
DB.contig594	303	557	221
DB.contig595	303	164	69
DB.contig596	303	119	39
DB.contig597	302	941	273
DB.contig598	302	619	167
DB.contig599	302	289	80
DB.contig600	302	858	206
DB.contig601	301	211	60
DB.contig602	301	406	152
DB.contig603	300	829	308
DB.contig604	300	166	73
DB.contig605	300	744	182
*	0	0	74905952
