R3330.contig1	2244	2	0
R3330.contig2	1599	2028834	358384
R3330.contig3	1487	975	20
R3330.contig4	1069	895	71
R3330.contig5	978	877	48
R3330.contig6	859	443275	168301
R3330.contig7	831	920274	187153
R3330.contig8	762	10080	4481
R3330.contig9	638	9008	81
R3330.contig10	599	7738	3820
R3330.contig11	552	701939	131094
R3330.contig12	543	138772	23147
R3330.contig13	539	24111	7916
R3330.contig14	512	1779146	419783
R3330.contig15	485	216478	67315
R3330.contig16	419	0	0
R3330.contig17	413	455	23
R3330.contig18	376	131691	40119
R3330.contig19	368	0	0
R3330.contig20	345	91619	36970
R3330.contig21	336	0	0
R3330.contig22	334	79963	9565
R3330.contig23	330	9419	3357
R3330.contig24	300	11	2
*	0	0	19300886
