D359.contig1	90888	0	0
D359.contig2	86815	0	0
D359.contig3	75137	0	0
D359.contig4	68570	0	0
D359.contig5	62724	0	0
D359.contig6	61672	0	0
D359.contig7	59824	0	0
D359.contig8	56692	0	0
D359.contig9	52250	0	0
D359.contig10	50133	0	0
D359.contig11	41149	0	0
D359.contig12	41072	0	0
D359.contig13	40939	0	0
D359.contig14	40169	0	0
D359.contig15	40042	35218	339
D359.contig16	39151	0	0
D359.contig17	37448	0	0
D359.contig18	36517	0	0
D359.contig19	35234	0	0
D359.contig20	34568	4	0
D359.contig21	34316	0	0
D359.contig22	32309	0	0
D359.contig23	30526	0	0
D359.contig24	29944	0	0
D359.contig25	29413	0	0
D359.contig26	28766	0	0
D359.contig27	28715	6	0
D359.contig28	28490	0	0
D359.contig29	28232	0	0
D359.contig30	27850	0	0
D359.contig31	27029	0	0
D359.contig32	26951	0	0
D359.contig33	26577	0	0
D359.contig34	24368	0	0
D359.contig35	24034	15911	335
D359.contig36	23954	116779	1310
D359.contig37	23835	0	0
D359.contig38	23380	0	0
D359.contig39	23164	0	0
D359.contig40	22881	0	0
D359.contig41	22635	0	0
D359.contig42	22477	0	0
D359.contig43	22024	0	0
D359.contig44	21646	14366	183
D359.contig45	21535	0	0
D359.contig46	20503	0	0
D359.contig47	20487	0	0
D359.contig48	20336	0	0
D359.contig49	20165	0	0
D359.contig50	19954	0	0
D359.contig51	19940	0	0
D359.contig52	19935	0	0
D359.contig53	19628	0	0
D359.contig54	19588	0	0
D359.contig55	19507	0	0
D359.contig56	19337	5772	92
D359.contig57	18907	0	0
D359.contig58	18689	2021	36
D359.contig59	18652	0	0
D359.contig60	18492	21946	370
D359.contig61	18283	0	0
D359.contig62	17846	0	0
D359.contig63	17446	0	0
D359.contig64	17430	0	0
D359.contig65	17053	0	0
D359.contig66	16531	0	0
D359.contig67	16440	0	0
D359.contig68	16262	0	0
D359.contig69	15838	0	0
D359.contig70	15801	0	0
D359.contig71	15797	0	0
D359.contig72	15750	0	0
D359.contig73	15743	0	0
D359.contig74	14890	0	0
D359.contig75	14791	6096	182
D359.contig76	14749	5	5
D359.contig77	14629	5967	109
D359.contig78	14494	4	0
D359.contig79	14448	0	0
D359.contig80	14394	0	0
D359.contig81	14387	0	0
D359.contig82	14317	0	0
D359.contig83	14005	0	0
D359.contig84	13955	1	1
D359.contig85	13931	0	0
D359.contig86	13869	0	0
D359.contig87	13859	899	28
D359.contig88	13852	7118	122
D359.contig89	13629	0	0
D359.contig90	13521	0	0
D359.contig91	13298	0	0
D359.contig92	13232	0	0
D359.contig93	13176	0	0
D359.contig94	13089	1882	36
D359.contig95	12761	2543	56
D359.contig96	12760	0	0
D359.contig97	12693	0	0
D359.contig98	12409	0	0
D359.contig99	12400	0	0
D359.contig100	12307	0	0
D359.contig101	12295	0	0
D359.contig102	12241	0	0
D359.contig103	12219	0	0
D359.contig104	12206	8248	116
D359.contig105	12138	0	0
D359.contig106	12124	69321	1840
D359.contig107	12071	1894	27
D359.contig108	12055	5629	141
D359.contig109	12002	0	0
D359.contig110	11852	0	0
D359.contig111	11820	0	0
D359.contig112	11779	0	0
D359.contig113	11709	0	0
D359.contig114	11630	0	0
D359.contig115	11628	3750	78
D359.contig116	11530	0	0
D359.contig117	11452	0	0
D359.contig118	11448	0	0
D359.contig119	11291	0	0
D359.contig120	11277	2427	41
D359.contig121	11252	0	0
D359.contig122	11143	0	0
D359.contig123	11115	0	0
D359.contig124	11063	0	0
D359.contig125	11025	9013	65
D359.contig126	11005	0	0
D359.contig127	10939	0	0
D359.contig128	10837	0	0
D359.contig129	10784	0	0
D359.contig130	10774	13038	324
D359.contig131	10680	0	0
D359.contig132	10665	0	0
D359.contig133	10557	8978	137
D359.contig134	10482	0	0
D359.contig135	10417	0	0
D359.contig136	10384	0	0
D359.contig137	10316	0	0
D359.contig138	10268	1001	47
D359.contig139	10200	0	0
D359.contig140	10193	0	0
D359.contig141	10191	0	0
D359.contig142	10184	0	0
D359.contig143	10059	0	0
D359.contig144	9993	0	0
D359.contig145	9988	0	0
D359.contig146	9959	0	0
D359.contig147	9845	0	0
D359.contig148	9781	0	0
D359.contig149	9644	1419	77
D359.contig150	9635	0	0
D359.contig151	9592	0	0
D359.contig152	9568	0	0
D359.contig153	9553	0	0
D359.contig154	9518	0	0
D359.contig155	9514	0	0
D359.contig156	9439	0	0
D359.contig157	9382	0	0
D359.contig158	9334	0	0
D359.contig159	9332	2331	53
D359.contig160	9304	0	0
D359.contig161	9211	0	0
D359.contig162	9161	1	0
D359.contig163	9151	30450	1094
D359.contig164	9102	1	0
D359.contig165	9075	0	0
D359.contig166	9056	0	0
D359.contig167	9035	0	0
D359.contig168	9030	347883	10128
D359.contig169	9009	0	0
D359.contig170	8999	0	0
D359.contig171	8950	3612	50
D359.contig172	8911	0	0
D359.contig173	8803	0	0
D359.contig174	8780	0	0
D359.contig175	8687	0	0
D359.contig176	8683	0	0
D359.contig177	8647	11794	596
D359.contig178	8646	0	0
D359.contig179	8613	57955	1216
D359.contig180	8612	0	0
D359.contig181	8458	0	0
D359.contig182	8445	9219	337
D359.contig183	8388	0	0
D359.contig184	8362	0	0
D359.contig185	8349	0	0
D359.contig186	8290	0	0
D359.contig187	8238	0	0
D359.contig188	8209	0	0
D359.contig189	8203	0	0
D359.contig190	8141	1705	35
D359.contig191	8094	6051	153
D359.contig192	8060	0	0
D359.contig193	8041	0	0
D359.contig194	8037	0	0
D359.contig195	7992	0	0
D359.contig196	7898	2282	42
D359.contig197	7823	1298	13
D359.contig198	7811	0	0
D359.contig199	7718	0	0
D359.contig200	7636	0	0
D359.contig201	7604	0	0
D359.contig202	7557	0	0
D359.contig203	7529	0	0
D359.contig204	7494	0	0
D359.contig205	7460	0	0
D359.contig206	7399	0	0
D359.contig207	7384	0	0
D359.contig208	7303	0	0
D359.contig209	7243	0	0
D359.contig210	7225	0	0
D359.contig211	7223	0	0
D359.contig212	7212	0	0
D359.contig213	7198	0	0
D359.contig214	7193	0	0
D359.contig215	7177	1047	39
D359.contig216	7169	0	0
D359.contig217	7155	555	5
D359.contig218	7114	0	0
D359.contig219	7092	2255	71
D359.contig220	7092	0	0
D359.contig221	7006	0	0
D359.contig222	6963	755	70
D359.contig223	6948	1116	34
D359.contig224	6945	0	0
D359.contig225	6877	0	0
D359.contig226	6875	0	0
D359.contig227	6826	2053	113
D359.contig228	6802	0	0
D359.contig229	6787	0	0
D359.contig230	6782	0	0
D359.contig231	6758	0	0
D359.contig232	6755	0	0
D359.contig233	6716	0	0
D359.contig234	6710	0	0
D359.contig235	6701	305	9
D359.contig236	6664	0	0
D359.contig237	6659	0	0
D359.contig238	6621	0	0
D359.contig239	6619	0	0
D359.contig240	6615	0	0
D359.contig241	6614	0	0
D359.contig242	6612	0	0
D359.contig243	6594	0	0
D359.contig244	6586	0	0
D359.contig245	6570	0	0
D359.contig246	6557	0	0
D359.contig247	6550	0	0
D359.contig248	6533	0	0
D359.contig249	6508	0	0
D359.contig250	6498	0	0
D359.contig251	6489	0	0
D359.contig252	6481	0	0
D359.contig253	6475	1806	82
D359.contig254	6443	0	0
D359.contig255	6431	0	0
D359.contig256	6430	10808	618
D359.contig257	6429	0	0
D359.contig258	6429	0	0
D359.contig259	6407	0	0
D359.contig260	6399	0	0
D359.contig261	6389	1426	90
D359.contig262	6331	0	0
D359.contig263	6320	1335	33
D359.contig264	6305	0	0
D359.contig265	6304	0	0
D359.contig266	6301	0	0
D359.contig267	6285	0	0
D359.contig268	6282	0	0
D359.contig269	6273	0	0
D359.contig270	6258	0	0
D359.contig271	6256	670	24
D359.contig272	6252	0	0
D359.contig273	6246	0	0
D359.contig274	6223	0	0
D359.contig275	6219	0	0
D359.contig276	6211	0	0
D359.contig277	6202	7728	488
D359.contig278	6176	0	0
D359.contig279	6164	1923	62
D359.contig280	6164	0	0
D359.contig281	6139	0	0
D359.contig282	6133	0	0
D359.contig283	6044	0	0
D359.contig284	6043	0	0
D359.contig285	6007	0	0
D359.contig286	5985	0	0
D359.contig287	5976	0	0
D359.contig288	5967	0	0
D359.contig289	5953	0	0
D359.contig290	5943	0	0
D359.contig291	5941	660	12
D359.contig292	5928	0	0
D359.contig293	5924	1637	98
D359.contig294	5888	0	0
D359.contig295	5881	6056	344
D359.contig296	5869	0	0
D359.contig297	5850	0	0
D359.contig298	5837	0	0
D359.contig299	5835	0	0
D359.contig300	5833	0	0
D359.contig301	5788	0	0
D359.contig302	5762	0	0
D359.contig303	5752	0	0
D359.contig304	5746	660	24
D359.contig305	5736	0	0
D359.contig306	5697	0	0
D359.contig307	5685	0	0
D359.contig308	5638	0	0
D359.contig309	5606	0	0
D359.contig310	5597	0	0
D359.contig311	5594	0	0
D359.contig312	5593	0	0
D359.contig313	5576	0	0
D359.contig314	5571	0	0
D359.contig315	5552	469	8
D359.contig316	5545	0	0
D359.contig317	5542	0	0
D359.contig318	5488	0	0
D359.contig319	5460	0	0
D359.contig320	5447	0	0
D359.contig321	5444	322	12
D359.contig322	5434	0	0
D359.contig323	5408	0	0
D359.contig324	5399	0	0
D359.contig325	5380	401	17
D359.contig326	5380	0	0
D359.contig327	5365	0	0
D359.contig328	5362	1830	17
D359.contig329	5357	0	0
D359.contig330	5355	1835	52
D359.contig331	5336	0	0
D359.contig332	5332	0	0
D359.contig333	5318	0	0
D359.contig334	5285	0	0
D359.contig335	5273	4054	120
D359.contig336	5244	270	5
D359.contig337	5233	0	0
D359.contig338	5230	887	10
D359.contig339	5170	0	0
D359.contig340	5169	0	0
D359.contig341	5147	0	0
D359.contig342	5137	0	0
D359.contig343	5122	0	0
D359.contig344	5119	21026	900
D359.contig345	5115	0	0
D359.contig346	5099	0	0
D359.contig347	5090	0	0
D359.contig348	5076	0	0
D359.contig349	5071	960	90
D359.contig350	5036	0	0
D359.contig351	5034	0	0
D359.contig352	5032	0	0
D359.contig353	5022	0	0
D359.contig354	5018	0	0
D359.contig355	5016	638	26
D359.contig356	5013	0	0
D359.contig357	5002	0	0
D359.contig358	5000	4353	310
D359.contig359	4992	0	0
D359.contig360	4986	26320	794
D359.contig361	4981	0	0
D359.contig362	4975	0	0
D359.contig363	4965	63677	2588
D359.contig364	4959	0	0
D359.contig365	4959	284	2
D359.contig366	4939	0	0
D359.contig367	4921	0	0
D359.contig368	4864	0	0
D359.contig369	4845	0	0
D359.contig370	4835	0	0
D359.contig371	4829	519	33
D359.contig372	4812	225	19
D359.contig373	4805	0	0
D359.contig374	4799	0	0
D359.contig375	4776	0	0
D359.contig376	4772	0	0
D359.contig377	4738	0	0
D359.contig378	4733	0	0
D359.contig379	4715	0	0
D359.contig380	4692	368	27
D359.contig381	4686	259	5
D359.contig382	4686	0	0
D359.contig383	4673	0	0
D359.contig384	4666	0	0
D359.contig385	4662	0	0
D359.contig386	4659	0	0
D359.contig387	4651	0	0
D359.contig388	4646	0	0
D359.contig389	4637	252	14
D359.contig390	4624	389	15
D359.contig391	4613	0	0
D359.contig392	4592	0	0
D359.contig393	4570	0	0
D359.contig394	4570	0	0
D359.contig395	4569	989	93
D359.contig396	4569	0	0
D359.contig397	4568	0	0
D359.contig398	4550	5004	260
D359.contig399	4542	0	0
D359.contig400	4496	0	0
D359.contig401	4492	0	0
D359.contig402	4491	24783	891
D359.contig403	4482	0	0
D359.contig404	4480	0	0
D359.contig405	4473	0	0
D359.contig406	4458	0	0
D359.contig407	4441	0	0
D359.contig408	4430	0	0
D359.contig409	4419	276	22
D359.contig410	4411	0	0
D359.contig411	4397	0	0
D359.contig412	4389	393	20
D359.contig413	4389	0	0
D359.contig414	4373	0	0
D359.contig415	4366	0	0
D359.contig416	4347	0	0
D359.contig417	4344	4220	315
D359.contig418	4335	0	0
D359.contig419	4329	0	0
D359.contig420	4312	0	0
D359.contig421	4310	514	30
D359.contig422	4309	0	0
D359.contig423	4301	0	0
D359.contig424	4301	0	0
D359.contig425	4294	0	0
D359.contig426	4288	0	0
D359.contig427	4266	0	0
D359.contig428	4260	0	0
D359.contig429	4254	0	0
D359.contig430	4249	0	0
D359.contig431	4240	3215	171
D359.contig432	4238	0	0
D359.contig433	4236	0	0
D359.contig434	4236	0	0
D359.contig435	4234	0	0
D359.contig436	4214	0	0
D359.contig437	4214	0	0
D359.contig438	4199	0	0
D359.contig439	4198	60318	2768
D359.contig440	4168	665	49
D359.contig441	4167	0	0
D359.contig442	4167	0	0
D359.contig443	4162	0	0
D359.contig444	4137	0	0
D359.contig445	4131	0	0
D359.contig446	4126	0	0
D359.contig447	4118	0	0
D359.contig448	4106	0	0
D359.contig449	4092	0	0
D359.contig450	4087	0	0
D359.contig451	4073	0	0
D359.contig452	4069	0	0
D359.contig453	4060	0	0
D359.contig454	4047	24273	1247
D359.contig455	4019	0	0
D359.contig456	4017	0	0
D359.contig457	4002	0	0
D359.contig458	4000	0	0
D359.contig459	3996	0	0
D359.contig460	3980	21127	249
D359.contig461	3977	974	60
D359.contig462	3972	0	0
D359.contig463	3972	3022	49
D359.contig464	3966	651	11
D359.contig465	3949	0	0
D359.contig466	3910	0	0
D359.contig467	3891	0	0
D359.contig468	3880	716	76
D359.contig469	3876	0	0
D359.contig470	3871	365	21
D359.contig471	3867	0	0
D359.contig472	3863	2372	42
D359.contig473	3857	0	0
D359.contig474	3853	0	0
D359.contig475	3847	0	0
D359.contig476	3830	0	0
D359.contig477	3822	0	0
D359.contig478	3819	0	0
D359.contig479	3801	8168	479
D359.contig480	3799	0	0
D359.contig481	3798	0	0
D359.contig482	3797	0	0
D359.contig483	3787	0	0
D359.contig484	3760	0	0
D359.contig485	3760	0	0
D359.contig486	3756	0	0
D359.contig487	3751	0	0
D359.contig488	3749	0	0
D359.contig489	3738	0	0
D359.contig490	3736	0	0
D359.contig491	3736	0	0
D359.contig492	3734	0	0
D359.contig493	3730	307	23
D359.contig494	3723	0	0
D359.contig495	3723	0	0
D359.contig496	3711	0	0
D359.contig497	3703	0	0
D359.contig498	3701	0	0
D359.contig499	3700	0	0
D359.contig500	3696	0	0
D359.contig501	3693	0	0
D359.contig502	3691	0	0
D359.contig503	3678	0	0
D359.contig504	3650	0	0
D359.contig505	3649	0	0
D359.contig506	3633	0	0
D359.contig507	3631	0	0
D359.contig508	3599	0	0
D359.contig509	3595	369	19
D359.contig510	3594	0	0
D359.contig511	3581	593	40
D359.contig512	3580	0	0
D359.contig513	3578	0	0
D359.contig514	3571	0	0
D359.contig515	3564	0	0
D359.contig516	3559	0	0
D359.contig517	3557	0	0
D359.contig518	3557	266	14
D359.contig519	3555	0	0
D359.contig520	3553	302	20
D359.contig521	3548	0	0
D359.contig522	3544	0	0
D359.contig523	3532	0	0
D359.contig524	3528	0	0
D359.contig525	3523	0	0
D359.contig526	3521	0	0
D359.contig527	3512	0	0
D359.contig528	3511	0	0
D359.contig529	3506	0	0
D359.contig530	3501	0	0
D359.contig531	3501	0	0
D359.contig532	3498	0	0
D359.contig533	3493	533	85
D359.contig534	3489	3476	278
D359.contig535	3485	0	0
D359.contig536	3482	236	4
D359.contig537	3480	0	0
D359.contig538	3477	0	0
D359.contig539	3476	0	0
D359.contig540	3476	0	0
D359.contig541	3473	0	0
D359.contig542	3451	2230	76
D359.contig543	3440	0	0
D359.contig544	3433	0	0
D359.contig545	3433	0	0
D359.contig546	3430	0	0
D359.contig547	3424	0	0
D359.contig548	3421	0	0
D359.contig549	3396	0	0
D359.contig550	3386	0	0
D359.contig551	3385	0	0
D359.contig552	3385	0	0
D359.contig553	3372	0	0
D359.contig554	3367	0	0
D359.contig555	3353	169	7
D359.contig556	3343	0	0
D359.contig557	3339	0	0
D359.contig558	3332	0	0
D359.contig559	3327	227	9
D359.contig560	3313	0	0
D359.contig561	3313	3722	264
D359.contig562	3300	0	0
D359.contig563	3297	0	0
D359.contig564	3297	0	0
D359.contig565	3294	0	0
D359.contig566	3293	0	0
D359.contig567	3278	11694	246
D359.contig568	3278	0	0
D359.contig569	3273	0	0
D359.contig570	3272	0	0
D359.contig571	3263	0	0
D359.contig572	3255	0	0
D359.contig573	3255	0	0
D359.contig574	3251	0	0
D359.contig575	3250	0	0
D359.contig576	3241	0	0
D359.contig577	3228	0	0
D359.contig578	3214	0	0
D359.contig579	3213	0	0
D359.contig580	3206	0	0
D359.contig581	3204	0	0
D359.contig582	3192	0	0
D359.contig583	3186	0	0
D359.contig584	3181	157	8
D359.contig585	3171	0	0
D359.contig586	3163	0	0
D359.contig587	3163	0	0
D359.contig588	3157	0	0
D359.contig589	3133	0	0
D359.contig590	3133	209	15
D359.contig591	3131	0	0
D359.contig592	3130	0	0
D359.contig593	3121	181	7
D359.contig594	3118	469	13
D359.contig595	3118	0	0
D359.contig596	3117	94	4
D359.contig597	3116	0	0
D359.contig598	3115	11586	827
D359.contig599	3112	0	0
D359.contig600	3106	0	0
D359.contig601	3102	125	7
D359.contig602	3096	0	0
D359.contig603	3086	0	0
D359.contig604	3086	0	0
D359.contig605	3084	220	12
D359.contig606	3082	0	0
D359.contig607	3077	0	0
D359.contig608	3072	0	0
D359.contig609	3069	0	0
D359.contig610	3068	0	0
D359.contig611	3064	0	0
D359.contig612	3049	890	65
D359.contig613	3046	2011	221
D359.contig614	3045	0	0
D359.contig615	3045	0	0
D359.contig616	3044	0	0
D359.contig617	3038	0	0
D359.contig618	3023	0	0
D359.contig619	3021	0	0
D359.contig620	3019	701	22
D359.contig621	3017	0	0
D359.contig622	3016	0	0
D359.contig623	3013	0	0
D359.contig624	3011	0	0
D359.contig625	3011	0	0
D359.contig626	3010	0	0
D359.contig627	3003	2689	171
*	0	0	250302
