D359.contig1	90888	618	23
D359.contig2	86815	174035	4094
D359.contig3	75137	5	1
D359.contig4	68570	0	0
D359.contig5	62724	318	12
D359.contig6	61672	4160608	136700
D359.contig7	59824	11980	348
D359.contig8	56692	73634	1708
D359.contig9	52250	299	7
D359.contig10	50133	167	3
D359.contig11	41149	3996	112
D359.contig12	41072	979410	30664
D359.contig13	40939	16	0
D359.contig14	40169	212	6
D359.contig15	40042	0	0
D359.contig16	39151	0	0
D359.contig17	37448	17789	389
D359.contig18	36517	2828	64
D359.contig19	35234	39	1
D359.contig20	34568	62	0
D359.contig21	34316	12	0
D359.contig22	32309	4916	160
D359.contig23	30526	500	14
D359.contig24	29944	0	0
D359.contig25	29413	316785	8617
D359.contig26	28766	76	4
D359.contig27	28715	0	0
D359.contig28	28490	552	17
D359.contig29	28232	1754407	54150
D359.contig30	27850	864	38
D359.contig31	27029	305	5
D359.contig32	26951	2480	70
D359.contig33	26577	462	15
D359.contig34	24368	2	0
D359.contig35	24034	0	0
D359.contig36	23954	0	0
D359.contig37	23835	124	2
D359.contig38	23380	0	0
D359.contig39	23164	2263	44
D359.contig40	22881	5820	135
D359.contig41	22635	0	0
D359.contig42	22477	5516	160
D359.contig43	22024	2517	107
D359.contig44	21646	0	0
D359.contig45	21535	16	0
D359.contig46	20503	489	9
D359.contig47	20487	234	4
D359.contig48	20336	2	0
D359.contig49	20165	2869	64
D359.contig50	19954	166	4
D359.contig51	19940	4	0
D359.contig52	19935	2	0
D359.contig53	19628	1121	35
D359.contig54	19588	2718	45
D359.contig55	19507	239	10
D359.contig56	19337	0	0
D359.contig57	18907	12	2
D359.contig58	18689	0	0
D359.contig59	18652	74	4
D359.contig60	18492	0	0
D359.contig61	18283	2173	64
D359.contig62	17846	612511	20494
D359.contig63	17446	1817	55
D359.contig64	17430	35	1
D359.contig65	17053	1525	53
D359.contig66	16531	9	1
D359.contig67	16440	4	0
D359.contig68	16262	52	6
D359.contig69	15838	0	0
D359.contig70	15801	517808	18474
D359.contig71	15797	2470	68
D359.contig72	15750	1354	47
D359.contig73	15743	0	0
D359.contig74	14890	43	1
D359.contig75	14791	0	0
D359.contig76	14749	43553	1440
D359.contig77	14629	0	0
D359.contig78	14494	1790	49
D359.contig79	14448	1736	44
D359.contig80	14394	1500	49
D359.contig81	14387	2	0
D359.contig82	14317	24	1
D359.contig83	14005	1383	25
D359.contig84	13955	6	2
D359.contig85	13931	1067	36
D359.contig86	13869	8	0
D359.contig87	13859	0	0
D359.contig88	13852	0	0
D359.contig89	13629	1421	74
D359.contig90	13521	1282	48
D359.contig91	13298	181640	5951
D359.contig92	13232	1059	27
D359.contig93	13176	233	11
D359.contig94	13089	0	0
D359.contig95	12761	0	0
D359.contig96	12760	15	1
D359.contig97	12693	1216	28
D359.contig98	12409	236	18
D359.contig99	12400	0	0
D359.contig100	12307	0	0
D359.contig101	12295	10	0
D359.contig102	12241	862	33
D359.contig103	12219	0	0
D359.contig104	12206	0	0
D359.contig105	12138	873	23
D359.contig106	12124	2	0
D359.contig107	12071	0	0
D359.contig108	12055	0	0
D359.contig109	12002	5	0
D359.contig110	11852	1152	42
D359.contig111	11820	1162	22
D359.contig112	11779	4	0
D359.contig113	11709	722	26
D359.contig114	11630	85	2
D359.contig115	11628	0	0
D359.contig116	11530	185	5
D359.contig117	11452	1516	51
D359.contig118	11448	842	27
D359.contig119	11291	177353	5023
D359.contig120	11277	0	0
D359.contig121	11252	3365	98
D359.contig122	11143	16	0
D359.contig123	11115	1236	36
D359.contig124	11063	0	0
D359.contig125	11025	0	0
D359.contig126	11005	0	0
D359.contig127	10939	1	0
D359.contig128	10837	795	31
D359.contig129	10784	1197	37
D359.contig130	10774	0	0
D359.contig131	10680	12	1
D359.contig132	10665	496	20
D359.contig133	10557	0	0
D359.contig134	10482	198	15
D359.contig135	10417	0	0
D359.contig136	10384	842	18
D359.contig137	10316	0	0
D359.contig138	10268	0	0
D359.contig139	10200	727	40
D359.contig140	10193	979	39
D359.contig141	10191	678	28
D359.contig142	10184	1050	56
D359.contig143	10059	1015	26
D359.contig144	9993	6	0
D359.contig145	9988	0	0
D359.contig146	9959	1	0
D359.contig147	9845	0	0
D359.contig148	9781	195	11
D359.contig149	9644	0	0
D359.contig150	9635	766	32
D359.contig151	9592	1293	48
D359.contig152	9568	1	1
D359.contig153	9553	0	0
D359.contig154	9518	832	28
D359.contig155	9514	1107	48
D359.contig156	9439	11	1
D359.contig157	9382	733	22
D359.contig158	9334	1116	39
D359.contig159	9332	0	0
D359.contig160	9304	81	8
D359.contig161	9211	3577	207
D359.contig162	9161	35852	2130
D359.contig163	9151	0	0
D359.contig164	9102	17065	1044
D359.contig165	9075	733	21
D359.contig166	9056	702	21
D359.contig167	9035	33	1
D359.contig168	9030	0	0
D359.contig169	9009	1039	56
D359.contig170	8999	0	0
D359.contig171	8950	0	0
D359.contig172	8911	8	0
D359.contig173	8803	472	11
D359.contig174	8780	4	0
D359.contig175	8687	797	19
D359.contig176	8683	838	29
D359.contig177	8647	0	0
D359.contig178	8646	451	15
D359.contig179	8613	0	0
D359.contig180	8612	568	25
D359.contig181	8458	28	3
D359.contig182	8445	0	0
D359.contig183	8388	503	11
D359.contig184	8362	718	13
D359.contig185	8349	460	24
D359.contig186	8290	0	0
D359.contig187	8238	452	15
D359.contig188	8209	11	1
D359.contig189	8203	783	21
D359.contig190	8141	0	0
D359.contig191	8094	0	0
D359.contig192	8060	0	0
D359.contig193	8041	451	11
D359.contig194	8037	448	25
D359.contig195	7992	1027	28
D359.contig196	7898	0	0
D359.contig197	7823	0	0
D359.contig198	7811	0	0
D359.contig199	7718	523	24
D359.contig200	7636	0	0
D359.contig201	7604	427	15
D359.contig202	7557	408	8
D359.contig203	7529	463	22
D359.contig204	7494	0	0
D359.contig205	7460	0	0
D359.contig206	7399	13	0
D359.contig207	7384	383	5
D359.contig208	7303	516	19
D359.contig209	7243	716	26
D359.contig210	7225	478	16
D359.contig211	7223	494	11
D359.contig212	7212	1929	89
D359.contig213	7198	349	6
D359.contig214	7193	821	56
D359.contig215	7177	2	0
D359.contig216	7169	0	0
D359.contig217	7155	0	0
D359.contig218	7114	548	28
D359.contig219	7092	0	0
D359.contig220	7092	589	22
D359.contig221	7006	390	8
D359.contig222	6963	0	0
D359.contig223	6948	0	0
D359.contig224	6945	566	14
D359.contig225	6877	58	2
D359.contig226	6875	413	19
D359.contig227	6826	0	0
D359.contig228	6802	615	17
D359.contig229	6787	96	4
D359.contig230	6782	0	0
D359.contig231	6758	0	0
D359.contig232	6755	411	27
D359.contig233	6716	488	29
D359.contig234	6710	576	24
D359.contig235	6701	0	0
D359.contig236	6664	514	22
D359.contig237	6659	583	24
D359.contig238	6621	328	18
D359.contig239	6619	5	0
D359.contig240	6615	360	14
D359.contig241	6614	16249	237
D359.contig242	6612	335	19
D359.contig243	6594	4502	229
D359.contig244	6586	362	18
D359.contig245	6570	0	0
D359.contig246	6557	420	16
D359.contig247	6550	452	23
D359.contig248	6533	366	23
D359.contig249	6508	444	24
D359.contig250	6498	916	16
D359.contig251	6489	717	46
D359.contig252	6481	1249	68
D359.contig253	6475	3	1
D359.contig254	6443	432	9
D359.contig255	6431	4101	172
D359.contig256	6430	0	0
D359.contig257	6429	416	15
D359.contig258	6429	2	0
D359.contig259	6407	334	19
D359.contig260	6399	292	10
D359.contig261	6389	0	0
D359.contig262	6331	4	0
D359.contig263	6320	0	0
D359.contig264	6305	0	0
D359.contig265	6304	1002	36
D359.contig266	6301	445	13
D359.contig267	6285	775	21
D359.contig268	6282	342	9
D359.contig269	6273	3754	136
D359.contig270	6258	0	0
D359.contig271	6256	0	0
D359.contig272	6252	21702	1069
D359.contig273	6246	6128	76
D359.contig274	6223	605	19
D359.contig275	6219	2229	106
D359.contig276	6211	0	0
D359.contig277	6202	0	0
D359.contig278	6176	428	6
D359.contig279	6164	0	0
D359.contig280	6164	45	1
D359.contig281	6139	375	27
D359.contig282	6133	76	4
D359.contig283	6044	1	0
D359.contig284	6043	195	7
D359.contig285	6007	561	22
D359.contig286	5985	531	32
D359.contig287	5976	1638	117
D359.contig288	5967	2836	34
D359.contig289	5953	656	15
D359.contig290	5943	10	0
D359.contig291	5941	28	2
D359.contig292	5928	538	9
D359.contig293	5924	0	0
D359.contig294	5888	8371	91
D359.contig295	5881	0	0
D359.contig296	5869	0	0
D359.contig297	5850	0	0
D359.contig298	5837	294	8
D359.contig299	5835	6	0
D359.contig300	5833	393	19
D359.contig301	5788	12878	154
D359.contig302	5762	397	15
D359.contig303	5752	7	1
D359.contig304	5746	0	0
D359.contig305	5736	51	3
D359.contig306	5697	366	12
D359.contig307	5685	373	19
D359.contig308	5638	410	11
D359.contig309	5606	0	0
D359.contig310	5597	399	14
D359.contig311	5594	1740	113
D359.contig312	5593	1228	44
D359.contig313	5576	395	17
D359.contig314	5571	1180	77
D359.contig315	5552	0	0
D359.contig316	5545	0	0
D359.contig317	5542	79	3
D359.contig318	5488	304	20
D359.contig319	5460	471	30
D359.contig320	5447	0	0
D359.contig321	5444	0	0
D359.contig322	5434	0	0
D359.contig323	5408	56012	5887
D359.contig324	5399	30	2
D359.contig325	5380	0	0
D359.contig326	5380	2924	272
D359.contig327	5365	2	0
D359.contig328	5362	0	0
D359.contig329	5357	0	0
D359.contig330	5355	0	0
D359.contig331	5336	0	0
D359.contig332	5332	435	20
D359.contig333	5318	483	44
D359.contig334	5285	0	0
D359.contig335	5273	0	0
D359.contig336	5244	0	0
D359.contig337	5233	234	13
D359.contig338	5230	0	0
D359.contig339	5170	8353	131
D359.contig340	5169	559	43
D359.contig341	5147	305	17
D359.contig342	5137	230	16
D359.contig343	5122	2509	155
D359.contig344	5119	0	0
D359.contig345	5115	291	12
D359.contig346	5099	449	23
D359.contig347	5090	239728	3839
D359.contig348	5076	272	12
D359.contig349	5071	3	1
D359.contig350	5036	10	0
D359.contig351	5034	0	0
D359.contig352	5032	1727	131
D359.contig353	5022	1	1
D359.contig354	5018	0	0
D359.contig355	5016	0	0
D359.contig356	5013	0	0
D359.contig357	5002	254	18
D359.contig358	5000	0	0
D359.contig359	4992	0	0
D359.contig360	4986	0	0
D359.contig361	4981	547	28
D359.contig362	4975	308	19
D359.contig363	4965	0	0
D359.contig364	4959	249	12
D359.contig365	4959	0	0
D359.contig366	4939	407	13
D359.contig367	4921	0	0
D359.contig368	4864	15469	1694
D359.contig369	4845	267	15
D359.contig370	4835	170	10
D359.contig371	4829	0	0
D359.contig372	4812	0	0
D359.contig373	4805	366	19
D359.contig374	4799	6	0
D359.contig375	4776	235	13
D359.contig376	4772	0	0
D359.contig377	4738	3	0
D359.contig378	4733	258	14
D359.contig379	4715	329	13
D359.contig380	4692	0	0
D359.contig381	4686	0	0
D359.contig382	4686	376	14
D359.contig383	4673	309992	10322
D359.contig384	4666	195	9
D359.contig385	4662	408	12
D359.contig386	4659	1117	52
D359.contig387	4651	264	11
D359.contig388	4646	270	12
D359.contig389	4637	0	0
D359.contig390	4624	0	0
D359.contig391	4613	0	0
D359.contig392	4592	397	25
D359.contig393	4570	284	6
D359.contig394	4570	210	6
D359.contig395	4569	0	0
D359.contig396	4569	199	10
D359.contig397	4568	758	41
D359.contig398	4550	0	0
D359.contig399	4542	5	1
D359.contig400	4496	311	11
D359.contig401	4492	0	0
D359.contig402	4491	0	0
D359.contig403	4482	20	0
D359.contig404	4480	218	10
D359.contig405	4473	202	11
D359.contig406	4458	14622	198
D359.contig407	4441	4261	344
D359.contig408	4430	204	16
D359.contig409	4419	0	0
D359.contig410	4411	2690	228
D359.contig411	4397	259	6
D359.contig412	4389	0	0
D359.contig413	4389	1	0
D359.contig414	4373	0	0
D359.contig415	4366	278	13
D359.contig416	4347	269	5
D359.contig417	4344	0	0
D359.contig418	4335	402	32
D359.contig419	4329	217	16
D359.contig420	4312	255	9
D359.contig421	4310	2	0
D359.contig422	4309	7	1
D359.contig423	4301	2	0
D359.contig424	4301	236	9
D359.contig425	4294	300	21
D359.contig426	4288	255	17
D359.contig427	4266	287	23
D359.contig428	4260	403	24
D359.contig429	4254	0	0
D359.contig430	4249	307	5
D359.contig431	4240	0	0
D359.contig432	4238	315	9
D359.contig433	4236	198	6
D359.contig434	4236	221	20
D359.contig435	4234	0	0
D359.contig436	4214	78	10
D359.contig437	4214	286	10
D359.contig438	4199	103796	6463
D359.contig439	4198	0	0
D359.contig440	4168	0	0
D359.contig441	4167	0	0
D359.contig442	4167	7	1
D359.contig443	4162	207	11
D359.contig444	4137	38	3
D359.contig445	4131	286	19
D359.contig446	4126	454	46
D359.contig447	4118	30	2
D359.contig448	4106	1	1
D359.contig449	4092	0	0
D359.contig450	4087	0	0
D359.contig451	4073	220	8
D359.contig452	4069	238	6
D359.contig453	4060	254	6
D359.contig454	4047	0	0
D359.contig455	4019	229	16
D359.contig456	4017	0	0
D359.contig457	4002	220	21
D359.contig458	4000	9	0
D359.contig459	3996	208	7
D359.contig460	3980	0	0
D359.contig461	3977	1	1
D359.contig462	3972	4	2
D359.contig463	3972	0	0
D359.contig464	3966	0	0
D359.contig465	3949	1196	38
D359.contig466	3910	188	8
D359.contig467	3891	2854	40
D359.contig468	3880	0	0
D359.contig469	3876	0	0
D359.contig470	3871	0	0
D359.contig471	3867	0	0
D359.contig472	3863	0	0
D359.contig473	3857	0	0
D359.contig474	3853	147	15
D359.contig475	3847	152	8
D359.contig476	3830	37	3
D359.contig477	3822	0	0
D359.contig478	3819	0	0
D359.contig479	3801	30	3
D359.contig480	3799	1811	50
D359.contig481	3798	1052	64
D359.contig482	3797	3432	90
D359.contig483	3787	170	14
D359.contig484	3760	276	9
D359.contig485	3760	26	2
D359.contig486	3756	0	0
D359.contig487	3751	201	11
D359.contig488	3749	3	0
D359.contig489	3738	42	0
D359.contig490	3736	2	0
D359.contig491	3736	212	9
D359.contig492	3734	0	0
D359.contig493	3730	0	0
D359.contig494	3723	191	21
D359.contig495	3723	198	2
D359.contig496	3711	169	13
D359.contig497	3703	8	0
D359.contig498	3701	4	0
D359.contig499	3700	0	0
D359.contig500	3696	450	167
D359.contig501	3693	176	8
D359.contig502	3691	958	133
D359.contig503	3678	228	13
D359.contig504	3650	142	4
D359.contig505	3649	14	4
D359.contig506	3633	0	0
D359.contig507	3631	0	0
D359.contig508	3599	224	18
D359.contig509	3595	0	0
D359.contig510	3594	836	78
D359.contig511	3581	0	0
D359.contig512	3580	166	9
D359.contig513	3578	4	0
D359.contig514	3571	2	0
D359.contig515	3564	0	0
D359.contig516	3559	217	17
D359.contig517	3557	130	4
D359.contig518	3557	0	0
D359.contig519	3555	0	0
D359.contig520	3553	0	0
D359.contig521	3548	149	9
D359.contig522	3544	211	7
D359.contig523	3532	0	0
D359.contig524	3528	142	16
D359.contig525	3523	0	0
D359.contig526	3521	0	0
D359.contig527	3512	280	13
D359.contig528	3511	192	6
D359.contig529	3506	0	0
D359.contig530	3501	159	14
D359.contig531	3501	205	9
D359.contig532	3498	219	10
D359.contig533	3493	0	0
D359.contig534	3489	0	0
D359.contig535	3485	862	73
D359.contig536	3482	0	0
D359.contig537	3480	5	0
D359.contig538	3477	132	8
D359.contig539	3476	119	9
D359.contig540	3476	956	49
D359.contig541	3473	225	22
D359.contig542	3451	0	0
D359.contig543	3440	241	23
D359.contig544	3433	157	20
D359.contig545	3433	0	0
D359.contig546	3430	399	35
D359.contig547	3424	146	11
D359.contig548	3421	134	6
D359.contig549	3396	261	8
D359.contig550	3386	137	13
D359.contig551	3385	14	2
D359.contig552	3385	123	10
D359.contig553	3372	408	33
D359.contig554	3367	0	0
D359.contig555	3353	0	0
D359.contig556	3343	733	53
D359.contig557	3339	159	17
D359.contig558	3332	130	12
D359.contig559	3327	0	0
D359.contig560	3313	128	4
D359.contig561	3313	0	0
D359.contig562	3300	189	3
D359.contig563	3297	27	3
D359.contig564	3297	186	12
D359.contig565	3294	68	9
D359.contig566	3293	119	13
D359.contig567	3278	0	0
D359.contig568	3278	0	0
D359.contig569	3273	211	9
D359.contig570	3272	295	10
D359.contig571	3263	103	10
D359.contig572	3255	2	0
D359.contig573	3255	0	0
D359.contig574	3251	4	0
D359.contig575	3250	2	0
D359.contig576	3241	116	6
D359.contig577	3228	177	10
D359.contig578	3214	465	44
D359.contig579	3213	259	17
D359.contig580	3206	1215	58
D359.contig581	3204	138	2
D359.contig582	3192	264	20
D359.contig583	3186	258	13
D359.contig584	3181	0	0
D359.contig585	3171	0	0
D359.contig586	3163	252	11
D359.contig587	3163	19	1
D359.contig588	3157	182	10
D359.contig589	3133	0	0
D359.contig590	3133	0	0
D359.contig591	3131	140	7
D359.contig592	3130	0	0
D359.contig593	3121	0	0
D359.contig594	3118	0	0
D359.contig595	3118	183	11
D359.contig596	3117	0	0
D359.contig597	3116	0	0
D359.contig598	3115	0	0
D359.contig599	3112	1432	97
D359.contig600	3106	96	8
D359.contig601	3102	0	0
D359.contig602	3096	81	5
D359.contig603	3086	148	8
D359.contig604	3086	95	11
D359.contig605	3084	0	0
D359.contig606	3082	202	19
D359.contig607	3077	0	0
D359.contig608	3072	166	13
D359.contig609	3069	1524	342
D359.contig610	3068	0	0
D359.contig611	3064	112	8
D359.contig612	3049	0	0
D359.contig613	3046	0	0
D359.contig614	3045	122	5
D359.contig615	3045	2	0
D359.contig616	3044	159	9
D359.contig617	3038	0	0
D359.contig618	3023	0	0
D359.contig619	3021	0	0
D359.contig620	3019	0	0
D359.contig621	3017	0	0
D359.contig622	3016	903	59
D359.contig623	3013	135	11
D359.contig624	3011	220	10
D359.contig625	3011	111	13
D359.contig626	3010	0	0
D359.contig627	3003	4	1
*	0	0	474984
