D3571.contig1	46721	260111	9059
D3571.contig2	45874	134516	4239
D3571.contig3	42653	144549	3509
D3571.contig4	41478	38295	738
D3571.contig5	40640	24525	722
D3571.contig6	40480	2607259	106102
D3571.contig7	40296	55602	1768
D3571.contig8	39984	27495	1036
D3571.contig9	36079	19885	567
D3571.contig10	34277	109973	3505
D3571.contig11	34116	12407	258
D3571.contig12	33212	1812464	68258
D3571.contig13	33174	25377	783
D3571.contig14	32295	22317	765
D3571.contig15	30616	379487	9917
D3571.contig16	28353	32103	979
D3571.contig17	27931	10499	232
D3571.contig18	26034	12835	456
D3571.contig19	25222	24474	895
D3571.contig20	24000	23814	640
D3571.contig21	22373	241701	4737
D3571.contig22	22308	10091	250
D3571.contig23	21930	30832	546
D3571.contig24	20136	40884	1007
D3571.contig25	19665	828842	32151
D3571.contig26	19581	6874	222
D3571.contig27	19237	8131	136
D3571.contig28	19054	8694	268
D3571.contig29	18951	48261	1982
D3571.contig30	18950	9358	188
D3571.contig31	18474	7132	206
D3571.contig32	18112	12922	286
D3571.contig33	17312	208044	4333
D3571.contig34	17188	1589515	76572
D3571.contig35	17132	15975	688
D3571.contig36	16789	5738	87
D3571.contig37	16220	8721	270
D3571.contig38	16161	31483	654
D3571.contig39	14753	2393	66
D3571.contig40	14297	63786	3044
D3571.contig41	13367	3327	137
D3571.contig42	13298	4270	119
D3571.contig43	13282	27620	729
D3571.contig44	13185	5790	159
D3571.contig45	12561	6037	134
D3571.contig46	12501	1716	40
D3571.contig47	11763	8574	158
D3571.contig48	11632	5179	122
D3571.contig49	11563	2081	57
D3571.contig50	11504	89713	2011
D3571.contig51	11223	50502	1930
D3571.contig52	10803	1670	57
D3571.contig53	10736	9583	357
D3571.contig54	10651	2324	75
D3571.contig55	10610	4683	52
D3571.contig56	10606	2467	56
D3571.contig57	10503	1945	36
D3571.contig58	10452	9843	258
D3571.contig59	10154	3264	48
D3571.contig60	10124	6993	144
D3571.contig61	9780	3065	67
D3571.contig62	9697	1840	70
D3571.contig63	9585	1415	30
D3571.contig64	9430	104220	3130
D3571.contig65	9322	31072	594
D3571.contig66	9301	6977	270
D3571.contig67	9286	1262	26
D3571.contig68	9246	1436	30
D3571.contig69	9222	1683	47
D3571.contig70	9220	2001	57
D3571.contig71	9160	1920	61
D3571.contig72	9052	149412	3381
D3571.contig73	8950	267673	6986
D3571.contig74	8936	1489	36
D3571.contig75	8888	2468	82
D3571.contig76	8755	1707	53
D3571.contig77	8466	232100	7572
D3571.contig78	8412	4308	104
D3571.contig79	8387	2724	71
D3571.contig80	8323	3886	100
D3571.contig81	8303	2050	54
D3571.contig82	8142	870	26
D3571.contig83	8107	2223	60
D3571.contig84	8078	1635	37
D3571.contig85	8067	4120	126
D3571.contig86	8046	1905	56
D3571.contig87	7938	1282	38
D3571.contig88	7929	1572	55
D3571.contig89	7903	5389	137
D3571.contig90	7867	1034	55
D3571.contig91	7633	9482	242
D3571.contig92	7622	4805	93
D3571.contig93	7622	5776	93
D3571.contig94	7368	1284	20
D3571.contig95	7189	4973	111
D3571.contig96	7153	985	29
D3571.contig97	7122	3476	53
D3571.contig98	7077	1122	22
D3571.contig99	7065	6892	172
D3571.contig100	6970	868	30
D3571.contig101	6957	1016	26
D3571.contig102	6944	1558	38
D3571.contig103	6853	994	40
D3571.contig104	6758	222072	5671
D3571.contig105	6737	744	19
D3571.contig106	6684	1915	55
D3571.contig107	6597	979	33
D3571.contig108	6579	1314	36
D3571.contig109	6577	2281	75
D3571.contig110	6574	1249	40
D3571.contig111	6535	1490	41
D3571.contig112	6471	1464	42
D3571.contig113	6458	990	28
D3571.contig114	6410	917	20
D3571.contig115	6263	566	18
D3571.contig116	6228	875	12
D3571.contig117	6178	1445	49
D3571.contig118	6175	2777	82
D3571.contig119	6172	1102	35
D3571.contig120	6128	1342	23
D3571.contig121	6124	1009	29
D3571.contig122	6077	762	22
D3571.contig123	6012	1065	48
D3571.contig124	6006	1825	39
D3571.contig125	5910	1124	50
D3571.contig126	5902	777	27
D3571.contig127	5890	1183	30
D3571.contig128	5826	1015	19
D3571.contig129	5817	1080	21
D3571.contig130	5809	1912	42
D3571.contig131	5779	64204	1748
D3571.contig132	5760	1114	50
D3571.contig133	5723	6980	148
D3571.contig134	5719	1300	53
D3571.contig135	5629	1425	25
D3571.contig136	5578	1282	37
D3571.contig137	5567	682	9
D3571.contig138	5559	1208	28
D3571.contig139	5487	1037	35
D3571.contig140	5404	949	33
D3571.contig141	5389	739	19
D3571.contig142	5369	877	28
D3571.contig143	5346	945	20
D3571.contig144	5341	654	17
D3571.contig145	5225	909	47
D3571.contig146	5204	863	29
D3571.contig147	5191	558	17
D3571.contig148	5175	564	19
D3571.contig149	5157	455	18
D3571.contig150	5107	31696	1065
D3571.contig151	5092	1717	46
D3571.contig152	5091	464	19
D3571.contig153	5081	1894	73
D3571.contig154	5058	1671	64
D3571.contig155	4965	2644	83
D3571.contig156	4886	1775	46
D3571.contig157	4874	566	18
D3571.contig158	4830	941	24
D3571.contig159	4814	1701	60
D3571.contig160	4803	25635	1019
D3571.contig161	4776	2032	94
D3571.contig162	4747	977	31
D3571.contig163	4746	693	31
D3571.contig164	4743	1340	44
D3571.contig165	4743	696	18
D3571.contig166	4684	718	19
D3571.contig167	4670	1949	38
D3571.contig168	4665	649	16
D3571.contig169	4639	859	23
D3571.contig170	4626	622	23
D3571.contig171	4617	916	35
D3571.contig172	4608	689	21
D3571.contig173	4580	1948	63
D3571.contig174	4526	1426	29
D3571.contig175	4501	647	16
D3571.contig176	4452	570	11
D3571.contig177	4343	1896	50
D3571.contig178	4280	757	10
D3571.contig179	4265	804	17
D3571.contig180	4259	608	23
D3571.contig181	4258	429	25
D3571.contig182	4249	2368	57
D3571.contig183	4173	2474	66
D3571.contig184	4149	653	24
D3571.contig185	4109	19540	655
D3571.contig186	4083	715	16
D3571.contig187	4067	821	32
D3571.contig188	4017	483	13
D3571.contig189	4002	627	24
D3571.contig190	3933	649	17
D3571.contig191	3871	340	18
D3571.contig192	3851	28852	720
D3571.contig193	3843	349	9
D3571.contig194	3838	402	18
D3571.contig195	3837	2104	55
D3571.contig196	3802	458	24
D3571.contig197	3800	9482	441
D3571.contig198	3791	339	18
D3571.contig199	3788	675	19
D3571.contig200	3787	469	16
D3571.contig201	3684	741	25
D3571.contig202	3669	1041	33
D3571.contig203	3630	313	15
D3571.contig204	3610	2548	98
D3571.contig205	3594	914	21
D3571.contig206	3587	2999	66
D3571.contig207	3583	1818	58
D3571.contig208	3557	380	23
D3571.contig209	3556	574	32
D3571.contig210	3525	302	10
D3571.contig211	3511	527	14
D3571.contig212	3491	899	21
D3571.contig213	3474	601	15
D3571.contig214	3455	348	10
D3571.contig215	3446	619	14
D3571.contig216	3443	356	18
D3571.contig217	3441	29338	653
D3571.contig218	3440	361	19
D3571.contig219	3424	345	13
D3571.contig220	3407	277	10
D3571.contig221	3399	783	39
D3571.contig222	3390	14741	244
D3571.contig223	3383	471	26
D3571.contig224	3377	690	32
D3571.contig225	3358	554	22
D3571.contig226	3315	422	8
D3571.contig227	3306	1252	30
D3571.contig228	3298	33062	973
D3571.contig229	3280	455	16
D3571.contig230	3278	251	6
D3571.contig231	3245	423	11
D3571.contig232	3193	317	15
D3571.contig233	3190	752	26
D3571.contig234	3176	419	10
D3571.contig235	3152	324	11
D3571.contig236	3139	381	24
D3571.contig237	3121	544	14
D3571.contig238	3108	299	18
D3571.contig239	3105	254	18
D3571.contig240	3104	376	15
D3571.contig241	3099	269	15
D3571.contig242	3067	312	12
D3571.contig243	3044	320	14
D3571.contig244	3039	334	16
D3571.contig245	3035	282	13
D3571.contig246	3034	233	11
D3571.contig247	3019	854	27
D3571.contig248	3016	397	16
D3571.contig249	2995	328	8
D3571.contig250	2982	239	15
D3571.contig251	2982	949	62
D3571.contig252	2975	141	7
D3571.contig253	2968	346	20
D3571.contig254	2967	3801	122
D3571.contig255	2957	359	8
D3571.contig256	2948	713	23
D3571.contig257	2945	648	26
D3571.contig258	2920	653	27
D3571.contig259	2907	375	14
D3571.contig260	2907	541	26
D3571.contig261	2893	466	21
D3571.contig262	2881	352	13
D3571.contig263	2874	418	12
D3571.contig264	2862	488	11
D3571.contig265	2824	189	7
D3571.contig266	2809	229	5
D3571.contig267	2803	200	1
D3571.contig268	2799	368	17
D3571.contig269	2798	309	17
D3571.contig270	2798	362	8
D3571.contig271	2792	10161	318
D3571.contig272	2791	759	10
D3571.contig273	2788	175	7
D3571.contig274	2768	235	13
D3571.contig275	2767	375	7
D3571.contig276	2761	284	12
D3571.contig277	2730	736	28
D3571.contig278	2723	1131	46
D3571.contig279	2717	317	10
D3571.contig280	2717	235	18
D3571.contig281	2713	241	11
D3571.contig282	2702	1384	23
D3571.contig283	2679	343	13
D3571.contig284	2661	255	15
D3571.contig285	2652	353	9
D3571.contig286	2644	242	12
D3571.contig287	2640	219	18
D3571.contig288	2632	731	16
D3571.contig289	2630	501	27
D3571.contig290	2618	208	5
D3571.contig291	2616	272	15
D3571.contig292	2611	304	13
D3571.contig293	2605	199	10
D3571.contig294	2603	234	14
D3571.contig295	2602	359	16
D3571.contig296	2580	177	12
D3571.contig297	2580	186	13
D3571.contig298	2560	370	17
D3571.contig299	2534	178	13
D3571.contig300	2533	137	7
D3571.contig301	2508	283	19
D3571.contig302	2494	676	14
D3571.contig303	2480	338	18
D3571.contig304	2479	184	9
D3571.contig305	2473	555	11
D3571.contig306	2453	287	16
D3571.contig307	2442	177	11
D3571.contig308	2442	227	17
D3571.contig309	2433	255	11
D3571.contig310	2426	169	17
D3571.contig311	2425	209	7
D3571.contig312	2425	140	6
D3571.contig313	2415	275	8
D3571.contig314	2415	203	13
D3571.contig315	2407	383	9
D3571.contig316	2404	203	7
D3571.contig317	2386	222	11
D3571.contig318	2376	410	14
D3571.contig319	2354	192	16
D3571.contig320	2350	438	12
D3571.contig321	2342	672	25
D3571.contig322	2341	249	9
D3571.contig323	2340	303	12
D3571.contig324	2337	243	7
D3571.contig325	2323	264	14
D3571.contig326	2323	4236	160
D3571.contig327	2322	328	16
D3571.contig328	2321	311	10
D3571.contig329	2319	201	10
D3571.contig330	2311	158	9
D3571.contig331	2305	305	8
D3571.contig332	2304	169	10
D3571.contig333	2298	366	6
D3571.contig334	2295	297	11
D3571.contig335	2293	744	57
D3571.contig336	2287	245	6
D3571.contig337	2285	390	13
D3571.contig338	2282	251	9
D3571.contig339	2270	143	11
D3571.contig340	2260	167	20
D3571.contig341	2256	1444	74
D3571.contig342	2253	336	8
D3571.contig343	2250	184	8
D3571.contig344	2234	78780	1952
D3571.contig345	2230	114	9
D3571.contig346	2228	184	13
D3571.contig347	2206	178	7
D3571.contig348	2201	7588	176
D3571.contig349	2181	216	6
D3571.contig350	2175	152	5
D3571.contig351	2174	125	9
D3571.contig352	2173	166	8
D3571.contig353	2168	218	13
D3571.contig354	2166	159	10
D3571.contig355	2159	364	11
D3571.contig356	2159	151	10
D3571.contig357	2151	186	8
D3571.contig358	2148	212	9
D3571.contig359	2144	177	6
D3571.contig360	2140	322	10
D3571.contig361	2126	263	15
D3571.contig362	2111	136	10
D3571.contig363	2089	122	5
D3571.contig364	2088	125	5
D3571.contig365	2086	153	9
D3571.contig366	2080	208	19
D3571.contig367	2076	148	6
D3571.contig368	2072	108	7
D3571.contig369	2070	185	18
D3571.contig370	2058	154	10
D3571.contig371	2056	120	10
D3571.contig372	2054	395	19
D3571.contig373	2054	295	27
D3571.contig374	2053	134	10
D3571.contig375	2044	182	4
D3571.contig376	2037	134	16
D3571.contig377	2036	257	18
D3571.contig378	2027	210	9
D3571.contig379	2027	196	13
D3571.contig380	2021	439	19
D3571.contig381	2015	141	20
D3571.contig382	2014	321	5
D3571.contig383	2001	139	10
D3571.contig384	1994	123	3
D3571.contig385	1976	195	9
D3571.contig386	1973	1594	66
D3571.contig387	1969	49015	1234
D3571.contig388	1961	163	10
D3571.contig389	1920	184	11
D3571.contig390	1917	233	10
D3571.contig391	1913	192	11
D3571.contig392	1902	162	15
D3571.contig393	1901	98	6
D3571.contig394	1893	153	5
D3571.contig395	1893	202	17
D3571.contig396	1891	220	8
D3571.contig397	1891	258	12
D3571.contig398	1883	4702	74
D3571.contig399	1875	168	11
D3571.contig400	1860	114	6
D3571.contig401	1853	187	7
D3571.contig402	1851	9570	126
D3571.contig403	1847	152	11
D3571.contig404	1844	122	5
D3571.contig405	1843	103	10
D3571.contig406	1842	389	16
D3571.contig407	1825	136	11
D3571.contig408	1822	108	14
D3571.contig409	1820	118	5
D3571.contig410	1816	182	8
D3571.contig411	1795	805	50
D3571.contig412	1794	90	7
D3571.contig413	1775	107	8
D3571.contig414	1774	123	6
D3571.contig415	1774	94	8
D3571.contig416	1771	173	10
D3571.contig417	1763	103	13
D3571.contig418	1761	126	5
D3571.contig419	1759	128	8
D3571.contig420	1757	581	25
D3571.contig421	1751	138	9
D3571.contig422	1749	83	7
D3571.contig423	1747	162	10
D3571.contig424	1740	171	4
D3571.contig425	1737	12864	513
D3571.contig426	1737	212	9
D3571.contig427	1736	98	2
D3571.contig428	1735	86	11
D3571.contig429	1733	82	10
D3571.contig430	1733	137	13
D3571.contig431	1727	1676	55
D3571.contig432	1725	189	14
D3571.contig433	1725	138	5
D3571.contig434	1721	152	10
D3571.contig435	1719	155	6
D3571.contig436	1716	913	69
D3571.contig437	1702	185	10
D3571.contig438	1698	121	13
D3571.contig439	1696	117	10
D3571.contig440	1696	281	6
D3571.contig441	1696	220	0
D3571.contig442	1691	178	6
D3571.contig443	1683	69	4
D3571.contig444	1679	135	10
D3571.contig445	1678	174	6
D3571.contig446	1676	166	15
D3571.contig447	1674	110	10
D3571.contig448	1672	125	7
D3571.contig449	1667	2767	72
D3571.contig450	1667	145	8
D3571.contig451	1663	211	23
D3571.contig452	1644	115	6
D3571.contig453	1633	117	13
D3571.contig454	1632	146	6
D3571.contig455	1631	627	29
D3571.contig456	1630	261	12
D3571.contig457	1628	71	8
D3571.contig458	1619	100	12
D3571.contig459	1614	148	9
D3571.contig460	1613	234	4
D3571.contig461	1611	134	5
D3571.contig462	1611	112	7
D3571.contig463	1608	169	6
D3571.contig464	1602	413	17
D3571.contig465	1600	458	40
D3571.contig466	1598	13158	149
D3571.contig467	1598	121	12
D3571.contig468	1592	212	10
D3571.contig469	1592	154	8
D3571.contig470	1587	198	5
D3571.contig471	1581	118	8
D3571.contig472	1576	136	11
D3571.contig473	1575	115	9
D3571.contig474	1571	88	7
D3571.contig475	1569	98	5
D3571.contig476	1567	139	5
D3571.contig477	1563	122	7
D3571.contig478	1560	148	11
D3571.contig479	1549	9683	211
D3571.contig480	1548	4243	100
D3571.contig481	1547	219	23
D3571.contig482	1542	122	11
D3571.contig483	1542	92	11
D3571.contig484	1541	94	7
D3571.contig485	1540	95	6
D3571.contig486	1539	99	12
D3571.contig487	1534	136	13
D3571.contig488	1533	136	9
D3571.contig489	1533	95	10
D3571.contig490	1530	406	9
D3571.contig491	1520	116	14
D3571.contig492	1519	150	3
D3571.contig493	1518	347	22
D3571.contig494	1515	97	7
D3571.contig495	1511	115	1
D3571.contig496	1509	238	6
D3571.contig497	1502	95	3
D3571.contig498	1502	95	8
D3571.contig499	1499	95	6
D3571.contig500	1494	72	5
D3571.contig501	1492	61	1
D3571.contig502	1478	177	12
D3571.contig503	1476	109	6
D3571.contig504	1474	97	6
D3571.contig505	1471	91	10
D3571.contig506	1469	18337	501
D3571.contig507	1466	4313	128
D3571.contig508	1466	4321	241
D3571.contig509	1465	148	8
D3571.contig510	1464	98	14
D3571.contig511	1460	115	4
D3571.contig512	1460	151	9
D3571.contig513	1455	92	9
D3571.contig514	1453	81	9
D3571.contig515	1453	86	6
D3571.contig516	1451	118	4
D3571.contig517	1449	62	8
D3571.contig518	1448	123	11
D3571.contig519	1445	80	16
D3571.contig520	1445	92	8
D3571.contig521	1437	104	5
D3571.contig522	1436	78	7
D3571.contig523	1433	127	9
D3571.contig524	1430	116	3
D3571.contig525	1426	106	10
D3571.contig526	1424	65	8
D3571.contig527	1422	121	3
D3571.contig528	1418	83	5
D3571.contig529	1415	93	8
D3571.contig530	1413	150	5
D3571.contig531	1410	98	8
D3571.contig532	1405	229	7
D3571.contig533	1404	87	8
D3571.contig534	1403	100	6
D3571.contig535	1402	79	7
D3571.contig536	1400	99	10
D3571.contig537	1398	762	20
D3571.contig538	1397	122	11
D3571.contig539	1395	128	9
D3571.contig540	1394	90	6
D3571.contig541	1394	168	4
D3571.contig542	1387	15643	393
D3571.contig543	1385	271	18
D3571.contig544	1384	152	9
D3571.contig545	1381	106	6
D3571.contig546	1380	151	10
D3571.contig547	1370	102	13
D3571.contig548	1370	103	8
D3571.contig549	1368	5178	422
D3571.contig550	1367	105	7
D3571.contig551	1367	114	4
D3571.contig552	1366	71	6
D3571.contig553	1366	53	7
D3571.contig554	1366	98	5
D3571.contig555	1364	63	7
D3571.contig556	1363	75	6
D3571.contig557	1359	96	7
D3571.contig558	1353	91	5
D3571.contig559	1353	117	13
D3571.contig560	1352	98	9
D3571.contig561	1349	115	3
D3571.contig562	1348	92	18
D3571.contig563	1345	176	7
D3571.contig564	1344	73	4
D3571.contig565	1343	66	7
D3571.contig566	1342	81	5
D3571.contig567	1342	216	7
D3571.contig568	1341	110	13
D3571.contig569	1340	137	2
D3571.contig570	1339	4361	226
D3571.contig571	1333	80	10
D3571.contig572	1333	110	2
D3571.contig573	1332	89	11
D3571.contig574	1323	90	6
D3571.contig575	1323	79	4
D3571.contig576	1319	123	6
D3571.contig577	1318	109	20
D3571.contig578	1314	143	15
D3571.contig579	1314	91	11
D3571.contig580	1312	2279	43
D3571.contig581	1310	52	6
D3571.contig582	1308	111	6
D3571.contig583	1306	109	5
D3571.contig584	1305	98	2
D3571.contig585	1303	134	6
D3571.contig586	1302	74	13
D3571.contig587	1299	91	8
D3571.contig588	1297	142	7
D3571.contig589	1296	86	5
D3571.contig590	1296	75	6
D3571.contig591	1294	73	15
D3571.contig592	1293	83	6
D3571.contig593	1292	92	6
D3571.contig594	1291	264	15
D3571.contig595	1288	70	6
D3571.contig596	1288	67	3
D3571.contig597	1287	3828	65
D3571.contig598	1284	105	4
D3571.contig599	1282	83	6
D3571.contig600	1280	68	7
D3571.contig601	1280	107	0
D3571.contig602	1274	78	9
D3571.contig603	1271	97	9
D3571.contig604	1266	91	8
D3571.contig605	1265	147	8
D3571.contig606	1265	76	6
D3571.contig607	1264	100	9
D3571.contig608	1264	63	11
D3571.contig609	1262	103	8
D3571.contig610	1261	81	12
D3571.contig611	1261	72	8
D3571.contig612	1260	4977	65
D3571.contig613	1258	79	3
D3571.contig614	1254	68	7
D3571.contig615	1253	132	10
D3571.contig616	1252	118	8
D3571.contig617	1251	101	5
D3571.contig618	1250	80	19
D3571.contig619	1249	167	6
D3571.contig620	1248	53	18
D3571.contig621	1248	134	8
D3571.contig622	1247	385	29
D3571.contig623	1247	78	10
D3571.contig624	1246	71	6
D3571.contig625	1244	73	7
D3571.contig626	1240	65	7
D3571.contig627	1239	69	8
D3571.contig628	1239	71	8
D3571.contig629	1239	76	1
D3571.contig630	1238	161	12
D3571.contig631	1235	195	7
D3571.contig632	1231	63	3
D3571.contig633	1228	84	3
D3571.contig634	1224	200	8
D3571.contig635	1222	94	4
D3571.contig636	1218	95	7
D3571.contig637	1214	69	5
D3571.contig638	1213	82	14
D3571.contig639	1212	85	10
D3571.contig640	1212	114	18
D3571.contig641	1211	85	8
D3571.contig642	1210	137	6
D3571.contig643	1207	180	10
D3571.contig644	1207	146	8
D3571.contig645	1207	67	10
D3571.contig646	1206	93	8
D3571.contig647	1206	58	19
D3571.contig648	1204	92	16
D3571.contig649	1200	83	11
D3571.contig650	1199	83	8
D3571.contig651	1198	123	10
D3571.contig652	1198	56	6
D3571.contig653	1195	74	7
D3571.contig654	1192	75	3
D3571.contig655	1192	118	4
D3571.contig656	1191	104	9
D3571.contig657	1190	60	13
D3571.contig658	1188	82	4
D3571.contig659	1188	77	12
D3571.contig660	1185	121	3
D3571.contig661	1184	110	14
D3571.contig662	1182	93	11
D3571.contig663	1180	126	20
D3571.contig664	1176	85	11
D3571.contig665	1176	92	11
D3571.contig666	1175	118	5
D3571.contig667	1175	48	11
D3571.contig668	1174	90	8
D3571.contig669	1172	134	3
D3571.contig670	1171	52	6
D3571.contig671	1170	43	13
D3571.contig672	1167	71	6
D3571.contig673	1167	106	9
D3571.contig674	1166	110	5
D3571.contig675	1165	70	9
D3571.contig676	1165	76	6
D3571.contig677	1162	105	9
D3571.contig678	1159	7732	98
D3571.contig679	1155	111	3
D3571.contig680	1154	42	6
D3571.contig681	1152	48	10
D3571.contig682	1148	97	7
D3571.contig683	1146	63	9
D3571.contig684	1145	81	3
D3571.contig685	1142	586	6
D3571.contig686	1138	70	5
D3571.contig687	1135	59	7
D3571.contig688	1134	70	11
D3571.contig689	1132	67	7
D3571.contig690	1131	56	5
D3571.contig691	1129	78	8
D3571.contig692	1128	72	8
D3571.contig693	1124	82	11
D3571.contig694	1122	885	24
D3571.contig695	1122	69	13
D3571.contig696	1122	109	8
D3571.contig697	1120	72	10
D3571.contig698	1119	52	7
D3571.contig699	1118	49	5
D3571.contig700	1118	48	7
D3571.contig701	1118	3374	297
D3571.contig702	1115	73	6
D3571.contig703	1114	72	3
D3571.contig704	1108	56	8
D3571.contig705	1107	2629	28
D3571.contig706	1107	8804	442
D3571.contig707	1107	70	9
D3571.contig708	1105	78	14
D3571.contig709	1105	76	3
D3571.contig710	1104	102	5
D3571.contig711	1103	50	7
D3571.contig712	1099	87	3
D3571.contig713	1096	97	8
D3571.contig714	1096	124	5
D3571.contig715	1089	46	10
D3571.contig716	1088	56	3
D3571.contig717	1088	1884	80
D3571.contig718	1087	77	3
D3571.contig719	1084	41	11
D3571.contig720	1082	132	5
D3571.contig721	1080	89	8
D3571.contig722	1079	60	11
D3571.contig723	1077	279	10
D3571.contig724	1074	67	6
D3571.contig725	1073	68	4
D3571.contig726	1072	33	10
D3571.contig727	1071	55	6
D3571.contig728	1070	65	4
D3571.contig729	1069	73	3
D3571.contig730	1069	95	4
D3571.contig731	1066	143	12
D3571.contig732	1066	82	8
D3571.contig733	1065	92	9
D3571.contig734	1065	30361	1546
D3571.contig735	1065	58	8
D3571.contig736	1064	175	21
D3571.contig737	1063	99	9
D3571.contig738	1061	98	6
D3571.contig739	1059	105	7
D3571.contig740	1058	44	5
D3571.contig741	1055	78	9
D3571.contig742	1054	69	1
D3571.contig743	1052	71	6
D3571.contig744	1051	86	9
D3571.contig745	1048	69	3
D3571.contig746	1047	45	5
D3571.contig747	1044	99	7
D3571.contig748	1044	68	6
D3571.contig749	1044	66	6
D3571.contig750	1043	3159	87
D3571.contig751	1043	46	4
D3571.contig752	1040	117	4
D3571.contig753	1038	53	7
D3571.contig754	1034	53	6
D3571.contig755	1028	52	4
D3571.contig756	1027	61	5
D3571.contig757	1027	75	13
D3571.contig758	1023	76	4
D3571.contig759	1020	107	5
D3571.contig760	1018	60	7
D3571.contig761	1017	73	10
D3571.contig762	1017	92	6
D3571.contig763	1017	58	6
D3571.contig764	1016	53	7
D3571.contig765	1015	63	9
D3571.contig766	1015	75	9
D3571.contig767	1013	50	2
D3571.contig768	1013	80	10
D3571.contig769	1012	63	11
D3571.contig770	1011	63	8
D3571.contig771	1011	75	12
D3571.contig772	1011	44	4
D3571.contig773	1008	66	6
D3571.contig774	1005	60	4
D3571.contig775	1003	58	2
D3571.contig776	1001	46	3
D3571.contig777	1000	93	3
D3571.contig778	997	165	14
D3571.contig779	997	55	5
D3571.contig780	996	61	11
D3571.contig781	995	143	8
D3571.contig782	995	82	12
D3571.contig783	995	77	10
D3571.contig784	993	70	5
D3571.contig785	993	38	8
D3571.contig786	993	55	12
D3571.contig787	990	57	8
D3571.contig788	989	51	4
D3571.contig789	988	73	4
D3571.contig790	983	46	6
D3571.contig791	980	216	5
D3571.contig792	980	35	13
D3571.contig793	979	6324	185
D3571.contig794	975	45	8
D3571.contig795	972	54	3
D3571.contig796	971	39	11
D3571.contig797	971	49	10
D3571.contig798	971	58	5
D3571.contig799	971	59	11
D3571.contig800	969	52	4
D3571.contig801	968	62	7
D3571.contig802	968	117	8
D3571.contig803	968	86	10
D3571.contig804	967	42	2
D3571.contig805	967	61	14
D3571.contig806	967	71	11
D3571.contig807	967	47	3
D3571.contig808	965	70	6
D3571.contig809	963	42	8
D3571.contig810	960	53	2
D3571.contig811	960	92	10
D3571.contig812	958	1565	56
D3571.contig813	954	95	7
D3571.contig814	953	49	7
D3571.contig815	953	48	3
D3571.contig816	950	49	6
D3571.contig817	948	5881	189
D3571.contig818	948	62	7
D3571.contig819	946	5166	176
D3571.contig820	946	54	7
D3571.contig821	943	53	6
D3571.contig822	943	40	2
D3571.contig823	941	63	3
D3571.contig824	941	39	10
D3571.contig825	940	61	4
D3571.contig826	937	59	7
D3571.contig827	937	40	4
D3571.contig828	937	64	7
D3571.contig829	936	49	5
D3571.contig830	936	49	3
D3571.contig831	934	55	7
D3571.contig832	933	86	2
D3571.contig833	933	47	7
D3571.contig834	931	52	2
D3571.contig835	930	143	8
D3571.contig836	929	77	7
D3571.contig837	928	48	4
D3571.contig838	927	42	6
D3571.contig839	926	37	7
D3571.contig840	925	37	5
D3571.contig841	925	57	7
D3571.contig842	924	115	6
D3571.contig843	922	39	11
D3571.contig844	919	48	10
D3571.contig845	919	85	7
D3571.contig846	918	37	7
D3571.contig847	917	55	7
D3571.contig848	917	36	5
D3571.contig849	917	48	8
D3571.contig850	917	41	11
D3571.contig851	916	474	21
D3571.contig852	916	80	5
D3571.contig853	915	43	5
D3571.contig854	914	34	4
D3571.contig855	913	742	32
D3571.contig856	913	42	7
D3571.contig857	913	43	4
D3571.contig858	911	58	9
D3571.contig859	910	41	7
D3571.contig860	908	100	3
D3571.contig861	908	42	3
D3571.contig862	908	53	6
D3571.contig863	907	38	1
D3571.contig864	905	39	5
D3571.contig865	905	32	5
D3571.contig866	905	67	3
D3571.contig867	904	44	7
D3571.contig868	903	46	9
D3571.contig869	902	69	6
D3571.contig870	898	80	8
D3571.contig871	896	45	6
D3571.contig872	896	65	6
D3571.contig873	895	35	9
D3571.contig874	893	54	3
D3571.contig875	892	38	5
D3571.contig876	892	44	5
D3571.contig877	892	70	5
D3571.contig878	891	27	11
D3571.contig879	890	79	10
D3571.contig880	888	49	7
D3571.contig881	888	50	8
D3571.contig882	885	61	9
D3571.contig883	885	27	5
D3571.contig884	885	50	10
D3571.contig885	883	50	6
D3571.contig886	882	83	8
D3571.contig887	881	85	8
D3571.contig888	881	74	15
D3571.contig889	880	45	4
D3571.contig890	880	81	2
D3571.contig891	879	40	6
D3571.contig892	879	4665	159
D3571.contig893	879	33	7
D3571.contig894	879	61	7
D3571.contig895	878	49	9
D3571.contig896	878	46	4
D3571.contig897	878	28	2
D3571.contig898	878	90	4
D3571.contig899	876	34	5
D3571.contig900	876	52	5
D3571.contig901	875	371	20
D3571.contig902	875	39	7
D3571.contig903	875	50	9
D3571.contig904	873	35	6
D3571.contig905	873	217	7
D3571.contig906	872	62	13
D3571.contig907	871	62	5
D3571.contig908	871	66	5
D3571.contig909	870	46	6
D3571.contig910	869	61	8
D3571.contig911	868	51	5
D3571.contig912	868	54	4
D3571.contig913	867	86	2
D3571.contig914	866	111	4
D3571.contig915	866	725	26
D3571.contig916	866	139	1
D3571.contig917	866	55	9
D3571.contig918	865	1219	31
D3571.contig919	865	46	4
D3571.contig920	865	39	5
D3571.contig921	864	41	9
D3571.contig922	864	27	7
D3571.contig923	863	55	7
D3571.contig924	862	60	5
D3571.contig925	862	45	6
D3571.contig926	862	75	3
D3571.contig927	861	46	9
D3571.contig928	858	50	1
D3571.contig929	858	43	3
D3571.contig930	857	30	8
D3571.contig931	856	37	9
D3571.contig932	855	48	4
D3571.contig933	855	29	7
D3571.contig934	855	56	5
D3571.contig935	852	53	10
D3571.contig936	851	32	3
D3571.contig937	850	37	5
D3571.contig938	850	49	4
D3571.contig939	849	117	11
D3571.contig940	849	54	5
D3571.contig941	849	45	6
D3571.contig942	848	34	4
D3571.contig943	847	31	7
D3571.contig944	847	50	6
D3571.contig945	846	94	3
D3571.contig946	843	56	10
D3571.contig947	843	70	4
D3571.contig948	843	61	6
D3571.contig949	841	62	5
D3571.contig950	841	52	3
D3571.contig951	840	38	4
D3571.contig952	840	53	4
D3571.contig953	840	66	2
D3571.contig954	837	59	8
D3571.contig955	835	24	3
D3571.contig956	833	44	6
D3571.contig957	833	58	10
D3571.contig958	831	87	11
D3571.contig959	830	47	5
D3571.contig960	829	74	3
D3571.contig961	829	44	5
D3571.contig962	829	64	4
D3571.contig963	827	61	6
D3571.contig964	827	888	39
D3571.contig965	826	47	9
D3571.contig966	826	37	9
D3571.contig967	825	41	10
D3571.contig968	825	40	4
D3571.contig969	825	36	4
D3571.contig970	824	26	7
D3571.contig971	824	64	4
D3571.contig972	823	97	2
D3571.contig973	823	24	6
D3571.contig974	822	40	7
D3571.contig975	820	37	8
D3571.contig976	820	52	10
D3571.contig977	820	67	7
D3571.contig978	819	2217	159
D3571.contig979	818	54	10
D3571.contig980	817	29	11
D3571.contig981	817	67	3
D3571.contig982	816	36	3
D3571.contig983	815	45	8
D3571.contig984	814	46	5
D3571.contig985	814	67	4
D3571.contig986	812	67	4
D3571.contig987	811	52	9
D3571.contig988	810	37	4
D3571.contig989	809	67	6
D3571.contig990	809	6818	172
D3571.contig991	809	1322	32
D3571.contig992	809	50	8
D3571.contig993	804	50	6
D3571.contig994	804	39	8
D3571.contig995	804	60	5
D3571.contig996	804	93	3
D3571.contig997	803	45	8
D3571.contig998	801	48	3
D3571.contig999	800	105	4
D3571.contig1000	799	51	11
D3571.contig1001	798	53	3
D3571.contig1002	798	33	6
D3571.contig1003	794	62	2
D3571.contig1004	793	38295	1852
D3571.contig1005	793	30	8
D3571.contig1006	792	41	3
D3571.contig1007	791	104	10
D3571.contig1008	791	40	8
D3571.contig1009	790	124	6
D3571.contig1010	790	75	8
D3571.contig1011	790	36	2
D3571.contig1012	789	155	23
D3571.contig1013	789	39	9
D3571.contig1014	788	64	9
D3571.contig1015	788	52	16
D3571.contig1016	788	39	11
D3571.contig1017	788	32	1
D3571.contig1018	787	56	6
D3571.contig1019	787	30	4
D3571.contig1020	786	30	5
D3571.contig1021	785	26	10
D3571.contig1022	785	27	8
D3571.contig1023	783	41	6
D3571.contig1024	783	73	5
D3571.contig1025	782	27	7
D3571.contig1026	782	38	10
D3571.contig1027	782	29	7
D3571.contig1028	782	58	5
D3571.contig1029	782	53	3
D3571.contig1030	782	52	5
D3571.contig1031	781	37	12
D3571.contig1032	780	35	8
D3571.contig1033	778	49	1
D3571.contig1034	777	35	7
D3571.contig1035	777	29	4
D3571.contig1036	776	118	13
D3571.contig1037	776	51	4
D3571.contig1038	776	39	5
D3571.contig1039	776	99	8
D3571.contig1040	775	28	6
D3571.contig1041	774	51	8
D3571.contig1042	773	40	6
D3571.contig1043	773	72	5
D3571.contig1044	773	46	4
D3571.contig1045	772	30	1
D3571.contig1046	772	103	6
D3571.contig1047	771	46	4
D3571.contig1048	770	34	8
D3571.contig1049	770	1886	50
D3571.contig1050	769	188	12
D3571.contig1051	769	46	9
D3571.contig1052	768	28	8
D3571.contig1053	768	57	1
D3571.contig1054	767	29	2
D3571.contig1055	765	28	4
D3571.contig1056	764	42	3
D3571.contig1057	764	42	6
D3571.contig1058	764	84	8
D3571.contig1059	764	57	6
D3571.contig1060	763	31	9
D3571.contig1061	762	42	5
D3571.contig1062	761	27	5
D3571.contig1063	760	41	10
D3571.contig1064	760	45	8
D3571.contig1065	760	43	9
D3571.contig1066	759	34	4
D3571.contig1067	758	27	11
D3571.contig1068	758	60	6
D3571.contig1069	758	25	5
D3571.contig1070	757	32	6
D3571.contig1071	757	46	6
D3571.contig1072	756	52	6
D3571.contig1073	755	64	10
D3571.contig1074	751	41	4
D3571.contig1075	750	49	7
D3571.contig1076	750	43	12
D3571.contig1077	750	40	7
D3571.contig1078	747	34	3
D3571.contig1079	746	87	1
D3571.contig1080	746	31	7
D3571.contig1081	746	44	3
D3571.contig1082	744	30	9
D3571.contig1083	742	3279	74
D3571.contig1084	742	27	8
D3571.contig1085	742	38	5
D3571.contig1086	741	43	13
D3571.contig1087	740	50	2
D3571.contig1088	740	69	8
D3571.contig1089	740	53	10
D3571.contig1090	739	98	14
D3571.contig1091	738	43	1
D3571.contig1092	738	71	12
D3571.contig1093	738	45	5
D3571.contig1094	737	58	9
D3571.contig1095	737	49	0
D3571.contig1096	736	24	2
D3571.contig1097	732	34	3
D3571.contig1098	731	32	9
D3571.contig1099	731	39	1
D3571.contig1100	730	35	5
D3571.contig1101	729	48	5
D3571.contig1102	729	23	5
D3571.contig1103	728	22	5
D3571.contig1104	727	49	2
D3571.contig1105	725	36	6
D3571.contig1106	725	31	8
D3571.contig1107	724	3121	52
D3571.contig1108	724	39	5
D3571.contig1109	722	32	6
D3571.contig1110	722	70	3
D3571.contig1111	721	27	2
D3571.contig1112	720	20	6
D3571.contig1113	719	556	12
D3571.contig1114	719	46	6
D3571.contig1115	718	25	6
D3571.contig1116	718	43	5
D3571.contig1117	718	25	4
D3571.contig1118	717	24	6
D3571.contig1119	717	36	12
D3571.contig1120	716	30	10
D3571.contig1121	716	37	6
D3571.contig1122	715	10333	350
D3571.contig1123	714	17	4
D3571.contig1124	714	76	6
D3571.contig1125	713	31	7
D3571.contig1126	713	79	5
D3571.contig1127	713	39	3
D3571.contig1128	712	38	6
D3571.contig1129	712	33	3
D3571.contig1130	710	30	4
D3571.contig1131	710	21	6
D3571.contig1132	709	49	2
D3571.contig1133	709	34	2
D3571.contig1134	708	59	6
D3571.contig1135	707	40	1
D3571.contig1136	707	40	6
D3571.contig1137	706	31	7
D3571.contig1138	706	201	14
D3571.contig1139	705	27	7
D3571.contig1140	705	36	3
D3571.contig1141	704	156	5
D3571.contig1142	704	34	9
D3571.contig1143	704	26	8
D3571.contig1144	703	54	3
D3571.contig1145	703	41	11
D3571.contig1146	702	32	4
D3571.contig1147	701	29	6
D3571.contig1148	700	66	1
D3571.contig1149	699	25	11
D3571.contig1150	699	69	6
D3571.contig1151	698	1457	246
D3571.contig1152	698	33	2
D3571.contig1153	697	51	6
D3571.contig1154	697	21	5
D3571.contig1155	696	32	7
D3571.contig1156	695	32	7
D3571.contig1157	695	33	2
D3571.contig1158	694	22	7
D3571.contig1159	694	39	8
D3571.contig1160	694	39	6
D3571.contig1161	694	3059	102
D3571.contig1162	693	34	8
D3571.contig1163	692	48	11
D3571.contig1164	692	35	9
D3571.contig1165	692	52	2
D3571.contig1166	691	41	10
D3571.contig1167	690	29	7
D3571.contig1168	689	41	3
D3571.contig1169	689	38	6
D3571.contig1170	689	26	6
D3571.contig1171	689	161	5
D3571.contig1172	688	36	5
D3571.contig1173	688	38	7
D3571.contig1174	688	52	8
D3571.contig1175	687	50	4
D3571.contig1176	687	25	1
D3571.contig1177	687	33	1
D3571.contig1178	686	24	8
D3571.contig1179	685	46	6
D3571.contig1180	685	35	9
D3571.contig1181	685	33	5
D3571.contig1182	685	29	0
D3571.contig1183	684	34	10
D3571.contig1184	684	28	4
D3571.contig1185	684	56	7
D3571.contig1186	683	41	3
D3571.contig1187	682	27	5
D3571.contig1188	681	63	5
D3571.contig1189	681	73	11
D3571.contig1190	681	37	7
D3571.contig1191	680	51	6
D3571.contig1192	680	29	5
D3571.contig1193	679	47	6
D3571.contig1194	679	13806	687
D3571.contig1195	679	27	12
D3571.contig1196	678	48	4
D3571.contig1197	678	39	7
D3571.contig1198	677	29	4
D3571.contig1199	677	57	7
D3571.contig1200	677	38	4
D3571.contig1201	677	76	5
D3571.contig1202	676	52	5
D3571.contig1203	676	30	5
D3571.contig1204	674	37	6
D3571.contig1205	674	22	5
D3571.contig1206	674	36	7
D3571.contig1207	674	23	5
D3571.contig1208	673	54	6
D3571.contig1209	673	73	4
D3571.contig1210	672	58	2
D3571.contig1211	672	56	8
D3571.contig1212	672	24	6
D3571.contig1213	672	29	1
D3571.contig1214	671	46	3
D3571.contig1215	671	45	6
D3571.contig1216	670	33	5
D3571.contig1217	670	33	2
D3571.contig1218	670	40	7
D3571.contig1219	669	47	9
D3571.contig1220	669	27	3
D3571.contig1221	669	19	11
D3571.contig1222	668	28	3
D3571.contig1223	668	22	5
D3571.contig1224	668	42	9
D3571.contig1225	667	30	2
D3571.contig1226	666	42	11
D3571.contig1227	666	1390	33
D3571.contig1228	666	48	3
D3571.contig1229	666	25	8
D3571.contig1230	665	18	6
D3571.contig1231	665	22	6
D3571.contig1232	665	30	6
D3571.contig1233	663	55	7
D3571.contig1234	663	27	6
D3571.contig1235	663	22	4
D3571.contig1236	663	44	15
D3571.contig1237	663	31	4
D3571.contig1238	663	26	10
D3571.contig1239	661	41	2
D3571.contig1240	660	65	5
D3571.contig1241	659	25	7
D3571.contig1242	659	47	5
D3571.contig1243	658	49	8
D3571.contig1244	657	30	5
D3571.contig1245	657	24	6
D3571.contig1246	656	31	5
D3571.contig1247	656	48	7
D3571.contig1248	656	31	6
D3571.contig1249	655	48	4
D3571.contig1250	654	45	7
D3571.contig1251	654	23	9
D3571.contig1252	653	25	7
D3571.contig1253	652	30	8
D3571.contig1254	652	14	3
D3571.contig1255	652	27	9
D3571.contig1256	652	36	3
D3571.contig1257	651	29	6
D3571.contig1258	651	25	3
D3571.contig1259	650	79	5
D3571.contig1260	650	35	6
D3571.contig1261	650	32	5
D3571.contig1262	650	24	2
D3571.contig1263	649	40	1
D3571.contig1264	649	25	4
D3571.contig1265	647	23	7
D3571.contig1266	647	26	3
D3571.contig1267	646	21	7
D3571.contig1268	646	36	7
D3571.contig1269	646	39	2
D3571.contig1270	646	39	3
D3571.contig1271	645	25	6
D3571.contig1272	644	50	4
D3571.contig1273	644	29	2
D3571.contig1274	643	20	4
D3571.contig1275	643	29	7
D3571.contig1276	643	28	6
D3571.contig1277	643	25	2
D3571.contig1278	643	39	3
D3571.contig1279	643	30	5
D3571.contig1280	642	27	7
D3571.contig1281	642	42	7
D3571.contig1282	640	30	4
D3571.contig1283	638	23	5
D3571.contig1284	637	25	11
D3571.contig1285	636	35	11
D3571.contig1286	636	38	7
D3571.contig1287	636	28	6
D3571.contig1288	636	2962	86
D3571.contig1289	635	24	8
D3571.contig1290	635	32	8
D3571.contig1291	635	25	3
D3571.contig1292	635	18	9
D3571.contig1293	634	16	6
D3571.contig1294	634	40	6
D3571.contig1295	634	32	3
D3571.contig1296	633	40	10
D3571.contig1297	633	25	6
D3571.contig1298	633	48	7
D3571.contig1299	633	22	5
D3571.contig1300	633	68	2
D3571.contig1301	632	39	7
D3571.contig1302	632	22	1
D3571.contig1303	631	27	4
D3571.contig1304	631	22	5
D3571.contig1305	631	35	6
D3571.contig1306	631	14	3
D3571.contig1307	630	38	7
D3571.contig1308	629	24	5
D3571.contig1309	629	67	8
D3571.contig1310	629	30	9
D3571.contig1311	629	22	6
D3571.contig1312	627	30	9
D3571.contig1313	627	30	18
D3571.contig1314	627	57	12
D3571.contig1315	627	27	3
D3571.contig1316	627	22	8
D3571.contig1317	626	16	5
D3571.contig1318	626	53	4
D3571.contig1319	626	29	2
D3571.contig1320	625	41	4
D3571.contig1321	624	32	11
D3571.contig1322	624	43	7
D3571.contig1323	623	42	7
D3571.contig1324	623	60	12
D3571.contig1325	623	26	4
D3571.contig1326	622	34	8
D3571.contig1327	621	60	7
D3571.contig1328	621	28	2
D3571.contig1329	621	38	0
D3571.contig1330	620	19	6
D3571.contig1331	619	29	5
D3571.contig1332	619	31	13
D3571.contig1333	618	36	12
D3571.contig1334	618	46	15
D3571.contig1335	617	41	10
D3571.contig1336	616	21	9
D3571.contig1337	616	20	8
D3571.contig1338	615	36	13
D3571.contig1339	615	31	5
D3571.contig1340	615	39	8
D3571.contig1341	615	29	8
D3571.contig1342	615	33	9
D3571.contig1343	614	34	6
D3571.contig1344	612	20	10
D3571.contig1345	612	29	9
D3571.contig1346	611	35	4
D3571.contig1347	611	27	7
D3571.contig1348	611	29	4
D3571.contig1349	611	55	1
D3571.contig1350	609	48	4
D3571.contig1351	609	23	0
D3571.contig1352	608	31	7
D3571.contig1353	608	24	4
D3571.contig1354	608	18	1
D3571.contig1355	607	48	5
D3571.contig1356	607	32	3
D3571.contig1357	607	79	3
D3571.contig1358	606	32	5
D3571.contig1359	606	33	6
D3571.contig1360	606	55	8
D3571.contig1361	606	33	6
D3571.contig1362	606	24	4
D3571.contig1363	606	17	6
D3571.contig1364	605	20	5
D3571.contig1365	604	43	3
D3571.contig1366	604	26	7
D3571.contig1367	603	46	6
D3571.contig1368	603	1689	26
D3571.contig1369	601	30	9
D3571.contig1370	601	23	7
D3571.contig1371	601	24	3
D3571.contig1372	601	28	6
D3571.contig1373	601	27	9
D3571.contig1374	600	46	8
D3571.contig1375	598	20	3
D3571.contig1376	598	36	18
D3571.contig1377	598	32	6
D3571.contig1378	598	17	9
D3571.contig1379	597	24	4
D3571.contig1380	596	22	7
D3571.contig1381	596	18	6
D3571.contig1382	596	33	3
D3571.contig1383	596	27	9
D3571.contig1384	596	29	5
D3571.contig1385	596	53	3
D3571.contig1386	594	18	4
D3571.contig1387	594	32	2
D3571.contig1388	594	34	2
D3571.contig1389	593	19	8
D3571.contig1390	593	19	10
D3571.contig1391	593	41	9
D3571.contig1392	592	21	6
D3571.contig1393	592	22	6
D3571.contig1394	592	25	8
D3571.contig1395	592	19	7
D3571.contig1396	591	29	6
D3571.contig1397	591	15	1
D3571.contig1398	590	21	12
D3571.contig1399	589	17	9
D3571.contig1400	589	25	5
D3571.contig1401	589	37	10
D3571.contig1402	589	54	11
D3571.contig1403	589	24	4
D3571.contig1404	589	20	8
D3571.contig1405	588	27	4
D3571.contig1406	588	59	2
D3571.contig1407	588	41	1
D3571.contig1408	588	211	13
D3571.contig1409	587	62	0
D3571.contig1410	587	29	4
D3571.contig1411	586	25	1
D3571.contig1412	585	65	7
D3571.contig1413	585	54	5
D3571.contig1414	585	18	3
D3571.contig1415	585	37	6
D3571.contig1416	584	22	4
D3571.contig1417	584	67	4
D3571.contig1418	584	14	6
D3571.contig1419	584	28	2
D3571.contig1420	583	18	5
D3571.contig1421	582	26	9
D3571.contig1422	582	23	7
D3571.contig1423	581	24	5
D3571.contig1424	581	30	5
D3571.contig1425	581	34	5
D3571.contig1426	581	14	8
D3571.contig1427	581	18	5
D3571.contig1428	581	31	1
D3571.contig1429	580	39	18
D3571.contig1430	580	45	10
D3571.contig1431	580	21	11
D3571.contig1432	580	20	6
D3571.contig1433	580	19	5
D3571.contig1434	580	30	12
D3571.contig1435	579	14	6
D3571.contig1436	579	30	8
D3571.contig1437	579	35	6
D3571.contig1438	578	21	2
D3571.contig1439	578	34	5
D3571.contig1440	577	34	3
D3571.contig1441	577	24	8
D3571.contig1442	577	504	6
D3571.contig1443	576	39	2
D3571.contig1444	576	33	10
D3571.contig1445	576	24	5
D3571.contig1446	576	49	4
D3571.contig1447	575	29	3
D3571.contig1448	574	60	3
D3571.contig1449	574	22	3
D3571.contig1450	574	22	10
D3571.contig1451	573	20	6
D3571.contig1452	573	48	7
D3571.contig1453	572	23	7
D3571.contig1454	571	78	1
D3571.contig1455	570	20	7
D3571.contig1456	570	16	6
D3571.contig1457	570	37	2
D3571.contig1458	570	31	6
D3571.contig1459	570	14	8
D3571.contig1460	570	39	5
D3571.contig1461	569	19	7
D3571.contig1462	569	25	3
D3571.contig1463	568	26	8
D3571.contig1464	568	19	7
D3571.contig1465	568	38	5
D3571.contig1466	568	30	5
D3571.contig1467	568	17	5
D3571.contig1468	567	27	7
D3571.contig1469	567	25	6
D3571.contig1470	567	25	5
D3571.contig1471	567	64	6
D3571.contig1472	566	34	3
D3571.contig1473	566	22	1
D3571.contig1474	565	26	3
D3571.contig1475	565	31	7
D3571.contig1476	565	32	5
D3571.contig1477	565	32	7
D3571.contig1478	565	44	12
D3571.contig1479	565	19	5
D3571.contig1480	565	19	7
D3571.contig1481	564	22	5
D3571.contig1482	564	31	5
D3571.contig1483	564	23	3
D3571.contig1484	564	29	5
D3571.contig1485	563	28	5
D3571.contig1486	563	38	7
D3571.contig1487	562	29	0
D3571.contig1488	562	21	6
D3571.contig1489	562	17	12
D3571.contig1490	561	37	4
D3571.contig1491	561	14	4
D3571.contig1492	560	20	4
D3571.contig1493	559	19	4
D3571.contig1494	558	40	10
D3571.contig1495	558	22	8
D3571.contig1496	558	24	4
D3571.contig1497	558	36	7
D3571.contig1498	557	31	8
D3571.contig1499	556	34	4
D3571.contig1500	556	24	4
D3571.contig1501	556	46	7
D3571.contig1502	556	52	4
D3571.contig1503	556	27	6
D3571.contig1504	556	19	3
D3571.contig1505	555	20	3
D3571.contig1506	555	25	10
D3571.contig1507	555	20	7
D3571.contig1508	555	26	0
D3571.contig1509	554	19	5
D3571.contig1510	554	20	1
D3571.contig1511	553	9	3
D3571.contig1512	553	20	4
D3571.contig1513	553	69	15
D3571.contig1514	553	26	5
D3571.contig1515	552	16	7
D3571.contig1516	552	25	2
D3571.contig1517	551	28	4
D3571.contig1518	551	22	2
D3571.contig1519	551	44	8
D3571.contig1520	551	24	3
D3571.contig1521	551	28	3
D3571.contig1522	550	42	9
D3571.contig1523	550	150	17
D3571.contig1524	549	18	4
D3571.contig1525	549	62	3
D3571.contig1526	549	22	4
D3571.contig1527	548	52	12
D3571.contig1528	548	35	5
D3571.contig1529	548	35	3
D3571.contig1530	547	67	7
D3571.contig1531	547	39	3
D3571.contig1532	546	22	6
D3571.contig1533	546	23	8
D3571.contig1534	546	18	8
D3571.contig1535	546	15	5
D3571.contig1536	545	27	5
D3571.contig1537	545	17	8
D3571.contig1538	545	54	8
D3571.contig1539	545	35	5
D3571.contig1540	545	12	4
D3571.contig1541	544	25	3
D3571.contig1542	544	23	5
D3571.contig1543	543	31	7
D3571.contig1544	543	14	6
D3571.contig1545	543	31	5
D3571.contig1546	543	40	5
D3571.contig1547	542	24	10
D3571.contig1548	542	32	9
D3571.contig1549	542	33	4
D3571.contig1550	541	84	3
D3571.contig1551	541	18	7
D3571.contig1552	541	20	11
D3571.contig1553	541	19	7
D3571.contig1554	541	31	7
D3571.contig1555	541	28	5
D3571.contig1556	540	39	5
D3571.contig1557	540	36	6
D3571.contig1558	538	18	6
D3571.contig1559	536	19	5
D3571.contig1560	535	11	9
D3571.contig1561	535	26	2
D3571.contig1562	535	17	3
D3571.contig1563	534	22	7
D3571.contig1564	534	38	5
D3571.contig1565	534	16	6
D3571.contig1566	534	13	3
D3571.contig1567	534	24	5
D3571.contig1568	533	34	7
D3571.contig1569	533	39	8
D3571.contig1570	533	28	4
D3571.contig1571	533	18	2
D3571.contig1572	533	34	2
D3571.contig1573	533	27	5
D3571.contig1574	533	21	3
D3571.contig1575	532	20	8
D3571.contig1576	532	16	6
D3571.contig1577	531	35	5
D3571.contig1578	531	36	6
D3571.contig1579	531	19	7
D3571.contig1580	531	27	5
D3571.contig1581	531	18	4
D3571.contig1582	531	28	4
D3571.contig1583	530	19	5
D3571.contig1584	530	35	2
D3571.contig1585	530	14	5
D3571.contig1586	530	20	5
D3571.contig1587	529	32	7
D3571.contig1588	529	20	13
D3571.contig1589	529	21	4
D3571.contig1590	528	18	3
D3571.contig1591	528	22	7
D3571.contig1592	528	16	12
D3571.contig1593	527	28	5
D3571.contig1594	527	21	6
D3571.contig1595	527	18	4
D3571.contig1596	527	27	4
D3571.contig1597	527	32	5
D3571.contig1598	526	23	15
D3571.contig1599	525	1394	53
D3571.contig1600	525	18	8
D3571.contig1601	525	56	6
D3571.contig1602	525	26	12
D3571.contig1603	524	33	4
D3571.contig1604	524	19	5
D3571.contig1605	524	27	6
D3571.contig1606	523	19	7
D3571.contig1607	523	19	5
D3571.contig1608	523	31	6
D3571.contig1609	522	23	3
D3571.contig1610	522	34	8
D3571.contig1611	522	28	3
D3571.contig1612	521	21	11
D3571.contig1613	521	13	1
D3571.contig1614	521	23	2
D3571.contig1615	521	46	9
D3571.contig1616	521	27	7
D3571.contig1617	520	23	1
D3571.contig1618	520	35	4
D3571.contig1619	520	42	5
D3571.contig1620	520	19	5
D3571.contig1621	520	11	6
D3571.contig1622	519	18	5
D3571.contig1623	519	14	4
D3571.contig1624	519	20	6
D3571.contig1625	519	16	8
D3571.contig1626	519	23	3
D3571.contig1627	518	34	12
D3571.contig1628	518	20	6
D3571.contig1629	517	22	2
D3571.contig1630	517	25	7
D3571.contig1631	517	8	7
D3571.contig1632	516	21	2
D3571.contig1633	515	18	4
D3571.contig1634	515	38	4
D3571.contig1635	515	18	6
D3571.contig1636	514	19	3
D3571.contig1637	514	25	1
D3571.contig1638	514	28	7
D3571.contig1639	514	28	6
D3571.contig1640	514	29	2
D3571.contig1641	513	21	9
D3571.contig1642	512	35	5
D3571.contig1643	512	35	15
D3571.contig1644	511	25	7
D3571.contig1645	511	40	11
D3571.contig1646	511	27	3
D3571.contig1647	511	51	11
D3571.contig1648	510	25	8
D3571.contig1649	510	63	1
D3571.contig1650	509	17	2
D3571.contig1651	509	15	8
D3571.contig1652	508	17	4
D3571.contig1653	507	40	6
D3571.contig1654	507	20	4
D3571.contig1655	506	22	2
D3571.contig1656	506	12	4
D3571.contig1657	506	23	4
D3571.contig1658	505	16	4
D3571.contig1659	505	39	5
D3571.contig1660	505	22	4
D3571.contig1661	505	17	4
D3571.contig1662	504	16	0
D3571.contig1663	504	24	0
D3571.contig1664	504	29	7
D3571.contig1665	504	26	7
D3571.contig1666	504	25	9
D3571.contig1667	504	27	16
D3571.contig1668	503	17	3
D3571.contig1669	503	30	7
D3571.contig1670	503	14	4
D3571.contig1671	503	16	4
D3571.contig1672	503	18	4
D3571.contig1673	502	21	5
D3571.contig1674	502	22	6
D3571.contig1675	502	26	9
D3571.contig1676	502	15	7
D3571.contig1677	502	3610	147
D3571.contig1678	502	15	3
D3571.contig1679	502	9	1
D3571.contig1680	502	10	6
D3571.contig1681	501	18	6
D3571.contig1682	501	27	9
D3571.contig1683	501	43	3
D3571.contig1684	501	28	8
D3571.contig1685	501	19	5
D3571.contig1686	500	45	5
D3571.contig1687	500	20	2
D3571.contig1688	499	7	3
D3571.contig1689	499	26	4
D3571.contig1690	498	110	17
D3571.contig1691	498	31	9
D3571.contig1692	498	19	5
D3571.contig1693	498	12	8
D3571.contig1694	497	22	4
D3571.contig1695	496	82	10
D3571.contig1696	496	11	5
D3571.contig1697	495	25	4
D3571.contig1698	495	24	9
D3571.contig1699	495	40	4
D3571.contig1700	495	16	3
D3571.contig1701	495	17	4
D3571.contig1702	495	22	0
D3571.contig1703	494	21	9
D3571.contig1704	494	19	4
D3571.contig1705	494	14	8
D3571.contig1706	494	14	4
D3571.contig1707	494	12	2
D3571.contig1708	493	2129	87
D3571.contig1709	493	19	6
D3571.contig1710	493	19	6
D3571.contig1711	492	49	5
D3571.contig1712	492	25	5
D3571.contig1713	492	25	5
D3571.contig1714	491	19	1
D3571.contig1715	491	19	9
D3571.contig1716	491	37	5
D3571.contig1717	490	16	2
D3571.contig1718	489	34	2
D3571.contig1719	489	21	5
D3571.contig1720	489	14	6
D3571.contig1721	488	10	2
D3571.contig1722	488	21	9
D3571.contig1723	488	20	2
D3571.contig1724	488	24	4
D3571.contig1725	488	28	1
D3571.contig1726	488	19	4
D3571.contig1727	488	27	5
D3571.contig1728	487	17	5
D3571.contig1729	487	8	2
D3571.contig1730	487	21	6
D3571.contig1731	486	23	3
D3571.contig1732	486	17	7
D3571.contig1733	486	29	3
D3571.contig1734	486	18	4
D3571.contig1735	486	21	4
D3571.contig1736	485	20	7
D3571.contig1737	485	16	4
D3571.contig1738	485	24	6
D3571.contig1739	485	86	8
D3571.contig1740	485	27	1
D3571.contig1741	484	22	5
D3571.contig1742	484	34	6
D3571.contig1743	484	41	3
D3571.contig1744	484	25	4
D3571.contig1745	483	12	4
D3571.contig1746	483	21	5
D3571.contig1747	483	26	3
D3571.contig1748	483	18	8
D3571.contig1749	483	33	1
D3571.contig1750	483	16	10
D3571.contig1751	482	17	3
D3571.contig1752	482	16	4
D3571.contig1753	482	11	3
D3571.contig1754	482	15	3
D3571.contig1755	481	16	2
D3571.contig1756	481	15	3
D3571.contig1757	481	21	7
D3571.contig1758	480	16	4
D3571.contig1759	480	14	7
D3571.contig1760	480	16	3
D3571.contig1761	480	22	1
D3571.contig1762	479	70	2
D3571.contig1763	479	21	7
D3571.contig1764	479	20	12
D3571.contig1765	479	17	9
D3571.contig1766	479	24	2
D3571.contig1767	479	12	4
D3571.contig1768	478	21	7
D3571.contig1769	477	21	3
D3571.contig1770	477	8	6
D3571.contig1771	477	22	4
D3571.contig1772	477	32	7
D3571.contig1773	477	22	3
D3571.contig1774	476	19	2
D3571.contig1775	476	21	7
D3571.contig1776	476	19	2
D3571.contig1777	476	17	5
D3571.contig1778	475	20	2
D3571.contig1779	475	15	5
D3571.contig1780	475	22	5
D3571.contig1781	475	21	4
D3571.contig1782	474	14	4
D3571.contig1783	474	983	103
D3571.contig1784	473	20	9
D3571.contig1785	473	23	11
D3571.contig1786	473	19	4
D3571.contig1787	473	19	7
D3571.contig1788	473	18	6
D3571.contig1789	473	9	7
D3571.contig1790	473	25	5
D3571.contig1791	472	15	4
D3571.contig1792	472	28	6
D3571.contig1793	472	23	7
D3571.contig1794	471	16	6
D3571.contig1795	471	9	7
D3571.contig1796	471	18	2
D3571.contig1797	471	28	8
D3571.contig1798	471	27	15
D3571.contig1799	470	25	1
D3571.contig1800	470	30	2
D3571.contig1801	470	20	7
D3571.contig1802	470	14	6
D3571.contig1803	469	12	4
D3571.contig1804	469	23	2
D3571.contig1805	469	29	2
D3571.contig1806	469	16	6
D3571.contig1807	469	19	5
D3571.contig1808	468	29	4
D3571.contig1809	468	19	5
D3571.contig1810	468	19	6
D3571.contig1811	468	28	5
D3571.contig1812	468	18	9
D3571.contig1813	468	27	4
D3571.contig1814	468	19	5
D3571.contig1815	467	54	5
D3571.contig1816	467	17	3
D3571.contig1817	467	57	1
D3571.contig1818	466	13	3
D3571.contig1819	466	25	3
D3571.contig1820	466	11	5
D3571.contig1821	466	19	6
D3571.contig1822	466	20	6
D3571.contig1823	465	29	6
D3571.contig1824	465	18	3
D3571.contig1825	465	14	8
D3571.contig1826	465	14	3
D3571.contig1827	465	16	2
D3571.contig1828	464	18	6
D3571.contig1829	464	14	3
D3571.contig1830	464	14	4
D3571.contig1831	464	20	5
D3571.contig1832	464	15	1
D3571.contig1833	464	23	5
D3571.contig1834	463	20	11
D3571.contig1835	463	23	5
D3571.contig1836	462	20	6
D3571.contig1837	462	16	1
D3571.contig1838	462	17	5
D3571.contig1839	462	13	3
D3571.contig1840	462	13	3
D3571.contig1841	461	22	4
D3571.contig1842	461	20	8
D3571.contig1843	461	14	5
D3571.contig1844	461	20	4
D3571.contig1845	461	34	4
D3571.contig1846	461	26	8
D3571.contig1847	461	15	6
D3571.contig1848	461	22	4
D3571.contig1849	461	7	3
D3571.contig1850	461	18	4
D3571.contig1851	461	23	7
D3571.contig1852	460	16	3
D3571.contig1853	460	23	1
D3571.contig1854	460	19	3
D3571.contig1855	460	20	5
D3571.contig1856	459	21	8
D3571.contig1857	459	22	7
D3571.contig1858	459	14	4
D3571.contig1859	459	18	2
D3571.contig1860	458	20	2
D3571.contig1861	458	29	9
D3571.contig1862	458	17	5
D3571.contig1863	457	14	4
D3571.contig1864	457	18	5
D3571.contig1865	457	31	7
D3571.contig1866	456	11	7
D3571.contig1867	456	12	1
D3571.contig1868	456	31	6
D3571.contig1869	456	19	11
D3571.contig1870	456	24	2
D3571.contig1871	455	11	5
D3571.contig1872	454	11	7
D3571.contig1873	454	27	5
D3571.contig1874	454	26	6
D3571.contig1875	454	10	6
D3571.contig1876	454	24	4
D3571.contig1877	454	149	3
D3571.contig1878	454	22	7
D3571.contig1879	452	17	2
D3571.contig1880	452	25	6
D3571.contig1881	452	23	4
D3571.contig1882	452	13	5
D3571.contig1883	452	19	2
D3571.contig1884	452	27	4
D3571.contig1885	452	25	9
D3571.contig1886	452	27	4
D3571.contig1887	452	14	4
D3571.contig1888	452	21	3
D3571.contig1889	452	86	5
D3571.contig1890	451	16	6
D3571.contig1891	451	23	12
D3571.contig1892	451	25	7
D3571.contig1893	451	25	8
D3571.contig1894	451	14	4
D3571.contig1895	451	9	5
D3571.contig1896	451	39	4
D3571.contig1897	451	23	10
D3571.contig1898	451	15	7
D3571.contig1899	451	24	5
D3571.contig1900	450	19	2
D3571.contig1901	450	18	6
D3571.contig1902	450	18	6
D3571.contig1903	450	36	4
D3571.contig1904	449	20	6
D3571.contig1905	449	13	6
D3571.contig1906	449	41	9
D3571.contig1907	449	29	3
D3571.contig1908	448	19	6
D3571.contig1909	448	24	11
D3571.contig1910	448	14	5
D3571.contig1911	447	29	4
D3571.contig1912	447	13	5
D3571.contig1913	447	15	3
D3571.contig1914	446	93	9
D3571.contig1915	446	23	1
D3571.contig1916	446	26	8
D3571.contig1917	446	19	5
D3571.contig1918	446	17	5
D3571.contig1919	446	21	5
D3571.contig1920	445	14	8
D3571.contig1921	445	21	3
D3571.contig1922	445	14	6
D3571.contig1923	445	22	6
D3571.contig1924	445	19	6
D3571.contig1925	444	18	9
D3571.contig1926	444	11	1
D3571.contig1927	444	16	6
D3571.contig1928	444	16	6
D3571.contig1929	443	13	5
D3571.contig1930	443	17	7
D3571.contig1931	443	24	3
D3571.contig1932	443	24	5
D3571.contig1933	443	21	5
D3571.contig1934	443	17	4
D3571.contig1935	443	14	4
D3571.contig1936	443	30	2
D3571.contig1937	443	21	8
D3571.contig1938	443	22	5
D3571.contig1939	442	25	2
D3571.contig1940	442	16	6
D3571.contig1941	442	14	3
D3571.contig1942	442	11	5
D3571.contig1943	442	25	5
D3571.contig1944	442	13	9
D3571.contig1945	442	12	5
D3571.contig1946	442	16	2
D3571.contig1947	442	12	4
D3571.contig1948	442	27	4
D3571.contig1949	442	15	4
D3571.contig1950	442	33	5
D3571.contig1951	441	15	4
D3571.contig1952	441	48	3
D3571.contig1953	441	14	3
D3571.contig1954	441	21	6
D3571.contig1955	441	9	3
D3571.contig1956	441	26	2
D3571.contig1957	440	8	8
D3571.contig1958	440	33	4
D3571.contig1959	440	11	5
D3571.contig1960	440	9	5
D3571.contig1961	440	20	8
D3571.contig1962	440	26	4
D3571.contig1963	439	10	6
D3571.contig1964	439	15	7
D3571.contig1965	439	23	4
D3571.contig1966	439	9	3
D3571.contig1967	439	19	5
D3571.contig1968	439	27	3
D3571.contig1969	439	19	2
D3571.contig1970	439	22	3
D3571.contig1971	438	11	3
D3571.contig1972	438	22	8
D3571.contig1973	438	7	3
D3571.contig1974	438	26	7
D3571.contig1975	438	71	3
D3571.contig1976	438	20	4
D3571.contig1977	437	17	7
D3571.contig1978	437	22	6
D3571.contig1979	437	9	5
D3571.contig1980	437	19	7
D3571.contig1981	437	19	13
D3571.contig1982	437	26	5
D3571.contig1983	436	20	11
D3571.contig1984	436	25	4
D3571.contig1985	436	15	5
D3571.contig1986	436	15	2
D3571.contig1987	436	24	1
D3571.contig1988	436	43	0
D3571.contig1989	436	23	2
D3571.contig1990	435	14	6
D3571.contig1991	435	10	2
D3571.contig1992	435	16	2
D3571.contig1993	435	18	6
D3571.contig1994	435	11	5
D3571.contig1995	435	40	5
D3571.contig1996	434	22	5
D3571.contig1997	434	11	3
D3571.contig1998	433	14	8
D3571.contig1999	433	27	5
D3571.contig2000	433	15	11
D3571.contig2001	433	16	2
D3571.contig2002	433	9	9
D3571.contig2003	433	21	7
D3571.contig2004	433	18	5
D3571.contig2005	432	31	1
D3571.contig2006	432	20	4
D3571.contig2007	432	13	3
D3571.contig2008	432	10	5
D3571.contig2009	432	9	5
D3571.contig2010	432	11	5
D3571.contig2011	431	14	6
D3571.contig2012	431	26	7
D3571.contig2013	431	39	0
D3571.contig2014	431	20	6
D3571.contig2015	430	8	5
D3571.contig2016	430	19	6
D3571.contig2017	430	11	3
D3571.contig2018	430	19	5
D3571.contig2019	430	11	3
D3571.contig2020	430	31	8
D3571.contig2021	430	16	6
D3571.contig2022	430	11	2
D3571.contig2023	429	22	8
D3571.contig2024	429	11	3
D3571.contig2025	429	17	5
D3571.contig2026	428	14	4
D3571.contig2027	428	1268	32
D3571.contig2028	428	14	6
D3571.contig2029	428	19	5
D3571.contig2030	428	22	4
D3571.contig2031	428	18	8
D3571.contig2032	427	19	1
D3571.contig2033	427	26	11
D3571.contig2034	427	29	6
D3571.contig2035	427	15	1
D3571.contig2036	427	31	4
D3571.contig2037	427	10	4
D3571.contig2038	427	18	2
D3571.contig2039	426	10	1
D3571.contig2040	426	15	5
D3571.contig2041	426	15	10
D3571.contig2042	426	10	6
D3571.contig2043	426	16	7
D3571.contig2044	425	16	7
D3571.contig2045	425	28	6
D3571.contig2046	425	20	3
D3571.contig2047	425	22	6
D3571.contig2048	425	24	5
D3571.contig2049	425	15	2
D3571.contig2050	424	15	5
D3571.contig2051	424	16	8
D3571.contig2052	424	33	0
D3571.contig2053	424	25	5
D3571.contig2054	424	36	4
D3571.contig2055	424	18	4
D3571.contig2056	424	17	7
D3571.contig2057	424	16	8
D3571.contig2058	423	28	12
D3571.contig2059	423	1738	140
D3571.contig2060	423	21	3
D3571.contig2061	423	21	2
D3571.contig2062	423	12	5
D3571.contig2063	423	18	6
D3571.contig2064	423	14	6
D3571.contig2065	423	15	7
D3571.contig2066	422	18	6
D3571.contig2067	422	21	6
D3571.contig2068	422	21	9
D3571.contig2069	422	14	8
D3571.contig2070	422	13	3
D3571.contig2071	422	35	3
D3571.contig2072	422	22	2
D3571.contig2073	421	11	2
D3571.contig2074	421	20	6
D3571.contig2075	421	33	5
D3571.contig2076	421	10	4
D3571.contig2077	421	15	5
D3571.contig2078	421	15	7
D3571.contig2079	421	20	6
D3571.contig2080	421	19	10
D3571.contig2081	421	22	10
D3571.contig2082	420	18	6
D3571.contig2083	420	18	4
D3571.contig2084	420	11	5
D3571.contig2085	420	34	3
D3571.contig2086	420	8	0
D3571.contig2087	420	22	3
D3571.contig2088	419	11	5
D3571.contig2089	419	10	10
D3571.contig2090	419	9	4
D3571.contig2091	419	38	17
D3571.contig2092	419	13	7
D3571.contig2093	418	17	2
D3571.contig2094	418	19	8
D3571.contig2095	418	8	4
D3571.contig2096	418	13	4
D3571.contig2097	418	26	5
D3571.contig2098	418	14	2
D3571.contig2099	418	16	4
D3571.contig2100	417	13	7
D3571.contig2101	417	25	6
D3571.contig2102	417	19	5
D3571.contig2103	417	11	5
D3571.contig2104	417	17	7
D3571.contig2105	417	7	6
D3571.contig2106	416	14	4
D3571.contig2107	416	15	4
D3571.contig2108	416	8	2
D3571.contig2109	416	17	7
D3571.contig2110	415	12	3
D3571.contig2111	415	10	6
D3571.contig2112	415	15	6
D3571.contig2113	415	17	1
D3571.contig2114	415	11	5
D3571.contig2115	414	21	7
D3571.contig2116	414	14	4
D3571.contig2117	414	6	4
D3571.contig2118	414	30	3
D3571.contig2119	413	17	5
D3571.contig2120	413	10	6
D3571.contig2121	413	23	4
D3571.contig2122	413	19	5
D3571.contig2123	413	20	2
D3571.contig2124	413	16	6
D3571.contig2125	413	26	4
D3571.contig2126	412	18	4
D3571.contig2127	412	15	1
D3571.contig2128	412	16	3
D3571.contig2129	412	30	8
D3571.contig2130	412	18	2
D3571.contig2131	412	15	7
D3571.contig2132	412	20	4
D3571.contig2133	411	11	5
D3571.contig2134	411	30	5
D3571.contig2135	411	16	8
D3571.contig2136	411	24	6
D3571.contig2137	411	12	2
D3571.contig2138	411	12	6
D3571.contig2139	411	17	10
D3571.contig2140	411	50	9
D3571.contig2141	410	25	10
D3571.contig2142	410	15	3
D3571.contig2143	410	29	0
D3571.contig2144	410	14	3
D3571.contig2145	410	20	6
D3571.contig2146	410	27	1
D3571.contig2147	410	10	5
D3571.contig2148	410	722	19
D3571.contig2149	410	17	4
D3571.contig2150	409	27	10
D3571.contig2151	409	16	2
D3571.contig2152	409	16	6
D3571.contig2153	408	10	6
D3571.contig2154	408	14	2
D3571.contig2155	408	12	4
D3571.contig2156	408	9	5
D3571.contig2157	408	23	3
D3571.contig2158	408	19	3
D3571.contig2159	408	9	4
D3571.contig2160	407	18	4
D3571.contig2161	407	5	3
D3571.contig2162	407	10	8
D3571.contig2163	407	19	5
D3571.contig2164	407	27	7
D3571.contig2165	406	20	4
D3571.contig2166	406	16	5
D3571.contig2167	406	29	2
D3571.contig2168	406	13	5
D3571.contig2169	406	17	5
D3571.contig2170	406	17	7
D3571.contig2171	405	31	5
D3571.contig2172	405	24	4
D3571.contig2173	405	657	41
D3571.contig2174	405	8193	460
D3571.contig2175	405	21	6
D3571.contig2176	405	11	5
D3571.contig2177	405	19	3
D3571.contig2178	405	20	4
D3571.contig2179	405	12	6
D3571.contig2180	405	11	5
D3571.contig2181	405	6	1
D3571.contig2182	404	21	9
D3571.contig2183	404	14	2
D3571.contig2184	404	9	5
D3571.contig2185	404	10	5
D3571.contig2186	404	540	36
D3571.contig2187	404	23	9
D3571.contig2188	404	13	4
D3571.contig2189	404	12	6
D3571.contig2190	403	17	4
D3571.contig2191	403	65	5
D3571.contig2192	403	14	5
D3571.contig2193	403	16	3
D3571.contig2194	403	16	2
D3571.contig2195	403	15	5
D3571.contig2196	403	21	2
D3571.contig2197	402	16	4
D3571.contig2198	402	10	6
D3571.contig2199	402	11	5
D3571.contig2200	402	14	3
D3571.contig2201	402	23	7
D3571.contig2202	401	6	2
D3571.contig2203	401	22	4
D3571.contig2204	401	12	4
D3571.contig2205	401	22	11
D3571.contig2206	401	17	5
D3571.contig2207	401	15	2
D3571.contig2208	401	12	2
D3571.contig2209	401	12	6
D3571.contig2210	400	9	3
D3571.contig2211	400	10	8
D3571.contig2212	400	17	10
D3571.contig2213	400	21	6
D3571.contig2214	400	66	2
D3571.contig2215	400	17	3
D3571.contig2216	399	12	8
D3571.contig2217	399	223	9
D3571.contig2218	399	17	5
D3571.contig2219	399	42	12
D3571.contig2220	399	13	4
D3571.contig2221	399	18	5
D3571.contig2222	398	25	8
D3571.contig2223	398	31	9
D3571.contig2224	398	24	7
D3571.contig2225	398	12	2
D3571.contig2226	398	12	2
D3571.contig2227	398	26	6
D3571.contig2228	398	23	4
D3571.contig2229	398	9	7
D3571.contig2230	398	9	5
D3571.contig2231	398	11	3
D3571.contig2232	398	23	2
D3571.contig2233	397	24	6
D3571.contig2234	397	10	4
D3571.contig2235	397	14	0
D3571.contig2236	397	34	0
D3571.contig2237	397	39	11
D3571.contig2238	397	29	6
D3571.contig2239	396	20	6
D3571.contig2240	396	15	3
D3571.contig2241	396	10	6
D3571.contig2242	396	11	9
D3571.contig2243	396	18	7
D3571.contig2244	396	16	3
D3571.contig2245	396	20	2
D3571.contig2246	396	11	5
D3571.contig2247	396	20	5
D3571.contig2248	395	21	3
D3571.contig2249	395	23	3
D3571.contig2250	395	19	3
D3571.contig2251	395	22	4
D3571.contig2252	395	11	4
D3571.contig2253	395	23	7
D3571.contig2254	395	12	4
D3571.contig2255	394	9	5
D3571.contig2256	394	22	10
D3571.contig2257	394	14	3
D3571.contig2258	394	13	1
D3571.contig2259	394	19	8
D3571.contig2260	394	19	5
D3571.contig2261	394	16	4
D3571.contig2262	394	11	5
D3571.contig2263	393	7	3
D3571.contig2264	393	25	1
D3571.contig2265	393	19	7
D3571.contig2266	393	17	5
D3571.contig2267	393	20	10
D3571.contig2268	393	9	3
D3571.contig2269	393	23	3
D3571.contig2270	393	15	11
D3571.contig2271	393	13	3
D3571.contig2272	392	12	4
D3571.contig2273	392	14	3
D3571.contig2274	392	11	2
D3571.contig2275	392	17	7
D3571.contig2276	391	24	2
D3571.contig2277	391	16	5
D3571.contig2278	391	2026	103
D3571.contig2279	391	15	9
D3571.contig2280	391	10	4
D3571.contig2281	391	16	4
D3571.contig2282	391	9	2
D3571.contig2283	390	31	6
D3571.contig2284	390	19	9
D3571.contig2285	390	5	3
D3571.contig2286	389	1244	53
D3571.contig2287	389	10	4
D3571.contig2288	389	49	8
D3571.contig2289	389	20	8
D3571.contig2290	389	16	2
D3571.contig2291	389	21	9
D3571.contig2292	389	17	11
D3571.contig2293	389	17	4
D3571.contig2294	389	5	3
D3571.contig2295	389	10	2
D3571.contig2296	389	42	3
D3571.contig2297	389	15	7
D3571.contig2298	388	736	13
D3571.contig2299	388	13	8
D3571.contig2300	388	13	2
D3571.contig2301	388	13	7
D3571.contig2302	388	482	24
D3571.contig2303	388	12	2
D3571.contig2304	388	13	3
D3571.contig2305	387	15	7
D3571.contig2306	387	16	7
D3571.contig2307	387	9	7
D3571.contig2308	386	23	6
D3571.contig2309	386	13	5
D3571.contig2310	386	21	2
D3571.contig2311	386	44	7
D3571.contig2312	386	24	6
D3571.contig2313	386	19	4
D3571.contig2314	386	21	0
D3571.contig2315	385	10	4
D3571.contig2316	385	11	7
D3571.contig2317	385	11	3
D3571.contig2318	385	14	6
D3571.contig2319	385	25	5
D3571.contig2320	384	13	3
D3571.contig2321	384	14	4
D3571.contig2322	384	14	3
D3571.contig2323	384	9	5
D3571.contig2324	384	13	11
D3571.contig2325	383	11	1
D3571.contig2326	383	13	6
D3571.contig2327	383	6	2
D3571.contig2328	383	17	10
D3571.contig2329	383	21	5
D3571.contig2330	383	21	11
D3571.contig2331	383	26	6
D3571.contig2332	383	13	3
D3571.contig2333	382	8	6
D3571.contig2334	382	341	12
D3571.contig2335	382	15	5
D3571.contig2336	382	9	5
D3571.contig2337	382	13	7
D3571.contig2338	382	7	3
D3571.contig2339	382	13	1
D3571.contig2340	381	26	5
D3571.contig2341	381	12	2
D3571.contig2342	381	10	2
D3571.contig2343	381	11	5
D3571.contig2344	381	6	2
D3571.contig2345	381	5	3
D3571.contig2346	380	16	3
D3571.contig2347	380	16	8
D3571.contig2348	380	19	7
D3571.contig2349	380	13	7
D3571.contig2350	380	8	2
D3571.contig2351	380	12	4
D3571.contig2352	380	10	3
D3571.contig2353	380	21	5
D3571.contig2354	380	16	4
D3571.contig2355	379	16	8
D3571.contig2356	379	13	5
D3571.contig2357	379	17	5
D3571.contig2358	379	10	4
D3571.contig2359	379	10	4
D3571.contig2360	379	22	6
D3571.contig2361	379	18	6
D3571.contig2362	379	19	6
D3571.contig2363	379	22	6
D3571.contig2364	379	14	1
D3571.contig2365	378	14	4
D3571.contig2366	378	17	7
D3571.contig2367	378	18	3
D3571.contig2368	378	19	9
D3571.contig2369	378	12	7
D3571.contig2370	378	15	5
D3571.contig2371	378	18	3
D3571.contig2372	377	14	7
D3571.contig2373	377	10	6
D3571.contig2374	377	13	5
D3571.contig2375	376	13	1
D3571.contig2376	376	24	2
D3571.contig2377	376	11	7
D3571.contig2378	376	5	5
D3571.contig2379	376	8	5
D3571.contig2380	376	22	3
D3571.contig2381	376	31	3
D3571.contig2382	375	21	6
D3571.contig2383	375	13	5
D3571.contig2384	375	10	2
D3571.contig2385	375	11	5
D3571.contig2386	375	21	2
D3571.contig2387	375	5	3
D3571.contig2388	375	20	7
D3571.contig2389	375	14	5
D3571.contig2390	375	6	4
D3571.contig2391	375	8	4
D3571.contig2392	374	13	3
D3571.contig2393	374	30	1
D3571.contig2394	374	833	90
D3571.contig2395	374	6	4
D3571.contig2396	374	12	4
D3571.contig2397	374	11	3
D3571.contig2398	374	12	6
D3571.contig2399	374	11	1
D3571.contig2400	374	22	8
D3571.contig2401	373	15	8
D3571.contig2402	373	9	6
D3571.contig2403	373	9	2
D3571.contig2404	373	12	6
D3571.contig2405	373	29	10
D3571.contig2406	373	16	4
D3571.contig2407	373	9	7
D3571.contig2408	372	781	25
D3571.contig2409	372	15	1
D3571.contig2410	372	24	8
D3571.contig2411	372	13	3
D3571.contig2412	372	13	3
D3571.contig2413	372	21	9
D3571.contig2414	372	13	3
D3571.contig2415	371	11	2
D3571.contig2416	371	15	0
D3571.contig2417	371	10	4
D3571.contig2418	371	14	5
D3571.contig2419	371	13	3
D3571.contig2420	371	8	6
D3571.contig2421	371	8	8
D3571.contig2422	371	8	2
D3571.contig2423	370	17	7
D3571.contig2424	370	306	14
D3571.contig2425	370	9	5
D3571.contig2426	370	10	4
D3571.contig2427	370	9	1
D3571.contig2428	370	9	3
D3571.contig2429	370	10	4
D3571.contig2430	370	6	4
D3571.contig2431	370	12	6
D3571.contig2432	370	16	2
D3571.contig2433	369	12	6
D3571.contig2434	369	18	1
D3571.contig2435	369	8	4
D3571.contig2436	369	12	6
D3571.contig2437	369	9	3
D3571.contig2438	369	9	3
D3571.contig2439	369	10	4
D3571.contig2440	369	15	10
D3571.contig2441	369	28	5
D3571.contig2442	368	16	6
D3571.contig2443	368	9	1
D3571.contig2444	368	28	7
D3571.contig2445	368	13	8
D3571.contig2446	368	21	2
D3571.contig2447	368	15	3
D3571.contig2448	368	12	6
D3571.contig2449	368	13	1
D3571.contig2450	367	19	4
D3571.contig2451	367	10	2
D3571.contig2452	367	10	0
D3571.contig2453	367	14	4
D3571.contig2454	367	53	0
D3571.contig2455	366	29	9
D3571.contig2456	366	13	7
D3571.contig2457	366	10	2
D3571.contig2458	366	15	3
D3571.contig2459	365	12	4
D3571.contig2460	365	14	3
D3571.contig2461	365	11	7
D3571.contig2462	365	12	4
D3571.contig2463	365	17	9
D3571.contig2464	365	12	4
D3571.contig2465	365	19	5
D3571.contig2466	365	8	4
D3571.contig2467	365	10	2
D3571.contig2468	364	10	6
D3571.contig2469	364	7	5
D3571.contig2470	364	13	3
D3571.contig2471	364	19	6
D3571.contig2472	364	13	2
D3571.contig2473	364	840	39
D3571.contig2474	364	9	3
D3571.contig2475	364	8	4
D3571.contig2476	364	14	2
D3571.contig2477	364	9	5
D3571.contig2478	364	14	4
D3571.contig2479	363	9	5
D3571.contig2480	363	13	3
D3571.contig2481	363	23	2
D3571.contig2482	363	13	5
D3571.contig2483	363	18	8
D3571.contig2484	363	24	4
D3571.contig2485	362	15	6
D3571.contig2486	362	17	7
D3571.contig2487	362	14	2
D3571.contig2488	362	8	6
D3571.contig2489	362	14	8
D3571.contig2490	362	13	5
D3571.contig2491	362	15	3
D3571.contig2492	362	10	4
D3571.contig2493	362	15	7
D3571.contig2494	361	16	10
D3571.contig2495	361	17	10
D3571.contig2496	361	14	4
D3571.contig2497	361	9	5
D3571.contig2498	361	14	6
D3571.contig2499	361	10	8
D3571.contig2500	361	6	0
D3571.contig2501	361	28	4
D3571.contig2502	360	22	6
D3571.contig2503	360	8	2
D3571.contig2504	360	809	85
D3571.contig2505	360	11	4
D3571.contig2506	360	7	3
D3571.contig2507	360	12	2
D3571.contig2508	360	17	2
D3571.contig2509	360	14	4
D3571.contig2510	360	15	7
D3571.contig2511	359	8	6
D3571.contig2512	359	17	4
D3571.contig2513	359	12	4
D3571.contig2514	359	55	4
D3571.contig2515	359	276	6
D3571.contig2516	359	12	4
D3571.contig2517	358	14	5
D3571.contig2518	358	21	3
D3571.contig2519	358	14	4
D3571.contig2520	358	16	6
D3571.contig2521	358	3	3
D3571.contig2522	357	7	3
D3571.contig2523	357	13	7
D3571.contig2524	357	14	8
D3571.contig2525	357	25	10
D3571.contig2526	357	11	6
D3571.contig2527	357	11	4
D3571.contig2528	357	12	4
D3571.contig2529	357	9	5
D3571.contig2530	356	8	4
D3571.contig2531	356	13	5
D3571.contig2532	356	12	2
D3571.contig2533	356	15	5
D3571.contig2534	356	9	6
D3571.contig2535	356	8	4
D3571.contig2536	356	18	8
D3571.contig2537	355	9	3
D3571.contig2538	355	20	4
D3571.contig2539	355	30	3
D3571.contig2540	355	8	3
D3571.contig2541	355	19	2
D3571.contig2542	355	10	4
D3571.contig2543	355	22	6
D3571.contig2544	355	17	6
D3571.contig2545	355	14	4
D3571.contig2546	355	14	6
D3571.contig2547	355	14	5
D3571.contig2548	355	11	5
D3571.contig2549	354	13	10
D3571.contig2550	354	12	4
D3571.contig2551	354	13	2
D3571.contig2552	354	26	7
D3571.contig2553	354	19	1
D3571.contig2554	354	12	5
D3571.contig2555	354	13	3
D3571.contig2556	353	10	0
D3571.contig2557	353	11	1
D3571.contig2558	353	16	2
D3571.contig2559	353	9	5
D3571.contig2560	353	8	2
D3571.contig2561	353	11	7
D3571.contig2562	353	9	4
D3571.contig2563	353	6	2
D3571.contig2564	353	11	4
D3571.contig2565	353	12	6
D3571.contig2566	353	15	8
D3571.contig2567	353	16	4
D3571.contig2568	353	15	2
D3571.contig2569	352	14	4
D3571.contig2570	352	7	5
D3571.contig2571	352	15	2
D3571.contig2572	352	15	4
D3571.contig2573	352	9	5
D3571.contig2574	352	15	5
D3571.contig2575	351	12	5
D3571.contig2576	351	7	7
D3571.contig2577	351	8	4
D3571.contig2578	351	8	6
D3571.contig2579	351	17	2
D3571.contig2580	351	9	5
D3571.contig2581	351	23	7
D3571.contig2582	350	11	2
D3571.contig2583	350	10	4
D3571.contig2584	350	12	2
D3571.contig2585	350	15	3
D3571.contig2586	349	10	2
D3571.contig2587	349	13	3
D3571.contig2588	349	12	6
D3571.contig2589	349	12	0
D3571.contig2590	349	5	1
D3571.contig2591	348	9	7
D3571.contig2592	348	950	40
D3571.contig2593	348	9	3
D3571.contig2594	348	7	3
D3571.contig2595	348	8	4
D3571.contig2596	348	6	4
D3571.contig2597	348	20	0
D3571.contig2598	348	5	5
D3571.contig2599	348	12	4
D3571.contig2600	348	16	4
D3571.contig2601	348	7	1
D3571.contig2602	347	19	4
D3571.contig2603	347	10	5
D3571.contig2604	347	13	3
D3571.contig2605	347	8	4
D3571.contig2606	347	15	5
D3571.contig2607	347	14	1
D3571.contig2608	347	11	7
D3571.contig2609	347	8	6
D3571.contig2610	347	8	4
D3571.contig2611	347	8	6
D3571.contig2612	347	9	8
D3571.contig2613	346	10	2
D3571.contig2614	346	15	2
D3571.contig2615	346	8	2
D3571.contig2616	346	15	5
D3571.contig2617	346	9	3
D3571.contig2618	346	11	4
D3571.contig2619	346	18	4
D3571.contig2620	346	19	9
D3571.contig2621	345	11	3
D3571.contig2622	345	10	8
D3571.contig2623	345	7	1
D3571.contig2624	345	15	4
D3571.contig2625	345	23	3
D3571.contig2626	345	12	4
D3571.contig2627	345	10	0
D3571.contig2628	345	11	5
D3571.contig2629	345	16	2
D3571.contig2630	344	12	4
D3571.contig2631	344	8	6
D3571.contig2632	344	13	3
D3571.contig2633	344	15	2
D3571.contig2634	344	15	3
D3571.contig2635	344	7	5
D3571.contig2636	344	11	4
D3571.contig2637	343	10	2
D3571.contig2638	343	18	8
D3571.contig2639	343	8	4
D3571.contig2640	343	11	3
D3571.contig2641	343	18	4
D3571.contig2642	343	19	9
D3571.contig2643	343	10	4
D3571.contig2644	343	17	4
D3571.contig2645	343	11	5
D3571.contig2646	343	18	5
D3571.contig2647	342	17	2
D3571.contig2648	342	11	7
D3571.contig2649	342	22	4
D3571.contig2650	342	10	6
D3571.contig2651	341	16	3
D3571.contig2652	341	9	2
D3571.contig2653	341	6	4
D3571.contig2654	341	8	5
D3571.contig2655	341	12	6
D3571.contig2656	341	12	8
D3571.contig2657	341	14	4
D3571.contig2658	340	13	4
D3571.contig2659	340	11	3
D3571.contig2660	340	16	5
D3571.contig2661	340	11	3
D3571.contig2662	340	7	7
D3571.contig2663	340	10	2
D3571.contig2664	340	7	3
D3571.contig2665	340	8	6
D3571.contig2666	339	8	6
D3571.contig2667	339	5	2
D3571.contig2668	339	12	5
D3571.contig2669	339	9	5
D3571.contig2670	339	199	43
D3571.contig2671	339	26	1
D3571.contig2672	339	15	7
D3571.contig2673	339	9	3
D3571.contig2674	339	7	3
D3571.contig2675	339	6	4
D3571.contig2676	338	8	6
D3571.contig2677	338	29	8
D3571.contig2678	338	9	2
D3571.contig2679	338	11	4
D3571.contig2680	338	8	6
D3571.contig2681	338	9	5
D3571.contig2682	338	10	4
D3571.contig2683	338	9	5
D3571.contig2684	338	20	2
D3571.contig2685	338	12	2
D3571.contig2686	338	9	2
D3571.contig2687	337	12	8
D3571.contig2688	337	6	4
D3571.contig2689	337	12	5
D3571.contig2690	337	11	3
D3571.contig2691	337	10	2
D3571.contig2692	337	8	2
D3571.contig2693	337	12	6
D3571.contig2694	336	9	5
D3571.contig2695	336	6	2
D3571.contig2696	336	15	2
D3571.contig2697	336	18	3
D3571.contig2698	336	26	5
D3571.contig2699	336	15	5
D3571.contig2700	336	18	6
D3571.contig2701	336	14	5
D3571.contig2702	336	10	4
D3571.contig2703	336	14	2
D3571.contig2704	335	12	1
D3571.contig2705	335	10	5
D3571.contig2706	335	12	6
D3571.contig2707	335	7	5
D3571.contig2708	335	7	3
D3571.contig2709	335	12	5
D3571.contig2710	335	21	3
D3571.contig2711	335	12	2
D3571.contig2712	335	15	8
D3571.contig2713	335	13	6
D3571.contig2714	335	5	5
D3571.contig2715	334	12	6
D3571.contig2716	334	17	10
D3571.contig2717	334	9	5
D3571.contig2718	334	22	3
D3571.contig2719	334	14	5
D3571.contig2720	334	15	7
D3571.contig2721	333	18	10
D3571.contig2722	333	13	5
D3571.contig2723	333	10	3
D3571.contig2724	333	10	6
D3571.contig2725	333	17	3
D3571.contig2726	333	16	4
D3571.contig2727	333	10	10
D3571.contig2728	333	14	2
D3571.contig2729	333	12	4
D3571.contig2730	333	13	1
D3571.contig2731	332	7	3
D3571.contig2732	332	23	2
D3571.contig2733	332	23	2
D3571.contig2734	332	13	2
D3571.contig2735	332	7	4
D3571.contig2736	332	114	2
D3571.contig2737	332	9	9
D3571.contig2738	332	8	3
D3571.contig2739	332	12	5
D3571.contig2740	332	7	3
D3571.contig2741	331	9	4
D3571.contig2742	331	14	5
D3571.contig2743	331	18	4
D3571.contig2744	331	7	5
D3571.contig2745	331	9	3
D3571.contig2746	331	11	5
D3571.contig2747	331	19	9
D3571.contig2748	331	24	0
D3571.contig2749	331	9	5
D3571.contig2750	331	17	7
D3571.contig2751	330	9	5
D3571.contig2752	330	9	5
D3571.contig2753	330	18	3
D3571.contig2754	330	12	4
D3571.contig2755	330	21	8
D3571.contig2756	330	18	8
D3571.contig2757	330	9	2
D3571.contig2758	330	10	1
D3571.contig2759	330	5	3
D3571.contig2760	330	10	8
D3571.contig2761	330	7	3
D3571.contig2762	330	22	7
D3571.contig2763	330	15	5
D3571.contig2764	329	8	3
D3571.contig2765	329	14	3
D3571.contig2766	329	11	7
D3571.contig2767	329	10	6
D3571.contig2768	329	7	3
D3571.contig2769	329	9	1
D3571.contig2770	329	13	6
D3571.contig2771	329	10	4
D3571.contig2772	329	9	3
D3571.contig2773	329	17	3
D3571.contig2774	329	64	3
D3571.contig2775	329	8	5
D3571.contig2776	329	16	4
D3571.contig2777	329	7	1
D3571.contig2778	329	12	4
D3571.contig2779	329	7	7
D3571.contig2780	329	5	4
D3571.contig2781	328	17	0
D3571.contig2782	328	11	2
D3571.contig2783	328	15	8
D3571.contig2784	328	9	5
D3571.contig2785	328	12	4
D3571.contig2786	328	5	5
D3571.contig2787	328	15	3
D3571.contig2788	328	8	0
D3571.contig2789	327	14	1
D3571.contig2790	327	6	4
D3571.contig2791	327	12	4
D3571.contig2792	327	5	3
D3571.contig2793	327	12	3
D3571.contig2794	327	17	5
D3571.contig2795	327	15	3
D3571.contig2796	327	8	4
D3571.contig2797	326	5	5
D3571.contig2798	326	9	1
D3571.contig2799	326	14	4
D3571.contig2800	326	3	3
D3571.contig2801	325	22	2
D3571.contig2802	325	10	4
D3571.contig2803	325	12	8
D3571.contig2804	325	16	10
D3571.contig2805	325	10	5
D3571.contig2806	325	16	3
D3571.contig2807	325	19	2
D3571.contig2808	325	47	2
D3571.contig2809	325	7	3
D3571.contig2810	325	10	6
D3571.contig2811	325	14	6
D3571.contig2812	325	15	6
D3571.contig2813	324	9	7
D3571.contig2814	324	31	1
D3571.contig2815	324	5	3
D3571.contig2816	324	12	2
D3571.contig2817	324	7	3
D3571.contig2818	324	19	7
D3571.contig2819	324	6	4
D3571.contig2820	324	6	6
D3571.contig2821	324	11	5
D3571.contig2822	324	17	0
D3571.contig2823	324	11	3
D3571.contig2824	323	9	5
D3571.contig2825	323	10	3
D3571.contig2826	323	11	3
D3571.contig2827	323	852	97
D3571.contig2828	323	8	3
D3571.contig2829	323	11	3
D3571.contig2830	323	9	5
D3571.contig2831	322	815	31
D3571.contig2832	322	13	4
D3571.contig2833	322	10	5
D3571.contig2834	322	5	1
D3571.contig2835	322	19	1
D3571.contig2836	322	2	1
D3571.contig2837	322	7	5
D3571.contig2838	321	11	5
D3571.contig2839	321	5	5
D3571.contig2840	321	10	6
D3571.contig2841	321	10	5
D3571.contig2842	321	12	3
D3571.contig2843	321	16	4
D3571.contig2844	321	11	2
D3571.contig2845	321	10	2
D3571.contig2846	321	20	2
D3571.contig2847	321	9	4
D3571.contig2848	321	9	3
D3571.contig2849	321	13	4
D3571.contig2850	321	9	3
D3571.contig2851	320	11	7
D3571.contig2852	320	8	5
D3571.contig2853	320	22	5
D3571.contig2854	320	12	3
D3571.contig2855	320	7	4
D3571.contig2856	320	11	2
D3571.contig2857	320	256	67
D3571.contig2858	320	12	6
D3571.contig2859	319	9	3
D3571.contig2860	319	9	7
D3571.contig2861	319	6	4
D3571.contig2862	319	21	1
D3571.contig2863	319	16	3
D3571.contig2864	319	7	5
D3571.contig2865	319	22	10
D3571.contig2866	319	16	4
D3571.contig2867	319	13	7
D3571.contig2868	319	7	1
D3571.contig2869	319	17	1
D3571.contig2870	319	9	3
D3571.contig2871	319	5	3
D3571.contig2872	319	7	5
D3571.contig2873	318	11	3
D3571.contig2874	318	12	5
D3571.contig2875	318	7	5
D3571.contig2876	318	7	3
D3571.contig2877	318	6	1
D3571.contig2878	318	3	1
D3571.contig2879	318	15	7
D3571.contig2880	318	15	2
D3571.contig2881	318	13	8
D3571.contig2882	317	5	5
D3571.contig2883	317	7	7
D3571.contig2884	317	7	6
D3571.contig2885	317	6	4
D3571.contig2886	317	9	1
D3571.contig2887	317	11	7
D3571.contig2888	317	10	5
D3571.contig2889	317	12	5
D3571.contig2890	317	14	2
D3571.contig2891	317	11	7
D3571.contig2892	317	9	3
D3571.contig2893	317	7	1
D3571.contig2894	317	8	4
D3571.contig2895	317	12	7
D3571.contig2896	316	13	3
D3571.contig2897	316	10	7
D3571.contig2898	316	13	5
D3571.contig2899	316	15	2
D3571.contig2900	316	10	2
D3571.contig2901	316	14	6
D3571.contig2902	316	10	3
D3571.contig2903	316	12	6
D3571.contig2904	316	12	6
D3571.contig2905	316	3	3
D3571.contig2906	316	7	1
D3571.contig2907	315	10	6
D3571.contig2908	315	9	6
D3571.contig2909	315	10	6
D3571.contig2910	315	13	3
D3571.contig2911	315	6	6
D3571.contig2912	315	11	3
D3571.contig2913	315	15	7
D3571.contig2914	315	4	4
D3571.contig2915	315	9	3
D3571.contig2916	315	9	5
D3571.contig2917	315	19	4
D3571.contig2918	315	18	5
D3571.contig2919	315	7	5
D3571.contig2920	315	10	5
D3571.contig2921	315	11	4
D3571.contig2922	315	13	3
D3571.contig2923	314	11	4
D3571.contig2924	314	9	7
D3571.contig2925	314	13	7
D3571.contig2926	314	7	5
D3571.contig2927	314	7	2
D3571.contig2928	314	9	8
D3571.contig2929	314	13	5
D3571.contig2930	314	3	1
D3571.contig2931	314	17	8
D3571.contig2932	313	19	3
D3571.contig2933	313	17	4
D3571.contig2934	313	5	3
D3571.contig2935	313	16	2
D3571.contig2936	313	13	7
D3571.contig2937	313	10	1
D3571.contig2938	313	12	4
D3571.contig2939	313	14	6
D3571.contig2940	313	10	2
D3571.contig2941	313	10	2
D3571.contig2942	312	7	7
D3571.contig2943	312	9	2
D3571.contig2944	312	12	4
D3571.contig2945	312	12	4
D3571.contig2946	312	10	3
D3571.contig2947	312	26	1
D3571.contig2948	312	10	6
D3571.contig2949	312	12	0
D3571.contig2950	312	10	6
D3571.contig2951	312	21	13
D3571.contig2952	312	8	2
D3571.contig2953	312	9	5
D3571.contig2954	312	24	3
D3571.contig2955	312	6	2
D3571.contig2956	311	7	5
D3571.contig2957	311	6	0
D3571.contig2958	311	45	1
D3571.contig2959	311	13	5
D3571.contig2960	311	17	7
D3571.contig2961	311	14	2
D3571.contig2962	311	6	2
D3571.contig2963	311	8	4
D3571.contig2964	311	10	6
D3571.contig2965	311	12	6
D3571.contig2966	311	16	8
D3571.contig2967	311	6	4
D3571.contig2968	310	8	4
D3571.contig2969	310	11	1
D3571.contig2970	310	9	3
D3571.contig2971	310	9	4
D3571.contig2972	310	6	2
D3571.contig2973	310	16	4
D3571.contig2974	310	6	6
D3571.contig2975	310	16	7
D3571.contig2976	309	8	2
D3571.contig2977	309	14	6
D3571.contig2978	309	9	5
D3571.contig2979	309	17	3
D3571.contig2980	309	15	6
D3571.contig2981	309	9	6
D3571.contig2982	309	12	2
D3571.contig2983	309	38	3
D3571.contig2984	309	11	7
D3571.contig2985	309	11	9
D3571.contig2986	309	10	2
D3571.contig2987	309	8	4
D3571.contig2988	309	13	3
D3571.contig2989	308	13	3
D3571.contig2990	308	8	4
D3571.contig2991	308	14	4
D3571.contig2992	308	5	5
D3571.contig2993	308	6	6
D3571.contig2994	308	16	8
D3571.contig2995	308	18	10
D3571.contig2996	308	10	4
D3571.contig2997	308	15	1
D3571.contig2998	308	27	4
D3571.contig2999	308	10	3
D3571.contig3000	308	8	2
D3571.contig3001	308	8	5
D3571.contig3002	308	22	2
D3571.contig3003	308	5	3
D3571.contig3004	308	13	7
D3571.contig3005	308	10	4
D3571.contig3006	308	10	2
D3571.contig3007	308	12	9
D3571.contig3008	308	6	2
D3571.contig3009	308	17	1
D3571.contig3010	307	15	2
D3571.contig3011	307	8	3
D3571.contig3012	307	18	2
D3571.contig3013	307	9	0
D3571.contig3014	307	16	9
D3571.contig3015	307	16	6
D3571.contig3016	307	13	6
D3571.contig3017	307	6	6
D3571.contig3018	307	11	3
D3571.contig3019	307	15	5
D3571.contig3020	307	18	2
D3571.contig3021	306	278	2
D3571.contig3022	306	14	4
D3571.contig3023	306	10	5
D3571.contig3024	306	5	3
D3571.contig3025	306	8	3
D3571.contig3026	306	10	2
D3571.contig3027	306	9	3
D3571.contig3028	306	11	3
D3571.contig3029	305	14	0
D3571.contig3030	305	8	6
D3571.contig3031	305	10	2
D3571.contig3032	305	11	1
D3571.contig3033	305	10	4
D3571.contig3034	305	9	1
D3571.contig3035	305	5	5
D3571.contig3036	305	9	5
D3571.contig3037	305	13	7
D3571.contig3038	305	10	3
D3571.contig3039	305	9	3
D3571.contig3040	305	9	3
D3571.contig3041	305	8	8
D3571.contig3042	305	14	5
D3571.contig3043	305	7	4
D3571.contig3044	305	27	3
D3571.contig3045	305	15	4
D3571.contig3046	305	12	4
D3571.contig3047	305	10	2
D3571.contig3048	305	9	5
D3571.contig3049	304	14	6
D3571.contig3050	304	8	4
D3571.contig3051	304	8	6
D3571.contig3052	304	9	5
D3571.contig3053	304	7	5
D3571.contig3054	304	13	3
D3571.contig3055	304	7	5
D3571.contig3056	304	4	3
D3571.contig3057	304	9	1
D3571.contig3058	303	15	2
D3571.contig3059	303	12	4
D3571.contig3060	303	6	4
D3571.contig3061	303	9	3
D3571.contig3062	303	52	2
D3571.contig3063	303	10	3
D3571.contig3064	302	29	2
D3571.contig3065	302	16	1
D3571.contig3066	302	12	5
D3571.contig3067	302	9	4
D3571.contig3068	302	10	8
D3571.contig3069	302	9	6
D3571.contig3070	302	4	4
D3571.contig3071	302	5	3
D3571.contig3072	302	13	3
D3571.contig3073	302	9	4
D3571.contig3074	302	8	3
D3571.contig3075	301	9	4
D3571.contig3076	301	864	9
D3571.contig3077	301	8	4
D3571.contig3078	301	7	4
D3571.contig3079	301	12	5
D3571.contig3080	301	7	5
D3571.contig3081	301	5	2
D3571.contig3082	301	18	3
D3571.contig3083	301	5	3
D3571.contig3084	301	12	6
D3571.contig3085	301	6	4
D3571.contig3086	301	12	0
D3571.contig3087	301	7	6
D3571.contig3088	301	12	6
D3571.contig3089	301	11	3
D3571.contig3090	301	5	3
D3571.contig3091	300	8	6
D3571.contig3092	300	9	3
D3571.contig3093	300	11	7
D3571.contig3094	300	11	5
D3571.contig3095	300	9	3
D3571.contig3096	300	2575	143
D3571.contig3097	300	5	3
D3571.contig3098	300	13	9
*	0	0	182152
