RB.contig1	1931	808	311
RB.contig2	1924	4180522	183242
RB.contig3	1741	929	399
RB.contig4	1582	3246239	133182
RB.contig5	1417	282	83
RB.contig6	1364	196	50
RB.contig7	1309	15994	6000
RB.contig8	1261	2831	279
RB.contig9	1201	545261	85393
RB.contig10	1189	3862	1506
RB.contig11	1129	6565	1534
RB.contig12	1079	993	323
RB.contig13	1057	1131610	136155
RB.contig14	973	51816	24125
RB.contig15	939	1824	519
RB.contig16	915	545	204
RB.contig17	883	745	234
RB.contig18	872	252	46
RB.contig19	833	123	42
RB.contig20	829	47	9
RB.contig21	822	100	22
RB.contig22	800	2144	485
RB.contig23	796	112	49
RB.contig24	762	53	14
RB.contig25	757	59	22
RB.contig26	714	1407	471
RB.contig27	698	251	103
RB.contig28	689	104228	8732
RB.contig29	674	67371	7412
RB.contig30	672	390	168
RB.contig31	667	55113	11969
RB.contig32	665	5831	2035
RB.contig33	651	167	43
RB.contig34	642	91493	22030
RB.contig35	627	56	21
RB.contig36	616	149	71
RB.contig37	605	424	125
RB.contig38	602	36	12
RB.contig39	593	2005	425
RB.contig40	583	1525	419
RB.contig41	577	439	159
RB.contig42	575	16049	2600
RB.contig43	565	183	60
RB.contig44	551	22	12
RB.contig45	540	25	8
RB.contig46	537	954	119
RB.contig47	537	79954	25213
RB.contig48	521	106	57
RB.contig49	520	3246	1034
RB.contig50	513	180609	46655
RB.contig51	491	101	36
RB.contig52	489	36	16
RB.contig53	488	86	38
RB.contig54	481	18852	3972
RB.contig55	454	170	58
RB.contig56	453	2297	399
RB.contig57	448	21	8
RB.contig58	447	21	10
RB.contig59	446	55	16
RB.contig60	435	56	13
RB.contig61	434	1908	727
RB.contig62	432	18	7
RB.contig63	430	352	122
RB.contig64	422	26	5
RB.contig65	421	30	10
RB.contig66	418	63	6
RB.contig67	407	26	14
RB.contig68	406	1506	535
RB.contig69	405	33	15
RB.contig70	403	14807	7239
RB.contig71	394	90	50
RB.contig72	392	1740	257
RB.contig73	391	20	7
RB.contig74	381	6630	1064
RB.contig75	374	37	14
RB.contig76	369	3706	926
RB.contig77	365	46863	5422
RB.contig78	363	11	3
RB.contig79	360	1639	341
RB.contig80	357	146559	30682
RB.contig81	356	62617	23136
RB.contig82	351	13	5
RB.contig83	350	245	65
RB.contig84	350	19	6
RB.contig85	349	8	5
RB.contig86	348	49	21
RB.contig87	348	831	331
RB.contig88	346	1017	518
RB.contig89	334	26	8
RB.contig90	323	8	2
RB.contig91	323	13	6
RB.contig92	323	185	27
RB.contig93	321	19	7
RB.contig94	318	473	185
RB.contig95	318	34735	7856
RB.contig96	316	11	3
RB.contig97	313	201	10
RB.contig98	308	14	4
RB.contig99	304	14	8
RB.contig100	300	9	3
RB.contig101	300	18	10
*	0	0	16415460
