D4014.contig1	119833	141776	5134
D4014.contig2	69948	210338	7473
D4014.contig3	58927	7553582	203711
D4014.contig4	42566	67142	1553
D4014.contig5	40367	45782	1148
D4014.contig6	38415	95150	3158
D4014.contig7	37921	10311	247
D4014.contig8	37329	23373	717
D4014.contig9	36162	12415	279
D4014.contig10	35968	38087	1097
D4014.contig11	33879	16064	360
D4014.contig12	31920	42112	1442
D4014.contig13	28804	16182	329
D4014.contig14	25632	7235	248
D4014.contig15	22894	10379	277
D4014.contig16	22303	6441	138
D4014.contig17	22158	6073	188
D4014.contig18	19722	5607	166
D4014.contig19	19266	35554	1248
D4014.contig20	19206	4534	93
D4014.contig21	18738	6610	192
D4014.contig22	18338	10384	326
D4014.contig23	18089	13919	411
D4014.contig24	17729	3084	90
D4014.contig25	16488	18540	586
D4014.contig26	15816	20145	435
D4014.contig27	13797	10668	346
D4014.contig28	13637	2219	46
D4014.contig29	10572	3914	146
D4014.contig30	10400	2118	71
D4014.contig31	10323	1551	33
D4014.contig32	9876	4545	123
D4014.contig33	9830	2203	62
D4014.contig34	9619	3441	90
D4014.contig35	9444	1328	36
D4014.contig36	8301	1497	49
D4014.contig37	8186	1215	40
D4014.contig38	8002	1398	43
D4014.contig39	7836	3879	79
D4014.contig40	7813	12302	415
D4014.contig41	7583	1101	22
D4014.contig42	7314	1265	32
D4014.contig43	7206	760	27
D4014.contig44	7084	2504	60
D4014.contig45	6642	844	29
D4014.contig46	6565	1072	21
D4014.contig47	6085	1152278	42891
D4014.contig48	5859	862	25
D4014.contig49	5756	1877	65
D4014.contig50	5682	173583	8876
D4014.contig51	5671	738	27
D4014.contig52	5642	701	40
D4014.contig53	5527	618	12
D4014.contig54	5448	754	31
D4014.contig55	5304	984	34
D4014.contig56	5294	1767	70
D4014.contig57	4867	498	16
D4014.contig58	4781	626	29
D4014.contig59	4634	2241	164
D4014.contig60	4628	725	24
D4014.contig61	4502	466	21
D4014.contig62	4405	2260	70
D4014.contig63	4289	1405	31
D4014.contig64	4253	422	14
D4014.contig65	4167	337	20
D4014.contig66	3863	362	21
D4014.contig67	3753	368	24
D4014.contig68	3725	466	18
D4014.contig69	3502	1290	58
D4014.contig70	3496	517	22
D4014.contig71	3316	1126	18
D4014.contig72	3019	3811	131
D4014.contig73	2997	549	17
D4014.contig74	2989	665	28
D4014.contig75	2898	1557	9
D4014.contig76	2890	1512	49
D4014.contig77	2866	360	13
D4014.contig78	2848	212	9
D4014.contig79	2835	601	16
D4014.contig80	2786	361	10
D4014.contig81	2773	294	10
D4014.contig82	2756	218	20
D4014.contig83	2735	332	18
D4014.contig84	2716	312	19
D4014.contig85	2697	339	21
D4014.contig86	2642	322	12
D4014.contig87	2625	197	15
D4014.contig88	2596	195	14
D4014.contig89	2593	186	10
D4014.contig90	2550	425	7
D4014.contig91	2511	493	23
D4014.contig92	2508	637	19
D4014.contig93	2506	221	14
D4014.contig94	2504	301	7
D4014.contig95	2474	510	15
D4014.contig96	2473	812	35
D4014.contig97	2469	194	21
D4014.contig98	2462	182	25
D4014.contig99	2424	196	16
D4014.contig100	2406	389	20
D4014.contig101	2405	385	11
D4014.contig102	2371	244	9
D4014.contig103	2343	330	13
D4014.contig104	2325	505	8
D4014.contig105	2306	164	11
D4014.contig106	2211	1847	53
D4014.contig107	2204	180	12
D4014.contig108	2194	1907	79
D4014.contig109	2183	190	14
D4014.contig110	2182	242	11
D4014.contig111	2168	147	21
D4014.contig112	2139	121	8
D4014.contig113	2080	201	14
D4014.contig114	2066	185	21
D4014.contig115	2035	364	4
D4014.contig116	2012	155	14
D4014.contig117	1976	195	9
D4014.contig118	1971	533	21
D4014.contig119	1938	193	6
D4014.contig120	1930	838	44
D4014.contig121	1914	478	24
D4014.contig122	1897	150	10
D4014.contig123	1849	160	9
D4014.contig124	1845	135	6
D4014.contig125	1826	152	4
D4014.contig126	1826	207	10
D4014.contig127	1814	69	6
D4014.contig128	1744	170	13
D4014.contig129	1732	131	9
D4014.contig130	1731	107	10
D4014.contig131	1727	172	15
D4014.contig132	1727	1185	32
D4014.contig133	1701	90	9
D4014.contig134	1675	78	10
D4014.contig135	1654	73	6
D4014.contig136	1635	297	4
D4014.contig137	1603	124	12
D4014.contig138	1555	74	13
D4014.contig139	1542	87	8
D4014.contig140	1540	119	5
D4014.contig141	1533	138	19
D4014.contig142	1531	133	3
D4014.contig143	1531	239	8
D4014.contig144	1515	78	12
D4014.contig145	1489	61	9
D4014.contig146	1486	357	19
D4014.contig147	1468	81	7
D4014.contig148	1467	87	14
D4014.contig149	1463	103	11
D4014.contig150	1463	846	25
D4014.contig151	1461	102	7
D4014.contig152	1456	479	17
D4014.contig153	1455	98	6
D4014.contig154	1423	546	16
D4014.contig155	1402	479	12
D4014.contig156	1394	71	11
D4014.contig157	1386	159	11
D4014.contig158	1381	107	6
D4014.contig159	1381	102	10
D4014.contig160	1374	86	5
D4014.contig161	1355	1361	52
D4014.contig162	1341	111	7
D4014.contig163	1339	78	11
D4014.contig164	1339	59	7
D4014.contig165	1324	78	11
D4014.contig166	1319	68	7
D4014.contig167	1315	294	11
D4014.contig168	1301	173	8
D4014.contig169	1283	71	4
D4014.contig170	1282	212	8
D4014.contig171	1260	70	10
D4014.contig172	1257	71	10
D4014.contig173	1240	61	5
D4014.contig174	1233	436	13
D4014.contig175	1226	88	3
D4014.contig176	1225	58	11
D4014.contig177	1220	65	4
D4014.contig178	1213	91	6
D4014.contig179	1211	73	5
D4014.contig180	1207	756	11
D4014.contig181	1203	93	8
D4014.contig182	1199	52	9
D4014.contig183	1194	60	6
D4014.contig184	1140	66	9
D4014.contig185	1124	226	5
D4014.contig186	1123	71	8
D4014.contig187	1120	49	8
D4014.contig188	1108	68	7
D4014.contig189	1108	69	4
D4014.contig190	1107	83	7
D4014.contig191	1105	386	14
D4014.contig192	1103	70	9
D4014.contig193	1102	43	8
D4014.contig194	1094	36	5
D4014.contig195	1092	78	6
D4014.contig196	1089	90	7
D4014.contig197	1088	85	4
D4014.contig198	1074	47	6
D4014.contig199	1061	86	25
D4014.contig200	1053	59	6
D4014.contig201	1046	59	7
D4014.contig202	1038	49	8
D4014.contig203	1033	43	10
D4014.contig204	1033	44	13
D4014.contig205	1027	55	10
D4014.contig206	1027	50	6
D4014.contig207	1025	62	7
D4014.contig208	1012	195	8
D4014.contig209	1002	54	6
D4014.contig210	1002	39	6
D4014.contig211	1001	60	3
D4014.contig212	994	118	13
D4014.contig213	993	32	9
D4014.contig214	983	37	8
D4014.contig215	978	41	7
D4014.contig216	975	54	8
D4014.contig217	972	45	7
D4014.contig218	970	803	22
D4014.contig219	964	39	5
D4014.contig220	947	78	24
D4014.contig221	940	45	2
D4014.contig222	938	487	12
D4014.contig223	930	35	12
D4014.contig224	925	41	5
D4014.contig225	922	54	14
D4014.contig226	921	48	11
D4014.contig227	921	41	6
D4014.contig228	916	73	11
D4014.contig229	913	51	7
D4014.contig230	911	54	10
D4014.contig231	905	52	4
D4014.contig232	893	292	59
D4014.contig233	886	57	9
D4014.contig234	886	35	13
D4014.contig235	883	47	8
D4014.contig236	883	51	9
D4014.contig237	881	56	9
D4014.contig238	865	43	6
D4014.contig239	865	46	13
D4014.contig240	861	50	14
D4014.contig241	859	45	7
D4014.contig242	853	31	9
D4014.contig243	850	33	9
D4014.contig244	848	32	10
D4014.contig245	846	50	3
D4014.contig246	840	33	9
D4014.contig247	836	71	8
D4014.contig248	836	28	5
D4014.contig249	833	38	10
D4014.contig250	832	32	2
D4014.contig251	831	203	3
D4014.contig252	827	54	7
D4014.contig253	826	28	2
D4014.contig254	824	32	10
D4014.contig255	822	18	14
D4014.contig256	819	64	11
D4014.contig257	817	38	10
D4014.contig258	817	46	7
D4014.contig259	817	28	9
D4014.contig260	814	35	11
D4014.contig261	809	69	1
D4014.contig262	805	48	13
D4014.contig263	803	49	5
D4014.contig264	800	41	12
D4014.contig265	800	50	6
D4014.contig266	799	31	6
D4014.contig267	799	43	9
D4014.contig268	798	25	6
D4014.contig269	790	46	9
D4014.contig270	787	260	16
D4014.contig271	786	20	6
D4014.contig272	783	22	6
D4014.contig273	782	44	5
D4014.contig274	775	49	2
D4014.contig275	774	54	11
D4014.contig276	773	45	9
D4014.contig277	771	44	6
D4014.contig278	769	30	6
D4014.contig279	767	51	14
D4014.contig280	766	523	19
D4014.contig281	763	56	4
D4014.contig282	758	25	6
D4014.contig283	757	64	9
D4014.contig284	757	30	5
D4014.contig285	757	39	7
D4014.contig286	755	37	5
D4014.contig287	747	39	9
D4014.contig288	745	37	8
D4014.contig289	745	66	12
D4014.contig290	744	31	6
D4014.contig291	740	33	8
D4014.contig292	738	32	5
D4014.contig293	737	37	1
D4014.contig294	729	29	9
D4014.contig295	728	173	2
D4014.contig296	722	23	11
D4014.contig297	721	29	13
D4014.contig298	719	20	3
D4014.contig299	717	63	5
D4014.contig300	716	26	10
D4014.contig301	716	39	2
D4014.contig302	712	33	8
D4014.contig303	707	28	6
D4014.contig304	707	23	8
D4014.contig305	707	29	7
D4014.contig306	705	51	8
D4014.contig307	699	26	6
D4014.contig308	694	547	19
D4014.contig309	693	47	7
D4014.contig310	690	19	8
D4014.contig311	684	19	5
D4014.contig312	682	57	10
D4014.contig313	681	36	16
D4014.contig314	681	39	4
D4014.contig315	676	26	10
D4014.contig316	676	14	5
D4014.contig317	674	32	6
D4014.contig318	674	38	6
D4014.contig319	670	38	8
D4014.contig320	670	39	11
D4014.contig321	667	44	7
D4014.contig322	665	32	6
D4014.contig323	665	37	6
D4014.contig324	664	23	11
D4014.contig325	662	40	6
D4014.contig326	662	33	2
D4014.contig327	662	32	13
D4014.contig328	658	20	5
D4014.contig329	658	30	2
D4014.contig330	654	43	13
D4014.contig331	653	39	7
D4014.contig332	652	39	11
D4014.contig333	652	24	4
D4014.contig334	641	24	6
D4014.contig335	635	27	5
D4014.contig336	635	27	6
D4014.contig337	634	30	3
D4014.contig338	634	33	8
D4014.contig339	632	28	8
D4014.contig340	632	30	12
D4014.contig341	630	48	8
D4014.contig342	629	35	10
D4014.contig343	627	22	8
D4014.contig344	626	207	1
D4014.contig345	621	29	7
D4014.contig346	620	31	10
D4014.contig347	615	28	6
D4014.contig348	614	30	12
D4014.contig349	614	111	6
D4014.contig350	612	22	6
D4014.contig351	612	26	6
D4014.contig352	611	29	7
D4014.contig353	610	20	5
D4014.contig354	608	46	4
D4014.contig355	605	44	7
D4014.contig356	604	43	10
D4014.contig357	602	28	11
D4014.contig358	601	24	5
D4014.contig359	601	33	6
D4014.contig360	601	24	8
D4014.contig361	598	44	12
D4014.contig362	598	25	5
D4014.contig363	598	32	6
D4014.contig364	597	35	6
D4014.contig365	596	14	3
D4014.contig366	594	30	8
D4014.contig367	593	35	9
D4014.contig368	593	17	8
D4014.contig369	592	17	7
D4014.contig370	589	32	9
D4014.contig371	589	14	8
D4014.contig372	587	21	5
D4014.contig373	587	15	7
D4014.contig374	587	37	7
D4014.contig375	586	28	10
D4014.contig376	585	16	8
D4014.contig377	585	25	2
D4014.contig378	585	43	6
D4014.contig379	584	29	11
D4014.contig380	584	25	6
D4014.contig381	583	81	9
D4014.contig382	583	22	8
D4014.contig383	577	22	5
D4014.contig384	573	39	3
D4014.contig385	573	13	5
D4014.contig386	571	18	8
D4014.contig387	570	35	4
D4014.contig388	569	26	9
D4014.contig389	566	26	8
D4014.contig390	566	29	11
D4014.contig391	565	14	13
D4014.contig392	562	189	16
D4014.contig393	561	48	4
D4014.contig394	561	97	6
D4014.contig395	560	27	5
D4014.contig396	557	14	4
D4014.contig397	554	10	2
D4014.contig398	554	115	6
D4014.contig399	553	18	5
D4014.contig400	552	34	7
D4014.contig401	550	24	10
D4014.contig402	550	50	8
D4014.contig403	548	29	3
D4014.contig404	547	25	3
D4014.contig405	546	26	11
D4014.contig406	544	20	11
D4014.contig407	543	39	2
D4014.contig408	542	29	6
D4014.contig409	542	26	10
D4014.contig410	540	16	8
D4014.contig411	540	25	8
D4014.contig412	539	25	3
D4014.contig413	538	19	9
D4014.contig414	537	13	5
D4014.contig415	537	20	4
D4014.contig416	535	17	7
D4014.contig417	535	26	7
D4014.contig418	534	32	5
D4014.contig419	533	16	4
D4014.contig420	530	41	9
D4014.contig421	527	18	7
D4014.contig422	527	20	10
D4014.contig423	527	23	3
D4014.contig424	526	17	9
D4014.contig425	523	26	6
D4014.contig426	522	14	5
D4014.contig427	520	19	7
D4014.contig428	518	20	7
D4014.contig429	518	18	6
D4014.contig430	518	14	3
D4014.contig431	517	16	6
D4014.contig432	517	15	9
D4014.contig433	516	18	9
D4014.contig434	515	31	9
D4014.contig435	514	24	6
D4014.contig436	513	25	7
D4014.contig437	512	22	1
D4014.contig438	512	23	7
D4014.contig439	511	14	8
D4014.contig440	510	27	9
D4014.contig441	506	21	6
D4014.contig442	506	26	10
D4014.contig443	503	17	9
D4014.contig444	502	22	5
D4014.contig445	501	13	5
D4014.contig446	501	16	8
D4014.contig447	500	27	6
D4014.contig448	500	10	6
D4014.contig449	499	37	5
D4014.contig450	499	39	6
D4014.contig451	499	87	3
D4014.contig452	498	60	4
D4014.contig453	497	19	5
D4014.contig454	497	16	4
D4014.contig455	496	21	4
D4014.contig456	494	21	4
D4014.contig457	493	18	8
D4014.contig458	493	14	4
D4014.contig459	491	25	10
D4014.contig460	491	10	6
D4014.contig461	491	29	3
D4014.contig462	490	14	7
D4014.contig463	490	27	7
D4014.contig464	489	44	2
D4014.contig465	489	17	11
D4014.contig466	489	13	5
D4014.contig467	488	18	2
D4014.contig468	488	26	4
D4014.contig469	486	33	7
D4014.contig470	486	17	5
D4014.contig471	486	15	3
D4014.contig472	484	24	5
D4014.contig473	484	21	8
D4014.contig474	483	11	1
D4014.contig475	483	21	4
D4014.contig476	481	27	8
D4014.contig477	481	13	6
D4014.contig478	477	13	3
D4014.contig479	474	32	6
D4014.contig480	473	15	3
D4014.contig481	473	37	5
D4014.contig482	472	20	10
D4014.contig483	472	18	9
D4014.contig484	471	11	6
D4014.contig485	470	14	4
D4014.contig486	469	29	9
D4014.contig487	469	17	9
D4014.contig488	469	23	11
D4014.contig489	468	19	5
D4014.contig490	468	21	5
D4014.contig491	467	32	5
D4014.contig492	467	10	4
D4014.contig493	466	16	7
D4014.contig494	465	27	3
D4014.contig495	464	13	5
D4014.contig496	464	29	13
D4014.contig497	463	23	14
D4014.contig498	462	6	4
D4014.contig499	461	18	10
D4014.contig500	460	14	8
D4014.contig501	459	19	7
D4014.contig502	458	18	4
D4014.contig503	457	12	4
D4014.contig504	457	51	2
D4014.contig505	456	27	8
D4014.contig506	455	12	1
D4014.contig507	454	11	3
D4014.contig508	454	19	4
D4014.contig509	453	15	6
D4014.contig510	452	21	10
D4014.contig511	452	10	4
D4014.contig512	451	8	4
D4014.contig513	451	19	6
D4014.contig514	449	26	14
D4014.contig515	449	15	7
D4014.contig516	448	15	6
D4014.contig517	448	14	6
D4014.contig518	447	18	7
D4014.contig519	447	18	8
D4014.contig520	446	27	5
D4014.contig521	444	16	6
D4014.contig522	444	22	3
D4014.contig523	444	20	9
D4014.contig524	444	25	8
D4014.contig525	442	16	5
D4014.contig526	442	245	4
D4014.contig527	442	12	3
D4014.contig528	442	20	11
D4014.contig529	441	15	7
D4014.contig530	440	15	5
D4014.contig531	439	15	6
D4014.contig532	439	10	5
D4014.contig533	439	13	5
D4014.contig534	438	16	3
D4014.contig535	438	16	5
D4014.contig536	437	12	4
D4014.contig537	436	10	8
D4014.contig538	436	15	1
D4014.contig539	436	16	4
D4014.contig540	435	26	7
D4014.contig541	435	18	6
D4014.contig542	434	15	5
D4014.contig543	433	62	3
D4014.contig544	433	13	3
D4014.contig545	433	13	4
D4014.contig546	432	13	6
D4014.contig547	432	9	4
D4014.contig548	431	17	4
D4014.contig549	431	8	6
D4014.contig550	430	10	6
D4014.contig551	430	11	5
D4014.contig552	429	11	8
D4014.contig553	427	16	5
D4014.contig554	426	10	6
D4014.contig555	426	13	5
D4014.contig556	426	16	8
D4014.contig557	425	20	6
D4014.contig558	424	19	9
D4014.contig559	423	17	8
D4014.contig560	423	14	2
D4014.contig561	422	7	7
D4014.contig562	422	15	4
D4014.contig563	421	17	11
D4014.contig564	420	47	0
D4014.contig565	420	18	4
D4014.contig566	419	19	1
D4014.contig567	416	20	1
D4014.contig568	416	15	7
D4014.contig569	416	22	8
D4014.contig570	416	27	8
D4014.contig571	415	27	8
D4014.contig572	415	33	2
D4014.contig573	415	17	9
D4014.contig574	413	11	7
D4014.contig575	412	13	3
D4014.contig576	412	28	9
D4014.contig577	411	20	10
D4014.contig578	411	16	3
D4014.contig579	408	25	8
D4014.contig580	408	10	5
D4014.contig581	408	23	1
D4014.contig582	408	13	9
D4014.contig583	407	11	3
D4014.contig584	407	18	7
D4014.contig585	405	9	7
D4014.contig586	404	15	3
D4014.contig587	402	13	5
D4014.contig588	402	11	7
D4014.contig589	401	8	6
D4014.contig590	400	18	5
D4014.contig591	399	13	6
D4014.contig592	398	12	8
D4014.contig593	396	13	3
D4014.contig594	395	47	1
D4014.contig595	394	21	3
D4014.contig596	393	12	6
D4014.contig597	393	17	4
D4014.contig598	393	34	9
D4014.contig599	392	17	4
D4014.contig600	392	14	7
D4014.contig601	392	10	1
D4014.contig602	392	14	5
D4014.contig603	392	13	8
D4014.contig604	392	22	7
D4014.contig605	390	27	8
D4014.contig606	390	10	4
D4014.contig607	390	14	5
D4014.contig608	390	11	3
D4014.contig609	390	22	0
D4014.contig610	389	18	1
D4014.contig611	389	19	8
D4014.contig612	388	28	1
D4014.contig613	387	16	7
D4014.contig614	386	12	6
D4014.contig615	385	8	4
D4014.contig616	385	10	6
D4014.contig617	385	184	3
D4014.contig618	385	9	5
D4014.contig619	384	11	3
D4014.contig620	384	14	6
D4014.contig621	383	10	6
D4014.contig622	383	8	6
D4014.contig623	382	5	3
D4014.contig624	381	13	5
D4014.contig625	380	18	6
D4014.contig626	380	13	8
D4014.contig627	380	12	6
D4014.contig628	379	20	3
D4014.contig629	379	9	5
D4014.contig630	378	108	4
D4014.contig631	378	11	4
D4014.contig632	378	10	4
D4014.contig633	378	24	6
D4014.contig634	378	19	5
D4014.contig635	377	26	9
D4014.contig636	377	11	3
D4014.contig637	376	11	3
D4014.contig638	376	17	8
D4014.contig639	376	14	4
D4014.contig640	376	20	0
D4014.contig641	376	13	10
D4014.contig642	376	19	6
D4014.contig643	375	12	4
D4014.contig644	374	13	7
D4014.contig645	374	12	8
D4014.contig646	374	6	6
D4014.contig647	374	13	9
D4014.contig648	373	28	6
D4014.contig649	372	47657	2033
D4014.contig650	372	149	5
D4014.contig651	371	21	4
D4014.contig652	370	9	5
D4014.contig653	369	6	2
D4014.contig654	369	11	1
D4014.contig655	368	11	6
D4014.contig656	368	6	2
D4014.contig657	368	16	1
D4014.contig658	368	10	7
D4014.contig659	367	12	6
D4014.contig660	367	11	9
D4014.contig661	367	13	7
D4014.contig662	367	20	10
D4014.contig663	366	7	3
D4014.contig664	366	12	8
D4014.contig665	366	12	2
D4014.contig666	366	6	4
D4014.contig667	366	22	5
D4014.contig668	365	16	7
D4014.contig669	365	9	3
D4014.contig670	365	10	8
D4014.contig671	365	12	5
D4014.contig672	364	103	3
D4014.contig673	364	10	3
D4014.contig674	364	8	4
D4014.contig675	364	3	1
D4014.contig676	364	9	5
D4014.contig677	363	16	2
D4014.contig678	362	14	8
D4014.contig679	361	8	2
D4014.contig680	360	10	6
D4014.contig681	359	12	4
D4014.contig682	358	14	4
D4014.contig683	358	11	5
D4014.contig684	357	18	3
D4014.contig685	357	9	4
D4014.contig686	357	27	3
D4014.contig687	356	11	2
D4014.contig688	356	11	7
D4014.contig689	356	7	5
D4014.contig690	355	10	4
D4014.contig691	355	19	4
D4014.contig692	355	12	8
D4014.contig693	355	12	3
D4014.contig694	355	13	4
D4014.contig695	354	15	5
D4014.contig696	354	10	10
D4014.contig697	353	7	5
D4014.contig698	353	13	8
D4014.contig699	353	4	2
D4014.contig700	353	9	8
D4014.contig701	352	27	8
D4014.contig702	352	9	3
D4014.contig703	352	23	7
D4014.contig704	351	8	6
D4014.contig705	351	6	4
D4014.contig706	351	9	5
D4014.contig707	351	50	5
D4014.contig708	351	19	5
D4014.contig709	350	11	6
D4014.contig710	350	26	1
D4014.contig711	350	6	5
D4014.contig712	349	16	12
D4014.contig713	349	19	2
D4014.contig714	349	17	14
D4014.contig715	348	11	1
D4014.contig716	348	16	6
D4014.contig717	348	21	4
D4014.contig718	348	6	2
D4014.contig719	348	16	5
D4014.contig720	348	13	2
D4014.contig721	347	18	5
D4014.contig722	347	11	5
D4014.contig723	347	10	4
D4014.contig724	347	5	5
D4014.contig725	346	9	5
D4014.contig726	346	13	4
D4014.contig727	346	20	0
D4014.contig728	346	14	6
D4014.contig729	345	8	3
D4014.contig730	345	5	1
D4014.contig731	345	16	7
D4014.contig732	344	8	0
D4014.contig733	344	17	7
D4014.contig734	343	8	6
D4014.contig735	343	12	6
D4014.contig736	343	10	4
D4014.contig737	343	14	6
D4014.contig738	343	8	6
D4014.contig739	343	10	5
D4014.contig740	342	8	2
D4014.contig741	342	15	5
D4014.contig742	342	7	3
D4014.contig743	342	13	5
D4014.contig744	342	19	5
D4014.contig745	342	4	3
D4014.contig746	342	11	3
D4014.contig747	341	8	8
D4014.contig748	341	8	4
D4014.contig749	341	19	1
D4014.contig750	341	20	8
D4014.contig751	340	12	8
D4014.contig752	340	8	6
D4014.contig753	340	12	6
D4014.contig754	339	14	6
D4014.contig755	339	6	4
D4014.contig756	339	14	6
D4014.contig757	339	13	9
D4014.contig758	339	8	4
D4014.contig759	339	8	4
D4014.contig760	338	8	6
D4014.contig761	337	6	4
D4014.contig762	337	12	5
D4014.contig763	337	10	4
D4014.contig764	337	6	4
D4014.contig765	337	8	2
D4014.contig766	336	19	2
D4014.contig767	336	11	5
D4014.contig768	335	9	7
D4014.contig769	334	8	4
D4014.contig770	334	7	5
D4014.contig771	334	11	5
D4014.contig772	334	6	4
D4014.contig773	333	12	8
D4014.contig774	333	22	9
D4014.contig775	333	9	5
D4014.contig776	333	9	3
D4014.contig777	333	7	3
D4014.contig778	333	17	2
D4014.contig779	332	12	4
D4014.contig780	332	11	7
D4014.contig781	331	11	5
D4014.contig782	331	5	3
D4014.contig783	331	8	5
D4014.contig784	331	11	7
D4014.contig785	331	13	4
D4014.contig786	331	8	6
D4014.contig787	331	9	5
D4014.contig788	331	10	1
D4014.contig789	330	11	3
D4014.contig790	330	10	4
D4014.contig791	330	11	7
D4014.contig792	330	9	5
D4014.contig793	329	10	3
D4014.contig794	329	6	5
D4014.contig795	328	8	6
D4014.contig796	328	17	6
D4014.contig797	328	11	5
D4014.contig798	327	8	6
D4014.contig799	327	12	10
D4014.contig800	327	10	8
D4014.contig801	327	11	7
D4014.contig802	327	22	1
D4014.contig803	326	9	3
D4014.contig804	326	11	8
D4014.contig805	326	14	3
D4014.contig806	326	10	8
D4014.contig807	326	12	6
D4014.contig808	326	6	6
D4014.contig809	326	18	2
D4014.contig810	326	18	0
D4014.contig811	325	69	2
D4014.contig812	325	5	5
D4014.contig813	325	9	5
D4014.contig814	325	7	4
D4014.contig815	324	11	5
D4014.contig816	324	7	3
D4014.contig817	324	4	4
D4014.contig818	324	7	5
D4014.contig819	324	11	3
D4014.contig820	324	8	1
D4014.contig821	324	12	4
D4014.contig822	324	9	3
D4014.contig823	323	9	5
D4014.contig824	323	6	6
D4014.contig825	323	9	3
D4014.contig826	322	15	2
D4014.contig827	322	11	9
D4014.contig828	322	13	6
D4014.contig829	322	8	8
D4014.contig830	322	9	5
D4014.contig831	321	13	3
D4014.contig832	321	11	7
D4014.contig833	321	15	7
D4014.contig834	321	9	5
D4014.contig835	319	6	2
D4014.contig836	319	11	5
D4014.contig837	318	5	3
D4014.contig838	318	7	5
D4014.contig839	318	15	2
D4014.contig840	317	4	2
D4014.contig841	316	7	5
D4014.contig842	316	93	0
D4014.contig843	316	9	7
D4014.contig844	315	5	5
D4014.contig845	315	10	3
D4014.contig846	315	8	5
D4014.contig847	314	16	6
D4014.contig848	314	12	6
D4014.contig849	314	8	6
D4014.contig850	314	18	3
D4014.contig851	314	7	1
D4014.contig852	314	6	4
D4014.contig853	313	9	3
D4014.contig854	313	5	5
D4014.contig855	313	10	6
D4014.contig856	312	11	1
D4014.contig857	312	13	8
D4014.contig858	312	10	8
D4014.contig859	311	8	4
D4014.contig860	311	10	6
D4014.contig861	311	13	10
D4014.contig862	311	14	8
D4014.contig863	311	12	9
D4014.contig864	311	8	8
D4014.contig865	310	7	2
D4014.contig866	310	7	5
D4014.contig867	310	11	5
D4014.contig868	309	10	10
D4014.contig869	309	13	3
D4014.contig870	309	12	3
D4014.contig871	308	7	4
D4014.contig872	308	10	6
D4014.contig873	308	4	4
D4014.contig874	308	12	5
D4014.contig875	308	8	8
D4014.contig876	308	6	1
D4014.contig877	308	9	5
D4014.contig878	307	8	8
D4014.contig879	306	5	3
D4014.contig880	306	8	6
D4014.contig881	306	11	5
D4014.contig882	306	8	3
D4014.contig883	306	10	4
D4014.contig884	306	12	1
D4014.contig885	306	8	2
D4014.contig886	306	8	4
D4014.contig887	306	8	8
D4014.contig888	305	7	4
D4014.contig889	305	6	2
D4014.contig890	304	6	5
D4014.contig891	304	7	6
D4014.contig892	304	10	5
D4014.contig893	303	9	5
D4014.contig894	303	7	3
D4014.contig895	303	4	4
D4014.contig896	302	6	4
D4014.contig897	302	9	5
D4014.contig898	302	8	7
D4014.contig899	302	7	3
D4014.contig900	301	4	4
D4014.contig901	301	8	4
D4014.contig902	301	7	5
D4014.contig903	301	20	1
D4014.contig904	301	7	5
D4014.contig905	301	11	5
D4014.contig906	301	15	5
D4014.contig907	300	25	0
D4014.contig908	300	7	7
D4014.contig909	300	6	4
D4014.contig910	300	5	3
*	0	0	82510
