RB1.contig1	2243	2534	8
RB1.contig2	1463	436758	4187
RB1.contig3	1270	417243	4784
RB1.contig4	924	66921	984
RB1.contig5	883	106910	445
RB1.contig6	856	116	7
RB1.contig7	807	797	5
RB1.contig8	747	161886	1969
RB1.contig9	728	1921	14
RB1.contig10	711	2581	19
RB1.contig11	707	150348	3263
RB1.contig12	642	57270	420
RB1.contig13	641	22342	91
RB1.contig14	623	118	0
RB1.contig15	621	61	6
RB1.contig16	601	35	9
RB1.contig17	582	61425	193
RB1.contig18	580	12284	44
RB1.contig19	535	2699	72
RB1.contig20	506	10663	54
RB1.contig21	459	326	4
RB1.contig22	455	8499	27
RB1.contig23	454	4480	415
RB1.contig24	441	4930	26
RB1.contig25	430	14413	55
RB1.contig26	405	277	7
RB1.contig27	404	3270	99
RB1.contig28	397	4	4
RB1.contig29	394	5506	30
RB1.contig30	354	5	3
RB1.contig31	327	7491	87
RB1.contig32	316	351	3
RB1.contig33	312	46	14
RB1.contig34	312	634	1
RB1.contig35	309	158	1
*	0	0	153706
