D3451.contig1	48147	1776	1178
D3451.contig2	44875	0	0
D3451.contig3	41635	0	0
D3451.contig4	39339	0	0
D3451.contig5	37620	0	0
D3451.contig6	36465	46	34
D3451.contig7	36216	24	4
D3451.contig8	35686	5	5
D3451.contig9	27354	7	3
D3451.contig10	27081	0	0
D3451.contig11	26875	19	9
D3451.contig12	23705	1	1
D3451.contig13	20376	1	1
D3451.contig14	20247	0	0
D3451.contig15	17094	0	0
D3451.contig16	15442	0	0
D3451.contig17	14696	0	0
D3451.contig18	14613	1	1
D3451.contig19	14417	3	3
D3451.contig20	12543	0	0
D3451.contig21	12088	48	8
D3451.contig22	11977	0	0
D3451.contig23	9540	0	0
D3451.contig24	9535	0	0
D3451.contig25	9347	0	0
D3451.contig26	8712	0	0
D3451.contig27	7807	0	0
D3451.contig28	7757	2	0
D3451.contig29	7684	0	0
D3451.contig30	7320	0	0
D3451.contig31	6472	2	0
D3451.contig32	6469	2	0
D3451.contig33	6348	11	7
D3451.contig34	6028	0	0
D3451.contig35	5862	0	0
D3451.contig36	5799	0	0
D3451.contig37	5677	0	0
D3451.contig38	5632	0	0
D3451.contig39	5630	0	0
D3451.contig40	4970	0	0
D3451.contig41	4768	0	0
D3451.contig42	4675	0	0
D3451.contig43	4444	0	0
D3451.contig44	4375	0	0
D3451.contig45	4335	0	0
D3451.contig46	4073	0	0
D3451.contig47	4034	6	2
D3451.contig48	3986	0	0
D3451.contig49	3860	0	0
D3451.contig50	3841	0	0
D3451.contig51	3793	0	0
D3451.contig52	3633	3	1
D3451.contig53	3570	0	0
D3451.contig54	3511	0	0
D3451.contig55	3481	2	2
D3451.contig56	3340	7	3
D3451.contig57	3284	0	0
D3451.contig58	3271	0	0
D3451.contig59	3160	0	0
D3451.contig60	3156	2	2
D3451.contig61	3087	0	0
D3451.contig62	3054	17	4
D3451.contig63	3000	0	0
D3451.contig64	2991	0	0
D3451.contig65	2968	2	0
D3451.contig66	2958	0	0
D3451.contig67	2867	0	0
D3451.contig68	2744	2	0
D3451.contig69	2701	9	4
D3451.contig70	2683	0	0
D3451.contig71	2673	1	1
D3451.contig72	2629	0	0
D3451.contig73	2606	0	0
D3451.contig74	2600	3	1
D3451.contig75	2483	0	0
D3451.contig76	2471	0	0
D3451.contig77	2346	0	0
D3451.contig78	2340	5	1
D3451.contig79	2323	0	0
D3451.contig80	2248	0	0
D3451.contig81	2235	1	1
D3451.contig82	2195	0	0
D3451.contig83	2188	0	0
D3451.contig84	2156	0	0
D3451.contig85	2151	0	0
D3451.contig86	2136	0	0
D3451.contig87	2106	0	0
D3451.contig88	2085	0	0
D3451.contig89	2060	0	0
D3451.contig90	2057	0	0
D3451.contig91	1985	0	0
D3451.contig92	1959	0	0
D3451.contig93	1946	0	0
D3451.contig94	1934	0	0
D3451.contig95	1928	0	0
D3451.contig96	1908	0	0
D3451.contig97	1903	0	0
D3451.contig98	1900	0	0
D3451.contig99	1873	0	0
D3451.contig100	1840	638	570
D3451.contig101	1839	0	0
D3451.contig102	1834	0	0
D3451.contig103	1815	0	0
D3451.contig104	1809	0	0
D3451.contig105	1801	0	0
D3451.contig106	1772	0	0
D3451.contig107	1752	0	0
D3451.contig108	1751	0	0
D3451.contig109	1716	0	0
D3451.contig110	1701	0	0
D3451.contig111	1700	0	0
D3451.contig112	1697	0	0
D3451.contig113	1694	0	0
D3451.contig114	1681	0	0
D3451.contig115	1660	0	0
D3451.contig116	1642	0	0
D3451.contig117	1640	0	0
D3451.contig118	1593	0	0
D3451.contig119	1585	0	0
D3451.contig120	1578	0	0
D3451.contig121	1572	0	0
D3451.contig122	1571	0	0
D3451.contig123	1567	0	0
D3451.contig124	1553	0	0
D3451.contig125	1543	0	0
D3451.contig126	1526	0	0
D3451.contig127	1524	2	0
D3451.contig128	1524	0	0
D3451.contig129	1502	0	0
D3451.contig130	1494	0	0
D3451.contig131	1490	0	0
D3451.contig132	1487	0	0
D3451.contig133	1466	0	0
D3451.contig134	1461	0	0
D3451.contig135	1460	0	0
D3451.contig136	1460	0	0
D3451.contig137	1455	0	0
D3451.contig138	1454	0	0
D3451.contig139	1447	0	0
D3451.contig140	1445	0	0
D3451.contig141	1437	0	0
D3451.contig142	1430	0	0
D3451.contig143	1430	0	0
D3451.contig144	1428	0	0
D3451.contig145	1420	0	0
D3451.contig146	1418	0	0
D3451.contig147	1409	0	0
D3451.contig148	1385	0	0
D3451.contig149	1376	0	0
D3451.contig150	1364	0	0
D3451.contig151	1363	0	0
D3451.contig152	1361	0	0
D3451.contig153	1361	0	0
D3451.contig154	1360	0	0
D3451.contig155	1357	0	0
D3451.contig156	1357	0	0
D3451.contig157	1354	0	0
D3451.contig158	1354	0	0
D3451.contig159	1336	0	0
D3451.contig160	1335	0	0
D3451.contig161	1329	0	0
D3451.contig162	1327	0	0
D3451.contig163	1325	0	0
D3451.contig164	1317	0	0
D3451.contig165	1299	0	0
D3451.contig166	1296	0	0
D3451.contig167	1296	0	0
D3451.contig168	1279	0	0
D3451.contig169	1269	0	0
D3451.contig170	1268	0	0
D3451.contig171	1268	0	0
D3451.contig172	1263	0	0
D3451.contig173	1258	0	0
D3451.contig174	1249	0	0
D3451.contig175	1247	0	0
D3451.contig176	1242	0	0
D3451.contig177	1236	0	0
D3451.contig178	1233	0	0
D3451.contig179	1221	0	0
D3451.contig180	1204	0	0
D3451.contig181	1190	0	0
D3451.contig182	1166	0	0
D3451.contig183	1162	0	0
D3451.contig184	1162	0	0
D3451.contig185	1162	0	0
D3451.contig186	1158	0	0
D3451.contig187	1155	0	0
D3451.contig188	1150	0	0
D3451.contig189	1149	0	0
D3451.contig190	1135	18	10
D3451.contig191	1132	0	0
D3451.contig192	1130	0	0
D3451.contig193	1114	0	0
D3451.contig194	1114	0	0
D3451.contig195	1114	0	0
D3451.contig196	1113	0	0
D3451.contig197	1112	0	0
D3451.contig198	1110	0	0
D3451.contig199	1096	0	0
D3451.contig200	1090	0	0
D3451.contig201	1090	0	0
D3451.contig202	1083	0	0
D3451.contig203	1083	0	0
D3451.contig204	1082	358856	83229
D3451.contig205	1082	0	0
D3451.contig206	1078	0	0
D3451.contig207	1077	0	0
D3451.contig208	1076	0	0
D3451.contig209	1076	0	0
D3451.contig210	1075	0	0
D3451.contig211	1074	0	0
D3451.contig212	1071	0	0
D3451.contig213	1070	0	0
D3451.contig214	1068	0	0
D3451.contig215	1055	0	0
D3451.contig216	1053	0	0
D3451.contig217	1043	0	0
D3451.contig218	1042	0	0
D3451.contig219	1041	0	0
D3451.contig220	1040	0	0
D3451.contig221	1038	0	0
D3451.contig222	1035	0	0
D3451.contig223	1030	0	0
D3451.contig224	1027	0	0
D3451.contig225	1026	0	0
D3451.contig226	1026	0	0
D3451.contig227	1015	0	0
D3451.contig228	1005	0	0
D3451.contig229	998	0	0
D3451.contig230	992	0	0
D3451.contig231	985	0	0
D3451.contig232	984	0	0
D3451.contig233	984	1	1
D3451.contig234	984	0	0
D3451.contig235	982	0	0
D3451.contig236	979	0	0
D3451.contig237	971	0	0
D3451.contig238	970	0	0
D3451.contig239	966	0	0
D3451.contig240	965	0	0
D3451.contig241	962	0	0
D3451.contig242	962	0	0
D3451.contig243	962	0	0
D3451.contig244	959	0	0
D3451.contig245	950	0	0
D3451.contig246	942	0	0
D3451.contig247	941	0	0
D3451.contig248	941	0	0
D3451.contig249	939	0	0
D3451.contig250	936	0	0
D3451.contig251	935	0	0
D3451.contig252	934	0	0
D3451.contig253	931	0	0
D3451.contig254	927	0	0
D3451.contig255	925	0	0
D3451.contig256	922	0	0
D3451.contig257	910	0	0
D3451.contig258	909	0	0
D3451.contig259	908	0	0
D3451.contig260	908	0	0
D3451.contig261	906	0	0
D3451.contig262	905	0	0
D3451.contig263	904	0	0
D3451.contig264	903	3	1
D3451.contig265	901	0	0
D3451.contig266	900	0	0
D3451.contig267	894	0	0
D3451.contig268	894	0	0
D3451.contig269	889	2	0
D3451.contig270	888	0	0
D3451.contig271	888	0	0
D3451.contig272	886	0	0
D3451.contig273	882	0	0
D3451.contig274	874	0	0
D3451.contig275	873	0	0
D3451.contig276	871	0	0
D3451.contig277	868	0	0
D3451.contig278	868	0	0
D3451.contig279	866	0	0
D3451.contig280	862	0	0
D3451.contig281	856	0	0
D3451.contig282	853	0	0
D3451.contig283	851	0	0
D3451.contig284	850	0	0
D3451.contig285	845	0	0
D3451.contig286	843	0	0
D3451.contig287	842	0	0
D3451.contig288	841	0	0
D3451.contig289	840	0	0
D3451.contig290	837	0	0
D3451.contig291	837	0	0
D3451.contig292	832	0	0
D3451.contig293	828	0	0
D3451.contig294	827	0	0
D3451.contig295	826	0	0
D3451.contig296	824	0	0
D3451.contig297	824	0	0
D3451.contig298	823	0	0
D3451.contig299	822	0	0
D3451.contig300	821	2	0
D3451.contig301	817	0	0
D3451.contig302	816	0	0
D3451.contig303	814	0	0
D3451.contig304	813	0	0
D3451.contig305	807	0	0
D3451.contig306	804	0	0
D3451.contig307	804	0	0
D3451.contig308	803	0	0
D3451.contig309	802	0	0
D3451.contig310	800	0	0
D3451.contig311	793	0	0
D3451.contig312	787	0	0
D3451.contig313	787	0	0
D3451.contig314	784	0	0
D3451.contig315	784	0	0
D3451.contig316	783	0	0
D3451.contig317	782	0	0
D3451.contig318	777	0	0
D3451.contig319	776	0	0
D3451.contig320	773	0	0
D3451.contig321	771	0	0
D3451.contig322	770	0	0
D3451.contig323	770	0	0
D3451.contig324	769	0	0
D3451.contig325	767	0	0
D3451.contig326	767	0	0
D3451.contig327	764	0	0
D3451.contig328	761	0	0
D3451.contig329	757	0	0
D3451.contig330	757	0	0
D3451.contig331	756	0	0
D3451.contig332	756	0	0
D3451.contig333	751	0	0
D3451.contig334	749	0	0
D3451.contig335	747	0	0
D3451.contig336	746	0	0
D3451.contig337	745	0	0
D3451.contig338	745	0	0
D3451.contig339	743	0	0
D3451.contig340	742	0	0
D3451.contig341	739	0	0
D3451.contig342	737	0	0
D3451.contig343	736	0	0
D3451.contig344	736	0	0
D3451.contig345	735	0	0
D3451.contig346	735	0	0
D3451.contig347	735	0	0
D3451.contig348	730	0	0
D3451.contig349	729	0	0
D3451.contig350	727	0	0
D3451.contig351	727	0	0
D3451.contig352	723	0	0
D3451.contig353	721	0	0
D3451.contig354	713	0	0
D3451.contig355	708	0	0
D3451.contig356	706	0	0
D3451.contig357	706	0	0
D3451.contig358	704	0	0
D3451.contig359	703	0	0
D3451.contig360	703	1	1
D3451.contig361	702	0	0
D3451.contig362	701	0	0
D3451.contig363	697	0	0
D3451.contig364	695	0	0
D3451.contig365	691	0	0
D3451.contig366	691	0	0
D3451.contig367	691	0	0
D3451.contig368	689	0	0
D3451.contig369	689	0	0
D3451.contig370	688	0	0
D3451.contig371	687	0	0
D3451.contig372	686	0	0
D3451.contig373	686	0	0
D3451.contig374	685	0	0
D3451.contig375	685	0	0
D3451.contig376	683	0	0
D3451.contig377	682	0	0
D3451.contig378	682	0	0
D3451.contig379	680	0	0
D3451.contig380	680	165483	68730
D3451.contig381	679	0	0
D3451.contig382	678	1	1
D3451.contig383	677	0	0
D3451.contig384	673	0	0
D3451.contig385	672	0	0
D3451.contig386	672	0	0
D3451.contig387	669	0	0
D3451.contig388	668	0	0
D3451.contig389	668	0	0
D3451.contig390	666	0	0
D3451.contig391	664	0	0
D3451.contig392	661	0	0
D3451.contig393	661	0	0
D3451.contig394	658	0	0
D3451.contig395	656	0	0
D3451.contig396	654	3	2
D3451.contig397	651	0	0
D3451.contig398	651	0	0
D3451.contig399	651	0	0
D3451.contig400	650	0	0
D3451.contig401	650	0	0
D3451.contig402	649	0	0
D3451.contig403	648	0	0
D3451.contig404	648	0	0
D3451.contig405	646	0	0
D3451.contig406	646	0	0
D3451.contig407	645	0	0
D3451.contig408	643	0	0
D3451.contig409	641	0	0
D3451.contig410	640	0	0
D3451.contig411	640	0	0
D3451.contig412	639	0	0
D3451.contig413	639	0	0
D3451.contig414	638	0	0
D3451.contig415	637	0	0
D3451.contig416	636	0	0
D3451.contig417	635	0	0
D3451.contig418	635	0	0
D3451.contig419	634	0	0
D3451.contig420	634	0	0
D3451.contig421	631	3	1
D3451.contig422	631	0	0
D3451.contig423	631	0	0
D3451.contig424	630	0	0
D3451.contig425	630	0	0
D3451.contig426	629	0	0
D3451.contig427	626	0	0
D3451.contig428	626	0	0
D3451.contig429	625	0	0
D3451.contig430	625	0	0
D3451.contig431	624	0	0
D3451.contig432	624	0	0
D3451.contig433	622	0	0
D3451.contig434	621	0	0
D3451.contig435	617	0	0
D3451.contig436	617	0	0
D3451.contig437	617	1	1
D3451.contig438	617	0	0
D3451.contig439	616	0	0
D3451.contig440	616	0	0
D3451.contig441	614	0	0
D3451.contig442	614	0	0
D3451.contig443	613	0	0
D3451.contig444	613	0	0
D3451.contig445	612	0	0
D3451.contig446	612	0	0
D3451.contig447	611	0	0
D3451.contig448	610	0	0
D3451.contig449	610	0	0
D3451.contig450	609	1	0
D3451.contig451	608	0	0
D3451.contig452	606	0	0
D3451.contig453	606	0	0
D3451.contig454	605	0	0
D3451.contig455	605	0	0
D3451.contig456	604	0	0
D3451.contig457	603	0	0
D3451.contig458	601	0	0
D3451.contig459	599	0	0
D3451.contig460	599	0	0
D3451.contig461	597	0	0
D3451.contig462	596	0	0
D3451.contig463	596	0	0
D3451.contig464	594	0	0
D3451.contig465	593	0	0
D3451.contig466	593	0	0
D3451.contig467	592	0	0
D3451.contig468	589	2	2
D3451.contig469	589	0	0
D3451.contig470	587	0	0
D3451.contig471	586	0	0
D3451.contig472	586	0	0
D3451.contig473	585	0	0
D3451.contig474	584	0	0
D3451.contig475	583	0	0
D3451.contig476	582	0	0
D3451.contig477	579	0	0
D3451.contig478	579	0	0
D3451.contig479	579	0	0
D3451.contig480	575	0	0
D3451.contig481	575	0	0
D3451.contig482	575	0	0
D3451.contig483	574	0	0
D3451.contig484	574	0	0
D3451.contig485	572	0	0
D3451.contig486	572	0	0
D3451.contig487	571	0	0
D3451.contig488	570	0	0
D3451.contig489	570	0	0
D3451.contig490	570	0	0
D3451.contig491	569	0	0
D3451.contig492	569	0	0
D3451.contig493	567	0	0
D3451.contig494	567	0	0
D3451.contig495	566	0	0
D3451.contig496	566	0	0
D3451.contig497	564	6	4
D3451.contig498	563	0	0
D3451.contig499	563	0	0
D3451.contig500	562	0	0
D3451.contig501	561	0	0
D3451.contig502	561	0	0
D3451.contig503	561	0	0
D3451.contig504	560	0	0
D3451.contig505	560	0	0
D3451.contig506	557	0	0
D3451.contig507	557	0	0
D3451.contig508	555	0	0
D3451.contig509	555	0	0
D3451.contig510	555	0	0
D3451.contig511	553	0	0
D3451.contig512	552	8	2
D3451.contig513	552	0	0
D3451.contig514	547	0	0
D3451.contig515	547	0	0
D3451.contig516	547	0	0
D3451.contig517	547	0	0
D3451.contig518	546	0	0
D3451.contig519	546	0	0
D3451.contig520	545	0	0
D3451.contig521	545	0	0
D3451.contig522	544	0	0
D3451.contig523	544	0	0
D3451.contig524	543	0	0
D3451.contig525	543	0	0
D3451.contig526	542	0	0
D3451.contig527	542	0	0
D3451.contig528	541	0	0
D3451.contig529	541	0	0
D3451.contig530	539	0	0
D3451.contig531	539	0	0
D3451.contig532	539	0	0
D3451.contig533	538	0	0
D3451.contig534	538	0	0
D3451.contig535	536	0	0
D3451.contig536	535	0	0
D3451.contig537	535	0	0
D3451.contig538	534	0	0
D3451.contig539	534	0	0
D3451.contig540	534	0	0
D3451.contig541	533	0	0
D3451.contig542	532	0	0
D3451.contig543	532	0	0
D3451.contig544	532	0	0
D3451.contig545	531	0	0
D3451.contig546	530	2	0
D3451.contig547	530	0	0
D3451.contig548	529	0	0
D3451.contig549	529	0	0
D3451.contig550	528	0	0
D3451.contig551	527	0	0
D3451.contig552	527	0	0
D3451.contig553	527	0	0
D3451.contig554	526	0	0
D3451.contig555	526	0	0
D3451.contig556	525	0	0
D3451.contig557	525	0	0
D3451.contig558	523	0	0
D3451.contig559	523	1	1
D3451.contig560	522	0	0
D3451.contig561	520	0	0
D3451.contig562	520	0	0
D3451.contig563	520	0	0
D3451.contig564	519	0	0
D3451.contig565	518	0	0
D3451.contig566	518	0	0
D3451.contig567	518	0	0
D3451.contig568	514	0	0
D3451.contig569	514	0	0
D3451.contig570	514	0	0
D3451.contig571	513	0	0
D3451.contig572	513	0	0
D3451.contig573	512	0	0
D3451.contig574	511	0	0
D3451.contig575	511	0	0
D3451.contig576	510	0	0
D3451.contig577	509	0	0
D3451.contig578	508	0	0
D3451.contig579	508	0	0
D3451.contig580	508	0	0
D3451.contig581	507	0	0
D3451.contig582	506	0	0
D3451.contig583	506	0	0
D3451.contig584	505	0	0
D3451.contig585	503	0	0
D3451.contig586	503	0	0
D3451.contig587	502	0	0
D3451.contig588	502	0	0
D3451.contig589	502	0	0
D3451.contig590	501	0	0
D3451.contig591	501	0	0
D3451.contig592	501	0	0
D3451.contig593	500	0	0
D3451.contig594	500	0	0
D3451.contig595	499	0	0
D3451.contig596	498	0	0
D3451.contig597	497	0	0
D3451.contig598	497	0	0
D3451.contig599	496	0	0
D3451.contig600	494	0	0
D3451.contig601	494	0	0
D3451.contig602	493	0	0
D3451.contig603	492	0	0
D3451.contig604	490	0	0
D3451.contig605	490	0	0
D3451.contig606	490	0	0
D3451.contig607	489	0	0
D3451.contig608	488	1	1
D3451.contig609	488	0	0
D3451.contig610	487	0	0
D3451.contig611	486	0	0
D3451.contig612	486	0	0
D3451.contig613	486	0	0
D3451.contig614	486	0	0
D3451.contig615	484	0	0
D3451.contig616	484	0	0
D3451.contig617	484	0	0
D3451.contig618	483	0	0
D3451.contig619	483	0	0
D3451.contig620	482	0	0
D3451.contig621	482	0	0
D3451.contig622	481	0	0
D3451.contig623	481	0	0
D3451.contig624	481	0	0
D3451.contig625	481	0	0
D3451.contig626	481	0	0
D3451.contig627	480	0	0
D3451.contig628	480	0	0
D3451.contig629	480	0	0
D3451.contig630	479	0	0
D3451.contig631	479	0	0
D3451.contig632	479	0	0
D3451.contig633	479	0	0
D3451.contig634	479	0	0
D3451.contig635	479	0	0
D3451.contig636	478	0	0
D3451.contig637	478	0	0
D3451.contig638	477	0	0
D3451.contig639	477	0	0
D3451.contig640	476	0	0
D3451.contig641	476	0	0
D3451.contig642	475	0	0
D3451.contig643	475	0	0
D3451.contig644	474	0	0
D3451.contig645	474	0	0
D3451.contig646	473	0	0
D3451.contig647	473	0	0
D3451.contig648	473	0	0
D3451.contig649	470	0	0
D3451.contig650	470	0	0
D3451.contig651	470	0	0
D3451.contig652	470	0	0
D3451.contig653	470	0	0
D3451.contig654	469	0	0
D3451.contig655	469	0	0
D3451.contig656	469	0	0
D3451.contig657	469	0	0
D3451.contig658	469	0	0
D3451.contig659	468	0	0
D3451.contig660	467	0	0
D3451.contig661	466	0	0
D3451.contig662	465	0	0
D3451.contig663	465	0	0
D3451.contig664	464	0	0
D3451.contig665	464	0	0
D3451.contig666	464	0	0
D3451.contig667	463	0	0
D3451.contig668	462	0	0
D3451.contig669	461	0	0
D3451.contig670	461	0	0
D3451.contig671	461	0	0
D3451.contig672	460	0	0
D3451.contig673	460	0	0
D3451.contig674	459	0	0
D3451.contig675	459	0	0
D3451.contig676	459	0	0
D3451.contig677	459	0	0
D3451.contig678	458	0	0
D3451.contig679	457	0	0
D3451.contig680	457	0	0
D3451.contig681	456	0	0
D3451.contig682	455	0	0
D3451.contig683	455	0	0
D3451.contig684	455	0	0
D3451.contig685	454	0	0
D3451.contig686	452	0	0
D3451.contig687	452	0	0
D3451.contig688	451	0	0
D3451.contig689	451	0	0
D3451.contig690	450	0	0
D3451.contig691	450	9	3
D3451.contig692	449	0	0
D3451.contig693	449	0	0
D3451.contig694	449	0	0
D3451.contig695	449	0	0
D3451.contig696	448	0	0
D3451.contig697	448	0	0
D3451.contig698	448	0	0
D3451.contig699	447	0	0
D3451.contig700	447	0	0
D3451.contig701	447	0	0
D3451.contig702	445	0	0
D3451.contig703	445	0	0
D3451.contig704	444	0	0
D3451.contig705	444	0	0
D3451.contig706	443	0	0
D3451.contig707	443	0	0
D3451.contig708	442	0	0
D3451.contig709	442	0	0
D3451.contig710	442	0	0
D3451.contig711	442	0	0
D3451.contig712	441	0	0
D3451.contig713	440	0	0
D3451.contig714	439	0	0
D3451.contig715	439	0	0
D3451.contig716	439	0	0
D3451.contig717	438	0	0
D3451.contig718	438	0	0
D3451.contig719	438	0	0
D3451.contig720	437	0	0
D3451.contig721	436	0	0
D3451.contig722	436	0	0
D3451.contig723	435	0	0
D3451.contig724	435	0	0
D3451.contig725	435	0	0
D3451.contig726	434	0	0
D3451.contig727	434	0	0
D3451.contig728	434	0	0
D3451.contig729	433	0	0
D3451.contig730	432	0	0
D3451.contig731	430	0	0
D3451.contig732	429	0	0
D3451.contig733	429	0	0
D3451.contig734	429	0	0
D3451.contig735	429	0	0
D3451.contig736	428	0	0
D3451.contig737	428	0	0
D3451.contig738	428	0	0
D3451.contig739	427	0	0
D3451.contig740	427	0	0
D3451.contig741	427	0	0
D3451.contig742	427	0	0
D3451.contig743	426	0	0
D3451.contig744	426	0	0
D3451.contig745	426	0	0
D3451.contig746	426	0	0
D3451.contig747	425	0	0
D3451.contig748	425	0	0
D3451.contig749	425	0	0
D3451.contig750	425	0	0
D3451.contig751	424	0	0
D3451.contig752	423	2	2
D3451.contig753	423	0	0
D3451.contig754	422	0	0
D3451.contig755	422	0	0
D3451.contig756	422	0	0
D3451.contig757	420	0	0
D3451.contig758	420	0	0
D3451.contig759	420	0	0
D3451.contig760	420	0	0
D3451.contig761	420	0	0
D3451.contig762	420	0	0
D3451.contig763	420	0	0
D3451.contig764	419	0	0
D3451.contig765	419	0	0
D3451.contig766	419	0	0
D3451.contig767	419	0	0
D3451.contig768	419	0	0
D3451.contig769	419	0	0
D3451.contig770	418	0	0
D3451.contig771	418	0	0
D3451.contig772	417	0	0
D3451.contig773	417	0	0
D3451.contig774	417	0	0
D3451.contig775	416	0	0
D3451.contig776	415	0	0
D3451.contig777	415	0	0
D3451.contig778	414	0	0
D3451.contig779	413	2	2
D3451.contig780	412	0	0
D3451.contig781	412	0	0
D3451.contig782	412	0	0
D3451.contig783	411	0	0
D3451.contig784	411	1	1
D3451.contig785	410	0	0
D3451.contig786	410	0	0
D3451.contig787	410	0	0
D3451.contig788	409	0	0
D3451.contig789	409	0	0
D3451.contig790	409	0	0
D3451.contig791	409	0	0
D3451.contig792	409	0	0
D3451.contig793	409	0	0
D3451.contig794	408	0	0
D3451.contig795	408	0	0
D3451.contig796	408	0	0
D3451.contig797	408	0	0
D3451.contig798	407	0	0
D3451.contig799	407	0	0
D3451.contig800	407	0	0
D3451.contig801	407	0	0
D3451.contig802	407	0	0
D3451.contig803	407	0	0
D3451.contig804	407	0	0
D3451.contig805	406	0	0
D3451.contig806	406	0	0
D3451.contig807	406	0	0
D3451.contig808	405	0	0
D3451.contig809	405	0	0
D3451.contig810	405	0	0
D3451.contig811	405	0	0
D3451.contig812	405	0	0
D3451.contig813	403	0	0
D3451.contig814	403	0	0
D3451.contig815	402	0	0
D3451.contig816	402	0	0
D3451.contig817	402	0	0
D3451.contig818	402	0	0
D3451.contig819	401	0	0
D3451.contig820	401	0	0
D3451.contig821	401	0	0
D3451.contig822	400	0	0
D3451.contig823	400	0	0
D3451.contig824	399	0	0
D3451.contig825	399	0	0
D3451.contig826	399	0	0
D3451.contig827	398	0	0
D3451.contig828	398	0	0
D3451.contig829	398	0	0
D3451.contig830	397	0	0
D3451.contig831	397	0	0
D3451.contig832	397	0	0
D3451.contig833	397	0	0
D3451.contig834	396	0	0
D3451.contig835	396	0	0
D3451.contig836	396	0	0
D3451.contig837	395	0	0
D3451.contig838	395	0	0
D3451.contig839	395	0	0
D3451.contig840	394	0	0
D3451.contig841	394	0	0
D3451.contig842	393	0	0
D3451.contig843	392	0	0
D3451.contig844	392	0	0
D3451.contig845	391	0	0
D3451.contig846	390	0	0
D3451.contig847	390	0	0
D3451.contig848	390	0	0
D3451.contig849	390	0	0
D3451.contig850	389	0	0
D3451.contig851	389	0	0
D3451.contig852	389	0	0
D3451.contig853	389	0	0
D3451.contig854	389	0	0
D3451.contig855	388	0	0
D3451.contig856	388	0	0
D3451.contig857	388	150	142
D3451.contig858	388	0	0
D3451.contig859	387	0	0
D3451.contig860	387	0	0
D3451.contig861	386	0	0
D3451.contig862	386	0	0
D3451.contig863	386	0	0
D3451.contig864	385	0	0
D3451.contig865	385	0	0
D3451.contig866	385	0	0
D3451.contig867	385	0	0
D3451.contig868	385	0	0
D3451.contig869	385	0	0
D3451.contig870	385	0	0
D3451.contig871	384	0	0
D3451.contig872	384	0	0
D3451.contig873	384	0	0
D3451.contig874	384	0	0
D3451.contig875	383	2	0
D3451.contig876	383	0	0
D3451.contig877	383	0	0
D3451.contig878	382	7	7
D3451.contig879	382	0	0
D3451.contig880	381	0	0
D3451.contig881	381	0	0
D3451.contig882	381	0	0
D3451.contig883	381	0	0
D3451.contig884	380	0	0
D3451.contig885	380	0	0
D3451.contig886	380	0	0
D3451.contig887	380	0	0
D3451.contig888	380	0	0
D3451.contig889	380	0	0
D3451.contig890	380	0	0
D3451.contig891	379	0	0
D3451.contig892	378	0	0
D3451.contig893	378	0	0
D3451.contig894	378	0	0
D3451.contig895	377	0	0
D3451.contig896	377	0	0
D3451.contig897	377	0	0
D3451.contig898	376	0	0
D3451.contig899	376	0	0
D3451.contig900	376	0	0
D3451.contig901	375	0	0
D3451.contig902	374	0	0
D3451.contig903	374	0	0
D3451.contig904	374	0	0
D3451.contig905	374	0	0
D3451.contig906	374	0	0
D3451.contig907	374	0	0
D3451.contig908	373	0	0
D3451.contig909	373	0	0
D3451.contig910	372	0	0
D3451.contig911	372	0	0
D3451.contig912	372	0	0
D3451.contig913	372	0	0
D3451.contig914	372	0	0
D3451.contig915	372	0	0
D3451.contig916	372	0	0
D3451.contig917	371	0	0
D3451.contig918	371	0	0
D3451.contig919	371	0	0
D3451.contig920	371	0	0
D3451.contig921	370	0	0
D3451.contig922	370	0	0
D3451.contig923	370	0	0
D3451.contig924	369	0	0
D3451.contig925	369	0	0
D3451.contig926	369	0	0
D3451.contig927	369	0	0
D3451.contig928	369	0	0
D3451.contig929	368	0	0
D3451.contig930	368	0	0
D3451.contig931	368	0	0
D3451.contig932	368	0	0
D3451.contig933	367	0	0
D3451.contig934	367	0	0
D3451.contig935	367	0	0
D3451.contig936	366	0	0
D3451.contig937	366	0	0
D3451.contig938	366	0	0
D3451.contig939	366	0	0
D3451.contig940	366	0	0
D3451.contig941	366	0	0
D3451.contig942	366	0	0
D3451.contig943	365	0	0
D3451.contig944	365	0	0
D3451.contig945	364	0	0
D3451.contig946	364	0	0
D3451.contig947	364	0	0
D3451.contig948	364	0	0
D3451.contig949	364	0	0
D3451.contig950	363	0	0
D3451.contig951	363	0	0
D3451.contig952	363	0	0
D3451.contig953	363	0	0
D3451.contig954	363	0	0
D3451.contig955	362	0	0
D3451.contig956	362	0	0
D3451.contig957	362	0	0
D3451.contig958	362	0	0
D3451.contig959	362	0	0
D3451.contig960	361	0	0
D3451.contig961	361	0	0
D3451.contig962	361	0	0
D3451.contig963	361	0	0
D3451.contig964	361	0	0
D3451.contig965	361	0	0
D3451.contig966	361	0	0
D3451.contig967	360	0	0
D3451.contig968	360	0	0
D3451.contig969	360	0	0
D3451.contig970	360	0	0
D3451.contig971	359	0	0
D3451.contig972	359	0	0
D3451.contig973	359	0	0
D3451.contig974	359	0	0
D3451.contig975	359	0	0
D3451.contig976	359	0	0
D3451.contig977	359	0	0
D3451.contig978	359	0	0
D3451.contig979	359	0	0
D3451.contig980	359	0	0
D3451.contig981	359	0	0
D3451.contig982	357	0	0
D3451.contig983	357	0	0
D3451.contig984	357	0	0
D3451.contig985	357	0	0
D3451.contig986	357	0	0
D3451.contig987	356	0	0
D3451.contig988	356	0	0
D3451.contig989	356	2	2
D3451.contig990	356	0	0
D3451.contig991	355	0	0
D3451.contig992	355	0	0
D3451.contig993	355	0	0
D3451.contig994	355	0	0
D3451.contig995	355	0	0
D3451.contig996	354	0	0
D3451.contig997	354	0	0
D3451.contig998	354	0	0
D3451.contig999	353	0	0
D3451.contig1000	353	0	0
D3451.contig1001	352	0	0
D3451.contig1002	352	0	0
D3451.contig1003	352	0	0
D3451.contig1004	352	0	0
D3451.contig1005	352	0	0
D3451.contig1006	351	0	0
D3451.contig1007	351	0	0
D3451.contig1008	351	0	0
D3451.contig1009	350	0	0
D3451.contig1010	350	0	0
D3451.contig1011	350	0	0
D3451.contig1012	350	0	0
D3451.contig1013	349	0	0
D3451.contig1014	349	0	0
D3451.contig1015	349	0	0
D3451.contig1016	348	0	0
D3451.contig1017	348	0	0
D3451.contig1018	348	0	0
D3451.contig1019	348	0	0
D3451.contig1020	347	0	0
D3451.contig1021	347	0	0
D3451.contig1022	347	0	0
D3451.contig1023	347	0	0
D3451.contig1024	346	0	0
D3451.contig1025	346	0	0
D3451.contig1026	346	0	0
D3451.contig1027	346	0	0
D3451.contig1028	346	0	0
D3451.contig1029	345	0	0
D3451.contig1030	345	0	0
D3451.contig1031	345	0	0
D3451.contig1032	345	0	0
D3451.contig1033	345	0	0
D3451.contig1034	345	0	0
D3451.contig1035	344	0	0
D3451.contig1036	344	0	0
D3451.contig1037	344	0	0
D3451.contig1038	344	0	0
D3451.contig1039	343	0	0
D3451.contig1040	343	0	0
D3451.contig1041	343	0	0
D3451.contig1042	342	0	0
D3451.contig1043	342	0	0
D3451.contig1044	342	0	0
D3451.contig1045	342	0	0
D3451.contig1046	342	0	0
D3451.contig1047	342	0	0
D3451.contig1048	341	0	0
D3451.contig1049	340	0	0
D3451.contig1050	340	0	0
D3451.contig1051	340	0	0
D3451.contig1052	340	0	0
D3451.contig1053	340	0	0
D3451.contig1054	339	0	0
D3451.contig1055	339	0	0
D3451.contig1056	339	0	0
D3451.contig1057	339	0	0
D3451.contig1058	339	0	0
D3451.contig1059	339	0	0
D3451.contig1060	338	0	0
D3451.contig1061	338	0	0
D3451.contig1062	338	0	0
D3451.contig1063	338	0	0
D3451.contig1064	338	0	0
D3451.contig1065	338	0	0
D3451.contig1066	337	0	0
D3451.contig1067	337	0	0
D3451.contig1068	337	0	0
D3451.contig1069	336	0	0
D3451.contig1070	336	0	0
D3451.contig1071	336	0	0
D3451.contig1072	336	0	0
D3451.contig1073	336	0	0
D3451.contig1074	336	0	0
D3451.contig1075	336	0	0
D3451.contig1076	336	0	0
D3451.contig1077	336	0	0
D3451.contig1078	335	0	0
D3451.contig1079	335	0	0
D3451.contig1080	335	0	0
D3451.contig1081	335	0	0
D3451.contig1082	334	0	0
D3451.contig1083	334	0	0
D3451.contig1084	334	0	0
D3451.contig1085	333	0	0
D3451.contig1086	333	0	0
D3451.contig1087	333	0	0
D3451.contig1088	332	0	0
D3451.contig1089	332	0	0
D3451.contig1090	332	0	0
D3451.contig1091	331	0	0
D3451.contig1092	331	0	0
D3451.contig1093	331	0	0
D3451.contig1094	331	0	0
D3451.contig1095	330	0	0
D3451.contig1096	330	0	0
D3451.contig1097	330	0	0
D3451.contig1098	329	0	0
D3451.contig1099	329	0	0
D3451.contig1100	329	0	0
D3451.contig1101	329	0	0
D3451.contig1102	329	0	0
D3451.contig1103	329	0	0
D3451.contig1104	328	0	0
D3451.contig1105	328	0	0
D3451.contig1106	328	0	0
D3451.contig1107	328	0	0
D3451.contig1108	326	0	0
D3451.contig1109	326	0	0
D3451.contig1110	326	0	0
D3451.contig1111	326	0	0
D3451.contig1112	325	0	0
D3451.contig1113	325	0	0
D3451.contig1114	325	0	0
D3451.contig1115	324	0	0
D3451.contig1116	324	0	0
D3451.contig1117	324	0	0
D3451.contig1118	324	0	0
D3451.contig1119	324	0	0
D3451.contig1120	323	0	0
D3451.contig1121	323	0	0
D3451.contig1122	323	0	0
D3451.contig1123	323	0	0
D3451.contig1124	323	0	0
D3451.contig1125	323	0	0
D3451.contig1126	323	0	0
D3451.contig1127	322	0	0
D3451.contig1128	322	0	0
D3451.contig1129	322	0	0
D3451.contig1130	322	0	0
D3451.contig1131	321	0	0
D3451.contig1132	321	0	0
D3451.contig1133	321	0	0
D3451.contig1134	321	0	0
D3451.contig1135	321	0	0
D3451.contig1136	321	0	0
D3451.contig1137	321	0	0
D3451.contig1138	321	0	0
D3451.contig1139	321	0	0
D3451.contig1140	321	0	0
D3451.contig1141	320	0	0
D3451.contig1142	320	0	0
D3451.contig1143	320	0	0
D3451.contig1144	320	0	0
D3451.contig1145	320	0	0
D3451.contig1146	320	0	0
D3451.contig1147	319	0	0
D3451.contig1148	319	0	0
D3451.contig1149	319	0	0
D3451.contig1150	319	0	0
D3451.contig1151	318	0	0
D3451.contig1152	318	0	0
D3451.contig1153	318	0	0
D3451.contig1154	318	0	0
D3451.contig1155	318	0	0
D3451.contig1156	318	0	0
D3451.contig1157	318	0	0
D3451.contig1158	318	0	0
D3451.contig1159	317	0	0
D3451.contig1160	317	0	0
D3451.contig1161	317	0	0
D3451.contig1162	317	0	0
D3451.contig1163	317	0	0
D3451.contig1164	317	0	0
D3451.contig1165	317	0	0
D3451.contig1166	316	0	0
D3451.contig1167	316	0	0
D3451.contig1168	316	0	0
D3451.contig1169	316	0	0
D3451.contig1170	316	0	0
D3451.contig1171	316	0	0
D3451.contig1172	316	0	0
D3451.contig1173	316	0	0
D3451.contig1174	316	0	0
D3451.contig1175	315	2	0
D3451.contig1176	315	0	0
D3451.contig1177	315	0	0
D3451.contig1178	314	0	0
D3451.contig1179	314	0	0
D3451.contig1180	314	0	0
D3451.contig1181	314	0	0
D3451.contig1182	314	0	0
D3451.contig1183	314	0	0
D3451.contig1184	314	0	0
D3451.contig1185	313	0	0
D3451.contig1186	313	0	0
D3451.contig1187	313	0	0
D3451.contig1188	313	0	0
D3451.contig1189	313	0	0
D3451.contig1190	312	0	0
D3451.contig1191	312	0	0
D3451.contig1192	312	0	0
D3451.contig1193	312	0	0
D3451.contig1194	312	0	0
D3451.contig1195	312	0	0
D3451.contig1196	312	0	0
D3451.contig1197	312	0	0
D3451.contig1198	310	0	0
D3451.contig1199	310	0	0
D3451.contig1200	310	0	0
D3451.contig1201	310	0	0
D3451.contig1202	310	0	0
D3451.contig1203	309	0	0
D3451.contig1204	309	0	0
D3451.contig1205	309	0	0
D3451.contig1206	309	0	0
D3451.contig1207	308	0	0
D3451.contig1208	308	0	0
D3451.contig1209	308	0	0
D3451.contig1210	307	0	0
D3451.contig1211	307	0	0
D3451.contig1212	307	0	0
D3451.contig1213	307	0	0
D3451.contig1214	307	0	0
D3451.contig1215	307	0	0
D3451.contig1216	306	0	0
D3451.contig1217	306	0	0
D3451.contig1218	306	0	0
D3451.contig1219	306	0	0
D3451.contig1220	306	0	0
D3451.contig1221	306	0	0
D3451.contig1222	306	0	0
D3451.contig1223	306	0	0
D3451.contig1224	305	0	0
D3451.contig1225	305	0	0
D3451.contig1226	305	0	0
D3451.contig1227	305	0	0
D3451.contig1228	305	0	0
D3451.contig1229	305	0	0
D3451.contig1230	304	0	0
D3451.contig1231	304	0	0
D3451.contig1232	304	0	0
D3451.contig1233	304	0	0
D3451.contig1234	304	0	0
D3451.contig1235	303	0	0
D3451.contig1236	302	0	0
D3451.contig1237	302	0	0
D3451.contig1238	302	0	0
D3451.contig1239	302	0	0
D3451.contig1240	302	0	0
D3451.contig1241	302	0	0
D3451.contig1242	302	0	0
D3451.contig1243	301	0	0
D3451.contig1244	301	0	0
D3451.contig1245	301	0	0
D3451.contig1246	301	0	0
D3451.contig1247	300	0	0
D3451.contig1248	300	0	0
D3451.contig1249	300	0	0
D3451.contig1250	300	0	0
D3451.contig1251	300	0	0
D3451.contig1252	300	0	0
*	0	0	99672168
