D3330.contig1	46360	339517	4865
D3330.contig2	39654	38618	702
D3330.contig3	38067	3762149	171028
D3330.contig4	36185	3991668	180891
D3330.contig5	31507	969012	33483
D3330.contig6	29378	15893	176
D3330.contig7	29217	25535	335
D3330.contig8	28909	12791	153
D3330.contig9	26206	26461	299
D3330.contig10	24517	7389	96
D3330.contig11	23988	13299	246
D3330.contig12	22843	30767	765
D3330.contig13	19813	12924	436
D3330.contig14	18154	14462	233
D3330.contig15	17599	11140	306
D3330.contig16	17402	6896	175
D3330.contig17	17080	15725	366
D3330.contig18	15000	3008	90
D3330.contig19	14250	6085	114
D3330.contig20	12581	2112	56
D3330.contig21	12241	3423	74
D3330.contig22	11918	2118	42
D3330.contig23	11753	11027	218
D3330.contig24	11386	3185	115
D3330.contig25	11324	6876	104
D3330.contig26	10778	1926	33
D3330.contig27	10704	7189	138
D3330.contig28	10662	1724	30
D3330.contig29	10618	2536	55
D3330.contig30	10583	1897	46
D3330.contig31	10513	3266	52
D3330.contig32	10445	2046	32
D3330.contig33	10358	2203	29
D3330.contig34	10034	2403	106
D3330.contig35	9952	1640	42
D3330.contig36	9949	5156	181
D3330.contig37	9939	2166	49
D3330.contig38	9641	1736	36
D3330.contig39	9600	3690	85
D3330.contig40	9513	2739	78
D3330.contig41	9218	3152	88
D3330.contig42	9101	1547	31
D3330.contig43	8783	1777	20
D3330.contig44	8701	4025	105
D3330.contig45	8536	11733	227
D3330.contig46	8290	1678	50
D3330.contig47	8156	1529	40
D3330.contig48	7819	1343	29
D3330.contig49	7661	4125	179
D3330.contig50	7618	23825	412
D3330.contig51	7425	3587	54
D3330.contig52	6927	983	29
D3330.contig53	6583	1498	27
D3330.contig54	6336	2372	65
D3330.contig55	6275	871	23
D3330.contig56	6074	1968	42
D3330.contig57	5943	656	19
D3330.contig58	5927	630	34
D3330.contig59	5903	1068	45
D3330.contig60	5675	1081	60
D3330.contig61	5541	523	13
D3330.contig62	5529	157159	5443
D3330.contig63	5441	2178	51
D3330.contig64	5347	3618	61
D3330.contig65	5299	26652	375
D3330.contig66	5171	1702	25
D3330.contig67	5111	1277	33
D3330.contig68	5075	1043	37
D3330.contig69	5028	774	28
D3330.contig70	4997	630	13
D3330.contig71	4823	568	16
D3330.contig72	4812	549	20
D3330.contig73	4776	5971	146
D3330.contig74	4767	1249	29
D3330.contig75	4623	688	15
D3330.contig76	4586	603	31
D3330.contig77	4538	1435	66
D3330.contig78	4280	528	19
D3330.contig79	4225	442	26
D3330.contig80	4017	416	8
D3330.contig81	3983	363	12
D3330.contig82	3982	506	24
D3330.contig83	3965	777	39
D3330.contig84	3962	587	22
D3330.contig85	3849	578	34
D3330.contig86	3743	296	18
D3330.contig87	3725	1135	34
D3330.contig88	3590	7625	122
D3330.contig89	3470	455	9
D3330.contig90	3453	339	12
D3330.contig91	3378	360	27
D3330.contig92	3277	811	11
D3330.contig93	3227	243	11
D3330.contig94	3098	240	14
D3330.contig95	3060	392	15
D3330.contig96	3055	268	7
D3330.contig97	3044	675	25
D3330.contig98	3032	429	14
D3330.contig99	2995	523	19
D3330.contig100	2861	357	16
D3330.contig101	2719	197	13
D3330.contig102	2645	229	14
D3330.contig103	2554	410	11
D3330.contig104	2454	323	12
D3330.contig105	2436	177	8
D3330.contig106	2430	208	16
D3330.contig107	2429	17104	230
D3330.contig108	2408	193	11
D3330.contig109	2388	135	5
D3330.contig110	2385	294	19
D3330.contig111	2282	210	9
D3330.contig112	2278	1233	36
D3330.contig113	2272	1971	48
D3330.contig114	2219	574	28
D3330.contig115	2210	161	7
D3330.contig116	2186	189	20
D3330.contig117	2115	108	21
D3330.contig118	2114	306	12
D3330.contig119	2102	171	8
D3330.contig120	2097	2990	79
D3330.contig121	2083	165	14
D3330.contig122	2079	139	2
D3330.contig123	2054	169	7
D3330.contig124	2045	128	10
D3330.contig125	2026	232	10
D3330.contig126	2017	163	10
D3330.contig127	2013	147	8
D3330.contig128	1961	185	9
D3330.contig129	1947	267	5
D3330.contig130	1916	115	10
D3330.contig131	1897	143	16
D3330.contig132	1895	147	10
D3330.contig133	1891	354	12
D3330.contig134	1840	152	17
D3330.contig135	1837	151	5
D3330.contig136	1825	264	7
D3330.contig137	1821	106	9
D3330.contig138	1811	123	9
D3330.contig139	1805	212	8
D3330.contig140	1801	122	23
D3330.contig141	1788	152	14
D3330.contig142	1769	116	12
D3330.contig143	1767	340	9
D3330.contig144	1755	115	10
D3330.contig145	1746	105	11
D3330.contig146	1737	165	8
D3330.contig147	1730	172	10
D3330.contig148	1722	193	12
D3330.contig149	1700	87	8
D3330.contig150	1691	124	11
D3330.contig151	1684	126	8
D3330.contig152	1645	132	11
D3330.contig153	1641	103	11
D3330.contig154	1640	107	5
D3330.contig155	1625	151	11
D3330.contig156	1625	85	6
D3330.contig157	1621	122	13
D3330.contig158	1598	124	2
D3330.contig159	1580	8962	48
D3330.contig160	1579	82	9
D3330.contig161	1576	82	10
D3330.contig162	1559	96	11
D3330.contig163	1559	158	10
D3330.contig164	1513	110	12
D3330.contig165	1505	124	2
D3330.contig166	1502	165	6
D3330.contig167	1481	137	10
D3330.contig168	1479	95	11
D3330.contig169	1469	158	11
D3330.contig170	1450	93	18
D3330.contig171	1432	87	9
D3330.contig172	1426	1786	122
D3330.contig173	1417	87	9
D3330.contig174	1409	552	38
D3330.contig175	1402	106	9
D3330.contig176	1393	94	8
D3330.contig177	1358	89	10
D3330.contig178	1347	82	6
D3330.contig179	1345	94	7
D3330.contig180	1340	96	2
D3330.contig181	1338	90	8
D3330.contig182	1335	70	9
D3330.contig183	1330	107	6
D3330.contig184	1315	70	6
D3330.contig185	1311	97	15
D3330.contig186	1310	80	9
D3330.contig187	1303	120	16
D3330.contig188	1302	84	8
D3330.contig189	1301	91	10
D3330.contig190	1298	82	6
D3330.contig191	1298	94	8
D3330.contig192	1286	80	13
D3330.contig193	1279	116	10
D3330.contig194	1277	200	5
D3330.contig195	1273	128	6
D3330.contig196	1270	64	4
D3330.contig197	1262	60	3
D3330.contig198	1259	64	8
D3330.contig199	1255	125	8
D3330.contig200	1252	97	4
D3330.contig201	1249	83	8
D3330.contig202	1240	73	9
D3330.contig203	1232	61	10
D3330.contig204	1230	78	6
D3330.contig205	1223	150	5
D3330.contig206	1221	138	16
D3330.contig207	1219	110	8
D3330.contig208	1218	91	3
D3330.contig209	1217	72	12
D3330.contig210	1213	158	4
D3330.contig211	1204	73	7
D3330.contig212	1200	68	2
D3330.contig213	1174	73	12
D3330.contig214	1166	90	6
D3330.contig215	1164	132	6
D3330.contig216	1163	40	6
D3330.contig217	1162	63	3
D3330.contig218	1157	78	8
D3330.contig219	1142	104	11
D3330.contig220	1139	51	9
D3330.contig221	1137	59	1
D3330.contig222	1136	105	7
D3330.contig223	1122	84	9
D3330.contig224	1117	52	7
D3330.contig225	1105	114	7
D3330.contig226	1105	52	8
D3330.contig227	1094	75	2
D3330.contig228	1093	86	10
D3330.contig229	1073	83	13
D3330.contig230	1070	67	11
D3330.contig231	1067	94	9
D3330.contig232	1066	68	11
D3330.contig233	1063	94	15
D3330.contig234	1056	82	7
D3330.contig235	1052	45	7
D3330.contig236	1047	77	7
D3330.contig237	1039	86	7
D3330.contig238	1039	69	6
D3330.contig239	1030	116	6
D3330.contig240	1025	100	7
D3330.contig241	1020	68	7
D3330.contig242	1008	135	6
D3330.contig243	1006	46	8
D3330.contig244	999	54	5
D3330.contig245	996	46	9
D3330.contig246	994	46	4
D3330.contig247	976	50	8
D3330.contig248	961	48	11
D3330.contig249	950	35	5
D3330.contig250	943	48	6
D3330.contig251	943	49	4
D3330.contig252	940	58	8
D3330.contig253	935	76	14
D3330.contig254	935	40	16
D3330.contig255	934	40	4
D3330.contig256	932	49	12
D3330.contig257	929	35	7
D3330.contig258	927	48	13
D3330.contig259	926	65	8
D3330.contig260	926	63	8
D3330.contig261	923	57	3
D3330.contig262	918	61	8
D3330.contig263	909	39	7
D3330.contig264	907	37	13
D3330.contig265	906	36	10
D3330.contig266	903	55	10
D3330.contig267	897	70	12
D3330.contig268	897	85	10
D3330.contig269	896	41	11
D3330.contig270	895	41	7
D3330.contig271	894	56	3
D3330.contig272	893	60	16
D3330.contig273	891	44	9
D3330.contig274	888	73	8
D3330.contig275	887	43	6
D3330.contig276	878	50	4
D3330.contig277	878	57	13
D3330.contig278	876	58	5
D3330.contig279	874	41	13
D3330.contig280	874	37	7
D3330.contig281	861	53	13
D3330.contig282	857	56	14
D3330.contig283	851	29	7
D3330.contig284	843	57	14
D3330.contig285	841	34	11
D3330.contig286	841	34	5
D3330.contig287	834	35	6
D3330.contig288	833	58	10
D3330.contig289	829	66	8
D3330.contig290	824	43	2
D3330.contig291	819	93	13
D3330.contig292	814	97	7
D3330.contig293	811	63	7
D3330.contig294	811	40	13
D3330.contig295	811	64	8
D3330.contig296	809	53	4
D3330.contig297	809	44	8
D3330.contig298	808	50	7
D3330.contig299	806	43	5
D3330.contig300	801	35	6
D3330.contig301	800	44	6
D3330.contig302	798	42	6
D3330.contig303	797	68	11
D3330.contig304	797	27	8
D3330.contig305	795	41	3
D3330.contig306	787	97	7
D3330.contig307	787	40	8
D3330.contig308	782	32	12
D3330.contig309	782	47	7
D3330.contig310	782	57	5
D3330.contig311	780	53	11
D3330.contig312	780	33	9
D3330.contig313	779	45	8
D3330.contig314	776	34	3
D3330.contig315	776	56	14
D3330.contig316	773	45	9
D3330.contig317	771	143	17
D3330.contig318	769	32	10
D3330.contig319	761	34	10
D3330.contig320	758	63	5
D3330.contig321	748	27	3
D3330.contig322	747	38	6
D3330.contig323	745	33	12
D3330.contig324	745	36	11
D3330.contig325	739	48	9
D3330.contig326	739	28	6
D3330.contig327	737	48	5
D3330.contig328	734	34	8
D3330.contig329	734	23	7
D3330.contig330	732	40	8
D3330.contig331	728	30	9
D3330.contig332	725	24	4
D3330.contig333	725	38	5
D3330.contig334	724	39	5
D3330.contig335	722	28	6
D3330.contig336	722	62	6
D3330.contig337	721	31	9
D3330.contig338	720	28	3
D3330.contig339	719	25	13
D3330.contig340	717	40	3
D3330.contig341	717	42	0
D3330.contig342	713	22	11
D3330.contig343	713	38	16
D3330.contig344	712	44	8
D3330.contig345	711	31	12
D3330.contig346	711	25	7
D3330.contig347	710	26	4
D3330.contig348	709	42	5
D3330.contig349	706	63721	2177
D3330.contig350	706	64	11
D3330.contig351	703	41	8
D3330.contig352	703	33	6
D3330.contig353	703	39	2
D3330.contig354	702	49	14
D3330.contig355	701	23	11
D3330.contig356	701	33	9
D3330.contig357	700	34	13
D3330.contig358	698	38	3
D3330.contig359	698	38	3
D3330.contig360	696	49	6
D3330.contig361	695	49	8
D3330.contig362	692	33	6
D3330.contig363	692	61	5
D3330.contig364	692	26	6
D3330.contig365	689	27	11
D3330.contig366	683	27	11
D3330.contig367	677	29	6
D3330.contig368	675	41	7
D3330.contig369	674	32	5
D3330.contig370	673	47	7
D3330.contig371	673	43	15
D3330.contig372	668	56	3
D3330.contig373	665	27	9
D3330.contig374	664	50	5
D3330.contig375	662	31	10
D3330.contig376	659	36	6
D3330.contig377	659	56	8
D3330.contig378	655	16	6
D3330.contig379	655	28	2
D3330.contig380	655	34	7
D3330.contig381	654	30	3
D3330.contig382	652	27	7
D3330.contig383	652	37	10
D3330.contig384	647	37	11
D3330.contig385	646	35	3
D3330.contig386	644	28	8
D3330.contig387	643	24	16
D3330.contig388	642	18	3
D3330.contig389	642	25	5
D3330.contig390	642	20	6
D3330.contig391	642	40	9
D3330.contig392	641	53	4
D3330.contig393	639	28	0
D3330.contig394	639	24	4
D3330.contig395	637	40	3
D3330.contig396	632	76	11
D3330.contig397	630	32	7
D3330.contig398	629	18	8
D3330.contig399	629	33	4
D3330.contig400	629	37	6
D3330.contig401	628	24	5
D3330.contig402	626	29	11
D3330.contig403	622	43	9
D3330.contig404	622	26	14
D3330.contig405	621	24	7
D3330.contig406	619	19	11
D3330.contig407	619	43	3
D3330.contig408	619	20	10
D3330.contig409	618	25	2
D3330.contig410	616	30	6
D3330.contig411	615	29	5
D3330.contig412	611	21	3
D3330.contig413	610	25	5
D3330.contig414	606	32	7
D3330.contig415	605	29	12
D3330.contig416	603	34	7
D3330.contig417	601	45	2
D3330.contig418	599	25	4
D3330.contig419	598	31	5
D3330.contig420	597	24	8
D3330.contig421	596	53	8
D3330.contig422	596	28	10
D3330.contig423	595	16	8
D3330.contig424	594	23	13
D3330.contig425	593	29	7
D3330.contig426	593	32	5
D3330.contig427	591	19	11
D3330.contig428	590	31	8
D3330.contig429	589	23	3
D3330.contig430	588	30	12
D3330.contig431	587	19	10
D3330.contig432	585	45	7
D3330.contig433	582	29	2
D3330.contig434	581	36	2
D3330.contig435	580	21	11
D3330.contig436	580	78	4
D3330.contig437	579	39	12
D3330.contig438	579	21	10
D3330.contig439	578	15	7
D3330.contig440	577	16	6
D3330.contig441	576	31	9
D3330.contig442	573	48	10
D3330.contig443	572	21	5
D3330.contig444	572	28	7
D3330.contig445	572	42	5
D3330.contig446	572	23	6
D3330.contig447	571	32	4
D3330.contig448	571	21	13
D3330.contig449	567	20	8
D3330.contig450	566	22	8
D3330.contig451	564	27	7
D3330.contig452	564	40	8
D3330.contig453	564	21	9
D3330.contig454	563	20	4
D3330.contig455	562	17	3
D3330.contig456	561	21	4
D3330.contig457	557	44	5
D3330.contig458	557	26	4
D3330.contig459	556	22	7
D3330.contig460	556	17	6
D3330.contig461	555	26	10
D3330.contig462	555	27	2
D3330.contig463	553	13	7
D3330.contig464	551	9	3
D3330.contig465	550	19	9
D3330.contig466	549	17	11
D3330.contig467	548	38	13
D3330.contig468	548	18	5
D3330.contig469	548	32	4
D3330.contig470	548	28	7
D3330.contig471	547	32	9
D3330.contig472	547	25	8
D3330.contig473	546	24	3
D3330.contig474	545	21	9
D3330.contig475	545	29	4
D3330.contig476	544	39	7
D3330.contig477	544	25	3
D3330.contig478	543	20	1
D3330.contig479	543	17	5
D3330.contig480	543	41	14
D3330.contig481	541	17	8
D3330.contig482	540	25	10
D3330.contig483	538	22	8
D3330.contig484	538	21	3
D3330.contig485	536	24	7
D3330.contig486	534	19	11
D3330.contig487	534	28	6
D3330.contig488	531	21	5
D3330.contig489	531	18	8
D3330.contig490	530	19	3
D3330.contig491	530	23	8
D3330.contig492	528	29	7
D3330.contig493	527	15	7
D3330.contig494	525	24	4
D3330.contig495	525	16	10
D3330.contig496	525	18	6
D3330.contig497	525	18	8
D3330.contig498	524	23	7
D3330.contig499	522	22	8
D3330.contig500	521	21	10
D3330.contig501	520	21	9
D3330.contig502	520	37	12
D3330.contig503	518	18	4
D3330.contig504	517	23	6
D3330.contig505	517	21	12
D3330.contig506	515	17	2
D3330.contig507	513	25	3
D3330.contig508	513	31	11
D3330.contig509	511	24	4
D3330.contig510	509	22	7
D3330.contig511	509	16	6
D3330.contig512	505	22	1
D3330.contig513	505	15	9
D3330.contig514	503	26	8
D3330.contig515	501	27	7
D3330.contig516	500	15	7
D3330.contig517	500	21	3
D3330.contig518	499	16	0
D3330.contig519	497	18	6
D3330.contig520	497	21	4
D3330.contig521	496	23	9
D3330.contig522	496	15	8
D3330.contig523	491	14	8
D3330.contig524	488	14	6
D3330.contig525	488	21	6
D3330.contig526	486	26	10
D3330.contig527	485	24	2
D3330.contig528	483	17	3
D3330.contig529	481	56	5
D3330.contig530	481	19	3
D3330.contig531	480	26	10
D3330.contig532	480	22	7
D3330.contig533	479	18	6
D3330.contig534	479	14	6
D3330.contig535	478	29	13
D3330.contig536	477	13	7
D3330.contig537	476	12	4
D3330.contig538	476	21	6
D3330.contig539	476	12	10
D3330.contig540	476	15	8
D3330.contig541	475	19	5
D3330.contig542	471	19	7
D3330.contig543	471	25	1
D3330.contig544	470	11	7
D3330.contig545	470	16	8
D3330.contig546	468	32	7
D3330.contig547	466	21	7
D3330.contig548	466	19	6
D3330.contig549	464	24	3
D3330.contig550	462	18	1
D3330.contig551	461	12	5
D3330.contig552	461	23	4
D3330.contig553	460	19	10
D3330.contig554	460	14	8
D3330.contig555	460	14	4
D3330.contig556	459	27	0
D3330.contig557	457	17	9
D3330.contig558	457	28	6
D3330.contig559	456	12	6
D3330.contig560	455	23	9
D3330.contig561	455	11	9
D3330.contig562	454	17	9
D3330.contig563	453	28	17
D3330.contig564	453	14	8
D3330.contig565	453	15	11
D3330.contig566	453	25	4
D3330.contig567	452	20	0
D3330.contig568	452	27	7
D3330.contig569	451	22	7
D3330.contig570	450	18	5
D3330.contig571	449	14	4
D3330.contig572	446	18	7
D3330.contig573	446	15	9
D3330.contig574	445	34	6
D3330.contig575	445	51	7
D3330.contig576	445	13	6
D3330.contig577	444	26	6
D3330.contig578	442	10	7
D3330.contig579	442	17	10
D3330.contig580	441	15	6
D3330.contig581	440	7	3
D3330.contig582	440	9	4
D3330.contig583	440	13	6
D3330.contig584	439	19	9
D3330.contig585	439	17	1
D3330.contig586	438	16	0
D3330.contig587	437	28	4
D3330.contig588	436	17	7
D3330.contig589	435	8	5
D3330.contig590	435	12	6
D3330.contig591	435	15	2
D3330.contig592	434	30	2
D3330.contig593	434	16	4
D3330.contig594	434	16	6
D3330.contig595	432	16	3
D3330.contig596	432	12	5
D3330.contig597	431	17	5
D3330.contig598	431	14	5
D3330.contig599	431	14	2
D3330.contig600	430	15	5
D3330.contig601	430	23	9
D3330.contig602	429	12	6
D3330.contig603	429	53	3
D3330.contig604	428	11	9
D3330.contig605	428	17	8
D3330.contig606	427	17	10
D3330.contig607	427	20	6
D3330.contig608	426	13	6
D3330.contig609	426	21	11
D3330.contig610	426	22	8
D3330.contig611	425	17	6
D3330.contig612	424	12	6
D3330.contig613	423	19	8
D3330.contig614	423	16	14
D3330.contig615	422	13	7
D3330.contig616	421	11	5
D3330.contig617	421	13	5
D3330.contig618	421	6	5
D3330.contig619	420	9	5
D3330.contig620	420	15	9
D3330.contig621	418	21	7
D3330.contig622	417	24	6
D3330.contig623	416	21	6
D3330.contig624	416	21	1
D3330.contig625	416	13	2
D3330.contig626	414	26	9
D3330.contig627	413	19	9
D3330.contig628	412	12	3
D3330.contig629	412	12	4
D3330.contig630	411	20	7
D3330.contig631	411	12	5
D3330.contig632	410	23	5
D3330.contig633	410	14	8
D3330.contig634	409	19	12
D3330.contig635	408	9	5
D3330.contig636	407	15	5
D3330.contig637	406	14	4
D3330.contig638	406	14	3
D3330.contig639	405	14	7
D3330.contig640	405	40	10
D3330.contig641	404	20	7
D3330.contig642	404	22	11
D3330.contig643	403	10	6
D3330.contig644	402	11	5
D3330.contig645	402	6	2
D3330.contig646	402	24	8
D3330.contig647	402	9	5
D3330.contig648	400	17	9
D3330.contig649	400	15	1
D3330.contig650	399	8	4
D3330.contig651	399	14	5
D3330.contig652	399	13	3
D3330.contig653	399	17	7
D3330.contig654	399	20	8
D3330.contig655	398	19	10
D3330.contig656	398	15	8
D3330.contig657	398	20	3
D3330.contig658	398	17	6
D3330.contig659	398	15	5
D3330.contig660	397	25	11
D3330.contig661	396	12	5
D3330.contig662	395	7	5
D3330.contig663	394	8	4
D3330.contig664	393	17	6
D3330.contig665	393	11	5
D3330.contig666	393	12	4
D3330.contig667	392	17	11
D3330.contig668	391	10	4
D3330.contig669	391	6	2
D3330.contig670	390	12	7
D3330.contig671	390	12	6
D3330.contig672	390	10	4
D3330.contig673	389	22	5
D3330.contig674	389	29	5
D3330.contig675	389	10	4
D3330.contig676	389	18	11
D3330.contig677	389	14	10
D3330.contig678	386	11	2
D3330.contig679	385	18	5
D3330.contig680	383	12	3
D3330.contig681	383	18	9
D3330.contig682	383	12	3
D3330.contig683	382	4	4
D3330.contig684	382	10	6
D3330.contig685	382	8	6
D3330.contig686	382	15	4
D3330.contig687	381	15	3
D3330.contig688	381	11	7
D3330.contig689	380	13	8
D3330.contig690	380	8	8
D3330.contig691	379	12	4
D3330.contig692	377	10	4
D3330.contig693	376	19	6
D3330.contig694	375	26	6
D3330.contig695	375	22	7
D3330.contig696	374	12	3
D3330.contig697	373	15	4
D3330.contig698	373	11	8
D3330.contig699	373	10	8
D3330.contig700	372	18	9
D3330.contig701	372	19	12
D3330.contig702	372	11	7
D3330.contig703	371	7	5
D3330.contig704	371	10	4
D3330.contig705	371	13	9
D3330.contig706	371	17	5
D3330.contig707	371	12	5
D3330.contig708	369	17	9
D3330.contig709	369	14	8
D3330.contig710	369	10	5
D3330.contig711	369	7	3
D3330.contig712	368	11	5
D3330.contig713	368	17	2
D3330.contig714	368	11	3
D3330.contig715	368	8	6
D3330.contig716	367	11	7
D3330.contig717	367	9	5
D3330.contig718	367	12	6
D3330.contig719	366	13	5
D3330.contig720	366	22	3
D3330.contig721	365	21	11
D3330.contig722	365	14	4
D3330.contig723	365	12	8
D3330.contig724	364	7	3
D3330.contig725	364	10	6
D3330.contig726	364	19	6
D3330.contig727	363	25	4
D3330.contig728	363	13	6
D3330.contig729	362	6	4
D3330.contig730	360	20	8
D3330.contig731	360	6	2
D3330.contig732	359	13	4
D3330.contig733	359	12	8
D3330.contig734	359	11	3
D3330.contig735	359	18	12
D3330.contig736	358	13	3
D3330.contig737	358	8	3
D3330.contig738	358	8	7
D3330.contig739	356	22	12
D3330.contig740	356	11	7
D3330.contig741	355	10	6
D3330.contig742	355	7	7
D3330.contig743	355	11	3
D3330.contig744	354	6	2
D3330.contig745	354	20	10
D3330.contig746	352	19	8
D3330.contig747	350	13	6
D3330.contig748	349	31	4
D3330.contig749	349	12	6
D3330.contig750	348	7	4
D3330.contig751	348	4	3
D3330.contig752	347	6	6
D3330.contig753	347	18	3
D3330.contig754	347	15	10
D3330.contig755	347	15	4
D3330.contig756	347	6	3
D3330.contig757	347	5	3
D3330.contig758	347	18	8
D3330.contig759	347	10	8
D3330.contig760	346	12	4
D3330.contig761	346	9	5
D3330.contig762	345	6	2
D3330.contig763	345	3	3
D3330.contig764	344	11	4
D3330.contig765	343	32	4
D3330.contig766	343	31	3
D3330.contig767	343	10	5
D3330.contig768	342	7	7
D3330.contig769	341	5	3
D3330.contig770	341	17	5
D3330.contig771	340	19	7
D3330.contig772	340	12	7
D3330.contig773	339	8	6
D3330.contig774	339	32	2
D3330.contig775	338	9	5
D3330.contig776	338	32	5
D3330.contig777	338	11	7
D3330.contig778	337	7	7
D3330.contig779	337	10	10
D3330.contig780	337	7	5
D3330.contig781	337	10	7
D3330.contig782	336	7	7
D3330.contig783	336	6	4
D3330.contig784	335	17	3
D3330.contig785	334	13	8
D3330.contig786	334	6	0
D3330.contig787	334	18	9
D3330.contig788	334	9	5
D3330.contig789	333	7	7
D3330.contig790	333	11	8
D3330.contig791	333	7	5
D3330.contig792	331	15	11
D3330.contig793	330	6	4
D3330.contig794	330	9	5
D3330.contig795	329	18	10
D3330.contig796	329	8	4
D3330.contig797	329	13	4
D3330.contig798	329	6	4
D3330.contig799	329	15	9
D3330.contig800	329	13	9
D3330.contig801	329	110	10
D3330.contig802	328	19	5
D3330.contig803	328	9	3
D3330.contig804	327	11	5
D3330.contig805	326	9	5
D3330.contig806	326	11	6
D3330.contig807	326	14	7
D3330.contig808	326	16	6
D3330.contig809	326	7	2
D3330.contig810	326	9	2
D3330.contig811	325	12	5
D3330.contig812	325	8	8
D3330.contig813	324	10	4
D3330.contig814	324	10	4
D3330.contig815	324	5	3
D3330.contig816	324	8	4
D3330.contig817	324	10	5
D3330.contig818	324	18	8
D3330.contig819	324	14	6
D3330.contig820	324	14	12
D3330.contig821	323	14	3
D3330.contig822	323	14	6
D3330.contig823	321	18	0
D3330.contig824	321	7	5
D3330.contig825	321	8	0
D3330.contig826	320	9	6
D3330.contig827	320	9	4
D3330.contig828	319	7	5
D3330.contig829	319	11	7
D3330.contig830	319	9	3
D3330.contig831	319	21	3
D3330.contig832	318	8	4
D3330.contig833	318	15	11
D3330.contig834	318	7	5
D3330.contig835	318	8	6
D3330.contig836	317	6	2
D3330.contig837	317	8	3
D3330.contig838	317	10	3
D3330.contig839	317	6	4
D3330.contig840	316	6	4
D3330.contig841	316	9	3
D3330.contig842	316	19	2
D3330.contig843	316	15	1
D3330.contig844	316	13	9
D3330.contig845	316	7	3
D3330.contig846	315	8	2
D3330.contig847	314	9	5
D3330.contig848	314	4	2
D3330.contig849	313	6	4
D3330.contig850	313	15	9
D3330.contig851	313	7	5
D3330.contig852	313	17	6
D3330.contig853	312	5	5
D3330.contig854	311	17	6
D3330.contig855	311	9	7
D3330.contig856	311	12	3
D3330.contig857	311	9	5
D3330.contig858	310	12	4
D3330.contig859	310	14	10
D3330.contig860	309	6	6
D3330.contig861	309	11	5
D3330.contig862	309	17	5
D3330.contig863	308	7	5
D3330.contig864	308	12	4
D3330.contig865	308	15	2
D3330.contig866	308	6	2
D3330.contig867	308	10	3
D3330.contig868	308	17	5
D3330.contig869	307	13	4
D3330.contig870	307	22	0
D3330.contig871	306	11	3
D3330.contig872	306	13	7
D3330.contig873	306	9	7
D3330.contig874	305	12	8
D3330.contig875	304	12	2
D3330.contig876	304	23	1
D3330.contig877	304	5	3
D3330.contig878	303	18	3
D3330.contig879	303	7	5
D3330.contig880	303	13	7
D3330.contig881	303	5	3
D3330.contig882	302	9	7
D3330.contig883	302	224	3
D3330.contig884	302	8	4
D3330.contig885	302	7	5
D3330.contig886	302	7	7
D3330.contig887	301	6	6
D3330.contig888	301	8	4
D3330.contig889	301	16	4
D3330.contig890	301	9	6
D3330.contig891	300	15	3
D3330.contig892	300	12	3
*	0	0	79158
