R3571.contig1	2334	35136	723
R3571.contig2	2020	307	15
R3571.contig3	1943	571368	15676
R3571.contig4	1845	75527	1362
R3571.contig5	1677	19913	128
R3571.contig6	1612	13692	87
R3571.contig7	1609	135	15
R3571.contig8	1561	4208	12
R3571.contig9	1446	213	7
R3571.contig10	1265	30418	257
R3571.contig11	1151	24234	167
R3571.contig12	1101	41047	753
R3571.contig13	1053	58399	638
R3571.contig14	1035	117	1
R3571.contig15	1013	58239	4708
R3571.contig16	1009	17930	253
R3571.contig17	987	79	1
R3571.contig18	942	7456	79
R3571.contig19	907	39624	685
R3571.contig20	889	22875	502
R3571.contig21	860	56733	2104
R3571.contig22	860	70754	632
R3571.contig23	850	4360	693
R3571.contig24	841	13676	270
R3571.contig25	827	69133	4783
R3571.contig26	777	20327	268
R3571.contig27	753	20942	749
R3571.contig28	750	20607	745
R3571.contig29	744	15602	1179
R3571.contig30	742	19861	463
R3571.contig31	692	2434	448
R3571.contig32	682	45380	261
R3571.contig33	665	346	16
R3571.contig34	663	30	3
R3571.contig35	661	1154	3
R3571.contig36	655	19059	518
R3571.contig37	644	49864	2046
R3571.contig38	630	3240	290
R3571.contig39	628	20	4
R3571.contig40	621	1289	1
R3571.contig41	612	1749	33
R3571.contig42	612	1579	69
R3571.contig43	607	23	1
R3571.contig44	603	64	6
R3571.contig45	599	9286	446
R3571.contig46	597	24308	5935
R3571.contig47	595	28041	1715
R3571.contig48	574	40530	1125
R3571.contig49	564	84	0
R3571.contig50	563	33136	3753
R3571.contig51	552	36	0
R3571.contig52	542	732	9
R3571.contig53	535	2012	83
R3571.contig54	518	140407	9470
R3571.contig55	518	66	2
R3571.contig56	515	749	23
R3571.contig57	514	22	2
R3571.contig58	512	7292	435
R3571.contig59	512	514552	22686
R3571.contig60	505	125057	28784
R3571.contig61	504	1014	10
R3571.contig62	499	192	8
R3571.contig63	499	354	28
R3571.contig64	496	14	2
R3571.contig65	494	75	13
R3571.contig66	493	33	7
R3571.contig67	488	55699	1606
R3571.contig68	486	1151	37
R3571.contig69	478	663	9
R3571.contig70	476	9758	1179
R3571.contig71	470	844	6
R3571.contig72	464	14599	1313
R3571.contig73	459	30711	1800
R3571.contig74	459	52	0
R3571.contig75	455	3673	70
R3571.contig76	454	137	1
R3571.contig77	450	87	5
R3571.contig78	446	20000	3768
R3571.contig79	445	6261	432
R3571.contig80	444	1198	36
R3571.contig81	440	84	0
R3571.contig82	435	30539	2942
R3571.contig83	422	23	5
R3571.contig84	419	165	4
R3571.contig85	416	70646	7795
R3571.contig86	415	16995	857
R3571.contig87	413	656	25
R3571.contig88	412	2622	222
R3571.contig89	406	3948	643
R3571.contig90	404	2232	57
R3571.contig91	404	17469	2196
R3571.contig92	403	3490	396
R3571.contig93	401	2754	62
R3571.contig94	400	756	230
R3571.contig95	398	14	2
R3571.contig96	396	433	1
R3571.contig97	393	46	4
R3571.contig98	391	30	0
R3571.contig99	391	12211	1700
R3571.contig100	391	1134	224
R3571.contig101	385	167	0
R3571.contig102	379	382	20
R3571.contig103	379	135	8
R3571.contig104	377	9863	96
R3571.contig105	369	149204	7926
R3571.contig106	367	86	17
R3571.contig107	364	1362	36
R3571.contig108	357	2020	281
R3571.contig109	356	69	20
R3571.contig110	356	2562	68
R3571.contig111	351	1214	149
R3571.contig112	350	32665	3106
R3571.contig113	347	26613	653
R3571.contig114	344	15	3
R3571.contig115	343	170	0
R3571.contig116	342	55	0
R3571.contig117	340	7	3
R3571.contig118	340	2356	234
R3571.contig119	339	1066	152
R3571.contig120	338	15	1
R3571.contig121	337	25	7
R3571.contig122	333	1544	34
R3571.contig123	331	19	9
R3571.contig124	324	37478	3478
R3571.contig125	324	150	2
R3571.contig126	321	102090	11765
R3571.contig127	315	158	24
R3571.contig128	312	10	6
R3571.contig129	312	17	9
R3571.contig130	310	87256	5859
R3571.contig131	310	141399	34205
R3571.contig132	310	1703	70
R3571.contig133	307	42557	8577
R3571.contig134	307	11	0
R3571.contig135	306	7	5
R3571.contig136	306	119	5
R3571.contig137	301	133	8
R3571.contig138	301	11	1
*	0	0	293612
