RD2.contig1	1818	4110614	261475
RD2.contig2	1568	3220721	193210
RD2.contig3	1408	3414	264
RD2.contig4	1118	5224	12
RD2.contig5	921	629	17
RD2.contig6	890	36159	10282
RD2.contig7	861	23732	339
RD2.contig8	854	137995	13385
RD2.contig9	724	32137	11975
RD2.contig10	711	89444	1008
RD2.contig11	596	110412	5519
RD2.contig12	583	23028	482
RD2.contig13	573	207420	58311
RD2.contig14	552	812	123
RD2.contig15	535	992	247
RD2.contig16	529	47810	1411
RD2.contig17	519	7592	1215
RD2.contig18	511	16096	41
RD2.contig19	496	7449	1268
RD2.contig20	467	10908	216
RD2.contig21	453	1235	107
RD2.contig22	452	62353	7768
RD2.contig23	450	8561	1041
RD2.contig24	440	28899	10470
RD2.contig25	411	45014	201
RD2.contig26	399	5727	500
RD2.contig27	398	4424	3273
RD2.contig28	392	42022	6624
RD2.contig29	387	205	24
RD2.contig30	385	52869	29079
RD2.contig31	375	3578	1305
RD2.contig32	373	25797	8474
RD2.contig33	373	2181	73
RD2.contig34	373	1053	5
RD2.contig35	370	63	1
RD2.contig36	365	973	78
RD2.contig37	357	369	37
RD2.contig38	356	4266	20
RD2.contig39	349	3761	92
RD2.contig40	346	564	126
RD2.contig41	345	17709	9009
RD2.contig42	339	19498	3065
RD2.contig43	336	1646	55
RD2.contig44	334	1697	7
RD2.contig45	333	7128	371
RD2.contig46	328	356	2
RD2.contig47	325	12635	5316
RD2.contig48	319	800	111
RD2.contig49	314	324	82
RD2.contig50	310	1430	10
RD2.contig51	308	16	0
RD2.contig52	308	1398	0
RD2.contig53	301	30	0
RD2.contig54	301	17560	9659
*	0	0	18231584
