D3751.contig1	99415	18	6
D3751.contig2	48837	0	0
D3751.contig3	43442	0	0
D3751.contig4	38635	4	1
D3751.contig5	35683	7	5
D3751.contig6	35597	5	4
D3751.contig7	35475	2	1
D3751.contig8	29975	38	2
D3751.contig9	27388	16	2
D3751.contig10	27361	30560	15317
D3751.contig11	26836	0	0
D3751.contig12	25810	2	0
D3751.contig13	21849	0	0
D3751.contig14	19618	4	4
D3751.contig15	19356	0	0
D3751.contig16	19075	0	0
D3751.contig17	18927	3	3
D3751.contig18	18113	78	64
D3751.contig19	17903	0	0
D3751.contig20	16812	0	0
D3751.contig21	16399	1	1
D3751.contig22	15980	0	0
D3751.contig23	14364	0	0
D3751.contig24	14149	0	0
D3751.contig25	13341	0	0
D3751.contig26	13276	0	0
D3751.contig27	12957	2	0
D3751.contig28	12820	0	0
D3751.contig29	12768	0	0
D3751.contig30	12708	0	0
D3751.contig31	12284	2	0
D3751.contig32	12252	0	0
D3751.contig33	12204	2	0
D3751.contig34	12133	2	0
D3751.contig35	12049	0	0
D3751.contig36	11799	0	0
D3751.contig37	11754	0	0
D3751.contig38	11744	4	1
D3751.contig39	11731	1	0
D3751.contig40	11307	0	0
D3751.contig41	11026	6	0
D3751.contig42	10912	1	1
D3751.contig43	10716	0	0
D3751.contig44	10526	2	1
D3751.contig45	10278	2	0
D3751.contig46	10187	0	0
D3751.contig47	9779	0	0
D3751.contig48	9757	0	0
D3751.contig49	9187	0	0
D3751.contig50	9082	10	1
D3751.contig51	8814	0	0
D3751.contig52	8776	0	0
D3751.contig53	8765	40884	23487
D3751.contig54	8495	0	0
D3751.contig55	8475	15225	8786
D3751.contig56	8463	0	0
D3751.contig57	8208	16	4
D3751.contig58	8207	0	0
D3751.contig59	8039	0	0
D3751.contig60	8006	0	0
D3751.contig61	7917	0	0
D3751.contig62	7805	0	0
D3751.contig63	7655	0	0
D3751.contig64	7606	0	0
D3751.contig65	7593	0	0
D3751.contig66	7570	0	0
D3751.contig67	7502	0	0
D3751.contig68	7494	0	0
D3751.contig69	7431	0	0
D3751.contig70	7125	0	0
D3751.contig71	7100	0	0
D3751.contig72	6970	0	0
D3751.contig73	6958	1	1
D3751.contig74	6950	0	0
D3751.contig75	6937	0	0
D3751.contig76	6923	0	0
D3751.contig77	6814	8	7
D3751.contig78	6749	0	0
D3751.contig79	6708	0	0
D3751.contig80	6625	0	0
D3751.contig81	6534	0	0
D3751.contig82	6372	0	0
D3751.contig83	6293	0	0
D3751.contig84	6271	0	0
D3751.contig85	6263	0	0
D3751.contig86	6163	9223	983
D3751.contig87	6112	12	4
D3751.contig88	6039	0	0
D3751.contig89	5953	0	0
D3751.contig90	5808	0	0
D3751.contig91	5792	0	0
D3751.contig92	5696	0	0
D3751.contig93	5616	0	0
D3751.contig94	5587	2784	320
D3751.contig95	5565	117032	49747
D3751.contig96	5486	31034	1887
D3751.contig97	5486	1	1
D3751.contig98	5444	0	0
D3751.contig99	5419	8381	253
D3751.contig100	5394	1	1
D3751.contig101	5334	7	5
D3751.contig102	5316	0	0
D3751.contig103	5245	0	0
D3751.contig104	5158	0	0
D3751.contig105	5158	0	0
D3751.contig106	4989	0	0
D3751.contig107	4972	0	0
D3751.contig108	4925	0	0
D3751.contig109	4913	0	0
D3751.contig110	4899	0	0
D3751.contig111	4891	0	0
D3751.contig112	4877	9	1
D3751.contig113	4857	0	0
D3751.contig114	4840	0	0
D3751.contig115	4771	33	11
D3751.contig116	4719	0	0
D3751.contig117	4665	0	0
D3751.contig118	4643	0	0
D3751.contig119	4568	0	0
D3751.contig120	4515	0	0
D3751.contig121	4490	0	0
D3751.contig122	4453	8	2
D3751.contig123	4399	0	0
D3751.contig124	4378	0	0
D3751.contig125	4364	0	0
D3751.contig126	4356	8	1
D3751.contig127	4335	0	0
D3751.contig128	4277	1	1
D3751.contig129	4275	0	0
D3751.contig130	4238	0	0
D3751.contig131	4233	0	0
D3751.contig132	4213	0	0
D3751.contig133	4209	0	0
D3751.contig134	4190	0	0
D3751.contig135	4179	0	0
D3751.contig136	4121	0	0
D3751.contig137	4104	2726	1492
D3751.contig138	4097	0	0
D3751.contig139	4088	0	0
D3751.contig140	4069	0	0
D3751.contig141	4032	8	4
D3751.contig142	3953	0	0
D3751.contig143	3911	0	0
D3751.contig144	3811	0	0
D3751.contig145	3798	0	0
D3751.contig146	3791	0	0
D3751.contig147	3702	1	1
D3751.contig148	3691	1	1
D3751.contig149	3690	3	1
D3751.contig150	3679	0	0
D3751.contig151	3670	0	0
D3751.contig152	3647	0	0
D3751.contig153	3606	2	0
D3751.contig154	3584	0	0
D3751.contig155	3576	0	0
D3751.contig156	3542	0	0
D3751.contig157	3540	0	0
D3751.contig158	3455	0	0
D3751.contig159	3446	0	0
D3751.contig160	3420	0	0
D3751.contig161	3369	0	0
D3751.contig162	3317	0	0
D3751.contig163	3312	0	0
D3751.contig164	3213	0	0
D3751.contig165	3157	0	0
D3751.contig166	3147	0	0
D3751.contig167	3135	0	0
D3751.contig168	3132	2	2
D3751.contig169	3118	0	0
D3751.contig170	3116	0	0
D3751.contig171	3106	0	0
D3751.contig172	3100	16	0
D3751.contig173	3073	0	0
D3751.contig174	3057	0	0
D3751.contig175	3042	0	0
D3751.contig176	3018	0	0
D3751.contig177	3015	0	0
D3751.contig178	3011	0	0
D3751.contig179	2982	0	0
D3751.contig180	2978	0	0
D3751.contig181	2930	0	0
D3751.contig182	2924	36	2
D3751.contig183	2923	0	0
D3751.contig184	2912	0	0
D3751.contig185	2910	0	0
D3751.contig186	2895	0	0
D3751.contig187	2884	0	0
D3751.contig188	2868	95	10
D3751.contig189	2858	0	0
D3751.contig190	2826	0	0
D3751.contig191	2819	0	0
D3751.contig192	2809	0	0
D3751.contig193	2806	0	0
D3751.contig194	2797	0	0
D3751.contig195	2765	0	0
D3751.contig196	2757	0	0
D3751.contig197	2756	0	0
D3751.contig198	2743	0	0
D3751.contig199	2741	11	2
D3751.contig200	2729	0	0
D3751.contig201	2727	0	0
D3751.contig202	2702	0	0
D3751.contig203	2693	0	0
D3751.contig204	2692	0	0
D3751.contig205	2691	0	0
D3751.contig206	2634	0	0
D3751.contig207	2618	0	0
D3751.contig208	2579	1	1
D3751.contig209	2577	0	0
D3751.contig210	2572	0	0
D3751.contig211	2571	0	0
D3751.contig212	2563	0	0
D3751.contig213	2551	0	0
D3751.contig214	2550	0	0
D3751.contig215	2536	0	0
D3751.contig216	2501	0	0
D3751.contig217	2498	0	0
D3751.contig218	2494	0	0
D3751.contig219	2491	0	0
D3751.contig220	2486	0	0
D3751.contig221	2475	0	0
D3751.contig222	2459	0	0
D3751.contig223	2453	0	0
D3751.contig224	2447	0	0
D3751.contig225	2432	0	0
D3751.contig226	2426	0	0
D3751.contig227	2414	7	1
D3751.contig228	2413	0	0
D3751.contig229	2408	0	0
D3751.contig230	2371	0	0
D3751.contig231	2366	0	0
D3751.contig232	2365	20	5
D3751.contig233	2358	0	0
D3751.contig234	2342	0	0
D3751.contig235	2339	0	0
D3751.contig236	2333	0	0
D3751.contig237	2318	0	0
D3751.contig238	2288	0	0
D3751.contig239	2281	0	0
D3751.contig240	2274	0	0
D3751.contig241	2271	0	0
D3751.contig242	2265	0	0
D3751.contig243	2264	0	0
D3751.contig244	2259	0	0
D3751.contig245	2257	0	0
D3751.contig246	2230	0	0
D3751.contig247	2229	0	0
D3751.contig248	2227	0	0
D3751.contig249	2226	7	1
D3751.contig250	2214	1	1
D3751.contig251	2211	0	0
D3751.contig252	2203	0	0
D3751.contig253	2185	0	0
D3751.contig254	2181	1600	98
D3751.contig255	2174	0	0
D3751.contig256	2174	0	0
D3751.contig257	2173	0	0
D3751.contig258	2169	2	0
D3751.contig259	2165	0	0
D3751.contig260	2156	0	0
D3751.contig261	2154	0	0
D3751.contig262	2150	0	0
D3751.contig263	2149	0	0
D3751.contig264	2148	0	0
D3751.contig265	2139	0	0
D3751.contig266	2127	0	0
D3751.contig267	2122	4	0
D3751.contig268	2114	0	0
D3751.contig269	2093	0	0
D3751.contig270	2086	0	0
D3751.contig271	2080	0	0
D3751.contig272	2080	0	0
D3751.contig273	2074	0	0
D3751.contig274	2065	0	0
D3751.contig275	2043	0	0
D3751.contig276	2041	0	0
D3751.contig277	2040	0	0
D3751.contig278	2022	0	0
D3751.contig279	2020	0	0
D3751.contig280	2018	0	0
D3751.contig281	2003	0	0
D3751.contig282	2001	0	0
D3751.contig283	1981	0	0
D3751.contig284	1981	0	0
D3751.contig285	1978	0	0
D3751.contig286	1977	0	0
D3751.contig287	1970	0	0
D3751.contig288	1954	0	0
D3751.contig289	1943	0	0
D3751.contig290	1931	0	0
D3751.contig291	1929	0	0
D3751.contig292	1926	0	0
D3751.contig293	1910	0	0
D3751.contig294	1906	0	0
D3751.contig295	1889	0	0
D3751.contig296	1886	0	0
D3751.contig297	1884	0	0
D3751.contig298	1875	0	0
D3751.contig299	1867	0	0
D3751.contig300	1866	0	0
D3751.contig301	1865	0	0
D3751.contig302	1863	2	2
D3751.contig303	1840	765	552
D3751.contig304	1828	0	0
D3751.contig305	1821	0	0
D3751.contig306	1818	0	0
D3751.contig307	1808	0	0
D3751.contig308	1806	0	0
D3751.contig309	1804	5	3
D3751.contig310	1794	0	0
D3751.contig311	1787	0	0
D3751.contig312	1786	0	0
D3751.contig313	1783	0	0
D3751.contig314	1780	0	0
D3751.contig315	1778	0	0
D3751.contig316	1774	0	0
D3751.contig317	1773	0	0
D3751.contig318	1772	1	1
D3751.contig319	1767	1	1
D3751.contig320	1766	0	0
D3751.contig321	1759	0	0
D3751.contig322	1746	0	0
D3751.contig323	1745	0	0
D3751.contig324	1745	0	0
D3751.contig325	1742	0	0
D3751.contig326	1741	0	0
D3751.contig327	1740	0	0
D3751.contig328	1737	2	0
D3751.contig329	1721	0	0
D3751.contig330	1719	0	0
D3751.contig331	1714	0	0
D3751.contig332	1699	0	0
D3751.contig333	1695	0	0
D3751.contig334	1693	0	0
D3751.contig335	1689	0	0
D3751.contig336	1680	0	0
D3751.contig337	1675	0	0
D3751.contig338	1671	0	0
D3751.contig339	1669	0	0
D3751.contig340	1667	0	0
D3751.contig341	1665	0	0
D3751.contig342	1662	0	0
D3751.contig343	1655	0	0
D3751.contig344	1648	0	0
D3751.contig345	1645	0	0
D3751.contig346	1640	128	28
D3751.contig347	1615	0	0
D3751.contig348	1609	0	0
D3751.contig349	1602	0	0
D3751.contig350	1601	0	0
D3751.contig351	1597	0	0
D3751.contig352	1577	0	0
D3751.contig353	1571	0	0
D3751.contig354	1570	0	0
D3751.contig355	1569	0	0
D3751.contig356	1557	6	0
D3751.contig357	1554	0	0
D3751.contig358	1553	0	0
D3751.contig359	1552	0	0
D3751.contig360	1550	0	0
D3751.contig361	1550	0	0
D3751.contig362	1550	0	0
D3751.contig363	1541	0	0
D3751.contig364	1539	0	0
D3751.contig365	1537	0	0
D3751.contig366	1536	0	0
D3751.contig367	1525	0	0
D3751.contig368	1522	270	15
D3751.contig369	1512	0	0
D3751.contig370	1506	0	0
D3751.contig371	1502	0	0
D3751.contig372	1498	0	0
D3751.contig373	1495	0	0
D3751.contig374	1494	0	0
D3751.contig375	1490	9696	1920
D3751.contig376	1487	0	0
D3751.contig377	1484	0	0
D3751.contig378	1466	0	0
D3751.contig379	1465	0	0
D3751.contig380	1462	2	0
D3751.contig381	1451	0	0
D3751.contig382	1441	0	0
D3751.contig383	1432	0	0
D3751.contig384	1421	0	0
D3751.contig385	1419	0	0
D3751.contig386	1418	1	1
D3751.contig387	1413	0	0
D3751.contig388	1409	0	0
D3751.contig389	1407	0	0
D3751.contig390	1405	0	0
D3751.contig391	1402	0	0
D3751.contig392	1399	0	0
D3751.contig393	1388	0	0
D3751.contig394	1387	0	0
D3751.contig395	1378	0	0
D3751.contig396	1370	0	0
D3751.contig397	1366	0	0
D3751.contig398	1364	0	0
D3751.contig399	1363	0	0
D3751.contig400	1361	0	0
D3751.contig401	1354	0	0
D3751.contig402	1348	0	0
D3751.contig403	1348	0	0
D3751.contig404	1348	0	0
D3751.contig405	1347	0	0
D3751.contig406	1344	0	0
D3751.contig407	1343	0	0
D3751.contig408	1339	0	0
D3751.contig409	1334	2	1
D3751.contig410	1334	0	0
D3751.contig411	1327	0	0
D3751.contig412	1324	0	0
D3751.contig413	1322	9	2
D3751.contig414	1319	0	0
D3751.contig415	1316	0	0
D3751.contig416	1316	0	0
D3751.contig417	1313	0	0
D3751.contig418	1312	0	0
D3751.contig419	1310	0	0
D3751.contig420	1295	0	0
D3751.contig421	1293	0	0
D3751.contig422	1293	0	0
D3751.contig423	1289	0	0
D3751.contig424	1289	6025	314
D3751.contig425	1288	0	0
D3751.contig426	1286	0	0
D3751.contig427	1280	0	0
D3751.contig428	1277	0	0
D3751.contig429	1273	0	0
D3751.contig430	1271	0	0
D3751.contig431	1267	0	0
D3751.contig432	1265	0	0
D3751.contig433	1259	1	1
D3751.contig434	1259	0	0
D3751.contig435	1254	0	0
D3751.contig436	1249	0	0
D3751.contig437	1246	0	0
D3751.contig438	1242	0	0
D3751.contig439	1239	0	0
D3751.contig440	1237	0	0
D3751.contig441	1237	0	0
D3751.contig442	1236	0	0
D3751.contig443	1231	0	0
D3751.contig444	1229	0	0
D3751.contig445	1228	0	0
D3751.contig446	1218	0	0
D3751.contig447	1216	0	0
D3751.contig448	1209	0	0
D3751.contig449	1209	0	0
D3751.contig450	1209	7896	621
D3751.contig451	1196	0	0
D3751.contig452	1195	0	0
D3751.contig453	1195	0	0
D3751.contig454	1192	0	0
D3751.contig455	1188	0	0
D3751.contig456	1185	2	0
D3751.contig457	1182	0	0
D3751.contig458	1181	0	0
D3751.contig459	1177	0	0
D3751.contig460	1160	0	0
D3751.contig461	1160	8306	6700
D3751.contig462	1154	0	0
D3751.contig463	1146	0	0
D3751.contig464	1145	0	0
D3751.contig465	1145	0	0
D3751.contig466	1143	0	0
D3751.contig467	1137	0	0
D3751.contig468	1136	0	0
D3751.contig469	1134	0	0
D3751.contig470	1132	0	0
D3751.contig471	1132	0	0
D3751.contig472	1131	0	0
D3751.contig473	1131	0	0
D3751.contig474	1130	0	0
D3751.contig475	1126	0	0
D3751.contig476	1124	0	0
D3751.contig477	1120	0	0
D3751.contig478	1117	0	0
D3751.contig479	1117	0	0
D3751.contig480	1115	0	0
D3751.contig481	1112	0	0
D3751.contig482	1111	0	0
D3751.contig483	1111	0	0
D3751.contig484	1101	0	0
D3751.contig485	1095	0	0
D3751.contig486	1088	0	0
D3751.contig487	1086	0	0
D3751.contig488	1085	0	0
D3751.contig489	1084	0	0
D3751.contig490	1078	0	0
D3751.contig491	1077	7	1
D3751.contig492	1073	0	0
D3751.contig493	1072	1	1
D3751.contig494	1072	0	0
D3751.contig495	1064	0	0
D3751.contig496	1063	0	0
D3751.contig497	1062	0	0
D3751.contig498	1058	0	0
D3751.contig499	1057	0	0
D3751.contig500	1056	0	0
D3751.contig501	1054	0	0
D3751.contig502	1053	0	0
D3751.contig503	1053	0	0
D3751.contig504	1052	0	0
D3751.contig505	1048	0	0
D3751.contig506	1045	0	0
D3751.contig507	1042	0	0
D3751.contig508	1040	0	0
D3751.contig509	1039	0	0
D3751.contig510	1038	0	0
D3751.contig511	1037	0	0
D3751.contig512	1036	0	0
D3751.contig513	1034	0	0
D3751.contig514	1032	0	0
D3751.contig515	1031	0	0
D3751.contig516	1031	0	0
D3751.contig517	1030	0	0
D3751.contig518	1029	0	0
D3751.contig519	1029	0	0
D3751.contig520	1028	154	13
D3751.contig521	1027	0	0
D3751.contig522	1025	0	0
D3751.contig523	1022	0	0
D3751.contig524	1018	0	0
D3751.contig525	1017	0	0
D3751.contig526	1017	0	0
D3751.contig527	1016	0	0
D3751.contig528	1014	0	0
D3751.contig529	1012	0	0
D3751.contig530	1010	0	0
D3751.contig531	1009	0	0
D3751.contig532	1008	0	0
D3751.contig533	1007	0	0
D3751.contig534	1006	0	0
D3751.contig535	1005	0	0
D3751.contig536	998	0	0
D3751.contig537	998	1	1
D3751.contig538	996	0	0
D3751.contig539	990	0	0
D3751.contig540	986	0	0
D3751.contig541	982	0	0
D3751.contig542	981	0	0
D3751.contig543	980	0	0
D3751.contig544	980	0	0
D3751.contig545	976	0	0
D3751.contig546	969	0	0
D3751.contig547	969	0	0
D3751.contig548	967	8576	2429
D3751.contig549	967	0	0
D3751.contig550	965	0	0
D3751.contig551	965	0	0
D3751.contig552	959	0	0
D3751.contig553	959	0	0
D3751.contig554	958	0	0
D3751.contig555	957	0	0
D3751.contig556	957	107	23
D3751.contig557	956	0	0
D3751.contig558	954	0	0
D3751.contig559	942	0	0
D3751.contig560	938	0	0
D3751.contig561	937	0	0
D3751.contig562	936	0	0
D3751.contig563	932	0	0
D3751.contig564	929	0	0
D3751.contig565	928	0	0
D3751.contig566	927	0	0
D3751.contig567	927	0	0
D3751.contig568	926	0	0
D3751.contig569	924	0	0
D3751.contig570	922	0	0
D3751.contig571	920	0	0
D3751.contig572	919	0	0
D3751.contig573	916	0	0
D3751.contig574	910	0	0
D3751.contig575	909	0	0
D3751.contig576	907	0	0
D3751.contig577	907	0	0
D3751.contig578	904	0	0
D3751.contig579	903	0	0
D3751.contig580	903	0	0
D3751.contig581	901	0	0
D3751.contig582	899	0	0
D3751.contig583	896	0	0
D3751.contig584	895	0	0
D3751.contig585	895	0	0
D3751.contig586	893	125	19
D3751.contig587	891	0	0
D3751.contig588	889	0	0
D3751.contig589	888	0	0
D3751.contig590	888	0	0
D3751.contig591	887	0	0
D3751.contig592	886	0	0
D3751.contig593	884	0	0
D3751.contig594	884	0	0
D3751.contig595	883	0	0
D3751.contig596	883	0	0
D3751.contig597	882	4	1
D3751.contig598	882	0	0
D3751.contig599	877	0	0
D3751.contig600	876	0	0
D3751.contig601	876	0	0
D3751.contig602	874	0	0
D3751.contig603	874	0	0
D3751.contig604	873	0	0
D3751.contig605	872	616	87
D3751.contig606	872	0	0
D3751.contig607	868	0	0
D3751.contig608	868	0	0
D3751.contig609	868	0	0
D3751.contig610	866	0	0
D3751.contig611	864	0	0
D3751.contig612	861	0	0
D3751.contig613	861	0	0
D3751.contig614	860	0	0
D3751.contig615	859	0	0
D3751.contig616	858	0	0
D3751.contig617	857	0	0
D3751.contig618	857	0	0
D3751.contig619	856	0	0
D3751.contig620	854	1	1
D3751.contig621	851	0	0
D3751.contig622	851	0	0
D3751.contig623	850	0	0
D3751.contig624	850	0	0
D3751.contig625	847	0	0
D3751.contig626	847	0	0
D3751.contig627	847	0	0
D3751.contig628	843	0	0
D3751.contig629	843	3946826	1722352
D3751.contig630	840	1	1
D3751.contig631	839	0	0
D3751.contig632	838	0	0
D3751.contig633	836	0	0
D3751.contig634	833	0	0
D3751.contig635	830	0	0
D3751.contig636	830	0	0
D3751.contig637	830	0	0
D3751.contig638	828	0	0
D3751.contig639	826	0	0
D3751.contig640	826	0	0
D3751.contig641	826	0	0
D3751.contig642	826	0	0
D3751.contig643	824	0	0
D3751.contig644	822	0	0
D3751.contig645	822	0	0
D3751.contig646	820	0	0
D3751.contig647	820	0	0
D3751.contig648	819	0	0
D3751.contig649	817	0	0
D3751.contig650	815	0	0
D3751.contig651	814	0	0
D3751.contig652	814	0	0
D3751.contig653	812	0	0
D3751.contig654	810	0	0
D3751.contig655	807	77	14
D3751.contig656	807	0	0
D3751.contig657	804	0	0
D3751.contig658	802	0	0
D3751.contig659	801	0	0
D3751.contig660	800	0	0
D3751.contig661	799	466869	141493
D3751.contig662	797	0	0
D3751.contig663	796	0	0
D3751.contig664	796	0	0
D3751.contig665	792	0	0
D3751.contig666	790	0	0
D3751.contig667	789	0	0
D3751.contig668	788	0	0
D3751.contig669	786	0	0
D3751.contig670	784	0	0
D3751.contig671	784	0	0
D3751.contig672	782	0	0
D3751.contig673	781	0	0
D3751.contig674	781	0	0
D3751.contig675	780	0	0
D3751.contig676	780	0	0
D3751.contig677	779	0	0
D3751.contig678	777	0	0
D3751.contig679	777	0	0
D3751.contig680	777	0	0
D3751.contig681	776	28	6
D3751.contig682	776	0	0
D3751.contig683	776	0	0
D3751.contig684	775	0	0
D3751.contig685	774	0	0
D3751.contig686	774	0	0
D3751.contig687	774	0	0
D3751.contig688	773	0	0
D3751.contig689	771	0	0
D3751.contig690	770	0	0
D3751.contig691	769	0	0
D3751.contig692	768	0	0
D3751.contig693	766	0	0
D3751.contig694	766	0	0
D3751.contig695	766	0	0
D3751.contig696	764	0	0
D3751.contig697	763	0	0
D3751.contig698	763	0	0
D3751.contig699	763	0	0
D3751.contig700	762	0	0
D3751.contig701	761	0	0
D3751.contig702	761	0	0
D3751.contig703	761	0	0
D3751.contig704	759	0	0
D3751.contig705	758	0	0
D3751.contig706	757	0	0
D3751.contig707	756	0	0
D3751.contig708	755	0	0
D3751.contig709	755	0	0
D3751.contig710	754	0	0
D3751.contig711	754	0	0
D3751.contig712	753	0	0
D3751.contig713	752	0	0
D3751.contig714	752	0	0
D3751.contig715	751	0	0
D3751.contig716	751	0	0
D3751.contig717	749	0	0
D3751.contig718	749	0	0
D3751.contig719	748	0	0
D3751.contig720	748	12	4
D3751.contig721	747	0	0
D3751.contig722	747	1	1
D3751.contig723	747	0	0
D3751.contig724	746	0	0
D3751.contig725	745	0	0
D3751.contig726	745	0	0
D3751.contig727	743	0	0
D3751.contig728	743	0	0
D3751.contig729	742	0	0
D3751.contig730	740	0	0
D3751.contig731	740	0	0
D3751.contig732	739	0	0
D3751.contig733	739	0	0
D3751.contig734	738	0	0
D3751.contig735	738	0	0
D3751.contig736	736	0	0
D3751.contig737	735	0	0
D3751.contig738	734	0	0
D3751.contig739	734	0	0
D3751.contig740	734	0	0
D3751.contig741	731	0	0
D3751.contig742	730	0	0
D3751.contig743	730	0	0
D3751.contig744	729	0	0
D3751.contig745	727	0	0
D3751.contig746	726	0	0
D3751.contig747	726	0	0
D3751.contig748	724	0	0
D3751.contig749	723	0	0
D3751.contig750	723	0	0
D3751.contig751	722	0	0
D3751.contig752	721	0	0
D3751.contig753	721	0	0
D3751.contig754	718	0	0
D3751.contig755	718	0	0
D3751.contig756	717	0	0
D3751.contig757	717	0	0
D3751.contig758	717	0	0
D3751.contig759	717	0	0
D3751.contig760	716	0	0
D3751.contig761	715	0	0
D3751.contig762	713	0	0
D3751.contig763	712	0	0
D3751.contig764	712	0	0
D3751.contig765	711	0	0
D3751.contig766	711	0	0
D3751.contig767	710	0	0
D3751.contig768	709	0	0
D3751.contig769	709	0	0
D3751.contig770	708	0	0
D3751.contig771	708	0	0
D3751.contig772	708	0	0
D3751.contig773	706	0	0
D3751.contig774	705	0	0
D3751.contig775	704	0	0
D3751.contig776	702	0	0
D3751.contig777	702	0	0
D3751.contig778	699	0	0
D3751.contig779	699	0	0
D3751.contig780	699	0	0
D3751.contig781	695	0	0
D3751.contig782	694	0	0
D3751.contig783	694	0	0
D3751.contig784	693	0	0
D3751.contig785	693	0	0
D3751.contig786	693	0	0
D3751.contig787	693	6	2
D3751.contig788	692	0	0
D3751.contig789	692	0	0
D3751.contig790	690	0	0
D3751.contig791	689	0	0
D3751.contig792	689	32	8
D3751.contig793	689	0	0
D3751.contig794	687	4	1
D3751.contig795	687	0	0
D3751.contig796	686	0	0
D3751.contig797	686	0	0
D3751.contig798	685	0	0
D3751.contig799	685	0	0
D3751.contig800	685	0	0
D3751.contig801	684	0	0
D3751.contig802	684	0	0
D3751.contig803	683	0	0
D3751.contig804	680	0	0
D3751.contig805	679	0	0
D3751.contig806	678	0	0
D3751.contig807	678	0	0
D3751.contig808	677	0	0
D3751.contig809	677	1	1
D3751.contig810	677	0	0
D3751.contig811	676	0	0
D3751.contig812	676	0	0
D3751.contig813	675	0	0
D3751.contig814	674	0	0
D3751.contig815	674	0	0
D3751.contig816	672	0	0
D3751.contig817	671	0	0
D3751.contig818	670	0	0
D3751.contig819	669	0	0
D3751.contig820	668	0	0
D3751.contig821	667	0	0
D3751.contig822	665	0	0
D3751.contig823	664	68	14
D3751.contig824	661	0	0
D3751.contig825	661	0	0
D3751.contig826	660	0	0
D3751.contig827	659	0	0
D3751.contig828	659	0	0
D3751.contig829	659	0	0
D3751.contig830	658	0	0
D3751.contig831	658	0	0
D3751.contig832	658	0	0
D3751.contig833	657	0	0
D3751.contig834	656	0	0
D3751.contig835	656	0	0
D3751.contig836	655	0	0
D3751.contig837	655	0	0
D3751.contig838	653	0	0
D3751.contig839	653	2	1
D3751.contig840	653	0	0
D3751.contig841	652	0	0
D3751.contig842	651	0	0
D3751.contig843	651	0	0
D3751.contig844	651	0	0
D3751.contig845	650	0	0
D3751.contig846	649	0	0
D3751.contig847	649	0	0
D3751.contig848	648	0	0
D3751.contig849	648	0	0
D3751.contig850	645	0	0
D3751.contig851	645	0	0
D3751.contig852	645	0	0
D3751.contig853	644	0	0
D3751.contig854	644	0	0
D3751.contig855	643	0	0
D3751.contig856	643	0	0
D3751.contig857	643	0	0
D3751.contig858	643	0	0
D3751.contig859	641	0	0
D3751.contig860	641	0	0
D3751.contig861	640	0	0
D3751.contig862	640	0	0
D3751.contig863	638	2	0
D3751.contig864	638	0	0
D3751.contig865	637	0	0
D3751.contig866	636	0	0
D3751.contig867	635	0	0
D3751.contig868	635	0	0
D3751.contig869	635	0	0
D3751.contig870	633	0	0
D3751.contig871	633	0	0
D3751.contig872	631	0	0
D3751.contig873	630	0	0
D3751.contig874	627	0	0
D3751.contig875	626	0	0
D3751.contig876	626	0	0
D3751.contig877	625	0	0
D3751.contig878	623	0	0
D3751.contig879	623	0	0
D3751.contig880	622	0	0
D3751.contig881	622	0	0
D3751.contig882	622	0	0
D3751.contig883	621	0	0
D3751.contig884	621	0	0
D3751.contig885	621	0	0
D3751.contig886	621	0	0
D3751.contig887	620	0	0
D3751.contig888	620	0	0
D3751.contig889	619	0	0
D3751.contig890	618	0	0
D3751.contig891	618	0	0
D3751.contig892	618	0	0
D3751.contig893	618	0	0
D3751.contig894	618	0	0
D3751.contig895	618	0	0
D3751.contig896	616	0	0
D3751.contig897	615	0	0
D3751.contig898	614	0	0
D3751.contig899	614	0	0
D3751.contig900	614	0	0
D3751.contig901	613	0	0
D3751.contig902	611	0	0
D3751.contig903	611	0	0
D3751.contig904	611	0	0
D3751.contig905	610	0	0
D3751.contig906	609	0	0
D3751.contig907	609	0	0
D3751.contig908	608	0	0
D3751.contig909	608	0	0
D3751.contig910	605	0	0
D3751.contig911	605	0	0
D3751.contig912	603	0	0
D3751.contig913	602	0	0
D3751.contig914	601	0	0
D3751.contig915	601	0	0
D3751.contig916	600	0	0
D3751.contig917	600	0	0
D3751.contig918	599	0	0
D3751.contig919	599	0	0
D3751.contig920	599	0	0
D3751.contig921	599	0	0
D3751.contig922	598	0	0
D3751.contig923	598	0	0
D3751.contig924	598	0	0
D3751.contig925	597	0	0
D3751.contig926	597	0	0
D3751.contig927	596	0	0
D3751.contig928	596	0	0
D3751.contig929	596	0	0
D3751.contig930	594	0	0
D3751.contig931	594	0	0
D3751.contig932	594	0	0
D3751.contig933	593	0	0
D3751.contig934	593	0	0
D3751.contig935	593	0	0
D3751.contig936	592	0	0
D3751.contig937	591	0	0
D3751.contig938	591	0	0
D3751.contig939	591	70	18
D3751.contig940	589	1	1
D3751.contig941	589	0	0
D3751.contig942	587	0	0
D3751.contig943	587	0	0
D3751.contig944	587	0	0
D3751.contig945	587	0	0
D3751.contig946	586	0	0
D3751.contig947	586	0	0
D3751.contig948	586	0	0
D3751.contig949	585	0	0
D3751.contig950	585	39	17
D3751.contig951	584	0	0
D3751.contig952	584	0	0
D3751.contig953	583	0	0
D3751.contig954	583	0	0
D3751.contig955	581	0	0
D3751.contig956	581	0	0
D3751.contig957	581	0	0
D3751.contig958	581	0	0
D3751.contig959	580	0	0
D3751.contig960	578	0	0
D3751.contig961	577	0	0
D3751.contig962	576	0	0
D3751.contig963	576	1674	1130
D3751.contig964	575	0	0
D3751.contig965	574	0	0
D3751.contig966	573	0	0
D3751.contig967	573	0	0
D3751.contig968	573	0	0
D3751.contig969	572	0	0
D3751.contig970	572	0	0
D3751.contig971	572	25	7
D3751.contig972	571	0	0
D3751.contig973	570	0	0
D3751.contig974	570	0	0
D3751.contig975	569	0	0
D3751.contig976	568	2	1
D3751.contig977	568	0	0
D3751.contig978	568	0	0
D3751.contig979	568	0	0
D3751.contig980	568	0	0
D3751.contig981	567	0	0
D3751.contig982	566	0	0
D3751.contig983	566	0	0
D3751.contig984	565	0	0
D3751.contig985	562	513	277
D3751.contig986	562	0	0
D3751.contig987	562	0	0
D3751.contig988	560	0	0
D3751.contig989	559	0	0
D3751.contig990	559	0	0
D3751.contig991	557	4073	989
D3751.contig992	557	0	0
D3751.contig993	556	0	0
D3751.contig994	555	0	0
D3751.contig995	555	0	0
D3751.contig996	554	0	0
D3751.contig997	553	0	0
D3751.contig998	553	0	0
D3751.contig999	552	0	0
D3751.contig1000	551	0	0
D3751.contig1001	551	0	0
D3751.contig1002	551	0	0
D3751.contig1003	548	0	0
D3751.contig1004	548	0	0
D3751.contig1005	547	0	0
D3751.contig1006	547	0	0
D3751.contig1007	546	0	0
D3751.contig1008	546	0	0
D3751.contig1009	546	0	0
D3751.contig1010	545	0	0
D3751.contig1011	545	0	0
D3751.contig1012	545	0	0
D3751.contig1013	544	0	0
D3751.contig1014	544	0	0
D3751.contig1015	544	0	0
D3751.contig1016	542	0	0
D3751.contig1017	542	0	0
D3751.contig1018	542	0	0
D3751.contig1019	542	0	0
D3751.contig1020	541	0	0
D3751.contig1021	540	0	0
D3751.contig1022	540	0	0
D3751.contig1023	540	0	0
D3751.contig1024	539	0	0
D3751.contig1025	539	0	0
D3751.contig1026	538	0	0
D3751.contig1027	538	0	0
D3751.contig1028	537	0	0
D3751.contig1029	537	0	0
D3751.contig1030	537	0	0
D3751.contig1031	537	0	0
D3751.contig1032	536	3	0
D3751.contig1033	536	0	0
D3751.contig1034	535	0	0
D3751.contig1035	535	0	0
D3751.contig1036	534	0	0
D3751.contig1037	534	0	0
D3751.contig1038	533	0	0
D3751.contig1039	533	1	1
D3751.contig1040	533	0	0
D3751.contig1041	532	0	0
D3751.contig1042	531	0	0
D3751.contig1043	531	0	0
D3751.contig1044	531	0	0
D3751.contig1045	530	0	0
D3751.contig1046	529	0	0
D3751.contig1047	528	0	0
D3751.contig1048	527	0	0
D3751.contig1049	527	0	0
D3751.contig1050	526	0	0
D3751.contig1051	525	0	0
D3751.contig1052	525	0	0
D3751.contig1053	525	0	0
D3751.contig1054	524	0	0
D3751.contig1055	524	0	0
D3751.contig1056	524	0	0
D3751.contig1057	524	0	0
D3751.contig1058	521	0	0
D3751.contig1059	521	0	0
D3751.contig1060	520	0	0
D3751.contig1061	520	0	0
D3751.contig1062	520	0	0
D3751.contig1063	520	0	0
D3751.contig1064	520	0	0
D3751.contig1065	518	0	0
D3751.contig1066	518	0	0
D3751.contig1067	518	0	0
D3751.contig1068	518	0	0
D3751.contig1069	518	0	0
D3751.contig1070	517	0	0
D3751.contig1071	516	0	0
D3751.contig1072	514	0	0
D3751.contig1073	514	0	0
D3751.contig1074	514	0	0
D3751.contig1075	514	0	0
D3751.contig1076	513	0	0
D3751.contig1077	513	0	0
D3751.contig1078	513	0	0
D3751.contig1079	513	0	0
D3751.contig1080	512	0	0
D3751.contig1081	512	0	0
D3751.contig1082	511	0	0
D3751.contig1083	511	0	0
D3751.contig1084	509	0	0
D3751.contig1085	509	0	0
D3751.contig1086	509	0	0
D3751.contig1087	508	0	0
D3751.contig1088	508	0	0
D3751.contig1089	507	0	0
D3751.contig1090	507	0	0
D3751.contig1091	506	0	0
D3751.contig1092	505	0	0
D3751.contig1093	504	0	0
D3751.contig1094	504	0	0
D3751.contig1095	503	0	0
D3751.contig1096	503	0	0
D3751.contig1097	502	0	0
D3751.contig1098	501	0	0
D3751.contig1099	501	0	0
D3751.contig1100	500	0	0
D3751.contig1101	500	0	0
D3751.contig1102	500	0	0
D3751.contig1103	500	0	0
D3751.contig1104	499	0	0
D3751.contig1105	498	12	6
D3751.contig1106	497	0	0
D3751.contig1107	497	0	0
D3751.contig1108	497	0	0
D3751.contig1109	497	0	0
D3751.contig1110	496	0	0
D3751.contig1111	496	0	0
D3751.contig1112	495	0	0
D3751.contig1113	494	0	0
D3751.contig1114	494	0	0
D3751.contig1115	493	0	0
D3751.contig1116	493	5608	2620
D3751.contig1117	492	0	0
D3751.contig1118	492	0	0
D3751.contig1119	491	0	0
D3751.contig1120	491	0	0
D3751.contig1121	490	0	0
D3751.contig1122	490	0	0
D3751.contig1123	490	0	0
D3751.contig1124	489	0	0
D3751.contig1125	488	0	0
D3751.contig1126	488	0	0
D3751.contig1127	488	4	4
D3751.contig1128	487	37	12
D3751.contig1129	487	0	0
D3751.contig1130	487	0	0
D3751.contig1131	487	0	0
D3751.contig1132	486	0	0
D3751.contig1133	486	0	0
D3751.contig1134	486	0	0
D3751.contig1135	485	0	0
D3751.contig1136	485	0	0
D3751.contig1137	484	0	0
D3751.contig1138	484	0	0
D3751.contig1139	484	0	0
D3751.contig1140	484	0	0
D3751.contig1141	484	0	0
D3751.contig1142	484	0	0
D3751.contig1143	482	0	0
D3751.contig1144	482	0	0
D3751.contig1145	482	0	0
D3751.contig1146	481	0	0
D3751.contig1147	481	0	0
D3751.contig1148	481	0	0
D3751.contig1149	480	0	0
D3751.contig1150	480	0	0
D3751.contig1151	480	0	0
D3751.contig1152	479	0	0
D3751.contig1153	479	0	0
D3751.contig1154	479	0	0
D3751.contig1155	478	0	0
D3751.contig1156	478	0	0
D3751.contig1157	477	0	0
D3751.contig1158	477	0	0
D3751.contig1159	477	0	0
D3751.contig1160	477	0	0
D3751.contig1161	477	0	0
D3751.contig1162	477	0	0
D3751.contig1163	476	0	0
D3751.contig1164	476	0	0
D3751.contig1165	476	0	0
D3751.contig1166	476	0	0
D3751.contig1167	475	0	0
D3751.contig1168	475	2	0
D3751.contig1169	475	0	0
D3751.contig1170	474	0	0
D3751.contig1171	474	0	0
D3751.contig1172	474	0	0
D3751.contig1173	474	0	0
D3751.contig1174	474	0	0
D3751.contig1175	473	0	0
D3751.contig1176	472	0	0
D3751.contig1177	472	0	0
D3751.contig1178	471	0	0
D3751.contig1179	471	0	0
D3751.contig1180	471	0	0
D3751.contig1181	471	0	0
D3751.contig1182	470	0	0
D3751.contig1183	470	0	0
D3751.contig1184	469	0	0
D3751.contig1185	469	0	0
D3751.contig1186	469	0	0
D3751.contig1187	469	0	0
D3751.contig1188	468	0	0
D3751.contig1189	468	0	0
D3751.contig1190	467	0	0
D3751.contig1191	467	0	0
D3751.contig1192	467	0	0
D3751.contig1193	467	0	0
D3751.contig1194	466	0	0
D3751.contig1195	466	0	0
D3751.contig1196	466	0	0
D3751.contig1197	466	0	0
D3751.contig1198	465	0	0
D3751.contig1199	465	0	0
D3751.contig1200	465	0	0
D3751.contig1201	465	2	0
D3751.contig1202	464	0	0
D3751.contig1203	464	0	0
D3751.contig1204	464	0	0
D3751.contig1205	463	0	0
D3751.contig1206	463	291836	189027
D3751.contig1207	463	0	0
D3751.contig1208	463	0	0
D3751.contig1209	462	0	0
D3751.contig1210	462	0	0
D3751.contig1211	462	0	0
D3751.contig1212	462	2	0
D3751.contig1213	462	0	0
D3751.contig1214	462	0	0
D3751.contig1215	461	0	0
D3751.contig1216	461	0	0
D3751.contig1217	460	0	0
D3751.contig1218	459	0	0
D3751.contig1219	459	0	0
D3751.contig1220	459	0	0
D3751.contig1221	459	0	0
D3751.contig1222	459	0	0
D3751.contig1223	459	0	0
D3751.contig1224	459	0	0
D3751.contig1225	458	0	0
D3751.contig1226	458	0	0
D3751.contig1227	458	0	0
D3751.contig1228	457	0	0
D3751.contig1229	457	0	0
D3751.contig1230	457	0	0
D3751.contig1231	456	0	0
D3751.contig1232	456	0	0
D3751.contig1233	455	0	0
D3751.contig1234	454	0	0
D3751.contig1235	454	0	0
D3751.contig1236	454	0	0
D3751.contig1237	454	0	0
D3751.contig1238	454	0	0
D3751.contig1239	453	3	0
D3751.contig1240	453	0	0
D3751.contig1241	452	0	0
D3751.contig1242	452	0	0
D3751.contig1243	452	0	0
D3751.contig1244	451	0	0
D3751.contig1245	451	0	0
D3751.contig1246	451	0	0
D3751.contig1247	451	0	0
D3751.contig1248	451	0	0
D3751.contig1249	451	0	0
D3751.contig1250	450	0	0
D3751.contig1251	450	0	0
D3751.contig1252	450	0	0
D3751.contig1253	450	0	0
D3751.contig1254	449	0	0
D3751.contig1255	449	0	0
D3751.contig1256	449	0	0
D3751.contig1257	449	0	0
D3751.contig1258	449	0	0
D3751.contig1259	448	0	0
D3751.contig1260	448	0	0
D3751.contig1261	447	0	0
D3751.contig1262	447	0	0
D3751.contig1263	447	0	0
D3751.contig1264	447	0	0
D3751.contig1265	447	0	0
D3751.contig1266	446	0	0
D3751.contig1267	446	2	1
D3751.contig1268	446	0	0
D3751.contig1269	446	0	0
D3751.contig1270	446	0	0
D3751.contig1271	446	0	0
D3751.contig1272	446	0	0
D3751.contig1273	445	0	0
D3751.contig1274	444	1	1
D3751.contig1275	444	473	293
D3751.contig1276	444	0	0
D3751.contig1277	443	0	0
D3751.contig1278	443	0	0
D3751.contig1279	443	26	6
D3751.contig1280	442	0	0
D3751.contig1281	442	0	0
D3751.contig1282	442	0	0
D3751.contig1283	441	0	0
D3751.contig1284	441	0	0
D3751.contig1285	440	0	0
D3751.contig1286	440	0	0
D3751.contig1287	438	0	0
D3751.contig1288	438	0	0
D3751.contig1289	438	0	0
D3751.contig1290	438	0	0
D3751.contig1291	437	0	0
D3751.contig1292	437	0	0
D3751.contig1293	437	0	0
D3751.contig1294	437	0	0
D3751.contig1295	436	0	0
D3751.contig1296	436	1	1
D3751.contig1297	436	0	0
D3751.contig1298	434	0	0
D3751.contig1299	433	0	0
D3751.contig1300	433	0	0
D3751.contig1301	433	0	0
D3751.contig1302	433	2	0
D3751.contig1303	433	0	0
D3751.contig1304	432	0	0
D3751.contig1305	431	0	0
D3751.contig1306	431	0	0
D3751.contig1307	431	0	0
D3751.contig1308	431	0	0
D3751.contig1309	430	0	0
D3751.contig1310	430	0	0
D3751.contig1311	430	0	0
D3751.contig1312	430	0	0
D3751.contig1313	430	0	0
D3751.contig1314	429	0	0
D3751.contig1315	428	0	0
D3751.contig1316	428	0	0
D3751.contig1317	427	0	0
D3751.contig1318	427	0	0
D3751.contig1319	426	0	0
D3751.contig1320	426	0	0
D3751.contig1321	426	0	0
D3751.contig1322	426	0	0
D3751.contig1323	426	0	0
D3751.contig1324	426	0	0
D3751.contig1325	426	0	0
D3751.contig1326	426	0	0
D3751.contig1327	425	0	0
D3751.contig1328	425	0	0
D3751.contig1329	425	0	0
D3751.contig1330	425	0	0
D3751.contig1331	424	0	0
D3751.contig1332	424	0	0
D3751.contig1333	424	0	0
D3751.contig1334	424	0	0
D3751.contig1335	424	0	0
D3751.contig1336	423	0	0
D3751.contig1337	423	0	0
D3751.contig1338	423	0	0
D3751.contig1339	423	1294335	789880
D3751.contig1340	423	0	0
D3751.contig1341	422	0	0
D3751.contig1342	422	0	0
D3751.contig1343	421	0	0
D3751.contig1344	421	0	0
D3751.contig1345	421	0	0
D3751.contig1346	421	0	0
D3751.contig1347	420	0	0
D3751.contig1348	420	0	0
D3751.contig1349	420	0	0
D3751.contig1350	420	0	0
D3751.contig1351	420	0	0
D3751.contig1352	419	0	0
D3751.contig1353	419	0	0
D3751.contig1354	419	0	0
D3751.contig1355	419	0	0
D3751.contig1356	419	0	0
D3751.contig1357	419	0	0
D3751.contig1358	419	0	0
D3751.contig1359	418	0	0
D3751.contig1360	418	0	0
D3751.contig1361	418	0	0
D3751.contig1362	418	0	0
D3751.contig1363	418	0	0
D3751.contig1364	417	0	0
D3751.contig1365	417	0	0
D3751.contig1366	417	0	0
D3751.contig1367	417	0	0
D3751.contig1368	416	0	0
D3751.contig1369	416	0	0
D3751.contig1370	416	0	0
D3751.contig1371	416	0	0
D3751.contig1372	416	0	0
D3751.contig1373	415	0	0
D3751.contig1374	415	0	0
D3751.contig1375	415	0	0
D3751.contig1376	415	0	0
D3751.contig1377	414	0	0
D3751.contig1378	414	0	0
D3751.contig1379	414	0	0
D3751.contig1380	414	0	0
D3751.contig1381	414	0	0
D3751.contig1382	414	0	0
D3751.contig1383	413	0	0
D3751.contig1384	413	0	0
D3751.contig1385	413	0	0
D3751.contig1386	413	0	0
D3751.contig1387	413	0	0
D3751.contig1388	413	0	0
D3751.contig1389	413	3	1
D3751.contig1390	412	0	0
D3751.contig1391	412	0	0
D3751.contig1392	412	0	0
D3751.contig1393	412	0	0
D3751.contig1394	412	0	0
D3751.contig1395	412	0	0
D3751.contig1396	411	0	0
D3751.contig1397	411	0	0
D3751.contig1398	411	0	0
D3751.contig1399	411	0	0
D3751.contig1400	411	0	0
D3751.contig1401	411	0	0
D3751.contig1402	410	0	0
D3751.contig1403	410	0	0
D3751.contig1404	410	0	0
D3751.contig1405	410	0	0
D3751.contig1406	409	0	0
D3751.contig1407	409	0	0
D3751.contig1408	409	0	0
D3751.contig1409	408	0	0
D3751.contig1410	408	0	0
D3751.contig1411	407	0	0
D3751.contig1412	407	0	0
D3751.contig1413	406	0	0
D3751.contig1414	406	0	0
D3751.contig1415	406	138	31
D3751.contig1416	406	0	0
D3751.contig1417	405	0	0
D3751.contig1418	405	0	0
D3751.contig1419	405	0	0
D3751.contig1420	404	0	0
D3751.contig1421	404	0	0
D3751.contig1422	404	0	0
D3751.contig1423	404	7	3
D3751.contig1424	403	0	0
D3751.contig1425	403	0	0
D3751.contig1426	403	0	0
D3751.contig1427	403	0	0
D3751.contig1428	403	0	0
D3751.contig1429	402	0	0
D3751.contig1430	402	0	0
D3751.contig1431	402	0	0
D3751.contig1432	402	0	0
D3751.contig1433	402	0	0
D3751.contig1434	402	0	0
D3751.contig1435	402	0	0
D3751.contig1436	402	0	0
D3751.contig1437	402	0	0
D3751.contig1438	401	0	0
D3751.contig1439	401	4	1
D3751.contig1440	401	0	0
D3751.contig1441	401	0	0
D3751.contig1442	401	0	0
D3751.contig1443	401	0	0
D3751.contig1444	400	0	0
D3751.contig1445	400	0	0
D3751.contig1446	400	0	0
D3751.contig1447	400	0	0
D3751.contig1448	400	0	0
D3751.contig1449	399	0	0
D3751.contig1450	399	0	0
D3751.contig1451	399	0	0
D3751.contig1452	398	0	0
D3751.contig1453	398	0	0
D3751.contig1454	398	0	0
D3751.contig1455	398	0	0
D3751.contig1456	398	0	0
D3751.contig1457	397	0	0
D3751.contig1458	397	0	0
D3751.contig1459	397	0	0
D3751.contig1460	396	0	0
D3751.contig1461	396	0	0
D3751.contig1462	396	0	0
D3751.contig1463	396	0	0
D3751.contig1464	396	0	0
D3751.contig1465	395	0	0
D3751.contig1466	395	0	0
D3751.contig1467	395	0	0
D3751.contig1468	395	0	0
D3751.contig1469	395	0	0
D3751.contig1470	394	0	0
D3751.contig1471	394	0	0
D3751.contig1472	394	0	0
D3751.contig1473	393	0	0
D3751.contig1474	393	0	0
D3751.contig1475	393	0	0
D3751.contig1476	392	0	0
D3751.contig1477	392	0	0
D3751.contig1478	392	0	0
D3751.contig1479	392	0	0
D3751.contig1480	392	0	0
D3751.contig1481	391	0	0
D3751.contig1482	391	0	0
D3751.contig1483	391	0	0
D3751.contig1484	391	1	1
D3751.contig1485	391	0	0
D3751.contig1486	391	0	0
D3751.contig1487	390	0	0
D3751.contig1488	390	0	0
D3751.contig1489	390	0	0
D3751.contig1490	389	0	0
D3751.contig1491	389	0	0
D3751.contig1492	389	0	0
D3751.contig1493	388	0	0
D3751.contig1494	388	0	0
D3751.contig1495	388	21	7
D3751.contig1496	388	0	0
D3751.contig1497	388	0	0
D3751.contig1498	387	0	0
D3751.contig1499	387	0	0
D3751.contig1500	387	0	0
D3751.contig1501	387	0	0
D3751.contig1502	387	0	0
D3751.contig1503	386	0	0
D3751.contig1504	386	0	0
D3751.contig1505	386	0	0
D3751.contig1506	386	0	0
D3751.contig1507	386	0	0
D3751.contig1508	386	0	0
D3751.contig1509	385	0	0
D3751.contig1510	385	0	0
D3751.contig1511	384	0	0
D3751.contig1512	384	0	0
D3751.contig1513	384	2	0
D3751.contig1514	383	182	105
D3751.contig1515	383	0	0
D3751.contig1516	383	0	0
D3751.contig1517	383	0	0
D3751.contig1518	383	0	0
D3751.contig1519	383	0	0
D3751.contig1520	383	0	0
D3751.contig1521	383	0	0
D3751.contig1522	383	0	0
D3751.contig1523	383	0	0
D3751.contig1524	382	0	0
D3751.contig1525	381	0	0
D3751.contig1526	381	0	0
D3751.contig1527	381	0	0
D3751.contig1528	381	0	0
D3751.contig1529	381	0	0
D3751.contig1530	381	0	0
D3751.contig1531	381	0	0
D3751.contig1532	380	0	0
D3751.contig1533	380	0	0
D3751.contig1534	380	0	0
D3751.contig1535	380	0	0
D3751.contig1536	380	0	0
D3751.contig1537	380	0	0
D3751.contig1538	380	0	0
D3751.contig1539	380	0	0
D3751.contig1540	380	0	0
D3751.contig1541	379	0	0
D3751.contig1542	379	0	0
D3751.contig1543	379	0	0
D3751.contig1544	378	0	0
D3751.contig1545	378	0	0
D3751.contig1546	378	0	0
D3751.contig1547	377	0	0
D3751.contig1548	376	0	0
D3751.contig1549	376	0	0
D3751.contig1550	376	0	0
D3751.contig1551	376	0	0
D3751.contig1552	376	0	0
D3751.contig1553	376	0	0
D3751.contig1554	376	0	0
D3751.contig1555	376	0	0
D3751.contig1556	376	0	0
D3751.contig1557	376	0	0
D3751.contig1558	376	0	0
D3751.contig1559	375	0	0
D3751.contig1560	375	0	0
D3751.contig1561	374	0	0
D3751.contig1562	374	0	0
D3751.contig1563	374	0	0
D3751.contig1564	374	0	0
D3751.contig1565	373	0	0
D3751.contig1566	372	0	0
D3751.contig1567	372	0	0
D3751.contig1568	371	0	0
D3751.contig1569	371	0	0
D3751.contig1570	371	0	0
D3751.contig1571	371	0	0
D3751.contig1572	371	0	0
D3751.contig1573	371	0	0
D3751.contig1574	371	0	0
D3751.contig1575	371	0	0
D3751.contig1576	371	0	0
D3751.contig1577	371	0	0
D3751.contig1578	371	0	0
D3751.contig1579	370	0	0
D3751.contig1580	370	0	0
D3751.contig1581	370	0	0
D3751.contig1582	370	0	0
D3751.contig1583	369	0	0
D3751.contig1584	369	0	0
D3751.contig1585	369	0	0
D3751.contig1586	369	0	0
D3751.contig1587	369	0	0
D3751.contig1588	368	0	0
D3751.contig1589	368	0	0
D3751.contig1590	367	0	0
D3751.contig1591	367	0	0
D3751.contig1592	367	0	0
D3751.contig1593	367	0	0
D3751.contig1594	366	0	0
D3751.contig1595	366	0	0
D3751.contig1596	365	0	0
D3751.contig1597	365	0	0
D3751.contig1598	365	0	0
D3751.contig1599	365	0	0
D3751.contig1600	365	0	0
D3751.contig1601	365	0	0
D3751.contig1602	364	0	0
D3751.contig1603	364	0	0
D3751.contig1604	364	0	0
D3751.contig1605	363	0	0
D3751.contig1606	363	0	0
D3751.contig1607	363	0	0
D3751.contig1608	363	17	13
D3751.contig1609	363	0	0
D3751.contig1610	363	0	0
D3751.contig1611	363	0	0
D3751.contig1612	362	0	0
D3751.contig1613	362	0	0
D3751.contig1614	362	0	0
D3751.contig1615	362	0	0
D3751.contig1616	362	0	0
D3751.contig1617	361	0	0
D3751.contig1618	361	0	0
D3751.contig1619	360	0	0
D3751.contig1620	360	0	0
D3751.contig1621	360	0	0
D3751.contig1622	359	0	0
D3751.contig1623	358	0	0
D3751.contig1624	358	0	0
D3751.contig1625	358	0	0
D3751.contig1626	358	0	0
D3751.contig1627	358	0	0
D3751.contig1628	358	0	0
D3751.contig1629	358	0	0
D3751.contig1630	358	0	0
D3751.contig1631	357	0	0
D3751.contig1632	357	0	0
D3751.contig1633	357	0	0
D3751.contig1634	357	0	0
D3751.contig1635	357	0	0
D3751.contig1636	357	0	0
D3751.contig1637	357	0	0
D3751.contig1638	356	0	0
D3751.contig1639	355	0	0
D3751.contig1640	355	0	0
D3751.contig1641	355	0	0
D3751.contig1642	354	0	0
D3751.contig1643	354	0	0
D3751.contig1644	354	0	0
D3751.contig1645	354	0	0
D3751.contig1646	354	0	0
D3751.contig1647	354	0	0
D3751.contig1648	353	0	0
D3751.contig1649	353	0	0
D3751.contig1650	353	0	0
D3751.contig1651	352	0	0
D3751.contig1652	352	0	0
D3751.contig1653	352	0	0
D3751.contig1654	352	0	0
D3751.contig1655	352	0	0
D3751.contig1656	352	0	0
D3751.contig1657	352	0	0
D3751.contig1658	352	0	0
D3751.contig1659	351	1	0
D3751.contig1660	351	0	0
D3751.contig1661	351	0	0
D3751.contig1662	351	0	0
D3751.contig1663	350	0	0
D3751.contig1664	350	0	0
D3751.contig1665	350	0	0
D3751.contig1666	350	0	0
D3751.contig1667	349	0	0
D3751.contig1668	349	0	0
D3751.contig1669	349	0	0
D3751.contig1670	348	0	0
D3751.contig1671	348	0	0
D3751.contig1672	348	0	0
D3751.contig1673	348	0	0
D3751.contig1674	348	8	4
D3751.contig1675	348	0	0
D3751.contig1676	348	0	0
D3751.contig1677	348	0	0
D3751.contig1678	347	0	0
D3751.contig1679	347	0	0
D3751.contig1680	346	0	0
D3751.contig1681	346	0	0
D3751.contig1682	346	0	0
D3751.contig1683	346	0	0
D3751.contig1684	345	115	85
D3751.contig1685	345	0	0
D3751.contig1686	345	0	0
D3751.contig1687	345	0	0
D3751.contig1688	345	0	0
D3751.contig1689	345	0	0
D3751.contig1690	345	0	0
D3751.contig1691	345	0	0
D3751.contig1692	345	0	0
D3751.contig1693	344	0	0
D3751.contig1694	344	0	0
D3751.contig1695	344	0	0
D3751.contig1696	344	0	0
D3751.contig1697	344	0	0
D3751.contig1698	344	0	0
D3751.contig1699	344	0	0
D3751.contig1700	343	0	0
D3751.contig1701	343	0	0
D3751.contig1702	343	0	0
D3751.contig1703	343	0	0
D3751.contig1704	343	0	0
D3751.contig1705	343	0	0
D3751.contig1706	343	0	0
D3751.contig1707	343	0	0
D3751.contig1708	342	0	0
D3751.contig1709	342	0	0
D3751.contig1710	342	0	0
D3751.contig1711	342	0	0
D3751.contig1712	341	0	0
D3751.contig1713	341	0	0
D3751.contig1714	341	0	0
D3751.contig1715	341	0	0
D3751.contig1716	340	0	0
D3751.contig1717	340	0	0
D3751.contig1718	340	0	0
D3751.contig1719	340	0	0
D3751.contig1720	340	0	0
D3751.contig1721	340	0	0
D3751.contig1722	340	0	0
D3751.contig1723	340	0	0
D3751.contig1724	339	0	0
D3751.contig1725	339	0	0
D3751.contig1726	339	0	0
D3751.contig1727	339	0	0
D3751.contig1728	339	0	0
D3751.contig1729	339	0	0
D3751.contig1730	338	0	0
D3751.contig1731	338	0	0
D3751.contig1732	338	0	0
D3751.contig1733	337	2	2
D3751.contig1734	337	0	0
D3751.contig1735	337	18	4
D3751.contig1736	337	949	253
D3751.contig1737	337	0	0
D3751.contig1738	337	0	0
D3751.contig1739	336	0	0
D3751.contig1740	336	0	0
D3751.contig1741	336	0	0
D3751.contig1742	336	0	0
D3751.contig1743	336	0	0
D3751.contig1744	336	0	0
D3751.contig1745	336	0	0
D3751.contig1746	336	0	0
D3751.contig1747	336	0	0
D3751.contig1748	336	0	0
D3751.contig1749	336	0	0
D3751.contig1750	336	1	1
D3751.contig1751	336	0	0
D3751.contig1752	336	0	0
D3751.contig1753	335	0	0
D3751.contig1754	335	0	0
D3751.contig1755	335	0	0
D3751.contig1756	335	540	382
D3751.contig1757	335	0	0
D3751.contig1758	334	0	0
D3751.contig1759	334	0	0
D3751.contig1760	334	0	0
D3751.contig1761	334	0	0
D3751.contig1762	334	0	0
D3751.contig1763	334	0	0
D3751.contig1764	334	0	0
D3751.contig1765	334	0	0
D3751.contig1766	334	812958	534580
D3751.contig1767	333	0	0
D3751.contig1768	333	0	0
D3751.contig1769	333	0	0
D3751.contig1770	333	0	0
D3751.contig1771	333	0	0
D3751.contig1772	333	0	0
D3751.contig1773	332	0	0
D3751.contig1774	332	0	0
D3751.contig1775	332	0	0
D3751.contig1776	332	0	0
D3751.contig1777	332	0	0
D3751.contig1778	332	0	0
D3751.contig1779	332	0	0
D3751.contig1780	332	0	0
D3751.contig1781	332	0	0
D3751.contig1782	332	0	0
D3751.contig1783	331	1	1
D3751.contig1784	331	0	0
D3751.contig1785	331	0	0
D3751.contig1786	331	0	0
D3751.contig1787	331	0	0
D3751.contig1788	330	0	0
D3751.contig1789	330	0	0
D3751.contig1790	330	0	0
D3751.contig1791	330	0	0
D3751.contig1792	330	0	0
D3751.contig1793	330	0	0
D3751.contig1794	330	0	0
D3751.contig1795	330	0	0
D3751.contig1796	330	0	0
D3751.contig1797	330	0	0
D3751.contig1798	329	0	0
D3751.contig1799	329	0	0
D3751.contig1800	329	0	0
D3751.contig1801	329	0	0
D3751.contig1802	329	0	0
D3751.contig1803	329	0	0
D3751.contig1804	328	0	0
D3751.contig1805	328	0	0
D3751.contig1806	328	0	0
D3751.contig1807	328	0	0
D3751.contig1808	328	0	0
D3751.contig1809	328	0	0
D3751.contig1810	328	0	0
D3751.contig1811	327	0	0
D3751.contig1812	327	0	0
D3751.contig1813	327	0	0
D3751.contig1814	327	0	0
D3751.contig1815	326	0	0
D3751.contig1816	326	0	0
D3751.contig1817	326	0	0
D3751.contig1818	326	0	0
D3751.contig1819	325	0	0
D3751.contig1820	325	41	37
D3751.contig1821	325	0	0
D3751.contig1822	325	0	0
D3751.contig1823	324	0	0
D3751.contig1824	324	0	0
D3751.contig1825	324	0	0
D3751.contig1826	324	0	0
D3751.contig1827	324	0	0
D3751.contig1828	323	0	0
D3751.contig1829	323	0	0
D3751.contig1830	323	0	0
D3751.contig1831	323	0	0
D3751.contig1832	323	0	0
D3751.contig1833	323	0	0
D3751.contig1834	323	0	0
D3751.contig1835	323	0	0
D3751.contig1836	322	0	0
D3751.contig1837	322	0	0
D3751.contig1838	322	0	0
D3751.contig1839	322	0	0
D3751.contig1840	322	0	0
D3751.contig1841	322	0	0
D3751.contig1842	322	0	0
D3751.contig1843	322	0	0
D3751.contig1844	321	0	0
D3751.contig1845	321	0	0
D3751.contig1846	321	0	0
D3751.contig1847	321	0	0
D3751.contig1848	321	0	0
D3751.contig1849	321	0	0
D3751.contig1850	320	0	0
D3751.contig1851	320	0	0
D3751.contig1852	320	0	0
D3751.contig1853	320	0	0
D3751.contig1854	320	0	0
D3751.contig1855	319	0	0
D3751.contig1856	319	0	0
D3751.contig1857	319	0	0
D3751.contig1858	319	0	0
D3751.contig1859	319	0	0
D3751.contig1860	319	0	0
D3751.contig1861	318	0	0
D3751.contig1862	318	0	0
D3751.contig1863	318	0	0
D3751.contig1864	318	0	0
D3751.contig1865	318	0	0
D3751.contig1866	317	0	0
D3751.contig1867	317	0	0
D3751.contig1868	317	0	0
D3751.contig1869	317	0	0
D3751.contig1870	317	0	0
D3751.contig1871	316	0	0
D3751.contig1872	316	0	0
D3751.contig1873	316	0	0
D3751.contig1874	316	0	0
D3751.contig1875	316	0	0
D3751.contig1876	316	0	0
D3751.contig1877	316	0	0
D3751.contig1878	316	0	0
D3751.contig1879	315	0	0
D3751.contig1880	315	0	0
D3751.contig1881	315	0	0
D3751.contig1882	315	0	0
D3751.contig1883	315	0	0
D3751.contig1884	315	0	0
D3751.contig1885	315	0	0
D3751.contig1886	315	0	0
D3751.contig1887	315	0	0
D3751.contig1888	315	0	0
D3751.contig1889	315	0	0
D3751.contig1890	315	0	0
D3751.contig1891	314	762	466
D3751.contig1892	314	0	0
D3751.contig1893	314	0	0
D3751.contig1894	314	0	0
D3751.contig1895	314	0	0
D3751.contig1896	313	0	0
D3751.contig1897	313	0	0
D3751.contig1898	313	0	0
D3751.contig1899	313	0	0
D3751.contig1900	313	1	1
D3751.contig1901	313	0	0
D3751.contig1902	313	0	0
D3751.contig1903	313	0	0
D3751.contig1904	312	0	0
D3751.contig1905	312	0	0
D3751.contig1906	312	0	0
D3751.contig1907	312	0	0
D3751.contig1908	311	0	0
D3751.contig1909	311	0	0
D3751.contig1910	311	1	1
D3751.contig1911	311	0	0
D3751.contig1912	311	269	192
D3751.contig1913	311	0	0
D3751.contig1914	311	0	0
D3751.contig1915	310	0	0
D3751.contig1916	310	0	0
D3751.contig1917	310	0	0
D3751.contig1918	310	0	0
D3751.contig1919	310	0	0
D3751.contig1920	310	0	0
D3751.contig1921	310	0	0
D3751.contig1922	309	0	0
D3751.contig1923	309	0	0
D3751.contig1924	309	0	0
D3751.contig1925	309	0	0
D3751.contig1926	309	14	11
D3751.contig1927	309	0	0
D3751.contig1928	308	0	0
D3751.contig1929	308	0	0
D3751.contig1930	308	0	0
D3751.contig1931	308	0	0
D3751.contig1932	308	0	0
D3751.contig1933	308	0	0
D3751.contig1934	308	0	0
D3751.contig1935	307	0	0
D3751.contig1936	306	0	0
D3751.contig1937	306	0	0
D3751.contig1938	306	1	1
D3751.contig1939	306	0	0
D3751.contig1940	306	0	0
D3751.contig1941	305	0	0
D3751.contig1942	305	0	0
D3751.contig1943	305	0	0
D3751.contig1944	305	0	0
D3751.contig1945	305	0	0
D3751.contig1946	305	0	0
D3751.contig1947	305	0	0
D3751.contig1948	305	0	0
D3751.contig1949	304	0	0
D3751.contig1950	304	0	0
D3751.contig1951	304	0	0
D3751.contig1952	304	118	72
D3751.contig1953	304	0	0
D3751.contig1954	303	0	0
D3751.contig1955	303	0	0
D3751.contig1956	303	0	0
D3751.contig1957	303	0	0
D3751.contig1958	302	0	0
D3751.contig1959	302	0	0
D3751.contig1960	302	0	0
D3751.contig1961	302	0	0
D3751.contig1962	302	0	0
D3751.contig1963	302	0	0
D3751.contig1964	302	0	0
D3751.contig1965	302	0	0
D3751.contig1966	302	784	655
D3751.contig1967	302	0	0
D3751.contig1968	301	0	0
D3751.contig1969	301	0	0
D3751.contig1970	301	0	0
D3751.contig1971	301	0	0
D3751.contig1972	301	0	0
D3751.contig1973	301	0	0
D3751.contig1974	301	0	0
D3751.contig1975	301	0	0
D3751.contig1976	301	0	0
D3751.contig1977	301	0	0
D3751.contig1978	301	0	0
D3751.contig1979	301	0	0
D3751.contig1980	300	0	0
D3751.contig1981	300	0	0
D3751.contig1982	300	0	0
D3751.contig1983	300	23	10
D3751.contig1984	300	0	0
D3751.contig1985	300	16452	13671
D3751.contig1986	300	0	0
*	0	0	89690518
