D3400.contig1	49298	96	61
D3400.contig2	49114	1089554	86995
D3400.contig3	33708	0	0
D3400.contig4	29115	38	10
D3400.contig5	28534	96	92
D3400.contig6	28465	23584	510
D3400.contig7	28233	181	15
D3400.contig8	26034	0	0
D3400.contig9	25841	8	6
D3400.contig10	25789	0	0
D3400.contig11	25742	62	2
D3400.contig12	23867	191	25
D3400.contig13	21802	11	9
D3400.contig14	21669	227	111
D3400.contig15	21515	232	20
D3400.contig16	21300	145	8
D3400.contig17	20783	155	23
D3400.contig18	20744	2	2
D3400.contig19	20642	2	2
D3400.contig20	19992	10642	435
D3400.contig21	19843	1	1
D3400.contig22	19732	99430	3900
D3400.contig23	18992	36	6
D3400.contig24	18766	62922	13513
D3400.contig25	18409	82	10
D3400.contig26	17534	1590	57
D3400.contig27	17342	7277	1208
D3400.contig28	17036	0	0
D3400.contig29	16185	715788	83757
D3400.contig30	16090	0	0
D3400.contig31	16077	1074	207
D3400.contig32	15436	53	43
D3400.contig33	15214	26	2
D3400.contig34	15135	22916	475
D3400.contig35	14936	51177	546
D3400.contig36	14865	33	1
D3400.contig37	14217	0	0
D3400.contig38	14033	2	0
D3400.contig39	13483	2	0
D3400.contig40	13119	6	0
D3400.contig41	13070	18	7
D3400.contig42	12999	0	0
D3400.contig43	12823	0	0
D3400.contig44	12710	0	0
D3400.contig45	12431	77	9
D3400.contig46	12305	6	4
D3400.contig47	12150	0	0
D3400.contig48	12115	0	0
D3400.contig49	12108	2	0
D3400.contig50	11680	0	0
D3400.contig51	11534	0	0
D3400.contig52	11481	1	1
D3400.contig53	11462	1420	24
D3400.contig54	11428	0	0
D3400.contig55	11304	1647	74
D3400.contig56	11168	83	57
D3400.contig57	11054	56439	2475
D3400.contig58	10711	7496	262
D3400.contig59	10689	1	1
D3400.contig60	10202	0	0
D3400.contig61	9731	4	0
D3400.contig62	9292	0	0
D3400.contig63	9244	85	15
D3400.contig64	9118	2	0
D3400.contig65	9065	0	0
D3400.contig66	9056	0	0
D3400.contig67	9017	69	15
D3400.contig68	8730	6	0
D3400.contig69	8636	0	0
D3400.contig70	8590	21	1
D3400.contig71	8585	1122	313
D3400.contig72	8442	0	0
D3400.contig73	8394	0	0
D3400.contig74	8387	85	9
D3400.contig75	8297	48	27
D3400.contig76	8282	0	0
D3400.contig77	8248	75391	2378
D3400.contig78	8207	525	20
D3400.contig79	7987	8	8
D3400.contig80	7948	0	0
D3400.contig81	7682	2273	58
D3400.contig82	7581	8991	5406
D3400.contig83	7520	109	17
D3400.contig84	7482	0	0
D3400.contig85	7266	42622	7135
D3400.contig86	7165	3	3
D3400.contig87	7124	9925	247
D3400.contig88	7006	0	0
D3400.contig89	6975	0	0
D3400.contig90	6820	42	2
D3400.contig91	6797	1	1
D3400.contig92	6501	0	0
D3400.contig93	6482	1436	222
D3400.contig94	6460	2	2
D3400.contig95	6246	0	0
D3400.contig96	6240	7822	771
D3400.contig97	6204	0	0
D3400.contig98	6088	23	7
D3400.contig99	5914	355	26
D3400.contig100	5896	0	0
D3400.contig101	5878	0	0
D3400.contig102	5859	1	1
D3400.contig103	5857	0	0
D3400.contig104	5839	0	0
D3400.contig105	5665	0	0
D3400.contig106	5558	21	3
D3400.contig107	5555	1	1
D3400.contig108	5506	0	0
D3400.contig109	5392	2694	490
D3400.contig110	5381	17	1
D3400.contig111	5377	8113	5467
D3400.contig112	5370	1	1
D3400.contig113	5300	24	7
D3400.contig114	5218	5	3
D3400.contig115	5136	0	0
D3400.contig116	5127	0	0
D3400.contig117	5105	14	0
D3400.contig118	5013	0	0
D3400.contig119	4909	0	0
D3400.contig120	4881	0	0
D3400.contig121	4711	0	0
D3400.contig122	4692	1	1
D3400.contig123	4666	2	0
D3400.contig124	4648	2	0
D3400.contig125	4595	0	0
D3400.contig126	4582	9	0
D3400.contig127	4469	0	0
D3400.contig128	4422	1	1
D3400.contig129	4399	0	0
D3400.contig130	4370	280	67
D3400.contig131	4296	7938	354
D3400.contig132	4280	0	0
D3400.contig133	4273	72	2
D3400.contig134	4254	12	2
D3400.contig135	4234	0	0
D3400.contig136	4223	13	5
D3400.contig137	4123	0	0
D3400.contig138	4097	0	0
D3400.contig139	3969	0	0
D3400.contig140	3919	0	0
D3400.contig141	3918	1987	184
D3400.contig142	3893	1619	248
D3400.contig143	3856	0	0
D3400.contig144	3833	1046697	189139
D3400.contig145	3824	0	0
D3400.contig146	3817	0	0
D3400.contig147	3790	120967	22567
D3400.contig148	3774	136	7
D3400.contig149	3748	0	0
D3400.contig150	3734	0	0
D3400.contig151	3707	0	0
D3400.contig152	3703	0	0
D3400.contig153	3686	0	0
D3400.contig154	3680	0	0
D3400.contig155	3640	0	0
D3400.contig156	3626	0	0
D3400.contig157	3578	4	0
D3400.contig158	3559	0	0
D3400.contig159	3473	1	1
D3400.contig160	3468	2	0
D3400.contig161	3466	2	0
D3400.contig162	3452	0	0
D3400.contig163	3338	5	3
D3400.contig164	3282	2	2
D3400.contig165	3255	76	2
D3400.contig166	3244	32	1
D3400.contig167	3196	1	1
D3400.contig168	3192	11	5
D3400.contig169	3167	45	10
D3400.contig170	3143	11	1
D3400.contig171	3055	0	0
D3400.contig172	3010	11	0
D3400.contig173	3009	0	0
D3400.contig174	2993	0	0
D3400.contig175	2974	0	0
D3400.contig176	2970	0	0
D3400.contig177	2928	0	0
D3400.contig178	2879	25	1
D3400.contig179	2873	32	2
D3400.contig180	2830	68	2
D3400.contig181	2810	0	0
D3400.contig182	2775	0	0
D3400.contig183	2748	0	0
D3400.contig184	2721	2	0
D3400.contig185	2681	9	5
D3400.contig186	2647	5233	341
D3400.contig187	2613	101	6
D3400.contig188	2602	0	0
D3400.contig189	2596	0	0
D3400.contig190	2583	1	1
D3400.contig191	2569	0	0
D3400.contig192	2562	0	0
D3400.contig193	2560	0	0
D3400.contig194	2555	0	0
D3400.contig195	2545	0	0
D3400.contig196	2536	0	0
D3400.contig197	2506	0	0
D3400.contig198	2464	0	0
D3400.contig199	2414	0	0
D3400.contig200	2406	0	0
D3400.contig201	2381	0	0
D3400.contig202	2367	5502	191
D3400.contig203	2340	0	0
D3400.contig204	2327	0	0
D3400.contig205	2311	0	0
D3400.contig206	2303	378	28
D3400.contig207	2298	0	0
D3400.contig208	2281	0	0
D3400.contig209	2279	0	0
D3400.contig210	2274	0	0
D3400.contig211	2269	2	0
D3400.contig212	2242	0	0
D3400.contig213	2242	0	0
D3400.contig214	2242	0	0
D3400.contig215	2221	0	0
D3400.contig216	2218	0	0
D3400.contig217	2196	2	0
D3400.contig218	2193	0	0
D3400.contig219	2193	0	0
D3400.contig220	2175	0	0
D3400.contig221	2171	0	0
D3400.contig222	2165	3	1
D3400.contig223	2164	0	0
D3400.contig224	2155	45	24
D3400.contig225	2151	0	0
D3400.contig226	2150	2398	54
D3400.contig227	2148	440	119
D3400.contig228	2136	973	29
D3400.contig229	2129	0	0
D3400.contig230	2100	0	0
D3400.contig231	2099	0	0
D3400.contig232	2077	0	0
D3400.contig233	2053	0	0
D3400.contig234	2038	0	0
D3400.contig235	2037	0	0
D3400.contig236	2008	5	4
D3400.contig237	2004	0	0
D3400.contig238	1986	0	0
D3400.contig239	1973	0	0
D3400.contig240	1966	0	0
D3400.contig241	1962	0	0
D3400.contig242	1911	0	0
D3400.contig243	1908	0	0
D3400.contig244	1903	15138	214
D3400.contig245	1890	160	18
D3400.contig246	1848	0	0
D3400.contig247	1817	0	0
D3400.contig248	1810	1	1
D3400.contig249	1804	878	73
D3400.contig250	1793	0	0
D3400.contig251	1784	0	0
D3400.contig252	1784	36	5
D3400.contig253	1775	3132	384
D3400.contig254	1753	0	0
D3400.contig255	1749	48	12
D3400.contig256	1733	0	0
D3400.contig257	1719	12	2
D3400.contig258	1713	65	7
D3400.contig259	1693	2	2
D3400.contig260	1690	0	0
D3400.contig261	1690	0	0
D3400.contig262	1688	0	0
D3400.contig263	1680	0	0
D3400.contig264	1666	0	0
D3400.contig265	1664	0	0
D3400.contig266	1657	3	1
D3400.contig267	1649	0	0
D3400.contig268	1618	113	21
D3400.contig269	1599	0	0
D3400.contig270	1573	0	0
D3400.contig271	1571	7	0
D3400.contig272	1558	0	0
D3400.contig273	1555	86	14
D3400.contig274	1546	0	0
D3400.contig275	1537	0	0
D3400.contig276	1536	0	0
D3400.contig277	1536	0	0
D3400.contig278	1527	0	0
D3400.contig279	1525	5516	96
D3400.contig280	1520	0	0
D3400.contig281	1520	0	0
D3400.contig282	1516	0	0
D3400.contig283	1512	4	0
D3400.contig284	1471	0	0
D3400.contig285	1470	0	0
D3400.contig286	1462	0	0
D3400.contig287	1456	0	0
D3400.contig288	1443	1311	72
D3400.contig289	1426	0	0
D3400.contig290	1424	0	0
D3400.contig291	1419	10018	786
D3400.contig292	1400	0	0
D3400.contig293	1400	0	0
D3400.contig294	1399	0	0
D3400.contig295	1399	0	0
D3400.contig296	1397	13	3
D3400.contig297	1392	10	1
D3400.contig298	1392	182	52
D3400.contig299	1383	0	0
D3400.contig300	1356	0	0
D3400.contig301	1335	0	0
D3400.contig302	1315	0	0
D3400.contig303	1312	22	3
D3400.contig304	1309	0	0
D3400.contig305	1308	0	0
D3400.contig306	1296	0	0
D3400.contig307	1295	0	0
D3400.contig308	1291	0	0
D3400.contig309	1283	0	0
D3400.contig310	1273	1	1
D3400.contig311	1273	0	0
D3400.contig312	1257	0	0
D3400.contig313	1243	3	0
D3400.contig314	1239	0	0
D3400.contig315	1206	0	0
D3400.contig316	1202	0	0
D3400.contig317	1200	266	190
D3400.contig318	1198	20	2
D3400.contig319	1192	0	0
D3400.contig320	1176	0	0
D3400.contig321	1171	0	0
D3400.contig322	1169	0	0
D3400.contig323	1155	0	0
D3400.contig324	1130	0	0
D3400.contig325	1129	65	10
D3400.contig326	1112	0	0
D3400.contig327	1108	0	0
D3400.contig328	1104	0	0
D3400.contig329	1101	0	0
D3400.contig330	1096	7	1
D3400.contig331	1094	0	0
D3400.contig332	1086	0	0
D3400.contig333	1086	0	0
D3400.contig334	1083	0	0
D3400.contig335	1083	0	0
D3400.contig336	1067	4151	1025
D3400.contig337	1064	0	0
D3400.contig338	1061	0	0
D3400.contig339	1058	0	0
D3400.contig340	1053	0	0
D3400.contig341	1050	0	0
D3400.contig342	1046	0	0
D3400.contig343	1044	0	0
D3400.contig344	1039	0	0
D3400.contig345	1037	136	42
D3400.contig346	1035	0	0
D3400.contig347	1034	17	0
D3400.contig348	1032	1	0
D3400.contig349	1030	404	38
D3400.contig350	1030	41	1
D3400.contig351	1028	321	39
D3400.contig352	1027	0	0
D3400.contig353	1025	0	0
D3400.contig354	1025	921	186
D3400.contig355	1024	0	0
D3400.contig356	1019	0	0
D3400.contig357	1014	1	1
D3400.contig358	1010	0	0
D3400.contig359	1007	0	0
D3400.contig360	1003	0	0
D3400.contig361	999	0	0
D3400.contig362	994	0	0
D3400.contig363	981	0	0
D3400.contig364	981	0	0
D3400.contig365	979	0	0
D3400.contig366	970	3	0
D3400.contig367	967	13	1
D3400.contig368	963	0	0
D3400.contig369	956	0	0
D3400.contig370	955	0	0
D3400.contig371	951	0	0
D3400.contig372	950	35	3
D3400.contig373	946	0	0
D3400.contig374	939	2	2
D3400.contig375	933	0	0
D3400.contig376	932	21	2
D3400.contig377	932	25	4
D3400.contig378	928	0	0
D3400.contig379	927	748	85
D3400.contig380	925	0	0
D3400.contig381	922	2	0
D3400.contig382	921	0	0
D3400.contig383	921	4	0
D3400.contig384	918	0	0
D3400.contig385	912	0	0
D3400.contig386	912	0	0
D3400.contig387	909	0	0
D3400.contig388	898	49	16
D3400.contig389	897	31	2
D3400.contig390	897	46	10
D3400.contig391	896	46	35
D3400.contig392	892	0	0
D3400.contig393	890	1	1
D3400.contig394	887	0	0
D3400.contig395	885	0	0
D3400.contig396	872	4	0
D3400.contig397	871	0	0
D3400.contig398	870	0	0
D3400.contig399	868	1	1
D3400.contig400	863	0	0
D3400.contig401	861	0	0
D3400.contig402	861	35	0
D3400.contig403	858	0	0
D3400.contig404	855	0	0
D3400.contig405	852	0	0
D3400.contig406	847	19	2
D3400.contig407	844	0	0
D3400.contig408	844	0	0
D3400.contig409	844	483	134
D3400.contig410	844	0	0
D3400.contig411	843	0	0
D3400.contig412	842	0	0
D3400.contig413	840	0	0
D3400.contig414	839	0	0
D3400.contig415	838	11	3
D3400.contig416	835	0	0
D3400.contig417	834	0	0
D3400.contig418	831	0	0
D3400.contig419	830	0	0
D3400.contig420	826	0	0
D3400.contig421	824	0	0
D3400.contig422	823	1	1
D3400.contig423	822	0	0
D3400.contig424	819	0	0
D3400.contig425	814	3635	742
D3400.contig426	808	2	2
D3400.contig427	807	0	0
D3400.contig428	806	0	0
D3400.contig429	805	0	0
D3400.contig430	805	0	0
D3400.contig431	804	0	0
D3400.contig432	797	22	7
D3400.contig433	794	6	0
D3400.contig434	783	4	0
D3400.contig435	781	0	0
D3400.contig436	781	2	2
D3400.contig437	778	7	1
D3400.contig438	777	0	0
D3400.contig439	774	0	0
D3400.contig440	773	0	0
D3400.contig441	768	0	0
D3400.contig442	765	0	0
D3400.contig443	763	0	0
D3400.contig444	762	0	0
D3400.contig445	757	0	0
D3400.contig446	755	0	0
D3400.contig447	755	43	4
D3400.contig448	749	0	0
D3400.contig449	748	0	0
D3400.contig450	748	0	0
D3400.contig451	747	0	0
D3400.contig452	745	0	0
D3400.contig453	744	0	0
D3400.contig454	743	0	0
D3400.contig455	742	0	0
D3400.contig456	738	0	0
D3400.contig457	735	0	0
D3400.contig458	735	0	0
D3400.contig459	733	0	0
D3400.contig460	730	6	4
D3400.contig461	730	0	0
D3400.contig462	729	0	0
D3400.contig463	728	1	0
D3400.contig464	727	0	0
D3400.contig465	727	12	5
D3400.contig466	724	0	0
D3400.contig467	723	0	0
D3400.contig468	716	0	0
D3400.contig469	716	0	0
D3400.contig470	716	4	3
D3400.contig471	716	0	0
D3400.contig472	714	1561	233
D3400.contig473	711	0	0
D3400.contig474	709	0	0
D3400.contig475	708	7	1
D3400.contig476	708	0	0
D3400.contig477	704	0	0
D3400.contig478	702	0	0
D3400.contig479	702	1	1
D3400.contig480	701	0	0
D3400.contig481	699	0	0
D3400.contig482	697	0	0
D3400.contig483	696	0	0
D3400.contig484	692	2	0
D3400.contig485	690	30	20
D3400.contig486	690	0	0
D3400.contig487	686	0	0
D3400.contig488	685	0	0
D3400.contig489	681	0	0
D3400.contig490	680	0	0
D3400.contig491	679	0	0
D3400.contig492	679	0	0
D3400.contig493	679	0	0
D3400.contig494	677	0	0
D3400.contig495	676	0	0
D3400.contig496	676	0	0
D3400.contig497	675	0	0
D3400.contig498	674	0	0
D3400.contig499	670	70	27
D3400.contig500	666	0	0
D3400.contig501	663	0	0
D3400.contig502	663	0	0
D3400.contig503	663	708	242
D3400.contig504	660	0	0
D3400.contig505	660	448	156
D3400.contig506	660	0	0
D3400.contig507	655	2	1
D3400.contig508	654	11	3
D3400.contig509	654	1	1
D3400.contig510	653	0	0
D3400.contig511	648	1	1
D3400.contig512	647	0	0
D3400.contig513	647	0	0
D3400.contig514	647	13	4
D3400.contig515	645	0	0
D3400.contig516	645	0	0
D3400.contig517	643	0	0
D3400.contig518	635	0	0
D3400.contig519	633	0	0
D3400.contig520	632	0	0
D3400.contig521	631	236	61
D3400.contig522	630	0	0
D3400.contig523	627	6	4
D3400.contig524	623	0	0
D3400.contig525	622	23	6
D3400.contig526	618	2	2
D3400.contig527	617	0	0
D3400.contig528	616	0	0
D3400.contig529	616	0	0
D3400.contig530	616	0	0
D3400.contig531	616	0	0
D3400.contig532	615	7	3
D3400.contig533	614	0	0
D3400.contig534	611	1	1
D3400.contig535	611	421	3
D3400.contig536	610	0	0
D3400.contig537	609	0	0
D3400.contig538	598	0	0
D3400.contig539	596	0	0
D3400.contig540	588	0	0
D3400.contig541	587	0	0
D3400.contig542	587	0	0
D3400.contig543	581	0	0
D3400.contig544	580	8	5
D3400.contig545	579	0	0
D3400.contig546	579	0	0
D3400.contig547	579	0	0
D3400.contig548	579	11	5
D3400.contig549	574	0	0
D3400.contig550	573	0	0
D3400.contig551	573	1	1
D3400.contig552	571	0	0
D3400.contig553	571	0	0
D3400.contig554	571	0	0
D3400.contig555	569	0	0
D3400.contig556	569	0	0
D3400.contig557	568	15	10
D3400.contig558	566	0	0
D3400.contig559	565	6	0
D3400.contig560	564	0	0
D3400.contig561	563	0	0
D3400.contig562	562	1038	343
D3400.contig563	561	0	0
D3400.contig564	559	0	0
D3400.contig565	558	0	0
D3400.contig566	557	17	0
D3400.contig567	556	0	0
D3400.contig568	554	2	2
D3400.contig569	553	0	0
D3400.contig570	552	0	0
D3400.contig571	552	0	0
D3400.contig572	549	0	0
D3400.contig573	548	0	0
D3400.contig574	547	10	10
D3400.contig575	547	0	0
D3400.contig576	546	0	0
D3400.contig577	546	0	0
D3400.contig578	546	471	70
D3400.contig579	545	0	0
D3400.contig580	542	0	0
D3400.contig581	541	0	0
D3400.contig582	537	295	96
D3400.contig583	537	0	0
D3400.contig584	534	0	0
D3400.contig585	533	0	0
D3400.contig586	533	4	2
D3400.contig587	533	0	0
D3400.contig588	533	0	0
D3400.contig589	532	0	0
D3400.contig590	532	0	0
D3400.contig591	531	0	0
D3400.contig592	531	2	0
D3400.contig593	531	25	24
D3400.contig594	530	0	0
D3400.contig595	530	0	0
D3400.contig596	527	0	0
D3400.contig597	527	849	134
D3400.contig598	526	0	0
D3400.contig599	524	390	242
D3400.contig600	522	841	388
D3400.contig601	522	223	93
D3400.contig602	520	0	0
D3400.contig603	517	14	7
D3400.contig604	517	0	0
D3400.contig605	517	0	0
D3400.contig606	517	0	0
D3400.contig607	516	0	0
D3400.contig608	515	0	0
D3400.contig609	514	0	0
D3400.contig610	514	0	0
D3400.contig611	513	0	0
D3400.contig612	512	0	0
D3400.contig613	511	0	0
D3400.contig614	511	19	4
D3400.contig615	510	0	0
D3400.contig616	510	0	0
D3400.contig617	509	0	0
D3400.contig618	507	20	14
D3400.contig619	506	0	0
D3400.contig620	505	27	7
D3400.contig621	504	0	0
D3400.contig622	504	0	0
D3400.contig623	504	0	0
D3400.contig624	503	0	0
D3400.contig625	503	0	0
D3400.contig626	503	0	0
D3400.contig627	503	0	0
D3400.contig628	502	0	0
D3400.contig629	501	0	0
D3400.contig630	500	2	0
D3400.contig631	498	0	0
D3400.contig632	497	0	0
D3400.contig633	497	755	463
D3400.contig634	496	2	2
D3400.contig635	496	0	0
D3400.contig636	496	1	1
D3400.contig637	496	6	4
D3400.contig638	495	0	0
D3400.contig639	495	0	0
D3400.contig640	494	0	0
D3400.contig641	493	108	22
D3400.contig642	493	6	6
D3400.contig643	491	0	0
D3400.contig644	489	0	0
D3400.contig645	488	227	118
D3400.contig646	487	0	0
D3400.contig647	487	0	0
D3400.contig648	486	0	0
D3400.contig649	486	5	1
D3400.contig650	486	0	0
D3400.contig651	486	0	0
D3400.contig652	485	0	0
D3400.contig653	482	0	0
D3400.contig654	480	0	0
D3400.contig655	480	23012	5074
D3400.contig656	478	0	0
D3400.contig657	477	0	0
D3400.contig658	474	0	0
D3400.contig659	473	21	12
D3400.contig660	472	0	0
D3400.contig661	471	0	0
D3400.contig662	469	785	443
D3400.contig663	468	0	0
D3400.contig664	467	0	0
D3400.contig665	466	0	0
D3400.contig666	465	2	0
D3400.contig667	465	0	0
D3400.contig668	463	0	0
D3400.contig669	463	3	0
D3400.contig670	463	0	0
D3400.contig671	462	0	0
D3400.contig672	461	0	0
D3400.contig673	460	0	0
D3400.contig674	459	0	0
D3400.contig675	457	0	0
D3400.contig676	456	0	0
D3400.contig677	455	0	0
D3400.contig678	455	0	0
D3400.contig679	453	0	0
D3400.contig680	453	0	0
D3400.contig681	453	0	0
D3400.contig682	452	0	0
D3400.contig683	451	0	0
D3400.contig684	450	0	0
D3400.contig685	448	12	12
D3400.contig686	448	2	0
D3400.contig687	447	7	2
D3400.contig688	446	0	0
D3400.contig689	445	2	0
D3400.contig690	443	0	0
D3400.contig691	442	0	0
D3400.contig692	442	0	0
D3400.contig693	441	0	0
D3400.contig694	440	0	0
D3400.contig695	440	0	0
D3400.contig696	440	0	0
D3400.contig697	440	0	0
D3400.contig698	439	0	0
D3400.contig699	439	4	0
D3400.contig700	439	1	1
D3400.contig701	439	0	0
D3400.contig702	439	1	1
D3400.contig703	436	0	0
D3400.contig704	435	0	0
D3400.contig705	435	0	0
D3400.contig706	434	0	0
D3400.contig707	434	0	0
D3400.contig708	433	0	0
D3400.contig709	433	6	4
D3400.contig710	432	0	0
D3400.contig711	430	0	0
D3400.contig712	429	2	2
D3400.contig713	428	0	0
D3400.contig714	426	0	0
D3400.contig715	426	0	0
D3400.contig716	426	0	0
D3400.contig717	426	2	1
D3400.contig718	426	3	1
D3400.contig719	426	3	1
D3400.contig720	425	0	0
D3400.contig721	424	0	0
D3400.contig722	423	5	1
D3400.contig723	422	0	0
D3400.contig724	420	1	1
D3400.contig725	419	0	0
D3400.contig726	418	0	0
D3400.contig727	418	0	0
D3400.contig728	417	0	0
D3400.contig729	415	0	0
D3400.contig730	415	0	0
D3400.contig731	414	9	6
D3400.contig732	413	0	0
D3400.contig733	413	0	0
D3400.contig734	412	0	0
D3400.contig735	411	0	0
D3400.contig736	411	0	0
D3400.contig737	411	9	5
D3400.contig738	411	0	0
D3400.contig739	410	0	0
D3400.contig740	409	0	0
D3400.contig741	408	0	0
D3400.contig742	408	11	0
D3400.contig743	407	0	0
D3400.contig744	405	5	1
D3400.contig745	404	0	0
D3400.contig746	404	291	152
D3400.contig747	404	0	0
D3400.contig748	403	2	0
D3400.contig749	403	0	0
D3400.contig750	402	442	212
D3400.contig751	402	1	1
D3400.contig752	402	308	178
D3400.contig753	402	6	4
D3400.contig754	402	0	0
D3400.contig755	402	0	0
D3400.contig756	401	0	0
D3400.contig757	400	0	0
D3400.contig758	400	0	0
D3400.contig759	398	2	0
D3400.contig760	398	0	0
D3400.contig761	398	0	0
D3400.contig762	398	0	0
D3400.contig763	397	26	18
D3400.contig764	396	0	0
D3400.contig765	396	0	0
D3400.contig766	395	84	45
D3400.contig767	394	0	0
D3400.contig768	394	0	0
D3400.contig769	393	0	0
D3400.contig770	393	0	0
D3400.contig771	392	0	0
D3400.contig772	391	0	0
D3400.contig773	388	17	13
D3400.contig774	388	19	4
D3400.contig775	387	2	0
D3400.contig776	386	14	4
D3400.contig777	385	89	6
D3400.contig778	385	0	0
D3400.contig779	385	32	22
D3400.contig780	384	0	0
D3400.contig781	384	0	0
D3400.contig782	383	0	0
D3400.contig783	383	0	0
D3400.contig784	383	0	0
D3400.contig785	383	0	0
D3400.contig786	383	0	0
D3400.contig787	382	0	0
D3400.contig788	382	2	0
D3400.contig789	379	0	0
D3400.contig790	379	10	6
D3400.contig791	379	0	0
D3400.contig792	379	0	0
D3400.contig793	378	0	0
D3400.contig794	378	0	0
D3400.contig795	378	0	0
D3400.contig796	377	0	0
D3400.contig797	377	0	0
D3400.contig798	376	0	0
D3400.contig799	376	5	2
D3400.contig800	374	0	0
D3400.contig801	374	0	0
D3400.contig802	374	10	8
D3400.contig803	374	0	0
D3400.contig804	374	2	2
D3400.contig805	373	0	0
D3400.contig806	372	1	0
D3400.contig807	372	0	0
D3400.contig808	370	0	0
D3400.contig809	370	0	0
D3400.contig810	370	0	0
D3400.contig811	369	0	0
D3400.contig812	369	17	3
D3400.contig813	369	0	0
D3400.contig814	369	0	0
D3400.contig815	368	0	0
D3400.contig816	368	3	1
D3400.contig817	368	0	0
D3400.contig818	367	8	7
D3400.contig819	367	0	0
D3400.contig820	367	4	2
D3400.contig821	366	0	0
D3400.contig822	366	0	0
D3400.contig823	364	0	0
D3400.contig824	364	18	8
D3400.contig825	363	0	0
D3400.contig826	363	1	1
D3400.contig827	363	0	0
D3400.contig828	363	0	0
D3400.contig829	362	9	5
D3400.contig830	362	0	0
D3400.contig831	362	0	0
D3400.contig832	361	0	0
D3400.contig833	361	1	0
D3400.contig834	360	0	0
D3400.contig835	360	0	0
D3400.contig836	359	0	0
D3400.contig837	358	9	5
D3400.contig838	358	0	0
D3400.contig839	357	0	0
D3400.contig840	357	19	10
D3400.contig841	356	0	0
D3400.contig842	355	0	0
D3400.contig843	355	0	0
D3400.contig844	354	0	0
D3400.contig845	354	0	0
D3400.contig846	354	0	0
D3400.contig847	353	0	0
D3400.contig848	353	2	0
D3400.contig849	353	0	0
D3400.contig850	353	2	2
D3400.contig851	352	0	0
D3400.contig852	351	0	0
D3400.contig853	351	0	0
D3400.contig854	350	0	0
D3400.contig855	350	0	0
D3400.contig856	350	0	0
D3400.contig857	349	0	0
D3400.contig858	349	0	0
D3400.contig859	349	1	1
D3400.contig860	348	0	0
D3400.contig861	348	2	0
D3400.contig862	347	0	0
D3400.contig863	347	1	1
D3400.contig864	346	0	0
D3400.contig865	346	0	0
D3400.contig866	346	4	4
D3400.contig867	346	0	0
D3400.contig868	346	0	0
D3400.contig869	346	0	0
D3400.contig870	346	0	0
D3400.contig871	345	0	0
D3400.contig872	345	0	0
D3400.contig873	345	0	0
D3400.contig874	345	0	0
D3400.contig875	345	1	1
D3400.contig876	345	1	1
D3400.contig877	344	6	5
D3400.contig878	344	0	0
D3400.contig879	343	0	0
D3400.contig880	342	0	0
D3400.contig881	342	0	0
D3400.contig882	342	0	0
D3400.contig883	342	1	1
D3400.contig884	342	11	7
D3400.contig885	342	0	0
D3400.contig886	341	0	0
D3400.contig887	341	1	1
D3400.contig888	341	0	0
D3400.contig889	340	0	0
D3400.contig890	340	0	0
D3400.contig891	340	3	3
D3400.contig892	340	23	15
D3400.contig893	339	0	0
D3400.contig894	339	0	0
D3400.contig895	337	0	0
D3400.contig896	337	0	0
D3400.contig897	337	0	0
D3400.contig898	337	0	0
D3400.contig899	336	59	33
D3400.contig900	336	0	0
D3400.contig901	336	0	0
D3400.contig902	336	2	0
D3400.contig903	336	0	0
D3400.contig904	336	1	1
D3400.contig905	336	0	0
D3400.contig906	335	0	0
D3400.contig907	335	0	0
D3400.contig908	335	0	0
D3400.contig909	335	0	0
D3400.contig910	334	8	8
D3400.contig911	334	0	0
D3400.contig912	334	0	0
D3400.contig913	334	0	0
D3400.contig914	334	0	0
D3400.contig915	334	23	13
D3400.contig916	333	0	0
D3400.contig917	333	0	0
D3400.contig918	332	0	0
D3400.contig919	331	0	0
D3400.contig920	331	0	0
D3400.contig921	331	7	7
D3400.contig922	331	1	1
D3400.contig923	330	0	0
D3400.contig924	329	5	5
D3400.contig925	329	0	0
D3400.contig926	329	0	0
D3400.contig927	329	0	0
D3400.contig928	328	0	0
D3400.contig929	328	0	0
D3400.contig930	328	0	0
D3400.contig931	327	0	0
D3400.contig932	327	0	0
D3400.contig933	327	2	0
D3400.contig934	326	0	0
D3400.contig935	326	0	0
D3400.contig936	326	0	0
D3400.contig937	326	4	4
D3400.contig938	325	0	0
D3400.contig939	325	0	0
D3400.contig940	324	2	2
D3400.contig941	323	0	0
D3400.contig942	323	0	0
D3400.contig943	323	0	0
D3400.contig944	323	0	0
D3400.contig945	323	0	0
D3400.contig946	323	0	0
D3400.contig947	322	356	196
D3400.contig948	322	1	1
D3400.contig949	322	0	0
D3400.contig950	322	0	0
D3400.contig951	321	0	0
D3400.contig952	320	0	0
D3400.contig953	318	0	0
D3400.contig954	318	0	0
D3400.contig955	318	0	0
D3400.contig956	318	0	0
D3400.contig957	318	0	0
D3400.contig958	318	1	1
D3400.contig959	317	4	2
D3400.contig960	317	0	0
D3400.contig961	317	0	0
D3400.contig962	317	0	0
D3400.contig963	317	0	0
D3400.contig964	316	0	0
D3400.contig965	316	0	0
D3400.contig966	315	14	7
D3400.contig967	315	0	0
D3400.contig968	315	0	0
D3400.contig969	313	2	0
D3400.contig970	313	0	0
D3400.contig971	312	0	0
D3400.contig972	312	0	0
D3400.contig973	311	0	0
D3400.contig974	311	0	0
D3400.contig975	310	0	0
D3400.contig976	310	0	0
D3400.contig977	310	1	1
D3400.contig978	309	0	0
D3400.contig979	309	0	0
D3400.contig980	308	0	0
D3400.contig981	308	0	0
D3400.contig982	308	168	85
D3400.contig983	308	4	2
D3400.contig984	308	0	0
D3400.contig985	307	0	0
D3400.contig986	307	0	0
D3400.contig987	307	0	0
D3400.contig988	306	0	0
D3400.contig989	306	0	0
D3400.contig990	306	0	0
D3400.contig991	306	0	0
D3400.contig992	305	6	6
D3400.contig993	305	0	0
D3400.contig994	305	0	0
D3400.contig995	305	0	0
D3400.contig996	305	0	0
D3400.contig997	305	0	0
D3400.contig998	305	0	0
D3400.contig999	304	0	0
D3400.contig1000	304	0	0
D3400.contig1001	304	2	1
D3400.contig1002	303	0	0
D3400.contig1003	303	0	0
D3400.contig1004	302	2	2
D3400.contig1005	302	0	0
D3400.contig1006	302	2	2
D3400.contig1007	302	1	1
D3400.contig1008	302	0	0
D3400.contig1009	302	0	0
D3400.contig1010	301	0	0
D3400.contig1011	301	0	0
D3400.contig1012	301	0	0
D3400.contig1013	301	0	0
D3400.contig1014	301	4	3
D3400.contig1015	300	0	0
D3400.contig1016	300	0	0
D3400.contig1017	300	0	0
D3400.contig1018	300	0	0
D3400.contig1019	300	0	0
D3400.contig1020	300	0	0
D3400.contig1021	300	0	0
*	0	0	96313074
