R3570.contig1	2903	0	0
R3570.contig2	2849	6	0
R3570.contig3	2224	0	0
R3570.contig4	1136	1537375	504086
R3570.contig5	952	0	0
R3570.contig6	910	163567	24764
R3570.contig7	828	3172262	271175
R3570.contig8	702	15	3
R3570.contig9	665	0	0
R3570.contig10	642	72997	24919
R3570.contig11	639	1870256	279387
R3570.contig12	482	2959	284
R3570.contig13	479	172112	47236
R3570.contig14	471	0	0
R3570.contig15	470	28540	6852
R3570.contig16	463	0	0
R3570.contig17	441	475276	76238
R3570.contig18	416	0	0
R3570.contig19	406	2	1
R3570.contig20	402	0	0
R3570.contig21	390	4529	1161
R3570.contig22	385	8641	2794
R3570.contig23	365	163566	31121
R3570.contig24	362	465	136
R3570.contig25	342	28666	2699
R3570.contig26	331	0	0
R3570.contig27	330	598	56
R3570.contig28	315	0	0
R3570.contig29	304	0	0
*	0	0	18383354
