D3454.contig1	89048	441195	28423
D3454.contig2	42809	18165	1156
D3454.contig3	40298	30734	1174
D3454.contig4	38917	10470	539
D3454.contig5	37309	20163	912
D3454.contig6	36567	18657	1170
D3454.contig7	35583	269303	18461
D3454.contig8	34801	16283	991
D3454.contig9	28322	35932	1751
D3454.contig10	26051	615666	26491
D3454.contig11	24033	49747	2806
D3454.contig12	23428	38071	2084
D3454.contig13	22460	8656	250
D3454.contig14	22058	3911763	237057
D3454.contig15	21108	29850	1636
D3454.contig16	20542	7175	340
D3454.contig17	20223	14601	688
D3454.contig18	17209	44225	2854
D3454.contig19	16954	17512	993
D3454.contig20	15962	149294	5158
D3454.contig21	15216	107116	6244
D3454.contig22	15151	8769	527
D3454.contig23	12793	20527	1469
D3454.contig24	12782	15971	1029
D3454.contig25	10923	1839	131
D3454.contig26	10222	5155	319
D3454.contig27	10202	7626	464
D3454.contig28	9940	2063789	136828
D3454.contig29	9612	2906	203
D3454.contig30	9528	3689	176
D3454.contig31	9520	3070	169
D3454.contig32	9491	2551	107
D3454.contig33	9242	2774	128
D3454.contig34	8876	1653	57
D3454.contig35	8783	28087	1734
D3454.contig36	8589	970	43
D3454.contig37	8481	4273	312
D3454.contig38	8285	800	29
D3454.contig39	8218	902	58
D3454.contig40	8207	1079	49
D3454.contig41	8079	64485	4320
D3454.contig42	8058	983	34
D3454.contig43	7488	871	44
D3454.contig44	7042	1690	89
D3454.contig45	6674	2217	106
D3454.contig46	6379	1161	52
D3454.contig47	6363	1145	49
D3454.contig48	5946	1445	91
D3454.contig49	5885	13772	884
D3454.contig50	5704	830	47
D3454.contig51	5703	1038	52
D3454.contig52	5684	123187	6485
D3454.contig53	5658	939	48
D3454.contig54	5556	1132	61
D3454.contig55	5491	813	34
D3454.contig56	5462	1372	85
D3454.contig57	5435	704	65
D3454.contig58	5390	745	38
D3454.contig59	5223	997	39
D3454.contig60	5188	642	57
D3454.contig61	5155	4540	226
D3454.contig62	5092	775	53
D3454.contig63	5062	901	48
D3454.contig64	5057	528	47
D3454.contig65	4984	707	56
D3454.contig66	4975	139867	5489
D3454.contig67	4953	628	35
D3454.contig68	4944	3645	210
D3454.contig69	4905	679	29
D3454.contig70	4809	6275	416
D3454.contig71	4605	652	36
D3454.contig72	4600	2626	165
D3454.contig73	4512	535	36
D3454.contig74	4480	14328	1031
D3454.contig75	4458	374	21
D3454.contig76	4416	475	26
D3454.contig77	4413	709	51
D3454.contig78	4401	534	31
D3454.contig79	4367	418	32
D3454.contig80	4336	442	23
D3454.contig81	4320	3400	230
D3454.contig82	4118	2041	91
D3454.contig83	4054	1260	102
D3454.contig84	4035	464	29
D3454.contig85	4032	474376	40960
D3454.contig86	4027	536	35
D3454.contig87	3827	716	66
D3454.contig88	3570	406	17
D3454.contig89	3562	556	29
D3454.contig90	3559	377	19
D3454.contig91	3555	464	37
D3454.contig92	3529	386	18
D3454.contig93	3510	697	38
D3454.contig94	3469	373	27
D3454.contig95	3406	349	17
D3454.contig96	3389	1261	75
D3454.contig97	3333	276	28
D3454.contig98	3294	1983	141
D3454.contig99	3271	358	28
D3454.contig100	3260	330	18
D3454.contig101	3247	268	26
D3454.contig102	3195	353	23
D3454.contig103	3122	349	20
D3454.contig104	3068	6033	344
D3454.contig105	2995	285	21
D3454.contig106	2953	379	22
D3454.contig107	2920	2284	228
D3454.contig108	2794	215	10
D3454.contig109	2779	300	27
D3454.contig110	2773	342	21
D3454.contig111	2702	429	36
D3454.contig112	2696	286	20
D3454.contig113	2653	378	20
D3454.contig114	2631	206	27
D3454.contig115	2622	303	33
D3454.contig116	2616	479	29
D3454.contig117	2605	314	26
D3454.contig118	2593	352	18
D3454.contig119	2591	7532	370
D3454.contig120	2571	562	31
D3454.contig121	2568	1558	93
D3454.contig122	2535	312	18
D3454.contig123	2430	257	22
D3454.contig124	2426	250	25
D3454.contig125	2386	366	32
D3454.contig126	2371	275	15
D3454.contig127	2371	212	13
D3454.contig128	2371	218	17
D3454.contig129	2344	596259	46690
D3454.contig130	2297	286	35
D3454.contig131	2197	370	38
D3454.contig132	2168	191	13
D3454.contig133	2157	174	14
D3454.contig134	2151	220	16
D3454.contig135	2140	182	15
D3454.contig136	2134	145	12
D3454.contig137	2125	192	16
D3454.contig138	2116	134	17
D3454.contig139	2093	1288	64
D3454.contig140	2086	279	22
D3454.contig141	2076	166	18
D3454.contig142	2065	125	17
D3454.contig143	2059	185	14
D3454.contig144	2057	10212	296
D3454.contig145	2056	188	14
D3454.contig146	2025	127	10
D3454.contig147	2020	163	17
D3454.contig148	2019	220	28
D3454.contig149	1988	207	15
D3454.contig150	1981	182	13
D3454.contig151	1979	127	15
D3454.contig152	1978	136	10
D3454.contig153	1970	166	4
D3454.contig154	1965	126	16
D3454.contig155	1957	189	26
D3454.contig156	1949	154	9
D3454.contig157	1943	154	10
D3454.contig158	1936	115	16
D3454.contig159	1911	111	8
D3454.contig160	1908	445	42
D3454.contig161	1877	180	20
D3454.contig162	1874	235	14
D3454.contig163	1867	326	29
D3454.contig164	1854	724	75
D3454.contig165	1822	169	5
D3454.contig166	1822	288	14
D3454.contig167	1808	119	15
D3454.contig168	1804	434	24
D3454.contig169	1802	131	7
D3454.contig170	1782	190	15
D3454.contig171	1777	173	34
D3454.contig172	1775	214	18
D3454.contig173	1772	86	6
D3454.contig174	1769	234	10
D3454.contig175	1769	134	10
D3454.contig176	1759	139	15
D3454.contig177	1736	683	27
D3454.contig178	1729	945	69
D3454.contig179	1720	195	7
D3454.contig180	1712	246	14
D3454.contig181	1712	107	7
D3454.contig182	1692	185	19
D3454.contig183	1689	216	24
D3454.contig184	1684	134	22
D3454.contig185	1684	101	22
D3454.contig186	1679	145	10
D3454.contig187	1659	7890	248
D3454.contig188	1655	148	18
D3454.contig189	1652	166	9
D3454.contig190	1620	185	9
D3454.contig191	1613	97	8
D3454.contig192	1601	90	9
D3454.contig193	1591	128	21
D3454.contig194	1578	94	15
D3454.contig195	1573	144	5
D3454.contig196	1572	202	10
D3454.contig197	1555	218	40
D3454.contig198	1551	89	11
D3454.contig199	1513	140	9
D3454.contig200	1504	75	12
D3454.contig201	1499	95	18
D3454.contig202	1497	291	28
D3454.contig203	1496	250355	28302
D3454.contig204	1489	106	8
D3454.contig205	1482	125	10
D3454.contig206	1477	139	18
D3454.contig207	1472	88	14
D3454.contig208	1455	10859	321
D3454.contig209	1455	133	13
D3454.contig210	1448	113	15
D3454.contig211	1447	57	8
D3454.contig212	1445	48	10
D3454.contig213	1438	90	3
D3454.contig214	1427	92	9
D3454.contig215	1417	45	8
D3454.contig216	1405	158	14
D3454.contig217	1380	88	14
D3454.contig218	1376	85	8
D3454.contig219	1373	156	9
D3454.contig220	1371	96	9
D3454.contig221	1368	92	12
D3454.contig222	1366	98	15
D3454.contig223	1361	58	14
D3454.contig224	1353	148	4
D3454.contig225	1346	97	9
D3454.contig226	1318	190	9
D3454.contig227	1302	94	11
D3454.contig228	1296	100	15
D3454.contig229	1284	61	11
D3454.contig230	1278	68	12
D3454.contig231	1269	131	10
D3454.contig232	1264	114	3
D3454.contig233	1264	120	10
D3454.contig234	1262	87	12
D3454.contig235	1261	84	10
D3454.contig236	1261	126	8
D3454.contig237	1257	150	14
D3454.contig238	1250	68	11
D3454.contig239	1247	78	11
D3454.contig240	1246	96	14
D3454.contig241	1244	449	35
D3454.contig242	1239	82	22
D3454.contig243	1231	147	20
D3454.contig244	1219	69	9
D3454.contig245	1218	93	11
D3454.contig246	1216	62	11
D3454.contig247	1207	61	5
D3454.contig248	1200	96	16
D3454.contig249	1194	67	9
D3454.contig250	1194	86	12
D3454.contig251	1191	59	15
D3454.contig252	1188	66	4
D3454.contig253	1180	86	8
D3454.contig254	1179	70	7
D3454.contig255	1179	106	12
D3454.contig256	1178	83	16
D3454.contig257	1175	66	6
D3454.contig258	1172	81	12
D3454.contig259	1171	104	16
D3454.contig260	1169	79	8
D3454.contig261	1161	99	14
D3454.contig262	1155	77	5
D3454.contig263	1151	65	9
D3454.contig264	1145	75	6
D3454.contig265	1143	49	9
D3454.contig266	1142	96	16
D3454.contig267	1141	63	3
D3454.contig268	1141	99	12
D3454.contig269	1136	43	17
D3454.contig270	1135	58	8
D3454.contig271	1135	128	4
D3454.contig272	1132	70	16
D3454.contig273	1130	73	7
D3454.contig274	1124	70	8
D3454.contig275	1118	69	8
D3454.contig276	1116	61	10
D3454.contig277	1110	107	14
D3454.contig278	1105	151	10
D3454.contig279	1104	105	11
D3454.contig280	1104	185	12
D3454.contig281	1101	79	10
D3454.contig282	1090	60	13
D3454.contig283	1083	54	10
D3454.contig284	1081	38	8
D3454.contig285	1079	135	12
D3454.contig286	1076	76	7
D3454.contig287	1076	58	6
D3454.contig288	1075	112	9
D3454.contig289	1073	68	1
D3454.contig290	1071	105	10
D3454.contig291	1069	50	14
D3454.contig292	1069	44	10
D3454.contig293	1069	77	15
D3454.contig294	1061	104	8
D3454.contig295	1059	77	4
D3454.contig296	1053	91	12
D3454.contig297	1051	62	20
D3454.contig298	1051	76	4
D3454.contig299	1048	36	8
D3454.contig300	1047	61	12
D3454.contig301	1041	40	7
D3454.contig302	1036	86	7
D3454.contig303	1032	49	10
D3454.contig304	1031	76	12
D3454.contig305	1025	51	4
D3454.contig306	1018	51	6
D3454.contig307	1018	57	16
D3454.contig308	1017	39	11
D3454.contig309	1010	113	18
D3454.contig310	1009	48	8
D3454.contig311	1008	52	9
D3454.contig312	1006	51	9
D3454.contig313	998	110	10
D3454.contig314	996	58	9
D3454.contig315	995	73	8
D3454.contig316	994	40	6
D3454.contig317	989	52	8
D3454.contig318	987	24	6
D3454.contig319	987	34	11
D3454.contig320	983	45	7
D3454.contig321	983	56	8
D3454.contig322	980	50	6
D3454.contig323	979	62	11
D3454.contig324	978	41	13
D3454.contig325	976	68	10
D3454.contig326	975	46	8
D3454.contig327	973	95	8
D3454.contig328	967	109	8
D3454.contig329	965	61	15
D3454.contig330	963	49	11
D3454.contig331	960	82	0
D3454.contig332	958	42	5
D3454.contig333	955	55	11
D3454.contig334	954	34	12
D3454.contig335	953	49	11
D3454.contig336	953	41	15
D3454.contig337	951	90	5
D3454.contig338	950	44	14
D3454.contig339	947	53	7
D3454.contig340	945	72	7
D3454.contig341	945	54	8
D3454.contig342	944	60	5
D3454.contig343	942	35	9
D3454.contig344	940	44	12
D3454.contig345	940	59	6
D3454.contig346	939	105	14
D3454.contig347	938	48	8
D3454.contig348	936	56	13
D3454.contig349	936	27	5
D3454.contig350	934	51	10
D3454.contig351	933	122	14
D3454.contig352	931	51	4
D3454.contig353	931	72	7
D3454.contig354	930	131	5
D3454.contig355	928	47	11
D3454.contig356	927	58	8
D3454.contig357	925	109	13
D3454.contig358	924	42	5
D3454.contig359	919	37	9
D3454.contig360	918	28	8
D3454.contig361	916	54	4
D3454.contig362	913	56	10
D3454.contig363	911	82	4
D3454.contig364	910	56	4
D3454.contig365	910	42	7
D3454.contig366	907	68	6
D3454.contig367	906	37	4
D3454.contig368	904	75	9
D3454.contig369	899	48	7
D3454.contig370	899	65	13
D3454.contig371	897	25	7
D3454.contig372	890	94	11
D3454.contig373	890	52	9
D3454.contig374	889	55	6
D3454.contig375	887	41	9
D3454.contig376	887	65	10
D3454.contig377	887	105	10
D3454.contig378	887	76	12
D3454.contig379	886	43	7
D3454.contig380	885	54	13
D3454.contig381	878	68	7
D3454.contig382	877	46	12
D3454.contig383	874	64	6
D3454.contig384	872	50	8
D3454.contig385	870	61	7
D3454.contig386	866	48	11
D3454.contig387	866	54	6
D3454.contig388	865	61	9
D3454.contig389	864	31	7
D3454.contig390	863	221625	12094
D3454.contig391	862	72	10
D3454.contig392	862	55	9
D3454.contig393	861	37	15
D3454.contig394	861	51	6
D3454.contig395	860	45	4
D3454.contig396	859	31	10
D3454.contig397	859	54	12
D3454.contig398	857	31	6
D3454.contig399	857	45	7
D3454.contig400	853	99	4
D3454.contig401	851	38	11
D3454.contig402	850	59	4
D3454.contig403	849	82	16
D3454.contig404	848	43	13
D3454.contig405	846	37	7
D3454.contig406	844	62	8
D3454.contig407	843	55	6
D3454.contig408	842	40	10
D3454.contig409	842	310	17
D3454.contig410	840	73	11
D3454.contig411	839	123	11
D3454.contig412	838	93	11
D3454.contig413	837	52	9
D3454.contig414	836	54	4
D3454.contig415	834	28	3
D3454.contig416	834	38	7
D3454.contig417	834	66	11
D3454.contig418	834	40	6
D3454.contig419	833	36	9
D3454.contig420	832	60	17
D3454.contig421	831	36	3
D3454.contig422	829	55	7
D3454.contig423	827	27	11
D3454.contig424	826	35	4
D3454.contig425	826	30	8
D3454.contig426	825	50	6
D3454.contig427	823	60	13
D3454.contig428	821	27	5
D3454.contig429	821	34	11
D3454.contig430	819	82	4
D3454.contig431	817	56	20
D3454.contig432	817	32	5
D3454.contig433	817	57394	10246
D3454.contig434	817	30	7
D3454.contig435	814	45	14
D3454.contig436	813	25	7
D3454.contig437	813	52	14
D3454.contig438	813	67	14
D3454.contig439	812	56	8
D3454.contig440	812	37	11
D3454.contig441	808	45	7
D3454.contig442	805	28	6
D3454.contig443	805	32	3
D3454.contig444	804	50	8
D3454.contig445	804	32	6
D3454.contig446	798	22	3
D3454.contig447	798	41	7
D3454.contig448	798	1491	153
D3454.contig449	796	105	2
D3454.contig450	796	43	11
D3454.contig451	795	33	9
D3454.contig452	790	31	5
D3454.contig453	788	24	8
D3454.contig454	788	62	11
D3454.contig455	787	57	7
D3454.contig456	785	36	8
D3454.contig457	783	47	2
D3454.contig458	783	36	12
D3454.contig459	783	32	11
D3454.contig460	780	39	5
D3454.contig461	780	50	10
D3454.contig462	779	32	13
D3454.contig463	779	43	8
D3454.contig464	778	23	5
D3454.contig465	775	28	6
D3454.contig466	772	46	18
D3454.contig467	771	35	13
D3454.contig468	769	42	7
D3454.contig469	768	58	6
D3454.contig470	768	50	6
D3454.contig471	764	26	12
D3454.contig472	764	57	10
D3454.contig473	763	23	9
D3454.contig474	762	73	17
D3454.contig475	760	60	13
D3454.contig476	758	32	6
D3454.contig477	757	28	8
D3454.contig478	757	85	6
D3454.contig479	757	47	7
D3454.contig480	756	29	8
D3454.contig481	752	32	7
D3454.contig482	751	32	5
D3454.contig483	751	36	13
D3454.contig484	751	45	12
D3454.contig485	749	38	4
D3454.contig486	749	37	8
D3454.contig487	748	67	18
D3454.contig488	748	29	9
D3454.contig489	746	40	10
D3454.contig490	745	42	12
D3454.contig491	745	41	11
D3454.contig492	744	28	10
D3454.contig493	744	25	3
D3454.contig494	744	42	13
D3454.contig495	744	42	6
D3454.contig496	743	51	7
D3454.contig497	743	47	6
D3454.contig498	741	25	12
D3454.contig499	741	29	9
D3454.contig500	740	34	6
D3454.contig501	737	67	1
D3454.contig502	735	45	13
D3454.contig503	731	52	7
D3454.contig504	731	23	5
D3454.contig505	730	31	9
D3454.contig506	730	24	7
D3454.contig507	728	43	9
D3454.contig508	726	37	8
D3454.contig509	723	46	2
D3454.contig510	722	21	5
D3454.contig511	721	54	14
D3454.contig512	721	35	7
D3454.contig513	720	143	13
D3454.contig514	720	34	3
D3454.contig515	719	57	5
D3454.contig516	718	38	4
D3454.contig517	717	49	10
D3454.contig518	715	40	5
D3454.contig519	713	25	9
D3454.contig520	713	864	171
D3454.contig521	709	50	14
D3454.contig522	709	36	10
D3454.contig523	708	55	12
D3454.contig524	700	69	6
D3454.contig525	700	42	5
D3454.contig526	694	63	7
D3454.contig527	694	31	11
D3454.contig528	694	59	9
D3454.contig529	694	32	3
D3454.contig530	689	42	8
D3454.contig531	688	35	6
D3454.contig532	685	47	8
D3454.contig533	681	66	8
D3454.contig534	680	37	7
D3454.contig535	679	38	10
D3454.contig536	679	20	2
D3454.contig537	679	65	22
D3454.contig538	679	22	10
D3454.contig539	679	33	8
D3454.contig540	677	36	6
D3454.contig541	677	38	6
D3454.contig542	674	165	7
D3454.contig543	674	26	3
D3454.contig544	672	48	7
D3454.contig545	670	23	6
D3454.contig546	670	17	5
D3454.contig547	670	43	19
D3454.contig548	669	27	9
D3454.contig549	668	75	5
D3454.contig550	667	30	6
D3454.contig551	667	32	10
D3454.contig552	666	34	8
D3454.contig553	665	35	5
D3454.contig554	663	56	14
D3454.contig555	663	30	8
D3454.contig556	663	29	5
D3454.contig557	662	51	13
D3454.contig558	661	34	3
D3454.contig559	660	40	12
D3454.contig560	659	49	10
D3454.contig561	659	40	9
D3454.contig562	659	18	6
D3454.contig563	658	26	10
D3454.contig564	657	36	9
D3454.contig565	656	33	9
D3454.contig566	653	29	9
D3454.contig567	652	27	2
D3454.contig568	652	36	8
D3454.contig569	650	38	9
D3454.contig570	650	25	5
D3454.contig571	650	29	7
D3454.contig572	650	64	9
D3454.contig573	649	24	8
D3454.contig574	648	35	3
D3454.contig575	646	39	5
D3454.contig576	646	34	10
D3454.contig577	646	26	4
D3454.contig578	645	11	10
D3454.contig579	645	13	3
D3454.contig580	644	40	13
D3454.contig581	644	57	3
D3454.contig582	643	16	6
D3454.contig583	643	30	5
D3454.contig584	640	23	10
D3454.contig585	637	26	12
D3454.contig586	636	34	5
D3454.contig587	636	42	6
D3454.contig588	635	44	9
D3454.contig589	634	37	6
D3454.contig590	634	24	4
D3454.contig591	633	26	11
D3454.contig592	632	31	6
D3454.contig593	632	18	9
D3454.contig594	630	22	5
D3454.contig595	630	26	4
D3454.contig596	628	114	0
D3454.contig597	628	59	11
D3454.contig598	628	35	12
D3454.contig599	628	38	7
D3454.contig600	625	38	5
D3454.contig601	624	31	5
D3454.contig602	624	24	4
D3454.contig603	624	31	6
D3454.contig604	624	28	8
D3454.contig605	622	28	4
D3454.contig606	621	40	8
D3454.contig607	620	35	3
D3454.contig608	618	22	12
D3454.contig609	617	55	7
D3454.contig610	617	34	4
D3454.contig611	617	48	4
D3454.contig612	615	38	10
D3454.contig613	615	39	4
D3454.contig614	615	26	12
D3454.contig615	615	24	9
D3454.contig616	614	24	9
D3454.contig617	613	62	14
D3454.contig618	612	31	7
D3454.contig619	608	27	6
D3454.contig620	608	20	3
D3454.contig621	604	36	14
D3454.contig622	602	17	2
D3454.contig623	602	50	7
D3454.contig624	601	43	8
D3454.contig625	600	33	14
D3454.contig626	600	21	5
D3454.contig627	599	22	8
D3454.contig628	599	33	4
D3454.contig629	599	37	4
D3454.contig630	598	30	7
D3454.contig631	597	27	7
D3454.contig632	597	13	7
D3454.contig633	595	41	7
D3454.contig634	594	30	13
D3454.contig635	594	17	13
D3454.contig636	594	25	7
D3454.contig637	594	41	10
D3454.contig638	591	35	10
D3454.contig639	591	26	11
D3454.contig640	591	43	3
D3454.contig641	591	17	12
D3454.contig642	590	14	6
D3454.contig643	587	22	10
D3454.contig644	587	35	4
D3454.contig645	587	23	11
D3454.contig646	587	29	4
D3454.contig647	586	18	2
D3454.contig648	584	36	5
D3454.contig649	584	29	7
D3454.contig650	584	26	3
D3454.contig651	584	28	8
D3454.contig652	583	15	5
D3454.contig653	583	28	6
D3454.contig654	583	24	11
D3454.contig655	583	23	4
D3454.contig656	583	34	6
D3454.contig657	582	32	11
D3454.contig658	582	33	7
D3454.contig659	582	21	3
D3454.contig660	581	22	15
D3454.contig661	581	23	5
D3454.contig662	581	13	9
D3454.contig663	580	37	8
D3454.contig664	577	25	8
D3454.contig665	576	23	6
D3454.contig666	575	22	3
D3454.contig667	574	55	4
D3454.contig668	574	37	14
D3454.contig669	571	21	9
D3454.contig670	571	72	9
D3454.contig671	570	36	5
D3454.contig672	570	17	4
D3454.contig673	570	30	18
D3454.contig674	569	97	9
D3454.contig675	567	23	6
D3454.contig676	566	20	8
D3454.contig677	566	22	4
D3454.contig678	565	33	10
D3454.contig679	564	18	10
D3454.contig680	564	10	8
D3454.contig681	564	40	15
D3454.contig682	563	23	8
D3454.contig683	562	25	12
D3454.contig684	562	27	11
D3454.contig685	562	19	5
D3454.contig686	562	33	8
D3454.contig687	560	21	6
D3454.contig688	560	30	6
D3454.contig689	559	24	2
D3454.contig690	559	28	9
D3454.contig691	559	33	7
D3454.contig692	558	1927	121
D3454.contig693	558	85	1
D3454.contig694	557	16	4
D3454.contig695	556	23	5
D3454.contig696	556	25	8
D3454.contig697	555	29	6
D3454.contig698	555	13	7
D3454.contig699	554	16	8
D3454.contig700	553	22	5
D3454.contig701	553	26	13
D3454.contig702	553	71	15
D3454.contig703	552	24	4
D3454.contig704	551	25	8
D3454.contig705	549	29	5
D3454.contig706	549	28	7
D3454.contig707	548	25	9
D3454.contig708	547	30	9
D3454.contig709	546	29	5
D3454.contig710	546	30	12
D3454.contig711	545	17	11
D3454.contig712	545	20	8
D3454.contig713	544	30	9
D3454.contig714	544	37	9
D3454.contig715	544	13	4
D3454.contig716	544	45	6
D3454.contig717	543	31	6
D3454.contig718	543	17	9
D3454.contig719	542	17	6
D3454.contig720	542	21	6
D3454.contig721	542	22	8
D3454.contig722	541	23	7
D3454.contig723	541	16	3
D3454.contig724	541	12	4
D3454.contig725	541	44	7
D3454.contig726	539	20	2
D3454.contig727	539	21	13
D3454.contig728	538	26	11
D3454.contig729	538	16	5
D3454.contig730	538	19	7
D3454.contig731	537	14	7
D3454.contig732	536	32	1
D3454.contig733	534	27	8
D3454.contig734	533	19	4
D3454.contig735	532	20	4
D3454.contig736	532	26	12
D3454.contig737	531	16	12
D3454.contig738	530	19	4
D3454.contig739	529	23	11
D3454.contig740	529	20	7
D3454.contig741	529	24	12
D3454.contig742	529	35	6
D3454.contig743	527	22	7
D3454.contig744	527	24	9
D3454.contig745	526	27	7
D3454.contig746	526	23	5
D3454.contig747	525	45	12
D3454.contig748	523	12	5
D3454.contig749	523	19	3
D3454.contig750	523	22	11
D3454.contig751	522	20	4
D3454.contig752	521	20	7
D3454.contig753	520	25	6
D3454.contig754	519	26	1
D3454.contig755	518	30	6
D3454.contig756	518	17	13
D3454.contig757	518	21	6
D3454.contig758	517	20	6
D3454.contig759	517	20	10
D3454.contig760	517	14	9
D3454.contig761	516	24	14
D3454.contig762	516	13	7
D3454.contig763	515	30	19
D3454.contig764	515	19	5
D3454.contig765	514	21	8
D3454.contig766	513	15	7
D3454.contig767	513	17	5
D3454.contig768	512	17	6
D3454.contig769	512	21	4
D3454.contig770	512	15	7
D3454.contig771	512	18	6
D3454.contig772	511	18	4
D3454.contig773	511	15	10
D3454.contig774	509	14	4
D3454.contig775	508	16	7
D3454.contig776	508	29	2
D3454.contig777	506	18	9
D3454.contig778	506	40	0
D3454.contig779	506	18	8
D3454.contig780	506	18	4
D3454.contig781	505	23	3
D3454.contig782	505	15	7
D3454.contig783	504	12	4
D3454.contig784	504	22	2
D3454.contig785	504	14	8
D3454.contig786	504	16	6
D3454.contig787	503	28	3
D3454.contig788	503	34	9
D3454.contig789	503	23	4
D3454.contig790	502	11	7
D3454.contig791	502	16	5
D3454.contig792	502	21	11
D3454.contig793	502	21	7
D3454.contig794	501	16	6
D3454.contig795	501	1843	117
D3454.contig796	501	23	7
D3454.contig797	501	59	19
D3454.contig798	500	9	1
D3454.contig799	500	21	6
D3454.contig800	500	18	8
D3454.contig801	499	12	2
D3454.contig802	498	35	15
D3454.contig803	498	24	12
D3454.contig804	498	25	6
D3454.contig805	498	22	10
D3454.contig806	497	25	6
D3454.contig807	497	15	7
D3454.contig808	496	18	8
D3454.contig809	496	26	9
D3454.contig810	495	25	5
D3454.contig811	495	15	10
D3454.contig812	495	20	5
D3454.contig813	494	16	5
D3454.contig814	493	15	7
D3454.contig815	493	18	3
D3454.contig816	493	17	9
D3454.contig817	492	31	2
D3454.contig818	492	12	4
D3454.contig819	491	12	10
D3454.contig820	491	14	7
D3454.contig821	489	12	8
D3454.contig822	489	21	9
D3454.contig823	489	18	4
D3454.contig824	489	22	5
D3454.contig825	489	18	8
D3454.contig826	488	23	7
D3454.contig827	486	30	4
D3454.contig828	486	40	13
D3454.contig829	485	12	8
D3454.contig830	484	18	4
D3454.contig831	484	19	5
D3454.contig832	484	15	6
D3454.contig833	484	11	9
D3454.contig834	483	17	5
D3454.contig835	483	22	13
D3454.contig836	482	18	5
D3454.contig837	482	11	3
D3454.contig838	482	15	7
D3454.contig839	481	20	10
D3454.contig840	480	16	9
D3454.contig841	480	13	3
D3454.contig842	479	13	1
D3454.contig843	479	18	6
D3454.contig844	478	43	6
D3454.contig845	477	15	8
D3454.contig846	477	20	7
D3454.contig847	476	13	9
D3454.contig848	476	20	6
D3454.contig849	475	16	9
D3454.contig850	475	24	6
D3454.contig851	474	26	8
D3454.contig852	473	23	8
D3454.contig853	473	23	5
D3454.contig854	473	15	5
D3454.contig855	472	14	5
D3454.contig856	472	38	1
D3454.contig857	471	21	5
D3454.contig858	471	15	5
D3454.contig859	471	21	7
D3454.contig860	471	14	9
D3454.contig861	471	22	1
D3454.contig862	471	13	7
D3454.contig863	470	18	8
D3454.contig864	470	22	5
D3454.contig865	470	30	7
D3454.contig866	469	20	5
D3454.contig867	469	20	8
D3454.contig868	468	28	9
D3454.contig869	468	14	6
D3454.contig870	468	15	3
D3454.contig871	468	13	9
D3454.contig872	467	17	5
D3454.contig873	467	19	4
D3454.contig874	466	17	7
D3454.contig875	466	10	7
D3454.contig876	465	12	6
D3454.contig877	463	21	8
D3454.contig878	463	12	5
D3454.contig879	463	11	9
D3454.contig880	463	14	7
D3454.contig881	462	22	5
D3454.contig882	462	26	1
D3454.contig883	462	11	5
D3454.contig884	462	16	5
D3454.contig885	462	13	6
D3454.contig886	462	25	6
D3454.contig887	462	10	6
D3454.contig888	462	15	3
D3454.contig889	462	18	7
D3454.contig890	461	15	9
D3454.contig891	461	18	4
D3454.contig892	461	18	10
D3454.contig893	460	18	4
D3454.contig894	460	20	10
D3454.contig895	459	15	2
D3454.contig896	458	12	6
D3454.contig897	458	19	4
D3454.contig898	458	14	2
D3454.contig899	458	15	5
D3454.contig900	457	14	4
D3454.contig901	457	29	4
D3454.contig902	456	22	4
D3454.contig903	456	17	11
D3454.contig904	455	21	3
D3454.contig905	455	18	6
D3454.contig906	455	50	4
D3454.contig907	455	12	5
D3454.contig908	454	13	10
D3454.contig909	454	20	9
D3454.contig910	454	16	4
D3454.contig911	454	16	5
D3454.contig912	454	12	8
D3454.contig913	454	11	5
D3454.contig914	453	18	5
D3454.contig915	452	17	12
D3454.contig916	452	33	4
D3454.contig917	452	31	10
D3454.contig918	452	22	6
D3454.contig919	452	13	5
D3454.contig920	451	13	7
D3454.contig921	451	14	8
D3454.contig922	450	26	3
D3454.contig923	450	12	4
D3454.contig924	450	20	5
D3454.contig925	450	18	4
D3454.contig926	449	13	5
D3454.contig927	448	18	4
D3454.contig928	447	8	2
D3454.contig929	447	22	5
D3454.contig930	447	37	6
D3454.contig931	447	21	9
D3454.contig932	446	14	8
D3454.contig933	445	18	3
D3454.contig934	445	17	5
D3454.contig935	445	17	4
D3454.contig936	444	21	2
D3454.contig937	444	26	9
D3454.contig938	444	36	5
D3454.contig939	443	31	4
D3454.contig940	443	16	4
D3454.contig941	443	23	3
D3454.contig942	442	10	4
D3454.contig943	442	16	4
D3454.contig944	441	14	8
D3454.contig945	441	10	8
D3454.contig946	441	12	5
D3454.contig947	441	25	7
D3454.contig948	440	15	5
D3454.contig949	440	19	6
D3454.contig950	439	12	8
D3454.contig951	439	21	8
D3454.contig952	438	13	3
D3454.contig953	438	14	12
D3454.contig954	438	38	6
D3454.contig955	438	28	2
D3454.contig956	437	21	6
D3454.contig957	436	18	5
D3454.contig958	435	16	4
D3454.contig959	435	24	2
D3454.contig960	435	14	8
D3454.contig961	435	20	10
D3454.contig962	434	13	5
D3454.contig963	433	19	6
D3454.contig964	433	12	5
D3454.contig965	433	22	13
D3454.contig966	433	21	7
D3454.contig967	432	12	4
D3454.contig968	432	11	7
D3454.contig969	431	15	2
D3454.contig970	430	9	6
D3454.contig971	429	14	4
D3454.contig972	429	28	6
D3454.contig973	429	6	6
D3454.contig974	429	25	15
D3454.contig975	428	18	7
D3454.contig976	427	17	6
D3454.contig977	427	17	4
D3454.contig978	427	8	8
D3454.contig979	427	16	3
D3454.contig980	426	22	4
D3454.contig981	426	14	4
D3454.contig982	426	12	10
D3454.contig983	426	34	11
D3454.contig984	425	9	7
D3454.contig985	425	14	8
D3454.contig986	425	27	15
D3454.contig987	425	30	11
D3454.contig988	425	11	6
D3454.contig989	424	19	7
D3454.contig990	424	9	5
D3454.contig991	424	19	5
D3454.contig992	424	12	10
D3454.contig993	424	13	9
D3454.contig994	423	18	10
D3454.contig995	423	18	8
D3454.contig996	423	13	7
D3454.contig997	423	7	3
D3454.contig998	422	11	3
D3454.contig999	422	18	5
D3454.contig1000	422	19	5
D3454.contig1001	422	14	10
D3454.contig1002	422	15	1
D3454.contig1003	422	18	4
D3454.contig1004	422	24	8
D3454.contig1005	421	23	6
D3454.contig1006	421	17	8
D3454.contig1007	420	17	3
D3454.contig1008	420	11	6
D3454.contig1009	420	9	5
D3454.contig1010	419	24	3
D3454.contig1011	419	12	10
D3454.contig1012	418	12	3
D3454.contig1013	418	20	5
D3454.contig1014	417	10	2
D3454.contig1015	416	6	5
D3454.contig1016	415	9	7
D3454.contig1017	415	23	4
D3454.contig1018	415	12	7
D3454.contig1019	414	17	7
D3454.contig1020	414	21	2
D3454.contig1021	413	16	12
D3454.contig1022	413	13	2
D3454.contig1023	413	12	4
D3454.contig1024	412	16	8
D3454.contig1025	412	14	8
D3454.contig1026	412	834	66
D3454.contig1027	412	13	9
D3454.contig1028	412	10	4
D3454.contig1029	412	18	9
D3454.contig1030	412	21	11
D3454.contig1031	411	17	7
D3454.contig1032	411	13	8
D3454.contig1033	410	14	2
D3454.contig1034	410	19	3
D3454.contig1035	410	12	4
D3454.contig1036	408	13	4
D3454.contig1037	408	13	9
D3454.contig1038	408	18	6
D3454.contig1039	407	12	6
D3454.contig1040	407	22	6
D3454.contig1041	407	12	5
D3454.contig1042	407	13	7
D3454.contig1043	406	8	2
D3454.contig1044	406	12	4
D3454.contig1045	406	8	6
D3454.contig1046	406	16	4
D3454.contig1047	405	37	6
D3454.contig1048	405	15	6
D3454.contig1049	405	22	10
D3454.contig1050	404	15	9
D3454.contig1051	404	10	6
D3454.contig1052	404	18	0
D3454.contig1053	403	15	4
D3454.contig1054	403	15	7
D3454.contig1055	402	14	6
D3454.contig1056	402	14	6
D3454.contig1057	402	12	2
D3454.contig1058	401	10	3
D3454.contig1059	401	18	5
D3454.contig1060	401	11	5
D3454.contig1061	401	7	7
D3454.contig1062	401	10	2
D3454.contig1063	400	17	3
D3454.contig1064	400	10	3
D3454.contig1065	400	19	10
D3454.contig1066	400	6	6
D3454.contig1067	400	14	8
D3454.contig1068	399	22	8
D3454.contig1069	399	13	7
D3454.contig1070	399	10	6
D3454.contig1071	399	10	2
D3454.contig1072	399	13	6
D3454.contig1073	399	8	6
D3454.contig1074	398	14	8
D3454.contig1075	398	13	13
D3454.contig1076	398	12	10
D3454.contig1077	398	15	6
D3454.contig1078	398	22	0
D3454.contig1079	397	9	7
D3454.contig1080	397	15	5
D3454.contig1081	397	22	8
D3454.contig1082	396	12	9
D3454.contig1083	396	17	13
D3454.contig1084	396	11	3
D3454.contig1085	396	18	3
D3454.contig1086	396	19	1
D3454.contig1087	396	17	6
D3454.contig1088	395	17	7
D3454.contig1089	395	11	3
D3454.contig1090	395	5	5
D3454.contig1091	394	12	4
D3454.contig1092	393	15	6
D3454.contig1093	393	11	3
D3454.contig1094	393	9	7
D3454.contig1095	393	8	4
D3454.contig1096	393	25	6
D3454.contig1097	393	9	2
D3454.contig1098	393	12	3
D3454.contig1099	392	10	4
D3454.contig1100	392	9	4
D3454.contig1101	392	10	8
D3454.contig1102	392	27	13
D3454.contig1103	392	27	2
D3454.contig1104	392	36	4
D3454.contig1105	391	10	7
D3454.contig1106	391	10	6
D3454.contig1107	391	13	8
D3454.contig1108	391	11	7
D3454.contig1109	391	15	5
D3454.contig1110	390	14	8
D3454.contig1111	390	13	5
D3454.contig1112	390	23	7
D3454.contig1113	390	10	10
D3454.contig1114	390	13	3
D3454.contig1115	389	14	10
D3454.contig1116	389	10	6
D3454.contig1117	389	5	3
D3454.contig1118	389	21	6
D3454.contig1119	389	25	7
D3454.contig1120	388	14	7
D3454.contig1121	388	16	2
D3454.contig1122	387	12	7
D3454.contig1123	386	14	9
D3454.contig1124	386	13	3
D3454.contig1125	386	16	10
D3454.contig1126	386	10	7
D3454.contig1127	386	21	2
D3454.contig1128	386	9	6
D3454.contig1129	385	12	4
D3454.contig1130	385	14	9
D3454.contig1131	385	17	4
D3454.contig1132	385	7	4
D3454.contig1133	385	10	8
D3454.contig1134	384	9	5
D3454.contig1135	384	21	3
D3454.contig1136	384	12	8
D3454.contig1137	383	8	4
D3454.contig1138	382	8	2
D3454.contig1139	382	14	6
D3454.contig1140	382	7	3
D3454.contig1141	382	21	8
D3454.contig1142	381	10	5
D3454.contig1143	381	15	8
D3454.contig1144	381	23	7
D3454.contig1145	381	11	7
D3454.contig1146	381	8	4
D3454.contig1147	380	8	4
D3454.contig1148	380	6	4
D3454.contig1149	380	9	1
D3454.contig1150	380	8	6
D3454.contig1151	380	16	6
D3454.contig1152	379	23	1
D3454.contig1153	379	8	4
D3454.contig1154	379	19	2
D3454.contig1155	379	10	6
D3454.contig1156	379	19	2
D3454.contig1157	378	18	5
D3454.contig1158	378	11	8
D3454.contig1159	378	15	8
D3454.contig1160	378	14	9
D3454.contig1161	377	7	3
D3454.contig1162	377	11	4
D3454.contig1163	377	7	5
D3454.contig1164	377	8	2
D3454.contig1165	377	13	5
D3454.contig1166	376	12	3
D3454.contig1167	376	11	3
D3454.contig1168	376	8	6
D3454.contig1169	376	14	8
D3454.contig1170	375	11	3
D3454.contig1171	375	9	3
D3454.contig1172	375	6	4
D3454.contig1173	375	12	4
D3454.contig1174	375	6	6
D3454.contig1175	374	11	9
D3454.contig1176	374	23	8
D3454.contig1177	374	9	5
D3454.contig1178	373	8	6
D3454.contig1179	373	26	10
D3454.contig1180	373	7	5
D3454.contig1181	373	17	5
D3454.contig1182	372	8	2
D3454.contig1183	372	13	7
D3454.contig1184	372	15	4
D3454.contig1185	372	13	7
D3454.contig1186	372	8	3
D3454.contig1187	372	10	4
D3454.contig1188	372	12	6
D3454.contig1189	372	18	7
D3454.contig1190	371	28	11
D3454.contig1191	371	158	17
D3454.contig1192	371	10	4
D3454.contig1193	370	9	4
D3454.contig1194	370	20	4
D3454.contig1195	370	14	6
D3454.contig1196	369	14	5
D3454.contig1197	369	12	5
D3454.contig1198	369	13	5
D3454.contig1199	369	7	3
D3454.contig1200	369	15	5
D3454.contig1201	369	7	3
D3454.contig1202	369	8	6
D3454.contig1203	369	8	6
D3454.contig1204	368	7	3
D3454.contig1205	368	7	1
D3454.contig1206	368	14	11
D3454.contig1207	368	7	3
D3454.contig1208	368	25	5
D3454.contig1209	368	11	7
D3454.contig1210	368	16	5
D3454.contig1211	367	10	6
D3454.contig1212	367	13	5
D3454.contig1213	367	25	2
D3454.contig1214	367	10	7
D3454.contig1215	367	15	5
D3454.contig1216	367	16	8
D3454.contig1217	367	14	7
D3454.contig1218	366	8	6
D3454.contig1219	366	11	7
D3454.contig1220	366	7	5
D3454.contig1221	365	19	8
D3454.contig1222	365	8	2
D3454.contig1223	365	10	4
D3454.contig1224	365	12	10
D3454.contig1225	364	6	4
D3454.contig1226	363	11	6
D3454.contig1227	363	18	8
D3454.contig1228	363	13	6
D3454.contig1229	363	16	3
D3454.contig1230	363	7	4
D3454.contig1231	363	18	3
D3454.contig1232	363	12	5
D3454.contig1233	363	17	11
D3454.contig1234	363	12	3
D3454.contig1235	362	26	2
D3454.contig1236	362	8	4
D3454.contig1237	362	3	3
D3454.contig1238	362	7	7
D3454.contig1239	362	9	7
D3454.contig1240	362	13	9
D3454.contig1241	361	28	6
D3454.contig1242	360	26	9
D3454.contig1243	360	9	3
D3454.contig1244	360	19	12
D3454.contig1245	360	14	6
D3454.contig1246	360	12	9
D3454.contig1247	360	20	2
D3454.contig1248	360	9	9
D3454.contig1249	360	16	8
D3454.contig1250	360	6	1
D3454.contig1251	360	12	6
D3454.contig1252	359	12	10
D3454.contig1253	359	16	7
D3454.contig1254	359	12	8
D3454.contig1255	359	17	2
D3454.contig1256	359	11	2
D3454.contig1257	358	6	4
D3454.contig1258	358	7	5
D3454.contig1259	358	14	4
D3454.contig1260	358	7	5
D3454.contig1261	358	11	1
D3454.contig1262	357	7	3
D3454.contig1263	357	33	4
D3454.contig1264	357	13	9
D3454.contig1265	357	12	4
D3454.contig1266	357	11	5
D3454.contig1267	357	12	7
D3454.contig1268	356	18	6
D3454.contig1269	356	17	1
D3454.contig1270	355	7	7
D3454.contig1271	355	14	6
D3454.contig1272	355	11	5
D3454.contig1273	355	7	7
D3454.contig1274	355	7	6
D3454.contig1275	355	14	3
D3454.contig1276	355	5	5
D3454.contig1277	354	9	6
D3454.contig1278	354	11	2
D3454.contig1279	354	13	6
D3454.contig1280	353	9	4
D3454.contig1281	353	4	4
D3454.contig1282	353	13	6
D3454.contig1283	353	8	2
D3454.contig1284	353	15	7
D3454.contig1285	352	11	5
D3454.contig1286	352	13	7
D3454.contig1287	352	13	4
D3454.contig1288	352	22	7
D3454.contig1289	352	13	4
D3454.contig1290	351	6	3
D3454.contig1291	351	9	9
D3454.contig1292	351	5	5
D3454.contig1293	351	7	6
D3454.contig1294	351	8	6
D3454.contig1295	351	8	1
D3454.contig1296	350	8	6
D3454.contig1297	350	10	4
D3454.contig1298	350	15	11
D3454.contig1299	349	20	6
D3454.contig1300	349	3	3
D3454.contig1301	349	12	10
D3454.contig1302	348	17	8
D3454.contig1303	348	17	9
D3454.contig1304	348	7	5
D3454.contig1305	348	10	7
D3454.contig1306	348	10	4
D3454.contig1307	348	4	4
D3454.contig1308	348	16	5
D3454.contig1309	347	11	4
D3454.contig1310	347	9	7
D3454.contig1311	347	15	6
D3454.contig1312	347	6	4
D3454.contig1313	347	12	4
D3454.contig1314	347	17	4
D3454.contig1315	346	10	4
D3454.contig1316	346	30	13
D3454.contig1317	346	7	5
D3454.contig1318	346	19	15
D3454.contig1319	345	21	10
D3454.contig1320	345	7	3
D3454.contig1321	345	6	4
D3454.contig1322	345	7	5
D3454.contig1323	345	9	7
D3454.contig1324	345	36	9
D3454.contig1325	344	9	8
D3454.contig1326	344	8	6
D3454.contig1327	344	9	8
D3454.contig1328	344	11	3
D3454.contig1329	343	16	6
D3454.contig1330	343	11	5
D3454.contig1331	343	20	8
D3454.contig1332	343	16	3
D3454.contig1333	343	8	4
D3454.contig1334	343	8	6
D3454.contig1335	343	8	6
D3454.contig1336	343	21	3
D3454.contig1337	343	10	6
D3454.contig1338	343	12	1
D3454.contig1339	343	18	7
D3454.contig1340	342	1756	148
D3454.contig1341	342	5	5
D3454.contig1342	342	6	6
D3454.contig1343	341	9	7
D3454.contig1344	341	17	3
D3454.contig1345	341	6	2
D3454.contig1346	341	11	11
D3454.contig1347	341	16	4
D3454.contig1348	341	11	4
D3454.contig1349	341	101	28
D3454.contig1350	341	7	1
D3454.contig1351	341	14	3
D3454.contig1352	341	14	4
D3454.contig1353	341	19	6
D3454.contig1354	341	11	4
D3454.contig1355	340	9	4
D3454.contig1356	340	11	8
D3454.contig1357	339	8	6
D3454.contig1358	338	18	5
D3454.contig1359	338	16	2
D3454.contig1360	338	11	3
D3454.contig1361	338	7	3
D3454.contig1362	338	13	11
D3454.contig1363	338	12	6
D3454.contig1364	338	10	2
D3454.contig1365	338	10	8
D3454.contig1366	338	8	4
D3454.contig1367	337	12	8
D3454.contig1368	337	6	6
D3454.contig1369	337	10	7
D3454.contig1370	337	5	1
D3454.contig1371	337	2655	175
D3454.contig1372	336	22	10
D3454.contig1373	336	16	8
D3454.contig1374	336	7	7
D3454.contig1375	335	11	6
D3454.contig1376	335	8	5
D3454.contig1377	335	14	7
D3454.contig1378	335	9	5
D3454.contig1379	335	10	6
D3454.contig1380	335	15	6
D3454.contig1381	334	13	8
D3454.contig1382	334	9	5
D3454.contig1383	334	8	5
D3454.contig1384	333	7	3
D3454.contig1385	333	8	6
D3454.contig1386	333	7	5
D3454.contig1387	333	5	1
D3454.contig1388	332	18	5
D3454.contig1389	332	19	4
D3454.contig1390	332	3	3
D3454.contig1391	331	6	4
D3454.contig1392	331	9	7
D3454.contig1393	331	11	8
D3454.contig1394	331	10	4
D3454.contig1395	331	10	4
D3454.contig1396	330	7	5
D3454.contig1397	330	12	6
D3454.contig1398	330	27	8
D3454.contig1399	330	6	4
D3454.contig1400	330	10	6
D3454.contig1401	330	13	2
D3454.contig1402	330	64	8
D3454.contig1403	330	12	7
D3454.contig1404	329	12	4
D3454.contig1405	329	5	3
D3454.contig1406	329	8	2
D3454.contig1407	329	19	3
D3454.contig1408	329	8	4
D3454.contig1409	329	6	6
D3454.contig1410	328	10	3
D3454.contig1411	328	16	6
D3454.contig1412	328	7	3
D3454.contig1413	328	10	6
D3454.contig1414	328	16	4
D3454.contig1415	328	6	4
D3454.contig1416	327	12	6
D3454.contig1417	327	4	4
D3454.contig1418	327	11	4
D3454.contig1419	327	12	7
D3454.contig1420	327	18	5
D3454.contig1421	327	11	5
D3454.contig1422	327	20	10
D3454.contig1423	327	9	7
D3454.contig1424	327	12	6
D3454.contig1425	326	7	5
D3454.contig1426	326	9	4
D3454.contig1427	326	8	4
D3454.contig1428	326	11	1
D3454.contig1429	326	10	3
D3454.contig1430	326	12	8
D3454.contig1431	325	12	10
D3454.contig1432	325	13	7
D3454.contig1433	325	13	6
D3454.contig1434	325	14	3
D3454.contig1435	325	3	3
D3454.contig1436	325	17	13
D3454.contig1437	325	5	1
D3454.contig1438	325	6	4
D3454.contig1439	324	10	4
D3454.contig1440	324	15	5
D3454.contig1441	324	18	0
D3454.contig1442	324	17	11
D3454.contig1443	324	3	3
D3454.contig1444	324	130	15
D3454.contig1445	324	14	4
D3454.contig1446	324	12	4
D3454.contig1447	323	11	3
D3454.contig1448	323	5	5
D3454.contig1449	323	9	5
D3454.contig1450	323	19	2
D3454.contig1451	323	5	3
D3454.contig1452	322	2	2
D3454.contig1453	322	11	4
D3454.contig1454	322	5	4
D3454.contig1455	322	16	7
D3454.contig1456	321	5	3
D3454.contig1457	321	21	2
D3454.contig1458	321	8	6
D3454.contig1459	321	15	7
D3454.contig1460	321	7	5
D3454.contig1461	320	12	12
D3454.contig1462	320	10	4
D3454.contig1463	320	7	7
D3454.contig1464	320	11	5
D3454.contig1465	320	10	0
D3454.contig1466	320	8	6
D3454.contig1467	320	6	4
D3454.contig1468	320	8	2
D3454.contig1469	320	11	7
D3454.contig1470	319	8	6
D3454.contig1471	319	8	6
D3454.contig1472	319	8	5
D3454.contig1473	319	16	11
D3454.contig1474	319	16	9
D3454.contig1475	319	11	3
D3454.contig1476	319	5	3
D3454.contig1477	319	5	5
D3454.contig1478	319	16	10
D3454.contig1479	318	6	2
D3454.contig1480	318	8	5
D3454.contig1481	318	16	8
D3454.contig1482	318	8	1
D3454.contig1483	317	12	6
D3454.contig1484	317	7	5
D3454.contig1485	317	28	9
D3454.contig1486	317	3	3
D3454.contig1487	317	13	6
D3454.contig1488	317	16	6
D3454.contig1489	317	7	7
D3454.contig1490	317	5	3
D3454.contig1491	317	9	5
D3454.contig1492	316	8	4
D3454.contig1493	316	19	11
D3454.contig1494	316	6	2
D3454.contig1495	316	5	5
D3454.contig1496	316	13	5
D3454.contig1497	316	10	5
D3454.contig1498	316	15	3
D3454.contig1499	315	10	8
D3454.contig1500	315	8	3
D3454.contig1501	315	15	9
D3454.contig1502	315	16	10
D3454.contig1503	315	15	10
D3454.contig1504	315	11	9
D3454.contig1505	315	10	8
D3454.contig1506	315	8	6
D3454.contig1507	315	8	4
D3454.contig1508	315	7	5
D3454.contig1509	315	15	5
D3454.contig1510	315	14	4
D3454.contig1511	315	10	8
D3454.contig1512	315	4	3
D3454.contig1513	314	11	5
D3454.contig1514	314	14	2
D3454.contig1515	314	6	4
D3454.contig1516	314	10	2
D3454.contig1517	314	8	3
D3454.contig1518	314	7	4
D3454.contig1519	314	6	4
D3454.contig1520	313	15	7
D3454.contig1521	313	15	5
D3454.contig1522	313	9	3
D3454.contig1523	313	12	6
D3454.contig1524	313	10	9
D3454.contig1525	313	4	4
D3454.contig1526	313	9	5
D3454.contig1527	313	8	4
D3454.contig1528	312	13	2
D3454.contig1529	312	6	6
D3454.contig1530	311	11	7
D3454.contig1531	311	6	4
D3454.contig1532	311	5	5
D3454.contig1533	311	10	7
D3454.contig1534	311	6	2
D3454.contig1535	311	305	120
D3454.contig1536	311	22	2
D3454.contig1537	311	8	5
D3454.contig1538	311	8	2
D3454.contig1539	311	15	2
D3454.contig1540	310	5	3
D3454.contig1541	310	11	4
D3454.contig1542	310	8	4
D3454.contig1543	310	12	3
D3454.contig1544	310	9	5
D3454.contig1545	310	10	6
D3454.contig1546	310	7	6
D3454.contig1547	310	9	3
D3454.contig1548	309	7	3
D3454.contig1549	309	5	5
D3454.contig1550	309	14	6
D3454.contig1551	309	35094	3022
D3454.contig1552	309	7	7
D3454.contig1553	309	14	7
D3454.contig1554	309	11	3
D3454.contig1555	309	7	5
D3454.contig1556	309	11	4
D3454.contig1557	309	6	4
D3454.contig1558	309	7	5
D3454.contig1559	309	6	6
D3454.contig1560	309	6	4
D3454.contig1561	309	5	5
D3454.contig1562	309	10	2
D3454.contig1563	308	8	3
D3454.contig1564	308	3	1
D3454.contig1565	307	9	3
D3454.contig1566	307	9	5
D3454.contig1567	307	11	5
D3454.contig1568	307	11	7
D3454.contig1569	307	9	7
D3454.contig1570	306	5	4
D3454.contig1571	306	6	6
D3454.contig1572	306	10	2
D3454.contig1573	306	16	7
D3454.contig1574	306	52	5
D3454.contig1575	306	9	5
D3454.contig1576	306	11	2
D3454.contig1577	306	4	2
D3454.contig1578	306	11	7
D3454.contig1579	305	4	4
D3454.contig1580	305	10	6
D3454.contig1581	305	10	3
D3454.contig1582	305	9	2
D3454.contig1583	305	4	4
D3454.contig1584	305	7	3
D3454.contig1585	305	8	5
D3454.contig1586	305	11	3
D3454.contig1587	305	10	9
D3454.contig1588	305	9	7
D3454.contig1589	305	14	3
D3454.contig1590	305	17	8
D3454.contig1591	304	7	7
D3454.contig1592	304	10	7
D3454.contig1593	304	7	7
D3454.contig1594	304	14	9
D3454.contig1595	304	8	3
D3454.contig1596	304	15	6
D3454.contig1597	304	12	7
D3454.contig1598	304	10	3
D3454.contig1599	304	12	3
D3454.contig1600	304	6	4
D3454.contig1601	304	10	1
D3454.contig1602	304	10	6
D3454.contig1603	304	8	6
D3454.contig1604	303	7	4
D3454.contig1605	303	12	1
D3454.contig1606	303	20	2
D3454.contig1607	303	19	6
D3454.contig1608	303	16	5
D3454.contig1609	303	15	3
D3454.contig1610	303	8	6
D3454.contig1611	303	188	10
D3454.contig1612	303	15	5
D3454.contig1613	303	10	6
D3454.contig1614	303	10	3
D3454.contig1615	303	13	5
D3454.contig1616	303	9	4
D3454.contig1617	303	10	4
D3454.contig1618	303	8	2
D3454.contig1619	303	14	6
D3454.contig1620	303	14	5
D3454.contig1621	302	8	6
D3454.contig1622	302	4	4
D3454.contig1623	302	6	5
D3454.contig1624	302	13	8
D3454.contig1625	302	3	3
D3454.contig1626	302	9	7
D3454.contig1627	302	11	3
D3454.contig1628	301	8	4
D3454.contig1629	301	9	7
D3454.contig1630	301	10	3
D3454.contig1631	301	5	3
D3454.contig1632	301	14	10
D3454.contig1633	301	10	8
D3454.contig1634	301	14	4
D3454.contig1635	300	7	3
D3454.contig1636	300	11	1
D3454.contig1637	300	9	2
D3454.contig1638	300	7	7
D3454.contig1639	300	7	6
D3454.contig1640	300	12	4
*	0	0	258804
