D3404.contig1	117266	65305	1110
D3404.contig2	94134	36303	650
D3404.contig3	75114	23191	512
D3404.contig4	72462	1799613	59223
D3404.contig5	68677	36426	724
D3404.contig6	66807	16159	274
D3404.contig7	62888	28090	479
D3404.contig8	60464	14117	227
D3404.contig9	53763	25302	436
D3404.contig10	53325	69439	1236
D3404.contig11	53204	18483	321
D3404.contig12	51711	24636	426
D3404.contig13	51378	22909	421
D3404.contig14	46886	18730	242
D3404.contig15	46690	15063	250
D3404.contig16	45664	31922	587
D3404.contig17	43958	995178	28138
D3404.contig18	42576	79043	1935
D3404.contig19	42520	18731	331
D3404.contig20	42468	11692	193
D3404.contig21	42418	15164	292
D3404.contig22	42283	24818	527
D3404.contig23	42213	22547	735
D3404.contig24	41954	14850	285
D3404.contig25	41828	17589	307
D3404.contig26	40789	87619	1685
D3404.contig27	40735	17159	274
D3404.contig28	39916	27192	697
D3404.contig29	39160	43958	1483
D3404.contig30	38224	14162	236
D3404.contig31	37603	27150	409
D3404.contig32	37098	10423	206
D3404.contig33	36533	13068	345
D3404.contig34	35956	16876	289
D3404.contig35	35867	9892	181
D3404.contig36	35683	78927	1855
D3404.contig37	34616	13163	192
D3404.contig38	34605	53607	1524
D3404.contig39	34074	32897	515
D3404.contig40	33543	38596	714
D3404.contig41	33472	660929	22176
D3404.contig42	31153	24068	467
D3404.contig43	31144	8664	136
D3404.contig44	31120	7458	102
D3404.contig45	30199	5806	125
D3404.contig46	29404	7647	112
D3404.contig47	29363	9102	179
D3404.contig48	28985	8295	147
D3404.contig49	28780	16686	479
D3404.contig50	28685	8453	272
D3404.contig51	28496	5945	98
D3404.contig52	28470	6603	110
D3404.contig53	28129	11702	168
D3404.contig54	27704	11343	193
D3404.contig55	27624	13736	211
D3404.contig56	27618	8606	122
D3404.contig57	27612	6729	111
D3404.contig58	27595	31686	633
D3404.contig59	26860	18479	497
D3404.contig60	26286	4313	149
D3404.contig61	25664	12372	371
D3404.contig62	25348	8704	156
D3404.contig63	25085	7251	107
D3404.contig64	25023	4813	79
D3404.contig65	24929	15656	588
D3404.contig66	24655	13468	229
D3404.contig67	24509	8416	124
D3404.contig68	24278	5939	89
D3404.contig69	24254	12824	192
D3404.contig70	23901	7628	141
D3404.contig71	23861	15712	271
D3404.contig72	23661	56866	1002
D3404.contig73	23495	8702	162
D3404.contig74	23117	4381	73
D3404.contig75	22847	10189	184
D3404.contig76	22727	26772	473
D3404.contig77	22594	7336	131
D3404.contig78	22575	5777	107
D3404.contig79	22501	18489	302
D3404.contig80	22445	3839	71
D3404.contig81	22317	4491	75
D3404.contig82	22030	9216	256
D3404.contig83	21962	19132	362
D3404.contig84	21956	4159	66
D3404.contig85	21890	3815	60
D3404.contig86	21275	9025	354
D3404.contig87	21220	5369	77
D3404.contig88	21199	11758	323
D3404.contig89	21170	4821	96
D3404.contig90	21163	3993	81
D3404.contig91	21132	5164	167
D3404.contig92	20862	35828	778
D3404.contig93	20607	6941	97
D3404.contig94	20318	7333	134
D3404.contig95	20312	12335	243
D3404.contig96	19973	5303	105
D3404.contig97	19569	6882	244
D3404.contig98	19516	3789	53
D3404.contig99	19436	1071237	48449
D3404.contig100	19344	1474631	67925
D3404.contig101	19255	6307	115
D3404.contig102	19024	4158	64
D3404.contig103	18956	6951	133
D3404.contig104	18931	3716	62
D3404.contig105	18930	5152	94
D3404.contig106	18922	12653	303
D3404.contig107	18850	14856	279
D3404.contig108	18724	15215	380
D3404.contig109	18489	3408	61
D3404.contig110	18177	5394	104
D3404.contig111	17815	5972	103
D3404.contig112	17610	6667	114
D3404.contig113	17593	3821	68
D3404.contig114	17328	3269	52
D3404.contig115	17157	9715	248
D3404.contig116	16933	2791	34
D3404.contig117	16558	10337	175
D3404.contig118	16517	5765	76
D3404.contig119	16483	2683	40
D3404.contig120	16427	6732	137
D3404.contig121	16362	4612	75
D3404.contig122	16193	8028	128
D3404.contig123	16013	18984	491
D3404.contig124	15803	3871	70
D3404.contig125	15800	4001	93
D3404.contig126	15501	2877	40
D3404.contig127	15442	4263	110
D3404.contig128	15196	7019	125
D3404.contig129	15070	5424	114
D3404.contig130	15065	3957	93
D3404.contig131	15023	2955	65
D3404.contig132	14963	2919	105
D3404.contig133	14853	35031	727
D3404.contig134	14456	2817	53
D3404.contig135	14424	11344	252
D3404.contig136	14296	4093	91
D3404.contig137	14265	2244	49
D3404.contig138	14171	2782	48
D3404.contig139	14160	17660	384
D3404.contig140	14001	4784	71
D3404.contig141	13935	2397	39
D3404.contig142	13792	3154	92
D3404.contig143	13684	4173	142
D3404.contig144	13509	5189	93
D3404.contig145	13460	7655	153
D3404.contig146	13359	22528	515
D3404.contig147	13159	19211	336
D3404.contig148	13077	3143	55
D3404.contig149	12959	1827	48
D3404.contig150	12931	3620	78
D3404.contig151	12772	3768	68
D3404.contig152	12626	5530	101
D3404.contig153	12621	444640	18513
D3404.contig154	12498	2180	30
D3404.contig155	12289	4282	74
D3404.contig156	12282	2641	52
D3404.contig157	12208	2118	26
D3404.contig158	12022	1591	39
D3404.contig159	11973	1230	20
D3404.contig160	11946	1783	39
D3404.contig161	11899	3217	66
D3404.contig162	11861	1923	37
D3404.contig163	11563	2533	50
D3404.contig164	11535	4341	80
D3404.contig165	11338	1570	47
D3404.contig166	11326	2276	35
D3404.contig167	11305	1947	51
D3404.contig168	11284	1695	30
D3404.contig169	11204	1700	27
D3404.contig170	11176	6089	96
D3404.contig171	10829	1896	23
D3404.contig172	10826	2288	83
D3404.contig173	10708	2579	39
D3404.contig174	10656	1757	28
D3404.contig175	10613	1512	31
D3404.contig176	10462	4689	166
D3404.contig177	10450	2273	32
D3404.contig178	10438	2604	69
D3404.contig179	10390	1783	36
D3404.contig180	10321	1707	26
D3404.contig181	10315	5796	139
D3404.contig182	10188	2803	43
D3404.contig183	10126	1711	47
D3404.contig184	10069	1197	20
D3404.contig185	10032	2922	55
D3404.contig186	10013	1372	34
D3404.contig187	10002	1994	33
D3404.contig188	9992	1158	24
D3404.contig189	9842	2430	35
D3404.contig190	9768	1157	27
D3404.contig191	9689	2756	73
D3404.contig192	9626	1440	31
D3404.contig193	9539	162515	5445
D3404.contig194	9527	2512	40
D3404.contig195	9503	1361	42
D3404.contig196	9483	1041	40
D3404.contig197	9428	2079	91
D3404.contig198	9305	12740	282
D3404.contig199	9197	4844	105
D3404.contig200	9129	1242	21
D3404.contig201	9084	3162	52
D3404.contig202	8989	1487	23
D3404.contig203	8840	1114	24
D3404.contig204	8819	4429	145
D3404.contig205	8805	2120	79
D3404.contig206	8749	1688	42
D3404.contig207	8689	1303	36
D3404.contig208	8505	1026	22
D3404.contig209	8442	1649	59
D3404.contig210	8291	1169	41
D3404.contig211	8286	2291	43
D3404.contig212	8211	1023	19
D3404.contig213	8188	1524	24
D3404.contig214	8173	829	21
D3404.contig215	8105	1446	24
D3404.contig216	8058	1634	81
D3404.contig217	7992	2113	42
D3404.contig218	7914	1054	24
D3404.contig219	7911	784	32
D3404.contig220	7881	936	27
D3404.contig221	7868	1276	28
D3404.contig222	7860	1059	29
D3404.contig223	7844	1539	59
D3404.contig224	7791	2659	37
D3404.contig225	7768	884	24
D3404.contig226	7708	3098	77
D3404.contig227	7707	804	6
D3404.contig228	7630	2716	40
D3404.contig229	7579	1362	27
D3404.contig230	7511	1270	25
D3404.contig231	7438	673	29
D3404.contig232	7363	1240	30
D3404.contig233	7319	18064	514
D3404.contig234	7307	1329	23
D3404.contig235	7295	982	25
D3404.contig236	7285	835	23
D3404.contig237	7280	1801	31
D3404.contig238	7275	2814	60
D3404.contig239	7175	3025	49
D3404.contig240	7161	1049	11
D3404.contig241	7122	877	32
D3404.contig242	7122	6516	137
D3404.contig243	7070	1105	31
D3404.contig244	7016	1550	42
D3404.contig245	6982	980	20
D3404.contig246	6973	709	19
D3404.contig247	6944	2322	47
D3404.contig248	6937	4809	41
D3404.contig249	6898	855	17
D3404.contig250	6881	952	25
D3404.contig251	6835	1333	30
D3404.contig252	6796	1364	45
D3404.contig253	6786	1107	18
D3404.contig254	6768	2038	51
D3404.contig255	6677	693	14
D3404.contig256	6606	825	13
D3404.contig257	6573	765	28
D3404.contig258	6482	766	21
D3404.contig259	6467	768	12
D3404.contig260	6462	852	16
D3404.contig261	6428	59731	1316
D3404.contig262	6420	123114	3040
D3404.contig263	6333	758	13
D3404.contig264	6325	718	20
D3404.contig265	6323	945	16
D3404.contig266	6246	689	19
D3404.contig267	6185	801	15
D3404.contig268	6169	602	31
D3404.contig269	6157	21243	732
D3404.contig270	6113	21126	357
D3404.contig271	6095	684	10
D3404.contig272	6071	992	23
D3404.contig273	6051	3106	94
D3404.contig274	5966	733	25
D3404.contig275	5939	769	31
D3404.contig276	5913	1193	50
D3404.contig277	5868	1568	37
D3404.contig278	5784	737	10
D3404.contig279	5762	590	22
D3404.contig280	5727	1108	11
D3404.contig281	5718	609	19
D3404.contig282	5673	1032	34
D3404.contig283	5663	791	20
D3404.contig284	5651	629	12
D3404.contig285	5622	847	15
D3404.contig286	5610	18606	698
D3404.contig287	5520	997	26
D3404.contig288	5502	3791	75
D3404.contig289	5501	752	33
D3404.contig290	5470	812	22
D3404.contig291	5468	761	27
D3404.contig292	5467	1456	32
D3404.contig293	5417	556	13
D3404.contig294	5403	752	22
D3404.contig295	5398	549	8
D3404.contig296	5396	569	25
D3404.contig297	5365	6817	147
D3404.contig298	5334	605	11
D3404.contig299	5332	592	17
D3404.contig300	5323	5676	136
D3404.contig301	5323	1108	30
D3404.contig302	5287	916	42
D3404.contig303	5263	477	11
D3404.contig304	5263	584	14
D3404.contig305	5215	14971	277
D3404.contig306	5210	626	19
D3404.contig307	5181	6359	259
D3404.contig308	5086	862	19
D3404.contig309	5078	680	23
D3404.contig310	5076	859	29
D3404.contig311	5038	769193	27715
D3404.contig312	5014	7005	106
D3404.contig313	4999	641	24
D3404.contig314	4986	829	12
D3404.contig315	4919	529	15
D3404.contig316	4910	1406	49
D3404.contig317	4893	715	13
D3404.contig318	4885	740	23
D3404.contig319	4865	459	22
D3404.contig320	4862	937	37
D3404.contig321	4851	416	23
D3404.contig322	4824	472	16
D3404.contig323	4800	465	16
D3404.contig324	4772	741	23
D3404.contig325	4750	14321	317
D3404.contig326	4697	812	37
D3404.contig327	4686	496	16
D3404.contig328	4638	731	20
D3404.contig329	4614	560	24
D3404.contig330	4607	5966	83
D3404.contig331	4579	428	13
D3404.contig332	4566	4163	85
D3404.contig333	4557	481	10
D3404.contig334	4553	493	12
D3404.contig335	4541	613	13
D3404.contig336	4500	786	17
D3404.contig337	4476	425	14
D3404.contig338	4472	507	18
D3404.contig339	4449	694	18
D3404.contig340	4414	183422	7099
D3404.contig341	4390	509	7
D3404.contig342	4389	537	19
D3404.contig343	4385	522	15
D3404.contig344	4382	1154	25
D3404.contig345	4349	367	4
D3404.contig346	4347	479	16
D3404.contig347	4347	392	14
D3404.contig348	4345	654	12
D3404.contig349	4343	672	20
D3404.contig350	4336	342	23
D3404.contig351	4318	1296	15
D3404.contig352	4289	44525	879
D3404.contig353	4282	566	17
D3404.contig354	4264	489	13
D3404.contig355	4264	376	12
D3404.contig356	4242	723	22
D3404.contig357	4221	478	13
D3404.contig358	4155	685	13
D3404.contig359	4151	4960	145
D3404.contig360	4142	493	13
D3404.contig361	4124	465	19
D3404.contig362	4108	592	12
D3404.contig363	4059	406	9
D3404.contig364	4055	392	14
D3404.contig365	4053	458	14
D3404.contig366	4052	3325	35
D3404.contig367	3968	712	42
D3404.contig368	3933	6902	147
D3404.contig369	3932	6350	167
D3404.contig370	3907	283	9
D3404.contig371	3906	912	45
D3404.contig372	3906	464	7
D3404.contig373	3900	1097	18
D3404.contig374	3896	449	10
D3404.contig375	3885	289	16
D3404.contig376	3853	453	11
D3404.contig377	3850	334	13
D3404.contig378	3848	429	11
D3404.contig379	3846	494	24
D3404.contig380	3843	330	13
D3404.contig381	3831	417	17
D3404.contig382	3815	463	16
D3404.contig383	3804	360	5
D3404.contig384	3792	1206	28
D3404.contig385	3719	346	9
D3404.contig386	3709	2179	54
D3404.contig387	3706	346	14
D3404.contig388	3705	4779	102
D3404.contig389	3705	363	12
D3404.contig390	3693	360	9
D3404.contig391	3685	485	10
D3404.contig392	3679	576	16
D3404.contig393	3672	300	11
D3404.contig394	3671	513	15
D3404.contig395	3660	319	10
D3404.contig396	3625	553	16
D3404.contig397	3612	246	11
D3404.contig398	3607	296	2
D3404.contig399	3603	476	18
D3404.contig400	3601	442	9
D3404.contig401	3598	272	13
D3404.contig402	3597	538	20
D3404.contig403	3589	510	7
D3404.contig404	3587	347	16
D3404.contig405	3550	534	7
D3404.contig406	3528	304	12
D3404.contig407	3501	12042	341
D3404.contig408	3436	12292	391
D3404.contig409	3436	540	15
D3404.contig410	3434	403	7
D3404.contig411	3430	341	11
D3404.contig412	3419	263	10
D3404.contig413	3412	794	16
D3404.contig414	3377	204	4
D3404.contig415	3367	362	13
D3404.contig416	3338	287	9
D3404.contig417	3324	1180	47
D3404.contig418	3321	271	15
D3404.contig419	3318	430	15
D3404.contig420	3287	465	12
D3404.contig421	3279	545	15
D3404.contig422	3271	215	10
D3404.contig423	3238	735	13
D3404.contig424	3232	365	7
D3404.contig425	3230	461	9
D3404.contig426	3216	282	9
D3404.contig427	3199	362	15
D3404.contig428	3198	3694	78
D3404.contig429	3180	237	10
D3404.contig430	3179	246	11
D3404.contig431	3150	251	14
D3404.contig432	3131	6636	115
D3404.contig433	3099	355	7
D3404.contig434	3085	490	8
D3404.contig435	3076	295	10
D3404.contig436	3075	488	23
D3404.contig437	3067	229	14
D3404.contig438	3067	372	9
D3404.contig439	3061	258	8
D3404.contig440	3055	272	15
D3404.contig441	3048	218	7
D3404.contig442	3046	187	12
D3404.contig443	3040	382	12
D3404.contig444	3034	254	6
D3404.contig445	3017	341	9
D3404.contig446	3011	1781	29
D3404.contig447	3006	358	7
D3404.contig448	3004	402	9
D3404.contig449	2950	237	12
D3404.contig450	2944	251	8
D3404.contig451	2929	300	8
D3404.contig452	2918	295	6
D3404.contig453	2917	281	17
D3404.contig454	2913	236	9
D3404.contig455	2909	356	21
D3404.contig456	2904	275	13
D3404.contig457	2903	328	8
D3404.contig458	2897	389	19
D3404.contig459	2893	9052	158
D3404.contig460	2881	311	5
D3404.contig461	2871	234	8
D3404.contig462	2862	258	13
D3404.contig463	2857	182	16
D3404.contig464	2856	275	9
D3404.contig465	2854	353	8
D3404.contig466	2853	377	8
D3404.contig467	2826	240	10
D3404.contig468	2816	372	8
D3404.contig469	2816	1353	33
D3404.contig470	2814	300	6
D3404.contig471	2812	6467	114
D3404.contig472	2811	309	10
D3404.contig473	2811	216	11
D3404.contig474	2810	488	17
D3404.contig475	2808	247	9
D3404.contig476	2804	1799	31
D3404.contig477	2801	311	13
D3404.contig478	2795	2295	27
D3404.contig479	2788	233	9
D3404.contig480	2780	313	17
D3404.contig481	2768	282	5
D3404.contig482	2761	279	17
D3404.contig483	2757	422	16
D3404.contig484	2752	311	13
D3404.contig485	2741	247	18
D3404.contig486	2738	257	17
D3404.contig487	2729	184	2
D3404.contig488	2715	202	7
D3404.contig489	2700	304	14
D3404.contig490	2698	121	9
D3404.contig491	2698	206	18
D3404.contig492	2697	324	13
D3404.contig493	2678	302	9
D3404.contig494	2660	237	8
D3404.contig495	2658	331	8
D3404.contig496	2656	3450	97
D3404.contig497	2647	262	11
D3404.contig498	2643	276	16
D3404.contig499	2641	478	21
D3404.contig500	2639	326	17
D3404.contig501	2637	334	11
D3404.contig502	2630	162	7
D3404.contig503	2625	309	9
D3404.contig504	2610	188	9
D3404.contig505	2607	220	16
D3404.contig506	2606	179	14
D3404.contig507	2606	207	6
D3404.contig508	2601	417	22
D3404.contig509	2601	279	13
D3404.contig510	2595	221	14
D3404.contig511	2594	222	9
D3404.contig512	2584	541	11
D3404.contig513	2564	690	32
D3404.contig514	2555	15709	136
D3404.contig515	2550	172	19
D3404.contig516	2548	13847	303
D3404.contig517	2548	245	7
D3404.contig518	2546	273	8
D3404.contig519	2539	2999	55
D3404.contig520	2537	236	7
D3404.contig521	2534	243	7
D3404.contig522	2534	10530	149
D3404.contig523	2526	290	9
D3404.contig524	2523	213	8
D3404.contig525	2510	200	10
D3404.contig526	2507	168	5
D3404.contig527	2504	269	8
D3404.contig528	2496	340	5
D3404.contig529	2493	320	2
D3404.contig530	2492	778	11
D3404.contig531	2476	194	4
D3404.contig532	2475	172	8
D3404.contig533	2472	298	7
D3404.contig534	2469	362	17
D3404.contig535	2458	434	19
D3404.contig536	2457	224	16
D3404.contig537	2452	215	8
D3404.contig538	2443	287	10
D3404.contig539	2440	254	14
D3404.contig540	2422	306	17
D3404.contig541	2421	252	15
D3404.contig542	2421	165	10
D3404.contig543	2418	235	25
D3404.contig544	2416	241	14
D3404.contig545	2387	177	7
D3404.contig546	2378	268	3
D3404.contig547	2368	185	8
D3404.contig548	2367	179	4
D3404.contig549	2363	137	9
D3404.contig550	2357	301	13
D3404.contig551	2346	181	3
D3404.contig552	2335	154	8
D3404.contig553	2318	292	14
D3404.contig554	2306	234	8
D3404.contig555	2299	152	9
D3404.contig556	2297	277	9
D3404.contig557	2283	197	3
D3404.contig558	2278	223	10
D3404.contig559	2273	200	5
D3404.contig560	2261	243	13
D3404.contig561	2259	150	10
D3404.contig562	2254	268	23
D3404.contig563	2244	129	10
D3404.contig564	2229	287	28
D3404.contig565	2225	235	8
D3404.contig566	2224	178	13
D3404.contig567	2224	238	12
D3404.contig568	2223	229	8
D3404.contig569	2216	196	5
D3404.contig570	2215	167	10
D3404.contig571	2207	174	11
D3404.contig572	2202	280	13
D3404.contig573	2201	204	5
D3404.contig574	2197	202	10
D3404.contig575	2190	578	10
D3404.contig576	2187	256	12
D3404.contig577	2185	116	16
D3404.contig578	2182	180	10
D3404.contig579	2177	169	13
D3404.contig580	2175	197	11
D3404.contig581	2173	172	10
D3404.contig582	2162	244	7
D3404.contig583	2162	171	11
D3404.contig584	2150	170	11
D3404.contig585	2149	174	10
D3404.contig586	2146	396	13
D3404.contig587	2145	163	6
D3404.contig588	2134	218	4
D3404.contig589	2133	148	6
D3404.contig590	2126	169	4
D3404.contig591	2113	123	4
D3404.contig592	2109	384	16
D3404.contig593	2109	179	7
D3404.contig594	2101	291	11
D3404.contig595	2100	151	10
D3404.contig596	2094	196	8
D3404.contig597	2088	1266	41
D3404.contig598	2083	252	11
D3404.contig599	2082	386	6
D3404.contig600	2081	127	5
D3404.contig601	2061	144	15
D3404.contig602	2059	8074	86
D3404.contig603	2057	126	5
D3404.contig604	2056	2704	50
D3404.contig605	2043	158	9
D3404.contig606	2037	257	6
D3404.contig607	2031	178	7
D3404.contig608	2026	212	11
D3404.contig609	2025	297	17
D3404.contig610	2019	155	10
D3404.contig611	2017	135	8
D3404.contig612	2016	140	4
D3404.contig613	2014	263	10
D3404.contig614	2011	253	11
D3404.contig615	2008	220	11
D3404.contig616	2000	358	6
D3404.contig617	1997	235	13
D3404.contig618	1984	694	20
D3404.contig619	1980	232	2
D3404.contig620	1976	205	5
D3404.contig621	1967	159	14
D3404.contig622	1961	101	8
D3404.contig623	1959	167	6
D3404.contig624	1959	167	13
D3404.contig625	1957	173	6
D3404.contig626	1957	1295	25
D3404.contig627	1956	3809	85
D3404.contig628	1955	108	17
D3404.contig629	1935	362	12
D3404.contig630	1931	249	12
D3404.contig631	1929	128	6
D3404.contig632	1923	451	20
D3404.contig633	1920	173	15
D3404.contig634	1920	107	10
D3404.contig635	1916	113	8
D3404.contig636	1915	144	6
D3404.contig637	1914	1604	54
D3404.contig638	1908	120	5
D3404.contig639	1907	169	11
D3404.contig640	1906	164	19
D3404.contig641	1901	284	15
D3404.contig642	1897	135	6
D3404.contig643	1889	220	23
D3404.contig644	1886	169	5
D3404.contig645	1875	116	5
D3404.contig646	1874	221	10
D3404.contig647	1869	2733	44
D3404.contig648	1869	142	13
D3404.contig649	1868	108	7
D3404.contig650	1865	243	11
D3404.contig651	1862	213	9
D3404.contig652	1855	221	11
D3404.contig653	1851	129	6
D3404.contig654	1849	138	12
D3404.contig655	1847	3232	78
D3404.contig656	1846	191	6
D3404.contig657	1839	361	11
D3404.contig658	1834	2771	40
D3404.contig659	1830	139	3
D3404.contig660	1829	164	7
D3404.contig661	1826	112	9
D3404.contig662	1814	3486	75
D3404.contig663	1812	130	5
D3404.contig664	1811	143	5
D3404.contig665	1811	117	5
D3404.contig666	1807	110	6
D3404.contig667	1806	135	13
D3404.contig668	1806	198	6
D3404.contig669	1800	177	15
D3404.contig670	1798	393	14
D3404.contig671	1795	2391	81
D3404.contig672	1789	105	4
D3404.contig673	1776	149	10
D3404.contig674	1770	184	8
D3404.contig675	1768	162	13
D3404.contig676	1766	207	10
D3404.contig677	1764	195	17
D3404.contig678	1763	2070	58
D3404.contig679	1762	514	8
D3404.contig680	1756	116	10
D3404.contig681	1756	109	5
D3404.contig682	1754	86	8
D3404.contig683	1751	150	5
D3404.contig684	1750	131	1
D3404.contig685	1749	100	7
D3404.contig686	1747	239	16
D3404.contig687	1747	110	3
D3404.contig688	1741	137	6
D3404.contig689	1736	155	13
D3404.contig690	1734	351	12
D3404.contig691	1732	118	7
D3404.contig692	1727	187	9
D3404.contig693	1726	602	32
D3404.contig694	1725	143	6
D3404.contig695	1725	182	8
D3404.contig696	1722	158	9
D3404.contig697	1721	181	11
D3404.contig698	1716	84	10
D3404.contig699	1709	139	8
D3404.contig700	1709	274	9
D3404.contig701	1704	145	6
D3404.contig702	1695	185	6
D3404.contig703	1693	818	17
D3404.contig704	1692	107	4
D3404.contig705	1690	212	6
D3404.contig706	1689	208	4
D3404.contig707	1687	100	7
D3404.contig708	1686	108	13
D3404.contig709	1672	94	5
D3404.contig710	1666	117	8
D3404.contig711	1665	113	8
D3404.contig712	1663	228	12
D3404.contig713	1661	123	6
D3404.contig714	1660	1168	43
D3404.contig715	1657	133	6
D3404.contig716	1655	101	2
D3404.contig717	1651	100	7
D3404.contig718	1647	138	10
D3404.contig719	1644	1907	54
D3404.contig720	1633	132	8
D3404.contig721	1632	145	6
D3404.contig722	1627	138	10
D3404.contig723	1627	98	9
D3404.contig724	1625	228	8
D3404.contig725	1623	151	6
D3404.contig726	1619	148	8
D3404.contig727	1617	97	0
D3404.contig728	1613	102	11
D3404.contig729	1612	118	5
D3404.contig730	1610	124	10
D3404.contig731	1609	100	5
D3404.contig732	1608	147	19
D3404.contig733	1607	117	5
D3404.contig734	1604	65	9
D3404.contig735	1604	183	7
D3404.contig736	1602	114	12
D3404.contig737	1599	132	17
D3404.contig738	1595	401	24
D3404.contig739	1593	72	6
D3404.contig740	1592	90	6
D3404.contig741	1592	139	6
D3404.contig742	1592	82	11
D3404.contig743	1585	239	5
D3404.contig744	1582	155	8
D3404.contig745	1580	142	4
D3404.contig746	1577	159	6
D3404.contig747	1574	227	15
D3404.contig748	1574	112	5
D3404.contig749	1572	150	5
D3404.contig750	1563	113	10
D3404.contig751	1563	105	4
D3404.contig752	1557	165	6
D3404.contig753	1557	90	8
D3404.contig754	1556	127	9
D3404.contig755	1554	141	6
D3404.contig756	1549	163	8
D3404.contig757	1549	114	8
D3404.contig758	1548	136	4
D3404.contig759	1548	141	9
D3404.contig760	1546	116	6
D3404.contig761	1545	90	6
D3404.contig762	1543	2934	111
D3404.contig763	1543	100	6
D3404.contig764	1541	124	2
D3404.contig765	1538	168	6
D3404.contig766	1537	66	6
D3404.contig767	1530	277	10
D3404.contig768	1529	145	7
D3404.contig769	1528	1052	38
D3404.contig770	1527	178	16
D3404.contig771	1526	134	10
D3404.contig772	1525	95	10
D3404.contig773	1524	103	7
D3404.contig774	1523	103	9
D3404.contig775	1520	121	5
D3404.contig776	1519	96	9
D3404.contig777	1519	159	8
D3404.contig778	1516	136	7
D3404.contig779	1515	82	9
D3404.contig780	1514	96	14
D3404.contig781	1513	106	7
D3404.contig782	1511	112	3
D3404.contig783	1508	142	9
D3404.contig784	1504	145	12
D3404.contig785	1504	104	9
D3404.contig786	1503	130	12
D3404.contig787	1500	94	8
D3404.contig788	1498	186	6
D3404.contig789	1498	443	13
D3404.contig790	1493	89	9
D3404.contig791	1492	90	10
D3404.contig792	1491	86	4
D3404.contig793	1491	152	8
D3404.contig794	1490	116	6
D3404.contig795	1489	9910	166
D3404.contig796	1486	106	4
D3404.contig797	1485	109	8
D3404.contig798	1483	265	10
D3404.contig799	1480	137	14
D3404.contig800	1479	99	4
D3404.contig801	1476	123	6
D3404.contig802	1476	73	8
D3404.contig803	1476	97	7
D3404.contig804	1476	81	7
D3404.contig805	1475	91	7
D3404.contig806	1474	108	5
D3404.contig807	1470	126	6
D3404.contig808	1466	109	4
D3404.contig809	1462	86	4
D3404.contig810	1462	147	11
D3404.contig811	1462	157	10
D3404.contig812	1459	116	7
D3404.contig813	1456	166	18
D3404.contig814	1454	95	5
D3404.contig815	1447	242	16
D3404.contig816	1447	105	6
D3404.contig817	1441	161	12
D3404.contig818	1441	119	9
D3404.contig819	1440	120	13
D3404.contig820	1439	86	4
D3404.contig821	1435	93	5
D3404.contig822	1431	105	2
D3404.contig823	1430	84	5
D3404.contig824	1425	73	11
D3404.contig825	1423	81	8
D3404.contig826	1422	160	7
D3404.contig827	1414	104	7
D3404.contig828	1413	147	4
D3404.contig829	1412	59	17
D3404.contig830	1412	1683	38
D3404.contig831	1410	120	7
D3404.contig832	1409	101	7
D3404.contig833	1408	120	7
D3404.contig834	1408	106	2
D3404.contig835	1407	1582	35
D3404.contig836	1407	279	11
D3404.contig837	1407	60	8
D3404.contig838	1406	106	3
D3404.contig839	1404	88	6
D3404.contig840	1403	502	4
D3404.contig841	1403	6934	131
D3404.contig842	1402	86	12
D3404.contig843	1402	117	11
D3404.contig844	1401	82	11
D3404.contig845	1399	128	10
D3404.contig846	1393	98	9
D3404.contig847	1392	104	1
D3404.contig848	1390	82	7
D3404.contig849	1389	152	0
D3404.contig850	1386	323	22
D3404.contig851	1381	111	7
D3404.contig852	1381	140	4
D3404.contig853	1381	136	6
D3404.contig854	1379	102	7
D3404.contig855	1378	68	7
D3404.contig856	1376	180	9
D3404.contig857	1375	216	6
D3404.contig858	1375	93	4
D3404.contig859	1373	99	12
D3404.contig860	1372	1605	13
D3404.contig861	1371	108	4
D3404.contig862	1370	99	9
D3404.contig863	1364	98	9
D3404.contig864	1358	84	8
D3404.contig865	1356	93	13
D3404.contig866	1356	88	6
D3404.contig867	1354	111	7
D3404.contig868	1347	103	8
D3404.contig869	1346	73	9
D3404.contig870	1342	115	3
D3404.contig871	1341	137	7
D3404.contig872	1340	85	6
D3404.contig873	1340	90	11
D3404.contig874	1337	81	7
D3404.contig875	1330	117	7
D3404.contig876	1330	86	5
D3404.contig877	1328	14170	608
D3404.contig878	1328	100	0
D3404.contig879	1327	99	3
D3404.contig880	1320	64	7
D3404.contig881	1317	102	4
D3404.contig882	1313	116	4
D3404.contig883	1311	129	13
D3404.contig884	1310	101	10
D3404.contig885	1309	104	10
D3404.contig886	1307	73	8
D3404.contig887	1303	74	7
D3404.contig888	1302	160	2
D3404.contig889	1302	60	9
D3404.contig890	1302	87	6
D3404.contig891	1301	119	12
D3404.contig892	1300	1377	24
D3404.contig893	1299	66	7
D3404.contig894	1298	93	3
D3404.contig895	1296	120	6
D3404.contig896	1293	1501	11
D3404.contig897	1289	87	10
D3404.contig898	1289	96	7
D3404.contig899	1289	85	4
D3404.contig900	1286	47	8
D3404.contig901	1284	65	9
D3404.contig902	1284	49	3
D3404.contig903	1284	87	9
D3404.contig904	1284	106	8
D3404.contig905	1281	74	11
D3404.contig906	1280	76	3
D3404.contig907	1277	101	14
D3404.contig908	1276	84	6
D3404.contig909	1275	87	9
D3404.contig910	1271	133	7
D3404.contig911	1270	87	9
D3404.contig912	1267	60	2
D3404.contig913	1266	86	5
D3404.contig914	1264	58	2
D3404.contig915	1263	84	10
D3404.contig916	1260	88	10
D3404.contig917	1258	78	8
D3404.contig918	1257	1811	44
D3404.contig919	1256	65	5
D3404.contig920	1256	68	16
D3404.contig921	1255	54	6
D3404.contig922	1254	62	8
D3404.contig923	1254	117	8
D3404.contig924	1251	93	10
D3404.contig925	1251	76	4
D3404.contig926	1250	72	4
D3404.contig927	1248	74	11
D3404.contig928	1248	613	10
D3404.contig929	1247	76	3
D3404.contig930	1242	113	3
D3404.contig931	1241	62	6
D3404.contig932	1240	70	4
D3404.contig933	1236	108	2
D3404.contig934	1236	81	10
D3404.contig935	1236	127	4
D3404.contig936	1234	72	4
D3404.contig937	1228	135	8
D3404.contig938	1227	65	12
D3404.contig939	1227	94	5
D3404.contig940	1223	72	3
D3404.contig941	1223	144	2
D3404.contig942	1223	62	6
D3404.contig943	1222	63	8
D3404.contig944	1220	72	10
D3404.contig945	1216	65	8
D3404.contig946	1212	97	7
D3404.contig947	1212	121	5
D3404.contig948	1212	64	6
D3404.contig949	1209	113	5
D3404.contig950	1207	103	13
D3404.contig951	1206	72	4
D3404.contig952	1204	56	4
D3404.contig953	1202	51	7
D3404.contig954	1201	69	8
D3404.contig955	1201	59	8
D3404.contig956	1201	93	8
D3404.contig957	1200	110	3
D3404.contig958	1199	72	4
D3404.contig959	1198	99	4
D3404.contig960	1198	76	6
D3404.contig961	1196	92	19
D3404.contig962	1196	80	14
D3404.contig963	1196	74	5
D3404.contig964	1194	91	3
D3404.contig965	1193	100	12
D3404.contig966	1193	81	3
D3404.contig967	1193	54	3
D3404.contig968	1192	102	7
D3404.contig969	1190	116	6
D3404.contig970	1190	84	13
D3404.contig971	1188	79	12
D3404.contig972	1188	1342	37
D3404.contig973	1187	59	6
D3404.contig974	1185	88	5
D3404.contig975	1184	92	7
D3404.contig976	1183	98	9
D3404.contig977	1182	68	8
D3404.contig978	1179	199	3
D3404.contig979	1177	74	2
D3404.contig980	1175	56	13
D3404.contig981	1175	94	8
D3404.contig982	1175	83	4
D3404.contig983	1175	80	9
D3404.contig984	1173	76	6
D3404.contig985	1169	145	3
D3404.contig986	1166	60	8
D3404.contig987	1163	105	16
D3404.contig988	1162	62	2
D3404.contig989	1160	78	12
D3404.contig990	1157	118	9
D3404.contig991	1155	123	12
D3404.contig992	1154	86	11
D3404.contig993	1152	122	6
D3404.contig994	1151	81	4
D3404.contig995	1149	1130	20
D3404.contig996	1147	85	4
D3404.contig997	1146	43	5
D3404.contig998	1143	72	9
D3404.contig999	1143	76	2
D3404.contig1000	1141	130	12
D3404.contig1001	1137	89	8
D3404.contig1002	1136	58	8
D3404.contig1003	1136	84	11
D3404.contig1004	1133	140	6
D3404.contig1005	1131	44	5
D3404.contig1006	1130	63	7
D3404.contig1007	1129	76	5
D3404.contig1008	1128	106	5
D3404.contig1009	1127	82	16
D3404.contig1010	1125	50	6
D3404.contig1011	1125	91	6
D3404.contig1012	1124	116	13
D3404.contig1013	1123	73	13
D3404.contig1014	1122	144	11
D3404.contig1015	1118	57	3
D3404.contig1016	1118	88	2
D3404.contig1017	1117	54	3
D3404.contig1018	1114	63	4
D3404.contig1019	1113	71	6
D3404.contig1020	1110	737	16
D3404.contig1021	1110	97	5
D3404.contig1022	1109	100	7
D3404.contig1023	1108	87	6
D3404.contig1024	1108	120	7
D3404.contig1025	1107	112	5
D3404.contig1026	1105	85	7
D3404.contig1027	1104	57	7
D3404.contig1028	1102	84	14
D3404.contig1029	1101	93	4
D3404.contig1030	1100	47	9
D3404.contig1031	1097	10907	363
D3404.contig1032	1097	61	10
D3404.contig1033	1093	2253	37
D3404.contig1034	1092	64	5
D3404.contig1035	1091	94	9
D3404.contig1036	1090	78	7
D3404.contig1037	1088	37	6
D3404.contig1038	1088	43	6
D3404.contig1039	1087	59	7
D3404.contig1040	1086	86	10
D3404.contig1041	1085	104	7
D3404.contig1042	1083	731	33
D3404.contig1043	1083	66	5
D3404.contig1044	1083	158	10
D3404.contig1045	1081	56	4
D3404.contig1046	1081	63	9
D3404.contig1047	1078	80	10
D3404.contig1048	1078	83	10
D3404.contig1049	1078	85	10
D3404.contig1050	1077	57	9
D3404.contig1051	1077	75	6
D3404.contig1052	1074	72	7
D3404.contig1053	1069	48	5
D3404.contig1054	1069	59	6
D3404.contig1055	1066	56	9
D3404.contig1056	1065	47	7
D3404.contig1057	1063	63	3
D3404.contig1058	1062	48	8
D3404.contig1059	1060	2931	20
D3404.contig1060	1057	103	7
D3404.contig1061	1056	41	9
D3404.contig1062	1053	67	10
D3404.contig1063	1052	97	13
D3404.contig1064	1049	88	8
D3404.contig1065	1046	39	7
D3404.contig1066	1045	38	8
D3404.contig1067	1044	65	8
D3404.contig1068	1043	47	8
D3404.contig1069	1040	54	5
D3404.contig1070	1036	67	1
D3404.contig1071	1035	105	4
D3404.contig1072	1035	68	3
D3404.contig1073	1031	51	5
D3404.contig1074	1029	71	10
D3404.contig1075	1028	70	8
D3404.contig1076	1028	50	3
D3404.contig1077	1027	73	8
D3404.contig1078	1027	60	8
D3404.contig1079	1025	86	5
D3404.contig1080	1024	34	3
D3404.contig1081	1023	73	4
D3404.contig1082	1023	53	8
D3404.contig1083	1021	90	11
D3404.contig1084	1021	86	8
D3404.contig1085	1021	5319	126
D3404.contig1086	1020	60	0
D3404.contig1087	1019	73	11
D3404.contig1088	1017	73	15
D3404.contig1089	1016	47	9
D3404.contig1090	1015	63	10
D3404.contig1091	1010	59	7
D3404.contig1092	1008	55	9
D3404.contig1093	1007	81	4
D3404.contig1094	1006	59	6
D3404.contig1095	1006	76	4
D3404.contig1096	1005	56	1
D3404.contig1097	1005	825	76
D3404.contig1098	1004	66	6
D3404.contig1099	1003	45	13
D3404.contig1100	1002	110	11
D3404.contig1101	1001	97	8
D3404.contig1102	1000	46	8
D3404.contig1103	997	60	5
D3404.contig1104	997	56	4
D3404.contig1105	996	67	3
D3404.contig1106	996	58	15
D3404.contig1107	995	92	4
D3404.contig1108	990	49	5
D3404.contig1109	989	65	6
D3404.contig1110	989	38	3
D3404.contig1111	988	62	4
D3404.contig1112	988	66	13
D3404.contig1113	987	58	9
D3404.contig1114	987	44	3
D3404.contig1115	986	893	8
D3404.contig1116	986	63	6
D3404.contig1117	983	3666	134
D3404.contig1118	983	62	8
D3404.contig1119	982	50	3
D3404.contig1120	982	60	7
D3404.contig1121	981	49	5
D3404.contig1122	981	54	6
D3404.contig1123	980	779	18
D3404.contig1124	979	67	5
D3404.contig1125	979	69	7
D3404.contig1126	977	38	6
D3404.contig1127	976	38	4
D3404.contig1128	975	141	7
D3404.contig1129	974	41	8
D3404.contig1130	973	50	5
D3404.contig1131	971	58	9
D3404.contig1132	969	88	4
D3404.contig1133	969	43	9
D3404.contig1134	966	40	9
D3404.contig1135	965	51	6
D3404.contig1136	963	104	21
D3404.contig1137	962	72	6
D3404.contig1138	962	47	5
D3404.contig1139	961	68	6
D3404.contig1140	961	93	5
D3404.contig1141	960	75	7
D3404.contig1142	958	56	4
D3404.contig1143	958	80	6
D3404.contig1144	957	39	9
D3404.contig1145	957	56	6
D3404.contig1146	957	67	10
D3404.contig1147	956	50	6
D3404.contig1148	954	45	5
D3404.contig1149	952	52	7
D3404.contig1150	949	56	5
D3404.contig1151	948	58	8
D3404.contig1152	948	44	8
D3404.contig1153	948	42	4
D3404.contig1154	948	55	10
D3404.contig1155	947	69	6
D3404.contig1156	946	79	7
D3404.contig1157	946	73	7
D3404.contig1158	945	76	9
D3404.contig1159	945	38	0
D3404.contig1160	944	96	6
D3404.contig1161	944	70	6
D3404.contig1162	943	48	10
D3404.contig1163	942	40	5
D3404.contig1164	942	105	7
D3404.contig1165	941	78	6
D3404.contig1166	941	32	8
D3404.contig1167	938	80	6
D3404.contig1168	937	71	8
D3404.contig1169	932	73	0
D3404.contig1170	931	62	4
D3404.contig1171	931	73	5
D3404.contig1172	929	150	10
D3404.contig1173	927	56	7
D3404.contig1174	927	61	4
D3404.contig1175	927	46	9
D3404.contig1176	926	86	5
D3404.contig1177	925	39	9
D3404.contig1178	925	38	4
D3404.contig1179	925	125	5
D3404.contig1180	923	63	14
D3404.contig1181	923	45	7
D3404.contig1182	922	71	5
D3404.contig1183	918	54	1
D3404.contig1184	918	40	5
D3404.contig1185	916	66	6
D3404.contig1186	915	35	6
D3404.contig1187	914	32	4
D3404.contig1188	914	45	8
D3404.contig1189	913	61	1
D3404.contig1190	913	888	22
D3404.contig1191	913	80	6
D3404.contig1192	910	54	7
D3404.contig1193	910	50	12
D3404.contig1194	909	39	4
D3404.contig1195	908	1432	11
D3404.contig1196	908	54	4
D3404.contig1197	906	43	6
D3404.contig1198	906	60	6
D3404.contig1199	905	75	5
D3404.contig1200	904	53	12
D3404.contig1201	903	35	3
D3404.contig1202	903	54	9
D3404.contig1203	901	47	22
D3404.contig1204	901	58	9
D3404.contig1205	900	52	8
D3404.contig1206	900	78	5
D3404.contig1207	900	45	9
D3404.contig1208	899	71	4
D3404.contig1209	899	44	6
D3404.contig1210	898	47	10
D3404.contig1211	898	43	7
D3404.contig1212	898	75	10
D3404.contig1213	898	37	14
D3404.contig1214	896	47	3
D3404.contig1215	896	58	8
D3404.contig1216	896	39	11
D3404.contig1217	895	39	2
D3404.contig1218	895	55	8
D3404.contig1219	894	45	10
D3404.contig1220	894	42	10
D3404.contig1221	893	43	3
D3404.contig1222	892	53	11
D3404.contig1223	891	42	8
D3404.contig1224	891	49	7
D3404.contig1225	891	57	3
D3404.contig1226	890	43	15
D3404.contig1227	890	334	4
D3404.contig1228	890	56	5
D3404.contig1229	888	42	8
D3404.contig1230	887	52	7
D3404.contig1231	885	50	4
D3404.contig1232	885	74	3
D3404.contig1233	883	51	10
D3404.contig1234	882	55	3
D3404.contig1235	881	64	6
D3404.contig1236	880	72	6
D3404.contig1237	879	58	5
D3404.contig1238	878	32	4
D3404.contig1239	878	78	8
D3404.contig1240	877	68	4
D3404.contig1241	876	68	14
D3404.contig1242	876	72	2
D3404.contig1243	875	54	6
D3404.contig1244	874	1164	28
D3404.contig1245	870	48	6
D3404.contig1246	870	31	9
D3404.contig1247	869	31	2
D3404.contig1248	867	26	3
D3404.contig1249	866	58	8
D3404.contig1250	865	63	5
D3404.contig1251	865	34	6
D3404.contig1252	863	47	5
D3404.contig1253	862	52	4
D3404.contig1254	862	69	6
D3404.contig1255	860	63	5
D3404.contig1256	859	46	12
D3404.contig1257	859	32	5
D3404.contig1258	858	49	9
D3404.contig1259	858	51	4
D3404.contig1260	857	22	5
D3404.contig1261	857	43	6
D3404.contig1262	857	34	6
D3404.contig1263	856	101	6
D3404.contig1264	856	54	9
D3404.contig1265	855	63	5
D3404.contig1266	855	60	5
D3404.contig1267	855	33	11
D3404.contig1268	854	1139	12
D3404.contig1269	854	61	6
D3404.contig1270	854	50	6
D3404.contig1271	853	47	6
D3404.contig1272	853	61	6
D3404.contig1273	853	73	5
D3404.contig1274	852	89	8
D3404.contig1275	850	51	6
D3404.contig1276	849	32	8
D3404.contig1277	848	28	8
D3404.contig1278	847	39	1
D3404.contig1279	847	42	9
D3404.contig1280	846	26	2
D3404.contig1281	846	38	5
D3404.contig1282	844	51	1
D3404.contig1283	844	55	12
D3404.contig1284	843	52	5
D3404.contig1285	842	66	9
D3404.contig1286	842	64	12
D3404.contig1287	840	53	6
D3404.contig1288	838	43	11
D3404.contig1289	836	50	8
D3404.contig1290	836	58	7
D3404.contig1291	835	35	9
D3404.contig1292	834	38	9
D3404.contig1293	833	42	5
D3404.contig1294	833	40	3
D3404.contig1295	832	22	4
D3404.contig1296	832	54	9
D3404.contig1297	832	65	10
D3404.contig1298	830	42	4
D3404.contig1299	829	43	6
D3404.contig1300	827	46	7
D3404.contig1301	827	43	8
D3404.contig1302	826	60	8
D3404.contig1303	826	32	8
D3404.contig1304	826	25	9
D3404.contig1305	826	36	12
D3404.contig1306	826	44	7
D3404.contig1307	824	25	5
D3404.contig1308	824	89	15
D3404.contig1309	824	80	12
D3404.contig1310	824	33	5
D3404.contig1311	823	51	4
D3404.contig1312	823	42	8
D3404.contig1313	822	40	5
D3404.contig1314	822	42	7
D3404.contig1315	820	58	10
D3404.contig1316	820	35	3
D3404.contig1317	820	3775	96
D3404.contig1318	819	32	8
D3404.contig1319	818	74	7
D3404.contig1320	818	44	6
D3404.contig1321	818	39	10
D3404.contig1322	816	35	6
D3404.contig1323	815	26	0
D3404.contig1324	814	69	4
D3404.contig1325	814	77	3
D3404.contig1326	814	54	6
D3404.contig1327	813	49	4
D3404.contig1328	813	63	8
D3404.contig1329	812	55	7
D3404.contig1330	810	44	5
D3404.contig1331	810	50	2
D3404.contig1332	810	47	11
D3404.contig1333	809	32	2
D3404.contig1334	809	46	9
D3404.contig1335	809	40	9
D3404.contig1336	808	49	1
D3404.contig1337	807	755	51
D3404.contig1338	806	44	10
D3404.contig1339	806	58	12
D3404.contig1340	806	55	4
D3404.contig1341	806	46	3
D3404.contig1342	805	55	4
D3404.contig1343	805	37	3
D3404.contig1344	805	86	8
D3404.contig1345	804	35	3
D3404.contig1346	803	42	10
D3404.contig1347	803	63	3
D3404.contig1348	803	26	7
D3404.contig1349	803	39	7
D3404.contig1350	801	60	2
D3404.contig1351	800	27	5
D3404.contig1352	799	39	4
D3404.contig1353	799	34	5
D3404.contig1354	797	44	3
D3404.contig1355	797	46	3
D3404.contig1356	796	80	16
D3404.contig1357	796	52	5
D3404.contig1358	795	37	10
D3404.contig1359	795	32	4
D3404.contig1360	795	50	5
D3404.contig1361	795	41	2
D3404.contig1362	794	34	4
D3404.contig1363	794	45	6
D3404.contig1364	793	57	10
D3404.contig1365	793	46	5
D3404.contig1366	792	43	5
D3404.contig1367	790	32	5
D3404.contig1368	789	45	6
D3404.contig1369	789	45	4
D3404.contig1370	788	46	1
D3404.contig1371	787	47	12
D3404.contig1372	787	75	13
D3404.contig1373	786	27	8
D3404.contig1374	786	80	9
D3404.contig1375	786	36	11
D3404.contig1376	785	38	7
D3404.contig1377	785	35	6
D3404.contig1378	784	43	5
D3404.contig1379	782	48	3
D3404.contig1380	780	25	5
D3404.contig1381	779	45	7
D3404.contig1382	778	51	6
D3404.contig1383	778	39	11
D3404.contig1384	778	59	11
D3404.contig1385	778	29	7
D3404.contig1386	777	37	3
D3404.contig1387	776	30	8
D3404.contig1388	776	51	3
D3404.contig1389	776	74	8
D3404.contig1390	775	67	6
D3404.contig1391	774	37	7
D3404.contig1392	774	27	4
D3404.contig1393	773	41	7
D3404.contig1394	773	30	2
D3404.contig1395	773	35	7
D3404.contig1396	773	127	13
D3404.contig1397	772	67	10
D3404.contig1398	771	38	9
D3404.contig1399	770	41	8
D3404.contig1400	770	33	4
D3404.contig1401	769	34	4
D3404.contig1402	769	54	5
D3404.contig1403	767	46	4
D3404.contig1404	767	53	5
D3404.contig1405	766	46	6
D3404.contig1406	766	49	5
D3404.contig1407	766	25	9
D3404.contig1408	765	27	4
D3404.contig1409	765	33	4
D3404.contig1410	765	84	1
D3404.contig1411	763	27	7
D3404.contig1412	763	51	3
D3404.contig1413	763	34	8
D3404.contig1414	762	39	4
D3404.contig1415	762	29	3
D3404.contig1416	761	91	6
D3404.contig1417	761	48	5
D3404.contig1418	761	32	4
D3404.contig1419	760	53	7
D3404.contig1420	760	34	6
D3404.contig1421	760	39	7
D3404.contig1422	760	47	10
D3404.contig1423	759	28	6
D3404.contig1424	759	35	5
D3404.contig1425	758	35	5
D3404.contig1426	757	25	9
D3404.contig1427	756	63	3
D3404.contig1428	755	40	6
D3404.contig1429	755	37	10
D3404.contig1430	754	32	3
D3404.contig1431	752	46	6
D3404.contig1432	752	30	4
D3404.contig1433	751	35	7
D3404.contig1434	750	35	6
D3404.contig1435	750	46	9
D3404.contig1436	747	48	18
D3404.contig1437	745	44	9
D3404.contig1438	745	43	6
D3404.contig1439	744	31	8
D3404.contig1440	744	59	2
D3404.contig1441	743	58	7
D3404.contig1442	743	46	5
D3404.contig1443	743	32	1
D3404.contig1444	742	48	8
D3404.contig1445	740	60	5
D3404.contig1446	740	41	5
D3404.contig1447	740	49	11
D3404.contig1448	739	67	6
D3404.contig1449	737	50	8
D3404.contig1450	736	1984	66
D3404.contig1451	736	63	10
D3404.contig1452	735	45	3
D3404.contig1453	735	28	4
D3404.contig1454	732	43	5
D3404.contig1455	732	24	2
D3404.contig1456	731	43	6
D3404.contig1457	730	35	9
D3404.contig1458	726	36	4
D3404.contig1459	725	46	7
D3404.contig1460	725	25	8
D3404.contig1461	724	24	6
D3404.contig1462	724	41	6
D3404.contig1463	724	50	8
D3404.contig1464	724	38	9
D3404.contig1465	724	28	8
D3404.contig1466	724	37	7
D3404.contig1467	723	37	5
D3404.contig1468	723	59	7
D3404.contig1469	720	28	4
D3404.contig1470	720	37	3
D3404.contig1471	720	22	6
D3404.contig1472	720	44	6
D3404.contig1473	720	51	3
D3404.contig1474	719	36	7
D3404.contig1475	718	43	2
D3404.contig1476	718	41	5
D3404.contig1477	718	21	5
D3404.contig1478	718	26	3
D3404.contig1479	717	234	3
D3404.contig1480	716	37	8
D3404.contig1481	716	35	7
D3404.contig1482	714	56	5
D3404.contig1483	714	20	2
D3404.contig1484	713	27	8
D3404.contig1485	713	35	5
D3404.contig1486	713	41	11
D3404.contig1487	712	47	5
D3404.contig1488	711	35	3
D3404.contig1489	711	48	9
D3404.contig1490	711	28	10
D3404.contig1491	710	27	9
D3404.contig1492	710	70	8
D3404.contig1493	709	36	5
D3404.contig1494	708	37	8
D3404.contig1495	708	27	5
D3404.contig1496	708	26	7
D3404.contig1497	706	85	3
D3404.contig1498	706	56	3
D3404.contig1499	704	27	8
D3404.contig1500	703	40	4
D3404.contig1501	703	35	9
D3404.contig1502	703	22	6
D3404.contig1503	702	27	6
D3404.contig1504	702	42	7
D3404.contig1505	701	54	6
D3404.contig1506	699	46	6
D3404.contig1507	699	19	9
D3404.contig1508	698	36	7
D3404.contig1509	698	56	4
D3404.contig1510	696	32	2
D3404.contig1511	695	39	3
D3404.contig1512	695	39	8
D3404.contig1513	694	44	9
D3404.contig1514	694	36	6
D3404.contig1515	694	28	7
D3404.contig1516	693	66	7
D3404.contig1517	693	49	2
D3404.contig1518	693	52	6
D3404.contig1519	692	34	3
D3404.contig1520	692	37	7
D3404.contig1521	692	27	6
D3404.contig1522	692	50	10
D3404.contig1523	691	32	4
D3404.contig1524	690	57	7
D3404.contig1525	690	32	7
D3404.contig1526	689	28	5
D3404.contig1527	689	52	7
D3404.contig1528	689	22	8
D3404.contig1529	689	45	10
D3404.contig1530	689	28	6
D3404.contig1531	688	26	14
D3404.contig1532	687	311	24
D3404.contig1533	687	30	5
D3404.contig1534	686	58	4
D3404.contig1535	685	47	3
D3404.contig1536	685	27	5
D3404.contig1537	685	35	5
D3404.contig1538	684	35	7
D3404.contig1539	684	20	7
D3404.contig1540	684	54	5
D3404.contig1541	683	30	7
D3404.contig1542	682	31	3
D3404.contig1543	682	24	16
D3404.contig1544	682	26	10
D3404.contig1545	682	32	8
D3404.contig1546	681	47	3
D3404.contig1547	681	59	10
D3404.contig1548	681	22	6
D3404.contig1549	680	25	3
D3404.contig1550	678	33	10
D3404.contig1551	678	43	10
D3404.contig1552	678	29	4
D3404.contig1553	678	44	10
D3404.contig1554	678	30	3
D3404.contig1555	678	71	9
D3404.contig1556	678	40	5
D3404.contig1557	678	44	6
D3404.contig1558	678	48	3
D3404.contig1559	675	50	10
D3404.contig1560	675	37	5
D3404.contig1561	675	42	9
D3404.contig1562	674	47	6
D3404.contig1563	674	42	10
D3404.contig1564	674	46	6
D3404.contig1565	674	53	2
D3404.contig1566	673	35	5
D3404.contig1567	673	40	3
D3404.contig1568	673	36	5
D3404.contig1569	673	18	8
D3404.contig1570	672	49	10
D3404.contig1571	671	43	7
D3404.contig1572	671	20	5
D3404.contig1573	670	44	9
D3404.contig1574	670	32	9
D3404.contig1575	670	25	5
D3404.contig1576	669	45	5
D3404.contig1577	668	21077	773
D3404.contig1578	667	37	3
D3404.contig1579	667	36	3
D3404.contig1580	667	45	7
D3404.contig1581	667	37	7
D3404.contig1582	666	42	7
D3404.contig1583	666	57	0
D3404.contig1584	666	28	7
D3404.contig1585	665	27	6
D3404.contig1586	665	27	10
D3404.contig1587	665	27	5
D3404.contig1588	664	30	10
D3404.contig1589	664	170	8
D3404.contig1590	663	31	6
D3404.contig1591	661	38	5
D3404.contig1592	659	28	4
D3404.contig1593	659	28	8
D3404.contig1594	659	21	4
D3404.contig1595	659	27	4
D3404.contig1596	659	41	4
D3404.contig1597	658	50	4
D3404.contig1598	658	35	13
D3404.contig1599	658	42	7
D3404.contig1600	657	16	8
D3404.contig1601	657	28	7
D3404.contig1602	656	26	8
D3404.contig1603	656	2397	50
D3404.contig1604	655	26	4
D3404.contig1605	655	72	5
D3404.contig1606	655	34	8
D3404.contig1607	655	31	10
D3404.contig1608	655	31	7
D3404.contig1609	654	42	3
D3404.contig1610	654	28	2
D3404.contig1611	654	24	3
D3404.contig1612	652	26	6
D3404.contig1613	650	24	4
D3404.contig1614	650	32	8
D3404.contig1615	650	25	5
D3404.contig1616	649	46	4
D3404.contig1617	649	51	12
D3404.contig1618	649	37	6
D3404.contig1619	648	29	11
D3404.contig1620	648	26	5
D3404.contig1621	647	13	3
D3404.contig1622	647	163	21
D3404.contig1623	646	44	8
D3404.contig1624	646	40	2
D3404.contig1625	646	30	6
D3404.contig1626	645	34	8
D3404.contig1627	645	57	3
D3404.contig1628	645	31	5
D3404.contig1629	644	26	7
D3404.contig1630	644	25	8
D3404.contig1631	644	21	9
D3404.contig1632	644	20	4
D3404.contig1633	642	32	6
D3404.contig1634	641	31	7
D3404.contig1635	641	52	4
D3404.contig1636	640	22	5
D3404.contig1637	640	44	7
D3404.contig1638	640	39	12
D3404.contig1639	640	35	6
D3404.contig1640	640	40	4
D3404.contig1641	638	32	1
D3404.contig1642	638	37	3
D3404.contig1643	637	31	5
D3404.contig1644	637	46	5
D3404.contig1645	636	31	11
D3404.contig1646	636	27	5
D3404.contig1647	636	43	3
D3404.contig1648	635	18	4
D3404.contig1649	635	22	7
D3404.contig1650	635	26	8
D3404.contig1651	635	62	12
D3404.contig1652	635	29	5
D3404.contig1653	634	35	8
D3404.contig1654	634	50	4
D3404.contig1655	634	23	7
D3404.contig1656	633	20	4
D3404.contig1657	633	39	3
D3404.contig1658	633	29	5
D3404.contig1659	632	35	4
D3404.contig1660	632	40	8
D3404.contig1661	631	40	4
D3404.contig1662	631	26	8
D3404.contig1663	631	30	4
D3404.contig1664	631	38	4
D3404.contig1665	630	29	7
D3404.contig1666	630	23	4
D3404.contig1667	629	40	4
D3404.contig1668	629	41	2
D3404.contig1669	629	32	9
D3404.contig1670	628	23	5
D3404.contig1671	626	22	4
D3404.contig1672	626	35	6
D3404.contig1673	626	28	3
D3404.contig1674	626	26	4
D3404.contig1675	626	29	5
D3404.contig1676	625	25	7
D3404.contig1677	625	19	7
D3404.contig1678	624	25	6
D3404.contig1679	624	30	8
D3404.contig1680	624	27	6
D3404.contig1681	623	21	3
D3404.contig1682	623	39	3
D3404.contig1683	622	26	6
D3404.contig1684	621	32	7
D3404.contig1685	621	37	8
D3404.contig1686	621	28	2
D3404.contig1687	620	24	4
D3404.contig1688	620	30	2
D3404.contig1689	619	36	7
D3404.contig1690	619	45	7
D3404.contig1691	619	44	13
D3404.contig1692	617	36	6
D3404.contig1693	617	41	7
D3404.contig1694	616	38	6
D3404.contig1695	616	33	3
D3404.contig1696	616	62	1
D3404.contig1697	615	23	2
D3404.contig1698	615	38	7
D3404.contig1699	614	16	5
D3404.contig1700	614	38	7
D3404.contig1701	614	34	8
D3404.contig1702	613	33	7
D3404.contig1703	612	24	9
D3404.contig1704	612	48	6
D3404.contig1705	612	29	9
D3404.contig1706	612	27	14
D3404.contig1707	612	41	6
D3404.contig1708	612	18	8
D3404.contig1709	611	19	3
D3404.contig1710	611	22	7
D3404.contig1711	611	25	4
D3404.contig1712	611	31	3
D3404.contig1713	610	24	6
D3404.contig1714	610	16	6
D3404.contig1715	610	33	10
D3404.contig1716	610	34	5
D3404.contig1717	610	64	2
D3404.contig1718	610	19	3
D3404.contig1719	610	21	6
D3404.contig1720	610	25	10
D3404.contig1721	609	27	8
D3404.contig1722	608	19	7
D3404.contig1723	608	31	8
D3404.contig1724	608	24	8
D3404.contig1725	608	39	0
D3404.contig1726	608	35	2
D3404.contig1727	608	23	5
D3404.contig1728	608	50	4
D3404.contig1729	606	44	5
D3404.contig1730	606	31	3
D3404.contig1731	606	49	7
D3404.contig1732	606	25	4
D3404.contig1733	606	39	9
D3404.contig1734	606	28	5
D3404.contig1735	605	30	8
D3404.contig1736	605	18	5
D3404.contig1737	605	44	5
D3404.contig1738	604	19	3
D3404.contig1739	604	24	4
D3404.contig1740	604	32	9
D3404.contig1741	604	32	3
D3404.contig1742	603	40	7
D3404.contig1743	602	38	12
D3404.contig1744	602	22	4
D3404.contig1745	601	23	5
D3404.contig1746	600	18	6
D3404.contig1747	600	53	13
D3404.contig1748	599	19	10
D3404.contig1749	599	31	8
D3404.contig1750	599	28	5
D3404.contig1751	599	30	7
D3404.contig1752	599	35	7
D3404.contig1753	599	36	3
D3404.contig1754	597	28	8
D3404.contig1755	597	40	10
D3404.contig1756	597	34	5
D3404.contig1757	597	21	9
D3404.contig1758	597	40	10
D3404.contig1759	597	39	5
D3404.contig1760	596	65	4
D3404.contig1761	596	29	9
D3404.contig1762	596	29	2
D3404.contig1763	596	30	7
D3404.contig1764	596	39	1
D3404.contig1765	596	35	9
D3404.contig1766	595	33	3
D3404.contig1767	595	31	8
D3404.contig1768	594	24	6
D3404.contig1769	594	33	9
D3404.contig1770	592	48	5
D3404.contig1771	592	46	8
D3404.contig1772	590	29	5
D3404.contig1773	590	46	6
D3404.contig1774	589	30	8
D3404.contig1775	589	16	5
D3404.contig1776	589	37	9
D3404.contig1777	587	14	4
D3404.contig1778	586	18	6
D3404.contig1779	585	23	7
D3404.contig1780	585	21	5
D3404.contig1781	585	40	2
D3404.contig1782	585	21	4
D3404.contig1783	584	33	10
D3404.contig1784	584	29	6
D3404.contig1785	584	26	6
D3404.contig1786	584	23	10
D3404.contig1787	584	43	4
D3404.contig1788	584	29	4
D3404.contig1789	583	17	3
D3404.contig1790	583	25	4
D3404.contig1791	583	26	5
D3404.contig1792	583	63	3
D3404.contig1793	582	36	7
D3404.contig1794	582	251	3
D3404.contig1795	582	38	3
D3404.contig1796	582	28	8
D3404.contig1797	581	28	14
D3404.contig1798	581	51	4
D3404.contig1799	580	27	8
D3404.contig1800	580	29	8
D3404.contig1801	580	27	3
D3404.contig1802	579	65	4
D3404.contig1803	578	35	4
D3404.contig1804	578	34	6
D3404.contig1805	577	48	11
D3404.contig1806	577	30	6
D3404.contig1807	577	18	9
D3404.contig1808	577	32	2
D3404.contig1809	577	14	6
D3404.contig1810	577	34	11
D3404.contig1811	577	27	4
D3404.contig1812	577	47	13
D3404.contig1813	576	17	9
D3404.contig1814	576	28	11
D3404.contig1815	576	35	12
D3404.contig1816	576	28	8
D3404.contig1817	576	25	7
D3404.contig1818	575	12	6
D3404.contig1819	574	17	11
D3404.contig1820	574	20	3
D3404.contig1821	574	29	9
D3404.contig1822	574	38	8
D3404.contig1823	573	33	6
D3404.contig1824	572	39	14
D3404.contig1825	571	29	8
D3404.contig1826	571	25	8
D3404.contig1827	571	18	2
D3404.contig1828	571	34	4
D3404.contig1829	570	32	8
D3404.contig1830	569	16	6
D3404.contig1831	569	35	15
D3404.contig1832	569	20	6
D3404.contig1833	568	35	7
D3404.contig1834	568	22	6
D3404.contig1835	568	19	8
D3404.contig1836	568	23	2
D3404.contig1837	568	35	6
D3404.contig1838	567	30	2
D3404.contig1839	567	17	6
D3404.contig1840	566	28	7
D3404.contig1841	566	42	1
D3404.contig1842	565	36	7
D3404.contig1843	565	28	9
D3404.contig1844	565	30	4
D3404.contig1845	564	32	6
D3404.contig1846	564	23	8
D3404.contig1847	563	36	4
D3404.contig1848	563	20	4
D3404.contig1849	563	29	2
D3404.contig1850	562	26	2
D3404.contig1851	561	32	8
D3404.contig1852	561	21	11
D3404.contig1853	560	21	4
D3404.contig1854	560	22	8
D3404.contig1855	560	14	2
D3404.contig1856	560	18	6
D3404.contig1857	560	22	8
D3404.contig1858	558	21	6
D3404.contig1859	556	23	8
D3404.contig1860	556	24	9
D3404.contig1861	556	20	5
D3404.contig1862	556	16	8
D3404.contig1863	555	20	5
D3404.contig1864	555	30	1
D3404.contig1865	555	25	9
D3404.contig1866	555	30	5
D3404.contig1867	554	28	4
D3404.contig1868	554	45	2
D3404.contig1869	554	29	3
D3404.contig1870	554	29	3
D3404.contig1871	554	20	3
D3404.contig1872	554	25	3
D3404.contig1873	553	13	8
D3404.contig1874	553	25	4
D3404.contig1875	553	37	8
D3404.contig1876	552	23	9
D3404.contig1877	552	59	8
D3404.contig1878	551	60	6
D3404.contig1879	550	18	4
D3404.contig1880	550	24	8
D3404.contig1881	550	50	4
D3404.contig1882	550	67	0
D3404.contig1883	549	25	0
D3404.contig1884	549	30	5
D3404.contig1885	549	27	6
D3404.contig1886	549	33	2
D3404.contig1887	549	25	8
D3404.contig1888	549	15	7
D3404.contig1889	548	23	7
D3404.contig1890	548	15	7
D3404.contig1891	548	23	8
D3404.contig1892	548	22	3
D3404.contig1893	548	24	12
D3404.contig1894	547	35	3
D3404.contig1895	547	15	6
D3404.contig1896	547	30	6
D3404.contig1897	547	16	3
D3404.contig1898	547	26	1
D3404.contig1899	547	19	1
D3404.contig1900	547	23	10
D3404.contig1901	546	20	6
D3404.contig1902	546	19	4
D3404.contig1903	546	25	7
D3404.contig1904	545	27	3
D3404.contig1905	545	11	4
D3404.contig1906	545	22	4
D3404.contig1907	545	23	7
D3404.contig1908	544	24	7
D3404.contig1909	543	20	4
D3404.contig1910	543	23	7
D3404.contig1911	543	44	8
D3404.contig1912	542	32	5
D3404.contig1913	542	19	4
D3404.contig1914	541	25	4
D3404.contig1915	541	16	6
D3404.contig1916	541	21	3
D3404.contig1917	540	29	2
D3404.contig1918	540	27	5
D3404.contig1919	539	30	0
D3404.contig1920	539	23	5
D3404.contig1921	539	15	7
D3404.contig1922	539	37	7
D3404.contig1923	539	27	3
D3404.contig1924	539	20	3
D3404.contig1925	539	34	5
D3404.contig1926	539	77	7
D3404.contig1927	538	14	4
D3404.contig1928	538	16	6
D3404.contig1929	538	21	7
D3404.contig1930	538	31	8
D3404.contig1931	537	16	13
D3404.contig1932	537	35	14
D3404.contig1933	537	16	9
D3404.contig1934	537	21	3
D3404.contig1935	537	34	2
D3404.contig1936	536	27	3
D3404.contig1937	536	28	7
D3404.contig1938	536	20	2
D3404.contig1939	536	21	3
D3404.contig1940	535	15	7
D3404.contig1941	535	35	9
D3404.contig1942	534	33	9
D3404.contig1943	534	10	2
D3404.contig1944	534	17	7
D3404.contig1945	533	29	8
D3404.contig1946	533	10	6
D3404.contig1947	533	49	3
D3404.contig1948	532	27	11
D3404.contig1949	532	33	6
D3404.contig1950	530	15	9
D3404.contig1951	530	24	8
D3404.contig1952	529	20	6
D3404.contig1953	529	31	8
D3404.contig1954	528	23	4
D3404.contig1955	528	23	5
D3404.contig1956	528	23	7
D3404.contig1957	528	25	1
D3404.contig1958	528	28	3
D3404.contig1959	527	35	6
D3404.contig1960	527	14	3
D3404.contig1961	527	29	9
D3404.contig1962	527	21	2
D3404.contig1963	527	16	4
D3404.contig1964	527	22	8
D3404.contig1965	527	22	4
D3404.contig1966	527	11	5
D3404.contig1967	527	16	6
D3404.contig1968	526	29	9
D3404.contig1969	526	16	6
D3404.contig1970	526	12	4
D3404.contig1971	526	15	3
D3404.contig1972	525	49	5
D3404.contig1973	525	26	3
D3404.contig1974	523	15	4
D3404.contig1975	523	47	8
D3404.contig1976	523	20	7
D3404.contig1977	523	25	7
D3404.contig1978	523	18	7
D3404.contig1979	522	20	10
D3404.contig1980	522	20	3
D3404.contig1981	522	22	6
D3404.contig1982	522	25	3
D3404.contig1983	522	21	5
D3404.contig1984	522	16	4
D3404.contig1985	521	15	2
D3404.contig1986	521	34	4
D3404.contig1987	520	38	7
D3404.contig1988	520	33	4
D3404.contig1989	520	24	6
D3404.contig1990	520	22	6
D3404.contig1991	520	23	4
D3404.contig1992	520	13	5
D3404.contig1993	520	83	7
D3404.contig1994	520	27	7
D3404.contig1995	520	18	6
D3404.contig1996	519	14	4
D3404.contig1997	519	20	5
D3404.contig1998	517	16	3
D3404.contig1999	516	32	12
D3404.contig2000	516	15	0
D3404.contig2001	516	28	6
D3404.contig2002	516	37	9
D3404.contig2003	516	23	9
D3404.contig2004	515	23	2
D3404.contig2005	515	20	7
D3404.contig2006	515	20	8
D3404.contig2007	515	16	2
D3404.contig2008	515	24	6
D3404.contig2009	515	30	7
D3404.contig2010	515	11	3
D3404.contig2011	515	26	10
D3404.contig2012	514	22	6
D3404.contig2013	514	21	4
D3404.contig2014	514	32	5
D3404.contig2015	514	32	3
D3404.contig2016	514	19	7
D3404.contig2017	514	14	4
D3404.contig2018	514	18	9
D3404.contig2019	513	32	5
D3404.contig2020	513	24	5
D3404.contig2021	513	27	9
D3404.contig2022	513	30	8
D3404.contig2023	512	24	6
D3404.contig2024	511	29	7
D3404.contig2025	510	20	4
D3404.contig2026	510	22	10
D3404.contig2027	510	20	3
D3404.contig2028	510	39	10
D3404.contig2029	510	20	3
D3404.contig2030	509	18	9
D3404.contig2031	509	22	4
D3404.contig2032	508	21	6
D3404.contig2033	508	16	6
D3404.contig2034	508	18	5
D3404.contig2035	507	35	10
D3404.contig2036	507	20	6
D3404.contig2037	507	15	7
D3404.contig2038	507	20	3
D3404.contig2039	507	30	9
D3404.contig2040	507	20	3
D3404.contig2041	507	12	4
D3404.contig2042	506	19	5
D3404.contig2043	506	25	8
D3404.contig2044	506	25	7
D3404.contig2045	506	32	7
D3404.contig2046	506	22	2
D3404.contig2047	505	13	8
D3404.contig2048	505	21	3
D3404.contig2049	505	14	2
D3404.contig2050	505	17	7
D3404.contig2051	504	24	6
D3404.contig2052	504	35	3
D3404.contig2053	504	26	7
D3404.contig2054	504	14	5
D3404.contig2055	504	20	4
D3404.contig2056	503	35	2
D3404.contig2057	503	16	4
D3404.contig2058	503	48	7
D3404.contig2059	502	167	14
D3404.contig2060	502	40	14
D3404.contig2061	500	11	3
D3404.contig2062	500	39	8
D3404.contig2063	500	18	6
D3404.contig2064	500	21	9
D3404.contig2065	500	12	4
D3404.contig2066	500	40	12
D3404.contig2067	499	22	5
D3404.contig2068	499	17	4
D3404.contig2069	498	28	8
D3404.contig2070	498	17	7
D3404.contig2071	498	29	5
D3404.contig2072	498	29	8
D3404.contig2073	498	17	2
D3404.contig2074	498	28	9
D3404.contig2075	498	27	6
D3404.contig2076	498	288	9
D3404.contig2077	498	11	4
D3404.contig2078	498	698	29
D3404.contig2079	497	16	6
D3404.contig2080	497	16	4
D3404.contig2081	497	13	1
D3404.contig2082	497	17	6
D3404.contig2083	496	27	7
D3404.contig2084	496	30	3
D3404.contig2085	496	17	7
D3404.contig2086	496	383	8
D3404.contig2087	496	23	3
D3404.contig2088	495	20	6
D3404.contig2089	495	27	8
D3404.contig2090	495	23	4
D3404.contig2091	494	19	3
D3404.contig2092	494	19	3
D3404.contig2093	493	20	4
D3404.contig2094	493	7	7
D3404.contig2095	493	27	4
D3404.contig2096	493	50	3
D3404.contig2097	492	15	3
D3404.contig2098	492	24	10
D3404.contig2099	492	640	11
D3404.contig2100	491	5467	195
D3404.contig2101	491	16	6
D3404.contig2102	491	23	8
D3404.contig2103	491	16	8
D3404.contig2104	490	20	9
D3404.contig2105	490	18	2
D3404.contig2106	490	11	7
D3404.contig2107	490	26	11
D3404.contig2108	489	13	3
D3404.contig2109	489	36	4
D3404.contig2110	489	36	7
D3404.contig2111	489	26	10
D3404.contig2112	489	22	2
D3404.contig2113	488	18	3
D3404.contig2114	488	16	6
D3404.contig2115	488	11	9
D3404.contig2116	487	42	2
D3404.contig2117	487	16	7
D3404.contig2118	487	23	5
D3404.contig2119	487	21	3
D3404.contig2120	487	25	8
D3404.contig2121	485	19	7
D3404.contig2122	485	19	9
D3404.contig2123	485	12	6
D3404.contig2124	485	29	3
D3404.contig2125	485	18	4
D3404.contig2126	484	12	2
D3404.contig2127	484	20	8
D3404.contig2128	484	20	8
D3404.contig2129	483	20	2
D3404.contig2130	483	25	1
D3404.contig2131	483	18	9
D3404.contig2132	483	21	9
D3404.contig2133	483	18	1
D3404.contig2134	483	13	7
D3404.contig2135	483	14	6
D3404.contig2136	482	21	7
D3404.contig2137	482	12	4
D3404.contig2138	482	20	9
D3404.contig2139	481	24	5
D3404.contig2140	481	21	5
D3404.contig2141	481	19	7
D3404.contig2142	481	20	2
D3404.contig2143	481	15	5
D3404.contig2144	481	13	3
D3404.contig2145	481	30	4
D3404.contig2146	480	43	4
D3404.contig2147	480	30	2
D3404.contig2148	480	20	6
D3404.contig2149	480	19	6
D3404.contig2150	480	19	3
D3404.contig2151	479	14	4
D3404.contig2152	479	29	8
D3404.contig2153	479	46	1
D3404.contig2154	478	22	6
D3404.contig2155	478	13	7
D3404.contig2156	478	19	9
D3404.contig2157	478	17	8
D3404.contig2158	478	13	2
D3404.contig2159	477	23	7
D3404.contig2160	477	18	6
D3404.contig2161	477	27	5
D3404.contig2162	477	15	1
D3404.contig2163	477	13	3
D3404.contig2164	477	25	3
D3404.contig2165	476	11	3
D3404.contig2166	476	22	6
D3404.contig2167	476	11	7
D3404.contig2168	476	14	4
D3404.contig2169	476	32	5
D3404.contig2170	474	40	2
D3404.contig2171	474	24	8
D3404.contig2172	474	11	3
D3404.contig2173	474	53	14
D3404.contig2174	474	26	5
D3404.contig2175	474	39	5
D3404.contig2176	474	33	2
D3404.contig2177	474	30	5
D3404.contig2178	473	12	7
D3404.contig2179	473	211	5
D3404.contig2180	473	20	7
D3404.contig2181	473	16	9
D3404.contig2182	472	21	6
D3404.contig2183	472	32	4
D3404.contig2184	472	14	5
D3404.contig2185	471	21	4
D3404.contig2186	471	17	7
D3404.contig2187	471	13	7
D3404.contig2188	471	18	6
D3404.contig2189	471	17	3
D3404.contig2190	470	17	8
D3404.contig2191	469	16	10
D3404.contig2192	469	16	7
D3404.contig2193	469	16	3
D3404.contig2194	468	15	3
D3404.contig2195	468	38	11
D3404.contig2196	468	18	6
D3404.contig2197	468	21	5
D3404.contig2198	468	36	0
D3404.contig2199	468	18	4
D3404.contig2200	468	892	121
D3404.contig2201	468	15	4
D3404.contig2202	468	30	4
D3404.contig2203	467	21	6
D3404.contig2204	467	36	5
D3404.contig2205	467	18	10
D3404.contig2206	467	16	4
D3404.contig2207	467	27	5
D3404.contig2208	467	22	3
D3404.contig2209	467	13	5
D3404.contig2210	466	13	6
D3404.contig2211	466	27	5
D3404.contig2212	466	13	5
D3404.contig2213	466	443	14
D3404.contig2214	466	21	3
D3404.contig2215	466	25	7
D3404.contig2216	466	251	17
D3404.contig2217	466	17	5
D3404.contig2218	465	17	7
D3404.contig2219	464	29	4
D3404.contig2220	464	11	3
D3404.contig2221	464	14	6
D3404.contig2222	464	18	5
D3404.contig2223	463	23	2
D3404.contig2224	463	21	11
D3404.contig2225	463	14	2
D3404.contig2226	463	19	1
D3404.contig2227	463	15	5
D3404.contig2228	463	11	7
D3404.contig2229	463	21	3
D3404.contig2230	463	15	4
D3404.contig2231	462	11	5
D3404.contig2232	462	15	3
D3404.contig2233	462	26	5
D3404.contig2234	462	19	6
D3404.contig2235	462	19	8
D3404.contig2236	462	22	6
D3404.contig2237	462	18	9
D3404.contig2238	461	19	5
D3404.contig2239	461	289	4
D3404.contig2240	461	13	5
D3404.contig2241	461	11	5
D3404.contig2242	461	10	2
D3404.contig2243	461	15	5
D3404.contig2244	460	15	5
D3404.contig2245	460	25	7
D3404.contig2246	460	19	7
D3404.contig2247	460	11	2
D3404.contig2248	460	18	2
D3404.contig2249	460	31	4
D3404.contig2250	460	18	6
D3404.contig2251	460	29	4
D3404.contig2252	459	18	11
D3404.contig2253	459	26	8
D3404.contig2254	458	20	3
D3404.contig2255	458	24	4
D3404.contig2256	458	18	4
D3404.contig2257	458	15	7
D3404.contig2258	457	35	4
D3404.contig2259	457	25	13
D3404.contig2260	457	31	8
D3404.contig2261	457	11	3
D3404.contig2262	456	22	6
D3404.contig2263	456	28	23
D3404.contig2264	456	19	5
D3404.contig2265	456	28	6
D3404.contig2266	455	22	5
D3404.contig2267	454	21	6
D3404.contig2268	454	27	5
D3404.contig2269	454	14	5
D3404.contig2270	454	20	6
D3404.contig2271	454	33	4
D3404.contig2272	454	19	7
D3404.contig2273	454	27	0
D3404.contig2274	454	21	5
D3404.contig2275	453	15	7
D3404.contig2276	453	20	2
D3404.contig2277	453	24	8
D3404.contig2278	453	19	2
D3404.contig2279	453	10	3
D3404.contig2280	452	8	2
D3404.contig2281	452	22	4
D3404.contig2282	452	24	5
D3404.contig2283	452	12	8
D3404.contig2284	452	15	6
D3404.contig2285	452	27	4
D3404.contig2286	452	18	6
D3404.contig2287	452	16	8
D3404.contig2288	451	26	6
D3404.contig2289	450	7	3
D3404.contig2290	450	15	3
D3404.contig2291	449	20	4
D3404.contig2292	449	20	1
D3404.contig2293	449	25	7
D3404.contig2294	448	26	7
D3404.contig2295	448	40	5
D3404.contig2296	448	17	5
D3404.contig2297	448	28	4
D3404.contig2298	448	16	8
D3404.contig2299	448	22	5
D3404.contig2300	447	21	9
D3404.contig2301	447	14	7
D3404.contig2302	447	16	5
D3404.contig2303	447	20	1
D3404.contig2304	447	10	5
D3404.contig2305	446	15	3
D3404.contig2306	446	19	5
D3404.contig2307	446	28	5
D3404.contig2308	445	41	5
D3404.contig2309	445	22	5
D3404.contig2310	445	17	3
D3404.contig2311	445	17	7
D3404.contig2312	445	19	6
D3404.contig2313	445	17	5
D3404.contig2314	444	12	4
D3404.contig2315	444	27	4
D3404.contig2316	443	17	7
D3404.contig2317	443	33	3
D3404.contig2318	443	25	5
D3404.contig2319	443	17	3
D3404.contig2320	443	17	3
D3404.contig2321	443	11	5
D3404.contig2322	443	11	5
D3404.contig2323	442	20	6
D3404.contig2324	442	24	7
D3404.contig2325	442	31	3
D3404.contig2326	442	26	2
D3404.contig2327	442	12	4
D3404.contig2328	442	15	7
D3404.contig2329	441	22	5
D3404.contig2330	441	35	7
D3404.contig2331	441	29	7
D3404.contig2332	441	40	4
D3404.contig2333	440	18	8
D3404.contig2334	440	21	3
D3404.contig2335	440	26	7
D3404.contig2336	440	37	10
D3404.contig2337	440	16	8
D3404.contig2338	440	16	4
D3404.contig2339	439	9	7
D3404.contig2340	439	12	6
D3404.contig2341	439	20943	1005
D3404.contig2342	439	21	5
D3404.contig2343	439	19	5
D3404.contig2344	438	18	2
D3404.contig2345	438	15	11
D3404.contig2346	438	17	8
D3404.contig2347	437	22	6
D3404.contig2348	437	11	2
D3404.contig2349	437	11	7
D3404.contig2350	436	269	15
D3404.contig2351	436	12	4
D3404.contig2352	436	12	2
D3404.contig2353	436	13	7
D3404.contig2354	436	11	6
D3404.contig2355	436	10	5
D3404.contig2356	436	15	3
D3404.contig2357	435	26	6
D3404.contig2358	435	26	7
D3404.contig2359	435	15	8
D3404.contig2360	435	21	8
D3404.contig2361	435	11	7
D3404.contig2362	435	12	2
D3404.contig2363	435	18	6
D3404.contig2364	435	24	4
D3404.contig2365	435	14	2
D3404.contig2366	435	16	7
D3404.contig2367	435	16	7
D3404.contig2368	434	20	1
D3404.contig2369	434	23	6
D3404.contig2370	434	17	3
D3404.contig2371	433	1551	22
D3404.contig2372	433	32	4
D3404.contig2373	433	25	3
D3404.contig2374	433	22	6
D3404.contig2375	433	28	7
D3404.contig2376	432	13	7
D3404.contig2377	432	14	8
D3404.contig2378	432	19	9
D3404.contig2379	432	12	4
D3404.contig2380	432	28	3
D3404.contig2381	432	16	4
D3404.contig2382	432	25	3
D3404.contig2383	432	18	6
D3404.contig2384	431	68	3
D3404.contig2385	431	25	5
D3404.contig2386	430	18	5
D3404.contig2387	430	1662	54
D3404.contig2388	429	14	10
D3404.contig2389	429	13	5
D3404.contig2390	429	18	5
D3404.contig2391	429	14	5
D3404.contig2392	428	18	8
D3404.contig2393	428	32	8
D3404.contig2394	428	8	6
D3404.contig2395	428	23	4
D3404.contig2396	428	15	7
D3404.contig2397	428	6	2
D3404.contig2398	428	24	3
D3404.contig2399	427	13	8
D3404.contig2400	427	24	5
D3404.contig2401	427	19	7
D3404.contig2402	427	9	4
D3404.contig2403	426	13	5
D3404.contig2404	426	13	4
D3404.contig2405	426	12	7
D3404.contig2406	426	10	3
D3404.contig2407	426	12	6
D3404.contig2408	425	21	5
D3404.contig2409	424	16	2
D3404.contig2410	424	10	4
D3404.contig2411	424	18	5
D3404.contig2412	424	9	1
D3404.contig2413	423	15	9
D3404.contig2414	423	13	5
D3404.contig2415	423	27	4
D3404.contig2416	423	11	4
D3404.contig2417	423	19	3
D3404.contig2418	423	66	6
D3404.contig2419	423	18	6
D3404.contig2420	422	14	5
D3404.contig2421	422	11	1
D3404.contig2422	422	18	4
D3404.contig2423	422	13	2
D3404.contig2424	422	15	4
D3404.contig2425	422	17	3
D3404.contig2426	422	18	6
D3404.contig2427	422	24	6
D3404.contig2428	421	23	2
D3404.contig2429	421	15	7
D3404.contig2430	421	20	5
D3404.contig2431	421	34	6
D3404.contig2432	421	13	3
D3404.contig2433	421	89	8
D3404.contig2434	421	12	2
D3404.contig2435	421	20	4
D3404.contig2436	421	17	8
D3404.contig2437	421	21	5
D3404.contig2438	421	5	5
D3404.contig2439	421	9	1
D3404.contig2440	420	17	7
D3404.contig2441	420	7	3
D3404.contig2442	420	15	4
D3404.contig2443	420	17	5
D3404.contig2444	420	23	3
D3404.contig2445	419	14	7
D3404.contig2446	419	8	4
D3404.contig2447	419	14	2
D3404.contig2448	419	19	0
D3404.contig2449	419	18	4
D3404.contig2450	418	12	5
D3404.contig2451	418	16	4
D3404.contig2452	418	12	4
D3404.contig2453	418	37	4
D3404.contig2454	418	15	1
D3404.contig2455	418	13	5
D3404.contig2456	418	15	7
D3404.contig2457	418	8	4
D3404.contig2458	418	32	3
D3404.contig2459	418	19	1
D3404.contig2460	418	12	2
D3404.contig2461	418	22	2
D3404.contig2462	417	30	4
D3404.contig2463	417	25	11
D3404.contig2464	417	9	1
D3404.contig2465	417	9	7
D3404.contig2466	417	38	8
D3404.contig2467	417	14	5
D3404.contig2468	417	9	5
D3404.contig2469	417	22	8
D3404.contig2470	417	11	5
D3404.contig2471	416	24	10
D3404.contig2472	416	19	1
D3404.contig2473	415	19	11
D3404.contig2474	415	10	4
D3404.contig2475	415	9	4
D3404.contig2476	415	20	9
D3404.contig2477	415	25	2
D3404.contig2478	414	11	3
D3404.contig2479	414	18	3
D3404.contig2480	414	18	6
D3404.contig2481	413	16	8
D3404.contig2482	413	35	14
D3404.contig2483	413	11	1
D3404.contig2484	413	15	7
D3404.contig2485	413	15	7
D3404.contig2486	413	16	8
D3404.contig2487	412	24	7
D3404.contig2488	412	19	5
D3404.contig2489	412	24	8
D3404.contig2490	412	23	4
D3404.contig2491	412	9	3
D3404.contig2492	412	15	9
D3404.contig2493	412	17	6
D3404.contig2494	412	20	6
D3404.contig2495	411	25	7
D3404.contig2496	411	12	4
D3404.contig2497	411	17	5
D3404.contig2498	411	18	4
D3404.contig2499	411	18	5
D3404.contig2500	411	14	3
D3404.contig2501	410	18	7
D3404.contig2502	410	16	6
D3404.contig2503	410	15	4
D3404.contig2504	410	12	4
D3404.contig2505	410	14	6
D3404.contig2506	409	13	3
D3404.contig2507	409	15	5
D3404.contig2508	409	11	7
D3404.contig2509	409	10	4
D3404.contig2510	409	11	1
D3404.contig2511	409	6	2
D3404.contig2512	409	15	7
D3404.contig2513	409	11	5
D3404.contig2514	408	25	8
D3404.contig2515	408	9	4
D3404.contig2516	408	15	2
D3404.contig2517	408	13	3
D3404.contig2518	408	16	6
D3404.contig2519	408	19	3
D3404.contig2520	407	9	5
D3404.contig2521	407	18	6
D3404.contig2522	407	23	4
D3404.contig2523	407	13	3
D3404.contig2524	407	17	2
D3404.contig2525	407	20	4
D3404.contig2526	407	11	5
D3404.contig2527	406	12	4
D3404.contig2528	406	8	4
D3404.contig2529	406	15	5
D3404.contig2530	406	9	5
D3404.contig2531	406	39	12
D3404.contig2532	405	15	6
D3404.contig2533	405	9	7
D3404.contig2534	405	14	4
D3404.contig2535	405	10	6
D3404.contig2536	404	14	6
D3404.contig2537	404	22	3
D3404.contig2538	404	17	4
D3404.contig2539	404	15	3
D3404.contig2540	404	29	5
D3404.contig2541	403	20	4
D3404.contig2542	403	13	3
D3404.contig2543	403	21	4
D3404.contig2544	402	13	1
D3404.contig2545	402	11	3
D3404.contig2546	402	8	0
D3404.contig2547	402	24	7
D3404.contig2548	402	16	4
D3404.contig2549	402	13	7
D3404.contig2550	401	13	3
D3404.contig2551	401	23	3
D3404.contig2552	401	16	6
D3404.contig2553	401	15	5
D3404.contig2554	400	35	12
D3404.contig2555	400	14	7
D3404.contig2556	400	19	4
D3404.contig2557	400	14	7
D3404.contig2558	400	9	5
D3404.contig2559	400	14	4
D3404.contig2560	400	18	3
D3404.contig2561	399	11	7
D3404.contig2562	399	16	3
D3404.contig2563	399	15	7
D3404.contig2564	399	15	5
D3404.contig2565	399	16	8
D3404.contig2566	398	20	4
D3404.contig2567	398	6	4
D3404.contig2568	398	9	7
D3404.contig2569	398	15	7
D3404.contig2570	398	16	2
D3404.contig2571	398	14	4
D3404.contig2572	398	19	4
D3404.contig2573	397	13	8
D3404.contig2574	397	17	5
D3404.contig2575	397	7	5
D3404.contig2576	397	16	8
D3404.contig2577	397	12	6
D3404.contig2578	397	15	7
D3404.contig2579	397	9	4
D3404.contig2580	397	12	3
D3404.contig2581	397	9	5
D3404.contig2582	397	12	4
D3404.contig2583	396	22	6
D3404.contig2584	396	14	2
D3404.contig2585	396	15	4
D3404.contig2586	396	20	7
D3404.contig2587	396	9	5
D3404.contig2588	396	15	5
D3404.contig2589	396	30	6
D3404.contig2590	395	9	6
D3404.contig2591	395	26	4
D3404.contig2592	395	20	4
D3404.contig2593	394	14	4
D3404.contig2594	394	9	2
D3404.contig2595	394	12	5
D3404.contig2596	394	21	13
D3404.contig2597	394	9	2
D3404.contig2598	393	7	7
D3404.contig2599	393	31	7
D3404.contig2600	393	14	8
D3404.contig2601	393	12	5
D3404.contig2602	393	14	3
D3404.contig2603	393	17	7
D3404.contig2604	393	18	5
D3404.contig2605	393	11	3
D3404.contig2606	392	9	3
D3404.contig2607	392	49	10
D3404.contig2608	392	11	3
D3404.contig2609	392	15	7
D3404.contig2610	392	24	4
D3404.contig2611	391	13	5
D3404.contig2612	391	5	3
D3404.contig2613	391	22	2
D3404.contig2614	391	7	7
D3404.contig2615	391	25	5
D3404.contig2616	391	17	4
D3404.contig2617	391	15	10
D3404.contig2618	391	10	4
D3404.contig2619	391	19	7
D3404.contig2620	391	8	6
D3404.contig2621	391	11	1
D3404.contig2622	390	27	5
D3404.contig2623	390	12	4
D3404.contig2624	390	13	4
D3404.contig2625	390	19	6
D3404.contig2626	390	16	5
D3404.contig2627	390	13	5
D3404.contig2628	390	11	4
D3404.contig2629	390	8	3
D3404.contig2630	389	16	5
D3404.contig2631	389	15	8
D3404.contig2632	389	17	9
D3404.contig2633	389	16	2
D3404.contig2634	389	9	4
D3404.contig2635	389	9	5
D3404.contig2636	388	9	5
D3404.contig2637	388	8	4
D3404.contig2638	388	15	5
D3404.contig2639	388	18	5
D3404.contig2640	388	32	6
D3404.contig2641	388	23	4
D3404.contig2642	388	620	84
D3404.contig2643	388	12	2
D3404.contig2644	388	11	3
D3404.contig2645	388	13	2
D3404.contig2646	387	10	3
D3404.contig2647	387	16	8
D3404.contig2648	387	10	1
D3404.contig2649	387	9	6
D3404.contig2650	387	17	3
D3404.contig2651	386	15	7
D3404.contig2652	386	8	4
D3404.contig2653	386	16	4
D3404.contig2654	386	18	4
D3404.contig2655	386	26	9
D3404.contig2656	386	28	2
D3404.contig2657	386	10	4
D3404.contig2658	385	15	1
D3404.contig2659	385	13	7
D3404.contig2660	385	11	4
D3404.contig2661	385	22	11
D3404.contig2662	385	22	8
D3404.contig2663	385	11	6
D3404.contig2664	384	10	3
D3404.contig2665	384	9	5
D3404.contig2666	384	15	8
D3404.contig2667	384	16	4
D3404.contig2668	384	11	5
D3404.contig2669	383	12	3
D3404.contig2670	383	15	7
D3404.contig2671	383	10	4
D3404.contig2672	383	19	3
D3404.contig2673	382	14	6
D3404.contig2674	382	14	4
D3404.contig2675	382	25	3
D3404.contig2676	382	16	10
D3404.contig2677	382	20	12
D3404.contig2678	382	13	6
D3404.contig2679	381	17	7
D3404.contig2680	381	19	1
D3404.contig2681	381	17	9
D3404.contig2682	381	28	0
D3404.contig2683	381	9	4
D3404.contig2684	381	10	4
D3404.contig2685	381	15	5
D3404.contig2686	380	19	5
D3404.contig2687	380	20	8
D3404.contig2688	380	17	4
D3404.contig2689	380	15	2
D3404.contig2690	380	13	5
D3404.contig2691	380	12	5
D3404.contig2692	380	22	6
D3404.contig2693	380	5	5
D3404.contig2694	379	14	2
D3404.contig2695	379	19	9
D3404.contig2696	379	12	3
D3404.contig2697	379	10	4
D3404.contig2698	379	12	4
D3404.contig2699	379	9	5
D3404.contig2700	379	15	5
D3404.contig2701	379	9	3
D3404.contig2702	379	14	6
D3404.contig2703	378	16	4
D3404.contig2704	378	5	3
D3404.contig2705	378	18	4
D3404.contig2706	378	14	5
D3404.contig2707	378	15	9
D3404.contig2708	378	201	15
D3404.contig2709	377	10	6
D3404.contig2710	377	25	4
D3404.contig2711	377	14	7
D3404.contig2712	377	6	4
D3404.contig2713	376	14	4
D3404.contig2714	376	20	3
D3404.contig2715	376	19	3
D3404.contig2716	376	20	1
D3404.contig2717	376	12	6
D3404.contig2718	376	25	4
D3404.contig2719	376	16	5
D3404.contig2720	376	15	7
D3404.contig2721	375	13	5
D3404.contig2722	375	24	10
D3404.contig2723	375	12	3
D3404.contig2724	375	11	7
D3404.contig2725	375	7	3
D3404.contig2726	375	10	2
D3404.contig2727	375	16	3
D3404.contig2728	375	18	5
D3404.contig2729	375	12	6
D3404.contig2730	375	13	5
D3404.contig2731	375	19	2
D3404.contig2732	374	17	10
D3404.contig2733	374	12	5
D3404.contig2734	374	12	4
D3404.contig2735	374	8	6
D3404.contig2736	374	21	0
D3404.contig2737	374	12	0
D3404.contig2738	374	17	3
D3404.contig2739	374	62	5
D3404.contig2740	374	19	7
D3404.contig2741	374	20	5
D3404.contig2742	374	19	5
D3404.contig2743	374	10	6
D3404.contig2744	373	20	2
D3404.contig2745	373	18	5
D3404.contig2746	373	11	5
D3404.contig2747	373	14	8
D3404.contig2748	373	9	3
D3404.contig2749	373	17	11
D3404.contig2750	372	10	3
D3404.contig2751	372	15	2
D3404.contig2752	372	12	4
D3404.contig2753	372	28	3
D3404.contig2754	372	19	12
D3404.contig2755	372	14	4
D3404.contig2756	372	12	5
D3404.contig2757	372	11	1
D3404.contig2758	372	19	8
D3404.contig2759	372	20	6
D3404.contig2760	372	11	5
D3404.contig2761	372	7	3
D3404.contig2762	371	21	4
D3404.contig2763	371	11	5
D3404.contig2764	371	29	9
D3404.contig2765	371	16	4
D3404.contig2766	371	9	9
D3404.contig2767	371	9	3
D3404.contig2768	370	15	2
D3404.contig2769	370	13	6
D3404.contig2770	370	18	4
D3404.contig2771	370	276	6
D3404.contig2772	370	11	3
D3404.contig2773	370	8	4
D3404.contig2774	370	8	3
D3404.contig2775	370	12	2
D3404.contig2776	369	10	2
D3404.contig2777	369	8	3
D3404.contig2778	369	24	4
D3404.contig2779	369	15	3
D3404.contig2780	369	11	7
D3404.contig2781	369	18	5
D3404.contig2782	368	10	5
D3404.contig2783	368	10	4
D3404.contig2784	368	193	4
D3404.contig2785	368	13	1
D3404.contig2786	368	20	3
D3404.contig2787	368	23	6
D3404.contig2788	368	18	4
D3404.contig2789	368	13	7
D3404.contig2790	368	8	4
D3404.contig2791	368	12	4
D3404.contig2792	368	13	3
D3404.contig2793	368	9	5
D3404.contig2794	368	10	2
D3404.contig2795	368	13	7
D3404.contig2796	368	16	4
D3404.contig2797	367	8	4
D3404.contig2798	367	10	6
D3404.contig2799	367	26	6
D3404.contig2800	367	30	2
D3404.contig2801	367	6	4
D3404.contig2802	367	12	6
D3404.contig2803	366	23	9
D3404.contig2804	366	10	4
D3404.contig2805	366	9	5
D3404.contig2806	366	12	4
D3404.contig2807	366	18	5
D3404.contig2808	365	9	3
D3404.contig2809	365	10	6
D3404.contig2810	365	13	7
D3404.contig2811	365	14	6
D3404.contig2812	365	10	4
D3404.contig2813	364	12	5
D3404.contig2814	364	10	4
D3404.contig2815	364	11	1
D3404.contig2816	364	23	2
D3404.contig2817	364	17	9
D3404.contig2818	364	8	7
D3404.contig2819	364	18	7
D3404.contig2820	364	15	5
D3404.contig2821	363	20	2
D3404.contig2822	363	12	4
D3404.contig2823	363	7	7
D3404.contig2824	363	16	4
D3404.contig2825	363	28	2
D3404.contig2826	363	15	4
D3404.contig2827	363	5	3
D3404.contig2828	362	14	4
D3404.contig2829	362	18	2
D3404.contig2830	362	20	10
D3404.contig2831	362	39	6
D3404.contig2832	362	15	3
D3404.contig2833	362	15	7
D3404.contig2834	362	23	7
D3404.contig2835	362	9	5
D3404.contig2836	362	18	3
D3404.contig2837	362	28	4
D3404.contig2838	361	11	2
D3404.contig2839	361	11	1
D3404.contig2840	361	17	6
D3404.contig2841	361	4	4
D3404.contig2842	361	11	0
D3404.contig2843	361	9	3
D3404.contig2844	360	28	0
D3404.contig2845	360	9	5
D3404.contig2846	360	11	7
D3404.contig2847	359	11	7
D3404.contig2848	359	10	0
D3404.contig2849	359	10	5
D3404.contig2850	359	13	4
D3404.contig2851	359	27	1
D3404.contig2852	359	12	2
D3404.contig2853	359	13	2
D3404.contig2854	358	16	1
D3404.contig2855	358	13	2
D3404.contig2856	358	19	3
D3404.contig2857	358	15	9
D3404.contig2858	358	12	5
D3404.contig2859	358	14	2
D3404.contig2860	358	8	3
D3404.contig2861	358	16	7
D3404.contig2862	358	10	2
D3404.contig2863	358	8	5
D3404.contig2864	358	10	6
D3404.contig2865	357	18	8
D3404.contig2866	357	6	4
D3404.contig2867	357	7	7
D3404.contig2868	357	8	2
D3404.contig2869	357	11	1
D3404.contig2870	357	18	2
D3404.contig2871	357	19	5
D3404.contig2872	357	18	3
D3404.contig2873	357	10	2
D3404.contig2874	357	18	0
D3404.contig2875	357	143	13
D3404.contig2876	357	13	0
D3404.contig2877	357	9	5
D3404.contig2878	356	6	4
D3404.contig2879	356	19	9
D3404.contig2880	356	13	11
D3404.contig2881	356	13	4
D3404.contig2882	356	17	9
D3404.contig2883	355	9	5
D3404.contig2884	355	5	5
D3404.contig2885	355	28	5
D3404.contig2886	355	10	3
D3404.contig2887	355	9	5
D3404.contig2888	355	15	5
D3404.contig2889	355	9	3
D3404.contig2890	355	13	9
D3404.contig2891	354	13	5
D3404.contig2892	354	20	8
D3404.contig2893	353	8	6
D3404.contig2894	353	14	5
D3404.contig2895	353	10	3
D3404.contig2896	353	5	5
D3404.contig2897	353	15	6
D3404.contig2898	353	9	3
D3404.contig2899	353	13	1
D3404.contig2900	353	15349	689
D3404.contig2901	353	12	5
D3404.contig2902	353	13	4
D3404.contig2903	353	27	2
D3404.contig2904	353	8	5
D3404.contig2905	353	6	2
D3404.contig2906	353	17	3
D3404.contig2907	353	9	5
D3404.contig2908	353	20	5
D3404.contig2909	352	19	6
D3404.contig2910	352	12	3
D3404.contig2911	352	8	6
D3404.contig2912	352	11	5
D3404.contig2913	352	10	6
D3404.contig2914	352	12	6
D3404.contig2915	352	9	4
D3404.contig2916	352	12	10
D3404.contig2917	352	11	5
D3404.contig2918	352	22	2
D3404.contig2919	351	10	8
D3404.contig2920	351	13	3
D3404.contig2921	351	15	2
D3404.contig2922	351	10	3
D3404.contig2923	351	9	4
D3404.contig2924	351	13	5
D3404.contig2925	351	22	3
D3404.contig2926	351	19	2
D3404.contig2927	351	5	5
D3404.contig2928	351	12	6
D3404.contig2929	351	8	1
D3404.contig2930	351	10	3
D3404.contig2931	350	485	17
D3404.contig2932	350	17	5
D3404.contig2933	350	12	8
D3404.contig2934	350	23	14
D3404.contig2935	349	9	7
D3404.contig2936	349	17	3
D3404.contig2937	349	8	6
D3404.contig2938	349	8	4
D3404.contig2939	349	11	6
D3404.contig2940	348	14	5
D3404.contig2941	348	9	6
D3404.contig2942	348	8	2
D3404.contig2943	348	7	4
D3404.contig2944	348	15	8
D3404.contig2945	348	18	4
D3404.contig2946	348	7	5
D3404.contig2947	347	13	7
D3404.contig2948	347	38	2
D3404.contig2949	347	6	0
D3404.contig2950	347	21	6
D3404.contig2951	347	12	2
D3404.contig2952	347	28	4
D3404.contig2953	347	10	4
D3404.contig2954	347	3	1
D3404.contig2955	347	31	5
D3404.contig2956	347	8	4
D3404.contig2957	346	12	6
D3404.contig2958	346	9	0
D3404.contig2959	346	12	1
D3404.contig2960	346	10	0
D3404.contig2961	346	7	7
D3404.contig2962	346	12	2
D3404.contig2963	346	9	3
D3404.contig2964	346	10	6
D3404.contig2965	346	20	6
D3404.contig2966	346	9	7
D3404.contig2967	345	11	3
D3404.contig2968	345	14	5
D3404.contig2969	345	14	5
D3404.contig2970	345	19	7
D3404.contig2971	345	11	7
D3404.contig2972	345	17	4
D3404.contig2973	345	10	0
D3404.contig2974	345	6	4
D3404.contig2975	345	6	2
D3404.contig2976	344	22	7
D3404.contig2977	344	16	8
D3404.contig2978	344	9	5
D3404.contig2979	344	16	6
D3404.contig2980	344	12	6
D3404.contig2981	344	14	5
D3404.contig2982	344	16	3
D3404.contig2983	343	9	4
D3404.contig2984	343	8	2
D3404.contig2985	343	11	5
D3404.contig2986	343	9	3
D3404.contig2987	343	14	6
D3404.contig2988	343	20	7
D3404.contig2989	343	8	5
D3404.contig2990	343	8	3
D3404.contig2991	342	9	9
D3404.contig2992	342	18	3
D3404.contig2993	342	16	4
D3404.contig2994	342	16	4
D3404.contig2995	342	18	8
D3404.contig2996	342	14	8
D3404.contig2997	342	8	8
D3404.contig2998	342	8	4
D3404.contig2999	342	14	9
D3404.contig3000	342	10	7
D3404.contig3001	342	26	4
D3404.contig3002	341	8	2
D3404.contig3003	341	27	3
D3404.contig3004	341	4	2
D3404.contig3005	341	10	6
D3404.contig3006	341	9	1
D3404.contig3007	340	9	3
D3404.contig3008	340	16	9
D3404.contig3009	340	18	6
D3404.contig3010	340	10	4
D3404.contig3011	340	3	3
D3404.contig3012	340	12	4
D3404.contig3013	340	17	3
D3404.contig3014	340	12	4
D3404.contig3015	340	5	5
D3404.contig3016	340	9	2
D3404.contig3017	339	14	2
D3404.contig3018	339	10	1
D3404.contig3019	339	24	2
D3404.contig3020	339	16	6
D3404.contig3021	339	2	2
D3404.contig3022	339	17	7
D3404.contig3023	339	10	5
D3404.contig3024	339	16	3
D3404.contig3025	339	8	4
D3404.contig3026	339	21	4
D3404.contig3027	339	17	6
D3404.contig3028	338	10	6
D3404.contig3029	338	6	4
D3404.contig3030	338	8	4
D3404.contig3031	338	11	5
D3404.contig3032	338	9	3
D3404.contig3033	338	13	7
D3404.contig3034	338	5	3
D3404.contig3035	338	10	6
D3404.contig3036	338	6	2
D3404.contig3037	338	14	4
D3404.contig3038	338	17	6
D3404.contig3039	338	9	5
D3404.contig3040	338	147	15
D3404.contig3041	337	14	2
D3404.contig3042	337	16	5
D3404.contig3043	337	8	2
D3404.contig3044	337	11	3
D3404.contig3045	337	13	3
D3404.contig3046	337	8	6
D3404.contig3047	337	14	2
D3404.contig3048	336	22	8
D3404.contig3049	336	22	6
D3404.contig3050	336	8	3
D3404.contig3051	336	10	4
D3404.contig3052	336	17	6
D3404.contig3053	336	12	6
D3404.contig3054	336	16	5
D3404.contig3055	336	14	6
D3404.contig3056	336	8	4
D3404.contig3057	335	4	2
D3404.contig3058	335	13	7
D3404.contig3059	335	24	3
D3404.contig3060	335	13	6
D3404.contig3061	335	11	3
D3404.contig3062	335	11	9
D3404.contig3063	335	21	5
D3404.contig3064	334	8	4
D3404.contig3065	334	13	5
D3404.contig3066	334	10	6
D3404.contig3067	334	16	4
D3404.contig3068	334	13	4
D3404.contig3069	334	11	3
D3404.contig3070	334	4	4
D3404.contig3071	334	13	4
D3404.contig3072	334	19	6
D3404.contig3073	334	15	4
D3404.contig3074	334	11	5
D3404.contig3075	334	14	6
D3404.contig3076	334	12	6
D3404.contig3077	334	9	7
D3404.contig3078	334	18	7
D3404.contig3079	333	12	4
D3404.contig3080	333	15	4
D3404.contig3081	333	8	1
D3404.contig3082	333	9	7
D3404.contig3083	333	7	7
D3404.contig3084	333	13	8
D3404.contig3085	333	9	5
D3404.contig3086	333	6	5
D3404.contig3087	333	9	7
D3404.contig3088	333	7	5
D3404.contig3089	333	17	4
D3404.contig3090	332	16	5
D3404.contig3091	332	16	10
D3404.contig3092	332	9	5
D3404.contig3093	332	9	5
D3404.contig3094	332	14	6
D3404.contig3095	332	10	5
D3404.contig3096	332	9	5
D3404.contig3097	332	11	7
D3404.contig3098	332	18	5
D3404.contig3099	332	43	3
D3404.contig3100	332	12	6
D3404.contig3101	332	7	2
D3404.contig3102	332	19	2
D3404.contig3103	332	7	3
D3404.contig3104	332	14	4
D3404.contig3105	332	10	5
D3404.contig3106	331	6	0
D3404.contig3107	331	10	6
D3404.contig3108	331	13	1
D3404.contig3109	331	10	4
D3404.contig3110	331	14	3
D3404.contig3111	331	16	6
D3404.contig3112	331	17	7
D3404.contig3113	331	11	3
D3404.contig3114	331	7	5
D3404.contig3115	330	8	8
D3404.contig3116	330	8	4
D3404.contig3117	330	23	6
D3404.contig3118	330	8	2
D3404.contig3119	330	9	3
D3404.contig3120	330	9	5
D3404.contig3121	330	11	3
D3404.contig3122	330	14	8
D3404.contig3123	330	8	4
D3404.contig3124	329	13	5
D3404.contig3125	329	10	3
D3404.contig3126	329	7	5
D3404.contig3127	329	8	4
D3404.contig3128	328	11	4
D3404.contig3129	328	12	7
D3404.contig3130	328	21	7
D3404.contig3131	328	11	7
D3404.contig3132	328	8	2
D3404.contig3133	327	7	3
D3404.contig3134	327	8	4
D3404.contig3135	327	9	5
D3404.contig3136	327	14	3
D3404.contig3137	327	9	6
D3404.contig3138	327	7	4
D3404.contig3139	327	6	2
D3404.contig3140	327	53	2
D3404.contig3141	327	14	6
D3404.contig3142	327	18	5
D3404.contig3143	327	6	2
D3404.contig3144	326	11	6
D3404.contig3145	326	13	1
D3404.contig3146	326	5	1
D3404.contig3147	326	8	3
D3404.contig3148	326	9	3
D3404.contig3149	326	12	6
D3404.contig3150	326	12	3
D3404.contig3151	326	8	6
D3404.contig3152	326	11	6
D3404.contig3153	325	13	1
D3404.contig3154	325	18	6
D3404.contig3155	325	8	6
D3404.contig3156	325	13	2
D3404.contig3157	325	15	4
D3404.contig3158	325	15	13
D3404.contig3159	325	12	2
D3404.contig3160	325	296	21
D3404.contig3161	324	12	8
D3404.contig3162	324	12	2
D3404.contig3163	324	9	5
D3404.contig3164	324	60	6
D3404.contig3165	324	10	6
D3404.contig3166	324	18	6
D3404.contig3167	324	13	6
D3404.contig3168	324	12	6
D3404.contig3169	324	12	3
D3404.contig3170	324	13	6
D3404.contig3171	324	10	7
D3404.contig3172	324	15	6
D3404.contig3173	323	14	6
D3404.contig3174	323	16	4
D3404.contig3175	323	6	1
D3404.contig3176	323	15	7
D3404.contig3177	323	9	6
D3404.contig3178	323	15	2
D3404.contig3179	323	8	6
D3404.contig3180	323	13	8
D3404.contig3181	323	4	4
D3404.contig3182	323	4	4
D3404.contig3183	323	18	6
D3404.contig3184	322	7	1
D3404.contig3185	322	16	5
D3404.contig3186	322	24	11
D3404.contig3187	322	9	5
D3404.contig3188	322	11	2
D3404.contig3189	322	8	4
D3404.contig3190	322	10	7
D3404.contig3191	322	18	1
D3404.contig3192	322	12	4
D3404.contig3193	322	9	3
D3404.contig3194	322	7	6
D3404.contig3195	322	13	7
D3404.contig3196	322	20	5
D3404.contig3197	322	605	41
D3404.contig3198	322	14	2
D3404.contig3199	321	14	6
D3404.contig3200	321	21	4
D3404.contig3201	321	6	4
D3404.contig3202	321	14	5
D3404.contig3203	321	6	2
D3404.contig3204	321	7	5
D3404.contig3205	320	14	8
D3404.contig3206	320	9	7
D3404.contig3207	320	13	4
D3404.contig3208	320	4	4
D3404.contig3209	320	9	5
D3404.contig3210	320	15	4
D3404.contig3211	320	7	3
D3404.contig3212	320	12	6
D3404.contig3213	320	12	6
D3404.contig3214	320	9	5
D3404.contig3215	320	12	6
D3404.contig3216	320	15	7
D3404.contig3217	319	7	7
D3404.contig3218	319	6	3
D3404.contig3219	319	11	6
D3404.contig3220	319	10	6
D3404.contig3221	319	9	3
D3404.contig3222	318	13	3
D3404.contig3223	318	9	7
D3404.contig3224	318	12	4
D3404.contig3225	318	10	6
D3404.contig3226	318	6	3
D3404.contig3227	318	11	3
D3404.contig3228	318	10	1
D3404.contig3229	318	5	3
D3404.contig3230	318	14	8
D3404.contig3231	317	6	4
D3404.contig3232	317	6	2
D3404.contig3233	317	14	5
D3404.contig3234	317	10	5
D3404.contig3235	317	10	3
D3404.contig3236	317	8	6
D3404.contig3237	316	5	5
D3404.contig3238	316	9	2
D3404.contig3239	316	14	3
D3404.contig3240	316	5	3
D3404.contig3241	316	9	5
D3404.contig3242	316	15	5
D3404.contig3243	316	15	11
D3404.contig3244	316	67	11
D3404.contig3245	316	23	10
D3404.contig3246	316	8	6
D3404.contig3247	316	14	4
D3404.contig3248	316	13	7
D3404.contig3249	316	14	3
D3404.contig3250	315	13	7
D3404.contig3251	315	8	2
D3404.contig3252	315	9	3
D3404.contig3253	315	15	5
D3404.contig3254	315	14	4
D3404.contig3255	315	12	1
D3404.contig3256	315	12	6
D3404.contig3257	315	9	2
D3404.contig3258	315	10	4
D3404.contig3259	315	3	3
D3404.contig3260	315	8	5
D3404.contig3261	315	7	5
D3404.contig3262	314	9	3
D3404.contig3263	314	15	7
D3404.contig3264	314	6	2
D3404.contig3265	314	11	3
D3404.contig3266	314	19	4
D3404.contig3267	314	8	5
D3404.contig3268	314	10	2
D3404.contig3269	314	5	5
D3404.contig3270	314	6	2
D3404.contig3271	314	10	3
D3404.contig3272	313	7	2
D3404.contig3273	313	6	4
D3404.contig3274	313	7	3
D3404.contig3275	313	9	7
D3404.contig3276	313	9	7
D3404.contig3277	313	12	4
D3404.contig3278	313	7	5
D3404.contig3279	313	8	2
D3404.contig3280	312	15	9
D3404.contig3281	312	17	7
D3404.contig3282	312	11	5
D3404.contig3283	312	16	7
D3404.contig3284	312	7	5
D3404.contig3285	312	16	4
D3404.contig3286	312	11	4
D3404.contig3287	312	10	2
D3404.contig3288	312	155	3
D3404.contig3289	312	5	3
D3404.contig3290	312	5	3
D3404.contig3291	312	9	7
D3404.contig3292	311	9	7
D3404.contig3293	311	12	7
D3404.contig3294	311	12	6
D3404.contig3295	311	18	8
D3404.contig3296	311	10	2
D3404.contig3297	311	10	4
D3404.contig3298	311	7	2
D3404.contig3299	311	9	3
D3404.contig3300	311	7	5
D3404.contig3301	311	7	7
D3404.contig3302	311	18	10
D3404.contig3303	311	14	3
D3404.contig3304	310	11	7
D3404.contig3305	310	10	5
D3404.contig3306	310	52	2
D3404.contig3307	310	6	6
D3404.contig3308	310	9	3
D3404.contig3309	310	22	3
D3404.contig3310	310	16	3
D3404.contig3311	310	8	3
D3404.contig3312	310	7	5
D3404.contig3313	309	12	3
D3404.contig3314	309	9	5
D3404.contig3315	309	12	6
D3404.contig3316	309	5	3
D3404.contig3317	309	7	4
D3404.contig3318	309	10	5
D3404.contig3319	309	6	4
D3404.contig3320	309	9	1
D3404.contig3321	308	9	4
D3404.contig3322	308	14	2
D3404.contig3323	308	11	3
D3404.contig3324	308	8	2
D3404.contig3325	308	13	6
D3404.contig3326	308	8	4
D3404.contig3327	308	17	7
D3404.contig3328	307	7	7
D3404.contig3329	307	12	4
D3404.contig3330	307	12	1
D3404.contig3331	307	18	5
D3404.contig3332	307	17	1
D3404.contig3333	307	10	4
D3404.contig3334	307	11	2
D3404.contig3335	307	7	3
D3404.contig3336	307	11	3
D3404.contig3337	307	8	3
D3404.contig3338	307	7	5
D3404.contig3339	307	7	5
D3404.contig3340	307	6	4
D3404.contig3341	307	8	4
D3404.contig3342	307	9	4
D3404.contig3343	307	4	2
D3404.contig3344	306	7	6
D3404.contig3345	306	28	1
D3404.contig3346	306	10	5
D3404.contig3347	306	6	6
D3404.contig3348	306	12	5
D3404.contig3349	306	13	4
D3404.contig3350	306	6	4
D3404.contig3351	306	11	1
D3404.contig3352	306	9	5
D3404.contig3353	306	5	5
D3404.contig3354	306	9	4
D3404.contig3355	306	15	2
D3404.contig3356	306	5	5
D3404.contig3357	306	8	6
D3404.contig3358	305	9	3
D3404.contig3359	305	13	6
D3404.contig3360	305	8	4
D3404.contig3361	305	8	4
D3404.contig3362	305	18	3
D3404.contig3363	305	11	2
D3404.contig3364	305	10	1
D3404.contig3365	305	7	5
D3404.contig3366	305	9	0
D3404.contig3367	305	9	5
D3404.contig3368	305	10	1
D3404.contig3369	305	6	2
D3404.contig3370	305	8	4
D3404.contig3371	305	6	2
D3404.contig3372	304	8	6
D3404.contig3373	304	58	2
D3404.contig3374	304	10	2
D3404.contig3375	304	12	9
D3404.contig3376	304	7	6
D3404.contig3377	304	8	2
D3404.contig3378	304	7	5
D3404.contig3379	304	12	3
D3404.contig3380	304	10	7
D3404.contig3381	304	11	4
D3404.contig3382	304	9	5
D3404.contig3383	304	4	2
D3404.contig3384	304	9	3
D3404.contig3385	304	6	4
D3404.contig3386	303	8	2
D3404.contig3387	303	8	4
D3404.contig3388	303	16	5
D3404.contig3389	303	9	3
D3404.contig3390	303	8	6
D3404.contig3391	303	8	2
D3404.contig3392	303	14	2
D3404.contig3393	303	10	4
D3404.contig3394	303	14	2
D3404.contig3395	303	13	7
D3404.contig3396	303	7	5
D3404.contig3397	303	7	3
D3404.contig3398	303	8	3
D3404.contig3399	303	22	3
D3404.contig3400	303	13	1
D3404.contig3401	302	7	4
D3404.contig3402	302	8	2
D3404.contig3403	302	6	2
D3404.contig3404	302	7	7
D3404.contig3405	302	9	5
D3404.contig3406	302	12	5
D3404.contig3407	302	13	2
D3404.contig3408	302	11	3
D3404.contig3409	302	15	9
D3404.contig3410	302	12	6
D3404.contig3411	302	13	7
D3404.contig3412	302	9	5
D3404.contig3413	302	7	3
D3404.contig3414	302	6	4
D3404.contig3415	302	20	2
D3404.contig3416	302	7	4
D3404.contig3417	302	16	2
D3404.contig3418	302	10	8
D3404.contig3419	302	12	3
D3404.contig3420	302	11	8
D3404.contig3421	301	9	4
D3404.contig3422	301	13	7
D3404.contig3423	301	21	4
D3404.contig3424	301	9	8
D3404.contig3425	301	13	4
D3404.contig3426	301	12	3
D3404.contig3427	301	9	1
D3404.contig3428	301	11	3
D3404.contig3429	301	10	4
D3404.contig3430	301	7	3
D3404.contig3431	301	8	6
D3404.contig3432	301	7	1
D3404.contig3433	300	7	4
D3404.contig3434	300	10	7
D3404.contig3435	300	7	1
D3404.contig3436	300	6	4
D3404.contig3437	300	8	0
D3404.contig3438	300	5	3
D3404.contig3439	300	11	6
D3404.contig3440	300	8	2
D3404.contig3441	300	9	7
D3404.contig3442	300	11	7
*	0	0	171870
