D3961.contig1	66956	85005	1964
D3961.contig2	56313	58746	1398
D3961.contig3	34618	8236878	363759
D3961.contig4	32191	20577	534
D3961.contig5	19905	6742	134
D3961.contig6	19683	6328	143
D3961.contig7	19604	8927	230
D3961.contig8	17935	7883	199
D3961.contig9	17808	5131	122
D3961.contig10	13909	2299	83
D3961.contig11	12893	5226	109
D3961.contig12	12447	3299	80
D3961.contig13	12380	4023	86
D3961.contig14	11857	7430	207
D3961.contig15	11721	2781	27
D3961.contig16	10138	1865	61
D3961.contig17	10099	1404	36
D3961.contig18	9590	2020	49
D3961.contig19	9532	1240	23
D3961.contig20	9495	1590	45
D3961.contig21	8726	2894	45
D3961.contig22	8563	1273	40
D3961.contig23	8149	858	31
D3961.contig24	7613	5254	120
D3961.contig25	7146	1480	50
D3961.contig26	7071	1319	40
D3961.contig27	6623	979	21
D3961.contig28	6570	870	18
D3961.contig29	6568	1518	40
D3961.contig30	6442	807	24
D3961.contig31	6103	1043	31
D3961.contig32	5684	862	24
D3961.contig33	5349	540	20
D3961.contig34	5240	553	15
D3961.contig35	4453	525	17
D3961.contig36	4445	713	13
D3961.contig37	4421	574	17
D3961.contig38	4418	793	26
D3961.contig39	4302	463	12
D3961.contig40	4223	593	20
D3961.contig41	4217	753	15
D3961.contig42	4160	770	28
D3961.contig43	3807	497	20
D3961.contig44	3780	551	33
D3961.contig45	3770	814	22
D3961.contig46	3738	547	32
D3961.contig47	3716	455	21
D3961.contig48	3694	788	45
D3961.contig49	3662	396	22
D3961.contig50	3526	329	14
D3961.contig51	3415	382	15
D3961.contig52	3317	537	17
D3961.contig53	3229	396	8
D3961.contig54	3199	280	6
D3961.contig55	3197	574	27
D3961.contig56	3134	266	20
D3961.contig57	3110	392	22
D3961.contig58	2865	310	11
D3961.contig59	2841	229	5
D3961.contig60	2811	201	9
D3961.contig61	2764	254	10
D3961.contig62	2677	697	27
D3961.contig63	2658	292	3
D3961.contig64	2653	309	7
D3961.contig65	2650	330	4
D3961.contig66	2636	333	13
D3961.contig67	2583	209	13
D3961.contig68	2539	324	17
D3961.contig69	2486	440	13
D3961.contig70	2412	203	9
D3961.contig71	2356	172	9
D3961.contig72	2335	265	8
D3961.contig73	2329	631	12
D3961.contig74	2304	319	13
D3961.contig75	2301	220	8
D3961.contig76	2266	227	12
D3961.contig77	2226	232	6
D3961.contig78	2221	186	14
D3961.contig79	2175	159	9
D3961.contig80	2153	228	22
D3961.contig81	2135	205	5
D3961.contig82	2121	184	19
D3961.contig83	2101	147	7
D3961.contig84	2097	195	4
D3961.contig85	2090	227	7
D3961.contig86	2060	139	12
D3961.contig87	2056	473	21
D3961.contig88	2051	191	2
D3961.contig89	2032	156	6
D3961.contig90	2028	464	21
D3961.contig91	2006	137	5
D3961.contig92	1998	137	12
D3961.contig93	1987	135	15
D3961.contig94	1967	418	7
D3961.contig95	1961	179	7
D3961.contig96	1933	129	8
D3961.contig97	1916	158	6
D3961.contig98	1895	172	6
D3961.contig99	1881	110	10
D3961.contig100	1855	154	12
D3961.contig101	1840	155	8
D3961.contig102	1838	110	4
D3961.contig103	1802	131	10
D3961.contig104	1793	256	12
D3961.contig105	1770	166	5
D3961.contig106	1752	180	9
D3961.contig107	1746	150	8
D3961.contig108	1731	136	8
D3961.contig109	1730	118	7
D3961.contig110	1718	106	5
D3961.contig111	1712	626	20
D3961.contig112	1711	196	6
D3961.contig113	1699	228	10
D3961.contig114	1688	147	6
D3961.contig115	1673	155	7
D3961.contig116	1665	166	8
D3961.contig117	1663	148	10
D3961.contig118	1657	139	7
D3961.contig119	1640	99	5
D3961.contig120	1637	112	5
D3961.contig121	1629	160	9
D3961.contig122	1607	136	6
D3961.contig123	1556	154	7
D3961.contig124	1544	170	11
D3961.contig125	1536	69	7
D3961.contig126	1531	117	5
D3961.contig127	1529	95	9
D3961.contig128	1511	164	8
D3961.contig129	1496	226	8
D3961.contig130	1472	121	14
D3961.contig131	1457	197	8
D3961.contig132	1439	197	5
D3961.contig133	1436	119	9
D3961.contig134	1433	110	3
D3961.contig135	1432	84	10
D3961.contig136	1427	63	9
D3961.contig137	1418	142	4
D3961.contig138	1415	106	4
D3961.contig139	1397	94	9
D3961.contig140	1378	123	8
D3961.contig141	1369	133	15
D3961.contig142	1367	93	5
D3961.contig143	1367	76	6
D3961.contig144	1365	60	9
D3961.contig145	1364	84	8
D3961.contig146	1357	89	9
D3961.contig147	1357	215	18
D3961.contig148	1321	77	7
D3961.contig149	1305	89	1
D3961.contig150	1303	60	5
D3961.contig151	1302	74	8
D3961.contig152	1301	73	1
D3961.contig153	1293	74	7
D3961.contig154	1275	123	6
D3961.contig155	1270	67	4
D3961.contig156	1266	84	17
D3961.contig157	1259	78	13
D3961.contig158	1246	38	14
D3961.contig159	1220	52	12
D3961.contig160	1220	69	17
D3961.contig161	1216	62	7
D3961.contig162	1213	53	6
D3961.contig163	1200	60	4
D3961.contig164	1190	112	12
D3961.contig165	1176	89	7
D3961.contig166	1169	82	12
D3961.contig167	1169	131	11
D3961.contig168	1166	65	9
D3961.contig169	1159	80	7
D3961.contig170	1157	117	7
D3961.contig171	1152	64	9
D3961.contig172	1152	69	2
D3961.contig173	1149	60	8
D3961.contig174	1144	64	6
D3961.contig175	1144	102	11
D3961.contig176	1134	46	12
D3961.contig177	1127	106	3
D3961.contig178	1127	51	11
D3961.contig179	1120	37	2
D3961.contig180	1116	72	7
D3961.contig181	1111	63	3
D3961.contig182	1106	92	8
D3961.contig183	1101	70	8
D3961.contig184	1092	95	7
D3961.contig185	1086	49	2
D3961.contig186	1075	52	12
D3961.contig187	1064	67	10
D3961.contig188	1057	69	8
D3961.contig189	1054	47	5
D3961.contig190	1034	53	14
D3961.contig191	1034	61	9
D3961.contig192	1032	53	12
D3961.contig193	1030	63	6
D3961.contig194	1026	68	6
D3961.contig195	1024	44	5
D3961.contig196	1018	101	12
D3961.contig197	1014	77	7
D3961.contig198	1013	71	11
D3961.contig199	1012	85	7
D3961.contig200	1004	47	3
D3961.contig201	1003	36	6
D3961.contig202	1003	68	9
D3961.contig203	1001	61	2
D3961.contig204	997	85	3
D3961.contig205	994	58	8
D3961.contig206	984	59	5
D3961.contig207	983	46	7
D3961.contig208	983	62	13
D3961.contig209	982	57	7
D3961.contig210	981	48	10
D3961.contig211	975	82	5
D3961.contig212	971	56	5
D3961.contig213	966	61	12
D3961.contig214	963	82	2
D3961.contig215	962	58	7
D3961.contig216	960	101	6
D3961.contig217	960	53	4
D3961.contig218	959	37	10
D3961.contig219	955	47	9
D3961.contig220	955	49	12
D3961.contig221	954	50	4
D3961.contig222	949	39	15
D3961.contig223	933	78	8
D3961.contig224	923	40	6
D3961.contig225	923	80	7
D3961.contig226	921	70	13
D3961.contig227	921	76	2
D3961.contig228	913	104	6
D3961.contig229	910	40	9
D3961.contig230	909	56	8
D3961.contig231	894	75	6
D3961.contig232	893	37	3
D3961.contig233	891	66	2
D3961.contig234	886	59	6
D3961.contig235	885	48	7
D3961.contig236	879	36	7
D3961.contig237	876	38	6
D3961.contig238	876	54	11
D3961.contig239	872	48	6
D3961.contig240	869	45	8
D3961.contig241	861	30	3
D3961.contig242	858	64	7
D3961.contig243	853	43	10
D3961.contig244	853	41	7
D3961.contig245	848	105	6
D3961.contig246	846	70	14
D3961.contig247	846	30	4
D3961.contig248	840	75	8
D3961.contig249	839	43	1
D3961.contig250	836	55	5
D3961.contig251	832	68	8
D3961.contig252	827	33	6
D3961.contig253	825	63	2
D3961.contig254	820	52	6
D3961.contig255	813	47	6
D3961.contig256	813	41	4
D3961.contig257	811	39	15
D3961.contig258	808	37	9
D3961.contig259	808	29	5
D3961.contig260	808	77	8
D3961.contig261	805	53	9
D3961.contig262	804	45	6
D3961.contig263	802	37	3
D3961.contig264	799	40	3
D3961.contig265	797	43	12
D3961.contig266	792	29	11
D3961.contig267	791	37	7
D3961.contig268	789	91	5
D3961.contig269	789	58	4
D3961.contig270	787	54	5
D3961.contig271	787	51	3
D3961.contig272	785	41	3
D3961.contig273	785	38	7
D3961.contig274	782	59	6
D3961.contig275	781	57	3
D3961.contig276	774	29	11
D3961.contig277	774	70	9
D3961.contig278	773	41	9
D3961.contig279	773	57	6
D3961.contig280	765	37	6
D3961.contig281	765	57	4
D3961.contig282	763	50	15
D3961.contig283	761	33	1
D3961.contig284	761	23	8
D3961.contig285	759	26	11
D3961.contig286	756	38	3
D3961.contig287	755	30	12
D3961.contig288	754	38	7
D3961.contig289	751	55	5
D3961.contig290	747	23	7
D3961.contig291	745	27	7
D3961.contig292	741	56	6
D3961.contig293	740	21	7
D3961.contig294	740	28	11
D3961.contig295	739	39	3
D3961.contig296	739	103	3
D3961.contig297	730	32	5
D3961.contig298	728	33	5
D3961.contig299	728	38	1
D3961.contig300	727	32	3
D3961.contig301	725	37	6
D3961.contig302	724	70	8
D3961.contig303	724	29	6
D3961.contig304	723	33	8
D3961.contig305	723	53	5
D3961.contig306	722	31	11
D3961.contig307	722	16	10
D3961.contig308	719	67	5
D3961.contig309	718	76	2
D3961.contig310	718	39	5
D3961.contig311	717	32	10
D3961.contig312	716	36	4
D3961.contig313	715	35	4
D3961.contig314	709	29	7
D3961.contig315	707	53	9
D3961.contig316	705	74	7
D3961.contig317	702	35	6
D3961.contig318	702	47	5
D3961.contig319	702	30	6
D3961.contig320	699	38	3
D3961.contig321	699	43	3
D3961.contig322	698	33	2
D3961.contig323	697	72	8
D3961.contig324	693	19	9
D3961.contig325	691	40	2
D3961.contig326	687	36	4
D3961.contig327	684	40	10
D3961.contig328	683	30	10
D3961.contig329	683	49	4
D3961.contig330	682	74	1
D3961.contig331	681	27	5
D3961.contig332	679	49	3
D3961.contig333	678	32	11
D3961.contig334	674	22	5
D3961.contig335	673	32	12
D3961.contig336	673	20	6
D3961.contig337	667	37	6
D3961.contig338	667	63	17
D3961.contig339	666	44	5
D3961.contig340	665	30	6
D3961.contig341	664	33	7
D3961.contig342	661	21	7
D3961.contig343	654	37	3
D3961.contig344	653	28	9
D3961.contig345	650	43	11
D3961.contig346	646	48	8
D3961.contig347	645	30	6
D3961.contig348	645	28	8
D3961.contig349	644	40	5
D3961.contig350	643	47	10
D3961.contig351	641	21	6
D3961.contig352	640	24	4
D3961.contig353	640	38	10
D3961.contig354	637	26	6
D3961.contig355	636	41	5
D3961.contig356	633	26	7
D3961.contig357	632	42	9
D3961.contig358	631	53	2
D3961.contig359	628	37	11
D3961.contig360	627	25	5
D3961.contig361	627	29	1
D3961.contig362	626	23	7
D3961.contig363	625	63	3
D3961.contig364	625	44	8
D3961.contig365	623	36	5
D3961.contig366	623	23	11
D3961.contig367	622	21	5
D3961.contig368	621	23	5
D3961.contig369	621	27	4
D3961.contig370	619	27	4
D3961.contig371	618	24	5
D3961.contig372	618	41	8
D3961.contig373	616	21	7
D3961.contig374	615	46	10
D3961.contig375	615	20	8
D3961.contig376	613	34	4
D3961.contig377	613	18	5
D3961.contig378	609	25	6
D3961.contig379	608	26	2
D3961.contig380	605	28	2
D3961.contig381	603	19	6
D3961.contig382	603	29	8
D3961.contig383	602	12	8
D3961.contig384	602	37	10
D3961.contig385	601	22	7
D3961.contig386	600	20	8
D3961.contig387	599	23	7
D3961.contig388	599	61	2
D3961.contig389	596	18	2
D3961.contig390	595	43	13
D3961.contig391	591	28	7
D3961.contig392	591	32	8
D3961.contig393	591	21	7
D3961.contig394	591	31	5
D3961.contig395	591	46	8
D3961.contig396	590	36	4
D3961.contig397	588	34	10
D3961.contig398	587	15	5
D3961.contig399	587	44	4
D3961.contig400	587	18	2
D3961.contig401	585	30	8
D3961.contig402	584	26	4
D3961.contig403	584	28	10
D3961.contig404	583	29	6
D3961.contig405	582	22	10
D3961.contig406	581	23	2
D3961.contig407	581	18	5
D3961.contig408	580	34	5
D3961.contig409	580	29	6
D3961.contig410	580	59	9
D3961.contig411	580	31	4
D3961.contig412	578	23	3
D3961.contig413	577	34	9
D3961.contig414	576	15	4
D3961.contig415	576	43	1
D3961.contig416	575	28	6
D3961.contig417	572	46	14
D3961.contig418	571	30	5
D3961.contig419	570	49	13
D3961.contig420	568	20	6
D3961.contig421	567	23	3
D3961.contig422	567	34	3
D3961.contig423	565	34	11
D3961.contig424	564	19	4
D3961.contig425	564	31	3
D3961.contig426	563	25	7
D3961.contig427	561	25	11
D3961.contig428	559	18	2
D3961.contig429	559	25	9
D3961.contig430	556	26	3
D3961.contig431	555	25	5
D3961.contig432	555	18	12
D3961.contig433	554	29	4
D3961.contig434	553	19	3
D3961.contig435	551	18	4
D3961.contig436	550	18	9
D3961.contig437	549	20	7
D3961.contig438	547	20	10
D3961.contig439	547	23	7
D3961.contig440	545	24	2
D3961.contig441	545	19	3
D3961.contig442	543	23	10
D3961.contig443	543	31	3
D3961.contig444	542	38	9
D3961.contig445	541	31	8
D3961.contig446	540	29	3
D3961.contig447	540	29	7
D3961.contig448	538	10	6
D3961.contig449	536	29	7
D3961.contig450	536	26	7
D3961.contig451	536	17	5
D3961.contig452	535	16	6
D3961.contig453	534	26	9
D3961.contig454	534	27	6
D3961.contig455	533	20	9
D3961.contig456	532	23	3
D3961.contig457	532	27	4
D3961.contig458	531	42	3
D3961.contig459	529	25	8
D3961.contig460	529	21	5
D3961.contig461	528	17	6
D3961.contig462	528	30	3
D3961.contig463	527	18	2
D3961.contig464	526	19	3
D3961.contig465	526	44	6
D3961.contig466	525	17	5
D3961.contig467	524	14	10
D3961.contig468	524	31	8
D3961.contig469	524	29	7
D3961.contig470	524	27	0
D3961.contig471	522	23	4
D3961.contig472	522	16	8
D3961.contig473	522	26	7
D3961.contig474	522	21	2
D3961.contig475	520	27	7
D3961.contig476	519	36	1
D3961.contig477	517	14	3
D3961.contig478	517	23	7
D3961.contig479	517	19	3
D3961.contig480	514	20	4
D3961.contig481	514	22	7
D3961.contig482	513	14	3
D3961.contig483	511	23	5
D3961.contig484	511	23	10
D3961.contig485	510	31	3
D3961.contig486	510	29	9
D3961.contig487	510	17	4
D3961.contig488	509	19	3
D3961.contig489	508	26	5
D3961.contig490	508	53	7
D3961.contig491	507	19	11
D3961.contig492	506	28	11
D3961.contig493	506	27	2
D3961.contig494	506	22	4
D3961.contig495	505	22	12
D3961.contig496	505	31	4
D3961.contig497	504	32	4
D3961.contig498	503	47	9
D3961.contig499	503	21	7
D3961.contig500	503	33	8
D3961.contig501	502	20	5
D3961.contig502	501	17	3
D3961.contig503	501	12	6
D3961.contig504	500	17	3
D3961.contig505	500	22	4
D3961.contig506	500	16	6
D3961.contig507	499	23	5
D3961.contig508	499	20	5
D3961.contig509	497	25	7
D3961.contig510	497	12	3
D3961.contig511	497	26	6
D3961.contig512	496	18	5
D3961.contig513	496	51	6
D3961.contig514	496	19	8
D3961.contig515	496	34	12
D3961.contig516	494	36	4
D3961.contig517	494	14	8
D3961.contig518	493	6	6
D3961.contig519	492	34	4
D3961.contig520	491	28	2
D3961.contig521	490	24	6
D3961.contig522	490	36	7
D3961.contig523	490	17	4
D3961.contig524	489	12	6
D3961.contig525	489	13	5
D3961.contig526	488	19	9
D3961.contig527	487	17	6
D3961.contig528	486	27	8
D3961.contig529	485	18	9
D3961.contig530	483	19	1
D3961.contig531	482	10	6
D3961.contig532	480	15	4
D3961.contig533	480	30	7
D3961.contig534	479	20	4
D3961.contig535	479	21	7
D3961.contig536	478	20	8
D3961.contig537	477	23	7
D3961.contig538	477	17	8
D3961.contig539	477	21	6
D3961.contig540	476	21	10
D3961.contig541	476	22	5
D3961.contig542	476	20	6
D3961.contig543	475	21	7
D3961.contig544	475	22	2
D3961.contig545	474	11	8
D3961.contig546	472	22	5
D3961.contig547	471	17	1
D3961.contig548	470	18	1
D3961.contig549	469	11	6
D3961.contig550	468	23	8
D3961.contig551	467	15	3
D3961.contig552	466	27	8
D3961.contig553	463	11	3
D3961.contig554	463	27	3
D3961.contig555	462	13	5
D3961.contig556	462	10	8
D3961.contig557	461	11	5
D3961.contig558	460	26	3
D3961.contig559	459	14	5
D3961.contig560	458	20	6
D3961.contig561	457	20	6
D3961.contig562	456	15	4
D3961.contig563	456	14	5
D3961.contig564	455	18	3
D3961.contig565	454	16	8
D3961.contig566	454	14	5
D3961.contig567	453	23	4
D3961.contig568	451	13	7
D3961.contig569	451	15	4
D3961.contig570	451	15	7
D3961.contig571	448	14	4
D3961.contig572	446	19	5
D3961.contig573	446	19	6
D3961.contig574	445	11	3
D3961.contig575	445	19	3
D3961.contig576	444	22	5
D3961.contig577	444	16	3
D3961.contig578	444	47	8
D3961.contig579	443	25	4
D3961.contig580	443	27	8
D3961.contig581	443	11	5
D3961.contig582	443	17	6
D3961.contig583	442	27	4
D3961.contig584	442	13	7
D3961.contig585	441	18	6
D3961.contig586	440	15	8
D3961.contig587	440	36	6
D3961.contig588	440	18	2
D3961.contig589	440	32	7
D3961.contig590	439	14	2
D3961.contig591	438	19	5
D3961.contig592	437	28	4
D3961.contig593	437	10	7
D3961.contig594	436	16	3
D3961.contig595	436	28	3
D3961.contig596	436	19	4
D3961.contig597	436	17	7
D3961.contig598	435	32	8
D3961.contig599	435	26	3
D3961.contig600	434	15	2
D3961.contig601	434	15	4
D3961.contig602	434	18	4
D3961.contig603	434	17	8
D3961.contig604	433	25	4
D3961.contig605	433	20	9
D3961.contig606	433	13	5
D3961.contig607	433	13	5
D3961.contig608	433	14	5
D3961.contig609	433	14	4
D3961.contig610	433	24	12
D3961.contig611	432	15	7
D3961.contig612	432	30	6
D3961.contig613	431	24	7
D3961.contig614	430	14	6
D3961.contig615	429	11	5
D3961.contig616	429	16	2
D3961.contig617	429	12	4
D3961.contig618	428	17	10
D3961.contig619	428	21	4
D3961.contig620	428	14	7
D3961.contig621	426	9	5
D3961.contig622	425	15	3
D3961.contig623	425	11	5
D3961.contig624	424	14	6
D3961.contig625	424	18	4
D3961.contig626	424	22	7
D3961.contig627	423	24	6
D3961.contig628	423	27	7
D3961.contig629	423	18	8
D3961.contig630	423	12	4
D3961.contig631	422	19	5
D3961.contig632	422	10	6
D3961.contig633	422	16	4
D3961.contig634	421	16	6
D3961.contig635	420	11	5
D3961.contig636	420	11	7
D3961.contig637	420	11	6
D3961.contig638	419	12	4
D3961.contig639	418	15	7
D3961.contig640	418	18	6
D3961.contig641	417	53	6
D3961.contig642	417	23	8
D3961.contig643	417	11	3
D3961.contig644	417	12	6
D3961.contig645	416	14	6
D3961.contig646	416	15	7
D3961.contig647	416	15	1
D3961.contig648	416	12	8
D3961.contig649	415	17	6
D3961.contig650	414	24	5
D3961.contig651	414	16	8
D3961.contig652	413	23	4
D3961.contig653	413	10	2
D3961.contig654	413	17	3
D3961.contig655	411	13	7
D3961.contig656	411	19	7
D3961.contig657	411	18	7
D3961.contig658	411	14	6
D3961.contig659	410	23	8
D3961.contig660	409	13	5
D3961.contig661	409	19	8
D3961.contig662	407	10	1
D3961.contig663	407	12	2
D3961.contig664	407	12	6
D3961.contig665	407	25	0
D3961.contig666	406	20	8
D3961.contig667	406	16	7
D3961.contig668	405	14	4
D3961.contig669	404	12	4
D3961.contig670	404	6	4
D3961.contig671	404	22	6
D3961.contig672	403	15	4
D3961.contig673	402	16	8
D3961.contig674	402	21	2
D3961.contig675	402	13	7
D3961.contig676	402	9	1
D3961.contig677	401	13	1
D3961.contig678	401	10	3
D3961.contig679	400	16	1
D3961.contig680	399	17	7
D3961.contig681	398	16	8
D3961.contig682	398	13	8
D3961.contig683	397	14	2
D3961.contig684	397	20	8
D3961.contig685	396	13	5
D3961.contig686	396	9	8
D3961.contig687	396	18	5
D3961.contig688	396	17	13
D3961.contig689	396	15	4
D3961.contig690	396	12	6
D3961.contig691	396	17	6
D3961.contig692	395	13	1
D3961.contig693	395	19	5
D3961.contig694	394	19	4
D3961.contig695	394	21	7
D3961.contig696	393	10	6
D3961.contig697	393	11	5
D3961.contig698	391	18	8
D3961.contig699	390	10	1
D3961.contig700	389	7	5
D3961.contig701	389	9	5
D3961.contig702	389	14	4
D3961.contig703	389	7	3
D3961.contig704	389	21	9
D3961.contig705	388	14	6
D3961.contig706	387	15	5
D3961.contig707	387	14	5
D3961.contig708	386	15	3
D3961.contig709	385	13	7
D3961.contig710	385	14	6
D3961.contig711	385	20	7
D3961.contig712	385	21	0
D3961.contig713	385	13	5
D3961.contig714	384	15	4
D3961.contig715	384	17	9
D3961.contig716	384	11	6
D3961.contig717	384	15	4
D3961.contig718	384	8	4
D3961.contig719	383	12	5
D3961.contig720	383	13	4
D3961.contig721	382	18	0
D3961.contig722	381	10	4
D3961.contig723	381	15	3
D3961.contig724	381	18	5
D3961.contig725	380	19	2
D3961.contig726	380	7	7
D3961.contig727	379	8	4
D3961.contig728	378	14	7
D3961.contig729	378	15	2
D3961.contig730	378	8	1
D3961.contig731	378	19	11
D3961.contig732	378	14	8
D3961.contig733	378	14	3
D3961.contig734	377	12	3
D3961.contig735	377	8	6
D3961.contig736	377	12	8
D3961.contig737	376	8	6
D3961.contig738	376	16	6
D3961.contig739	376	14	3
D3961.contig740	376	17	6
D3961.contig741	375	10	8
D3961.contig742	374	12	2
D3961.contig743	373	13	4
D3961.contig744	372	9	3
D3961.contig745	372	9	3
D3961.contig746	372	9	5
D3961.contig747	371	11	7
D3961.contig748	370	18	5
D3961.contig749	370	10	6
D3961.contig750	370	21	1
D3961.contig751	369	12	8
D3961.contig752	369	7	5
D3961.contig753	369	10	6
D3961.contig754	369	15	6
D3961.contig755	368	7	1
D3961.contig756	368	20	4
D3961.contig757	368	11	7
D3961.contig758	367	7	5
D3961.contig759	367	12	3
D3961.contig760	366	9	3
D3961.contig761	365	16	5
D3961.contig762	365	12	4
D3961.contig763	365	11	7
D3961.contig764	364	9	5
D3961.contig765	364	14	4
D3961.contig766	364	17	9
D3961.contig767	364	13	7
D3961.contig768	363	10	4
D3961.contig769	363	7	7
D3961.contig770	363	15	10
D3961.contig771	361	10	3
D3961.contig772	361	16	3
D3961.contig773	361	10	6
D3961.contig774	360	9	4
D3961.contig775	360	8	5
D3961.contig776	360	8	2
D3961.contig777	360	12	8
D3961.contig778	360	8	1
D3961.contig779	359	11	6
D3961.contig780	359	11	5
D3961.contig781	359	9	4
D3961.contig782	358	9	3
D3961.contig783	358	20	3
D3961.contig784	357	12	6
D3961.contig785	357	12	3
D3961.contig786	357	9	3
D3961.contig787	357	13	3
D3961.contig788	357	12	6
D3961.contig789	356	16	3
D3961.contig790	356	10	2
D3961.contig791	356	13	4
D3961.contig792	355	11	9
D3961.contig793	354	13	7
D3961.contig794	354	13	8
D3961.contig795	354	11	11
D3961.contig796	353	8	2
D3961.contig797	352	17	2
D3961.contig798	352	10	6
D3961.contig799	351	12	8
D3961.contig800	351	9	7
D3961.contig801	351	18	2
D3961.contig802	351	11	5
D3961.contig803	351	12	8
D3961.contig804	350	12	6
D3961.contig805	350	11	4
D3961.contig806	350	11	3
D3961.contig807	349	7	3
D3961.contig808	348	25	10
D3961.contig809	347	22	1
D3961.contig810	347	12	5
D3961.contig811	346	13	4
D3961.contig812	345	10	4
D3961.contig813	344	11	5
D3961.contig814	344	19	3
D3961.contig815	344	9	5
D3961.contig816	344	9	4
D3961.contig817	343	17	6
D3961.contig818	342	11	3
D3961.contig819	342	9	4
D3961.contig820	341	11	1
D3961.contig821	341	19	1
D3961.contig822	340	12	4
D3961.contig823	340	11	7
D3961.contig824	340	12	4
D3961.contig825	339	15	4
D3961.contig826	338	15	3
D3961.contig827	338	13	1
D3961.contig828	338	9	4
D3961.contig829	338	7	5
D3961.contig830	338	11	5
D3961.contig831	337	13	3
D3961.contig832	336	28	6
D3961.contig833	336	19	5
D3961.contig834	336	16	3
D3961.contig835	335	11	3
D3961.contig836	335	19	2
D3961.contig837	335	11	9
D3961.contig838	334	14	3
D3961.contig839	334	16	4
D3961.contig840	333	8	4
D3961.contig841	333	11	7
D3961.contig842	333	18	7
D3961.contig843	333	7	4
D3961.contig844	332	6	6
D3961.contig845	332	6	6
D3961.contig846	331	10	5
D3961.contig847	331	18	6
D3961.contig848	330	11	7
D3961.contig849	330	13	4
D3961.contig850	330	14	1
D3961.contig851	330	8	4
D3961.contig852	329	10	4
D3961.contig853	329	5	5
D3961.contig854	329	5	3
D3961.contig855	328	10	4
D3961.contig856	328	17	10
D3961.contig857	328	9	2
D3961.contig858	328	9	4
D3961.contig859	328	9	2
D3961.contig860	327	8	4
D3961.contig861	327	4	2
D3961.contig862	327	8	3
D3961.contig863	326	8	3
D3961.contig864	326	5	3
D3961.contig865	326	14	8
D3961.contig866	326	7	5
D3961.contig867	325	11	3
D3961.contig868	324	8	4
D3961.contig869	324	7	5
D3961.contig870	324	15	7
D3961.contig871	324	13	5
D3961.contig872	324	13	3
D3961.contig873	324	12	1
D3961.contig874	324	13	5
D3961.contig875	324	18	4
D3961.contig876	323	11	4
D3961.contig877	322	22	2
D3961.contig878	322	14	4
D3961.contig879	322	10	2
D3961.contig880	321	14	6
D3961.contig881	321	8	2
D3961.contig882	321	9	5
D3961.contig883	321	22	6
D3961.contig884	320	14	9
D3961.contig885	320	16	3
D3961.contig886	320	7	5
D3961.contig887	319	11	8
D3961.contig888	319	58	7
D3961.contig889	318	16	5
D3961.contig890	318	12	3
D3961.contig891	317	11	5
D3961.contig892	317	12	11
D3961.contig893	317	7	5
D3961.contig894	317	11	5
D3961.contig895	316	14	9
D3961.contig896	316	7	3
D3961.contig897	315	15	4
D3961.contig898	315	12	3
D3961.contig899	315	8	4
D3961.contig900	315	12	9
D3961.contig901	315	10	3
D3961.contig902	314	8	5
D3961.contig903	314	17	4
D3961.contig904	314	16	8
D3961.contig905	313	7	5
D3961.contig906	313	10	6
D3961.contig907	312	6	6
D3961.contig908	312	11	8
D3961.contig909	312	9	5
D3961.contig910	312	10	4
D3961.contig911	312	6	4
D3961.contig912	312	9	5
D3961.contig913	312	10	4
D3961.contig914	311	12	5
D3961.contig915	311	10	7
D3961.contig916	311	12	6
D3961.contig917	310	11	3
D3961.contig918	310	20	2
D3961.contig919	310	17	5
D3961.contig920	309	7	5
D3961.contig921	309	15	2
D3961.contig922	309	18	3
D3961.contig923	309	13	8
D3961.contig924	308	8	6
D3961.contig925	308	9	5
D3961.contig926	307	7	5
D3961.contig927	307	6	3
D3961.contig928	307	8	4
D3961.contig929	306	11	9
D3961.contig930	306	14	5
D3961.contig931	306	9	2
D3961.contig932	306	13	10
D3961.contig933	306	10	4
D3961.contig934	305	8	3
D3961.contig935	305	12	4
D3961.contig936	305	6	3
D3961.contig937	305	17	8
D3961.contig938	305	24	5
D3961.contig939	305	8	3
D3961.contig940	304	66	13
D3961.contig941	304	5	3
D3961.contig942	304	9	7
D3961.contig943	304	12	2
D3961.contig944	304	8	2
D3961.contig945	304	7	5
D3961.contig946	304	12	1
D3961.contig947	304	11	6
D3961.contig948	304	7	4
D3961.contig949	303	5	3
D3961.contig950	303	11	6
D3961.contig951	303	10	1
D3961.contig952	303	13	2
D3961.contig953	302	6	4
D3961.contig954	302	11	4
D3961.contig955	302	12	4
D3961.contig956	302	14	4
D3961.contig957	302	6	5
D3961.contig958	301	12	2
D3961.contig959	301	12	5
D3961.contig960	301	10	1
D3961.contig961	301	7	2
D3961.contig962	300	4	2
*	0	0	86882
