D4001.contig1	96575	3731271	95425
D4001.contig2	61100	1235161	30875
D4001.contig3	60308	478683	10825
D4001.contig4	58844	51959	917
D4001.contig5	48413	42240	970
D4001.contig6	43691	198258	4309
D4001.contig7	41356	77493	1761
D4001.contig8	41186	203224	3616
D4001.contig9	39089	18693	452
D4001.contig10	37227	900011	24672
D4001.contig11	27273	15628	309
D4001.contig12	27206	29628	713
D4001.contig13	22968	62840	1542
D4001.contig14	22715	293740	6839
D4001.contig15	20401	19468	471
D4001.contig16	19161	15047	342
D4001.contig17	18675	5297	132
D4001.contig18	17734	97754	1824
D4001.contig19	17481	3539	87
D4001.contig20	17411	173663	4497
D4001.contig21	16541	100170	2300
D4001.contig22	16429	9719	240
D4001.contig23	15542	32108	907
D4001.contig24	11864	2133	48
D4001.contig25	11850	10516	200
D4001.contig26	11375	120029	3075
D4001.contig27	11349	2869	70
D4001.contig28	11009	1485	27
D4001.contig29	10593	3382	120
D4001.contig30	10438	2162	57
D4001.contig31	10028	1780	37
D4001.contig32	9245	1243	23
D4001.contig33	8484	778987	11217
D4001.contig34	7284	30127	363
D4001.contig35	7191	1062	22
D4001.contig36	6432	2035	28
D4001.contig37	6371	554785	8324
D4001.contig38	6049	10620	312
D4001.contig39	5967	784	22
D4001.contig40	5780	489	13
D4001.contig41	5747	66432	1669
D4001.contig42	5717	36364	924
D4001.contig43	5532	1042	34
D4001.contig44	5442	1392	42
D4001.contig45	5225	702	28
D4001.contig46	5193	505	16
D4001.contig47	5074	2151	33
D4001.contig48	4966	604	14
D4001.contig49	4784	699	17
D4001.contig50	4614	893	29
D4001.contig51	4416	438	16
D4001.contig52	4289	57356	668
D4001.contig53	4182	611	14
D4001.contig54	4153	472	21
D4001.contig55	4039	9004	197
D4001.contig56	3731	6311	309
D4001.contig57	3467	386	20
D4001.contig58	3358	20643	464
D4001.contig59	3334	29124	814
D4001.contig60	3309	511	13
D4001.contig61	3255	639	13
D4001.contig62	3248	307	14
D4001.contig63	3225	3645	105
D4001.contig64	3205	300	23
D4001.contig65	3178	407	23
D4001.contig66	3130	4549	120
D4001.contig67	2869	666	27
D4001.contig68	2821	218	13
D4001.contig69	2784	270	7
D4001.contig70	2776	231	9
D4001.contig71	2757	156	8
D4001.contig72	2739	297	15
D4001.contig73	2731	159	15
D4001.contig74	2725	157	17
D4001.contig75	2723	673	24
D4001.contig76	2714	302	8
D4001.contig77	2687	735	25
D4001.contig78	2671	922	5
D4001.contig79	2669	187	6
D4001.contig80	2667	441	18
D4001.contig81	2636	927	11
D4001.contig82	2595	542	7
D4001.contig83	2470	194	5
D4001.contig84	2427	206	10
D4001.contig85	2400	220	11
D4001.contig86	2313	179	11
D4001.contig87	2299	160	12
D4001.contig88	2291	153	9
D4001.contig89	2260	290	13
D4001.contig90	2251	190	12
D4001.contig91	2193	141929	1994
D4001.contig92	2148	247	11
D4001.contig93	2117	148	14
D4001.contig94	2105	155	6
D4001.contig95	2082	153	14
D4001.contig96	2041	4609	147
D4001.contig97	2017	204	22
D4001.contig98	1961	196	7
D4001.contig99	1956	159	14
D4001.contig100	1943	175	6
D4001.contig101	1911	113	4
D4001.contig102	1888	141	8
D4001.contig103	1872	3257	119
D4001.contig104	1830	153	15
D4001.contig105	1809	95	9
D4001.contig106	1800	6621	43
D4001.contig107	1788	117	14
D4001.contig108	1785	214	22
D4001.contig109	1780	167	17
D4001.contig110	1716	161	4
D4001.contig111	1684	81	7
D4001.contig112	1668	130	14
D4001.contig113	1662	104	9
D4001.contig114	1659	100	18
D4001.contig115	1636	173	19
D4001.contig116	1615	136	11
D4001.contig117	1608	134	19
D4001.contig118	1603	107	5
D4001.contig119	1600	101	11
D4001.contig120	1586	74	5
D4001.contig121	1578	83	11
D4001.contig122	1576	160	6
D4001.contig123	1571	85	17
D4001.contig124	1566	85	7
D4001.contig125	1565	102	5
D4001.contig126	1559	147	5
D4001.contig127	1541	92	9
D4001.contig128	1514	120	4
D4001.contig129	1513	128	10
D4001.contig130	1506	88	6
D4001.contig131	1488	113	22
D4001.contig132	1479	85	8
D4001.contig133	1468	1350	13
D4001.contig134	1448	132	14
D4001.contig135	1437	90	9
D4001.contig136	1431	73	4
D4001.contig137	1425	63	5
D4001.contig138	1417	130	7
D4001.contig139	1413	763	18
D4001.contig140	1387	82	7
D4001.contig141	1378	89	10
D4001.contig142	1368	87	8
D4001.contig143	1366	6613	163
D4001.contig144	1363	194	9
D4001.contig145	1349	1919	18
D4001.contig146	1345	67	5
D4001.contig147	1344	71	11
D4001.contig148	1340	79	4
D4001.contig149	1324	89	11
D4001.contig150	1322	91	4
D4001.contig151	1311	604	38
D4001.contig152	1311	81	7
D4001.contig153	1306	92	7
D4001.contig154	1291	71	8
D4001.contig155	1256	60	10
D4001.contig156	1239	57	15
D4001.contig157	1239	98	7
D4001.contig158	1232	87	15
D4001.contig159	1217	65	9
D4001.contig160	1217	69	7
D4001.contig161	1216	62	6
D4001.contig162	1214	71	14
D4001.contig163	1213	62	5
D4001.contig164	1192	39	9
D4001.contig165	1183	89	6
D4001.contig166	1180	65	12
D4001.contig167	1178	246	10
D4001.contig168	1170	134	6
D4001.contig169	1168	98	5
D4001.contig170	1167	131	11
D4001.contig171	1163	103	4
D4001.contig172	1162	93	9
D4001.contig173	1158	68	6
D4001.contig174	1155	80	12
D4001.contig175	1153	149	17
D4001.contig176	1146	56	7
D4001.contig177	1144	82	14
D4001.contig178	1144	75	13
D4001.contig179	1132	67	6
D4001.contig180	1128	60	6
D4001.contig181	1122	55	19
D4001.contig182	1117	67	3
D4001.contig183	1104	52	4
D4001.contig184	1101	73	14
D4001.contig185	1101	54	8
D4001.contig186	1082	51	6
D4001.contig187	1079	65	5
D4001.contig188	1078	49	5
D4001.contig189	1077	64	5
D4001.contig190	1069	99	5
D4001.contig191	1068	69	6
D4001.contig192	1066	78	13
D4001.contig193	1064	45	8
D4001.contig194	1060	1285	7
D4001.contig195	1058	46	12
D4001.contig196	1054	46	10
D4001.contig197	1053	64	5
D4001.contig198	1046	86	9
D4001.contig199	1039	2626	23
D4001.contig200	1034	42	10
D4001.contig201	1030	72	14
D4001.contig202	1028	43	6
D4001.contig203	1023	76	10
D4001.contig204	1019	73	9
D4001.contig205	1015	61	7
D4001.contig206	1013	62	16
D4001.contig207	1008	192	11
D4001.contig208	1006	46	7
D4001.contig209	999	60	7
D4001.contig210	997	63	10
D4001.contig211	991	96	7
D4001.contig212	987	74	2
D4001.contig213	987	109	3
D4001.contig214	983	40	17
D4001.contig215	981	55	11
D4001.contig216	980	43	6
D4001.contig217	973	50	6
D4001.contig218	970	42	7
D4001.contig219	969	76	16
D4001.contig220	966	61	9
D4001.contig221	965	50	10
D4001.contig222	951	68	11
D4001.contig223	949	62	16
D4001.contig224	943	21	7
D4001.contig225	938	64	10
D4001.contig226	936	58	4
D4001.contig227	932	51	6
D4001.contig228	930	73	5
D4001.contig229	928	40	8
D4001.contig230	927	54	5
D4001.contig231	921	36	1
D4001.contig232	914	39	15
D4001.contig233	910	49	3
D4001.contig234	909	35	7
D4001.contig235	905	67	8
D4001.contig236	904	42	6
D4001.contig237	901	45	10
D4001.contig238	894	65	11
D4001.contig239	892	34	10
D4001.contig240	889	67	6
D4001.contig241	879	45	8
D4001.contig242	874	53	4
D4001.contig243	870	36	12
D4001.contig244	868	47	8
D4001.contig245	867	132	9
D4001.contig246	865	32	12
D4001.contig247	857	65	7
D4001.contig248	856	76	6
D4001.contig249	847	50	3
D4001.contig250	846	60	3
D4001.contig251	845	56	2
D4001.contig252	844	63	4
D4001.contig253	843	49	7
D4001.contig254	838	58	13
D4001.contig255	837	51	9
D4001.contig256	836	41	7
D4001.contig257	834	50	6
D4001.contig258	832	49	6
D4001.contig259	827	65	9
D4001.contig260	827	58	3
D4001.contig261	826	46	2
D4001.contig262	826	40	4
D4001.contig263	826	65	3
D4001.contig264	822	62	8
D4001.contig265	816	70	4
D4001.contig266	813	40	10
D4001.contig267	812	32	5
D4001.contig268	811	36	6
D4001.contig269	801	30	5
D4001.contig270	799	41	9
D4001.contig271	798	53	6
D4001.contig272	796	43	9
D4001.contig273	795	62	12
D4001.contig274	793	40	10
D4001.contig275	793	38	6
D4001.contig276	792	49	8
D4001.contig277	779	48	7
D4001.contig278	779	33	7
D4001.contig279	779	38	6
D4001.contig280	778	65	5
D4001.contig281	777	32	10
D4001.contig282	772	32	9
D4001.contig283	771	29	5
D4001.contig284	771	29	5
D4001.contig285	771	47	5
D4001.contig286	769	31	7
D4001.contig287	766	36	7
D4001.contig288	760	29	2
D4001.contig289	759	37	8
D4001.contig290	755	47	5
D4001.contig291	755	48	14
D4001.contig292	752	32	14
D4001.contig293	749	47	12
D4001.contig294	749	31	7
D4001.contig295	743	35	6
D4001.contig296	742	22	8
D4001.contig297	739	41	8
D4001.contig298	734	48	6
D4001.contig299	733	50	17
D4001.contig300	724	53	4
D4001.contig301	724	22	6
D4001.contig302	723	22	5
D4001.contig303	722	32	13
D4001.contig304	720	33	6
D4001.contig305	719	27	8
D4001.contig306	715	55	10
D4001.contig307	715	42	4
D4001.contig308	710	34	6
D4001.contig309	708	32	8
D4001.contig310	702	26	8
D4001.contig311	699	26	12
D4001.contig312	695	33	3
D4001.contig313	693	36	7
D4001.contig314	692	36	6
D4001.contig315	689	19	4
D4001.contig316	684	19	7
D4001.contig317	684	62	4
D4001.contig318	682	40	2
D4001.contig319	673	31	6
D4001.contig320	672	35	1
D4001.contig321	671	55	6
D4001.contig322	668	30	3
D4001.contig323	662	25	8
D4001.contig324	662	25	3
D4001.contig325	661	47	8
D4001.contig326	661	28	5
D4001.contig327	660	35	7
D4001.contig328	660	23	8
D4001.contig329	659	34	3
D4001.contig330	657	40	3
D4001.contig331	655	50	2
D4001.contig332	653	22	6
D4001.contig333	653	19	6
D4001.contig334	651	41	4
D4001.contig335	649	40	5
D4001.contig336	647	31	4
D4001.contig337	647	33	6
D4001.contig338	646	27	5
D4001.contig339	646	25	5
D4001.contig340	644	25	6
D4001.contig341	643	20	8
D4001.contig342	642	33	11
D4001.contig343	638	22	2
D4001.contig344	638	46	4
D4001.contig345	633	22	8
D4001.contig346	632	38	5
D4001.contig347	631	36	7
D4001.contig348	628	28	4
D4001.contig349	624	47	5
D4001.contig350	623	33	7
D4001.contig351	621	17	5
D4001.contig352	617	41	6
D4001.contig353	616	928	32
D4001.contig354	615	25	7
D4001.contig355	614	35	9
D4001.contig356	613	30	4
D4001.contig357	612	25	8
D4001.contig358	611	18	8
D4001.contig359	609	36	5
D4001.contig360	608	40	12
D4001.contig361	606	27	11
D4001.contig362	605	16	9
D4001.contig363	605	13	5
D4001.contig364	604	38	15
D4001.contig365	603	26	5
D4001.contig366	602	20	8
D4001.contig367	601	28	6
D4001.contig368	599	25	11
D4001.contig369	599	35	3
D4001.contig370	598	38	6
D4001.contig371	598	28	9
D4001.contig372	597	24	4
D4001.contig373	594	81	3
D4001.contig374	592	961	8
D4001.contig375	592	26	11
D4001.contig376	590	25	3
D4001.contig377	590	21	7
D4001.contig378	588	35	8
D4001.contig379	587	214	18
D4001.contig380	584	29	4
D4001.contig381	583	25	5
D4001.contig382	582	27	6
D4001.contig383	582	28	9
D4001.contig384	582	28	3
D4001.contig385	580	19	7
D4001.contig386	579	26	7
D4001.contig387	579	23	7
D4001.contig388	579	32	11
D4001.contig389	577	21	6
D4001.contig390	576	40	5
D4001.contig391	576	33	5
D4001.contig392	575	25	5
D4001.contig393	573	45	5
D4001.contig394	570	22	8
D4001.contig395	568	31	12
D4001.contig396	567	21	3
D4001.contig397	566	19	5
D4001.contig398	565	16	8
D4001.contig399	565	17	14
D4001.contig400	562	20	8
D4001.contig401	562	28	5
D4001.contig402	561	16	4
D4001.contig403	559	28	12
D4001.contig404	556	22	9
D4001.contig405	554	25	10
D4001.contig406	553	23	2
D4001.contig407	553	30	11
D4001.contig408	553	15	6
D4001.contig409	552	125	20
D4001.contig410	551	12	8
D4001.contig411	550	25	8
D4001.contig412	549	19	7
D4001.contig413	548	25	8
D4001.contig414	547	19	7
D4001.contig415	545	23	3
D4001.contig416	545	44	5
D4001.contig417	542	30	4
D4001.contig418	542	14	7
D4001.contig419	541	22	9
D4001.contig420	538	19	4
D4001.contig421	537	30	2
D4001.contig422	537	41	19
D4001.contig423	536	9	8
D4001.contig424	535	12	4
D4001.contig425	534	22	7
D4001.contig426	533	18	8
D4001.contig427	532	33	7
D4001.contig428	529	20	9
D4001.contig429	529	20	4
D4001.contig430	526	17	6
D4001.contig431	526	21	9
D4001.contig432	526	25	5
D4001.contig433	526	565	15
D4001.contig434	524	28	7
D4001.contig435	524	33	5
D4001.contig436	523	21	4
D4001.contig437	523	15	3
D4001.contig438	523	13	5
D4001.contig439	522	22	12
D4001.contig440	521	13	7
D4001.contig441	519	20	4
D4001.contig442	518	19	10
D4001.contig443	517	23	7
D4001.contig444	517	14	6
D4001.contig445	516	21	6
D4001.contig446	516	35	8
D4001.contig447	516	31	4
D4001.contig448	516	29	11
D4001.contig449	515	4936	58
D4001.contig450	514	14	8
D4001.contig451	513	19	11
D4001.contig452	513	23	7
D4001.contig453	512	19	7
D4001.contig454	512	16	5
D4001.contig455	512	17	6
D4001.contig456	512	21	7
D4001.contig457	511	26	9
D4001.contig458	511	46	6
D4001.contig459	510	40	10
D4001.contig460	510	17	9
D4001.contig461	508	18	5
D4001.contig462	508	9	5
D4001.contig463	507	16	6
D4001.contig464	507	18	3
D4001.contig465	505	23	8
D4001.contig466	504	18	8
D4001.contig467	504	38	5
D4001.contig468	504	27	8
D4001.contig469	502	14	10
D4001.contig470	502	24	9
D4001.contig471	502	18	6
D4001.contig472	502	25	7
D4001.contig473	501	19	10
D4001.contig474	501	18	6
D4001.contig475	501	28	12
D4001.contig476	501	497	10
D4001.contig477	501	18	5
D4001.contig478	500	23	9
D4001.contig479	500	23	12
D4001.contig480	500	27	11
D4001.contig481	498	33	7
D4001.contig482	498	21	5
D4001.contig483	498	19	5
D4001.contig484	497	28	12
D4001.contig485	497	30	3
D4001.contig486	496	23	9
D4001.contig487	496	16	3
D4001.contig488	496	18	6
D4001.contig489	495	906	22
D4001.contig490	495	1030	17
D4001.contig491	495	23	3
D4001.contig492	494	16	7
D4001.contig493	491	30	9
D4001.contig494	490	14	6
D4001.contig495	490	24	5
D4001.contig496	489	22	10
D4001.contig497	488	18	6
D4001.contig498	487	17	4
D4001.contig499	487	24	8
D4001.contig500	486	26	1
D4001.contig501	486	32	10
D4001.contig502	485	35	9
D4001.contig503	484	11	11
D4001.contig504	483	14	4
D4001.contig505	482	54	4
D4001.contig506	480	24	14
D4001.contig507	479	26	11
D4001.contig508	479	14	4
D4001.contig509	478	17	9
D4001.contig510	476	26	8
D4001.contig511	476	35	1
D4001.contig512	475	25	1
D4001.contig513	475	12	7
D4001.contig514	475	18	8
D4001.contig515	475	12	5
D4001.contig516	472	15	5
D4001.contig517	470	19	5
D4001.contig518	470	22	7
D4001.contig519	469	9700	528
D4001.contig520	468	21	9
D4001.contig521	468	15	8
D4001.contig522	467	27	11
D4001.contig523	467	12	4
D4001.contig524	467	17	9
D4001.contig525	466	360	4
D4001.contig526	466	20	7
D4001.contig527	465	14	5
D4001.contig528	465	14	9
D4001.contig529	464	18	6
D4001.contig530	464	23	4
D4001.contig531	463	21	11
D4001.contig532	463	18	5
D4001.contig533	463	20	0
D4001.contig534	462	16	7
D4001.contig535	461	13	12
D4001.contig536	460	15	6
D4001.contig537	459	15	7
D4001.contig538	459	1754	48
D4001.contig539	457	19	7
D4001.contig540	457	21	1
D4001.contig541	456	27	3
D4001.contig542	454	13	9
D4001.contig543	454	24	5
D4001.contig544	454	14	8
D4001.contig545	453	11	5
D4001.contig546	453	19	5
D4001.contig547	453	19	7
D4001.contig548	451	10	4
D4001.contig549	449	29	17
D4001.contig550	448	9	5
D4001.contig551	448	20	2
D4001.contig552	448	21	3
D4001.contig553	447	20	4
D4001.contig554	446	9	7
D4001.contig555	446	39	12
D4001.contig556	446	12	10
D4001.contig557	446	12	4
D4001.contig558	445	14	5
D4001.contig559	444	26	7
D4001.contig560	444	24	9
D4001.contig561	444	13	7
D4001.contig562	443	15	7
D4001.contig563	443	38	2
D4001.contig564	441	8	2
D4001.contig565	441	1215	35
D4001.contig566	441	29	1
D4001.contig567	441	27	7
D4001.contig568	441	16	4
D4001.contig569	439	18	7
D4001.contig570	439	8	6
D4001.contig571	439	17	2
D4001.contig572	438	9	5
D4001.contig573	438	14	6
D4001.contig574	437	23	13
D4001.contig575	437	22	4
D4001.contig576	436	11	7
D4001.contig577	436	18	10
D4001.contig578	435	17	5
D4001.contig579	435	17	11
D4001.contig580	434	20	6
D4001.contig581	434	19	3
D4001.contig582	434	18	10
D4001.contig583	434	21	15
D4001.contig584	434	14	7
D4001.contig585	434	99	7
D4001.contig586	433	16	2
D4001.contig587	432	17	6
D4001.contig588	432	14	5
D4001.contig589	432	14	8
D4001.contig590	430	6	0
D4001.contig591	429	15	5
D4001.contig592	429	15	6
D4001.contig593	428	8	4
D4001.contig594	428	22	5
D4001.contig595	428	26	6
D4001.contig596	427	19	11
D4001.contig597	427	13	7
D4001.contig598	427	15	3
D4001.contig599	427	16	1
D4001.contig600	426	14	0
D4001.contig601	425	13	7
D4001.contig602	425	14	3
D4001.contig603	424	11	3
D4001.contig604	424	13	5
D4001.contig605	423	22	8
D4001.contig606	423	15	7
D4001.contig607	423	19	4
D4001.contig608	423	10	2
D4001.contig609	421	13	4
D4001.contig610	420	19	7
D4001.contig611	419	14	4
D4001.contig612	419	12	4
D4001.contig613	418	13	5
D4001.contig614	417	20	7
D4001.contig615	417	16	7
D4001.contig616	417	16	7
D4001.contig617	416	13	2
D4001.contig618	416	24	16
D4001.contig619	415	13	5
D4001.contig620	415	23	3
D4001.contig621	415	20	4
D4001.contig622	415	18	9
D4001.contig623	414	8	4
D4001.contig624	413	8	5
D4001.contig625	413	12	2
D4001.contig626	412	14	6
D4001.contig627	412	10	7
D4001.contig628	411	24	9
D4001.contig629	411	22	3
D4001.contig630	411	10	5
D4001.contig631	411	28	8
D4001.contig632	410	15	11
D4001.contig633	409	15	9
D4001.contig634	408	17	7
D4001.contig635	408	20	9
D4001.contig636	408	677	14
D4001.contig637	407	15	4
D4001.contig638	407	20	8
D4001.contig639	406	8	6
D4001.contig640	406	7	3
D4001.contig641	406	8	2
D4001.contig642	405	9	4
D4001.contig643	405	10	6
D4001.contig644	405	28	2
D4001.contig645	404	13	9
D4001.contig646	404	17	5
D4001.contig647	403	15	9
D4001.contig648	403	14	6
D4001.contig649	403	27	5
D4001.contig650	403	7	4
D4001.contig651	402	20	11
D4001.contig652	401	12	5
D4001.contig653	401	9	5
D4001.contig654	400	17	8
D4001.contig655	400	28	3
D4001.contig656	399	8	2
D4001.contig657	399	18	13
D4001.contig658	399	15	3
D4001.contig659	399	18	10
D4001.contig660	399	394	8
D4001.contig661	398	16	6
D4001.contig662	398	18	10
D4001.contig663	398	15	8
D4001.contig664	398	14	5
D4001.contig665	398	35	7
D4001.contig666	398	19	6
D4001.contig667	398	16	14
D4001.contig668	396	11	7
D4001.contig669	396	10	5
D4001.contig670	396	14	11
D4001.contig671	396	17	4
D4001.contig672	396	12	6
D4001.contig673	396	20	7
D4001.contig674	395	10	3
D4001.contig675	395	28	9
D4001.contig676	395	11	6
D4001.contig677	394	18	6
D4001.contig678	394	13	7
D4001.contig679	394	10	7
D4001.contig680	393	16	3
D4001.contig681	392	12	6
D4001.contig682	392	15	5
D4001.contig683	392	10	8
D4001.contig684	391	15	6
D4001.contig685	391	16	6
D4001.contig686	391	11	5
D4001.contig687	390	15	6
D4001.contig688	390	12	2
D4001.contig689	389	4	1
D4001.contig690	388	14	5
D4001.contig691	388	22	8
D4001.contig692	387	17	3
D4001.contig693	387	11	2
D4001.contig694	387	12	2
D4001.contig695	386	10	1
D4001.contig696	386	10	6
D4001.contig697	386	12	4
D4001.contig698	384	9	2
D4001.contig699	383	18	14
D4001.contig700	383	11	5
D4001.contig701	382	9	5
D4001.contig702	382	14	5
D4001.contig703	382	13	6
D4001.contig704	381	13	5
D4001.contig705	381	10	5
D4001.contig706	380	17	7
D4001.contig707	380	5	5
D4001.contig708	379	9	7
D4001.contig709	379	13	7
D4001.contig710	379	10	4
D4001.contig711	379	13	6
D4001.contig712	378	17	5
D4001.contig713	377	18	7
D4001.contig714	376	8	2
D4001.contig715	375	12	6
D4001.contig716	374	15	7
D4001.contig717	374	13	6
D4001.contig718	374	323	19
D4001.contig719	374	6	3
D4001.contig720	374	18	0
D4001.contig721	373	17	4
D4001.contig722	373	14	4
D4001.contig723	372	13	5
D4001.contig724	372	13	9
D4001.contig725	371	10	3
D4001.contig726	370	12	5
D4001.contig727	370	15	6
D4001.contig728	370	8	4
D4001.contig729	370	16	6
D4001.contig730	369	9	5
D4001.contig731	369	10	6
D4001.contig732	369	12	7
D4001.contig733	368	7	5
D4001.contig734	368	9	7
D4001.contig735	368	7	1
D4001.contig736	368	10	3
D4001.contig737	368	9	7
D4001.contig738	368	14	7
D4001.contig739	368	10	6
D4001.contig740	367	98	6
D4001.contig741	367	8	4
D4001.contig742	366	15	7
D4001.contig743	364	16	3
D4001.contig744	364	10	2
D4001.contig745	364	7	7
D4001.contig746	363	16	10
D4001.contig747	362	16	3
D4001.contig748	362	26	0
D4001.contig749	361	8	4
D4001.contig750	361	7	7
D4001.contig751	361	17	3
D4001.contig752	361	16	0
D4001.contig753	361	19	5
D4001.contig754	360	769	22
D4001.contig755	360	1570	65
D4001.contig756	360	16	4
D4001.contig757	360	14	8
D4001.contig758	359	13	9
D4001.contig759	358	12	4
D4001.contig760	358	7	3
D4001.contig761	357	13	5
D4001.contig762	357	10	6
D4001.contig763	356	14	6
D4001.contig764	356	15	7
D4001.contig765	356	7	3
D4001.contig766	356	16	2
D4001.contig767	356	9	7
D4001.contig768	355	10	8
D4001.contig769	355	5	5
D4001.contig770	355	12	8
D4001.contig771	354	7	5
D4001.contig772	354	17	4
D4001.contig773	354	18	3
D4001.contig774	354	20	6
D4001.contig775	353	14	4
D4001.contig776	352	15	5
D4001.contig777	352	13	9
D4001.contig778	351	13	5
D4001.contig779	351	11	3
D4001.contig780	349	9	5
D4001.contig781	349	15	3
D4001.contig782	349	10	6
D4001.contig783	348	12	7
D4001.contig784	348	11	3
D4001.contig785	348	9	5
D4001.contig786	347	8	5
D4001.contig787	347	17	3
D4001.contig788	347	10	8
D4001.contig789	347	15	7
D4001.contig790	346	12	5
D4001.contig791	346	9	7
D4001.contig792	344	16	8
D4001.contig793	344	16	3
D4001.contig794	344	8	6
D4001.contig795	344	7	2
D4001.contig796	344	16	5
D4001.contig797	343	13	5
D4001.contig798	343	11	5
D4001.contig799	343	7	5
D4001.contig800	343	14	6
D4001.contig801	343	11	5
D4001.contig802	343	9	4
D4001.contig803	342	9	7
D4001.contig804	342	7	7
D4001.contig805	342	16	9
D4001.contig806	342	5	3
D4001.contig807	342	11	6
D4001.contig808	340	13	8
D4001.contig809	340	9	0
D4001.contig810	340	7	7
D4001.contig811	340	7	5
D4001.contig812	339	8	6
D4001.contig813	339	7	3
D4001.contig814	337	11	3
D4001.contig815	337	7	5
D4001.contig816	336	13	9
D4001.contig817	336	12	3
D4001.contig818	336	10	4
D4001.contig819	336	9	5
D4001.contig820	336	8	4
D4001.contig821	336	8	6
D4001.contig822	335	9	3
D4001.contig823	335	7	5
D4001.contig824	335	13	5
D4001.contig825	335	9	1
D4001.contig826	335	9	7
D4001.contig827	335	9	7
D4001.contig828	334	17	6
D4001.contig829	334	12	3
D4001.contig830	334	23	5
D4001.contig831	334	14	4
D4001.contig832	333	13	3
D4001.contig833	333	9	4
D4001.contig834	333	9	5
D4001.contig835	332	6	4
D4001.contig836	332	9	2
D4001.contig837	332	12	5
D4001.contig838	332	15	7
D4001.contig839	332	10	4
D4001.contig840	332	12	2
D4001.contig841	331	13	6
D4001.contig842	331	10	6
D4001.contig843	331	569	11
D4001.contig844	330	9	6
D4001.contig845	330	13	7
D4001.contig846	329	6	6
D4001.contig847	329	15	4
D4001.contig848	328	6	5
D4001.contig849	328	8	4
D4001.contig850	328	15	0
D4001.contig851	328	8	4
D4001.contig852	327	13	4
D4001.contig853	327	5	1
D4001.contig854	327	12	5
D4001.contig855	327	9	4
D4001.contig856	327	889	27
D4001.contig857	326	9	7
D4001.contig858	326	9	5
D4001.contig859	325	8	4
D4001.contig860	325	11	3
D4001.contig861	324	22	2
D4001.contig862	324	15	5
D4001.contig863	324	11	5
D4001.contig864	324	15	5
D4001.contig865	324	12	5
D4001.contig866	324	7	5
D4001.contig867	323	8	6
D4001.contig868	323	11	5
D4001.contig869	322	8	4
D4001.contig870	322	17	6
D4001.contig871	322	15	9
D4001.contig872	321	9	5
D4001.contig873	321	19	5
D4001.contig874	321	6	4
D4001.contig875	321	7	7
D4001.contig876	321	7	2
D4001.contig877	320	17	8
D4001.contig878	320	6	4
D4001.contig879	320	8	6
D4001.contig880	320	12	8
D4001.contig881	320	12	2
D4001.contig882	319	14	6
D4001.contig883	319	6	4
D4001.contig884	319	12	1
D4001.contig885	319	7	7
D4001.contig886	319	8	6
D4001.contig887	318	7	5
D4001.contig888	318	14	7
D4001.contig889	317	10	2
D4001.contig890	317	11	7
D4001.contig891	317	4	2
D4001.contig892	316	24	4
D4001.contig893	316	13	4
D4001.contig894	316	15	4
D4001.contig895	316	595	37
D4001.contig896	316	5	3
D4001.contig897	315	5	5
D4001.contig898	315	5	3
D4001.contig899	315	9	2
D4001.contig900	315	8	7
D4001.contig901	315	8	4
D4001.contig902	314	12	1
D4001.contig903	314	5	5
D4001.contig904	314	11	7
D4001.contig905	314	7	5
D4001.contig906	313	6	4
D4001.contig907	313	13	3
D4001.contig908	313	14	1
D4001.contig909	313	7	2
D4001.contig910	313	6	4
D4001.contig911	313	8	5
D4001.contig912	311	14	6
D4001.contig913	310	14	6
D4001.contig914	310	5	2
D4001.contig915	309	9	3
D4001.contig916	309	11	3
D4001.contig917	309	7	6
D4001.contig918	309	6	4
D4001.contig919	308	10	3
D4001.contig920	308	5	5
D4001.contig921	308	17	2
D4001.contig922	308	8	8
D4001.contig923	308	3	3
D4001.contig924	308	7	5
D4001.contig925	308	1236	42
D4001.contig926	308	8	4
D4001.contig927	307	9	7
D4001.contig928	307	7	3
D4001.contig929	306	7	7
D4001.contig930	306	6	6
D4001.contig931	306	12	5
D4001.contig932	306	9	4
D4001.contig933	305	5	3
D4001.contig934	305	16	3
D4001.contig935	305	7	7
D4001.contig936	304	10	4
D4001.contig937	304	6	2
D4001.contig938	304	7	3
D4001.contig939	303	15	12
D4001.contig940	303	8	4
D4001.contig941	303	12	4
D4001.contig942	303	15	2
D4001.contig943	303	9	5
D4001.contig944	303	8	6
D4001.contig945	303	8	4
D4001.contig946	303	8	6
D4001.contig947	303	7	2
D4001.contig948	302	6	6
D4001.contig949	302	6	4
D4001.contig950	302	10	8
D4001.contig951	302	9	7
D4001.contig952	302	7	3
D4001.contig953	301	10	6
D4001.contig954	301	5	5
D4001.contig955	301	13	4
D4001.contig956	301	14	5
D4001.contig957	301	10	6
D4001.contig958	301	11	5
D4001.contig959	300	6	6
*	0	0	85056
